Temp_ID Permanent_ID Mutation_type Position s h Subpop Tick Number
1060 0 m2 98 -1.66544452e-11 0.5 p-1 -1621998 9
1172 1 m2 2398 1.82830945e-06 0.5 p-1 -40914 4
689 2 m2 2756 0.000280979293 0.5 p-1 -1044415 79
1223 3 m2 3714 0.000875794038 0.5 p-1 -29350 7
1264 4 m2 3747 -0.0001957723 0.5 p-1 -8121 1
1028 5 m2 3867 -1.06731004e-05 0.5 p-1 -26806 6
1204 7 m2 7210 -1.61049702e-05 0.5 p-1 -42194 6
1265 8 m2 8508 0.00972293038 0.5 p-1 -52166 2
896 9 m2 8616 -9.40517857e-05 0.5 p-1 -1987 8
376 10 m2 8962 -0.0174707007 0.5 p-1 -462390 175
760 11 m2 9699 0.00150822022 0.5 p-1 -20709 7
660 12 m2 10014 0.0418027155 0.5 p-1 -135844 29
1177 13 m2 10181 -0.0408674255 0.5 p-1 -2640 4
2 14 m2 10246 -0.0105089713 0.5 p-1 -2844638 1514
204 15 m2 10734 0.015178415 0.5 p-1 -15606 22
443 16 m2 11022 -0.00130125519 0.5 p-1 -169693 169
1114 17 m2 11319 1.21646747e-06 0.5 p-1 -72757 10
296 18 m2 11352 -0.000694300979 0.5 p-1 -54220 70
682 19 m2 13574 0.00145053421 0.5 p-1 -228106 23
1044 20 m2 17827 0.00408758037 0.5 p-1 -34536 19
961 21 m2 18306 -0.003164066 0.5 p-1 -16146 17
1317 24 m2 19166 -0.0150107872 0.5 p-1 -8623 2
465 25 m2 20139 -9.07884683e-08 0.5 p-1 -867780 26
593 26 m2 21623 0.00115661672 0.5 p-1 -3465144 475
4 28 m2 23793 -0.000527168042 0.5 p-1 -2347923 916
627 30 m2 25493 -0.0170601346 0.5 p-1 -7599 6
1272 31 m2 26573 0.00300325872 0.5 p-1 -12421 6
781 33 m2 27897 0.00130499294 0.5 p-1 -4028 4
378 34 m2 27955 -0.000171008098 0.5 p-1 -1052777 324
7 35 m2 28311 0.00117712561 0.5 p-1 -4565224 650
8 36 m2 28355 0.0749473795 0.5 p-1 -4853538 1277
9 37 m2 28747 -0.000951936119 0.5 p-1 -522486 441
797 38 m2 28764 -0.00330344657 0.5 p-1 -381161 34
1115 39 m2 29424 -0.000728421554 0.5 p-1 -32393 10
379 40 m2 30968 2.33659248e-05 0.5 p-1 -1047971 173
444 41 m2 31129 0.000141812372 0.5 p-1 -406292 210
380 42 m2 31830 0.000913557305 0.5 p-1 -320987 10
740 43 m2 31924 0.00546649797 0.5 p-1 -260858 280
544 44 m2 32242 0.0178489815 0.5 p-1 -63913 12
1418 45 m2 32965 -0.0102857891 0.5 p-1 -2924 2
1173 46 m2 33493 -3.28513743e-05 0.5 p-1 -11318 4
409 47 m2 34079 -5.57290332e-05 0.5 p-1 -2473145 322
706 49 m2 34371 0.125377476 0.5 p-1 -462769 71
410 50 m2 34491 0.0276036691 0.5 p-1 -8942280 799
807 51 m2 35238 4.96221073e-05 0.5 p-1 -167065 63
10 52 m2 36943 0.00263486477 0.5 p-1 -2109449 681
661 53 m2 37244 -0.0178098362 0.5 p-1 -625612 70
1175 54 m2 40188 -0.00505910115 0.5 p-1 -641 1
1075 55 m2 40526 2.23644583e-05 0.5 p-1 -7721 8
869 56 m2 41831 -6.14387027e-05 0.5 p-1 -69457 2
1217 57 m2 42047 0.0191754494 0.5 p-1 -3568 4
999 58 m2 42542 0.0395647921 0.5 p-1 -38945 6
1375 59 m2 44507 0.0203324351 0.5 p-1 -106935 5
297 60 m2 45215 0.00217933534 0.5 p-1 -3849506 535
848 61 m2 47191 -0.000809309189 0.5 p-1 -622766 28
207 62 m2 47741 0.00211555324 0.5 p-1 -1228292 370
445 63 m2 48708 0.00868440513 0.5 p-1 -1902669 130
1165 64 m2 48749 0.000506011187 0.5 p-1 -31168 12
1314 66 m2 49323 -2.11260049e-05 0.5 p-1 -6935 2
11 67 m2 51975 0.00210898323 0.5 p-1 -553547 328
1350 68 m2 52749 -0.000264120259 0.5 p-1 -7454 1
381 69 m2 53417 0.00352071854 0.5 p-1 -1430779 551
12 70 m2 54230 -0.00263498537 0.5 p-1 -6486390 1892
1029 71 m2 55385 -2.72825588e-07 0.5 p-1 -90084 15
1151 72 m2 55486 -0.0108897444 0.5 p-1 -57792 11
1030 73 m2 56444 -0.0118803782 0.5 p-1 -750316 15
747 77 m2 57420 -0.0216576885 0.5 p-1 -144370 58
675 79 m2 57813 1.14940021e-05 0.5 p-1 -421049 366
299 80 m2 58515 -2.83123973e-06 0.5 p-1 -57953 85
1045 81 m2 59861 -0.0131952548 0.5 p-1 -327432 1
382 82 m2 61114 -0.0210292488 0.5 p-1 -785907 721
300 83 m2 61612 -0.00185332308 0.5 p-1 -939677 216
446 84 m2 64497 0.00716717867 0.5 p-1 -400566 152
1290 85 m2 64899 0.000175254041 0.5 p-1 -2102 2
798 86 m2 65892 -0.00020854437 0.5 p-1 -31257 47
209 87 m2 66715 6.75202245e-05 0.5 p-1 -8506919 1071
14 88 m2 67248 2.05871038e-05 0.5 p-1 -3180950 1346
1145 91 m2 69263 -0.00935691409 0.5 p-1 -413 6
1389 93 m2 70443 -0.00427949755 0.5 p-1 -2153 1
1360 94 m2 71651 0.0315579437 0.5 p-1 -263 1
1069 95 m2 71834 6.64944025e-07 0.5 p-1 -9388 10
545 96 m2 72950 -0.0404536501 0.5 p-1 -5271120 708
564 97 m2 73304 0.00892185979 0.5 p-1 -1220474 394
565 98 m2 73422 0.000594638579 0.5 p-1 -1316339 283
15 99 m2 73758 -3.60079539e-05 0.5 p-1 -2633599 1099
17 100 m2 74536 0.000489539816 0.5 p-1 -6493882 1822
18 101 m2 77566 0.0268587898 0.5 p-1 -7751200 1692
19 102 m2 77590 0.000162197539 0.5 p-1 -4824439 1692
512 106 m2 79054 0.0263994187 0.5 p-1 -447472 292
411 107 m2 79159 0.000565629802 0.5 p-1 -2604832 133
343 109 m2 79690 0.00464101788 0.5 p-1 -229624 11
1167 111 m2 81715 4.27557214e-13 0.5 p-1 -13306 8
412 113 m2 82964 -0.00148927944 0.5 p-1 -3166524 443
636 114 m2 83221 0.00772316288 0.5 p-1 -272561 86
301 115 m2 83602 0.000207938545 0.5 p-1 -1729417 945
20 116 m2 84274 0.00234715478 0.5 p-1 -1859741 918
890 117 m2 87159 0.0340893082 0.5 p-1 -62916 4
808 118 m2 87205 0.0120517276 0.5 p-1 -1980644 44
21 120 m2 88511 -0.0168931633 0.5 p-1 -2668543 1439
662 121 m2 88874 -0.0001713315 0.5 p-1 -3215981 175
566 123 m2 90681 5.21966031e-05 0.5 p-1 -691217 296
1438 124 m2 90724 -8.15930483e-12 0.5 p-1 -28241 2
606 125 m2 90936 -0.057258971 0.5 p-1 -67963 20
22 127 m2 91170 1.60936816e-06 0.5 p-1 -2717583 666
383 129 m2 92390 -3.57592967e-07 0.5 p-1 -398027 151
23 130 m2 94274 0.0164329167 0.5 p-1 -3806599 1113
303 131 m2 95414 0.000665376487 0.5 p-1 -624690 312
24 132 m2 96198 0.0102844043 0.5 p-1 -2762513 1770
1304 134 m2 96599 0.00337835262 0.5 p-1 -21226 2
1305 135 m2 96872 -0.0562353134 0.5 p-1 -311 1
719 136 m2 97257 -0.00605910085 0.5 p-1 -429853 93
1164 137 m2 97901 -0.00562749058 0.5 p-1 -211545 16
466 138 m2 98664 0.00224302057 0.5 p-1 -126674 13
784 139 m2 98966 0.0104005486 0.5 p-1 -202762 85
1021 140 m2 99982 -0.0192797333 0.5 p-1 -88665 18
304 141 m2 100303 0.0028431667 0.5 p-1 -362736 366
1152 142 m2 100486 0.013441286 0.5 p-1 -28975 5
1248 143 m2 100961 -1.3247724e-07 0.5 p-1 -17605 3
26 144 m2 101797 -0.00136656384 0.5 p-1 -58751 9
447 146 m2 102619 -0.0172581673 0.5 p-1 -555249 174
1202 147 m2 103412 0.000303645153 0.5 p-1 -2510 1
880 148 m2 103614 -0.0449971221 0.5 p-1 -165458 9
663 149 m2 103995 0.0126207359 0.5 p-1 -230987 82
513 151 m2 105192 -0.00254399306 0.5 p-1 -916407 74
751 152 m2 105762 0.00498666661 0.5 p-1 -4569746 174
210 153 m2 106655 -0.00036462085 0.5 p-1 -13329835 1378
881 154 m2 107090 0.00370359165 0.5 p-1 -221375 10
986 156 m2 107917 0.0153071107 0.5 p-1 -7148508 40
490 157 m2 109297 -1.79846502e-08 0.5 p-1 -47260 36
211 158 m2 111124 0.000109782988 0.5 p-1 -4146174 1168
1444 159 m2 112843 0.000289655611 0.5 p-1 -1833 1
212 160 m2 113059 -8.86641865e-05 0.5 p-1 -4585065 1506
345 161 m2 113259 -0.0289922282 0.5 p-1 -7753244 1318
27 162 m2 114379 0.0087226443 0.5 p-1 -13812912 640
384 163 m2 114425 0.000234907464 0.5 p-1 -620703 112
213 164 m2 114502 0.00860904809 0.5 p-1 -8879312 1517
1249 165 m2 115580 2.78905391e-05 0.5 p-1 -16371 3
720 166 m2 115626 0.00146089518 0.5 p-1 -143465 43
1000 167 m2 116067 -0.00653362786 0.5 p-1 -599928 51
1256 168 m2 116847 -2.68193198e-05 0.5 p-1 -5695 9
28 169 m2 117056 0.00176377257 0.5 p-1 -288427 109
1354 172 m2 117436 -0.0156071177 0.5 p-1 -989 4
809 173 m2 117888 -5.85818962e-05 0.5 p-1 -73650 97
1198 174 m2 118117 0.00667887228 0.5 p-1 -8258 1
695 178 m2 119665 5.3019663e-05 0.5 p-1 -53233 47
664 179 m2 121512 -0.0124168927 0.5 p-1 -26870 33
1237 181 m2 123049 -8.92985845e-05 0.5 p-1 -5457 4
305 182 m2 123343 0.00457459129 0.5 p-1 -4802757 619
214 183 m2 124233 -0.000295969046 0.5 p-1 -3974847 1420
1467 184 m2 124577 -0.00238855463 0.5 p-1 -171037 1
215 185 m2 125816 0.00277504185 0.5 p-1 -1616821 404
741 186 m2 126484 -0.000234852807 0.5 p-1 -16990 8
1006 187 m2 126644 -4.59198927e-05 0.5 p-1 -160281 31
734 188 m2 128469 0.00337358797 0.5 p-1 -305809 44
1034 191 m2 130431 -0.00259822328 0.5 p-1 -272759 10
346 192 m2 130870 1.49772268e-06 0.5 p-1 -3427512 301
31 193 m2 130943 9.38790436e-06 0.5 p-1 -1410786 564
216 194 m2 131090 -0.0289052948 0.5 p-1 -2316501 364
690 195 m2 134210 0.010648841 0.5 p-1 -1638558 225
1014 196 m2 134385 0.000178428207 0.5 p-1 -1500 2
1355 198 m2 134959 0.024482049 0.5 p-1 -892 4
871 199 m2 136522 0.00878673047 0.5 p-1 -405075 17
1185 202 m2 138005 -0.00268825213 0.5 p-1 -30852 6
594 205 m2 139358 0.0564655326 0.5 p-1 -323251 74
546 206 m2 139468 0.00379843218 0.5 p-1 -578746 35
413 207 m2 140456 -0.0228440035 0.5 p-1 -1089976 257
306 208 m2 140833 0.000216886328 0.5 p-1 -3026738 766
1406 209 m2 141165 0.000132972375 0.5 p-1 -486 1
791 210 m2 144851 -0.00541928364 0.5 p-1 -167366 60
607 211 m2 146289 0.00622059545 0.5 p-1 -12902 8
1063 212 m2 146857 0.000238463443 0.5 p-1 -3873 7
547 213 m2 147583 9.22265181e-11 0.5 p-1 -2597760 483
448 214 m2 148121 -0.00819976255 0.5 p-1 -48559 50
1439 215 m2 148447 -0.00117433316 0.5 p-1 -16613 3
1050 216 m2 150305 0.000471006031 0.5 p-1 -122298 14
32 217 m2 150963 6.58043791e-05 0.5 p-1 -2553167 1801
414 218 m2 151021 1.29323865e-07 0.5 p-1 -118802 59
1260 219 m2 152573 0.00397766801 0.5 p-1 -4454 3
33 222 m2 155477 0.0637465939 0.5 p-1 -433447 419
1261 223 m2 155843 0.000267232535 0.5 p-1 -23784 3
1065 224 m2 155934 -0.00375473197 0.5 p-1 -13340 8
752 225 m2 156307 -0.00563406479 0.5 p-1 -1426741 183
1479 226 m2 156386 -0.0477236807 0.5 p-1 -2287 1
1386 228 m2 158147 0.0125721479 0.5 p-1 -6962 2
1121 229 m2 159463 -0.0275811721 0.5 p-1 -5277 6
217 230 m2 159542 -0.00577067398 0.5 p-1 -3233927 726
721 231 m2 160750 0.0452843383 0.5 p-1 -1951 3
774 232 m2 161355 0.0126267076 0.5 p-1 -28730 15
1077 233 m2 163474 0.00421459181 0.5 p-1 -2867 5
1440 234 m2 163735 -0.000247281103 0.5 p-1 -40491 1
992 236 m2 166176 -0.00344373682 0.5 p-1 -11454 11
34 237 m2 167069 0.0380129218 0.5 p-1 -764548 655
467 238 m2 167887 0.0164184812 0.5 p-1 -517295 427
1434 239 m2 167918 0.00253343955 0.5 p-1 -3984 1
665 240 m2 168582 0.00622086367 0.5 p-1 -397422 8
347 241 m2 169620 0.018987108 0.5 p-1 -174008 234
1401 242 m2 169880 0.0180127192 0.5 p-1 -151 1
35 243 m2 170077 -3.19187666e-06 0.5 p-1 -476394 982
582 244 m2 171059 -0.00480289198 0.5 p-1 -1235890 82
696 247 m2 175894 3.15754478e-05 0.5 p-1 -56284 30
683 248 m2 176299 0.0311646927 0.5 p-1 -1256182 521
872 250 m2 177628 0.00166921644 0.5 p-1 -75496 63
36 251 m2 177803 0.010755633 0.5 p-1 -243092 100
37 254 m2 180787 -0.000876796432 0.5 p-1 -2573218 1766
1214 257 m2 183710 0.000272162724 0.5 p-1 -1161 2
1068 258 m2 185205 0.000518599816 0.5 p-1 -2553061 4
38 259 m2 188886 -0.010757125 0.5 p-1 -1764149 288
39 261 m2 189928 -0.028591007 0.5 p-1 -1245543 128
491 262 m2 190130 -0.0390986986 0.5 p-1 -11147896 233
1023 263 m2 191765 -0.000176310772 0.5 p-1 -14865 12
219 264 m2 192338 0.00330834719 0.5 p-1 -1371316 195
628 266 m2 194876 -0.00501232129 0.5 p-1 -552061 35
608 267 m2 194908 -0.00180997467 0.5 p-1 -370759 175
470 270 m2 196921 0.0110641848 0.5 p-1 -1155070 479
348 271 m2 197031 0.00587451691 0.5 p-1 -1240971 494
943 272 m2 198134 0.0288796239 0.5 p-1 -331715 30
220 273 m2 198518 1.43492125e-08 0.5 p-1 -794332 351
221 275 m2 201397 0.0195448827 0.5 p-1 -746300 70
492 277 m2 202500 0.00228183274 0.5 p-1 -487254 248
40 278 m2 203283 -4.12664886e-05 0.5 p-1 -1197726 304
1230 279 m2 203991 -0.000129148597 0.5 p-1 -5157 8
838 280 m2 205955 0.00231655641 0.5 p-1 -193578 68
41 281 m2 206028 -0.00367533043 0.5 p-1 -1255662 161
494 283 m2 206453 -0.000635060016 0.5 p-1 -970545 117
514 284 m2 207597 -0.000987187959 0.5 p-1 -1062981 103
222 286 m2 209762 0.0158643071 0.5 p-1 -2144991 461
1017 287 m2 210683 0.000231758328 0.5 p-1 -60805 19
637 288 m2 211209 0.000703703961 0.5 p-1 -106959 88
1441 289 m2 212174 2.19351591e-06 0.5 p-1 -2508 1
1309 290 m2 212433 -5.77278847e-09 0.5 p-1 -35404 3
769 291 m2 212850 -0.000107098094 0.5 p-1 -323965 55
42 293 m2 216443 -0.0169621091 0.5 p-1 -1374903 1445
1003 294 m2 216751 7.67171587e-05 0.5 p-1 -24275 13
714 295 m2 218495 0.0689006746 0.5 p-1 -83173 5
1067 296 m2 218549 -0.000539591128 0.5 p-1 -296049 4
417 297 m2 218883 -0.000260211644 0.5 p-1 -11768541 1388
610 298 m2 218904 0.0103097865 0.5 p-1 -463485 62
941 299 m2 218973 0.00572986482 0.5 p-1 -3174 10
43 300 m2 219072 0.0809041336 0.5 p-1 -607512 20
993 303 m2 222579 -2.01220087e-06 0.5 p-1 -271920 19
1047 304 m2 223165 5.74871315e-08 0.5 p-1 -500042 10
515 305 m2 223982 -0.0007163306 0.5 p-1 -2025361 352
449 306 m2 224165 0.0286595747 0.5 p-1 -2307784 396
777 307 m2 224283 -7.95442393e-05 0.5 p-1 -23921 25
308 309 m2 228022 -7.21993365e-06 0.5 p-1 -106542 80
1465 310 m2 228145 0.0248677526 0.5 p-1 -29072 1
548 311 m2 229809 -6.53539246e-05 0.5 p-1 -690215 221
472 312 m2 231457 0.030877471 0.5 p-1 -191643 221
976 314 m2 231708 0.00225390308 0.5 p-1 -3536 4
942 315 m2 231806 -4.7026524e-06 0.5 p-1 -58834 73
450 316 m2 231913 -0.00132219039 0.5 p-1 -173496 150
516 317 m2 233427 -0.000696679577 0.5 p-1 -283030 219
44 319 m2 235995 -0.00258653588 0.5 p-1 -7213740 1803
224 320 m2 236052 -0.0118407253 0.5 p-1 -723519 239
225 324 m2 240368 -5.25153337e-05 0.5 p-1 -607372 173
495 326 m2 242916 -0.0169941857 0.5 p-1 -388417 126
1431 327 m2 244324 -5.69354379e-05 0.5 p-1 -52561 1
1203 328 m2 244349 -0.0470377654 0.5 p-1 -390962 18
1206 330 m2 246583 0.00750780199 0.5 p-1 -6118 2
45 331 m2 247129 -0.000273560465 0.5 p-1 -2959153 43
735 332 m2 248439 -4.97643341e-05 0.5 p-1 -709036 43
419 333 m2 249685 -0.000966007763 0.5 p-1 -152929 61
638 335 m2 254454 -0.000402446341 0.5 p-1 -180174 175
882 336 m2 254935 -0.0292793121 0.5 p-1 -173698 29
691 337 m2 255835 0.00863576401 0.5 p-1 -73772 123
389 338 m2 256381 -0.000675804622 0.5 p-1 -451770 182
1461 339 m2 256677 -0.00242845411 0.5 p-1 -665 1
911 340 m2 257061 -0.00119168742 0.5 p-1 -34418 6
227 341 m2 257966 1.19584297e-06 0.5 p-1 -766936 1133
1352 342 m2 258034 0.00288775726 0.5 p-1 -100245 3
46 344 m2 264294 -0.0814325809 0.5 p-1 -958667 718
676 347 m2 270181 -2.9345576e-05 0.5 p-1 -232034 6
47 348 m2 270485 -0.00135998253 0.5 p-1 -991935 537
1081 349 m2 272800 -0.00510779815 0.5 p-1 -222333 13
390 350 m2 273420 -0.00356661738 0.5 p-1 -308635 425
519 351 m2 275698 -0.0590451062 0.5 p-1 -713376 69
48 353 m2 277106 -0.00125284179 0.5 p-1 -5014648 1053
684 354 m2 277532 -0.00515312888 0.5 p-1 -881333 30
49 355 m2 278553 -0.00316730118 0.5 p-1 -888333 144
912 357 m2 279086 -0.00585209625 0.5 p-1 -6227 8
310 358 m2 279366 0.0038958448 0.5 p-1 -987244 618
1122 359 m2 280222 -0.00215206784 0.5 p-1 -8550 9
1400 360 m2 280629 0.0187451188 0.5 p-1 -21416 1
933 361 m2 280914 0.00122458884 0.5 p-1 -299048 65
1341 362 m2 281308 0.024621373 0.5 p-1 -14906 2
50 365 m2 283382 -0.0260973834 0.5 p-1 -3367916 1806
549 366 m2 283456 -0.000892624026 0.5 p-1 -164872 80
1132 367 m2 284520 -0.000212285071 0.5 p-1 -53972 5
1319 368 m2 284547 0.0452065803 0.5 p-1 -724 2
228 369 m2 284989 0.0046892385 0.5 p-1 -6018939 1543
1154 370 m2 285279 -0.000778679503 0.5 p-1 -490 14
1009 371 m2 285647 -0.000194722888 0.5 p-1 -63890 12
1155 372 m2 286158 -8.04801948e-06 0.5 p-1 -8673 14
1083 373 m2 286413 -0.00144319213 0.5 p-1 -5842 7
230 375 m2 286805 6.93304319e-05 0.5 p-1 -4649971 1447
568 377 m2 287489 0.00189455529 0.5 p-1 -1580233 261
994 378 m2 288508 0.000904683373 0.5 p-1 -104864 43
391 379 m2 288634 -0.0264082141 0.5 p-1 -228229 114
1196 381 m2 289406 0.00451135449 0.5 p-1 -3321 6
1070 382 m2 291080 0.000257668056 0.5 p-1 -141534 10
1201 384 m2 291145 0.0141893448 0.5 p-1 -17478 17
946 385 m2 291711 4.32794217e-10 0.5 p-1 -5636 13
53 386 m2 291739 -3.44219588e-05 0.5 p-1 -4014110 575
231 390 m2 292875 1.97438203e-05 0.5 p-1 -1564838 449
877 391 m2 293617 0.003444253 0.5 p-1 -627580 54
642 392 m2 294521 -0.000429713633 0.5 p-1 -22481 3
1042 393 m2 294751 5.01095965e-05 0.5 p-1 -2649 6
1447 394 m2 296090 0.0202218927 0.5 p-1 -21495 1
420 395 m2 296207 -0.00122819364 0.5 p-1 -2154003 65
55 396 m2 297544 -0.0461971126 0.5 p-1 -230467 12
392 397 m2 297903 0.00983012095 0.5 p-1 -3439184 704
311 399 m2 299371 -0.0517858118 0.5 p-1 -389269 79
350 400 m2 300209 -0.00179014681 0.5 p-1 -1592168 216
728 402 m2 301019 -8.39341665e-05 0.5 p-1 -116135 17
1123 403 m2 301544 0.0405879728 0.5 p-1 -7671 7
497 404 m2 301787 -4.14815759e-06 0.5 p-1 -110815 45
822 405 m2 302395 -0.0126919439 0.5 p-1 -233224 69
56 406 m2 303323 -0.0375603549 0.5 p-1 -1869364 227
1091 407 m2 303890 2.94671509e-07 0.5 p-1 -35871 3
851 408 m2 304037 -2.25711392e-05 0.5 p-1 -34968 57
1443 410 m2 306049 0.00152494968 0.5 p-1 -11754 1
643 411 m2 306623 -8.77820469e-07 0.5 p-1 -48268 13
1211 412 m2 306897 7.80215196e-05 0.5 p-1 -503959 9
828 413 m2 307478 0.0219438486 0.5 p-1 -466124 31
312 414 m2 310868 -5.59364999e-08 0.5 p-1 -3756392 230
982 415 m2 311677 -0.0469074398 0.5 p-1 -46384 11
888 416 m2 312985 0.00439583044 0.5 p-1 -4982 15
57 417 m2 313006 -4.47940838e-05 0.5 p-1 -5839351 1270
1174 418 m2 313825 -5.34804385e-05 0.5 p-1 -457 3
351 419 m2 314150 -0.00200082362 0.5 p-1 -18350 16
629 420 m2 314722 0.000110063462 0.5 p-1 -33224 6
550 421 m2 316605 -0.000443509081 0.5 p-1 -232916 284
677 422 m2 316684 -0.00111464167 0.5 p-1 -2846472 494
811 423 m2 318070 -3.77924522e-07 0.5 p-1 -97734 65
1088 424 m2 319412 0.0144982236 0.5 p-1 -45425 24
58 425 m2 319560 -0.0375574566 0.5 p-1 -1457182 300
908 428 m2 321202 0.000382910686 0.5 p-1 -39398 7
583 429 m2 321497 0.0196101889 0.5 p-1 -895304 176
729 430 m2 321761 -0.000280156237 0.5 p-1 -101551 82
393 431 m2 322996 0.0351907983 0.5 p-1 -2139870 886
60 432 m2 323205 0.00037052267 0.5 p-1 -6557062 1251
832 433 m2 323819 0.000465599238 0.5 p-1 -5009 22
584 435 m2 324289 -0.0177393965 0.5 p-1 -2308719 381
951 436 m2 324521 -0.00861073937 0.5 p-1 -73563 56
352 438 m2 324677 -0.0218886584 0.5 p-1 -2355531 574
62 439 m2 325964 -0.00199347176 0.5 p-1 -994258 435
1446 440 m2 327628 1.26440182e-06 0.5 p-1 -1884 1
979 441 m2 327975 -0.0027200256 0.5 p-1 -464553 51
64 443 m2 328538 0.0992717147 0.5 p-1 -1172729 963
1019 444 m2 330540 0.00139353587 0.5 p-1 -43039 14
313 446 m2 331769 0.0322453231 0.5 p-1 -1678088 484
314 448 m2 332608 -0.000724249345 0.5 p-1 -445148 287
65 449 m2 332724 3.06294351e-05 0.5 p-1 -82248 93
1327 450 m2 334379 -0.066273436 0.5 p-1 -11369 1
860 452 m2 335319 0.00319136865 0.5 p-1 -3697744 28
66 453 m2 336134 -8.48301934e-05 0.5 p-1 -4345121 128
1376 455 m2 339042 -9.96828135e-07 0.5 p-1 -86808 1
67 458 m2 340662 0.000532417092 0.5 p-1 -2518860 1211
315 459 m2 341799 -0.00564686861 0.5 p-1 -113736 174
68 460 m2 342424 9.26344228e-07 0.5 p-1 -3313116 1064
1189 461 m2 343067 -0.0589215942 0.5 p-1 -80226 1
1104 462 m2 343189 -0.0188857205 0.5 p-1 -96911 1
678 464 m2 345072 0.000301706459 0.5 p-1 -671520 154
395 465 m2 345216 -0.00190244103 0.5 p-1 -2501632 385
1218 468 m2 348802 -0.00691917166 0.5 p-1 -19709 9
235 469 m2 353548 -0.000511459599 0.5 p-1 -1818870 799
989 472 m2 355948 -0.00227821618 0.5 p-1 -63347 10
70 473 m2 357211 -6.27110858e-05 0.5 p-1 -2203170 789
1408 474 m2 357433 0.00166149379 0.5 p-1 -2241 1
1197 475 m2 358178 0.00232334947 0.5 p-1 -5532 4
919 476 m2 358397 0.0008504531 0.5 p-1 -67694 5
841 477 m2 359500 0.000350441114 0.5 p-1 -175892 18
753 478 m2 361686 0.00124182412 0.5 p-1 -2263 7
1012 480 m2 364380 0.000183806798 0.5 p-1 -55217 21
814 481 m2 364692 -0.0187360197 0.5 p-1 -2143349 47
71 482 m2 365029 -0.0115335947 0.5 p-1 -6107498 1954
761 483 m2 368295 2.10396283e-05 0.5 p-1 -336868 73
569 485 m2 369666 -0.0035476652 0.5 p-1 -260548 167
973 486 m2 369834 -0.0202362761 0.5 p-1 -425278 44
236 487 m2 371164 0.000190028921 0.5 p-1 -9744146 1523
667 488 m2 371382 -0.015385286 0.5 p-1 -122531 40
1215 489 m2 372416 0.0169000551 0.5 p-1 -142708 1
762 490 m2 372904 -0.0453384779 0.5 p-1 -233346 66
1288 491 m2 373830 -0.0175755322 0.5 p-1 -28401 2
72 492 m2 374438 1.64414614e-05 0.5 p-1 -2268375 1463
945 493 m2 375180 0.0116738891 0.5 p-1 -292826 19
790 494 m2 375908 0.0224346705 0.5 p-1 -38952 41
697 496 m2 378532 0.00231432379 0.5 p-1 -379565 65
922 497 m2 380240 1.34616648e-05 0.5 p-1 -53645 48
396 498 m2 380867 -0.00723008718 0.5 p-1 -5298518 652
422 501 m2 384882 -0.000337969948 0.5 p-1 -21606 50
1430 502 m2 385759 -0.000941856822 0.5 p-1 -1303 1
237 503 m2 386492 0.0048571662 0.5 p-1 -1001370 381
354 504 m2 387639 -0.0176237114 0.5 p-1 -1429500 723
1095 506 m2 389065 0.0159844365 0.5 p-1 -19914 20
423 508 m2 389908 -8.1716953e-06 0.5 p-1 -2323766 427
1124 509 m2 391227 0.000217115725 0.5 p-1 -38980 14
1456 510 m2 391575 -8.77205579e-08 0.5 p-1 -709 1
551 514 m2 393088 -0.0502590239 0.5 p-1 -108081 67
891 515 m2 393642 -0.0165687669 0.5 p-1 -86432 34
73 516 m2 395075 0.00351055921 0.5 p-1 -3597274 1779
74 517 m2 395724 -0.0024946467 0.5 p-1 -5188207 1323
1192 518 m2 397438 -0.000741505413 0.5 p-1 -15123 6
861 519 m2 397817 0.00139027042 0.5 p-1 -3644 3
317 520 m2 398586 -0.00495174248 0.5 p-1 -138562 97
552 521 m2 399040 -0.0192431659 0.5 p-1 -614332 93
75 522 m2 400940 0.108964063 0.5 p-1 -1545640 473
397 523 m2 402838 -2.34584877e-06 0.5 p-1 -991824 628
1052 525 m2 403734 -0.0331572667 0.5 p-1 -109717 19
812 526 m2 405920 0.000156477021 0.5 p-1 -39068 21
800 528 m2 406895 0.0047299345 0.5 p-1 -54218 26
355 529 m2 408349 -0.00357159274 0.5 p-1 -846132 580
792 530 m2 408431 -0.0143826064 0.5 p-1 -5321 7
586 531 m2 409024 3.56603174e-08 0.5 p-1 -3200209 218
1462 532 m2 409158 -0.0610737056 0.5 p-1 -7957 1
570 535 m2 410628 0.0683552399 0.5 p-1 -88795 9
849 536 m2 415181 0.0135118794 0.5 p-1 -59474 12
553 538 m2 416363 -0.00360790337 0.5 p-1 -1275483 527
736 539 m2 416731 -0.0827911869 0.5 p-1 -195305 57
319 540 m2 418957 -9.63794664e-05 0.5 p-1 -1526618 19
1311 541 m2 419667 -0.0328221321 0.5 p-1 -10095 3
954 542 m2 420871 -0.00509200851 0.5 p-1 -81648 26
630 543 m2 420885 0.00523606921 0.5 p-1 -50409 51
571 545 m2 422085 -0.00514054112 0.5 p-1 -845707 140
239 546 m2 422186 -6.14933571e-09 0.5 p-1 -2990843 256
76 548 m2 424943 -0.000114403447 0.5 p-1 -2332006 437
522 549 m2 426245 0.00047763277 0.5 p-1 -1382479 257
77 551 m2 428859 1.07398423e-09 0.5 p-1 -1470607 1382
653 554 m2 431116 0.0124413222 0.5 p-1 -814503 77
770 555 m2 431360 0.00262056594 0.5 p-1 -125481 90
554 556 m2 432894 2.94042584e-05 0.5 p-1 -1544963 193
879 557 m2 434828 0.00843337644 0.5 p-1 -5554 10
1193 558 m2 438010 0.0125026982 0.5 p-1 -40318 5
1020 559 m2 440103 0.0180219915 0.5 p-1 -2845877 26
743 560 m2 440581 -0.000858857937 0.5 p-1 -91841 33
1116 561 m2 440763 -0.00422326289 0.5 p-1 -155965 30
1039 563 m2 444217 -2.02242404e-06 0.5 p-1 -18930 25
763 564 m2 445040 0.00321879238 0.5 p-1 -241599 53
1369 565 m2 446614 0.014180664 0.5 p-1 -18494 2
707 566 m2 447103 0.00650264276 0.5 p-1 -714045 120
1188 567 m2 447325 0.00959949289 0.5 p-1 -12615 1
978 568 m2 447742 0.000223938725 0.5 p-1 -258062 11
833 569 m2 448365 0.000737047405 0.5 p-1 -6261 8
685 570 m2 449059 -0.000883235305 0.5 p-1 -212915 28
320 571 m2 449136 -5.18944171e-06 0.5 p-1 -5203212 1177
644 573 m2 450420 0.0399770178 0.5 p-1 -257991 62
499 575 m2 452750 -0.0030886298 0.5 p-1 -63909 101
1179 576 m2 453099 -0.0329112709 0.5 p-1 -31304 3
321 578 m2 454579 6.20306091e-05 0.5 p-1 -559111 342
322 579 m2 454996 -0.0743474364 0.5 p-1 -161118 163
241 580 m2 455095 0.000201082381 0.5 p-1 -1410485 1323
955 581 m2 455326 4.93703681e-07 0.5 p-1 -177493 17
925 582 m2 455867 0.0126111796 0.5 p-1 -101082 6
829 583 m2 456453 -0.00534591824 0.5 p-1 -242520 116
1452 584 m2 457157 -0.0417151041 0.5 p-1 -323489 1
323 585 m2 457235 2.77555569e-06 0.5 p-1 -1293982 976
1158 586 m2 457990 0.00129856053 0.5 p-1 -97520 13
1170 587 m2 458428 5.63210108e-07 0.5 p-1 -45915 5
959 588 m2 458641 0.0056816726 0.5 p-1 -346112 17
81 589 m2 459451 -0.00610129256 0.5 p-1 -80139 52
572 590 m2 460170 0.00683247345 0.5 p-1 -176003 79
399 592 m2 461364 0.00224395865 0.5 p-1 -11042 20
555 593 m2 461546 -0.025301978 0.5 p-1 -200715 25
926 594 m2 463417 0.0473065376 0.5 p-1 -95892 29
771 595 m2 464018 0.000412827474 0.5 p-1 -357921 92
737 597 m2 464679 0.000250232057 0.5 p-1 -188498 106
82 600 m2 465472 9.09358641e-05 0.5 p-1 -8127530 1238
1136 603 m2 467123 0.0087284008 0.5 p-1 -311132 6
500 604 m2 467999 0.0126710497 0.5 p-1 -325474 68
1089 605 m2 468845 -0.00457599107 0.5 p-1 -424487 8
1346 606 m2 470365 -0.0450607277 0.5 p-1 -4403 1
83 607 m2 471428 0.0258881152 0.5 p-1 -6572758 1706
1139 609 m2 472864 0.000162357232 0.5 p-1 -24866 12
84 611 m2 474669 -0.00394110987 0.5 p-1 -3736754 1669
645 612 m2 475506 -0.000537033193 0.5 p-1 -32843 21
424 613 m2 475888 -2.34669533e-05 0.5 p-1 -128490 90
425 614 m2 475962 -0.000122317375 0.5 p-1 -133915 90
86 615 m2 477915 -0.000806223135 0.5 p-1 -3103642 487
873 617 m2 479466 -0.00237339758 0.5 p-1 -176447 65
501 618 m2 479961 0.0094481213 0.5 p-1 -62178 97
843 619 m2 480125 0.0823927373 0.5 p-1 -4611031 66
357 620 m2 481089 2.97717702e-06 0.5 p-1 -1150327 77
1004 622 m2 484342 -0.0268957186 0.5 p-1 -6722 15
426 623 m2 485034 -0.00467510149 0.5 p-1 -250645 59
324 625 m2 486318 0.000414770562 0.5 p-1 -1905105 685
89 626 m2 486366 0.00917593297 0.5 p-1 -13026381 1287
1156 627 m2 486405 0.00219120015 0.5 p-1 -6491909 3
1036 628 m2 486462 -0.00758627476 0.5 p-1 -187805 10
1281 630 m2 488072 -0.00180948421 0.5 p-1 -10590 4
611 631 m2 489204 0.000309268944 0.5 p-1 -7721327 237
90 632 m2 489442 4.43680932e-08 0.5 p-1 -596921 242
813 633 m2 489920 0.00150878797 0.5 p-1 -18391 14
1326 634 m2 489984 0.00411919598 0.5 p-1 -88992 4
358 636 m2 493146 -8.05026048e-06 0.5 p-1 -284604 188
1010 637 m2 495060 0.0154757025 0.5 p-1 -93276 5
359 638 m2 495503 0.0015084449 0.5 p-1 -4124510 960
815 639 m2 495644 -0.00428179279 0.5 p-1 -6184 4
1130 640 m2 496389 -0.0230706539 0.5 p-1 -74062 6
1262 641 m2 496557 0.00157755625 0.5 p-1 -75690 2
803 642 m2 496808 -1.48092058e-05 0.5 p-1 -73025 29
427 644 m2 498653 -0.000692087517 0.5 p-1 -1203680 155
94 645 m2 501818 -0.00670657773 0.5 p-1 -5461643 1955
95 647 m2 503162 0.00531777646 0.5 p-1 -3050489 1541
96 649 m2 506760 0.0018092352 0.5 p-1 -5553606 1500
1037 650 m2 509403 -0.00188770867 0.5 p-1 -2071 2
326 651 m2 509613 -0.000255374849 0.5 p-1 -878575 271
1031 652 m2 510366 9.38390731e-05 0.5 p-1 -18123 14
596 653 m2 511313 -4.12831323e-05 0.5 p-1 -1048037 151
1224 654 m2 511363 -0.00246041897 0.5 p-1 -62308 2
1363 655 m2 511833 -0.00581792789 0.5 p-1 -114 5
97 656 m2 512453 1.20388427e-06 0.5 p-1 -1529788 1847
1013 657 m2 512497 6.37469711e-05 0.5 p-1 -9610 10
1162 659 m2 513728 0.000693877344 0.5 p-1 -53203 6
98 660 m2 513899 -9.68329186e-05 0.5 p-1 -3875605 920
99 661 m2 514209 -0.00210943166 0.5 p-1 -9357737 606
1313 662 m2 514478 -4.47306911e-06 0.5 p-1 -1675 1
1378 663 m2 514835 0.00157796755 0.5 p-1 -444 1
612 664 m2 515962 -3.16041223e-05 0.5 p-1 -224470 160
504 665 m2 516448 0.000159512099 0.5 p-1 -7011 2
1357 666 m2 517210 0.00184885005 0.5 p-1 -3252 4
244 668 m2 519262 -0.00698560989 0.5 p-1 -2704190 1870
245 669 m2 519879 -0.000244799274 0.5 p-1 -1239406 215
523 670 m2 520566 1.06030739e-05 0.5 p-1 -570870 150
524 671 m2 521006 -0.000187305792 0.5 p-1 -652481 125
1289 672 m2 521630 -1.5203178e-05 0.5 p-1 -13796 2
525 673 m2 522483 -0.00155892514 0.5 p-1 -3494325 275
1259 674 m2 522932 -0.00222695572 0.5 p-1 -47899 3
1263 675 m2 524565 0.00413628854 0.5 p-1 -17421 2
1380 676 m2 525960 -0.000613425218 0.5 p-1 -3817 2
327 678 m2 530519 -0.000149360305 0.5 p-1 -1990849 759
870 680 m2 531735 -8.52991798e-05 0.5 p-1 -159643 33
246 681 m2 532606 -5.43889e-05 0.5 p-1 -1449205 837
101 682 m2 533059 -3.07088339e-06 0.5 p-1 -17304202 1445
1422 683 m2 533538 -8.17556327e-07 0.5 p-1 -66604 2
613 684 m2 534763 -0.000351063238 0.5 p-1 -380547 118
910 685 m2 535471 -1.03516886e-05 0.5 p-1 -26060 16
360 686 m2 536249 0.0318637304 0.5 p-1 -803194 1004
892 687 m2 536308 -0.000223454088 0.5 p-1 -42007 19
102 688 m2 537427 0.00329734688 0.5 p-1 -2086398 609
1149 689 m2 537663 0.0370495394 0.5 p-1 -89970 6
597 690 m2 537853 0.00229214132 0.5 p-1 -359253 241
474 691 m2 538001 0.0410322361 0.5 p-1 -1040203 536
103 692 m2 538201 -6.11293581e-05 0.5 p-1 -2117668 780
1234 693 m2 540204 7.41247675e-07 0.5 p-1 -20488 5
1133 694 m2 540381 -0.0926539972 0.5 p-1 -114856 11
856 695 m2 542547 -0.0584380925 0.5 p-1 -75387 25
631 696 m2 543179 0.0935388803 0.5 p-1 -25992 13
475 697 m2 544570 1.87845885e-07 0.5 p-1 -3457762 801
927 698 m2 545038 -0.000200402166 0.5 p-1 -594957 6
527 700 m2 546587 -2.99070307e-05 0.5 p-1 -90740 122
1297 702 m2 547936 -0.101740688 0.5 p-1 -8199 2
328 703 m2 547995 6.60955902e-06 0.5 p-1 -991276 323
963 704 m2 550171 -0.00422319537 0.5 p-1 -205012 26
1161 705 m2 550243 -0.00182475417 0.5 p-1 -6992 3
1427 706 m2 551688 0.000909701106 0.5 p-1 -133885 1
722 707 m2 551848 -3.19091896e-07 0.5 p-1 -781757 146
1105 709 m2 554659 -0.00182391319 0.5 p-1 -7673 4
1284 710 m2 554772 3.98693082e-05 0.5 p-1 -21246 2
754 713 m2 558331 -0.128776401 0.5 p-1 -776231 45
105 714 m2 560834 0.0229720473 0.5 p-1 -573261 346
998 715 m2 561957 0.0143380221 0.5 p-1 -839 1
1208 716 m2 562307 -0.0105266245 0.5 p-1 -51435 14
1098 717 m2 563937 0.000810917933 0.5 p-1 -156411 22
1244 718 m2 564123 0.0776052475 0.5 p-1 -4859 1
862 719 m2 565527 0.0153719559 0.5 p-1 -70381 19
1367 720 m2 566678 4.70966115e-05 0.5 p-1 -6475 4
1099 721 m2 567659 0.0226484407 0.5 p-1 -191326 32
249 722 m2 568667 0.0357670002 0.5 p-1 -608961 234
106 724 m2 571787 6.42525702e-05 0.5 p-1 -9537898 1478
864 725 m2 571953 -2.00027116e-05 0.5 p-1 -18662 13
764 729 m2 574524 -0.00380828558 0.5 p-1 -607400 32
1082 731 m2 575091 -0.00337304315 0.5 p-1 -143968 15
1027 732 m2 575609 -0.00346004125 0.5 p-1 -488411 24
755 733 m2 576000 -0.000888605253 0.5 p-1 -383613 130
588 734 m2 576241 -4.70285067e-06 0.5 p-1 -950611 111
476 735 m2 576274 0.00111406844 0.5 p-1 -252384 72
557 736 m2 576311 8.96646782e-07 0.5 p-1 -168154 46
1320 737 m2 576483 0.000780209142 0.5 p-1 -39723 1
108 738 m2 577991 -0.000825614901 0.5 p-1 -1695288 530
668 739 m2 578082 4.34640533e-05 0.5 p-1 -214600 28
1282 740 m2 578703 -0.00274254731 0.5 p-1 -112488 6
1473 741 m2 579241 -0.00151848118 0.5 p-1 -2939 1
969 743 m2 580752 -0.00373080745 0.5 p-1 -219168 37
430 744 m2 580925 -0.0207781233 0.5 p-1 -3982326 648
110 746 m2 581686 0.00016569093 0.5 p-1 -5927003 1809
361 747 m2 583995 0.00504828896 0.5 p-1 -2243930 352
928 748 m2 584545 -0.000733739755 0.5 p-1 -103863 103
1344 749 m2 585601 0.0028589284 0.5 p-1 -6714 1
1254 750 m2 585903 0.00309911743 0.5 p-1 -47951 4
669 751 m2 586079 0.0112728719 0.5 p-1 -56812 27
1011 752 m2 587227 0.00921972562 0.5 p-1 -55986 6
875 753 m2 588159 -0.0153881218 0.5 p-1 -103819 53
431 754 m2 589083 0.0223097652 0.5 p-1 -1222143 453
876 755 m2 589489 -0.00502171507 0.5 p-1 -201 7
432 756 m2 589576 0.000133959998 0.5 p-1 -506730 42
558 758 m2 590870 0.000746118953 0.5 p-1 -3437978 65
111 759 m2 591009 0.00024982242 0.5 p-1 -3097061 1712
967 761 m2 591708 -0.000475436711 0.5 p-1 -56586 11
698 762 m2 591735 -0.0221195184 0.5 p-1 -4999649 193
112 763 m2 591745 -0.0102359653 0.5 p-1 -3326319 1295
1398 765 m2 592192 -0.0175214019 0.5 p-1 -33642 1
936 766 m2 592623 0.00955653191 0.5 p-1 -205055 21
1005 769 m2 594862 -0.000662552775 0.5 p-1 -37595 45
477 770 m2 596049 -0.00357101555 0.5 p-1 -562486 78
114 771 m2 597169 0.00320547819 0.5 p-1 -1991717 1237
1277 772 m2 597342 0.00309617072 0.5 p-1 -2088 2
990 773 m2 599696 -0.00145009276 0.5 p-1 -89899 56
115 774 m2 600936 0.00537175452 0.5 p-1 -965085 411
116 775 m2 602143 0.000276935432 0.5 p-1 -3087083 1554
834 777 m2 603833 0.0168083496 0.5 p-1 -4658 10
117 778 m2 603873 -0.0134885181 0.5 p-1 -3012162 1925
118 780 m2 604817 -0.0508853756 0.5 p-1 -7402029 1288
622 781 m2 605886 -0.000458279479 0.5 p-1 -197862 51
647 782 m2 606886 -0.0311895628 0.5 p-1 -475730 16
1058 783 m2 608111 1.32579862e-06 0.5 p-1 -96776 10
400 784 m2 610764 0.00164667354 0.5 p-1 -86265 58
121 785 m2 610987 -0.000608222384 0.5 p-1 -6577342 1743
122 787 m2 613145 0.000735281385 0.5 p-1 -158817 90
123 788 m2 613173 0.00262549846 0.5 p-1 -4213962 1283
1134 789 m2 613413 0.000575511483 0.5 p-1 -812813 7
1190 790 m2 613886 0.0270852558 0.5 p-1 -86561 5
756 791 m2 614596 0.02351919 0.5 p-1 -40110 11
693 792 m2 615559 0.00128145388 0.5 p-1 -201848 130
816 793 m2 616195 -0.00595604721 0.5 p-1 -65384 18
857 794 m2 616606 0.0208793897 0.5 p-1 -101318 29
250 796 m2 620414 2.40605768e-05 0.5 p-1 -2283617 481
654 798 m2 622113 0.000169687148 0.5 p-1 -1660404 352
1227 799 m2 622395 0.0617719851 0.5 p-1 -2667 4
124 800 m2 624051 -0.000407586864 0.5 p-1 -2812470 333
655 801 m2 625332 0.00108080159 0.5 p-1 -1896369 98
632 802 m2 628058 -0.00436043087 0.5 p-1 -346736 96
824 803 m2 630817 0.0034956655 0.5 p-1 -333156 16
656 805 m2 631367 5.26060139e-05 0.5 p-1 -263727 46
739 807 m2 632774 3.54202393e-06 0.5 p-1 -122606 114
1032 809 m2 634569 0.000475261186 0.5 p-1 -997164 49
778 810 m2 634573 0.0321894139 0.5 p-1 -90093 79
401 811 m2 635819 0.0347654 0.5 p-1 -75065 12
788 813 m2 638712 -0.00988137722 0.5 p-1 -253460 44
126 814 m2 638929 -0.000544203329 0.5 p-1 -4593400 1850
1470 815 m2 639814 -0.00494185882 0.5 p-1 -5097 1
451 817 m2 641087 -0.00129393593 0.5 p-1 -94977 46
1113 819 m2 642305 -8.82828826e-05 0.5 p-1 -36557 19
657 820 m2 642497 -0.00172441441 0.5 p-1 -962371 211
506 821 m2 643626 -0.00250297645 0.5 p-1 -1521209 769
127 822 m2 644413 -0.00860616378 0.5 p-1 -2127466 1170
723 823 m2 645194 0.00106155965 0.5 p-1 -55083 80
1415 824 m2 646960 3.58781494e-06 0.5 p-1 -172739 1
648 825 m2 647030 -0.0014214816 0.5 p-1 -289700 8
937 826 m2 647303 0.00143316831 0.5 p-1 -49934 47
251 828 m2 648119 0.000593579083 0.5 p-1 -1835779 287
252 831 m2 649715 -0.0262091849 0.5 p-1 -1145048 429
939 832 m2 649964 -6.68659704e-05 0.5 p-1 -1621350 91
1096 833 m2 651091 -1.66725511e-06 0.5 p-1 -29144 17
128 835 m2 653573 -1.11702988e-07 0.5 p-1 -3877299 1778
253 836 m2 654154 -0.0045092213 0.5 p-1 -924879 43
452 838 m2 655718 -3.35166206e-08 0.5 p-1 -1153600 70
1106 842 m2 656839 0.000277738087 0.5 p-1 -70543 12
1100 843 m2 657468 0.0056398185 0.5 p-1 -41061 12
254 844 m2 658261 -0.00393556012 0.5 p-1 -753833 662
129 845 m2 658812 -0.000157684495 0.5 p-1 -490856 597
255 846 m2 659048 0.0159526579 0.5 p-1 -4172969 843
560 848 m2 659459 -0.000116807663 0.5 p-1 -2329506 123
402 849 m2 659976 0.0266593713 0.5 p-1 -504265 350
1351 850 m2 660484 0.0110465186 0.5 p-1 -1701 4
817 851 m2 660529 -0.000285549235 0.5 p-1 -724434 41
708 852 m2 661402 -0.0147918826 0.5 p-1 -166567 18
130 853 m2 661694 -0.0499100201 0.5 p-1 -2221750 1659
453 854 m2 662040 -9.7204982e-05 0.5 p-1 -426427 410
256 855 m2 662113 -0.162196457 0.5 p-1 -1954619 412
257 856 m2 662204 0.00723164016 0.5 p-1 -3030645 412
132 858 m2 665097 0.0976517722 0.5 p-1 -4232200 352
403 860 m2 666777 -0.0121470261 0.5 p-1 -146169 70
529 862 m2 667964 0.0234092586 0.5 p-1 -246556 83
649 863 m2 669430 3.05578185e-09 0.5 p-1 -782227 69
1425 864 m2 669681 0.00200537988 0.5 p-1 -102166 2
1280 865 m2 670148 -0.0149347084 0.5 p-1 -11849 5
852 866 m2 671822 9.81309713e-05 0.5 p-1 -43890 14
1334 867 m2 672164 -0.00721173687 0.5 p-1 -2342 1
258 868 m2 672242 0.00544784637 0.5 p-1 -4185207 583
1078 869 m2 672937 -0.00314952247 0.5 p-1 -910 4
454 870 m2 674094 0.00195136655 0.5 p-1 -1290621 390
134 871 m2 675035 -0.0649211928 0.5 p-1 -245834 422
135 872 m2 675540 0.0317465216 0.5 p-1 -2553175 160
623 873 m2 676187 -2.20780521e-06 0.5 p-1 -522673 164
1062 875 m2 679103 -2.07583671e-05 0.5 p-1 -19883 5
136 877 m2 680384 0.00323390728 0.5 p-1 -10548535 275
137 878 m2 680589 -0.00031127251 0.5 p-1 -2729716 89
634 879 m2 680982 -0.00834227633 0.5 p-1 -681076 151
991 881 m2 682893 -0.0229066219 0.5 p-1 -59794 31
853 882 m2 683059 -0.0329268947 0.5 p-1 -63399 32
601 884 m2 683377 0.000528733886 0.5 p-1 -2550429 332
956 886 m2 684116 1.05659701e-05 0.5 p-1 -317995 16
779 887 m2 685482 -0.0115539031 0.5 p-1 -69540 34
1090 889 m2 687403 0.0101605197 0.5 p-1 -1724262 21
263 890 m2 687470 0.00269475766 0.5 p-1 -115120 59
974 891 m2 688201 0.00491159549 0.5 p-1 -42276 4
1126 892 m2 688531 -0.000368704001 0.5 p-1 -9993 2
138 893 m2 689803 0.0185355153 0.5 p-1 -2460970 1108
433 894 m2 690809 0.00643346971 0.5 p-1 -305294 108
1374 895 m2 691468 0.0545392297 0.5 p-1 -6789 1
139 896 m2 691554 -0.0385963209 0.5 p-1 -4437042 1216
1236 897 m2 693383 -0.00629274314 0.5 p-1 -28644 4
602 898 m2 694810 0.00165023387 0.5 p-1 -79953 90
1051 899 m2 696188 -0.000702873745 0.5 p-1 -82030 21
757 900 m2 696980 9.08758739e-05 0.5 p-1 -24545 7
709 901 m2 698424 -0.019599231 0.5 p-1 -177590 39
363 902 m2 698581 0.00500937831 0.5 p-1 -915618 595
140 903 m2 699185 -0.0317074843 0.5 p-1 -4516165 844
561 904 m2 699943 -0.011317621 0.5 p-1 -93898 131
670 905 m2 701905 -3.68445799e-05 0.5 p-1 -302778 66
264 906 m2 703810 -0.0241755303 0.5 p-1 -1449340 739
589 908 m2 707133 0.0231919829 0.5 p-1 -3226272 258
530 909 m2 707550 0.00052430277 0.5 p-1 -315074 171
142 910 m2 709970 -4.28171325e-06 0.5 p-1 -2819467 769
562 911 m2 710523 -5.42060661e-06 0.5 p-1 -1243145 659
531 914 m2 711066 0.00768746715 0.5 p-1 -118362 59
1073 915 m2 711188 -5.50294374e-07 0.5 p-1 -208 1
865 916 m2 711875 -0.0123382993 0.5 p-1 -5005178 62
1040 917 m2 712251 0.00501837721 0.5 p-1 -316 3
854 918 m2 712612 -0.00324563892 0.5 p-1 -21413 3
947 919 m2 712887 -0.000199665068 0.5 p-1 -43195 12
143 920 m2 714390 -0.00322442921 0.5 p-1 -203064 95
434 921 m2 714715 -0.00133719551 0.5 p-1 -1080845 578
1296 922 m2 715110 -0.0201259498 0.5 p-1 -22423 3
480 923 m2 715903 -4.6292148e-06 0.5 p-1 -51733 10
904 924 m2 716225 -0.0346661396 0.5 p-1 -13673 7
700 926 m2 716678 0.00900267251 0.5 p-1 -254391 138
1405 927 m2 716791 0.00208550203 0.5 p-1 -1949 2
1269 928 m2 717722 0.0331675522 0.5 p-1 -22763 2
1300 929 m2 718172 -2.80325112e-05 0.5 p-1 -3981 1
265 930 m2 718246 0.000251956837 0.5 p-1 -996954 927
573 931 m2 719133 0.000621817482 0.5 p-1 -6311721 205
1002 932 m2 721175 0.000108000859 0.5 p-1 -4711 4
921 934 m2 722683 0.0102126515 0.5 p-1 -8194 14
884 935 m2 724340 -0.000709174958 0.5 p-1 -24733 27
144 936 m2 725020 0.0204628203 0.5 p-1 -5723291 990
266 937 m2 725203 3.91404283e-05 0.5 p-1 -987170 255
331 939 m2 728203 -0.00679054484 0.5 p-1 -480300 599
924 940 m2 731895 -0.00827334821 0.5 p-1 -136503 36
905 942 m2 732058 0.00112572545 0.5 p-1 -149540 40
145 943 m2 732108 0.0491390638 0.5 p-1 -264927 123
146 944 m2 732312 0.0089096548 0.5 p-1 -3510632 368
455 945 m2 732651 1.24769995e-05 0.5 p-1 -274485 253
267 946 m2 734582 5.76899424e-07 0.5 p-1 -3235979 1502
456 947 m2 734672 -0.0005077924 0.5 p-1 -229373 93
147 948 m2 735298 0.00474061398 0.5 p-1 -1709955 815
148 949 m2 736509 -5.92657102e-07 0.5 p-1 -11621476 989
268 950 m2 736719 -5.95661959e-06 0.5 p-1 -9554908 1243
1210 951 m2 736964 0.00094582286 0.5 p-1 -5356 6
435 952 m2 737491 8.69511439e-07 0.5 p-1 -342884 257
149 953 m2 737819 -8.97011705e-05 0.5 p-1 -8690350 1623
532 954 m2 738194 -0.000840922177 0.5 p-1 -23404 37
1141 955 m2 738439 -0.0104744146 0.5 p-1 -4592 3
150 956 m2 739485 0.0635418966 0.5 p-1 -3257223 721
334 957 m2 739523 5.09103302e-06 0.5 p-1 -1313058 285
710 961 m2 743777 -0.0117943455 0.5 p-1 -21603 8
616 962 m2 744593 0.00110097229 0.5 p-1 -17572 6
724 963 m2 747404 0.00337550417 0.5 p-1 -130713 25
949 964 m2 747467 2.0460314e-07 0.5 p-1 -36267 11
950 965 m2 750715 0.0195013732 0.5 p-1 -126576 14
1455 967 m2 751364 -0.00585152255 0.5 p-1 -6894 2
153 969 m2 754346 -4.52828908e-06 0.5 p-1 -3302584 1947
801 971 m2 755657 -0.0670349449 0.5 p-1 -5045 5
1057 972 m2 755824 -0.0118412254 0.5 p-1 -5596 15
893 973 m2 756434 0.00130658527 0.5 p-1 -8879 4
1110 974 m2 756480 -0.00610067742 0.5 p-1 -120549 66
364 975 m2 758193 0.0154623101 0.5 p-1 -3806202 1024
603 976 m2 760080 0.0140121393 0.5 p-1 -1361277 287
154 977 m2 760881 0.0309521593 0.5 p-1 -1726508 1191
155 978 m2 761188 -0.000572265359 0.5 p-1 -2997967 1516
844 979 m2 761769 0.000510296435 0.5 p-1 -61319 6
270 980 m2 762052 -0.00709525961 0.5 p-1 -2023732 1177
686 983 m2 763404 0.00558697991 0.5 p-1 -65685 28
156 984 m2 763875 0.0171284247 0.5 p-1 -1885390 1174
765 985 m2 764576 0.00115219306 0.5 p-1 -46132 19
679 986 m2 765934 -0.0253129359 0.5 p-1 -100180 76
1337 987 m2 767121 -0.0103909392 0.5 p-1 -1775 3
1315 989 m2 767980 0.0172375161 0.5 p-1 -15908 3
711 990 m2 769623 -0.00196578959 0.5 p-1 -61703 5
1150 991 m2 770144 0.0067633288 0.5 p-1 -2546 5
271 992 m2 770434 -0.0224152822 0.5 p-1 -961936 272
845 993 m2 771519 -4.87099078e-06 0.5 p-1 -2404271 97
1195 994 m2 772170 -8.63328023e-05 0.5 p-1 -10172 2
509 995 m2 774662 -3.37967176e-05 0.5 p-1 -431987 57
536 996 m2 776756 0.00597618287 0.5 p-1 -358911 243
459 997 m2 777112 -0.0167502183 0.5 p-1 -2323634 273
158 998 m2 778449 -0.00036156291 0.5 p-1 -9509018 943
159 999 m2 779319 -0.000138731601 0.5 p-1 -9605450 1596
1388 1000 m2 779518 0.0190106463 0.5 p-1 -3193 2
617 1004 m2 783874 -0.0250117984 0.5 p-1 -925652 154
1233 1005 m2 784948 0.000770957558 0.5 p-1 -942017 2
537 1008 m2 787863 -0.00213962886 0.5 p-1 -973787 452
481 1012 m2 792638 -7.47577578e-05 0.5 p-1 -1989863 881
272 1013 m2 794295 -0.0131567568 0.5 p-1 -1090453 398
482 1014 m2 795144 5.42221496e-05 0.5 p-1 -54992 17
273 1015 m2 795784 2.03644817e-07 0.5 p-1 -362096 228
538 1016 m2 797242 0.000466572033 0.5 p-1 -24637 83
1163 1017 m2 798580 -6.17994301e-05 0.5 p-1 -712033 23
1240 1018 m2 798870 0.0359503627 0.5 p-1 -90186 14
160 1019 m2 799645 0.00175193755 0.5 p-1 -10320709 1710
274 1020 m2 800010 -0.00740601216 0.5 p-1 -424352 22
650 1021 m2 800105 0.0453331918 0.5 p-1 -13969 14
1187 1022 m2 800161 -0.000822193339 0.5 p-1 -138659 11
1205 1025 m2 801798 -0.00495810201 0.5 p-1 -2878 6
539 1028 m2 805694 -0.00465891883 0.5 p-1 -20394 62
162 1029 m2 807139 -0.00412816834 0.5 p-1 -281090 436
276 1030 m2 807591 -1.73254033e-09 0.5 p-1 -647966 138
163 1031 m2 809220 -0.0141110187 0.5 p-1 -1337318 171
1322 1032 m2 809964 -2.43856425e-06 0.5 p-1 -80583 4
540 1033 m2 810235 0.0178184398 0.5 p-1 -1569288 400
164 1034 m2 811181 -0.000103706312 0.5 p-1 -4186237 1851
975 1035 m2 811241 0.00610716594 0.5 p-1 -20793 25
591 1036 m2 811251 0.0104874456 0.5 p-1 -316014 108
673 1038 m2 814591 -8.45050963e-05 0.5 p-1 -179614 196
1216 1039 m2 817060 0.00670530787 0.5 p-1 -16985 18
575 1040 m2 818618 0.00416653138 0.5 p-1 -2423466 486
894 1041 m2 818985 0.0411936603 0.5 p-1 -188666 9
1232 1042 m2 820302 0.00167254778 0.5 p-1 -24465 7
166 1043 m2 821635 -8.85072677e-06 0.5 p-1 -1977885 581
1200 1044 m2 822345 -0.055969663 0.5 p-1 -178056 5
367 1045 m2 822873 0.0123448409 0.5 p-1 -282462 413
436 1046 m2 823471 -0.00827601459 0.5 p-1 -714520 303
368 1048 m2 826211 0.000520722417 0.5 p-1 -99729 53
835 1049 m2 827656 -0.00195930526 0.5 p-1 -56928 71
981 1050 m2 827666 -0.055250138 0.5 p-1 -116914 12
795 1051 m2 827987 -0.00825140718 0.5 p-1 -163023 120
168 1052 m2 829328 3.69541922e-05 0.5 p-1 -4945456 1618
169 1054 m2 833481 0.000527505937 0.5 p-1 -1617470 428
836 1055 m2 833570 0.00145733159 0.5 p-1 -62047 32
170 1057 m2 835397 -0.00427524047 0.5 p-1 -873797 232
1364 1058 m2 836005 0.000392618356 0.5 p-1 -36020 3
437 1059 m2 837480 0.0637241676 0.5 p-1 -212592 210
171 1060 m2 837774 -0.00263754488 0.5 p-1 -8099942 1797
172 1063 m2 841591 2.5526424e-06 0.5 p-1 -1678873 502
1157 1064 m2 841688 -3.26921108e-05 0.5 p-1 -121985 14
866 1066 m2 844027 -9.87622855e-08 0.5 p-1 -51911 21
279 1067 m2 844314 -1.27030844e-05 0.5 p-1 -637902 80
280 1069 m2 845561 -0.102100745 0.5 p-1 -2686257 1432
1308 1071 m2 847338 0.103001088 0.5 p-1 -6914 2
837 1072 m2 847603 -0.0189470351 0.5 p-1 -436796 31
1186 1073 m2 848855 -0.0058978009 0.5 p-1 -96015 8
701 1074 m2 849544 -0.00451793615 0.5 p-1 -114316 40
914 1076 m2 852772 -0.121465757 0.5 p-1 -65505 54
406 1077 m2 853235 3.8376573e-08 0.5 p-1 -445205 83
1007 1079 m2 854301 -0.00261583226 0.5 p-1 -982 4
1445 1081 m2 855992 0.00782247819 0.5 p-1 -930 1
174 1082 m2 856115 4.68232003e-07 0.5 p-1 -1621873 838
702 1083 m2 856127 -0.00747034932 0.5 p-1 -126207 61
461 1084 m2 856411 -0.000464132288 0.5 p-1 -371072 33
176 1087 m2 857494 -0.00115971582 0.5 p-1 -1251649 546
576 1088 m2 857589 0.000495967339 0.5 p-1 -137588 67
438 1089 m2 857847 -0.0154434284 0.5 p-1 -551099 592
282 1090 m2 858554 0.000373192219 0.5 p-1 -1417270 607
985 1091 m2 858885 0.0136537142 0.5 p-1 -13517 3
703 1092 m2 859051 0.000152808876 0.5 p-1 -343947 53
407 1093 m2 860867 0.00260030222 0.5 p-1 -222349 91
930 1094 m2 862118 -0.0109983562 0.5 p-1 -111166 66
1041 1096 m2 864018 0.0274680797 0.5 p-1 -19132 10
1437 1097 m2 864772 -0.00483511481 0.5 p-1 -8279 1
846 1099 m2 865032 -0.0070090862 0.5 p-1 -109373 20
335 1100 m2 865187 -0.0125019047 0.5 p-1 -259611 149
931 1103 m2 865697 -0.0439956151 0.5 p-1 -110587 52
918 1104 m2 866864 0.0134511935 0.5 p-1 -292978 16
780 1105 m2 867043 -0.000936365628 0.5 p-1 -601636 37
284 1106 m2 867502 -0.0187877044 0.5 p-1 -8797706 1261
885 1107 m2 868010 -0.00583785679 0.5 p-1 -13682 2
960 1108 m2 868608 0.000711206638 0.5 p-1 -1092337 41
1087 1110 m2 869119 -0.012081068 0.5 p-1 -25718 6
592 1111 m2 870703 -2.9320001e-05 0.5 p-1 -416991 156
1235 1112 m2 870895 4.16394723e-05 0.5 p-1 -1968 4
336 1114 m2 871731 -0.000556324318 0.5 p-1 -1807959 171
604 1115 m2 872420 -0.000129049848 0.5 p-1 -1034591 95
847 1116 m2 875036 -4.75255802e-05 0.5 p-1 -704 5
178 1119 m2 877983 0.00289431075 0.5 p-1 -4594054 1392
775 1121 m2 880732 -0.00620378042 0.5 p-1 -479090 19
1356 1122 m2 881181 -0.0238717478 0.5 p-1 -180611 5
180 1123 m2 882101 -0.0414994135 0.5 p-1 -4604253 1660
625 1124 m2 883794 0.00213251379 0.5 p-1 -601903 209
906 1129 m2 884847 -4.02058106e-07 0.5 p-1 -532691 52
181 1131 m2 885672 0.00131410151 0.5 p-1 -5805177 1642
439 1132 m2 885676 -0.00384839927 0.5 p-1 -496100 28
1111 1133 m2 886393 0.0102555696 0.5 p-1 -14205 7
337 1134 m2 888364 0.00778874615 0.5 p-1 -292373 478
605 1135 m2 888704 0.00158020551 0.5 p-1 -124379 13
370 1136 m2 889565 -0.00526838098 0.5 p-1 -3127027 583
371 1137 m2 889593 -0.000535117404 0.5 p-1 -5403880 583
1093 1138 m2 890523 -0.0016083325 0.5 p-1 -1698 2
1331 1139 m2 891369 -0.000745098921 0.5 p-1 -3768 2
1129 1140 m2 893188 0.013964911 0.5 p-1 -10780 6
626 1142 m2 894079 0.000281583256 0.5 p-1 -242945 153
1292 1144 m2 894546 -0.0542054698 0.5 p-1 -188913 2
1348 1145 m2 894899 0.00212906464 0.5 p-1 -205736 2
1293 1146 m2 895517 0.00430502649 0.5 p-1 -8503 2
486 1147 m2 895573 -0.0511359759 0.5 p-1 -5223113 614
1074 1148 m2 896155 -0.00132149912 0.5 p-1 -76852 3
285 1149 m2 896952 -0.0148534058 0.5 p-1 -11369762 774
1119 1150 m2 897743 0.118245885 0.5 p-1 -30935 15
183 1152 m2 898144 -0.00234867167 0.5 p-1 -1107415 1462
286 1153 m2 899308 -0.0213941298 0.5 p-1 -3946738 294
542 1154 m2 899656 0.0190353505 0.5 p-1 -647136 109
184 1156 m2 900412 -0.000113118469 0.5 p-1 -5001949 1749
1245 1157 m2 901094 -0.00128639594 0.5 p-1 -4586 3
1368 1159 m2 902676 0.00485242018 0.5 p-1 -2637 2
766 1160 m2 903878 0.00203586277 0.5 p-1 -1162686 126
916 1162 m2 904343 0.0287842862 0.5 p-1 -27508 21
830 1163 m2 904660 0.000200551498 0.5 p-1 -1279125 139
745 1164 m2 904793 -9.044326e-05 0.5 p-1 -407397 82
186 1165 m2 905516 -0.0272303838 0.5 p-1 -985174 871
825 1167 m2 906873 0.00429267669 0.5 p-1 -2271890 194
187 1168 m2 906990 -0.000834660546 0.5 p-1 -5551655 1997
687 1170 m2 907759 0.008054398 0.5 p-1 -2497600 87
189 1171 m2 912265 -0.00236042589 0.5 p-1 -3355476 997
462 1172 m2 915182 -0.0004506681 0.5 p-1 -2656371 206
1183 1173 m2 916662 0.00278193364 0.5 p-1 -324 1
802 1174 m2 920465 1.30058459e-06 0.5 p-1 -56523 23
190 1175 m2 920678 0.0040527815 0.5 p-1 -10204892 1723
1055 1177 m2 922324 0.00109576131 0.5 p-1 -4774 4
658 1179 m2 922666 -0.00473539578 0.5 p-1 -54509 16
464 1180 m2 923665 0.0032039776 0.5 p-1 -61180 122
1094 1181 m2 926929 0.00271735899 0.5 p-1 -15836 9
1117 1182 m2 927091 1.22682532e-05 0.5 p-1 -17145 12
1417 1183 m2 927482 -0.000648558838 0.5 p-1 -1103 1
578 1184 m2 927540 -0.00263521471 0.5 p-1 -822699 146
759 1185 m2 927564 4.00023282e-07 0.5 p-1 -25733 5
913 1186 m2 928608 0.000539314293 0.5 p-1 -52886 4
821 1187 m2 928652 0.00473414781 0.5 p-1 -1171574 48
338 1188 m2 930397 -7.64729435e-08 0.5 p-1 -1516662 560
796 1189 m2 930723 -5.68029172e-05 0.5 p-1 -411463 45
191 1191 m2 932420 -0.000311409734 0.5 p-1 -1057286 1814
1229 1192 m2 933698 -0.0124603435 0.5 p-1 -391 3
970 1193 m2 936000 -0.00800475478 0.5 p-1 -24144 23
900 1194 m2 936511 0.004584854 0.5 p-1 -158419 7
192 1195 m2 936892 0.00187444512 0.5 p-1 -5265690 1895
441 1196 m2 937456 -0.0094748484 0.5 p-1 -3050348 320
1059 1198 m2 939222 -2.95905505e-08 0.5 p-1 -6459 6
193 1199 m2 939430 -0.00441604014 0.5 p-1 -7799391 1852
510 1200 m2 939463 -1.43160623e-05 0.5 p-1 -484737 170
1241 1201 m2 940210 0.00741894031 0.5 p-1 -47537 3
373 1203 m2 940950 -1.23869777e-05 0.5 p-1 -1630582 165
1072 1204 m2 941023 0.0222764816 0.5 p-1 -734626 24
1392 1206 m2 944002 -4.78294896e-06 0.5 p-1 -16105 2
867 1207 m2 944930 0.0881534144 0.5 p-1 -124480 7
339 1208 m2 945217 0.0133115873 0.5 p-1 -4404312 1369
768 1209 m2 945973 -5.03936717e-05 0.5 p-1 -10824 47
818 1211 m2 948049 -0.000563140842 0.5 p-1 -1696235 92
868 1212 m2 948689 -2.64505502e-06 0.5 p-1 -24784 7
688 1213 m2 948930 -0.00439547421 0.5 p-1 -712397 49
487 1214 m2 949401 -0.000206463214 0.5 p-1 -105061 138
725 1217 m2 954120 -3.62243845e-05 0.5 p-1 -8628 21
659 1218 m2 956112 0.00127015961 0.5 p-1 -2947480 165
288 1221 m2 957532 0.0140102385 0.5 p-1 -268485 115
374 1222 m2 957928 0.0223152284 0.5 p-1 -1738398 353
1171 1224 m2 959820 -0.0195880979 0.5 p-1 -434261 18
746 1225 m2 959952 -0.0046764696 0.5 p-1 -108939 34
1231 1226 m2 960385 -0.00726023316 0.5 p-1 -30886 8
1033 1227 m2 960583 -3.70896558e-08 0.5 p-1 -107812 24
195 1228 m2 961193 -0.00253416644 0.5 p-1 -6789515 1324
488 1229 m2 961421 0.00981976744 0.5 p-1 -221741 129
1118 1230 m2 963434 -0.000219968744 0.5 p-1 -43949 11
196 1232 m2 965888 -3.73808319e-07 0.5 p-1 -881871 454
289 1233 m2 967203 -0.000600843923 0.5 p-1 -5465702 1551
291 1234 m2 968211 0.0279167797 0.5 p-1 -1554788 170
718 1235 m2 969068 0.000994597794 0.5 p-1 -375655 18
340 1237 m2 970059 -0.00367971719 0.5 p-1 -1016273 336
197 1239 m2 970273 -0.0201375615 0.5 p-1 -5992232 1960
341 1240 m2 972344 0.00483078742 0.5 p-1 -1828846 1071
1451 1241 m2 974034 -0.000499627611 0.5 p-1 -2494 2
375 1242 m2 974081 -0.000611674681 0.5 p-1 -510068 109
293 1243 m2 974646 0.000974895374 0.5 p-1 -166045 211
1324 1244 m2 974967 -0.0203062538 0.5 p-1 -12132 1
1140 1245 m2 975238 -3.1949449e-07 0.5 p-1 -108423 11
199 1246 m2 976773 -0.000622255146 0.5 p-1 -2608210 628
750 1247 m2 978267 -0.00703371922 0.5 p-1 -704751 129
727 1249 m2 981014 -1.46553175e-05 0.5 p-1 -181337 66
641 1250 m2 981195 -0.00139460212 0.5 p-1 -505670 81
1228 1252 m2 984945 -0.013651384 0.5 p-1 -4403 2
1112 1253 m2 985305 0.0165013559 0.5 p-1 -82246 13
201 1254 m2 987550 0.000248800527 0.5 p-1 -687498 1003
776 1255 m2 987558 0.00468428619 0.5 p-1 -158836 40
681 1256 m2 987800 0.00514159864 0.5 p-1 -4986053 208
972 1257 m2 988391 0.000356874109 0.5 p-1 -133699 29
1018 1258 m2 988927 -0.000226367556 0.5 p-1 -20322 6
938 1259 m2 989289 -4.18396802e-08 0.5 p-1 -330936 39
294 1260 m2 989916 -0.0128645794 0.5 p-1 -2363935 1371
1016 1261 m2 990368 -3.17126342e-06 0.5 p-1 -268324 27
489 1262 m2 991363 -0.000467292615 0.5 p-1 -1348264 537
203 1263 m2 992642 0.0049263672 0.5 p-1 -1291234 1669
1258 1266 m2 995848 -0.033797361 0.5 p-1 -227338 13
1142 1268 m2 907061 -0.000150678912 0.5 p0 2 5
1395 1269 m2 104018 -4.30977962e-05 0.5 p0 2 1
1416 1271 m2 334131 -0.00246984791 0.5 p0 2 1
1330 1272 m2 859264 -0.00200006692 0.5 p0 2 2
1399 1273 m2 21609 -0.0180128906 0.5 p0 2 1
1382 1274 m2 213896 0.0567489564 0.5 p0 2 1
1381 1275 m2 617747 -0.0840091482 0.5 p0 2 1
1436 1279 m2 444368 0.0251915008 0.5 p0 2 2
1270 1281 m2 755247 -0.00662911031 0.5 p0 2 1
1085 1284 m2 329090 0.00030282946 0.5 p0 2 3
1086 1285 m2 479484 -0.000160587006 0.5 p0 2 3
1466 1286 m2 594634 0.0307848696 0.5 p0 2 1
1347 1289 m2 313182 0.0112704122 0.5 p0 2 1
1393 1291 m2 878280 0.00691658352 0.5 p0 2 1
528 1292 m2 658469 -0.0438584387 0.5 p0 2 13
1361 1293 m2 444578 -1.02617969e-05 0.5 p0 2 1
1307 1295 m2 324105 -0.0412296839 0.5 p0 2 1
1336 1296 m2 980049 -0.0339241065 0.5 p0 2 5
1148 1300 m2 245771 0.00231625629 0.5 p0 2 1
968 1304 m2 694947 0.019967569 0.5 p0 2 2
1343 1310 m2 467460 4.62797092e-11 0.5 p0 2 1
1366 1311 m2 908659 0.0325710364 0.5 p0 2 2
1303 1312 m2 907010 -0.00183717906 0.5 p0 2 2
1298 1318 m2 743741 -0.0073776613 0.5 p0 2 1
842 1324 m2 458756 0.0218784176 0.5 p0 2 8
1426 1325 m2 108818 -1.90487083e-06 0.5 p0 2 1
1180 1326 m2 33093 0.00698227761 0.5 p0 2 2
962 1329 m2 214218 0.0558906011 0.5 p0 2 6
858 1330 m2 635359 6.49035883e-06 0.5 p0 2 1
859 1331 m2 773056 6.56129851e-05 0.5 p0 2 2
1335 1332 m2 763600 0.0128581282 0.5 p0 2 1
1238 1334 m2 245167 0.00198564189 0.5 p0 2 2
1220 1338 m2 427194 7.52643174e-08 0.5 p0 2 1
1221 1339 m2 742718 0.00506918691 0.5 p0 2 2
1428 1342 m2 186326 -0.00278389361 0.5 p0 2 2
1358 1345 m2 231748 -4.21871214e-08 0.5 p0 2 2
1286 1346 m2 656913 -0.00641987007 0.5 p0 2 3
1160 1347 m2 543403 -4.96333232e-05 0.5 p0 2 3
1371 1348 m2 266598 0.0636692047 0.5 p0 2 1
1372 1349 m2 267448 -0.000119313627 0.5 p0 2 1
966 1352 m2 444105 8.68080169e-05 0.5 p0 2 1
1084 1354 m2 82615 0.000592456898 0.5 p0 2 4
1453 1356 m2 901890 2.18516652e-05 0.5 p0 2 1
886 1358 m2 195018 0.00636433205 0.5 p0 2 5
1342 1362 m2 974048 8.94267723e-05 0.5 p0 2 1
903 1363 m2 199117 0.00843387563 0.5 p0 2 6
1312 1365 m2 427042 0.0140180774 0.5 p0 2 4
1146 1368 m2 401203 0.00138924841 0.5 p0 2 5
1301 1369 m2 216299 0.019998841 0.5 p0 2 5
1338 1373 m2 211557 0.0028906262 0.5 p0 2 4
1325 1374 m2 275328 0.00282848626 0.5 p0 2 2
1127 1375 m2 590959 -0.0164130256 0.5 p0 2 2
1321 1376 m2 733131 -0.0136933681 0.5 p0 2 1
1349 1380 m2 572830 0.000224145639 0.5 p0 2 2
599 1382 m2 604084 -0.00694881612 0.5 p0 2 5
1385 1383 m2 451044 0.000119762561 0.5 p0 2 1
1397 1387 m2 668529 0.00137569732 0.5 p0 2 2
635 1388 m2 789478 -0.0491442494 0.5 p0 2 5
948 1389 m2 525158 -0.0206911266 0.5 p0 2 1
1279 1390 m2 584921 -0.00264929747 0.5 p0 2 2
1182 1392 m2 153831 0.00531270402 0.5 p0 2 6
1147 1393 m2 120968 -0.00233253418 0.5 p0 2 2
517 1395 m2 235379 0.00824222341 0.5 p0 2 10
521 1396 m2 409641 0.00110953127 0.5 p0 2 12
1295 1397 m2 88711 0.03483399 0.5 p0 2 3
1359 1406 m2 936338 0.0389884971 0.5 p0 2 1
1414 1409 m2 114166 -0.0229281858 0.5 p0 2 2
1323 1410 m2 418788 -0.0198274348 0.5 p0 2 2
1410 1412 m2 866056 -0.0627136379 0.5 p0 2 1
567 1415 m2 196553 0.0205024313 0.5 p0 2 9
1092 1416 m2 86630 6.07128968e-05 0.5 p0 2 2
1407 1422 m2 216877 0.0411147103 0.5 p0 2 1
1135 1423 m2 716030 0.000174914894 0.5 p0 2 3
1409 1424 m2 173215 -0.000701843412 0.5 p0 2 2
1362 1425 m2 18718 -0.000419158721 0.5 p0 2 2
1278 1426 m2 565980 -1.42453374e-07 0.5 p0 2 1
1328 1429 m2 49293 -0.00549850287 0.5 p0 2 1
717 1431 m2 917795 -0.006944553 0.5 p0 2 2
1391 1439 m2 506089 0.00314016757 0.5 p0 2 2
1273 1443 m2 197654 -7.22464902e-05 0.5 p0 2 3
1458 1444 m2 549404 -0.00710205408 0.5 p0 2 1
1459 1445 m2 574150 -0.000346668559 0.5 p0 2 1
1403 1446 m2 902682 -1.3562908e-06 0.5 p0 2 1
1268 1448 m2 282640 2.01777002e-05 0.5 p0 2 2
932 1449 m2 260792 0.000111616704 0.5 p0 2 4
1251 1450 m2 623626 0.00674706791 0.5 p0 2 1
1252 1451 m2 872998 -7.56794748e-07 0.5 p0 2 3
1079 1456 m2 217627 2.50069315e-05 0.5 p0 2 1
863 1457 m2 64316 -0.00326783396 0.5 p0 2 4
1257 1460 m2 650737 4.04235379e-06 0.5 p0 2 3
1379 1461 m2 735116 -0.000192566382 0.5 p0 2 2
1377 1462 m2 108381 -1.5808431e-06 0.5 p0 2 1
1243 1463 m2 634587 -0.0332208611 0.5 p0 2 6
1008 1464 m2 57526 -0.0364190526 0.5 p0 2 2
1222 1465 m2 982794 0.0115438467 0.5 p0 2 3
1396 1469 m2 411722 2.8092225e-05 0.5 p0 2 1
1332 1472 m2 188376 -1.80925064e-09 0.5 p0 2 1
1247 1473 m2 21488 -0.0092894258 0.5 p0 2 1
1310 1475 m2 231529 0.00116855558 0.5 p0 2 5
1435 1477 m2 395483 -3.91818066e-05 0.5 p0 2 1
820 1479 m2 524211 -0.000523268536 0.5 p0 2 10
1413 1480 m2 121170 0.0137697617 0.5 p0 2 1
1267 1481 m2 142082 -0.00529672112 0.5 p0 2 1
1464 1483 m2 309111 0.000276491395 0.5 p0 2 1
782 1486 m2 35618 -0.000167246544 0.5 p0 2 4
786 1487 m2 388840 0.000255801133 0.5 p0 2 5
758 1491 m2 768461 1.17211423e-08 0.5 p0 2 5
742 1495 m2 159151 0.037336491 0.5 p0 2 5
923 1497 m2 676565 0.000287059607 0.5 p0 2 2
1128 1498 m2 660270 -3.47533103e-07 0.5 p0 2 8
1402 1499 m2 782414 -0.0309658237 0.5 p0 2 1
895 1505 m2 933029 -0.00490993354 0.5 p0 2 6
1199 1513 m2 84251 4.53791881e-06 0.5 p0 2 6
977 1517 m2 256319 3.24995635e-05 0.5 p0 2 7
1191 1524 m2 637122 0.000360647478 0.5 p0 2 2
680 1526 m2 869352 0.00168023712 0.5 p0 2 4
1001 1527 m2 495539 -2.1320493e-05 0.5 p0 2 2
1120 1529 m2 674884 -0.0215579942 0.5 p0 2 11
1383 1535 m2 813626 3.35618857e-08 0.5 p0 2 1
1424 1536 m2 279716 0.00365819014 0.5 p0 2 2
1394 1538 m2 21086 0.00171204109 0.5 p0 2 1
1250 1539 m2 765172 -0.000126448562 0.5 p0 2 2
1463 1541 m2 598242 -0.000204513941 0.5 p0 2 2
1339 1543 m2 470837 1.21437206e-05 0.5 p0 2 4
1460 1545 m2 263927 0.0114300726 0.5 p0 2 1
1476 1547 m2 971895 -5.39409939e-07 0.5 p0 2 1
1390 1548 m2 246147 0.00050842372 0.5 p0 2 1
980 1549 m2 752430 -0.000404730701 0.5 p0 2 8
1275 1553 m2 412233 -0.00112532545 0.5 p0 2 4
1109 1554 m2 348399 0.0205103401 0.5 p0 2 2
1449 1557 m2 458446 -0.00223409967 0.5 p0 2 1
1025 1558 m2 838626 0.00886877626 0.5 p0 2 4
1469 1559 m2 702449 0.00023144485 0.5 p0 2 1
1429 1561 m2 430984 -3.21090993e-05 0.5 p0 2 1
559 1564 m2 593776 0.0043418631 0.5 p0 2 7
1061 1565 m2 122541 2.178758e-06 0.5 p0 2 5
1433 1566 m2 123334 0.00926434714 0.5 p0 2 1
1475 1567 m2 415926 9.87009116e-07 0.5 p0 2 1
1477 1568 m2 853772 6.67342465e-05 0.5 p0 2 1
1412 1570 m2 281459 0.00870331004 0.5 p0 2 3
1049 1571 m2 743555 -0.00445097545 0.5 p0 2 2
1048 1572 m2 283461 -0.0380305536 0.5 p0 2 6
1194 1578 m2 597774 -0.0370579362 0.5 p0 2 3
1421 1582 m2 722687 -0.000172440938 0.5 p0 2 1
1318 1587 m2 75179 0.00134049915 0.5 p0 2 2
1302 1588 m2 533206 -0.0331798606 0.5 p0 2 1
1420 1590 m2 818712 -0.00271492824 0.5 p0 2 3
1097 1592 m2 721506 0.00052986684 0.5 p0 2 2
944 1595 m2 397912 0.0129488548 0.5 p0 2 5
748 1598 m2 425991 -0.018489955 0.5 p0 2 4
1168 1599 m2 296341 0.00243418058 0.5 p0 2 6
987 1603 m2 950041 -3.62209605e-08 0.5 p0 2 1
0 1605 m1 1484 -0 0.5 p-1 -2890508 1639
1 1607 m1 6636 0 0.5 p-1 -690867 608
1169 1608 m1 10178 0 0.5 p-1 -5524 12
408 1609 m1 14894 0 0.5 p-1 -53247 95
901 1610 m1 18323 -0 0.5 p-1 -420690 14
1153 1612 m1 19428 0 0.5 p-1 -1210 5
3 1614 m1 22463 0 0.5 p-1 -3008030 639
5 1615 m1 25005 0 0.5 p-1 -6109246 1303
6 1616 m1 25175 -0 0.5 p-1 -9488449 1418
377 1617 m1 26365 -0 0.5 p-1 -52872 48
342 1618 m1 26833 0 0.5 p-1 -6963637 1153
205 1620 m1 27460 -0 0.5 p-1 -1974517 1119
1246 1621 m1 27853 -0 0.5 p-1 -82087 7
674 1623 m1 32543 -0 0.5 p-1 -248362 161
206 1624 m1 35607 -0 0.5 p-1 -2811382 1374
783 1627 m1 40622 -0 0.5 p-1 -276964 60
902 1629 m1 47980 -0 0.5 p-1 -408 8
298 1630 m1 48136 0 0.5 p-1 -935120 391
1108 1631 m1 50538 -0 0.5 p-1 -9151 7
511 1634 m1 58768 -0 0.5 p-1 -191367 133
13 1635 m1 63168 0 0.5 p-1 -9446103 1521
208 1636 m1 65220 0 0.5 p-1 -3662219 1439
789 1637 m1 73482 0 0.5 p-1 -289934 17
16 1639 m1 74526 0 0.5 p-1 -7931085 1821
712 1642 m1 82456 -0 0.5 p-1 -920292 39
344 1643 m1 85863 0 0.5 p-1 -353130 16
302 1645 m1 93064 -0 0.5 p-1 -1885448 245
995 1646 m1 95535 0 0.5 p-1 -149722 35
1340 1647 m1 95552 -0 0.5 p-1 -1099 1
580 1649 m1 99232 -0 0.5 p-1 -94249 61
25 1650 m1 101332 0 0.5 p-1 -2321579 153
773 1653 m1 107901 0 0.5 p-1 -1818 9
1255 1655 m1 108034 0 0.5 p-1 -16496 9
581 1656 m1 117326 0 0.5 p-1 -485639 29
29 1657 m1 121929 0 0.5 p-1 -916652 521
385 1658 m1 122321 -0 0.5 p-1 -1631878 90
1333 1659 m1 122725 0 0.5 p-1 -59669 8
30 1660 m1 123750 -0 0.5 p-1 -986178 1034
957 1661 m1 129677 -0 0.5 p-1 -24438 18
1370 1662 m1 131445 0 0.5 p-1 -22336 1
1266 1663 m1 133499 -0 0.5 p-1 -3950 1
1384 1664 m1 137874 -0 0.5 p-1 -9442 3
307 1668 m1 144800 0 0.5 p-1 -1115122 606
386 1669 m1 145130 -0 0.5 p-1 -451798 512
883 1670 m1 146196 -0 0.5 p-1 -25701 1
1242 1671 m1 146487 0 0.5 p-1 -26483 5
415 1673 m1 161338 -0 0.5 p-1 -576144 292
416 1675 m1 170407 0 0.5 p-1 -10585417 344
468 1676 m1 170500 -0 0.5 p-1 -102274 114
1143 1678 m1 172325 -0 0.5 p-1 -50689 1
469 1679 m1 176031 0 0.5 p-1 -1015985 103
907 1680 m1 178071 0 0.5 p-1 -64568 6
1066 1682 m1 179915 0 0.5 p-1 -8869 2
218 1684 m1 183547 0 0.5 p-1 -629821 117
387 1685 m1 187004 0 0.5 p-1 -461821 261
388 1687 m1 199838 -0 0.5 p-1 -8609487 618
349 1688 m1 200775 0 0.5 p-1 -339937 637
713 1689 m1 201079 0 0.5 p-1 -452045 74
1423 1690 m1 202519 0 0.5 p-1 -3662 3
1419 1691 m1 202628 0 0.5 p-1 -740 1
1064 1692 m1 203028 -0 0.5 p-1 -2661 5
493 1694 m1 205479 -0 0.5 p-1 -409117 183
831 1696 m1 209568 -0 0.5 p-1 -457138 13
935 1697 m1 212566 -0 0.5 p-1 -127088 69
1271 1698 m1 212970 0 0.5 p-1 -7703 2
1131 1699 m1 213340 -0 0.5 p-1 -5320 10
1207 1700 m1 213581 0 0.5 p-1 -3481 1
609 1701 m1 214609 0 0.5 p-1 -4315858 98
785 1702 m1 215122 0 0.5 p-1 -301510 34
223 1703 m1 215826 0 0.5 p-1 -380292 356
418 1704 m1 219210 0 0.5 p-1 -69889 9
855 1705 m1 221460 -0 0.5 p-1 -110605 36
471 1706 m1 224328 0 0.5 p-1 -50156 57
819 1709 m1 236600 0 0.5 p-1 -29933 35
1080 1710 m1 238966 -0 0.5 p-1 -155465 11
810 1711 m1 239293 0 0.5 p-1 -213567 16
996 1712 m1 239499 -0 0.5 p-1 -52399 30
958 1713 m1 241644 0 0.5 p-1 -856 8
226 1716 m1 248989 -0 0.5 p-1 -246685 88
1046 1718 m1 252684 -0 0.5 p-1 -92838 5
518 1720 m1 255539 -0 0.5 p-1 -5297 19
827 1723 m1 257794 0 0.5 p-1 -191354 98
309 1724 m1 265115 0 0.5 p-1 -1447220 717
1054 1726 m1 269656 0 0.5 p-1 -64834 29
1411 1727 m1 271735 0 0.5 p-1 -12604 4
496 1729 m1 274163 0 0.5 p-1 -470310 354
595 1730 m1 275036 0 0.5 p-1 -323858 97
51 1733 m1 284512 -0 0.5 p-1 -4686606 1313
52 1734 m1 285514 0 0.5 p-1 -1757531 1700
229 1735 m1 286738 -0 0.5 p-1 -2731019 1080
54 1736 m1 292478 0 0.5 p-1 -3742571 758
232 1738 m1 296555 -0 0.5 p-1 -6779410 1614
1345 1739 m1 297692 -0 0.5 p-1 -627558 3
1226 1740 m1 298130 0 0.5 p-1 -1388 7
1454 1741 m1 298999 0 0.5 p-1 -10484 1
1024 1742 m1 299148 0 0.5 p-1 -14057 7
887 1743 m1 300303 0 0.5 p-1 -74124 24
421 1744 m1 301615 -0 0.5 p-1 -210969 151
799 1746 m1 307862 -0 0.5 p-1 -102021 28
59 1749 m1 322114 -0 0.5 p-1 -2001702 953
934 1750 m1 324604 0 0.5 p-1 -186589 31
61 1751 m1 325473 -0 0.5 p-1 -1090415 840
63 1752 m1 327623 -0 0.5 p-1 -12294115 1761
692 1754 m1 329597 0 0.5 p-1 -7267 11
498 1755 m1 329675 -0 0.5 p-1 -10788 14
394 1756 m1 329769 -0 0.5 p-1 -1400100 10
233 1758 m1 337131 0 0.5 p-1 -4275323 1639
234 1759 m1 345396 0 0.5 p-1 -1327027 397
520 1760 m1 347973 -0 0.5 p-1 -263858 71
909 1762 m1 349900 0 0.5 p-1 -3033 7
69 1764 m1 354784 -0 0.5 p-1 -2769873 988
1299 1765 m1 359488 -0 0.5 p-1 -6742 1
316 1766 m1 362133 -0 0.5 p-1 -5042123 274
666 1767 m1 362562 0 0.5 p-1 -98052 46
1329 1768 m1 364367 0 0.5 p-1 -1431 3
1038 1769 m1 368911 0 0.5 p-1 -17308 17
984 1770 m1 370857 0 0.5 p-1 -530314 7
353 1772 m1 372914 -0 0.5 p-1 -7650 13
1015 1775 m1 378806 -0 0.5 p-1 -88450 9
1274 1776 m1 381713 -0 0.5 p-1 -9276 5
929 1777 m1 382860 0 0.5 p-1 -8070 2
715 1778 m1 385410 0 0.5 p-1 -354858 15
1035 1779 m1 388477 0 0.5 p-1 -162668 13
585 1780 m1 392073 -0 0.5 p-1 -275216 230
238 1782 m1 405431 -0 0.5 p-1 -11436479 1236
952 1783 m1 407059 0 0.5 p-1 -2639 4
1178 1784 m1 407383 0 0.5 p-1 -7191 4
318 1785 m1 408472 0 0.5 p-1 -5973361 650
793 1786 m1 412075 0 0.5 p-1 -130285 57
620 1787 m1 412826 0 0.5 p-1 -168446 176
1387 1788 m1 414401 -0 0.5 p-1 -1274 2
953 1789 m1 420468 0 0.5 p-1 -74391 28
639 1790 m1 420789 0 0.5 p-1 -104646 105
240 1793 m1 428124 -0 0.5 p-1 -1395514 257
398 1794 m1 431371 -0 0.5 p-1 -10069500 752
1125 1795 m1 435324 0 0.5 p-1 -11537 12
78 1797 m1 436998 -0 0.5 p-1 -953073 317
79 1798 m1 447510 0 0.5 p-1 -7833026 1581
1478 1799 m1 449982 0 0.5 p-1 -28024 1
983 1801 m1 450831 0 0.5 p-1 -11309 22
621 1802 m1 458089 0 0.5 p-1 -345913 54
80 1803 m1 458226 0 0.5 p-1 -3001098 1404
356 1804 m1 462452 -0 0.5 p-1 -2697203 342
1432 1805 m1 465066 0 0.5 p-1 -1454 2
997 1806 m1 466367 0 0.5 p-1 -8334 1
794 1807 m1 467953 0 0.5 p-1 -3221207 111
1306 1808 m1 469217 0 0.5 p-1 -9407 3
749 1809 m1 469962 -0 0.5 p-1 -40306 13
1212 1810 m1 471017 -0 0.5 p-1 -118309 1
920 1811 m1 474607 -0 0.5 p-1 -18317 26
85 1812 m1 476795 -0 0.5 p-1 -1635505 1684
87 1813 m1 478989 -0 0.5 p-1 -2959721 1726
242 1814 m1 480311 -0 0.5 p-1 -4812508 1185
1026 1815 m1 480725 -0 0.5 p-1 -4967645 48
971 1817 m1 482535 -0 0.5 p-1 -504293 72
88 1818 m1 484988 -0 0.5 p-1 -3045207 1304
1457 1819 m1 485158 -0 0.5 p-1 -46961 1
91 1821 m1 490141 0 0.5 p-1 -1542951 516
325 1822 m1 491453 0 0.5 p-1 -402433 489
646 1823 m1 492435 0 0.5 p-1 -4893724 154
917 1824 m1 493788 -0 0.5 p-1 -440295 7
92 1825 m1 497449 -0 0.5 p-1 -6201758 1870
243 1827 m1 501198 0 0.5 p-1 -15690 16
93 1828 m1 501531 0 0.5 p-1 -4932942 1960
502 1829 m1 504193 -0 0.5 p-1 -588650 142
503 1830 m1 507667 0 0.5 p-1 -3700543 54
473 1831 m1 511091 -0 0.5 p-1 -21884 10
556 1832 m1 514416 -0 0.5 p-1 -141143 185
505 1834 m1 517512 0 0.5 p-1 -25782 2
428 1835 m1 518074 -0 0.5 p-1 -1635362 365
100 1837 m1 521917 -0 0.5 p-1 -4642171 893
526 1841 m1 532100 0 0.5 p-1 -2541188 413
787 1842 m1 532336 0 0.5 p-1 -470566 169
1056 1843 m1 533631 -0 0.5 p-1 -8065393 16
247 1845 m1 540530 -0 0.5 p-1 -1077764 431
587 1846 m1 540619 -0 0.5 p-1 -990478 279
104 1848 m1 541388 0 0.5 p-1 -1797644 364
744 1851 m1 548672 0 0.5 p-1 -14626 14
1373 1852 m1 549460 0 0.5 p-1 -44225 1
964 1853 m1 553646 -0 0.5 p-1 -56387 23
429 1854 m1 553808 -0 0.5 p-1 -1722315 314
248 1856 m1 559817 0 0.5 p-1 -2221483 1111
329 1857 m1 562040 0 0.5 p-1 -7352846 1056
614 1858 m1 562889 -0 0.5 p-1 -329660 144
598 1859 m1 570505 0 0.5 p-1 -484951 569
107 1862 m1 575689 -0 0.5 p-1 -3774186 1426
109 1863 m1 578558 0 0.5 p-1 -1789897 1701
738 1864 m1 580172 0 0.5 p-1 -2837687 176
874 1866 m1 586658 0 0.5 p-1 -62339 39
704 1867 m1 587655 -0 0.5 p-1 -3071557 130
705 1868 m1 588474 0 0.5 p-1 -1174656 68
113 1870 m1 591935 -0 0.5 p-1 -12884303 1928
823 1872 m1 596914 0 0.5 p-1 -342363 38
478 1873 m1 597451 -0 0.5 p-1 -219277 71
119 1875 m1 604906 -0 0.5 p-1 -2298351 567
730 1876 m1 607956 -0 0.5 p-1 -30192 10
1176 1877 m1 608246 -0 0.5 p-1 -4034 2
120 1878 m1 608571 -0 0.5 p-1 -542827 198
1053 1879 m1 611759 0 0.5 p-1 -863 2
1209 1880 m1 614032 0 0.5 p-1 -12361 12
600 1881 m1 616441 -0 0.5 p-1 -550766 81
694 1882 m1 619352 0 0.5 p-1 -1769676 155
1468 1883 m1 619784 -0 0.5 p-1 -6798 1
1166 1884 m1 619963 0 0.5 p-1 -11648 3
640 1886 m1 620631 -0 0.5 p-1 -26273 9
804 1888 m1 622712 -0 0.5 p-1 -233281 4
1294 1889 m1 628657 0 0.5 p-1 -2994 1
125 1890 m1 631560 -0 0.5 p-1 -1142257 60
633 1892 m1 631903 0 0.5 p-1 -80827 174
772 1893 m1 639923 0 0.5 p-1 -98707 26
479 1894 m1 646778 -0 0.5 p-1 -873259 284
897 1896 m1 649495 0 0.5 p-1 -224827 59
839 1897 m1 652026 -0 0.5 p-1 -256635 67
615 1898 m1 652934 -0 0.5 p-1 -132344 103
1101 1900 m1 660163 -0 0.5 p-1 -31709 17
840 1901 m1 660308 0 0.5 p-1 -20977 1
1144 1902 m1 661790 -0 0.5 p-1 -277341 15
1353 1903 m1 663645 -0 0.5 p-1 -39984 2
131 1904 m1 665085 -0 0.5 p-1 -1598231 352
259 1905 m1 673176 0 0.5 p-1 -8016669 1250
133 1907 m1 674681 -0 0.5 p-1 -2581927 543
1219 1908 m1 677273 -0 0.5 p-1 -17647 2
260 1910 m1 677712 0 0.5 p-1 -611812 642
261 1911 m1 677757 0 0.5 p-1 -4170143 1339
262 1912 m1 679588 -0 0.5 p-1 -932609 430
362 1913 m1 680618 0 0.5 p-1 -10022972 1505
1404 1914 m1 682959 -0 0.5 p-1 -7632 2
898 1915 m1 687209 -0 0.5 p-1 -148332 29
330 1916 m1 697441 0 0.5 p-1 -179972 70
141 1917 m1 704876 0 0.5 p-1 -1028538 878
878 1918 m1 705545 0 0.5 p-1 -77759 33
805 1919 m1 707193 0 0.5 p-1 -717 1
716 1921 m1 708173 0 0.5 p-1 -50805 70
1239 1922 m1 713491 0 0.5 p-1 -1779 3
699 1924 m1 716357 0 0.5 p-1 -100622 132
1287 1925 m1 717231 0 0.5 p-1 -27642 3
404 1926 m1 718226 0 0.5 p-1 -1261179 171
889 1928 m1 725827 0 0.5 p-1 -97805 33
1276 1929 m1 729209 0 0.5 p-1 -164502 6
332 1931 m1 732665 -0 0.5 p-1 -2345974 72
1471 1935 m1 736865 0 0.5 p-1 -89814 2
333 1937 m1 738990 0 0.5 p-1 -1130083 325
457 1938 m1 739577 0 0.5 p-1 -1893468 517
533 1939 m1 744428 0 0.5 p-1 -7564032 142
269 1940 m1 745513 0 0.5 p-1 -720411 392
1448 1942 m1 746725 -0 0.5 p-1 -1643 1
151 1943 m1 749180 -0 0.5 p-1 -1762241 513
1071 1944 m1 750881 0 0.5 p-1 -60414 14
507 1945 m1 751075 -0 0.5 p-1 -120437 56
152 1946 m1 753030 -0 0.5 p-1 -2634427 723
534 1947 m1 754463 -0 0.5 p-1 -54235 78
365 1949 m1 761503 0 0.5 p-1 -274472 43
1137 1950 m1 762865 0 0.5 p-1 -37625 7
458 1951 m1 766446 -0 0.5 p-1 -93620 71
157 1952 m1 768173 0 0.5 p-1 -2977220 631
405 1953 m1 770363 0 0.5 p-1 -4317945 193
508 1954 m1 771286 -0 0.5 p-1 -319598 138
535 1955 m1 774448 -0 0.5 p-1 -1453991 476
590 1958 m1 786023 -0 0.5 p-1 -701952 190
731 1960 m1 791913 0 0.5 p-1 -85792 11
483 1961 m1 799962 -0 0.5 p-1 -315127 210
1043 1962 m1 800028 -0 0.5 p-1 -3610 3
1159 1964 m1 802452 -0 0.5 p-1 -19608 17
1365 1965 m1 803192 0 0.5 p-1 -9593 2
161 1966 m1 803292 -0 0.5 p-1 -473713 243
275 1968 m1 804992 -0 0.5 p-1 -1028092 447
1316 1970 m1 810297 -0 0.5 p-1 -4491 3
1107 1971 m1 812158 0 0.5 p-1 -28658 22
366 1973 m1 813172 0 0.5 p-1 -39758 8
574 1975 m1 814305 -0 0.5 p-1 -224982 144
165 1977 m1 817257 0 0.5 p-1 -145758 116
1442 1979 m1 820133 -0 0.5 p-1 -240747 1
277 1981 m1 826078 0 0.5 p-1 -2718832 1480
167 1982 m1 828711 -0 0.5 p-1 -4415521 1297
1102 1983 m1 829705 0 0.5 p-1 -135853 34
1213 1985 m1 830259 0 0.5 p-1 -1150 3
460 1986 m1 832357 0 0.5 p-1 -224418 541
1225 1987 m1 836191 -0 0.5 p-1 -26612 2
806 1990 m1 838730 -0 0.5 p-1 -316531 66
624 1991 m1 841020 -0 0.5 p-1 -4177592 393
278 1993 m1 843189 0 0.5 p-1 -8061044 566
484 1994 m1 844065 -0 0.5 p-1 -1949803 290
281 1995 m1 846733 0 0.5 p-1 -4041262 1756
671 1996 m1 852549 -0 0.5 p-1 -320133 160
173 1997 m1 855292 -0 0.5 p-1 -2370745 1338
175 1998 m1 857232 0 0.5 p-1 -1865802 1424
485 2000 m1 861597 0 0.5 p-1 -2232361 365
283 2001 m1 862976 -0 0.5 p-1 -727385 399
577 2002 m1 867971 -0 0.5 p-1 -312968 26
1076 2003 m1 869663 -0 0.5 p-1 -253742 3
1138 2004 m1 870637 0 0.5 p-1 -11590 8
541 2005 m1 871877 -0 0.5 p-1 -1423987 164
618 2007 m1 877686 -0 0.5 p-1 -231424 191
177 2008 m1 877803 -0 0.5 p-1 -3999196 1394
179 2009 m1 879738 0 0.5 p-1 -3637250 1732
369 2012 m1 883331 0 0.5 p-1 -1601101 293
1022 2013 m1 884118 -0 0.5 p-1 -16773 4
182 2014 m1 888881 -0 0.5 p-1 -3694910 502
965 2016 m1 892616 0 0.5 p-1 -27553 34
1103 2017 m1 896107 0 0.5 p-1 -140356 13
915 2018 m1 899803 -0 0.5 p-1 -107250 66
287 2019 m1 900799 -0 0.5 p-1 -2693220 1196
185 2020 m1 900957 0 0.5 p-1 -4260224 1356
1472 2021 m1 901494 -0 0.5 p-1 -2837 2
543 2022 m1 901800 -0 0.5 p-1 -281044 65
899 2023 m1 902400 0 0.5 p-1 -399 9
563 2024 m1 903370 -0 0.5 p-1 -3018600 264
826 2025 m1 906938 0 0.5 p-1 -2812517 189
188 2026 m1 907348 0 0.5 p-1 -1003738 428
440 2027 m1 915625 -0 0.5 p-1 -36525 14
463 2028 m1 916654 0 0.5 p-1 -69834 43
767 2029 m1 918675 0 0.5 p-1 -274431 169
619 2030 m1 918753 0 0.5 p-1 -592205 288
372 2031 m1 927634 -0 0.5 p-1 -349423 131
1291 2032 m1 933168 -0 0.5 p-1 -1298 2
1181 2033 m1 933751 -0 0.5 p-1 -29706 5
1285 2034 m1 938359 -0 0.5 p-1 -25004 1
579 2035 m1 939793 0 0.5 p-1 -42852 17
442 2036 m1 940700 -0 0.5 p-1 -219691 101
194 2037 m1 943263 0 0.5 p-1 -6987501 1347
1253 2039 m1 944122 -0 0.5 p-1 -5332 1
940 2040 m1 946124 0 0.5 p-1 -106991 66
732 2041 m1 953883 -0 0.5 p-1 -95995 50
1450 2042 m1 954637 0 0.5 p-1 -155854 2
1184 2043 m1 955273 -0 0.5 p-1 -11217 3
290 2044 m1 967504 0 0.5 p-1 -9747784 1527
672 2045 m1 967717 0 0.5 p-1 -319314 21
198 2047 m1 970468 -0 0.5 p-1 -12530228 1558
1283 2048 m1 971795 0 0.5 p-1 -24165 4
651 2050 m1 973613 0 0.5 p-1 -162352 11
292 2051 m1 974344 0 0.5 p-1 -3178898 1440
988 2053 m1 975960 0 0.5 p-1 -38957 41
726 2054 m1 976953 0 0.5 p-1 -56153 58
1474 2057 m1 983326 -0 0.5 p-1 -16671 1
200 2058 m1 983950 -0 0.5 p-1 -9299371 1129
850 2060 m1 987450 0 0.5 p-1 -7224649 102
733 2062 m1 988266 -0 0.5 p-1 -40412 26
652 2063 m1 990374 0 0.5 p-1 -180705 14
202 2064 m1 992159 0 0.5 p-1 -744658 800
295 2065 m1 992306 -0 0.5 p-1 -1181642 789
