Temp_ID Permanent_ID Mutation_type Position s h Subpop Tick Number
267 1 m2 6282 0.017344065 0.5 p-1 -1530 1
131 2 m2 6913 -0.000538579363 0.5 p-1 -506716 147
238 3 m2 14211 -1.41674027e-05 0.5 p-1 -61449 9
122 5 m2 17936 0.00309966016 0.5 p-1 -1532103 292
210 7 m2 23515 -0.000832611753 0.5 p-1 -1101825 36
88 8 m2 24554 -0.000397511234 0.5 p-1 -264421 83
117 9 m2 24965 -9.29452472e-06 0.5 p-1 -373386 401
2 10 m2 30994 1.31076722e-05 0.5 p-1 -2752878 944
169 11 m2 33493 -3.45395274e-05 0.5 p-1 -96269 31
62 12 m2 35314 0.0017831634 0.5 p-1 -4749574 508
3 13 m2 38646 0.00503093563 0.5 p-1 -4204705 1545
63 14 m2 41271 1.29299888e-05 0.5 p-1 -910847 261
216 15 m2 50576 0.0365427546 0.5 p-1 -33995 22
5 16 m2 57934 -5.24576135e-05 0.5 p-1 -2866817 673
41 18 m2 62079 0.000967309577 0.5 p-1 -705332 333
6 19 m2 62407 0.0228420291 0.5 p-1 -1802684 345
97 20 m2 64283 -0.00454090163 0.5 p-1 -433139 285
177 23 m2 73162 0.0044281166 0.5 p-1 -36699 7
184 24 m2 75739 0.00812341087 0.5 p-1 -24017 25
180 26 m2 81961 -1.51362485e-06 0.5 p-1 -1656465 59
201 28 m2 94363 1.95290359e-05 0.5 p-1 -202314 40
150 29 m2 94722 0.00615581451 0.5 p-1 -259046 89
42 30 m2 95099 0.0156757534 0.5 p-1 -119526 146
219 31 m2 102028 0.000336493889 0.5 p-1 -1790209 7
141 32 m2 105633 9.28623413e-05 0.5 p-1 -3410265 95
181 33 m2 110999 0.015508824 0.5 p-1 -334470 124
205 34 m2 113706 -0.00307974592 0.5 p-1 -566661 23
112 35 m2 116271 -0.0848873556 0.5 p-1 -295819 44
7 36 m2 116610 -0.000395109382 0.5 p-1 -83089 53
289 37 m2 122545 -0.103578381 0.5 p-1 -3494 1
226 38 m2 124392 0.0024997252 0.5 p-1 -23938 13
257 39 m2 124616 0.0462773107 0.5 p-1 -1292 5
142 40 m2 126496 -0.00286943885 0.5 p-1 -5659 12
64 41 m2 129887 0.000143723548 0.5 p-1 -257042 416
206 42 m2 131290 -0.00955377333 0.5 p-1 -9580 35
212 43 m2 132605 0.0065370379 0.5 p-1 -57048 3
143 45 m2 139123 -0.00469938572 0.5 p-1 -666333 173
202 47 m2 158214 -0.000819293084 0.5 p-1 -9656 3
103 49 m2 165253 -2.66212965e-07 0.5 p-1 -1904388 469
235 50 m2 167241 -3.04840596e-05 0.5 p-1 -26874 10
232 51 m2 181787 -0.00845829677 0.5 p-1 -37234 38
8 52 m2 181971 0.00351120229 0.5 p-1 -7086173 141
43 53 m2 185281 0.0326960161 0.5 p-1 -604041 732
9 54 m2 187465 -4.56931703e-05 0.5 p-1 -1150248 613
199 55 m2 188907 0.000277136889 0.5 p-1 -40787 37
98 58 m2 192717 -0.00046838331 0.5 p-1 -345270 480
44 60 m2 200645 -0.0304459054 0.5 p-1 -3393264 1062
243 61 m2 200790 0.018652983 0.5 p-1 -265522 9
188 62 m2 201118 -0.0048558847 0.5 p-1 -45804 23
135 64 m2 217835 -3.39335202e-05 0.5 p-1 -43825 8
90 65 m2 223687 -0.00191150222 0.5 p-1 -6460484 922
193 67 m2 236543 -0.000641635503 0.5 p-1 -66210 83
46 68 m2 236947 0.00704585155 0.5 p-1 -209909 147
228 69 m2 241442 -7.462746e-05 0.5 p-1 -28483 16
268 71 m2 254566 0.00480054412 0.5 p-1 -122826 10
245 73 m2 265089 0.0112631181 0.5 p-1 -32183 3
144 74 m2 275670 -0.00942932907 0.5 p-1 -930948 43
11 76 m2 284295 0.000330324547 0.5 p-1 -15007610 1758
83 77 m2 284504 0.0148053886 0.5 p-1 -84603 66
296 78 m2 288464 0.0238886941 0.5 p-1 -12643 1
47 81 m2 297849 0.00299596065 0.5 p-1 -3069924 164
270 82 m2 311861 -1.70251803e-06 0.5 p-1 -5835 14
194 83 m2 312740 7.73319971e-06 0.5 p-1 -72745 21
92 84 m2 314109 -0.00300863851 0.5 p-1 -2737121 455
175 85 m2 316927 -1.95837742e-06 0.5 p-1 -3457743 73
273 86 m2 320788 -0.0137160402 0.5 p-1 -12247 1
119 89 m2 328959 0.00310123223 0.5 p-1 -243938 52
227 90 m2 341292 7.38528479e-06 0.5 p-1 -21064 5
159 91 m2 343587 -0.0115324445 0.5 p-1 -11840 3
231 92 m2 346096 0.000185316399 0.5 p-1 -110314 26
290 93 m2 355132 -0.00219535269 0.5 p-1 -12074 3
48 94 m2 355367 -0.0111552142 0.5 p-1 -213056 240
104 95 m2 358220 -0.00120643096 0.5 p-1 -11301 13
276 98 m2 359579 -0.0069429297 0.5 p-1 -1509 7
50 100 m2 369106 1.64112078e-06 0.5 p-1 -1312894 262
272 101 m2 371304 -0.0109506575 0.5 p-1 -101046 2
256 102 m2 372738 -0.0103120739 0.5 p-1 -39226 14
65 103 m2 373350 -0.0078989761 0.5 p-1 -1255676 858
304 104 m2 373585 -0.00532567268 0.5 p-1 -903931 1
66 106 m2 376470 0.0138796568 0.5 p-1 -10900136 669
13 107 m2 379267 2.78398293e-05 0.5 p-1 -4747576 1836
286 108 m2 382864 0.00477273343 0.5 p-1 -36848 3
218 109 m2 391724 -0.00298709492 0.5 p-1 -4523717 46
67 110 m2 394922 0.0609410144 0.5 p-1 -925082 541
287 111 m2 399436 2.02509409e-06 0.5 p-1 -857694 6
145 112 m2 401613 -0.00965042878 0.5 p-1 -339869 90
160 113 m2 401973 0.0114759402 0.5 p-1 -7737 3
14 114 m2 404264 1.08909189e-05 0.5 p-1 -5147986 690
15 115 m2 407150 -8.51931982e-05 0.5 p-1 -583863 699
182 116 m2 413636 0.017137412 0.5 p-1 -61180 17
171 118 m2 418103 -8.42837253e-05 0.5 p-1 -1326805 75
255 120 m2 424961 -8.44335591e-05 0.5 p-1 -110525 1
85 121 m2 425145 0.0328423157 0.5 p-1 -3870014 342
234 124 m2 432407 -0.036261335 0.5 p-1 -1366028 21
18 126 m2 443048 -0.0274490807 0.5 p-1 -4784503 730
252 129 m2 449930 0.00027211933 0.5 p-1 -2888 3
305 132 m2 459297 0.00018622198 0.5 p-1 -2018 1
161 133 m2 463587 0.000840797729 0.5 p-1 -158015 30
162 134 m2 464352 -9.35283566e-08 0.5 p-1 -92709 30
51 135 m2 464827 0.00809391495 0.5 p-1 -981331 331
166 136 m2 476182 -0.0203361381 0.5 p-1 -7454 7
259 137 m2 477328 0.000301168824 0.5 p-1 -263423 5
52 138 m2 481750 0.00470033009 0.5 p-1 -3678004 1548
164 140 m2 484176 0.00321559189 0.5 p-1 -773090 10
105 145 m2 501505 -0.0120759802 0.5 p-1 -1451296 366
230 148 m2 509121 0.00471791113 0.5 p-1 -100190 9
19 149 m2 509899 -0.000894970959 0.5 p-1 -85968 20
106 150 m2 510506 0.0458789021 0.5 p-1 -972078 308
20 152 m2 516130 -0.000998166506 0.5 p-1 -1139216 1008
197 155 m2 538895 0.00889126584 0.5 p-1 -250853 7
258 156 m2 542451 -0.000403533515 0.5 p-1 -262333 15
74 157 m2 544113 -0.00697456067 0.5 p-1 -372049 475
21 160 m2 549432 -0.000965903979 0.5 p-1 -6365010 1928
191 161 m2 549476 -0.0023016606 0.5 p-1 -78151 31
121 162 m2 552565 0.00680485321 0.5 p-1 -200546 151
192 163 m2 561585 0.00267467275 0.5 p-1 -38090 31
285 164 m2 564051 0.000102731901 0.5 p-1 -4532 4
114 165 m2 569595 -0.0738856047 0.5 p-1 -109303 139
75 167 m2 572099 -0.00918765552 0.5 p-1 -2530954 752
183 169 m2 576577 -0.00523033179 0.5 p-1 -35812 57
271 170 m2 576911 -0.00099306379 0.5 p-1 -2272 7
217 173 m2 579360 0.0441640466 0.5 p-1 -5142 13
22 174 m2 589080 0.00304059195 0.5 p-1 -2136325 1578
23 175 m2 594405 -0.00138184475 0.5 p-1 -5889574 426
94 177 m2 600127 -0.011168927 0.5 p-1 -905507 454
148 178 m2 602361 -0.00127396872 0.5 p-1 -407256 233
107 179 m2 609879 3.42286732e-08 0.5 p-1 -12051571 128
240 181 m2 617410 -0.020581685 0.5 p-1 -105348 37
298 182 m2 619125 -0.000563558191 0.5 p-1 -10655 3
172 183 m2 619414 -0.0282225646 0.5 p-1 -32164 5
99 184 m2 620244 -0.0124300756 0.5 p-1 -729788 647
69 185 m2 624015 0.00323904608 0.5 p-1 -727956 379
76 187 m2 640775 0.00172070577 0.5 p-1 -6936442 1024
24 188 m2 645492 0.000100472469 0.5 p-1 -1412936 395
269 189 m2 646806 -0.000430893648 0.5 p-1 -110270 3
95 190 m2 654417 -0.0010637095 0.5 p-1 -10984170 358
54 191 m2 665153 0.0204211567 0.5 p-1 -2828245 527
157 192 m2 667900 -2.61374538e-07 0.5 p-1 -45681 43
294 193 m2 668951 -0.00864218362 0.5 p-1 -36021 3
139 195 m2 672550 0.00297451741 0.5 p-1 -70873 27
25 196 m2 675917 0.00545074837 0.5 p-1 -2573282 539
140 197 m2 677286 -0.00415947614 0.5 p-1 -124193 45
26 198 m2 682358 0.000831480371 0.5 p-1 -8098920 1856
222 199 m2 682795 -0.0312780067 0.5 p-1 -24268 2
196 200 m2 688989 0.00907919928 0.5 p-1 -411491 54
27 203 m2 694822 0.0104611926 0.5 p-1 -2275893 465
110 206 m2 717024 0.00346889789 0.5 p-1 -1411086 90
28 207 m2 717880 0.00135638029 0.5 p-1 -5138231 1923
151 209 m2 721727 -0.0151674636 0.5 p-1 -75143 13
149 210 m2 724168 -0.000319039013 0.5 p-1 -201401 142
249 212 m2 727329 -0.00130167243 0.5 p-1 -22888 6
29 213 m2 735619 0.0148067353 0.5 p-1 -4983971 1945
237 214 m2 736109 0.00754158804 0.5 p-1 -201111 27
111 216 m2 742976 0.000135414579 0.5 p-1 -1580813 116
187 217 m2 754399 -1.27516546e-06 0.5 p-1 -1489056 87
198 218 m2 757382 0.00172588986 0.5 p-1 -64219 64
124 219 m2 766879 0.0060266247 0.5 p-1 -22249 10
31 221 m2 770266 0.00104518444 0.5 p-1 -205345 192
56 222 m2 787722 -0.0068753059 0.5 p-1 -7392973 1232
32 223 m2 788185 4.66520178e-05 0.5 p-1 -931841 512
77 224 m2 790376 0.000879859435 0.5 p-1 -184415 53
264 225 m2 792412 -0.00187945995 0.5 p-1 -14962 2
125 227 m2 799260 6.60691658e-05 0.5 p-1 -7047659 204
33 228 m2 800188 -0.000600133731 0.5 p-1 -7382949 1786
86 229 m2 801379 -0.00303547108 0.5 p-1 -4238421 588
200 230 m2 805306 0.00157996675 0.5 p-1 -7181 7
87 231 m2 807198 3.44182627e-05 0.5 p-1 -1224295 110
158 232 m2 812288 -7.81699327e-06 0.5 p-1 -60285 11
78 233 m2 813208 -0.0012364696 0.5 p-1 -3653593 1231
186 234 m2 822679 6.32945448e-05 0.5 p-1 -138050 164
57 236 m2 826070 0.00605163351 0.5 p-1 -94281 40
178 237 m2 829836 0.0110538304 0.5 p-1 -273907 69
223 240 m2 837079 -0.00763612753 0.5 p-1 -31908 43
134 241 m2 839633 -2.18265109e-06 0.5 p-1 -222237 161
58 243 m2 860816 0.000260206667 0.5 p-1 -7243683 809
203 244 m2 861817 0.000348498696 0.5 p-1 -219768 11
79 245 m2 862138 -0.000540438632 0.5 p-1 -1967126 109
130 246 m2 868901 -0.000500371447 0.5 p-1 -864127 330
204 248 m2 875716 0.0491329692 0.5 p-1 -289350 34
34 250 m2 878077 -0.00822797138 0.5 p-1 -3975448 1775
36 251 m2 888639 0.00144361658 0.5 p-1 -9547817 1157
279 252 m2 888966 -0.0629698262 0.5 p-1 -2466 3
127 254 m2 890837 -9.53977069e-05 0.5 p-1 -1230248 214
116 255 m2 890886 0.0098719988 0.5 p-1 -15523787 243
179 256 m2 892620 -0.000255446619 0.5 p-1 -13770 5
101 257 m2 892860 -0.00146906055 0.5 p-1 -203603 161
37 260 m2 913513 0.0160976965 0.5 p-1 -2339795 1487
128 261 m2 913862 -7.14101698e-05 0.5 p-1 -2325443 198
70 262 m2 914174 -0.0100236284 0.5 p-1 -1219249 858
244 264 m2 916051 -0.00786272436 0.5 p-1 -53358 11
209 265 m2 917088 -0.0418378524 0.5 p-1 -724889 45
221 267 m2 930235 0.00169120892 0.5 p-1 -29305 19
59 268 m2 932362 -0.0122098001 0.5 p-1 -4599966 1395
224 271 m2 952740 -0.00459708646 0.5 p-1 -2209 8
292 272 m2 954754 0.00759104919 0.5 p-1 -1763 2
147 273 m2 961762 -0.00231503625 0.5 p-1 -893984 95
102 274 m2 966349 0.0502936877 0.5 p-1 -445080 416
40 275 m2 966571 -0.0012119168 0.5 p-1 -274704 289
60 276 m2 967891 -0.0319132358 0.5 p-1 -1208876 748
242 277 m2 974862 8.31054131e-05 0.5 p-1 -32290 33
225 278 m2 975208 -0.0015971039 0.5 p-1 -158654 14
266 279 m2 976478 -0.0188141111 0.5 p-1 -263308 12
246 280 m2 981111 5.40862175e-07 0.5 p-1 -17703 2
61 281 m2 986754 6.98204967e-05 0.5 p-1 -972330 737
136 282 m2 987518 0.00106537156 0.5 p-1 -21549 4
265 284 m2 992362 -7.26805069e-07 0.5 p-1 -8130 10
126 286 m2 994693 -0.0306838993 0.5 p-1 -298013 69
293 287 m2 995221 -0.000233934596 0.5 p-1 -345 1
138 288 m2 999906 0.001287197 0.5 p-1 -2048858 50
302 293 m2 840571 -0.00736758672 0.5 p0 2 1
295 297 m2 695329 -0.00864050351 0.5 p0 2 2
208 299 m2 687144 0.0246868152 0.5 p0 2 8
301 300 m2 360217 0.000394830829 0.5 p0 2 2
278 301 m2 601081 0.00045337365 0.5 p0 2 3
220 302 m2 328150 -0.00620201696 0.5 p0 2 11
236 307 m2 446144 -5.04463569e-05 0.5 p0 2 3
239 308 m2 599753 0.0854079425 0.5 p0 2 3
284 310 m2 907142 3.03256297e-06 0.5 p0 2 2
152 315 m2 593468 0.00028631973 0.5 p0 2 3
123 316 m2 701376 -1.83187367e-05 0.5 p0 2 1
254 322 m2 769453 -0.000864453032 0.5 p0 2 6
299 323 m2 829595 -0.00207790011 0.5 p0 2 1
282 325 m2 915387 0.0676409975 0.5 p0 2 5
241 329 m2 416566 6.69875808e-05 0.5 p0 2 7
283 333 m2 371363 -0.0592755005 0.5 p0 2 1
247 337 m2 276647 -0.0151167344 0.5 p0 2 1
300 343 m2 233400 -0.00262053171 0.5 p0 2 1
281 346 m2 340852 -0.00253837183 0.5 p0 2 2
163 347 m2 288172 -1.08347217e-13 0.5 p0 2 2
81 350 m1 13163 -0 0.5 p-1 -60418 163
0 351 m1 23361 0 0.5 p-1 -332127 394
1 352 m1 26729 -0 0.5 p-1 -1953996 716
190 355 m1 51361 0 0.5 p-1 -580536 62
4 356 m1 53387 0 0.5 p-1 -14175805 1738
174 358 m1 59694 0 0.5 p-1 -1482685 70
214 360 m1 99459 -0 0.5 p-1 -182970 53
250 361 m1 104132 0 0.5 p-1 -8897 3
71 362 m1 106192 0 0.5 p-1 -96591 120
154 363 m1 122793 -0 0.5 p-1 -33387 6
211 364 m1 127346 0 0.5 p-1 -28105 5
155 365 m1 152347 0 0.5 p-1 -2690710 204
189 366 m1 153222 0 0.5 p-1 -3026 12
291 367 m1 155334 0 0.5 p-1 -2312 3
89 368 m1 171398 0 0.5 p-1 -1576672 302
72 370 m1 174557 0 0.5 p-1 -1945353 722
229 371 m1 196723 -0 0.5 p-1 -414299 32
45 372 m1 235319 0 0.5 p-1 -2000065 1558
132 373 m1 239387 -0 0.5 p-1 -1337276 88
10 374 m1 249483 0 0.5 p-1 -7148227 898
91 375 m1 251286 -0 0.5 p-1 -110112 116
118 376 m1 268763 0 0.5 p-1 -48462 51
82 377 m1 272783 -0 0.5 p-1 -4925340 585
275 378 m1 278914 -0 0.5 p-1 -216458 9
170 379 m1 287884 -0 0.5 p-1 -75867 50
156 380 m1 293053 0 0.5 p-1 -140291 18
263 381 m1 307336 0 0.5 p-1 -34740 5
133 382 m1 313565 -0 0.5 p-1 -7027189 256
12 383 m1 324284 0 0.5 p-1 -7169323 1640
129 384 m1 333879 -0 0.5 p-1 -99268 198
84 385 m1 349189 0 0.5 p-1 -768517 355
49 387 m1 361027 -0 0.5 p-1 -834884 500
153 390 m1 382087 -0 0.5 p-1 -700515 345
68 392 m1 405721 -0 0.5 p-1 -3399019 597
16 393 m1 411508 -0 0.5 p-1 -2301824 1203
17 394 m1 417963 -0 0.5 p-1 -4732408 858
251 395 m1 429649 -0 0.5 p-1 -39930 2
277 396 m1 432897 0 0.5 p-1 -28638 3
253 397 m1 458322 0 0.5 p-1 -24789 3
168 398 m1 463208 -0 0.5 p-1 -76459 15
93 399 m1 483274 0 0.5 p-1 -469 7
73 400 m1 501264 -0 0.5 p-1 -410570 161
53 401 m1 505487 0 0.5 p-1 -2088725 299
303 402 m1 508985 0 0.5 p-1 -77850 1
120 403 m1 524353 0 0.5 p-1 -244386 131
288 405 m1 525659 -0 0.5 p-1 -10603 2
113 407 m1 533772 -0 0.5 p-1 -332782 162
173 408 m1 534151 0 0.5 p-1 -201551 32
248 409 m1 557350 0 0.5 p-1 -8081 3
165 412 m1 601011 -0 0.5 p-1 -150429 61
195 413 m1 609064 0 0.5 p-1 -262058 24
262 414 m1 629453 0 0.5 p-1 -196502 8
185 415 m1 629496 0 0.5 p-1 -65509 5
100 417 m1 650710 0 0.5 p-1 -931422 222
108 418 m1 654035 -0 0.5 p-1 -107868 128
176 420 m1 667265 -0 0.5 p-1 -730837 93
261 421 m1 685611 -0 0.5 p-1 -10900 5
96 422 m1 686267 -0 0.5 p-1 -1901832 676
213 423 m1 689027 -0 0.5 p-1 -41075 26
55 424 m1 690157 0 0.5 p-1 -7083667 1681
215 425 m1 697718 0 0.5 p-1 -31019 22
280 427 m1 712620 -0 0.5 p-1 -7797 6
167 430 m1 740966 -0 0.5 p-1 -33543 27
260 431 m1 741783 0 0.5 p-1 -86636 16
137 432 m1 742752 -0 0.5 p-1 -71529 10
30 433 m1 745054 0 0.5 p-1 -4153584 1759
115 437 m1 831257 -0 0.5 p-1 -376004 125
274 438 m1 831870 -0 0.5 p-1 -919 2
233 439 m1 881724 -0 0.5 p-1 -51078 31
35 441 m1 888598 -0 0.5 p-1 -3865794 1158
109 442 m1 897494 -0 0.5 p-1 -1537994 357
297 443 m1 910660 -0 0.5 p-1 -151337 2
146 444 m1 931197 0 0.5 p-1 -4029712 216
207 445 m1 932044 0 0.5 p-1 -57252 11
38 447 m1 941851 0 0.5 p-1 -1706934 1736
39 448 m1 954222 0 0.5 p-1 -4955777 235
80 449 m1 972199 -0 0.5 p-1 -1061164 158
