Temp_ID Permanent_ID Mutation_type Position s h Subpop Tick Number
213 0 m2 355 0.000144699297 0.5 p-1 -803259 381
214 1 m2 371 -0.00335466256 0.5 p-1 -1446090 694
337 2 m2 1931 -0.0209427383 0.5 p-1 -323215 121
0 4 m2 4562 5.69942586e-06 0.5 p-1 -969592 554
796 5 m2 4602 -0.00859727431 0.5 p-1 -272391 1
538 6 m2 7569 0.0106033776 0.5 p-1 -2797 5
215 7 m2 10192 -0.0154068843 0.5 p-1 -10118462 570
117 8 m2 11013 0.00706087565 0.5 p-1 -4993688 1017
662 9 m2 12866 -1.70431158e-05 0.5 p-1 -16002 3
671 10 m2 15603 -1.64696103e-05 0.5 p-1 -75440 41
782 11 m2 16632 0.00452398555 0.5 p-1 -158739 3
216 14 m2 17223 0.000387979613 0.5 p-1 -138949 35
649 15 m2 18875 0.0297651924 0.5 p-1 -22299 13
780 16 m2 19048 0.000370075257 0.5 p-1 -11836 1
579 17 m2 20155 0.059321437 0.5 p-1 -49643 7
400 20 m2 23272 -0.0159443691 0.5 p-1 -325009 86
327 22 m2 25403 0.0132521903 0.5 p-1 -549615 271
2 24 m2 26834 0.0076582008 0.5 p-1 -141241 33
264 25 m2 28078 0.0256222244 0.5 p-1 -451026 453
779 27 m2 31400 6.38610743e-07 0.5 p-1 -15286 1
3 29 m2 32654 0.0323319882 0.5 p-1 -3353192 1592
232 31 m2 35545 0.000466558151 0.5 p-1 -6438457 462
5 33 m2 43183 0.0328293405 0.5 p-1 -5077007 1613
6 34 m2 43351 0.00118432415 0.5 p-1 -4185330 1716
657 35 m2 43359 4.70300802e-05 0.5 p-1 -78269 4
217 36 m2 44022 2.46126683e-06 0.5 p-1 -6402 20
488 37 m2 44331 -0.0296368059 0.5 p-1 -19963 17
313 38 m2 46039 0.00135009631 0.5 p-1 -1359426 495
173 39 m2 49277 0.00019070039 0.5 p-1 -777748 447
7 40 m2 51708 0.0518618114 0.5 p-1 -5096507 877
439 41 m2 52186 -0.00048164482 0.5 p-1 -83337 82
417 42 m2 55899 -0.0501858965 0.5 p-1 -98584 69
119 43 m2 57229 0.00865417533 0.5 p-1 -4744651 963
449 44 m2 57265 0.00117071718 0.5 p-1 -767141 7
641 45 m2 58968 -0.00311084744 0.5 p-1 -17926 5
11 46 m2 59332 0.000165322461 0.5 p-1 -3917600 1611
233 49 m2 66422 7.74968357e-05 0.5 p-1 -2176672 195
330 50 m2 66558 0.00629513804 0.5 p-1 -22548 8
467 53 m2 71896 0.0168579537 0.5 p-1 -625248 68
120 54 m2 73753 0.0339534767 0.5 p-1 -3097742 638
391 55 m2 74275 0.0021834732 0.5 p-1 -831251 203
121 56 m2 76004 0.00131693389 0.5 p-1 -196810 138
418 58 m2 76368 0.02557059 0.5 p-1 -656229 74
691 59 m2 78126 0.000128826767 0.5 p-1 -2897 7
701 60 m2 78940 0.0111884503 0.5 p-1 -45184 9
174 62 m2 80776 4.88063545e-09 0.5 p-1 -836744 107
500 64 m2 89102 -0.0367267653 0.5 p-1 -6051 7
647 65 m2 89652 0.0317198113 0.5 p-1 -27593 14
12 66 m2 92333 0.0457173437 0.5 p-1 -3425411 257
13 67 m2 93878 -0.00153425056 0.5 p-1 -1974153 931
445 68 m2 94644 0.000303559151 0.5 p-1 -382045 239
655 70 m2 96966 0.00597175024 0.5 p-1 -45864 1
287 73 m2 99277 -0.000150491862 0.5 p-1 -1959498 281
331 74 m2 102448 -3.15283415e-07 0.5 p-1 -488026 249
681 75 m2 103843 5.66327299e-06 0.5 p-1 -18102 4
758 76 m2 103913 0.000197023895 0.5 p-1 -4862 1
123 77 m2 105172 2.12584808e-07 0.5 p-1 -947782 661
315 78 m2 106828 -0.00711957971 0.5 p-1 -1326849 265
125 79 m2 107111 0.000339358841 0.5 p-1 -4398408 980
265 83 m2 111898 -0.00408319756 0.5 p-1 -1414342 772
766 84 m2 112056 -0.0182767808 0.5 p-1 -3706 2
16 85 m2 112689 -0.00382538629 0.5 p-1 -4216697 796
175 86 m2 114177 -0.0207162648 0.5 p-1 -426516 154
590 87 m2 115035 0.00121835957 0.5 p-1 -22331 7
338 89 m2 119682 0.0271940101 0.5 p-1 -3697503 343
719 90 m2 120517 -0.000395865878 0.5 p-1 -15502 2
17 91 m2 123578 0.00176646584 0.5 p-1 -7192404 796
611 92 m2 124734 -0.0187709276 0.5 p-1 -109208 17
288 95 m2 128142 -0.0169065949 0.5 p-1 -417894 221
234 96 m2 128827 1.39585188e-06 0.5 p-1 -471401 372
339 97 m2 131225 -0.0599385314 0.5 p-1 -765723 202
450 98 m2 134119 -4.71221938e-05 0.5 p-1 -141233 21
757 99 m2 134273 -0.000629580871 0.5 p-1 -353543 4
709 100 m2 135329 0.000628318638 0.5 p-1 -517872 2
686 101 m2 135632 -0.00473712618 0.5 p-1 -204226 26
658 102 m2 138573 -9.89040054e-05 0.5 p-1 -2643 1
440 103 m2 143319 -4.17002211e-09 0.5 p-1 -22641 16
791 104 m2 143941 -7.68493828e-06 0.5 p-1 -50304 2
18 105 m2 145000 0.0467614979 0.5 p-1 -4760985 706
690 106 m2 145015 7.93521831e-05 0.5 p-1 -136251 11
569 107 m2 147671 -0.0739393532 0.5 p-1 -17901 12
19 109 m2 149564 -0.0104315737 0.5 p-1 -380248 483
637 111 m2 152745 0.00308758277 0.5 p-1 -214985 1
267 112 m2 154220 0.00479824236 0.5 p-1 -437537 80
332 113 m2 154909 -1.50060728e-08 0.5 p-1 -3254784 255
626 115 m2 158648 1.48393795e-07 0.5 p-1 -80768 14
508 116 m2 161835 7.16533759e-06 0.5 p-1 -196909 114
218 117 m2 163273 4.00287054e-10 0.5 p-1 -236340 125
235 118 m2 165892 -0.000353780459 0.5 p-1 -324516 190
595 119 m2 166390 -0.000177997354 0.5 p-1 -57799 14
176 120 m2 167613 0.000111268149 0.5 p-1 -849624 423
724 121 m2 167625 0.00654416485 0.5 p-1 -55550 5
703 124 m2 173684 -0.0072401138 0.5 p-1 -22622 2
454 125 m2 173903 0.0134413708 0.5 p-1 -68111 73
618 126 m2 173936 -0.001386669 0.5 p-1 -213748 53
22 127 m2 174659 2.87280891e-05 0.5 p-1 -3145675 1110
619 128 m2 174771 -0.000975652016 0.5 p-1 -199513 59
544 129 m2 175917 -0.00235078274 0.5 p-1 -10441 7
23 130 m2 177877 0.000189222366 0.5 p-1 -535463 750
358 131 m2 179884 -0.000916861114 0.5 p-1 -511302 208
24 132 m2 180454 0.000738341128 0.5 p-1 -4256141 1802
359 135 m2 182308 -0.0171170365 0.5 p-1 -646336 62
333 136 m2 182676 -0.0205053296 0.5 p-1 -101236 44
27 138 m2 188196 0.00717781857 0.5 p-1 -3419986 864
126 140 m2 189675 -0.0228314754 0.5 p-1 -2489171 459
460 141 m2 190610 0.0197458547 0.5 p-1 -100254 41
550 142 m2 191837 -1.98471344e-06 0.5 p-1 -212924 7
704 143 m2 195107 0.044565551 0.5 p-1 -4133 2
689 144 m2 195329 -0.05243738 0.5 p-1 -133437 9
551 145 m2 196965 -0.00201524631 0.5 p-1 -175835 7
360 146 m2 197043 -0.00131741946 0.5 p-1 -6224148 301
28 147 m2 198168 0.0011688692 0.5 p-1 -2184756 1192
29 148 m2 199628 0.0114987437 0.5 p-1 -6441606 755
127 149 m2 199879 -0.019686332 0.5 p-1 -3739447 1718
178 151 m2 203272 0.0161700938 0.5 p-1 -1277977 371
334 152 m2 203393 0.0140962452 0.5 p-1 -9315909 82
179 154 m2 206498 7.16000727e-07 0.5 p-1 -428534 70
673 155 m2 208847 -0.00273149414 0.5 p-1 -2082969 20
545 156 m2 209394 0.00829305314 0.5 p-1 -50119 26
31 159 m2 212679 -0.00633357884 0.5 p-1 -1890239 843
32 163 m2 217566 -0.000253598409 0.5 p-1 -4469344 1635
783 164 m2 218120 1.49684065e-05 0.5 p-1 -100254 1
180 165 m2 219787 0.00153388048 0.5 p-1 -178056 36
772 166 m2 220034 0.00505600637 0.5 p-1 -345 2
490 167 m2 222770 0.0101843467 0.5 p-1 -466587 15
605 168 m2 223105 1.32674913e-07 0.5 p-1 -567182 68
361 172 m2 228329 0.000353015726 0.5 p-1 -1020259 351
268 173 m2 229243 0.0316113643 0.5 p-1 -1112655 888
33 174 m2 233881 0.00988264661 0.5 p-1 -4064529 920
527 175 m2 234465 0.00872247014 0.5 p-1 -4594774 100
34 177 m2 235024 -6.43132007e-05 0.5 p-1 -2218874 1410
362 178 m2 239335 -8.33251906e-05 0.5 p-1 -2537754 63
652 180 m2 240171 7.43754117e-06 0.5 p-1 -9692 8
181 181 m2 243534 -0.011721123 0.5 p-1 -998638 54
290 182 m2 243762 0.0425028689 0.5 p-1 -318139 74
35 183 m2 244182 0.038001921 0.5 p-1 -1735583 903
582 184 m2 247012 -4.29083047e-05 0.5 p-1 -8027 5
616 185 m2 247229 -0.00943173468 0.5 p-1 -74979 37
718 186 m2 247480 -0.000566731789 0.5 p-1 -76283 7
393 187 m2 249356 0.0238633938 0.5 p-1 -160095 123
394 188 m2 251356 6.82812242e-05 0.5 p-1 -133660 80
36 189 m2 254557 0.000426083163 0.5 p-1 -1789227 1580
712 190 m2 255951 0.001132473 0.5 p-1 -6918 1
238 191 m2 258830 -0.000186713558 0.5 p-1 -7302770 132
37 193 m2 259185 0.0401767157 0.5 p-1 -1997109 1226
129 194 m2 260802 -0.00128072116 0.5 p-1 -1729215 1285
182 195 m2 261732 0.0120929061 0.5 p-1 -1443713 903
130 196 m2 262416 0.000650581846 0.5 p-1 -82217 114
699 199 m2 264159 -0.000821738795 0.5 p-1 -52714 32
583 201 m2 269599 -0.0559517704 0.5 p-1 -31707 12
347 202 m2 272256 0.00987600069 0.5 p-1 -142749 132
654 203 m2 272310 0.00186096726 0.5 p-1 -54085 1
546 205 m2 275882 -0.00383103359 0.5 p-1 -35047 26
385 207 m2 278800 -0.014753174 0.5 p-1 -301801 113
39 208 m2 278900 -0.00143971469 0.5 p-1 -3188789 738
386 209 m2 279210 -0.00429207971 0.5 p-1 -362130 113
220 210 m2 280485 9.94029106e-05 0.5 p-1 -426385 216
441 211 m2 281598 0.0020346297 0.5 p-1 -120423 68
239 212 m2 284095 0.000554263766 0.5 p-1 -1334555 537
373 213 m2 285277 -0.000230244535 0.5 p-1 -892665 180
374 215 m2 285370 -0.000381217833 0.5 p-1 -196972 60
316 217 m2 287573 -0.000180002651 0.5 p-1 -701053 99
375 218 m2 288165 -0.00946733449 0.5 p-1 -976387 84
132 220 m2 288857 -0.000182370219 0.5 p-1 -100999 173
542 221 m2 289078 -0.00614917651 0.5 p-1 -14483 33
442 222 m2 290149 -0.019028835 0.5 p-1 -1904322 116
221 223 m2 290512 -0.00461124675 0.5 p-1 -205783 173
387 224 m2 291414 -4.95551785e-06 0.5 p-1 -158912 103
552 225 m2 291467 -0.00943300314 0.5 p-1 -179042 20
133 226 m2 292899 0.00316621852 0.5 p-1 -3300296 823
134 228 m2 295624 0.000769315637 0.5 p-1 -3701917 861
643 229 m2 298069 0.000462428201 0.5 p-1 -1215255 8
559 231 m2 300578 -0.0183626767 0.5 p-1 -70495 11
501 233 m2 301594 0.00179455383 0.5 p-1 -43475 17
473 234 m2 302463 -1.02510076e-05 0.5 p-1 -295556 25
794 236 m2 303398 -0.00571542978 0.5 p-1 -4603 1
737 238 m2 304200 -0.000125264763 0.5 p-1 -13527 3
41 239 m2 306217 0.0317039117 0.5 p-1 -1060374 886
269 240 m2 307263 -4.48619576e-05 0.5 p-1 -6390 4
588 241 m2 307688 0.0240377299 0.5 p-1 -87490 6
270 242 m2 307795 2.72848268e-07 0.5 p-1 -9911 4
183 243 m2 308597 -8.57086343e-05 0.5 p-1 -3740018 955
487 247 m2 323087 -0.00075318123 0.5 p-1 -4104074 65
613 248 m2 325152 -0.0127546974 0.5 p-1 -6734 20
575 253 m2 334917 -0.00344742811 0.5 p-1 -291022 51
184 254 m2 335260 0.000274124119 0.5 p-1 -3687499 1330
43 255 m2 337263 0.010894265 0.5 p-1 -5430084 1854
348 257 m2 338919 0.0449984968 0.5 p-1 -519148 107
715 258 m2 339581 0.00904714596 0.5 p-1 -10448 10
553 259 m2 340441 0.00587796839 0.5 p-1 -29758 26
317 260 m2 343632 0.0443593003 0.5 p-1 -469969 239
44 261 m2 345561 -0.0150440792 0.5 p-1 -3331950 1585
222 262 m2 346544 0.0110345175 0.5 p-1 -362166 119
410 263 m2 347193 0.047108911 0.5 p-1 -25090 18
376 265 m2 349763 -0.00771490764 0.5 p-1 -672428 106
45 266 m2 351301 -0.0202738866 0.5 p-1 -2393254 1331
395 267 m2 353780 0.00291495072 0.5 p-1 -39166 18
46 269 m2 354836 0.000262963615 0.5 p-1 -12570909 617
740 270 m2 354855 -2.13369185e-05 0.5 p-1 -72112 3
670 272 m2 355564 0.0178153757 0.5 p-1 -1284 4
186 273 m2 355715 -0.000411947694 0.5 p-1 -2442181 623
461 274 m2 355993 1.78845748e-05 0.5 p-1 -144701 48
628 275 m2 356468 -0.000413289235 0.5 p-1 -77173 4
535 277 m2 357665 -0.0263844021 0.5 p-1 -94901 48
396 279 m2 359578 1.3085222e-06 0.5 p-1 -3754118 127
47 280 m2 360035 6.56781485e-05 0.5 p-1 -2967215 1179
547 282 m2 361496 0.000153318673 0.5 p-1 -62116 31
48 284 m2 362794 0.00199300982 0.5 p-1 -2638499 1292
50 286 m2 367023 8.60016953e-05 0.5 p-1 -3359523 909
187 288 m2 367969 -0.01122656 0.5 p-1 -2336265 771
223 289 m2 368439 -4.70864506e-07 0.5 p-1 -1098170 708
755 290 m2 368769 2.11867446e-05 0.5 p-1 -18838 1
609 291 m2 369987 0.00152321171 0.5 p-1 -2602 9
51 292 m2 370302 -0.000279834057 0.5 p-1 -385759 56
597 293 m2 371249 0.00116351643 0.5 p-1 -669440 13
678 295 m2 371862 -0.00284386193 0.5 p-1 -939189 22
530 296 m2 371887 -2.15516593e-05 0.5 p-1 -126541 29
760 297 m2 372667 -0.0209477525 0.5 p-1 -3089 2
741 299 m2 374178 -0.000910908682 0.5 p-1 -29193 3
533 300 m2 374860 -6.37780773e-10 0.5 p-1 -132652 60
504 301 m2 375037 -0.00704581197 0.5 p-1 -368142 6
241 302 m2 375559 0.000154328576 0.5 p-1 -486686 112
53 304 m2 376893 -9.47542321e-06 0.5 p-1 -7667610 1761
750 305 m2 377438 1.0887582e-05 0.5 p-1 -21206 1
54 306 m2 378780 0.000832455757 0.5 p-1 -3118263 1471
502 307 m2 380386 0.000263503724 0.5 p-1 -49457 6
732 308 m2 380529 -0.010954937 0.5 p-1 -3838 4
644 309 m2 382813 2.62209801e-06 0.5 p-1 -36142 16
55 310 m2 385555 -0.0346118137 0.5 p-1 -829549 144
188 311 m2 385581 -0.00373180211 0.5 p-1 -1493118 1072
137 312 m2 388783 0.00549135543 0.5 p-1 -2400530 474
536 313 m2 394866 0.00320732198 0.5 p-1 -26590 12
747 314 m2 397961 -0.00158552267 0.5 p-1 -525 3
336 316 m2 399522 0.010775554 0.5 p-1 -295909 131
58 317 m2 399853 0.00297483988 0.5 p-1 -3777137 936
492 320 m2 401708 0.00258965464 0.5 p-1 -712156 36
524 321 m2 404193 0.0475104749 0.5 p-1 -205214 44
571 322 m2 404862 2.01212206e-05 0.5 p-1 -147570 35
59 323 m2 404939 -0.000301773805 0.5 p-1 -1000872 520
496 325 m2 406528 0.0109388148 0.5 p-1 -260044 47
189 326 m2 407590 -0.000865383248 0.5 p-1 -8497560 720
509 327 m2 408366 5.0155613e-09 0.5 p-1 -362825 37
769 328 m2 408668 -0.000280001696 0.5 p-1 -10497 1
446 329 m2 409349 -0.000159075949 0.5 p-1 -25179 47
528 330 m2 409915 -1.42437566e-05 0.5 p-1 -84959 10
60 332 m2 411670 -0.00448326534 0.5 p-1 -1751830 654
603 333 m2 412290 -0.00303764222 0.5 p-1 -101893 25
139 335 m2 412851 -0.0440836139 0.5 p-1 -5409152 226
318 336 m2 413609 1.83121156e-05 0.5 p-1 -170562 155
576 337 m2 413976 0.00436426187 0.5 p-1 -54661 7
511 338 m2 414078 -1.07305332e-05 0.5 p-1 -159836 37
291 340 m2 416691 -0.00737265777 0.5 p-1 -1254292 174
388 341 m2 419753 -5.32434541e-09 0.5 p-1 -5356372 116
573 342 m2 419755 1.19554834e-05 0.5 p-1 -1292 17
427 343 m2 421640 0.000273270212 0.5 p-1 -243384 24
602 344 m2 422959 -0.0024263165 0.5 p-1 -30117 21
402 345 m2 423978 -6.03822009e-05 0.5 p-1 -452908 26
242 346 m2 425831 0.0151520194 0.5 p-1 -698848 437
61 347 m2 427644 -0.012938926 0.5 p-1 -2114659 1173
397 348 m2 428095 0.0168694649 0.5 p-1 -64141 63
62 349 m2 429290 -0.0323926546 0.5 p-1 -3292722 1246
63 350 m2 430172 -1.17232403e-05 0.5 p-1 -806470 319
64 351 m2 430775 -0.0219135694 0.5 p-1 -4988727 1116
65 352 m2 432722 0.00966925081 0.5 p-1 -6056875 1951
272 353 m2 432900 -0.00274646259 0.5 p-1 -877090 618
273 354 m2 433941 0.00917350221 0.5 p-1 -3726031 671
403 355 m2 434137 0.00059357693 0.5 p-1 -1187389 189
531 357 m2 435978 -5.84871123e-05 0.5 p-1 -172668 48
789 358 m2 437340 0.00468811719 0.5 p-1 -11588 2
413 360 m2 439168 0.012991393 0.5 p-1 -883474 145
319 362 m2 439283 0.00205060933 0.5 p-1 -231442 82
674 363 m2 439457 0.0283788554 0.5 p-1 -5457 5
554 364 m2 440837 -0.0019300665 0.5 p-1 -617397 77
305 365 m2 441109 -0.015791839 0.5 p-1 -846660 345
639 366 m2 441737 -0.0179750398 0.5 p-1 -9333 13
420 367 m2 442121 -0.011838547 0.5 p-1 -3961742 429
515 368 m2 442414 0.0112690525 0.5 p-1 -6007645 79
516 369 m2 442731 0.0115890549 0.5 p-1 -340186 54
389 370 m2 443120 0.00276804366 0.5 p-1 -2599679 132
532 371 m2 443482 0.0120599363 0.5 p-1 -17669 19
481 373 m2 446258 0.0387093835 0.5 p-1 -20851 27
645 376 m2 451653 0.0842199624 0.5 p-1 -325910 11
190 377 m2 455427 -0.00894058403 0.5 p-1 -823691 150
754 378 m2 455638 -0.0027170158 0.5 p-1 -21734 1
698 379 m2 456340 0.00753396703 0.5 p-1 -5559 5
224 380 m2 459814 6.27913978e-05 0.5 p-1 -1125507 821
482 382 m2 461480 0.0102786701 0.5 p-1 -85459 145
191 384 m2 467016 -0.0105661759 0.5 p-1 -780607 238
274 385 m2 468834 0.00901856273 0.5 p-1 -2136437 487
743 387 m2 473546 0.000277352723 0.5 p-1 -5833 1
510 389 m2 475484 0.0279071145 0.5 p-1 -116166 54
725 390 m2 476399 0.0223920438 0.5 p-1 -35746 1
614 392 m2 477098 0.000352873118 0.5 p-1 -451802 14
244 394 m2 482659 0.0015281965 0.5 p-1 -916379 201
67 395 m2 485909 0.000292403158 0.5 p-1 -5505304 723
749 397 m2 488662 0.00265534152 0.5 p-1 -6738 2
225 398 m2 489264 -0.00184887962 0.5 p-1 -89182 85
462 399 m2 490496 0.0194879454 0.5 p-1 -24502 27
341 400 m2 490719 -0.00877230149 0.5 p-1 -3842378 339
739 402 m2 493023 -0.0677884668 0.5 p-1 -19930 5
192 404 m2 493613 0.000995676033 0.5 p-1 -1504447 363
306 405 m2 493715 0.000103707476 0.5 p-1 -192879 81
517 406 m2 493717 0.000536849548 0.5 p-1 -29572 15
398 407 m2 496619 -0.00385695673 0.5 p-1 -360780 265
193 408 m2 498907 -0.0293614212 0.5 p-1 -382938 269
455 409 m2 501945 0.0310552809 0.5 p-1 -71665 15
659 410 m2 503725 -0.00444378005 0.5 p-1 -14960 5
456 414 m2 509151 4.62188791e-06 0.5 p-1 -146184 17
451 415 m2 509795 -0.00572069595 0.5 p-1 -340937 23
194 416 m2 512356 0.0176249128 0.5 p-1 -1112670 257
245 417 m2 513933 -0.00752615463 0.5 p-1 -129383 129
246 418 m2 517165 -0.000191393323 0.5 p-1 -2066468 522
247 419 m2 517994 -0.000301097491 0.5 p-1 -8646866 512
226 420 m2 520546 -0.0246528313 0.5 p-1 -517646 599
227 423 m2 527173 0.000290863594 0.5 p-1 -436390 113
69 424 m2 528407 -0.00364299794 0.5 p-1 -4150220 1345
421 425 m2 530525 -0.0053934739 0.5 p-1 -212401 120
636 426 m2 530836 -0.00244548917 0.5 p-1 -37301 25
320 428 m2 531402 0.00962351449 0.5 p-1 -428283 153
195 429 m2 532689 0.00839177333 0.5 p-1 -2334329 606
364 430 m2 532842 0.000379908481 0.5 p-1 -2682161 25
692 431 m2 532856 0.0171631873 0.5 p-1 -16007 15
378 432 m2 532959 -0.000152601977 0.5 p-1 -993452 337
476 434 m2 539061 -0.0116100721 0.5 p-1 -1981981 6
433 435 m2 539104 1.0290363e-06 0.5 p-1 -1526693 46
615 436 m2 539294 -0.00160857767 0.5 p-1 -169212 33
591 438 m2 541142 -0.000429691776 0.5 p-1 -48971 27
308 439 m2 541393 0.00122882577 0.5 p-1 -293501 459
196 441 m2 545204 -0.00065381435 0.5 p-1 -350166 627
342 442 m2 547040 0.00870177336 0.5 p-1 -1578277 87
292 443 m2 548488 -0.00709085632 0.5 p-1 -1207164 425
197 444 m2 552240 3.97535405e-05 0.5 p-1 -7488816 609
787 445 m2 553472 0.00606322801 0.5 p-1 -93803 2
777 447 m2 554231 0.000121453515 0.5 p-1 -6817 1
198 449 m2 559003 0.0302762575 0.5 p-1 -704999 480
534 450 m2 559610 -1.08624572e-05 0.5 p-1 -566551 84
72 451 m2 563325 0.0661299154 0.5 p-1 -5851304 1172
474 452 m2 563693 0.000754664245 0.5 p-1 -340189 60
447 453 m2 564460 -0.0460514575 0.5 p-1 -284738 193
638 454 m2 565552 -0.00181495165 0.5 p-1 -119477 24
228 456 m2 566476 3.26471418e-05 0.5 p-1 -3326931 422
664 457 m2 567197 0.00226736884 0.5 p-1 -107304 12
293 458 m2 567879 1.25872702e-07 0.5 p-1 -278902 151
478 459 m2 567919 0.00231048395 0.5 p-1 -317892 104
665 461 m2 572989 -0.0456090607 0.5 p-1 -143748 9
623 462 m2 573744 0.000201220377 0.5 p-1 -20710 36
493 463 m2 575841 0.00403122464 0.5 p-1 -372245 32
297 468 m2 580239 0.0109687271 0.5 p-1 -913857 191
693 469 m2 587044 -0.0115239816 0.5 p-1 -25808 12
250 470 m2 591181 0.0573977754 0.5 p-1 -3697584 804
548 471 m2 591995 0.00128268031 0.5 p-1 -563031 71
294 472 m2 592032 -0.00196404872 0.5 p-1 -802617 321
666 473 m2 592279 -0.000134141301 0.5 p-1 -4434 7
584 474 m2 592426 -0.00496404152 0.5 p-1 -43101 25
298 475 m2 594602 0.011941175 0.5 p-1 -662851 52
663 476 m2 594676 0.00851929933 0.5 p-1 -18179 4
277 477 m2 595633 0.000399325683 0.5 p-1 -409163 262
343 480 m2 597042 5.8384685e-05 0.5 p-1 -351107 138
708 481 m2 598584 0.00275117089 0.5 p-1 -23920 1
199 482 m2 602249 0.00323495315 0.5 p-1 -1013678 209
143 484 m2 603120 0.047388982 0.5 p-1 -12900242 1020
761 485 m2 605769 -0.0331820659 0.5 p-1 -11806 5
577 487 m2 612514 -0.110282145 0.5 p-1 -314162 15
464 488 m2 613882 -0.0016546679 0.5 p-1 -168312 37
537 489 m2 616824 -0.0196005702 0.5 p-1 -129026 39
344 490 m2 620453 -5.58056399e-07 0.5 p-1 -8340 5
321 491 m2 622947 -0.0639513507 0.5 p-1 -111117 131
365 492 m2 623934 -0.0133982813 0.5 p-1 -1345282 68
299 493 m2 624681 -0.00407379493 0.5 p-1 -6337005 590
422 494 m2 624770 -0.107826598 0.5 p-1 -334073 150
366 497 m2 630119 -2.00776586e-08 0.5 p-1 -1402566 55
424 498 m2 631765 0.0350174233 0.5 p-1 -259065 140
379 499 m2 634497 -0.0196862966 0.5 p-1 -865446 93
598 502 m2 636371 -1.15473504e-05 0.5 p-1 -15836 2
380 503 m2 638337 0.0107614528 0.5 p-1 -915568 691
676 504 m2 639032 -0.00358097279 0.5 p-1 -5646 7
585 505 m2 639092 0.00102708046 0.5 p-1 -260411 12
74 507 m2 641593 0.00780422334 0.5 p-1 -2267362 581
300 508 m2 641755 -0.00505686179 0.5 p-1 -5524919 916
443 510 m2 644286 0.115615115 0.5 p-1 -262076 216
145 514 m2 648368 -1.64776139e-08 0.5 p-1 -699901 330
278 515 m2 648916 0.000533110928 0.5 p-1 -1913788 328
660 516 m2 650521 -0.00411695428 0.5 p-1 -19869 2
75 517 m2 650659 0.00934940018 0.5 p-1 -3557744 1758
695 519 m2 652855 -0.000517984037 0.5 p-1 -7089 4
495 520 m2 653918 -0.00579776894 0.5 p-1 -55905 48
146 523 m2 657500 -0.00225206022 0.5 p-1 -352974 171
405 524 m2 660681 0.0281168669 0.5 p-1 -118281 51
560 526 m2 666209 -0.00688749785 0.5 p-1 -107398 32
279 527 m2 668124 -0.0507935546 0.5 p-1 -500552 291
736 528 m2 670350 4.48547477e-10 0.5 p-1 -1837042 2
650 530 m2 673332 2.48935095e-07 0.5 p-1 -72301 38
309 531 m2 673952 -0.00825404748 0.5 p-1 -1114063 323
280 534 m2 677913 0.0529253855 0.5 p-1 -124969 75
281 536 m2 679584 -0.0105330423 0.5 p-1 -688455 157
520 537 m2 682969 -0.00464755297 0.5 p-1 -7176 12
147 538 m2 682972 0.0338038467 0.5 p-1 -4051666 1530
763 539 m2 686366 -0.000996697112 0.5 p-1 -3742 1
310 540 m2 687750 0.00145394972 0.5 p-1 -95901 165
322 542 m2 689312 0.00196121493 0.5 p-1 -1001234 242
522 543 m2 690529 -0.00723286672 0.5 p-1 -242148 5
556 544 m2 690546 -1.50247442e-05 0.5 p-1 -2028352 45
76 545 m2 691100 -0.018554572 0.5 p-1 -5769410 1966
716 546 m2 691821 -0.000101240068 0.5 p-1 -24349 4
425 547 m2 692600 -0.000199669113 0.5 p-1 -386512 124
367 548 m2 692752 0.00678763958 0.5 p-1 -790196 105
345 549 m2 698200 0.023737533 0.5 p-1 -2670795 240
148 550 m2 701998 0.000104848674 0.5 p-1 -4656811 1114
368 551 m2 702544 -0.0922250748 0.5 p-1 -30272 79
77 552 m2 703237 -0.00103569834 0.5 p-1 -1571803 1655
149 553 m2 708284 0.0274067018 0.5 p-1 -823738 549
301 554 m2 710672 0.0140309129 0.5 p-1 -24305 36
411 555 m2 715689 -0.00863130018 0.5 p-1 -1467689 42
150 556 m2 716079 5.17359786e-06 0.5 p-1 -4731774 871
80 559 m2 721426 -0.0119887637 0.5 p-1 -3405569 1592
81 560 m2 722287 0.0459530316 0.5 p-1 -4821133 1687
252 561 m2 722506 0.0180156473 0.5 p-1 -3538341 278
543 563 m2 723120 0.0004625945 0.5 p-1 -1643 25
151 564 m2 724401 0.000212577419 0.5 p-1 -5893493 726
457 565 m2 725684 0.00287370756 0.5 p-1 -810585 96
82 566 m2 726189 3.92843212e-05 0.5 p-1 -2663490 1172
549 567 m2 727816 0.00246355124 0.5 p-1 -15268 25
435 570 m2 729980 0.0173209514 0.5 p-1 -3209389 88
607 571 m2 730716 0.0229352638 0.5 p-1 -13103 20
229 572 m2 730773 -0.00345508754 0.5 p-1 -3411103 568
302 573 m2 732872 -0.000145070415 0.5 p-1 -212611 124
369 574 m2 735197 0.000250658835 0.5 p-1 -103823 55
83 575 m2 738262 0.0063390173 0.5 p-1 -11650834 1123
203 576 m2 740662 0.00329713034 0.5 p-1 -3198782 420
381 577 m2 743806 -4.36733281e-08 0.5 p-1 -22105 11
153 578 m2 745230 0.0509054065 0.5 p-1 -1314542 778
154 579 m2 746970 0.0180818643 0.5 p-1 -10123525 574
204 580 m2 748410 -0.0230166633 0.5 p-1 -4437519 906
205 582 m2 749774 0.00128771726 0.5 p-1 -1428501 657
282 584 m2 750168 0.0210500229 0.5 p-1 -2487582 949
523 586 m2 756936 0.0172652025 0.5 p-1 -116241 60
412 587 m2 758637 -5.62968171e-06 0.5 p-1 -55630 43
764 588 m2 759798 -0.00161645352 0.5 p-1 -26662 1
84 589 m2 760053 -0.0136749838 0.5 p-1 -4068347 1560
428 590 m2 760245 0.0424259044 0.5 p-1 -2035716 86
661 591 m2 761982 2.72501524e-07 0.5 p-1 -90413 13
683 593 m2 770250 0.000508712779 0.5 p-1 -16961 7
370 594 m2 772440 2.79495055e-07 0.5 p-1 -324544 114
436 595 m2 772949 0.000137768584 0.5 p-1 -3100062 90
157 596 m2 774145 -0.00234744791 0.5 p-1 -136245 110
323 597 m2 774820 -0.0301599577 0.5 p-1 -191008 101
429 598 m2 774918 0.00100672129 0.5 p-1 -101656 13
612 600 m2 776046 3.09775751e-05 0.5 p-1 -13392 21
748 601 m2 776077 0.0712671205 0.5 p-1 -47664 4
85 603 m2 777200 -0.00548285618 0.5 p-1 -2725916 1525
711 604 m2 778310 0.0307272747 0.5 p-1 -368966 3
430 605 m2 780651 0.00315360655 0.5 p-1 -124155 15
795 606 m2 780813 0.000934984128 0.5 p-1 -311 1
738 607 m2 782274 -0.0342156738 0.5 p-1 -5463 4
254 608 m2 782588 0.00815735757 0.5 p-1 -374374 62
304 609 m2 783225 -5.83113979e-05 0.5 p-1 -1536718 218
593 610 m2 784463 -0.0992061645 0.5 p-1 -95387 21
444 612 m2 787962 2.1133269e-06 0.5 p-1 -104314 70
206 614 m2 788155 0.00538735325 0.5 p-1 -1155125 650
465 615 m2 789126 0.000329788047 0.5 p-1 -58520 48
158 616 m2 789692 0.00178477797 0.5 p-1 -3504629 1716
86 617 m2 790721 0.000513495295 0.5 p-1 -3015274 147
485 618 m2 791082 -0.0123955579 0.5 p-1 -48796 61
87 619 m2 792184 0.0175828319 0.5 p-1 -6018633 1235
426 620 m2 793364 0.000237408633 0.5 p-1 -398973 391
88 621 m2 794391 -0.0060941726 0.5 p-1 -658778 534
437 622 m2 798932 -0.0174666774 0.5 p-1 -430144 88
594 623 m2 800399 0.0920582786 0.5 p-1 -13894 15
557 624 m2 808241 -0.0481091253 0.5 p-1 -58983 42
414 625 m2 808273 0.000702163146 0.5 p-1 -237801 13
415 626 m2 810119 -0.0236178357 0.5 p-1 -92365 26
89 627 m2 813505 7.95966262e-05 0.5 p-1 -4020665 13
572 628 m2 813635 -0.020000888 0.5 p-1 -34361 17
230 630 m2 815122 0.00272857235 0.5 p-1 -1144638 552
346 631 m2 816065 0.00049483648 0.5 p-1 -3360901 529
160 632 m2 817804 -6.29866463e-07 0.5 p-1 -4131023 1320
90 633 m2 817838 -0.00656128908 0.5 p-1 -2632234 693
208 635 m2 819253 -3.55389025e-12 0.5 p-1 -783080 193
161 638 m2 827763 -0.0521009825 0.5 p-1 -2229339 425
353 639 m2 828432 -0.0357857682 0.5 p-1 -5580573 154
479 640 m2 829153 0.0216346737 0.5 p-1 -470898 107
91 642 m2 831342 -0.0032992647 0.5 p-1 -1665292 429
697 645 m2 833265 0.0304327253 0.5 p-1 -25855 11
751 649 m2 840278 -0.00303537282 0.5 p-1 -549207 2
438 652 m2 843298 -0.0082441289 0.5 p-1 -655785 150
529 654 m2 844607 -0.00436678482 0.5 p-1 -2698 1
355 655 m2 844627 -0.000229706013 0.5 p-1 -826363 275
561 656 m2 846085 -0.00136970275 0.5 p-1 -29569 20
92 657 m2 846288 -0.036646001 0.5 p-1 -1727024 1597
93 658 m2 847823 -0.00166105211 0.5 p-1 -8093286 1724
165 659 m2 849024 1.3350993e-05 0.5 p-1 -1100710 58
784 660 m2 849040 0.0128345983 0.5 p-1 -5253 1
484 661 m2 860998 -4.20944707e-06 0.5 p-1 -4377817 216
283 662 m2 864300 -0.0116571086 0.5 p-1 -468192 91
96 663 m2 864434 0.000328185852 0.5 p-1 -6897268 1072
776 664 m2 864444 -0.03161107 0.5 p-1 -12807 1
778 665 m2 866707 0.00130673847 0.5 p-1 -4986 1
97 667 m2 868948 0.00175590313 0.5 p-1 -5858196 444
98 668 m2 869001 -0.00775211258 0.5 p-1 -758144 444
99 669 m2 871856 -3.99276541e-06 0.5 p-1 -4193401 1178
489 671 m2 874394 -0.000171325213 0.5 p-1 -100548 31
100 672 m2 875992 -0.020594338 0.5 p-1 -4143003 805
284 674 m2 876737 -0.0210819393 0.5 p-1 -2527730 647
256 675 m2 877584 -4.11422398e-08 0.5 p-1 -415153 171
166 676 m2 879386 0.00112709333 0.5 p-1 -2988942 1172
578 677 m2 879521 0.0011413818 0.5 p-1 -112657 16
285 678 m2 880755 -0.000208062556 0.5 p-1 -4046034 966
257 679 m2 882876 -0.00131565065 0.5 p-1 -1500455 446
416 680 m2 884825 9.13956137e-06 0.5 p-1 -280268 122
526 681 m2 885632 0.00395694608 0.5 p-1 -385966 20
324 682 m2 887745 -0.00976248365 0.5 p-1 -292443 77
209 683 m2 890689 -0.00370073109 0.5 p-1 -3006688 782
101 684 m2 892379 -0.000728779647 0.5 p-1 -886335 459
286 686 m2 894887 0.00626101671 0.5 p-1 -1111709 171
453 687 m2 898000 0.00267620175 0.5 p-1 -161852 81
258 688 m2 898861 -0.00863029901 0.5 p-1 -5422249 565
458 689 m2 899565 -0.0114605883 0.5 p-1 -67306 46
480 690 m2 900473 -0.000741341384 0.5 p-1 -24483 24
325 691 m2 900779 7.57567104e-05 0.5 p-1 -111997 35
102 693 m2 902650 0.032021679 0.5 p-1 -4488106 1241
596 695 m2 905734 -0.000174056389 0.5 p-1 -113437 13
326 696 m2 906644 0.000266536139 0.5 p-1 -300900 130
705 697 m2 907065 0.0332812406 0.5 p-1 -24679 2
731 699 m2 907381 -0.03925943 0.5 p-1 -7934 7
210 700 m2 907441 0.0264079273 0.5 p-1 -218990 171
167 701 m2 907619 0.00163898396 0.5 p-1 -1065161 578
459 702 m2 909118 4.53511202e-05 0.5 p-1 -2619422 131
168 703 m2 909601 4.55380103e-07 0.5 p-1 -2326629 1652
717 705 m2 910096 0.000388077809 0.5 p-1 -432869 11
211 706 m2 912125 0.00383913517 0.5 p-1 -1105275 550
103 707 m2 912618 0.000840398832 0.5 p-1 -2854600 854
169 708 m2 916109 0.00212681829 0.5 p-1 -309962 151
702 709 m2 916344 0.00116594753 0.5 p-1 -5632 3
104 710 m2 918570 -0.000570568314 0.5 p-1 -2949477 1127
727 711 m2 921186 -3.8334405e-05 0.5 p-1 -159518 4
170 712 m2 923679 -8.74339001e-09 0.5 p-1 -7497582 1055
105 713 m2 924868 -0.00740374951 0.5 p-1 -1777488 559
106 714 m2 925556 0.0455037206 0.5 p-1 -10071181 1534
107 715 m2 929547 -0.00196143449 0.5 p-1 -2564944 304
706 716 m2 930243 -0.00128633541 0.5 p-1 -3956 7
696 717 m2 930414 0.00178917754 0.5 p-1 -124476 4
108 718 m2 930976 0.0339211114 0.5 p-1 -1333283 865
109 719 m2 931139 0.00296067866 0.5 p-1 -10730473 1604
259 720 m2 935349 -0.057598114 0.5 p-1 -12518 20
171 721 m2 937327 9.27033834e-05 0.5 p-1 -435032 128
260 724 m2 940443 0.0001945447 0.5 p-1 -5776644 995
721 725 m2 940922 0.00288834283 0.5 p-1 -16866 9
261 726 m2 944287 -1.59831779e-06 0.5 p-1 -2016904 473
563 727 m2 945546 0.000198962196 0.5 p-1 -686327 28
110 729 m2 947593 0.00734980451 0.5 p-1 -2266363 1086
680 731 m2 948882 0.000143563753 0.5 p-1 -217444 1
624 733 m2 951766 -0.0555650853 0.5 p-1 -253354 12
765 736 m2 960077 -5.67862662e-06 0.5 p-1 -1371 2
497 738 m2 962724 -0.00795533694 0.5 p-1 -177095 53
111 739 m2 962741 0.0489759222 0.5 p-1 -15691641 944
621 740 m2 965301 -0.0140825175 0.5 p-1 -205334 41
682 742 m2 970278 0.000881676853 0.5 p-1 -13844 7
311 743 m2 970651 0.00147663779 0.5 p-1 -15758324 115
634 744 m2 973770 -0.0170980785 0.5 p-1 -27524 6
475 745 m2 973837 -0.0860891938 0.5 p-1 -85874 42
734 746 m2 974433 0.0143717844 0.5 p-1 -40810 6
775 747 m2 974650 3.68279188e-06 0.5 p-1 -1775 1
113 748 m2 975911 4.14529604e-05 0.5 p-1 -4407978 660
785 749 m2 979804 6.30455179e-05 0.5 p-1 -68100 1
262 750 m2 980908 0.000457407383 0.5 p-1 -196 5
499 751 m2 983035 -0.0284492411 0.5 p-1 -9663 7
512 752 m2 985703 -0.000326738431 0.5 p-1 -89225 48
212 757 m2 986158 0.00310462993 0.5 p-1 -5854496 110
539 760 m2 996018 -0.00166051637 0.5 p-1 -71126 13
231 761 m2 997369 -0.00167785853 0.5 p-1 -189013 308
565 762 m2 999535 0.0986904204 0.5 p-1 -262837 16
383 763 m2 999851 0.00419162819 0.5 p-1 -445728 121
574 766 m2 679389 -0.0457232967 0.5 p0 2 4
694 768 m2 511387 0.0153082153 0.5 p0 2 2
525 770 m2 847892 0.000428410567 0.5 p0 2 6
735 777 m2 605922 0.00397395995 0.5 p0 2 3
632 782 m2 173064 0.000207652469 0.5 p0 2 2
707 783 m2 549645 0.00469429884 0.5 p0 2 4
767 789 m2 539104 -4.86545068e-05 0.5 p0 2 3
781 795 m2 640358 0.00433004368 0.5 p0 2 1
733 803 m2 620771 -4.23275026e-10 0.5 p0 2 9
723 806 m2 26493 -0.000688638189 0.5 p0 2 1
631 809 m2 258363 -3.48906324e-05 0.5 p0 2 5
790 810 m2 618557 8.59934298e-05 0.5 p0 2 1
668 813 m2 956534 0.000866689312 0.5 p0 2 9
726 814 m2 270946 0.0351863578 0.5 p0 2 1
518 815 m2 203540 0.000312368793 0.5 p0 2 3
720 820 m2 1745 -0.00064480427 0.5 p0 2 6
797 821 m2 419669 0.0203379039 0.5 p0 2 1
770 824 m2 250252 0.000683913298 0.5 p0 2 1
672 833 m2 470445 -0.00135886017 0.5 p0 2 5
710 837 m2 347635 0.0170809999 0.5 p0 2 2
617 840 m2 658357 0.00131369673 0.5 p0 2 3
629 852 m2 940271 0.00807551015 0.5 p0 2 3
606 855 m2 81750 8.53059191e-06 0.5 p0 2 3
592 862 m2 744059 -0.00291996682 0.5 p0 2 2
730 867 m2 718447 -0.0004864191 0.5 p0 2 7
745 874 m2 932370 -0.0553870909 0.5 p0 2 1
382 876 m2 864059 -0.0167161208 0.5 p0 2 9
625 878 m2 998846 -0.00927348435 0.5 p0 2 5
744 885 m2 602772 0.02127604 0.5 p0 2 2
589 886 m2 804349 0.00356013863 0.5 p0 2 4
627 893 m2 52885 0.041412916 0.5 p0 2 8
468 895 m2 236173 -0.0022713209 0.5 p0 2 3
601 896 m2 401589 4.04642506e-08 0.5 p0 2 6
679 912 m2 479264 -0.00330039719 0.5 p0 2 17
651 913 m2 61677 -0.00110499782 0.5 p0 2 3
768 917 m2 7061 2.05167021e-06 0.5 p0 2 1
753 920 m2 345865 -0.00756854191 0.5 p0 2 1
713 928 m2 147903 -0.0121006584 0.5 p0 2 1
759 933 m2 661570 -0.000459948613 0.5 p0 2 3
786 934 m2 54763 -4.99221596e-06 0.5 p0 2 1
558 937 m2 65783 -1.33038029e-07 0.5 p0 2 1
648 938 m2 212000 -0.00859792251 0.5 p0 2 6
384 941 m1 2187 0 0.5 p-1 -15464 6
568 942 m1 2458 -0 0.5 p-1 -101974 39
635 943 m1 5119 0 0.5 p-1 -3476 16
1 944 m1 9274 -0 0.5 p-1 -959272 199
263 945 m1 12199 0 0.5 p-1 -950764 459
714 946 m1 16180 -0 0.5 p-1 -8680 3
513 947 m1 22452 0 0.5 p-1 -99840 28
472 948 m1 26799 0 0.5 p-1 -4321 25
118 949 m1 27146 -0 0.5 p-1 -220531 113
401 952 m1 34104 0 0.5 p-1 -1069537 120
4 953 m1 36991 -0 0.5 p-1 -10504351 417
312 954 m1 43775 -0 0.5 p-1 -266911 104
357 955 m1 45605 0 0.5 p-1 -129464 95
742 956 m1 45772 0 0.5 p-1 -1479 2
390 957 m1 50718 -0 0.5 p-1 -4149986 196
8 958 m1 51955 -0 0.5 p-1 -1378180 1213
9 959 m1 54094 0 0.5 p-1 -18954 52
328 960 m1 54223 -0 0.5 p-1 -112529 77
10 961 m1 55156 -0 0.5 p-1 -359208 381
466 962 m1 56897 0 0.5 p-1 -66341 47
329 963 m1 60790 -0 0.5 p-1 -109169 54
314 965 m1 78096 -0 0.5 p-1 -386476 89
371 966 m1 89364 0 0.5 p-1 -297182 114
540 967 m1 90671 0 0.5 p-1 -146039 21
122 968 m1 101953 -0 0.5 p-1 -3401617 1491
14 969 m1 102591 0 0.5 p-1 -1543795 684
555 970 m1 103346 -0 0.5 p-1 -6304 21
124 972 m1 106040 -0 0.5 p-1 -392842 135
15 973 m1 109614 0 0.5 p-1 -2392073 1342
372 975 m1 125120 0 0.5 p-1 -516448 328
566 976 m1 133475 -0 0.5 p-1 -110508 14
688 978 m1 137962 0 0.5 p-1 -25469 28
266 979 m1 138637 -0 0.5 p-1 -2647735 483
289 982 m1 148551 0 0.5 p-1 -346744 265
642 983 m1 150820 -0 0.5 p-1 -173212 19
507 984 m1 152941 -0 0.5 p-1 -7207 27
752 985 m1 153391 0 0.5 p-1 -12183 2
20 986 m1 155822 -0 0.5 p-1 -839010 125
570 987 m1 156859 0 0.5 p-1 -1507412 43
21 988 m1 157514 0 0.5 p-1 -1110846 147
600 993 m1 168490 0 0.5 p-1 -79340 12
177 994 m1 172474 -0 0.5 p-1 -685355 592
25 995 m1 183427 0 0.5 p-1 -3500683 1412
26 996 m1 185563 0 0.5 p-1 -247674 159
762 997 m1 201953 -0 0.5 p-1 -622311 2
30 998 m1 202890 0 0.5 p-1 -4861678 1598
219 1000 m1 214696 0 0.5 p-1 -537191 271
128 1001 m1 215596 0 0.5 p-1 -6796050 805
236 1002 m1 219321 0 0.5 p-1 -658890 441
491 1003 m1 230660 0 0.5 p-1 -328185 22
237 1004 m1 232297 0 0.5 p-1 -985445 154
432 1006 m1 244200 0 0.5 p-1 -79195 27
392 1007 m1 244657 0 0.5 p-1 -188599 227
340 1010 m1 253216 -0 0.5 p-1 -1271142 440
486 1011 m1 254073 -0 0.5 p-1 -52592 4
407 1012 m1 254079 0 0.5 p-1 -376237 192
131 1014 m1 264157 0 0.5 p-1 -1176276 565
38 1015 m1 268564 -0 0.5 p-1 -5188627 1539
408 1016 m1 279151 0 0.5 p-1 -1602925 79
541 1017 m1 288226 -0 0.5 p-1 -156584 36
677 1019 m1 291476 -0 0.5 p-1 -53380 6
622 1021 m1 294407 -0 0.5 p-1 -30162 12
40 1022 m1 295215 -0 0.5 p-1 -898387 230
135 1023 m1 299833 0 0.5 p-1 -2290098 1157
42 1025 m1 323231 0 0.5 p-1 -5362344 1936
792 1026 m1 325308 0 0.5 p-1 -114116 1
271 1027 m1 331080 -0 0.5 p-1 -4202367 662
409 1030 m1 340257 0 0.5 p-1 -39730 18
349 1031 m1 342246 0 0.5 p-1 -967137 159
185 1032 m1 343443 -0 0.5 p-1 -163743 19
240 1033 m1 344393 0 0.5 p-1 -3668273 522
469 1034 m1 347794 0 0.5 p-1 -209846 52
419 1036 m1 363940 -0 0.5 p-1 -45990 84
49 1037 m1 365666 0 0.5 p-1 -6759166 1093
52 1038 m1 373972 -0 0.5 p-1 -8080516 1565
633 1039 m1 378924 -0 0.5 p-1 -47879 15
136 1040 m1 384226 0 0.5 p-1 -300391 329
335 1041 m1 393852 -0 0.5 p-1 -1951817 300
56 1042 m1 394235 -0 0.5 p-1 -3376270 826
57 1043 m1 395280 0 0.5 p-1 -3078418 1049
793 1044 m1 396457 -0 0.5 p-1 -5238 1
138 1046 m1 403427 0 0.5 p-1 -6206402 420
377 1047 m1 414312 -0 0.5 p-1 -1687026 223
610 1048 m1 416642 0 0.5 p-1 -500 4
503 1049 m1 420773 0 0.5 p-1 -127067 36
243 1052 m1 431477 -0 0.5 p-1 -242295 33
363 1053 m1 437151 0 0.5 p-1 -950631 110
66 1054 m1 444683 0 0.5 p-1 -3970815 870
620 1057 m1 454965 0 0.5 p-1 -75778 17
667 1061 m1 474333 -0 0.5 p-1 -52703 12
646 1063 m1 485384 0 0.5 p-1 -5596 4
728 1065 m1 498189 0 0.5 p-1 -31762 8
140 1067 m1 504628 0 0.5 p-1 -892288 339
68 1068 m1 506474 0 0.5 p-1 -791265 881
669 1069 m1 512345 0 0.5 p-1 -246122 32
141 1071 m1 522509 -0 0.5 p-1 -4238143 954
498 1072 m1 523801 0 0.5 p-1 -41129 28
248 1073 m1 527672 0 0.5 p-1 -2319939 619
307 1075 m1 527822 0 0.5 p-1 -80440 34
630 1076 m1 528482 -0 0.5 p-1 -42188 10
275 1077 m1 529498 0 0.5 p-1 -836306 157
463 1078 m1 531540 0 0.5 p-1 -91819 45
675 1079 m1 531826 -0 0.5 p-1 -6938 3
70 1080 m1 536475 0 0.5 p-1 -2014675 984
567 1082 m1 553005 -0 0.5 p-1 -3031 7
483 1083 m1 555960 0 0.5 p-1 -873534 117
477 1084 m1 558308 -0 0.5 p-1 -113105 19
604 1086 m1 560830 -0 0.5 p-1 -28408 15
71 1087 m1 561307 0 0.5 p-1 -1459731 872
276 1088 m1 567543 0 0.5 p-1 -492998 64
788 1089 m1 568501 -0 0.5 p-1 -759 2
73 1090 m1 570151 0 0.5 p-1 -6695968 522
746 1091 m1 577506 0 0.5 p-1 -14940 9
249 1094 m1 585702 0 0.5 p-1 -2188640 294
653 1095 m1 587548 0 0.5 p-1 -125856 20
142 1097 m1 594501 0 0.5 p-1 -741256 160
700 1098 m1 603896 -0 0.5 p-1 -11865 1
773 1101 m1 619832 0 0.5 p-1 -9391 2
729 1102 m1 622283 -0 0.5 p-1 -15558 1
144 1104 m1 625136 -0 0.5 p-1 -1470523 303
640 1105 m1 631854 0 0.5 p-1 -51718 15
580 1106 m1 633453 -0 0.5 p-1 -30015 41
200 1108 m1 644544 -0 0.5 p-1 -636902 50
404 1109 m1 647686 -0 0.5 p-1 -905103 23
521 1110 m1 664983 0 0.5 p-1 -154441 48
423 1112 m1 671599 0 0.5 p-1 -85336 69
434 1113 m1 671628 -0 0.5 p-1 -379474 35
350 1114 m1 681045 0 0.5 p-1 -1976619 380
514 1115 m1 690104 -0 0.5 p-1 -281643 60
201 1116 m1 693124 -0 0.5 p-1 -256079 297
685 1117 m1 700592 -0 0.5 p-1 -126496 17
564 1118 m1 700649 -0 0.5 p-1 -255280 36
351 1119 m1 705917 0 0.5 p-1 -61794 8
352 1120 m1 707425 0 0.5 p-1 -736257 93
202 1122 m1 712171 -0 0.5 p-1 -598921 188
78 1123 m1 712245 0 0.5 p-1 -2717753 1814
79 1124 m1 715327 0 0.5 p-1 -249233 178
295 1125 m1 720360 -0 0.5 p-1 -289732 234
251 1126 m1 721755 0 0.5 p-1 -9102605 261
448 1127 m1 726715 0 0.5 p-1 -122277 65
303 1128 m1 738417 0 0.5 p-1 -2986460 189
608 1129 m1 739610 0 0.5 p-1 -2978395 49
152 1130 m1 741988 0 0.5 p-1 -1315540 517
505 1131 m1 756409 0 0.5 p-1 -316535 3
506 1132 m1 758119 -0 0.5 p-1 -118608 3
155 1133 m1 759979 -0 0.5 p-1 -6637579 918
156 1136 m1 770672 -0 0.5 p-1 -467471 236
296 1137 m1 772067 0 0.5 p-1 -59536 64
253 1138 m1 776075 -0 0.5 p-1 -616319 195
452 1139 m1 777546 0 0.5 p-1 -1759227 79
581 1141 m1 785957 -0 0.5 p-1 -131334 20
656 1142 m1 794216 0 0.5 p-1 -19063 6
207 1143 m1 797410 0 0.5 p-1 -28350 82
159 1146 m1 809863 -0 0.5 p-1 -6940 21
494 1149 m1 832954 0 0.5 p-1 -534854 80
354 1150 m1 834459 -0 0.5 p-1 -151843 59
756 1151 m1 837490 -0 0.5 p-1 -28827 2
162 1152 m1 839768 -0 0.5 p-1 -5978714 1293
399 1153 m1 841824 0 0.5 p-1 -69643 8
163 1154 m1 843534 -0 0.5 p-1 -1878974 965
164 1155 m1 848889 -0 0.5 p-1 -8283256 59
94 1156 m1 859949 -0 0.5 p-1 -6062324 1751
95 1157 m1 861427 -0 0.5 p-1 -3354662 1688
431 1159 m1 865802 0 0.5 p-1 -182740 82
255 1160 m1 868671 -0 0.5 p-1 -319167 461
586 1165 m1 889210 -0 0.5 p-1 -291982 23
684 1166 m1 889393 0 0.5 p-1 -547 16
562 1167 m1 890079 -0 0.5 p-1 -20466 9
774 1168 m1 911949 -0 0.5 p-1 -11453 2
356 1170 m1 920671 -0 0.5 p-1 -255625 155
687 1172 m1 923125 0 0.5 p-1 -62256 12
470 1174 m1 927676 -0 0.5 p-1 -57736 19
587 1175 m1 928160 -0 0.5 p-1 -3476764 21
519 1177 m1 935859 0 0.5 p-1 -28144 23
771 1178 m1 939561 -0 0.5 p-1 -12857 1
471 1179 m1 939686 -0 0.5 p-1 -39855 32
722 1181 m1 958470 -0 0.5 p-1 -24424 9
599 1182 m1 964214 0 0.5 p-1 -60930 19
112 1183 m1 967702 -0 0.5 p-1 -5580101 1663
172 1184 m1 969386 0 0.5 p-1 -6800266 623
114 1185 m1 978604 0 0.5 p-1 -3151332 621
115 1186 m1 979280 0 0.5 p-1 -664588 66
406 1187 m1 995682 0 0.5 p-1 -684459 154
116 1188 m1 998208 0 0.5 p-1 -2405288 794
