Temp_ID Permanent_ID Mutation_type Position s h Subpop Tick Number
260 0 m2 544 -0.00030150832 0.5 p-1 -1457 6
50 1 m2 3041 -0.0163678713 0.5 p-1 -142331 50
153 2 m2 9299 -1.9712299e-05 0.5 p-1 -257632 80
142 3 m2 12311 -1.59969222e-05 0.5 p-1 -109312 37
205 4 m2 33579 -0.00149274606 0.5 p-1 -6501 8
279 5 m2 35125 -0.00055690686 0.5 p-1 -435 1
51 7 m2 46181 -0.0102143716 0.5 p-1 -3155127 327
123 8 m2 47679 -0.00645942846 0.5 p-1 -480417 195
208 9 m2 57693 -5.9381382e-06 0.5 p-1 -162190 31
197 10 m2 60271 -0.0722407773 0.5 p-1 -10283 7
298 11 m2 60440 -0.000889542396 0.5 p-1 -11898 1
186 12 m2 63871 -0.000329555682 0.5 p-1 -15678 8
209 13 m2 65770 -0.00172389031 0.5 p-1 -19142 3
143 14 m2 71189 -0.00728557399 0.5 p-1 -9065 3
126 15 m2 74624 -0.000628877373 0.5 p-1 -106142 67
52 18 m2 79299 -0.00431026751 0.5 p-1 -1016712 752
191 19 m2 83118 -0.0133197736 0.5 p-1 -28881 7
53 20 m2 86455 -0.0239300448 0.5 p-1 -867639 656
268 21 m2 90091 -0.00682617258 0.5 p-1 -10040 3
144 23 m2 97956 -0.00054203195 0.5 p-1 -1492640 76
269 24 m2 103801 -4.05793298e-06 0.5 p-1 -26564 1
206 26 m2 112574 -0.00703755161 0.5 p-1 -7849 4
29 27 m2 118198 -3.50163173e-05 0.5 p-1 -1402820 668
124 28 m2 119839 -0.0887628049 0.5 p-1 -2800 2
54 30 m2 124605 -0.00105361594 0.5 p-1 -823579 500
70 31 m2 126853 -0.0223185569 0.5 p-1 -141268 73
71 32 m2 128821 -0.00961483642 0.5 p-1 -1812574 481
175 34 m2 145218 -0.0120377662 0.5 p-1 -135436 44
271 35 m2 153502 -0.043667417 0.5 p-1 -675 1
224 36 m2 155959 -0.0192603674 0.5 p-1 -11704 1
228 37 m2 158152 -0.00156060362 0.5 p-1 -54534 8
176 38 m2 162075 -0.0152458465 0.5 p-1 -33088 15
85 39 m2 164140 -0.0192486439 0.5 p-1 -3139681 842
248 40 m2 167772 -0.00421250612 0.5 p-1 -85433 22
190 41 m2 170656 -0.0068381927 0.5 p-1 -30941 6
78 43 m2 182080 -0.0299045574 0.5 p-1 -509233 131
98 45 m2 186115 -2.95771834e-08 0.5 p-1 -574262 65
188 46 m2 187432 -0.000557751337 0.5 p-1 -103006 19
133 48 m2 202884 -0.00180545647 0.5 p-1 -54369 65
2 49 m2 207857 -0.0788451284 0.5 p-1 -1303391 1356
100 50 m2 212843 -7.80865867e-06 0.5 p-1 -1905240 361
272 52 m2 218628 -0.00986926444 0.5 p-1 -88720 3
262 53 m2 222408 -0.0209738407 0.5 p-1 -9747 1
195 54 m2 226764 -0.000226915232 0.5 p-1 -950708 21
86 55 m2 227380 -0.00531880651 0.5 p-1 -94043 66
250 57 m2 232991 -0.0153069831 0.5 p-1 -3163 5
238 58 m2 234043 -0.00989817921 0.5 p-1 -51480 2
101 59 m2 238243 -3.93654673e-08 0.5 p-1 -9552 15
171 60 m2 263555 -0.000842869747 0.5 p-1 -23359 22
4 61 m2 265288 -0.0194759294 0.5 p-1 -5525334 732
157 62 m2 271910 -0.0258592665 0.5 p-1 -299988 60
108 68 m2 288849 -0.000207245626 0.5 p-1 -58174 35
229 69 m2 304287 -0.00332840672 0.5 p-1 -349104 10
32 70 m2 305896 -0.0259001963 0.5 p-1 -1976955 1110
5 71 m2 310938 -9.47896333e-05 0.5 p-1 -835879 577
263 72 m2 317640 -0.000693815062 0.5 p-1 -373 1
219 73 m2 322055 -0.000825274561 0.5 p-1 -29083 12
6 74 m2 322616 -0.0252362136 0.5 p-1 -2594776 1180
95 75 m2 326124 -2.49538251e-10 0.5 p-1 -3267257 767
79 76 m2 326791 -0.00769248046 0.5 p-1 -74352 90
33 77 m2 327770 -0.000303359411 0.5 p-1 -2278374 1282
202 79 m2 335935 -0.0137818614 0.5 p-1 -5180 12
34 80 m2 339530 -0.00234649167 0.5 p-1 -6744742 1403
116 81 m2 341681 -0.0314542092 0.5 p-1 -21795 10
7 82 m2 348191 -0.0035895831 0.5 p-1 -5110440 881
56 83 m2 360665 -3.48512295e-11 0.5 p-1 -2771329 496
291 85 m2 371169 -0.00831984915 0.5 p-1 -8258 1
8 86 m2 374859 -5.83356705e-05 0.5 p-1 -4858496 1850
57 87 m2 379170 -0.0684549809 0.5 p-1 -2134012 748
109 88 m2 385145 -0.000234748091 0.5 p-1 -62345 14
243 89 m2 388219 -5.75294325e-06 0.5 p-1 -4309 6
132 90 m2 390560 -0.00180765789 0.5 p-1 -861893 260
280 91 m2 395551 -0.0023764472 0.5 p-1 -597840 3
110 94 m2 415223 -5.52491547e-05 0.5 p-1 -77412 20
36 95 m2 417289 -0.0464368649 0.5 p-1 -500013 203
91 96 m2 419572 -0.0527321063 0.5 p-1 -777035 327
58 97 m2 422405 -0.00245212438 0.5 p-1 -229591 308
137 98 m2 427163 -0.00404797541 0.5 p-1 -415067 131
72 99 m2 429596 -0.0513062663 0.5 p-1 -1153761 9
73 100 m2 431144 -0.0065234215 0.5 p-1 -383370 91
255 103 m2 438763 -0.00069342216 0.5 p-1 -7364 3
37 104 m2 439888 -0.00615208736 0.5 p-1 -7350 13
10 105 m2 442821 -0.00214424846 0.5 p-1 -14147505 1943
282 106 m2 448644 -0.0169353914 0.5 p-1 -1456 2
117 107 m2 452334 -0.00262863026 0.5 p-1 -31779 13
178 108 m2 459499 -0.0228266437 0.5 p-1 -119583 34
103 109 m2 460945 -0.00146790664 0.5 p-1 -325311 218
118 110 m2 463782 -1.11368026e-10 0.5 p-1 -16032 29
211 111 m2 464458 -0.0201017391 0.5 p-1 -52279 13
38 112 m2 470669 -0.00103765971 0.5 p-1 -1790691 586
180 114 m2 486152 -0.00172593491 0.5 p-1 -151309 43
11 115 m2 486503 -0.00163963332 0.5 p-1 -1909875 623
194 116 m2 494938 -0.00111961528 0.5 p-1 -1374 9
256 117 m2 499315 -0.00689326879 0.5 p-1 -11866 9
13 118 m2 499661 -0.000240296373 0.5 p-1 -3525723 1126
199 119 m2 503636 -0.108150095 0.5 p-1 -347692 27
39 120 m2 503663 -0.000410679379 0.5 p-1 -654948 227
151 121 m2 504261 -1.25153619e-07 0.5 p-1 -382638 42
14 123 m2 506680 -0.00908523425 0.5 p-1 -4008868 468
154 124 m2 507613 -4.73807586e-06 0.5 p-1 -115365 42
88 125 m2 514939 -0.00339954416 0.5 p-1 -5889977 1202
134 127 m2 519786 -0.0634114891 0.5 p-1 -516726 130
181 128 m2 526557 -1.35506695e-09 0.5 p-1 -304505 22
257 129 m2 526890 -0.0158010293 0.5 p-1 -117684 2
245 130 m2 527673 -0.00126604945 0.5 p-1 -51140 8
80 131 m2 534032 -0.0322792195 0.5 p-1 -333920 115
92 133 m2 538594 -0.000247811811 0.5 p-1 -1940709 47
93 134 m2 543991 -0.00129835075 0.5 p-1 -61014 21
287 135 m2 546176 -9.59509271e-05 0.5 p-1 -11620 1
59 137 m2 550992 -0.0206666365 0.5 p-1 -97835 81
182 138 m2 553336 -0.000187874117 0.5 p-1 -51044 42
310 139 m2 558151 -0.00795525406 0.5 p-1 -2595 1
159 140 m2 564244 -0.004339498 0.5 p-1 -2654 1
81 142 m2 571012 -0.00874365028 0.5 p-1 -6058928 407
82 143 m2 577233 -0.00151153211 0.5 p-1 -1645118 810
165 144 m2 581289 -0.00888052583 0.5 p-1 -81032 58
40 145 m2 585052 -0.00126923271 0.5 p-1 -4904577 719
150 146 m2 592989 -0.042808339 0.5 p-1 -1768320 70
16 148 m2 594578 -0.0219762214 0.5 p-1 -6416020 236
17 149 m2 603383 -0.00505756075 0.5 p-1 -4877857 1078
226 150 m2 605362 -0.00183394668 0.5 p-1 -19764 28
244 151 m2 608719 -2.19068647e-06 0.5 p-1 -1295 3
293 152 m2 610310 -0.000527749711 0.5 p-1 -2046 5
196 153 m2 614890 -0.000649038062 0.5 p-1 -273878 10
111 154 m2 619494 -9.52795672e-05 0.5 p-1 -291738 236
166 155 m2 620063 -0.00125832111 0.5 p-1 -41597 62
230 157 m2 629523 -0.00201802026 0.5 p-1 -60852 12
283 158 m2 630542 -0.00822643284 0.5 p-1 -9792 3
253 161 m2 641301 -2.49192854e-05 0.5 p-1 -326 4
18 162 m2 652664 -0.000229393845 0.5 p-1 -4343262 1934
223 163 m2 659586 -0.00235070405 0.5 p-1 -16353 5
286 164 m2 665368 -0.0145845059 0.5 p-1 -2970 2
189 165 m2 671350 -0.0121311182 0.5 p-1 -144816 40
41 166 m2 674384 -0.000483685377 0.5 p-1 -430369 142
42 167 m2 675762 -0.00767036295 0.5 p-1 -252586 175
148 168 m2 676347 -1.07589221e-05 0.5 p-1 -9610 2
138 169 m2 679426 -0.00710414397 0.5 p-1 -168086 80
112 170 m2 691687 -0.000144041638 0.5 p-1 -181843 318
220 171 m2 698917 -0.00682958635 0.5 p-1 -144168 19
213 173 m2 705956 -0.00583841326 0.5 p-1 -958 3
139 174 m2 710066 -0.0196941588 0.5 p-1 -3262395 316
94 175 m2 713299 -0.00597693864 0.5 p-1 -161210 74
254 176 m2 724233 -0.00336778467 0.5 p-1 -4637 1
233 177 m2 729621 -0.00185560109 0.5 p-1 -76320 21
20 178 m2 731098 -0.0123924604 0.5 p-1 -2525588 1510
177 179 m2 731441 -0.000181879645 0.5 p-1 -67050 53
210 180 m2 739421 -0.0174308158 0.5 p-1 -91951 29
63 181 m2 743355 -0.0143215051 0.5 p-1 -406797 120
21 182 m2 753997 -0.0191282444 0.5 p-1 -117785 88
43 183 m2 754568 -0.00302876718 0.5 p-1 -521060 319
311 184 m2 755757 -0.0336291045 0.5 p-1 -2772 1
198 185 m2 760639 -0.016603021 0.5 p-1 -3239 1
44 187 m2 765883 -0.0606064983 0.5 p-1 -4567412 698
22 190 m2 771309 -0.0735459849 0.5 p-1 -427187 342
152 191 m2 775396 -0.00563115161 0.5 p-1 -54504 7
105 192 m2 776084 -0.00474367384 0.5 p-1 -353793 137
64 193 m2 777547 -0.000197321569 0.5 p-1 -845376 231
275 194 m2 778164 -1.26629084e-05 0.5 p-1 -2985 2
46 195 m2 783133 -0.00447924715 0.5 p-1 -358880 79
278 196 m2 789439 -0.000722262776 0.5 p-1 -158 2
187 197 m2 790236 -0.00602641981 0.5 p-1 -84229 54
74 198 m2 793025 -4.86530195e-13 0.5 p-1 -4035240 463
115 199 m2 797961 -0.00469418988 0.5 p-1 -2505507 151
23 200 m2 798519 -0.0132913124 0.5 p-1 -59248 27
75 201 m2 801567 -0.00125923532 0.5 p-1 -2266344 1474
140 202 m2 803406 -5.62171699e-05 0.5 p-1 -61708 10
201 203 m2 806428 -0.0156480763 0.5 p-1 -38939 11
47 204 m2 807195 -0.000489523169 0.5 p-1 -1284674 1111
241 206 m2 814576 -0.00779248588 0.5 p-1 -51452 14
273 207 m2 814764 -0.000843598391 0.5 p-1 -5506 5
225 208 m2 816316 -1.01060346e-06 0.5 p-1 -174534 7
214 209 m2 818050 -0.000274600869 0.5 p-1 -17225 4
127 210 m2 819449 -0.0104951551 0.5 p-1 -54358 52
120 211 m2 821380 -0.000579144456 0.5 p-1 -216504 52
222 212 m2 822569 -0.00202522846 0.5 p-1 -145371 8
265 214 m2 825989 -2.27555286e-09 0.5 p-1 -5921 11
121 217 m2 833286 -0.0470191501 0.5 p-1 -2123507 143
65 218 m2 843912 -0.0397894904 0.5 p-1 -686852 39
242 219 m2 847663 -0.000172418979 0.5 p-1 -33153 13
236 221 m2 857997 -2.82016822e-06 0.5 p-1 -377406 8
48 222 m2 859913 -0.000280277338 0.5 p-1 -4693505 264
113 223 m2 863004 -0.00193702721 0.5 p-1 -681246 168
136 224 m2 867656 -0.00215340429 0.5 p-1 -21863 11
274 225 m2 874466 -0.000184159464 0.5 p-1 -57001 2
240 226 m2 876886 -0.0758128762 0.5 p-1 -51077 11
128 227 m2 880194 -0.00563415 0.5 p-1 -235861 168
266 228 m2 900840 -0.00738811633 0.5 p-1 -4251 3
155 229 m2 908097 -1.29725349e-05 0.5 p-1 -286007 87
212 232 m2 913156 -0.000424680067 0.5 p-1 -19312 21
66 233 m2 913989 -0.000807170814 0.5 p-1 -919835 501
294 234 m2 919460 -0.00542482967 0.5 p-1 -7868 2
200 239 m2 927072 -0.0468941033 0.5 p-1 -69597 8
203 240 m2 929723 -0.00361139094 0.5 p-1 -77828 42
160 242 m2 943116 -0.00157562969 0.5 p-1 -121495 33
161 243 m2 945727 -0.0383012444 0.5 p-1 -265488 30
122 244 m2 946157 -0.0178011432 0.5 p-1 -109290 41
49 245 m2 946224 -0.0299958214 0.5 p-1 -929760 772
83 246 m2 946428 -0.0159680825 0.5 p-1 -1237991 169
67 247 m2 951148 -0.0126694422 0.5 p-1 -2666963 1164
102 248 m2 955765 -0.0105296085 0.5 p-1 -4941 7
107 249 m2 958193 -1.63297773e-06 0.5 p-1 -1076060 538
141 250 m2 960271 -0.0113238245 0.5 p-1 -47975 26
192 251 m2 962930 -5.30547513e-05 0.5 p-1 -32808 28
246 252 m2 971495 -0.000185056051 0.5 p-1 -18441 2
89 253 m2 971574 -0.000471002539 0.5 p-1 -507992 54
97 254 m2 975873 -1.88146914e-05 0.5 p-1 -4367827 280
162 255 m2 976562 -0.0153702619 0.5 p-1 -365596 41
163 256 m2 977443 -0.015754642 0.5 p-1 -3458490 125
168 257 m2 979953 -6.23947053e-05 0.5 p-1 -23437 25
77 259 m2 983909 -6.40826556e-06 0.5 p-1 -152841 62
204 260 m2 989531 -9.02868996e-05 0.5 p-1 -24216 27
217 261 m2 995559 -0.00642163353 0.5 p-1 -11211 1
28 262 m2 998495 -0.00162605778 0.5 p-1 -8696379 1700
284 263 m2 999811 -0.000359989033 0.5 p-1 -5900 2
308 267 m2 363818 -0.0135033149 0.5 p0 2 1
249 268 m2 652814 -0.00336817908 0.5 p0 2 1
216 269 m2 431987 -0.00363079645 0.5 p0 2 2
292 270 m2 801689 -0.0155408354 0.5 p0 2 1
277 271 m2 441671 -0.0135147246 0.5 p0 2 3
125 272 m2 349714 -0.00214135391 0.5 p0 2 1
299 274 m2 810866 -0.0042562834 0.5 p0 2 2
264 275 m2 398393 -0.000100914112 0.5 p0 2 2
312 277 m2 966489 -0.00407600449 0.5 p0 2 1
261 278 m2 319911 -4.27600622e-09 0.5 p0 2 2
302 279 m2 232455 -0.00378384395 0.5 p0 2 1
227 280 m2 575354 -0.00151159661 0.5 p0 2 1
252 282 m2 450480 -0.00112539926 0.5 p0 2 1
290 283 m2 588436 -0.120842218 0.5 p0 2 1
300 285 m2 499528 -0.000379840203 0.5 p0 2 2
288 286 m2 551189 -0.00499103311 0.5 p0 2 1
304 287 m2 335493 -0.00917660724 0.5 p0 2 2
307 288 m2 364615 -0.000127008956 0.5 p0 2 1
234 290 m2 457579 -0.0348535776 0.5 p0 2 1
305 291 m2 281728 -3.82065991e-05 0.5 p0 2 1
281 294 m2 651096 -0.0133823771 0.5 p0 2 1
270 296 m2 997177 -0.00275262492 0.5 p0 2 1
297 298 m2 598378 -9.15847476e-13 0.5 p0 2 1
303 301 m2 991928 -0.00204732176 0.5 p0 2 1
296 302 m2 778284 -0.0451416746 0.5 p0 2 2
289 304 m2 575940 -0.000862806046 0.5 p0 2 1
207 305 m2 518855 -0.000925647735 0.5 p0 2 1
156 306 m2 400166 -0.00916412007 0.5 p0 2 1
309 309 m2 887167 -0.000293936959 0.5 p0 2 1
69 310 m1 12369 0 0.5 p-1 -722978 27
247 311 m1 18840 0 0.5 p-1 -18945 6
0 312 m1 34596 0 0.5 p-1 -261820 76
239 314 m1 49011 0 0.5 p-1 -1648 4
129 315 m1 68967 0 0.5 p-1 -517358 250
179 316 m1 70493 0 0.5 p-1 -228542 14
301 320 m1 135142 0 0.5 p-1 -50016 1
218 322 m1 167844 0 0.5 p-1 -797 2
30 323 m1 186050 0 0.5 p-1 -1724598 1718
99 324 m1 187486 0 0.5 p-1 -3242587 395
55 325 m1 189084 0 0.5 p-1 -435499 689
90 326 m1 194438 0 0.5 p-1 -2300732 525
145 328 m1 198995 0 0.5 p-1 -833790 134
31 329 m1 200446 0 0.5 p-1 -909336 533
1 330 m1 201132 0 0.5 p-1 -602297 704
3 331 m1 219156 0 0.5 p-1 -1993295 720
87 332 m1 249046 0 0.5 p-1 -61069 56
114 334 m1 320374 0 0.5 p-1 -287274 19
251 335 m1 353414 0 0.5 p-1 -42245 5
185 336 m1 358379 0 0.5 p-1 -126456 6
158 337 m1 375149 0 0.5 p-1 -133148 81
35 339 m1 386985 0 0.5 p-1 -204373 247
106 340 m1 392927 0 0.5 p-1 -1428136 351
9 342 m1 404124 0 0.5 p-1 -3565478 1924
169 343 m1 426671 0 0.5 p-1 -41554 52
215 345 m1 449078 0 0.5 p-1 -6219 13
295 347 m1 468636 0 0.5 p-1 -6131 1
130 348 m1 475958 0 0.5 p-1 -556529 58
170 349 m1 485103 0 0.5 p-1 -5929256 134
184 350 m1 488437 0 0.5 p-1 -10679 17
172 351 m1 488915 0 0.5 p-1 -729227 7
12 352 m1 495925 0 0.5 p-1 -297126 413
173 353 m1 513318 0 0.5 p-1 -145927 54
131 354 m1 517726 0 0.5 p-1 -3543138 232
149 355 m1 520806 0 0.5 p-1 -693465 39
232 356 m1 548961 0 0.5 p-1 -307514 18
147 357 m1 553046 0 0.5 p-1 -1204382 119
60 358 m1 568375 0 0.5 p-1 -3662244 151
61 359 m1 575665 0 0.5 p-1 -215800 227
15 360 m1 584753 0 0.5 p-1 -6954 10
267 361 m1 589519 0 0.5 p-1 -2623 1
259 362 m1 627429 0 0.5 p-1 -225446 3
235 363 m1 648322 0 0.5 p-1 -2582 3
183 365 m1 655730 0 0.5 p-1 -164184 20
174 366 m1 663002 0 0.5 p-1 -76883 19
104 367 m1 667163 0 0.5 p-1 -3291043 575
62 368 m1 671051 0 0.5 p-1 -8763404 1249
19 369 m1 701035 0 0.5 p-1 -1344246 1065
96 370 m1 716166 0 0.5 p-1 -29297 38
119 371 m1 723557 0 0.5 p-1 -1062317 35
45 374 m1 777176 0 0.5 p-1 -3794047 286
237 375 m1 778587 0 0.5 p-1 -11177 12
231 376 m1 781692 0 0.5 p-1 -125711 19
167 377 m1 784482 0 0.5 p-1 -8645 15
306 378 m1 791464 0 0.5 p-1 -2426 1
221 379 m1 794001 0 0.5 p-1 -31958 18
24 380 m1 800600 0 0.5 p-1 -3589909 1269
146 381 m1 833978 0 0.5 p-1 -25070 43
135 382 m1 840834 0 0.5 p-1 -1053542 408
25 384 m1 863231 0 0.5 p-1 -7006415 1979
76 387 m1 909009 0 0.5 p-1 -272688 103
276 388 m1 912940 0 0.5 p-1 -10307 3
258 389 m1 921974 0 0.5 p-1 -12718 4
26 392 m1 954438 0 0.5 p-1 -9277586 1871
285 393 m1 958670 0 0.5 p-1 -8785 2
193 394 m1 965076 0 0.5 p-1 -163649 14
68 395 m1 970637 0 0.5 p-1 -4770189 541
164 396 m1 974618 0 0.5 p-1 -148833 58
27 397 m1 987803 0 0.5 p-1 -7934994 1783
84 398 m1 991859 0 0.5 p-1 -372590 84
