Temp_ID Permanent_ID Mutation_type Position s h Subpop Tick Number
642 0 m2 610 -0.023627568 0.5 p-1 -631785 535
997 1 m2 1427 0.0288162995 0.5 p-1 -429257 106
1243 2 m2 1736 -0.0286012627 0.5 p-1 -163520 6
576 4 m2 3676 -3.02538683e-05 0.5 p-1 -1659255 407
714 6 m2 4603 -0.00188281306 0.5 p-1 -572662 449
223 7 m2 4701 -0.00788730104 0.5 p-1 -459283 44
1334 8 m2 4777 -0.000939420017 0.5 p-1 -38262 28
1506 11 m2 6521 0.00931795221 0.5 p-1 -113225 4
1464 12 m2 8064 9.393238e-05 0.5 p-1 -92162 22
749 13 m2 9475 -7.2426833e-06 0.5 p-1 -137337 181
940 15 m2 11130 0.000287439092 0.5 p-1 -4658395 58
1 16 m2 11223 -0.00169749372 0.5 p-1 -2942598 1745
879 17 m2 11909 0.00164544163 0.5 p-1 -119785 63
2 18 m2 12300 -0.0111264419 0.5 p-1 -1249911 459
3 19 m2 13122 -0.00644292729 0.5 p-1 -5922655 1358
224 20 m2 13171 -0.000606830057 0.5 p-1 -9725598 654
343 21 m2 14133 0.0270803925 0.5 p-1 -53251 32
4 22 m2 15802 -0.00131370651 0.5 p-1 -2219441 1584
1098 24 m2 16387 1.53019153e-06 0.5 p-1 -1687893 20
344 28 m2 18265 1.51568497e-06 0.5 p-1 -2240818 541
1365 29 m2 18771 -0.00265623326 0.5 p-1 -188821 19
1486 31 m2 20791 0.00454919226 0.5 p-1 -27802 7
1257 32 m2 21629 -0.00132502255 0.5 p-1 -207713 4
1258 33 m2 25586 0.000137136245 0.5 p-1 -162873 4
1038 34 m2 25596 0.0346232839 0.5 p-1 -85543 96
1211 36 m2 27127 -0.00716391113 0.5 p-1 -222096 13
1039 37 m2 27904 -0.00926055759 0.5 p-1 -599096 94
1069 38 m2 28361 -0.000377499178 0.5 p-1 -81377 55
1612 41 m2 29478 0.000156570299 0.5 p-1 -30140 2
1649 42 m2 29749 -0.00162612204 0.5 p-1 -75032 1
1595 43 m2 29975 0.0140572796 0.5 p-1 -10068 2
1326 44 m2 30254 0.00129231834 0.5 p-1 -40020 9
803 45 m2 30609 0.018753415 0.5 p-1 -164980 110
1229 46 m2 31179 -0.00919711404 0.5 p-1 -144768 25
225 48 m2 31810 -0.00122337264 0.5 p-1 -2519539 948
426 49 m2 31980 -0.0162561014 0.5 p-1 -13753546 843
1016 51 m2 33368 -0.00386264175 0.5 p-1 -39188 16
1093 52 m2 34070 -1.02178674e-05 0.5 p-1 -364290 51
643 54 m2 34661 -0.000937643461 0.5 p-1 -797944 101
1431 55 m2 35304 -0.0182899702 0.5 p-1 -156335 29
1113 56 m2 35817 -0.00880211033 0.5 p-1 -217735 142
1165 57 m2 40440 0.0206245519 0.5 p-1 -891700 72
1627 60 m2 40739 0.0304421913 0.5 p-1 -11191 1
959 61 m2 41285 0.00348015246 0.5 p-1 -58504 29
345 62 m2 41347 -3.51633389e-06 0.5 p-1 -792265 333
1102 63 m2 42867 0.0111574922 0.5 p-1 -189924 40
577 65 m2 43299 0.00167747249 0.5 p-1 -1541344 207
9 66 m2 43367 -0.000208148587 0.5 p-1 -5615284 1601
764 67 m2 44652 -0.000192218518 0.5 p-1 -23284 21
346 68 m2 45378 -0.0340292491 0.5 p-1 -2217526 216
666 69 m2 45567 0.00140957558 0.5 p-1 -181512 25
10 70 m2 46887 -0.0207019709 0.5 p-1 -2254982 184
427 71 m2 47716 0.0117692444 0.5 p-1 -3200022 991
347 73 m2 49233 0.003841097 0.5 p-1 -62197 111
825 75 m2 49400 0.0215872135 0.5 p-1 -328604 75
891 77 m2 50616 0.0509229377 0.5 p-1 -268167 36
1447 78 m2 50793 -2.32977145e-05 0.5 p-1 -17590 1
826 79 m2 50851 0.00166807603 0.5 p-1 -356878 170
429 81 m2 50927 -0.0140305394 0.5 p-1 -2364698 300
540 83 m2 51544 0.000538898865 0.5 p-1 -1401814 122
1025 84 m2 52010 -0.00286135101 0.5 p-1 -203493 117
644 85 m2 52034 -0.00805027783 0.5 p-1 -191613 26
348 86 m2 52634 -0.00101769622 0.5 p-1 -3767164 978
11 87 m2 53090 -0.0158840418 0.5 p-1 -1086308 350
923 89 m2 53721 0.000225455529 0.5 p-1 -26796 17
13 91 m2 54912 -0.000571599172 0.5 p-1 -3764962 1332
230 92 m2 55235 5.00140004e-06 0.5 p-1 -1809554 560
1568 93 m2 55381 -0.00494482974 0.5 p-1 -76572 4
431 94 m2 55441 0.0047193747 0.5 p-1 -1794436 224
432 95 m2 56591 0.00361801358 0.5 p-1 -4568891 944
867 96 m2 57786 0.00216300087 0.5 p-1 -641556 75
14 97 m2 58079 0.0257319007 0.5 p-1 -6718073 1901
541 98 m2 58327 -0.000146737366 0.5 p-1 -898024 40
231 99 m2 58421 0.00191817572 0.5 p-1 -1079036 1059
1468 100 m2 60957 0.0016050149 0.5 p-1 -32968 7
232 101 m2 61538 0.00335320551 0.5 p-1 -1275467 375
491 102 m2 62132 0.00874195155 0.5 p-1 -41350 8
1383 103 m2 63271 0.0113022132 0.5 p-1 -9449 5
233 104 m2 65043 0.013531778 0.5 p-1 -735433 519
1217 105 m2 66303 0.00371036609 0.5 p-1 -68742 1
1465 106 m2 66377 0.0452763736 0.5 p-1 -18435 14
15 107 m2 66832 0.00829625688 0.5 p-1 -7843318 700
1677 108 m2 67197 0.000657129916 0.5 p-1 -2259 1
614 109 m2 67429 -0.0130495131 0.5 p-1 -1943871 110
16 111 m2 68414 -0.0270478558 0.5 p-1 -190019 53
580 112 m2 69241 -0.0100260498 0.5 p-1 -1563050 758
1143 113 m2 69883 0.000486778939 0.5 p-1 -259635 34
1596 114 m2 70151 0.000143083773 0.5 p-1 -288916 5
17 117 m2 72462 0.0399699435 0.5 p-1 -3655849 570
615 118 m2 72738 0.0213079527 0.5 p-1 -677955 236
765 120 m2 73812 -0.0531654246 0.5 p-1 -316268 198
1318 121 m2 74018 -9.23638945e-05 0.5 p-1 -17784 5
1204 123 m2 74210 -0.000585129193 0.5 p-1 -121092 14
1664 124 m2 74380 -0.000454006338 0.5 p-1 -57660 1
1340 126 m2 74972 0.0764184818 0.5 p-1 -47682 21
18 127 m2 75311 -7.54008806e-06 0.5 p-1 -6010687 1314
616 129 m2 77133 0.00280067185 0.5 p-1 -420627 217
617 130 m2 77821 0.0835088119 0.5 p-1 -810290 288
805 131 m2 79097 0.00346865458 0.5 p-1 -2619994 155
935 132 m2 79717 -0.00524761574 0.5 p-1 -1176717 313
715 133 m2 79848 -0.00110104203 0.5 p-1 -371057 280
581 135 m2 82619 -0.0119569385 0.5 p-1 -947942 638
20 136 m2 83065 0.0273875427 0.5 p-1 -4257876 1438
433 137 m2 83106 1.63441776e-08 0.5 p-1 -1352440 621
618 139 m2 84952 0.000698252174 0.5 p-1 -1061560 794
1539 140 m2 85060 0.00245082006 0.5 p-1 -143262 3
1589 141 m2 86513 -0.000242028516 0.5 p-1 -28616 2
349 143 m2 89256 0.0068266145 0.5 p-1 -738224 192
1651 144 m2 91162 0.000690499204 0.5 p-1 -245729 4
23 145 m2 91638 0.00331429392 0.5 p-1 -3303201 636
716 146 m2 91811 7.19329109e-05 0.5 p-1 -1462470 617
1636 147 m2 91902 -0.0070614228 0.5 p-1 -495825 1
1579 148 m2 92679 -0.0102795232 0.5 p-1 -69591 15
582 150 m2 93505 -0.00176346244 0.5 p-1 -71661 37
235 151 m2 94806 0.000335117744 0.5 p-1 -574366 380
25 152 m2 95504 -0.00411660224 0.5 p-1 -214179 43
693 154 m2 96931 0.000598004786 0.5 p-1 -354194 96
995 155 m2 97748 1.77596942e-08 0.5 p-1 -403111 75
434 156 m2 100095 -0.00638435502 0.5 p-1 -1839380 244
766 158 m2 100596 0.000202519514 0.5 p-1 -180595 190
493 159 m2 101914 -2.8090215e-05 0.5 p-1 -181825 97
1115 160 m2 101932 0.0323459804 0.5 p-1 -126255 42
236 162 m2 103529 -7.38194794e-05 0.5 p-1 -1126996 936
1619 164 m2 104526 -8.33412632e-05 0.5 p-1 -6292 1
668 166 m2 105070 5.83881699e-09 0.5 p-1 -70206 24
350 167 m2 105912 0.000155568603 0.5 p-1 -422092 252
1281 168 m2 106336 3.21799348e-07 0.5 p-1 -232660 61
237 169 m2 107474 9.5350937e-05 0.5 p-1 -6104434 1193
1479 170 m2 107718 -0.00715225562 0.5 p-1 -144281 25
1304 171 m2 107722 0.00904668868 0.5 p-1 -306245 32
238 174 m2 109211 0.000799949572 0.5 p-1 -4337644 1611
1277 175 m2 109848 0.00523608131 0.5 p-1 -50860 38
1622 177 m2 110612 1.4810752e-05 0.5 p-1 -388 4
960 178 m2 111124 0.00499739684 0.5 p-1 -271023 116
239 179 m2 111459 -0.000399302487 0.5 p-1 -119766 27
435 181 m2 113922 -8.76633567e-05 0.5 p-1 -1305567 734
1246 182 m2 114068 -0.00114477647 0.5 p-1 -135395 44
1022 185 m2 117071 -0.00849940162 0.5 p-1 -61214 102
1456 187 m2 120108 -3.74904334e-06 0.5 p-1 -50273 14
1674 188 m2 120637 2.22548642e-05 0.5 p-1 -15722 3
851 189 m2 120931 0.00152634189 0.5 p-1 -8748 26
1116 191 m2 122241 -0.000563514302 0.5 p-1 -10277 3
750 192 m2 122493 -0.00420463784 0.5 p-1 -390222 31
1408 195 m2 124741 -0.020862516 0.5 p-1 -45581 12
27 196 m2 125104 -0.00791815668 0.5 p-1 -3069845 1030
240 197 m2 125838 -0.010338095 0.5 p-1 -2958143 705
1524 198 m2 126390 0.00139728351 0.5 p-1 -162624 6
1324 199 m2 126722 0.00528348517 0.5 p-1 -113868 22
1205 200 m2 127141 -9.29660091e-05 0.5 p-1 -50483 8
1650 201 m2 127389 1.11561621e-06 0.5 p-1 -405040 2
241 202 m2 127494 -2.80403789e-09 0.5 p-1 -9477683 940
962 203 m2 127652 -0.00111711968 0.5 p-1 -13427 17
242 204 m2 127789 -0.0213384256 0.5 p-1 -3396034 1256
436 205 m2 128898 -0.00138622057 0.5 p-1 -3432486 1006
1378 206 m2 129206 -0.0145300217 0.5 p-1 -65127 4
1680 207 m2 129774 0.0120241437 0.5 p-1 -45788 1
767 208 m2 129868 0.050726518 0.5 p-1 -221609 169
1144 210 m2 130668 0.00283677597 0.5 p-1 -39983 17
1199 211 m2 130819 3.36639278e-05 0.5 p-1 -7321 12
1253 212 m2 133459 -0.000659359968 0.5 p-1 -235643 20
827 213 m2 133590 -1.61827541e-06 0.5 p-1 -22956 29
669 214 m2 134152 -0.000490148843 0.5 p-1 -740324 257
1376 215 m2 134496 -0.0063597206 0.5 p-1 -30116 25
1283 216 m2 134567 0.000459085713 0.5 p-1 -32116 19
1026 217 m2 134664 -1.1303315e-06 0.5 p-1 -45231 38
952 219 m2 136091 -0.0222625379 0.5 p-1 -9132 12
494 221 m2 139096 -0.000695609953 0.5 p-1 -2107475 223
29 223 m2 139398 0.00891896617 0.5 p-1 -1606388 261
1341 224 m2 139842 -0.00288480078 0.5 p-1 -208747 36
1581 225 m2 140145 0.00400826195 0.5 p-1 -23668 5
243 226 m2 141258 -0.00427058665 0.5 p-1 -6465927 489
976 227 m2 141367 -0.0195353534 0.5 p-1 -151269 191
1051 229 m2 142480 4.16869419e-08 0.5 p-1 -157731 54
1569 230 m2 143016 -0.00709340209 0.5 p-1 -7082 5
1531 231 m2 144506 3.19167702e-05 0.5 p-1 -98961 4
1399 232 m2 144715 0.00147326512 0.5 p-1 -5983 2
1212 233 m2 145727 -0.00889064558 0.5 p-1 -15729 28
351 236 m2 147412 0.0294863041 0.5 p-1 -5078115 965
868 238 m2 147680 -1.30881199e-05 0.5 p-1 -23657589 177
244 239 m2 147768 2.45819465e-05 0.5 p-1 -319023 212
963 241 m2 152754 -0.000267705909 0.5 p-1 -2469275 39
869 242 m2 153603 2.35145417e-05 0.5 p-1 -487491 71
31 243 m2 153690 -0.00974354986 0.5 p-1 -621958 268
1287 245 m2 155678 -2.50090899e-08 0.5 p-1 -23080 3
1303 246 m2 156652 -0.0147865294 0.5 p-1 -24472 10
783 247 m2 158008 0.00086087489 0.5 p-1 -239959 88
751 249 m2 158456 0.0192933157 0.5 p-1 -777779 400
870 250 m2 158945 2.59485805e-05 0.5 p-1 -838259 137
1655 251 m2 159315 -0.000138586503 0.5 p-1 -961 1
33 253 m2 159453 0.0156611521 0.5 p-1 -1352525 632
670 254 m2 159687 0.00485150563 0.5 p-1 -333255 133
695 255 m2 160700 1.04887431e-05 0.5 p-1 -591217 91
784 258 m2 162446 -0.00666784262 0.5 p-1 -150722 55
543 259 m2 162565 0.00138580659 0.5 p-1 -480126 206
871 261 m2 164644 4.93190964e-05 0.5 p-1 -64335 24
881 262 m2 164880 3.58636062e-05 0.5 p-1 -73965 129
1166 263 m2 165317 -4.08836131e-05 0.5 p-1 -567564 25
1234 264 m2 167254 3.80846842e-07 0.5 p-1 -38274 28
841 265 m2 167712 -4.03601225e-05 0.5 p-1 -75409 68
1533 266 m2 167718 -0.000733179681 0.5 p-1 -13759 1
620 267 m2 168201 6.08879309e-05 0.5 p-1 -36826 15
1043 268 m2 168456 -0.0209237356 0.5 p-1 -456662 49
352 269 m2 168690 0.00770270452 0.5 p-1 -8883423 994
495 272 m2 171052 -0.0169074144 0.5 p-1 -3751082 553
584 275 m2 171730 -0.000654474308 0.5 p-1 -374328 167
1407 276 m2 172780 -0.00113934092 0.5 p-1 -1299 16
1631 280 m2 174766 0.000591184653 0.5 p-1 -7385 1
34 281 m2 177290 -0.0035692614 0.5 p-1 -3761696 1347
245 282 m2 178769 0.0275869463 0.5 p-1 -2004830 635
353 283 m2 178905 -0.000475981913 0.5 p-1 -257987 117
1585 284 m2 179131 5.56877421e-05 0.5 p-1 -19858 5
246 285 m2 179230 0.00238971016 0.5 p-1 -3692881 1186
1678 286 m2 180347 0.000343657099 0.5 p-1 -139644 1
1593 287 m2 180579 -0.00129981677 0.5 p-1 -5964 1
585 288 m2 181860 -0.00123021263 0.5 p-1 -812503 227
354 289 m2 182385 0.0016061865 0.5 p-1 -6885871 185
1607 290 m2 183624 0.0411626622 0.5 p-1 -16036 2
1057 291 m2 183891 0.000773865497 0.5 p-1 -2481 8
496 292 m2 183948 0.0171639435 0.5 p-1 -4364 16
752 295 m2 187031 0.013086549 0.5 p-1 -100327 42
1084 297 m2 188071 -1.18635389e-05 0.5 p-1 -466949 75
1058 298 m2 188974 -0.000935507123 0.5 p-1 -66821 20
1208 299 m2 189032 0.00120743958 0.5 p-1 -220547 30
544 302 m2 191440 -0.000400000485 0.5 p-1 -3967792 303
768 303 m2 191666 -8.45750546e-05 0.5 p-1 -58487 60
721 304 m2 192930 -0.00459220493 0.5 p-1 -248969 68
785 307 m2 194244 -0.000953322742 0.5 p-1 -6533364 52
497 309 m2 195497 3.7298862e-06 0.5 p-1 -4635470 339
586 310 m2 195642 -0.001329483 0.5 p-1 -252177 60
35 313 m2 196292 -0.000314156903 0.5 p-1 -4938698 1244
1167 314 m2 196355 -0.000800090202 0.5 p-1 -89159 60
439 315 m2 196665 -0.00215071253 0.5 p-1 -1918079 1042
1388 316 m2 197170 0.148212761 0.5 p-1 -129313 4
1192 317 m2 197415 0.000264796603 0.5 p-1 -165811 9
1523 318 m2 198377 -0.00412720209 0.5 p-1 -9912 3
1018 319 m2 199456 0.00205735909 0.5 p-1 -200100 31
1236 320 m2 199479 0.0149702942 0.5 p-1 -100391 48
1584 322 m2 201764 0.0270856246 0.5 p-1 -5933 1
36 324 m2 203395 0.000361460698 0.5 p-1 -266252 167
1027 325 m2 203682 0.0942112505 0.5 p-1 -25465 35
249 326 m2 204175 0.00198649475 0.5 p-1 -2001950 638
953 330 m2 207335 -1.29123391e-05 0.5 p-1 -869963 82
1074 332 m2 208343 -0.0021908863 0.5 p-1 -3765 6
1206 333 m2 208642 0.00151840504 0.5 p-1 -68749 5
1028 336 m2 209796 -5.1472025e-06 0.5 p-1 -3936045 68
645 337 m2 210861 -0.00126329763 0.5 p-1 -5683105 1150
1358 339 m2 212518 0.00459882477 0.5 p-1 -96683 37
1029 340 m2 213154 0.00011116518 0.5 p-1 -426275 67
624 343 m2 213684 0.0118298251 0.5 p-1 -473984 485
37 344 m2 214074 -0.0218369924 0.5 p-1 -1550939 99
625 345 m2 214486 0.022325974 0.5 p-1 -2759068 674
1006 346 m2 215382 -3.00497732e-06 0.5 p-1 -40172 11
1515 347 m2 215641 0.000460207986 0.5 p-1 -127917 2
1200 349 m2 218009 0.0246069133 0.5 p-1 -8236017 7
901 350 m2 220175 -0.00405646954 0.5 p-1 -146725 32
251 351 m2 220260 4.69403858e-07 0.5 p-1 -4231230 1126
39 352 m2 220655 -0.00162258255 0.5 p-1 -984672 197
355 353 m2 221787 0.00700486964 0.5 p-1 -1471098 619
1422 354 m2 222056 -0.00468344707 0.5 p-1 -9516 1
252 355 m2 222994 -4.18583124e-09 0.5 p-1 -2938610 174
753 358 m2 224349 0.00449809479 0.5 p-1 -2111022 454
754 359 m2 224492 -0.0328591652 0.5 p-1 -487577 373
646 360 m2 225165 -0.0167971645 0.5 p-1 -104167 41
1462 362 m2 226050 1.11236682e-06 0.5 p-1 -11316 10
1171 363 m2 226077 0.000304874586 0.5 p-1 -59944 8
41 365 m2 227613 -0.0185699444 0.5 p-1 -3681476 1038
440 366 m2 228812 0.00723041315 0.5 p-1 -129624 23
842 368 m2 229835 -0.014962188 0.5 p-1 -258546 73
843 370 m2 233807 0.0199413132 0.5 p-1 -1380900 72
254 372 m2 234640 0.0125469724 0.5 p-1 -2174723 597
1085 374 m2 234921 0.0050936006 0.5 p-1 -232135 44
255 375 m2 235065 -0.00530612469 0.5 p-1 -260704 89
546 376 m2 235733 2.45419506e-05 0.5 p-1 -3727051 262
756 378 m2 236046 0.000445271784 0.5 p-1 -2595486 57
1117 379 m2 236212 0.00455071591 0.5 p-1 -20678 12
256 380 m2 236653 -4.16206731e-08 0.5 p-1 -2926321 870
671 381 m2 237402 -0.0024297249 0.5 p-1 -314142 126
1159 382 m2 237927 9.65991057e-06 0.5 p-1 -36289 4
42 383 m2 238942 0.00171719259 0.5 p-1 -1464688 1787
1099 384 m2 239556 0.00869682338 0.5 p-1 -303093 31
853 385 m2 240538 2.29102243e-05 0.5 p-1 -50732 13
356 386 m2 240992 -8.81668748e-05 0.5 p-1 -1948176 1456
1086 387 m2 241014 0.00655789999 0.5 p-1 -8642 3
1553 388 m2 241643 -1.17200727e-06 0.5 p-1 -180381 11
1480 390 m2 243160 -0.0387835614 0.5 p-1 -38722 11
1538 391 m2 246387 -0.00517838588 0.5 p-1 -34704 2
357 392 m2 247268 -1.47149503e-05 0.5 p-1 -779558 338
43 393 m2 247863 0.0413497351 0.5 p-1 -11319211 1115
626 398 m2 251780 2.15632008e-05 0.5 p-1 -1515397 676
1265 399 m2 252293 0.046597708 0.5 p-1 -88768 34
1521 400 m2 252620 -0.0192625169 0.5 p-1 -1441 4
1434 402 m2 253370 -0.0113809872 0.5 p-1 -79183 9
903 403 m2 253380 4.30997349e-10 0.5 p-1 -273588 97
1682 406 m2 254850 0.000124025697 0.5 p-1 -1937 1
1182 407 m2 256068 0.000298552593 0.5 p-1 -42663 38
1298 408 m2 256450 9.61224287e-05 0.5 p-1 -180641 11
46 409 m2 257018 -0.000467580918 0.5 p-1 -4015598 1733
48 413 m2 259540 -0.0349135101 0.5 p-1 -2320121 830
904 414 m2 259734 4.21376795e-10 0.5 p-1 -203659 21
49 415 m2 263764 -0.000851764868 0.5 p-1 -2391793 1236
547 417 m2 264483 0.00110351469 0.5 p-1 -1129575 660
50 419 m2 266128 0.000923832471 0.5 p-1 -1547612 752
441 420 m2 266312 -0.00561389094 0.5 p-1 -333974 135
52 423 m2 267387 -0.00081680523 0.5 p-1 -2132786 1096
1180 424 m2 267567 -6.62337106e-06 0.5 p-1 -13228 12
1170 426 m2 268845 0.000386883214 0.5 p-1 -12630 24
258 428 m2 269612 -0.0174695831 0.5 p-1 -2237786 577
1183 429 m2 269825 1.1713658e-07 0.5 p-1 -308930 13
829 430 m2 270291 -8.00008129e-05 0.5 p-1 -242430 13
53 431 m2 270332 0.00253960909 0.5 p-1 -5242303 593
1603 432 m2 270544 -0.00071061356 0.5 p-1 -40 1
1375 433 m2 271233 -0.0265297368 0.5 p-1 -517998 23
672 434 m2 271562 -0.0232342575 0.5 p-1 -303375 160
905 436 m2 273240 0.000263011869 0.5 p-1 -227946 24
1336 437 m2 273507 -0.0011411265 0.5 p-1 -35839 6
647 440 m2 273816 0.00121343846 0.5 p-1 -178338 102
941 443 m2 274238 -0.000678196142 0.5 p-1 -285653 45
1294 444 m2 274398 0.00392265525 0.5 p-1 -11727 14
1184 446 m2 274934 0.000161083735 0.5 p-1 -39001 11
1044 448 m2 275697 5.89948359e-05 0.5 p-1 -792106 18
1100 449 m2 276481 -0.00324521307 0.5 p-1 -459735 103
627 451 m2 278726 -1.11919034e-08 0.5 p-1 -476079 595
1185 452 m2 279181 0.00244370219 0.5 p-1 -23382 6
549 453 m2 279973 0.0243646409 0.5 p-1 -5250050 768
259 454 m2 280178 2.18788991e-05 0.5 p-1 -908260 341
1118 455 m2 281327 -0.0136433542 0.5 p-1 -586705 65
550 456 m2 282170 4.97080364e-05 0.5 p-1 -7038201 396
1103 457 m2 282795 -0.0738074481 0.5 p-1 -76346 47
969 458 m2 283174 -0.00188891287 0.5 p-1 -48093 43
1452 459 m2 283404 -8.9154637e-05 0.5 p-1 -73164 7
1700 460 m2 283535 0.00511828298 0.5 p-1 -10433 1
1151 461 m2 283555 -8.46604871e-06 0.5 p-1 -28810 62
55 462 m2 283560 0.00866774097 0.5 p-1 -3944120 1611
56 464 m2 285074 0.0269467141 0.5 p-1 -1661806 1718
442 465 m2 286166 0.000276912353 0.5 p-1 -1203718 1364
261 466 m2 286178 0.0244169813 0.5 p-1 -2656828 461
57 467 m2 286438 0.000105549319 0.5 p-1 -502016 266
58 468 m2 286886 0.000264450879 0.5 p-1 -1558348 901
1614 469 m2 287095 1.12298503e-05 0.5 p-1 -2668 3
844 470 m2 287153 0.000117569245 0.5 p-1 -29121 3
1230 471 m2 289982 -2.66844154e-06 0.5 p-1 -25420 16
551 472 m2 291093 -6.83760591e-05 0.5 p-1 -268474 149
786 473 m2 291210 0.0251969676 0.5 p-1 -570114 117
59 475 m2 291928 0.00337253883 0.5 p-1 -2865242 1285
1420 476 m2 293439 0.0220798273 0.5 p-1 -27159 20
443 477 m2 293671 0.00142545695 0.5 p-1 -2671041 381
262 478 m2 294103 -0.00379997282 0.5 p-1 -885373 942
1189 479 m2 294612 -0.000424362574 0.5 p-1 -111656 43
444 480 m2 295381 -0.0013291717 0.5 p-1 -8158799 1066
1133 481 m2 296081 -0.0260229371 0.5 p-1 -655452 43
954 482 m2 296131 -0.000410333218 0.5 p-1 -449527 162
1517 483 m2 298154 0.020191649 0.5 p-1 -5504 4
359 484 m2 298403 -0.00388820912 0.5 p-1 -1164633 650
60 485 m2 299495 6.22042062e-05 0.5 p-1 -7929957 1345
1670 487 m2 303587 0.00319439895 0.5 p-1 -53609 2
1087 488 m2 304050 3.19013707e-05 0.5 p-1 -6905 3
1353 489 m2 304157 0.00265394803 0.5 p-1 -96084 12
1218 491 m2 304451 0.000884508074 0.5 p-1 -399365 43
499 492 m2 305236 -0.00620500371 0.5 p-1 -815366 184
628 493 m2 305572 2.73431106e-05 0.5 p-1 -1504817 164
263 495 m2 308515 -0.00551423477 0.5 p-1 -663246 660
769 496 m2 309144 0.000367408647 0.5 p-1 -1870187 229
1030 497 m2 310705 -0.0148780541 0.5 p-1 -188170 52
590 500 m2 313230 -5.70325369e-08 0.5 p-1 -2855054 583
1354 501 m2 315578 1.63051403e-08 0.5 p-1 -30044 9
264 502 m2 315633 -0.0333037972 0.5 p-1 -4972833 1263
265 503 m2 315746 0.000415603165 0.5 p-1 -10193044 1770
266 504 m2 316335 -0.0109645734 0.5 p-1 -718103 454
1342 505 m2 317780 0.00974759459 0.5 p-1 -3517 3
724 506 m2 317930 0.0328036584 0.5 p-1 -133989 33
1530 508 m2 318948 0.00409782631 0.5 p-1 -126352 10
788 512 m2 321823 0.0562411509 0.5 p-1 -215192 51
1305 513 m2 322814 0.00193348539 0.5 p-1 -12628 5
892 514 m2 322996 -1.26390532e-05 0.5 p-1 -350302 129
1070 516 m2 324384 0.00835235696 0.5 p-1 -760687 279
1289 517 m2 324545 -0.000112227266 0.5 p-1 -90571 15
501 518 m2 324768 -0.0106506106 0.5 p-1 -499029 344
502 519 m2 325491 0.00213884679 0.5 p-1 -870436 176
1047 521 m2 325842 -0.000894662284 0.5 p-1 -42307 89
1237 522 m2 326479 0.00275836559 0.5 p-1 -605045 49
361 524 m2 327624 0.00100737519 0.5 p-1 -3443705 328
998 526 m2 329050 -0.117209233 0.5 p-1 -48890 40
673 527 m2 329425 0.00143132289 0.5 p-1 -81561 135
64 531 m2 330810 -0.00452784216 0.5 p-1 -1803024 400
1007 532 m2 331023 -5.25161013e-05 0.5 p-1 -7852053 194
1008 533 m2 331065 -0.000100562975 0.5 p-1 -2824646 194
855 534 m2 332473 -0.0125040347 0.5 p-1 -132404 33
1088 535 m2 332764 -0.000132279863 0.5 p-1 -124334 11
907 536 m2 332974 6.54175674e-05 0.5 p-1 -1789644 183
363 538 m2 334182 -0.0445001312 0.5 p-1 -218601 61
1267 539 m2 335128 0.0034814442 0.5 p-1 -4488 10
65 540 m2 336154 0.000476907386 0.5 p-1 -5874528 1001
893 541 m2 336778 -0.0254207868 0.5 p-1 -1494 1
1441 542 m2 338011 0.0204998869 0.5 p-1 -22732 9
1009 544 m2 340730 -0.0181585737 0.5 p-1 -119957 46
926 545 m2 341140 3.94387826e-05 0.5 p-1 -5517663 86
267 546 m2 341377 -0.0198405776 0.5 p-1 -41980 6
268 547 m2 341485 -0.0017161771 0.5 p-1 -467741 97
552 548 m2 341709 5.21338848e-07 0.5 p-1 -1039278 130
1620 549 m2 341740 -3.44826149e-05 0.5 p-1 -47193 2
725 550 m2 341792 -2.75537241e-05 0.5 p-1 -66983 16
789 551 m2 342389 8.5640313e-05 0.5 p-1 -6599 7
1138 554 m2 342903 -2.39248834e-06 0.5 p-1 -12753 5
269 555 m2 343001 -0.00148638908 0.5 p-1 -149717 15
1346 556 m2 343491 -0.0119794002 0.5 p-1 -24762 8
698 557 m2 343825 -0.000680726778 0.5 p-1 -326361 210
270 558 m2 343969 0.00213325769 0.5 p-1 -4791230 1812
66 560 m2 344868 0.000350124523 0.5 p-1 -2207914 1803
726 561 m2 345622 -0.0478222929 0.5 p-1 -46796 12
1699 564 m2 347009 0.00152356853 0.5 p-1 -40800 1
1306 565 m2 347036 -0.0544709377 0.5 p-1 -2518 3
366 566 m2 347539 0.0221350715 0.5 p-1 -2788335 529
67 567 m2 347670 3.98228758e-06 0.5 p-1 -4922340 1627
908 568 m2 347974 0.000211556442 0.5 p-1 -498106 96
271 569 m2 348118 -0.00311766495 0.5 p-1 -1248560 795
68 570 m2 349026 1.5921033e-07 0.5 p-1 -13563206 942
1145 572 m2 349142 -0.000370029476 0.5 p-1 -106557 39
1152 573 m2 349167 -0.00168550806 0.5 p-1 -66280 44
447 574 m2 349678 -0.0137398904 0.5 p-1 -1096825 760
272 575 m2 350978 0.0422833934 0.5 p-1 -3284033 335
943 576 m2 351621 0.00604339503 0.5 p-1 -525252 137
503 577 m2 352193 0.000401528698 0.5 p-1 -2425667 490
1231 578 m2 352826 -6.72672613e-05 0.5 p-1 -185606 37
504 580 m2 353880 0.0236744341 0.5 p-1 -1032504 122
965 583 m2 356101 -0.00684725307 0.5 p-1 -86136 64
1259 584 m2 357161 0.000310312345 0.5 p-1 -21976 9
71 585 m2 358604 -0.0110089872 0.5 p-1 -1002792 518
1474 586 m2 358635 4.99592886e-07 0.5 p-1 -2863 4
1214 588 m2 359061 -0.00472944789 0.5 p-1 -382278 12
72 589 m2 359903 -0.000995903625 0.5 p-1 -3056068 314
1628 590 m2 359943 0.0318426415 0.5 p-1 -67402 2
1644 591 m2 360081 0.0123716937 0.5 p-1 -2085 1
1201 592 m2 360627 0.0131707434 0.5 p-1 -1076764 39
367 593 m2 361677 9.29566379e-09 0.5 p-1 -2637637 407
505 594 m2 362407 4.09055028e-05 0.5 p-1 -76407 17
1675 596 m2 362877 -0.00942498911 0.5 p-1 -38690 2
273 597 m2 364457 1.18040555e-06 0.5 p-1 -263318 153
73 598 m2 366075 9.40117534e-05 0.5 p-1 -1765956 1166
74 599 m2 366190 2.55289183e-06 0.5 p-1 -11010056 1303
1134 600 m2 366597 0.00028916329 0.5 p-1 -210614 36
506 601 m2 370028 -0.0825004429 0.5 p-1 -872065 516
76 603 m2 371232 7.09869028e-06 0.5 p-1 -5617147 1093
77 604 m2 371268 -0.0126659423 0.5 p-1 -1906937 1605
1457 605 m2 371314 9.58111268e-05 0.5 p-1 -76606 17
856 606 m2 371320 -0.000158094772 0.5 p-1 -172518 93
78 607 m2 371382 -0.0140896291 0.5 p-1 -1806168 1618
79 608 m2 372131 0.0379663929 0.5 p-1 -2145119 855
699 609 m2 373087 -0.000135330949 0.5 p-1 -121627 86
1220 611 m2 374976 -0.000466880621 0.5 p-1 -7900 4
80 612 m2 375379 0.00396992685 0.5 p-1 -2793964 1647
275 613 m2 376293 0.000637641002 0.5 p-1 -4726843 609
1193 614 m2 376437 -0.00649264455 0.5 p-1 -1128340 19
448 615 m2 377150 -0.00174444611 0.5 p-1 -4911688 160
1397 617 m2 378479 1.97049594e-05 0.5 p-1 -52677 5
700 618 m2 378860 -0.00779057434 0.5 p-1 -3158816 308
1488 620 m2 380982 -6.82674397e-08 0.5 p-1 -40863 10
1160 621 m2 383546 -0.00979010295 0.5 p-1 -185185 28
1367 622 m2 384031 -0.00321118208 0.5 p-1 -71880 4
701 623 m2 385712 -0.00534743024 0.5 p-1 -323332 167
1094 626 m2 386345 0.00102663634 0.5 p-1 -209267 71
770 627 m2 386844 0.0379932597 0.5 p-1 -256255 171
508 629 m2 388486 -0.0112716388 0.5 p-1 -90273 19
369 630 m2 388504 -0.000561635417 0.5 p-1 -2554207 748
790 631 m2 388602 -0.0352840498 0.5 p-1 -284639 94
1271 632 m2 388810 -0.00254651206 0.5 p-1 -776513 67
82 633 m2 388830 0.000174714543 0.5 p-1 -3238246 1933
509 634 m2 388936 2.93136821e-08 0.5 p-1 -471635 252
370 635 m2 388979 0.00319385412 0.5 p-1 -3840668 243
371 639 m2 391985 3.42076987e-06 0.5 p-1 -249058 188
276 642 m2 393156 0.000409377157 0.5 p-1 -1242530 199
1248 643 m2 393519 -0.00479312288 0.5 p-1 -67949 23
982 645 m2 393955 -0.00843663514 0.5 p-1 -325024 42
1224 646 m2 394291 0.0445679128 0.5 p-1 -38579 56
1349 647 m2 394415 0.00972515065 0.5 p-1 -71285 6
830 648 m2 394419 -0.00464055547 0.5 p-1 -294819 63
83 649 m2 394462 -3.2245418e-05 0.5 p-1 -2913952 1958
1404 651 m2 395960 0.0144601716 0.5 p-1 -1190528 6
1554 653 m2 396336 0.00447338028 0.5 p-1 -18974 7
510 655 m2 398011 0.00443728315 0.5 p-1 -791585 431
1405 656 m2 398832 -0.00073331286 0.5 p-1 -141717 13
85 658 m2 400293 -0.016232606 0.5 p-1 -2720708 816
86 659 m2 400822 -0.00947704352 0.5 p-1 -2439636 1494
1445 660 m2 401144 -0.0016201681 0.5 p-1 -147441 19
372 661 m2 401808 -0.0202516634 0.5 p-1 -459893 163
771 662 m2 401838 0.0317017548 0.5 p-1 -93733 44
1494 663 m2 402322 -0.00070676388 0.5 p-1 -77910 14
1048 664 m2 402492 0.00259909942 0.5 p-1 -198136 68
944 665 m2 402979 0.0428363718 0.5 p-1 -56180 41
674 666 m2 403681 0.0621336699 0.5 p-1 -20098 32
1000 667 m2 404419 0.00710120006 0.5 p-1 -17846 18
675 668 m2 405116 0.00674418267 0.5 p-1 -1226152 357
1023 669 m2 407558 4.15898533e-08 0.5 p-1 -2983839 143
1024 670 m2 408068 -0.00106726296 0.5 p-1 -757658 101
511 672 m2 409957 1.10024193e-05 0.5 p-1 -154621 154
278 673 m2 410151 0.00348485564 0.5 p-1 -160052 85
451 675 m2 411663 0.00383911864 0.5 p-1 -1769881 272
555 677 m2 411956 0.0337261111 0.5 p-1 -20060 42
87 679 m2 412346 -0.00656546839 0.5 p-1 -953803 517
88 680 m2 412884 0.0144607676 0.5 p-1 -2492931 392
1155 682 m2 416416 -0.00600452814 0.5 p-1 -90191 41
1126 685 m2 418138 0.000244894356 0.5 p-1 -2915885 307
1489 686 m2 418345 0.0322666094 0.5 p-1 -59233 12
1693 687 m2 418415 -0.0412291363 0.5 p-1 -17688 1
791 691 m2 419909 0.00445069233 0.5 p-1 -384862 17
927 693 m2 420973 -0.00548916636 0.5 p-1 -25804 12
831 694 m2 422170 0.00662870053 0.5 p-1 -254183 135
832 695 m2 422213 -0.000138938747 0.5 p-1 -200781 135
279 697 m2 425342 -5.61349689e-10 0.5 p-1 -2030549 1018
630 700 m2 426738 6.94713509e-10 0.5 p-1 -329848 63
915 701 m2 427561 0.00943131745 0.5 p-1 -396729 121
1328 702 m2 429089 -0.000329104252 0.5 p-1 -37391 18
916 703 m2 430143 -4.03253762e-05 0.5 p-1 -530975 173
280 705 m2 431594 -0.00950044207 0.5 p-1 -4942784 379
928 706 m2 431642 -0.00941618532 0.5 p-1 -448346 207
1493 707 m2 431756 -0.00483516045 0.5 p-1 -25921 9
512 709 m2 432995 0.000701524899 0.5 p-1 -2309077 384
373 710 m2 433833 -0.0222565141 0.5 p-1 -230477 76
89 712 m2 435634 0.000820369809 0.5 p-1 -2219183 266
792 714 m2 436661 2.58230193e-06 0.5 p-1 -15508 7
1629 715 m2 436690 1.19673108e-11 0.5 p-1 -178211 4
374 716 m2 436811 0.0286619347 0.5 p-1 -273402 141
676 717 m2 439088 0.0203610957 0.5 p-1 -528549 223
91 718 m2 439503 0.000581865606 0.5 p-1 -3279753 1432
92 719 m2 439511 1.0696358e-05 0.5 p-1 -6890165 1432
93 720 m2 439684 0.00449581072 0.5 p-1 -3425700 1275
1390 721 m2 440066 -4.36879054e-05 0.5 p-1 -46262 9
873 722 m2 440557 -0.00379474461 0.5 p-1 -49076 78
833 723 m2 440901 0.0103981076 0.5 p-1 -266491 199
1416 724 m2 440934 -0.00217552041 0.5 p-1 -22939 6
702 725 m2 441081 -0.0141561711 0.5 p-1 -664522 88
94 726 m2 443595 -0.0117586153 0.5 p-1 -8133789 1582
983 727 m2 445132 -0.00963906571 0.5 p-1 -157477 14
95 729 m2 446633 -0.00298445835 0.5 p-1 -2275422 986
1426 730 m2 447314 0.0242322106 0.5 p-1 -5141 1
806 732 m2 448089 0.00756058656 0.5 p-1 -9401 14
96 733 m2 448232 -4.43197314e-05 0.5 p-1 -2216447 650
1209 734 m2 448767 -0.00500080781 0.5 p-1 -98443 24
97 735 m2 449257 3.28288188e-05 0.5 p-1 -1770370 492
1075 736 m2 449754 -2.44031799e-05 0.5 p-1 -18647 53
98 737 m2 450604 0.0106703434 0.5 p-1 -113157 125
99 739 m2 451365 -7.63517892e-05 0.5 p-1 -2571743 815
1308 742 m2 452101 0.0027403445 0.5 p-1 -12098 9
909 743 m2 452237 0.00805722829 0.5 p-1 -2091404 202
1624 744 m2 452244 -0.00910576899 0.5 p-1 -2695 1
650 745 m2 453966 -5.96554564e-05 0.5 p-1 -804549 235
1187 746 m2 454015 3.21227089e-05 0.5 p-1 -206580 2
651 747 m2 454077 -2.30964069e-05 0.5 p-1 -482691 124
874 750 m2 456534 -0.0097399205 0.5 p-1 -95042 11
100 751 m2 457202 2.05348588e-05 0.5 p-1 -10152808 1720
375 752 m2 457364 -0.000516263186 0.5 p-1 -6648050 292
1448 753 m2 457679 -0.000710198947 0.5 p-1 -147571 22
1597 759 m2 460056 -3.03729612e-05 0.5 p-1 -34699 3
592 761 m2 460559 0.022574313 0.5 p-1 -680930 189
1296 762 m2 461998 0.0311171375 0.5 p-1 -238558 10
281 763 m2 463393 0.0217978992 0.5 p-1 -2563915 824
1300 764 m2 463808 -0.000159813935 0.5 p-1 -70786 10
677 767 m2 465940 -0.0227703322 0.5 p-1 -31706 22
593 769 m2 467051 -0.0293129813 0.5 p-1 -143750 121
1672 770 m2 469166 0.000655061333 0.5 p-1 -67648 3
1698 771 m2 469185 0.0523979031 0.5 p-1 -4124 1
556 772 m2 469671 0.0302062556 0.5 p-1 -31467 22
984 774 m2 470035 0.101025641 0.5 p-1 -366832 88
834 775 m2 470770 -0.00830064993 0.5 p-1 -318795 264
985 776 m2 476155 -0.000691028894 0.5 p-1 -171597 109
101 778 m2 478335 -0.00452916184 0.5 p-1 -3369605 1475
1417 779 m2 478626 -0.000177996029 0.5 p-1 -10315 6
1605 780 m2 478693 0.00085169886 0.5 p-1 -5278 1
728 781 m2 480255 -0.0122554246 0.5 p-1 -16299 20
376 783 m2 482485 -0.00718557835 0.5 p-1 -190178 87
453 784 m2 482876 0.0069987704 0.5 p-1 -596385 152
103 786 m2 483585 0.0100450637 0.5 p-1 -2228082 1614
284 787 m2 483660 -7.17242292e-05 0.5 p-1 -452094 178
1319 788 m2 484020 0.000178835704 0.5 p-1 -32198 26
857 789 m2 484549 1.68855433e-06 0.5 p-1 -81530 6
557 790 m2 484737 -7.30706379e-05 0.5 p-1 -882609 373
377 791 m2 485248 6.98676013e-05 0.5 p-1 -294325 154
595 793 m2 485936 0.00154962821 0.5 p-1 -234882 53
596 794 m2 486493 -2.05078668e-05 0.5 p-1 -244052 51
858 795 m2 486620 -0.0229568798 0.5 p-1 -541485 174
513 797 m2 486714 0.000412394438 0.5 p-1 -361323 215
105 800 m2 488087 0.0303961933 0.5 p-1 -2312179 1130
1501 802 m2 488850 0.00154018961 0.5 p-1 -575 5
378 803 m2 488918 -5.49934384e-06 0.5 p-1 -317070 72
106 804 m2 490334 -0.052490104 0.5 p-1 -1676231 1487
285 805 m2 491117 -0.014751981 0.5 p-1 -2199857 896
835 806 m2 491162 5.28124328e-05 0.5 p-1 -354713 166
379 808 m2 491561 0.0114807906 0.5 p-1 -604979 21
772 810 m2 492424 -0.00219167746 0.5 p-1 -48743 16
929 811 m2 492469 0.0393912047 0.5 p-1 -120746 11
514 812 m2 492522 0.0207342599 0.5 p-1 -52651 80
107 813 m2 492659 3.47489348e-09 0.5 p-1 -9949221 1680
1034 814 m2 493849 5.25562973e-05 0.5 p-1 -162154 89
1035 815 m2 494527 9.75974544e-05 0.5 p-1 -129893 39
816 816 m2 495459 -0.00222628727 0.5 p-1 -127755 42
515 818 m2 499014 0.00125041674 0.5 p-1 -8565206 397
729 819 m2 499178 0.0286524948 0.5 p-1 -311833 271
558 820 m2 500526 0.00673968066 0.5 p-1 -960593 699
730 821 m2 500828 0.000878756575 0.5 p-1 -784354 243
845 822 m2 500921 -0.00475225458 0.5 p-1 -492450 187
454 823 m2 502070 2.59268404e-06 0.5 p-1 -5624179 291
455 824 m2 502070 0.00793340057 0.5 p-1 -3781192 291
456 825 m2 502079 -0.0144963562 0.5 p-1 -4870702 291
286 828 m2 503007 3.16625574e-07 0.5 p-1 -213760 72
1359 830 m2 504503 -0.00689888187 0.5 p-1 -135592 12
1045 831 m2 504532 0.00670993933 0.5 p-1 -46223 18
884 832 m2 504703 0.00198438275 0.5 p-1 -475854 322
287 834 m2 504982 -1.4956322e-07 0.5 p-1 -3332693 452
1687 835 m2 505345 0.0138018429 0.5 p-1 -67887 2
559 836 m2 506457 -0.000666649081 0.5 p-1 -13166114 617
108 837 m2 506503 0.00226621353 0.5 p-1 -2675371 1376
109 838 m2 506531 0.00186237588 0.5 p-1 -1871687 1515
859 840 m2 507850 -0.010458976 0.5 p-1 -165022 31
1552 843 m2 509643 6.9150019e-06 0.5 p-1 -20277 1
516 844 m2 510430 0.00018694943 0.5 p-1 -208411 28
110 846 m2 513396 -9.52866159e-08 0.5 p-1 -888079 88
457 847 m2 513791 -0.0868337303 0.5 p-1 -406220 153
1360 848 m2 515147 0.00100959395 0.5 p-1 -287817 11
111 849 m2 515916 -0.000216656685 0.5 p-1 -2832586 1667
678 850 m2 516191 1.7800071e-06 0.5 p-1 -1197645 161
1667 852 m2 516830 0.00221803156 0.5 p-1 -7641 1
986 853 m2 517874 -0.00104066578 0.5 p-1 -76499 44
1669 854 m2 518128 -0.00017549003 0.5 p-1 -13723 2
1139 855 m2 518973 0.00137141114 0.5 p-1 -386090 77
1362 856 m2 519444 -8.66501887e-06 0.5 p-1 -13250 6
458 857 m2 520091 -0.0176717378 0.5 p-1 -638742 1203
112 858 m2 521119 0.00138920941 0.5 p-1 -676830 196
1502 860 m2 522381 -0.00172286609 0.5 p-1 -13247 8
1482 861 m2 523035 -0.00496202614 0.5 p-1 -5049 2
1443 863 m2 525434 0.00290139252 0.5 p-1 -4335 10
847 864 m2 525831 -0.00119005982 0.5 p-1 -626927 85
1290 865 m2 525859 -0.00118571369 0.5 p-1 -28254 4
380 866 m2 527247 -0.0155391116 0.5 p-1 -264504 205
1156 867 m2 528831 -0.000202952011 0.5 p-1 -6537 7
597 868 m2 528944 -0.00228761672 0.5 p-1 -864319 228
793 869 m2 529798 2.49763474e-07 0.5 p-1 -460727 116
917 870 m2 530345 -0.0153298927 0.5 p-1 -1315809 152
113 871 m2 532024 9.32310504e-05 0.5 p-1 -1563708 981
381 872 m2 532319 0.00694918353 0.5 p-1 -1179017 317
1210 874 m2 535359 5.12300576e-05 0.5 p-1 -83049 57
680 875 m2 535986 -0.00023437952 0.5 p-1 -260484 208
382 876 m2 536538 -2.83248792e-05 0.5 p-1 -2405815 749
794 877 m2 536988 -0.0348183848 0.5 p-1 -427599 60
114 879 m2 538179 0.0396692716 0.5 p-1 -4959262 1008
1599 880 m2 540577 -0.0362292305 0.5 p-1 -1690 1
1285 881 m2 541107 -1.47825085e-06 0.5 p-1 -44040 9
289 882 m2 541959 0.000484311837 0.5 p-1 -357438 234
817 883 m2 542804 -0.000154947833 0.5 p-1 -280262 99
1010 884 m2 544010 0.000476123067 0.5 p-1 -1005168 55
1065 886 m2 544787 0.0339551605 0.5 p-1 -27317 21
1338 887 m2 546158 0.00324828713 0.5 p-1 -79829 43
117 888 m2 546269 0.000169942417 0.5 p-1 -8907626 1210
1550 889 m2 547003 2.0808759e-06 0.5 p-1 -26718 2
118 890 m2 547198 -1.48447243e-05 0.5 p-1 -1343821 522
652 891 m2 548910 -0.000694315182 0.5 p-1 -1491919 224
1082 894 m2 549823 -0.000483153068 0.5 p-1 -1220376 58
290 895 m2 550653 -0.00672341045 0.5 p-1 -952299 885
120 896 m2 550910 0.000927664281 0.5 p-1 -3808776 285
1476 899 m2 553641 -5.47648051e-05 0.5 p-1 -4144 11
1668 901 m2 554422 4.93434782e-05 0.5 p-1 -104 6
121 902 m2 554801 0.0216981601 0.5 p-1 -2071123 1986
1191 903 m2 556485 -0.00221106317 0.5 p-1 -25198 15
384 904 m2 556563 -0.0048571066 0.5 p-1 -10750491 826
459 905 m2 558107 -0.0102359764 0.5 p-1 -88451 72
681 908 m2 560008 -2.86250797e-05 0.5 p-1 -2838782 61
123 912 m2 561919 -0.00692864461 0.5 p-1 -3749149 1230
560 914 m2 563151 0.00605628593 0.5 p-1 -6800162 764
124 915 m2 564008 -0.0291553531 0.5 p-1 -3124582 1020
291 917 m2 565361 1.38627356e-05 0.5 p-1 -2413264 787
1659 918 m2 566276 0.00256650941 0.5 p-1 -33997 1
561 920 m2 566909 0.00547205936 0.5 p-1 -3909002 155
126 922 m2 569820 -0.0329371095 0.5 p-1 -1122779 688
885 923 m2 570061 0.00224451115 0.5 p-1 -600229 92
1379 924 m2 571113 2.91616871e-05 0.5 p-1 -66620 35
127 925 m2 574239 -0.0066400608 0.5 p-1 -1898871 432
987 926 m2 575521 -0.000400932797 0.5 p-1 -125851 32
128 927 m2 576207 0.00051883416 0.5 p-1 -5042931 1746
130 928 m2 576376 -0.000130719956 0.5 p-1 -1627514 919
1576 930 m2 577777 0.000403105078 0.5 p-1 -11426 7
292 932 m2 581329 0.000613760843 0.5 p-1 -554340 399
460 933 m2 581430 0.0037491105 0.5 p-1 -1786192 602
461 934 m2 581758 -0.0156337339 0.5 p-1 -2145830 421
293 935 m2 581982 -0.00331807882 0.5 p-1 -6292728 1844
1541 937 m2 584364 0.0743476376 0.5 p-1 -7765 6
682 938 m2 584906 -5.86012766e-06 0.5 p-1 -18275 11
132 939 m2 584966 -0.00421395572 0.5 p-1 -7147744 1369
1450 941 m2 585158 3.26320987e-05 0.5 p-1 -1085 3
133 942 m2 585332 -0.0394200161 0.5 p-1 -1614759 1416
732 943 m2 586026 -0.0123685906 0.5 p-1 -3772 5
704 945 m2 587430 0.00403555157 0.5 p-1 -2848594 591
462 948 m2 587874 0.0109828115 0.5 p-1 -1757406 791
463 950 m2 589809 -0.00446718931 0.5 p-1 -926121 79
464 951 m2 590004 -0.00760269212 0.5 p-1 -233096 56
988 952 m2 590089 -0.00253753667 0.5 p-1 -302663 26
518 953 m2 590091 3.05041085e-05 0.5 p-1 -4553218 27
1588 954 m2 590577 0.0114563322 0.5 p-1 -277714 7
1532 955 m2 591314 0.00701264152 0.5 p-1 -4556 5
134 957 m2 591895 -0.00457678037 0.5 p-1 -882293 158
563 958 m2 592019 -2.541916e-05 0.5 p-1 -1052843 294
1049 959 m2 592248 -0.000299652689 0.5 p-1 -113327 62
135 960 m2 592660 -2.23373036e-06 0.5 p-1 -2850584 924
136 961 m2 593044 0.00268213521 0.5 p-1 -2578968 1314
733 962 m2 593534 3.55105039e-05 0.5 p-1 -159351 92
1382 963 m2 594016 -0.000324570137 0.5 p-1 -42025 4
1320 967 m2 597534 0.00230729929 0.5 p-1 -187980 15
1509 968 m2 597615 0.0390858315 0.5 p-1 -392866 3
137 969 m2 597874 -0.000884174369 0.5 p-1 -2988747 1912
138 970 m2 599815 0.00161412929 0.5 p-1 -1148953 432
734 972 m2 603017 0.000932934869 0.5 p-1 -1047244 39
519 973 m2 603716 -0.000286625553 0.5 p-1 -9511998 658
886 977 m2 606142 0.00396836177 0.5 p-1 -1409836 139
1451 979 m2 607574 -0.0405755304 0.5 p-1 -8021348 3
1020 980 m2 607890 0.000573573227 0.5 p-1 -22893 6
1050 981 m2 608047 -0.00227969 0.5 p-1 -5288 44
634 982 m2 608194 -8.25391098e-08 0.5 p-1 -1667893 344
653 983 m2 608396 0.00947650895 0.5 p-1 -60768 36
520 984 m2 609174 -0.00470727636 0.5 p-1 -428914 435
1196 985 m2 611970 0.0240953024 0.5 p-1 -35818 10
818 988 m2 618602 -0.00198519952 0.5 p-1 -1966070 312
294 990 m2 618870 0.0204521883 0.5 p-1 -4213223 586
1466 991 m2 621280 -0.00558625115 0.5 p-1 -33343 2
1329 992 m2 622140 -0.011691031 0.5 p-1 -563490 9
140 995 m2 623326 -1.29283162e-05 0.5 p-1 -858993 639
876 998 m2 624616 1.25956403e-05 0.5 p-1 -45982 9
142 999 m2 624708 -2.38872303e-06 0.5 p-1 -1081486 990
521 1000 m2 626607 0.000337898993 0.5 p-1 -128915 43
564 1001 m2 626833 0.0282177757 0.5 p-1 -417655 167
654 1002 m2 626926 0.0152559411 0.5 p-1 -561085 393
861 1004 m2 628859 -0.00224804762 0.5 p-1 -91294 22
296 1005 m2 628879 -0.000677708129 0.5 p-1 -6543889 1445
1238 1006 m2 628933 0.0144386711 0.5 p-1 -634720 12
144 1007 m2 630562 0.00506584439 0.5 p-1 -303908 197
635 1008 m2 630643 -0.000624348701 0.5 p-1 -661516 144
1330 1009 m2 630738 5.95915708e-07 0.5 p-1 -90397 17
599 1011 m2 631661 -0.00332720042 0.5 p-1 -660518 318
1527 1012 m2 632397 0.000387172739 0.5 p-1 -22428 3
522 1013 m2 632972 2.41583275e-05 0.5 p-1 -2521627 534
1516 1014 m2 633414 -0.0219210032 0.5 p-1 -147069 12
465 1016 m2 635037 -0.0412623398 0.5 p-1 -4128428 951
1400 1017 m2 635086 -0.0156966653 0.5 p-1 -1641 1
466 1018 m2 637127 0.0396305919 0.5 p-1 -553228 94
757 1020 m2 638675 -0.031160295 0.5 p-1 -9443 5
385 1023 m2 641326 0.0820606127 0.5 p-1 -7819812 922
1707 1024 m2 641725 -0.00710213417 0.5 p-1 -4707 1
467 1025 m2 642211 0.0166397523 0.5 p-1 -321327 150
298 1026 m2 642213 -0.0017103923 0.5 p-1 -164370 53
145 1027 m2 642529 -0.00658154069 0.5 p-1 -15443296 1509
1316 1028 m2 643041 0.000134074173 0.5 p-1 -22233 8
1011 1033 m2 646437 0.0162029117 0.5 p-1 -18771 6
1437 1034 m2 647295 0.000146491788 0.5 p-1 -138227 13
1291 1036 m2 649058 -0.00322452304 0.5 p-1 -806516 8
300 1037 m2 649210 -0.00524621457 0.5 p-1 -1040081 577
146 1038 m2 649534 0.00957126264 0.5 p-1 -924219 443
1158 1040 m2 650753 4.74869994e-05 0.5 p-1 -261672 37
523 1041 m2 650949 5.20918038e-05 0.5 p-1 -743458 444
1647 1043 m2 652742 -0.00364481565 0.5 p-1 -6840 2
1411 1044 m2 653339 0.00365455518 0.5 p-1 -4163 6
796 1045 m2 655048 0.0457079001 0.5 p-1 -75080 46
945 1046 m2 655832 0.00485490076 0.5 p-1 -1409364 112
1278 1047 m2 659069 0.0273611546 0.5 p-1 -16783 19
1332 1048 m2 659948 -0.000362132851 0.5 p-1 -15115 3
990 1049 m2 660386 -9.2453156e-05 0.5 p-1 -21018 11
1641 1050 m2 660617 -0.00464726705 0.5 p-1 -57819 3
1109 1051 m2 660727 -0.0138393724 0.5 p-1 -101447 16
991 1052 m2 661135 0.00589171145 0.5 p-1 -225987 201
706 1053 m2 661161 -0.0280728582 0.5 p-1 -1120369 114
148 1054 m2 661181 -0.00189714693 0.5 p-1 -490987 194
1463 1056 m2 661976 0.0492724963 0.5 p-1 -3955 4
1702 1058 m2 662657 1.93908068e-06 0.5 p-1 -1257 1
1522 1059 m2 663623 -0.00392937474 0.5 p-1 -7874 1
149 1060 m2 664160 -0.0198174343 0.5 p-1 -2139695 1858
970 1062 m2 667256 0.0344788767 0.5 p-1 -486399 59
152 1063 m2 667322 -0.0328263193 0.5 p-1 -9517436 1221
971 1065 m2 668000 -0.0413710773 0.5 p-1 -1603798 25
1110 1066 m2 668781 -1.12461225e-06 0.5 p-1 -180360 64
1312 1067 m2 669703 9.46067757e-06 0.5 p-1 -12515 5
1425 1068 m2 670440 0.003232294 0.5 p-1 -27833 8
386 1069 m2 670534 0.0015640381 0.5 p-1 -531914 119
1696 1070 m2 671026 0.040601071 0.5 p-1 -681536 3
302 1071 m2 671559 -1.02826334e-05 0.5 p-1 -3559335 935
637 1073 m2 674581 -0.0298855659 0.5 p-1 -69963 43
303 1074 m2 674859 -2.05085146e-12 0.5 p-1 -9290166 134
1571 1076 m2 677290 -4.61794953e-05 0.5 p-1 -20118 7
1207 1077 m2 678196 -0.0594706312 0.5 p-1 -7764 12
387 1078 m2 679525 -0.000527440745 0.5 p-1 -590265 366
807 1079 m2 682610 -0.0214666985 0.5 p-1 -741941 155
1594 1080 m2 683564 0.012145428 0.5 p-1 -118979 4
1432 1081 m2 684279 -2.04829036e-07 0.5 p-1 -10239 12
836 1082 m2 685511 0.000467831851 0.5 p-1 -316505 90
758 1083 m2 685590 -0.00388339791 0.5 p-1 -207504 97
156 1084 m2 686439 -0.0075585926 0.5 p-1 -4989081 743
1260 1085 m2 686481 -7.74050568e-05 0.5 p-1 -58658 7
470 1086 m2 688236 -0.00322976639 0.5 p-1 -434465 210
388 1087 m2 688629 0.0227854419 0.5 p-1 -356159 108
157 1088 m2 688650 0.00405188324 0.5 p-1 -1949595 1030
1317 1089 m2 688806 -0.00121766177 0.5 p-1 -138394 37
1130 1090 m2 689056 2.82287001e-05 0.5 p-1 -3179 31
707 1092 m2 691132 0.00302461348 0.5 p-1 -6020450 214
798 1093 m2 692453 0.0136570968 0.5 p-1 -1966032 26
158 1094 m2 692502 0.000597996695 0.5 p-1 -722321 529
566 1096 m2 693157 0.000382283033 0.5 p-1 -107620 31
389 1098 m2 695351 0.000159801333 0.5 p-1 -379913 302
304 1099 m2 695775 -0.00206966046 0.5 p-1 -5066462 276
1140 1101 m2 695977 0.00430186745 0.5 p-1 -23102 16
390 1102 m2 696574 0.00253730942 0.5 p-1 -340294 359
391 1103 m2 697576 9.71092886e-05 0.5 p-1 -20895 21
1704 1104 m2 698193 0.00965910032 0.5 p-1 -79334 1
1409 1105 m2 698384 5.4702009e-06 0.5 p-1 -17176 9
524 1106 m2 698436 -0.0140401972 0.5 p-1 -4663830 111
601 1108 m2 698992 -0.057206288 0.5 p-1 -1182139 619
1244 1109 m2 699218 4.5294677e-05 0.5 p-1 -8183 8
1427 1110 m2 700748 -0.013651235 0.5 p-1 -16856 8
1197 1111 m2 702330 -0.000689953973 0.5 p-1 -51519 3
1127 1112 m2 702727 0.0243205726 0.5 p-1 -14808 6
1459 1113 m2 702775 0.0116822636 0.5 p-1 -1550 2
1366 1114 m2 702862 0.00967320334 0.5 p-1 -27923 1
305 1115 m2 702868 -5.37573942e-05 0.5 p-1 -5389475 1116
1249 1117 m2 703369 -0.0316209793 0.5 p-1 -65158 11
392 1118 m2 703772 -4.82689844e-09 0.5 p-1 -16962 14
1037 1119 m2 705424 -0.00118067197 0.5 p-1 -5151 7
684 1120 m2 706007 0.0105961049 0.5 p-1 -190529 365
1222 1122 m2 707348 -0.000320238149 0.5 p-1 -20519 5
1347 1123 m2 707397 -0.00139836548 0.5 p-1 -438453 3
1484 1125 m2 707857 -0.00173825538 0.5 p-1 -44846 9
736 1126 m2 708359 -0.000724085257 0.5 p-1 -849872 181
1609 1130 m2 710249 -0.0128824636 0.5 p-1 -91 1
1125 1132 m2 710705 0.0332451798 0.5 p-1 -321461 8
896 1133 m2 710806 0.030194493 0.5 p-1 -461194 105
773 1134 m2 711073 4.33373017e-08 0.5 p-1 -60985 68
1322 1135 m2 711816 -0.00900974032 0.5 p-1 -60011 3
820 1136 m2 713119 -0.0316734686 0.5 p-1 -93611 63
306 1137 m2 713181 0.00460929004 0.5 p-1 -1835584 1031
602 1138 m2 713292 -0.0365720652 0.5 p-1 -3396565 558
161 1141 m2 715033 -0.0683931261 0.5 p-1 -10277279 1836
1071 1143 m2 716889 0.0119805746 0.5 p-1 -159121 83
638 1144 m2 717513 -3.2099997e-05 0.5 p-1 -736618 132
528 1145 m2 718301 0.00818848796 0.5 p-1 -860388 347
1111 1146 m2 718306 -0.00186404877 0.5 p-1 -40518 11
1066 1150 m2 721757 0.000876841485 0.5 p-1 -131123 38
529 1151 m2 721832 -0.0138167031 0.5 p-1 -1580226 534
1112 1152 m2 721967 -0.00023227674 0.5 p-1 -393292 20
930 1153 m2 722212 -1.68393417e-05 0.5 p-1 -138274 29
1128 1156 m2 725381 0.00155265909 0.5 p-1 -315211 19
163 1158 m2 726178 -0.0155239198 0.5 p-1 -3279375 1196
910 1159 m2 727791 -8.2458173e-06 0.5 p-1 -51661 25
471 1160 m2 729496 0.023986185 0.5 p-1 -6182760 299
309 1162 m2 731303 -2.65092444e-06 0.5 p-1 -1938129 1407
1067 1163 m2 731438 -0.00533596566 0.5 p-1 -240978 38
1001 1164 m2 732627 -4.1812811e-09 0.5 p-1 -456472 102
1292 1165 m2 734368 -0.0342932716 0.5 p-1 -19508 16
911 1167 m2 735308 0.00373101863 0.5 p-1 -59125 41
1021 1169 m2 737040 0.0139477635 0.5 p-1 -245428 99
164 1170 m2 738469 8.8499728e-06 0.5 p-1 -3457625 1177
310 1171 m2 739493 -0.00965752918 0.5 p-1 -3346634 1780
708 1172 m2 739644 4.00049451e-08 0.5 p-1 -202176 174
655 1173 m2 741356 -0.00807242282 0.5 p-1 -3120 3
311 1174 m2 742133 -3.10164592e-06 0.5 p-1 -4561709 1102
1177 1175 m2 742205 -1.43055322e-05 0.5 p-1 -343187 38
862 1176 m2 743069 -0.00322726439 0.5 p-1 -3663 10
165 1178 m2 743429 -0.0631802008 0.5 p-1 -2359389 806
1053 1179 m2 744032 -2.02145438e-05 0.5 p-1 -90117 46
1262 1180 m2 744294 -0.0245459788 0.5 p-1 -131857 10
472 1181 m2 744425 0.00380717916 0.5 p-1 -2005307 295
967 1182 m2 745566 0.0165227521 0.5 p-1 -62634 4
1343 1184 m2 745926 -0.000912473013 0.5 p-1 -109426 14
685 1185 m2 746100 -0.000661465223 0.5 p-1 -76695 18
1387 1186 m2 746621 -0.01766463 0.5 p-1 -1201 5
810 1187 m2 747543 0.00102510303 0.5 p-1 -9740374 341
166 1188 m2 748260 -0.000310515083 0.5 p-1 -217565 188
530 1190 m2 748756 0.00769465463 0.5 p-1 -148417 220
1135 1191 m2 748781 -1.48913728e-07 0.5 p-1 -30305 8
167 1194 m2 749865 0.00202135276 0.5 p-1 -285506 152
168 1195 m2 749928 -0.00336878747 0.5 p-1 -1826097 800
1544 1198 m2 752228 0.00789749622 0.5 p-1 -12025 5
169 1199 m2 753422 0.00316724344 0.5 p-1 -2084396 1767
1325 1200 m2 754434 3.49908253e-12 0.5 p-1 -9929 1
170 1201 m2 755147 0.00298189768 0.5 p-1 -1268931 848
1611 1202 m2 755187 -1.0196711e-07 0.5 p-1 -64807 3
978 1203 m2 755334 -0.000522748975 0.5 p-1 -561976 32
1131 1204 m2 755655 0.000258601649 0.5 p-1 -293852 27
603 1205 m2 756376 -2.20444736e-06 0.5 p-1 -211102 251
737 1206 m2 756918 -0.000542844587 0.5 p-1 -198591 33
936 1208 m2 757913 -0.000326580048 0.5 p-1 -50831 16
171 1209 m2 758384 6.35113174e-05 0.5 p-1 -3508543 796
604 1211 m2 759917 -0.000321262749 0.5 p-1 -1411099 326
393 1212 m2 760389 -0.00831599347 0.5 p-1 -177299 156
1567 1213 m2 761093 0.0234634373 0.5 p-1 -4049 1
172 1215 m2 763189 0.0103900284 0.5 p-1 -5348259 571
1121 1216 m2 763233 -0.0172284301 0.5 p-1 -719167 22
1511 1217 m2 763389 -0.00558537245 0.5 p-1 -49667 17
173 1218 m2 763718 0.00487428345 0.5 p-1 -6699601 1678
1095 1219 m2 765404 0.00157796207 0.5 p-1 -238593 15
738 1220 m2 766101 0.000800349226 0.5 p-1 -86089 46
709 1221 m2 767639 -0.000147621628 0.5 p-1 -3432 22
1106 1222 m2 767795 0.00929533597 0.5 p-1 -430456 86
1377 1224 m2 768505 0.0184010435 0.5 p-1 -21253 2
947 1227 m2 771221 0.000262248068 0.5 p-1 -1991283 189
314 1228 m2 771625 0.0387319177 0.5 p-1 -474707 289
473 1229 m2 772207 -0.0162431654 0.5 p-1 -3147089 631
1091 1231 m2 773390 -7.47517743e-06 0.5 p-1 -43938 43
1558 1232 m2 774063 -0.00286908867 0.5 p-1 -12818 7
1132 1233 m2 774915 0.00230512954 0.5 p-1 -27152 17
980 1234 m2 775024 -0.0274627656 0.5 p-1 -92028 53
1635 1235 m2 776268 -0.00258083339 0.5 p-1 -33473 4
687 1236 m2 776816 0.000123076417 0.5 p-1 -79880 57
174 1238 m2 778039 -0.00333409198 0.5 p-1 -9354551 1476
1350 1239 m2 778122 -0.0317675322 0.5 p-1 -38633 6
1284 1240 m2 779170 -0.000437890092 0.5 p-1 -102948 50
315 1241 m2 779172 -0.00833758526 0.5 p-1 -3558653 1432
532 1242 m2 779236 0.000454878842 0.5 p-1 -112915 52
474 1243 m2 779617 0.000175688081 0.5 p-1 -3076141 280
1107 1244 m2 780878 -0.00132971536 0.5 p-1 -507273 51
759 1245 m2 780967 4.10521279e-05 0.5 p-1 -461339 164
1122 1247 m2 783534 -0.000385191001 0.5 p-1 -1120050 90
316 1250 m2 785183 0.035387855 0.5 p-1 -1203332 789
317 1251 m2 786455 0.000666203676 0.5 p-1 -538595 74
710 1253 m2 786927 0.0107234763 0.5 p-1 -347101 324
1108 1255 m2 788410 0.00727875438 0.5 p-1 -183484 80
394 1256 m2 788533 3.81763784e-05 0.5 p-1 -354624 537
175 1258 m2 790169 0.000455510279 0.5 p-1 -2705229 1429
739 1259 m2 791148 0.0272563864 0.5 p-1 -46510 3
176 1260 m2 792182 -0.0150053436 0.5 p-1 -2591277 1829
177 1261 m2 792339 -0.000159890289 0.5 p-1 -1022471 259
1242 1262 m2 792358 -0.000296626502 0.5 p-1 -114930 15
849 1263 m2 792605 0.00306949019 0.5 p-1 -194539 81
1472 1264 m2 792688 -1.09779021e-05 0.5 p-1 -24917 9
605 1266 m2 792916 -0.000360971637 0.5 p-1 -303673 128
639 1267 m2 793517 1.64377379e-05 0.5 p-1 -2883073 87
1634 1268 m2 794171 0.0028014665 0.5 p-1 -42800 8
1355 1270 m2 797131 -0.0185229573 0.5 p-1 -28897 7
937 1271 m2 799354 -0.000729126914 0.5 p-1 -4612649 115
1013 1273 m2 800233 -0.000292817276 0.5 p-1 -238404 123
1239 1274 m2 801719 0.00399165927 0.5 p-1 -720 2
1653 1275 m2 802194 -0.000271513971 0.5 p-1 -11247 3
1639 1276 m2 802262 0.00708599761 0.5 p-1 -1162 3
179 1279 m2 803988 1.09405628e-05 0.5 p-1 -6090586 1054
180 1280 m2 804603 2.56707864e-07 0.5 p-1 -891430 1148
811 1281 m2 805582 0.0125948275 0.5 p-1 -1675 29
1608 1282 m2 805970 0.00061758334 0.5 p-1 -251 3
1054 1283 m2 806317 -0.00923729036 0.5 p-1 -373799 156
1188 1284 m2 806445 -2.25110816e-05 0.5 p-1 -508650 18
1395 1285 m2 806503 0.0220243074 0.5 p-1 -3675 13
920 1287 m2 807538 -4.24007567e-07 0.5 p-1 -118019 33
318 1288 m2 808017 -0.00103268097 0.5 p-1 -4008562 1554
1542 1290 m2 808193 -0.0145697342 0.5 p-1 -13683 9
921 1291 m2 808294 -0.0772427469 0.5 p-1 -591157 161
899 1292 m2 809386 0.026836792 0.5 p-1 -916558 57
1293 1293 m2 809562 0.0175046753 0.5 p-1 -38373 8
889 1294 m2 810193 4.68492954e-06 0.5 p-1 -40791 10
181 1295 m2 811021 1.97066854e-07 0.5 p-1 -2369941 1579
740 1296 m2 811374 -0.013698197 0.5 p-1 -254892 145
1245 1297 m2 811599 0.00665529864 0.5 p-1 -15124 24
1031 1299 m2 813916 6.31834555e-05 0.5 p-1 -1638061 91
1302 1300 m2 813950 -0.0109757055 0.5 p-1 -178998 23
864 1301 m2 814242 0.0040540332 0.5 p-1 -1975561 190
1412 1302 m2 814512 -0.0457023531 0.5 p-1 -18716 7
1525 1303 m2 815039 0.00307661504 0.5 p-1 -20895 9
774 1305 m2 815345 0.00296791061 0.5 p-1 -367493 107
1055 1306 m2 816634 -0.0259852447 0.5 p-1 -49491 18
1469 1307 m2 817517 0.000793440209 0.5 p-1 -1298 11
1657 1310 m2 818181 0.001216106 0.5 p-1 -13316 2
1225 1311 m2 818805 -0.00331221451 0.5 p-1 -201632 44
640 1312 m2 819254 0.0121141076 0.5 p-1 -4740 6
1575 1314 m2 820901 -0.0132562779 0.5 p-1 -47978 2
1601 1315 m2 821246 -2.24821561e-05 0.5 p-1 -63470 3
1547 1316 m2 821321 0.0374165997 0.5 p-1 -3437 9
476 1318 m2 821887 4.0913641e-05 0.5 p-1 -799122 323
320 1319 m2 823154 -0.00590340095 0.5 p-1 -7310216 125
396 1320 m2 824546 0.000314843608 0.5 p-1 -13708318 895
657 1322 m2 828174 -8.71780048e-06 0.5 p-1 -1473038 427
322 1323 m2 829692 -0.00302920048 0.5 p-1 -7408917 924
1164 1324 m2 830715 0.018467186 0.5 p-1 -223544 20
183 1326 m2 832895 -0.00523692323 0.5 p-1 -5379262 1173
184 1327 m2 833003 0.009348155 0.5 p-1 -4722490 1354
949 1328 m2 833489 -0.0916214734 0.5 p-1 -53855 8
741 1329 m2 834313 0.00367836002 0.5 p-1 -9748909 122
1060 1330 m2 836179 2.05308443e-05 0.5 p-1 -290819 19
1592 1331 m2 836626 0.000300462096 0.5 p-1 -4177 3
397 1332 m2 836796 -0.00326782605 0.5 p-1 -195668 94
323 1333 m2 836939 0.0167337637 0.5 p-1 -12375604 958
1101 1334 m2 837881 -0.0437900908 0.5 p-1 -49275 18
324 1335 m2 837996 0.0135287922 0.5 p-1 -9303223 634
186 1336 m2 838646 -0.0129759051 0.5 p-1 -2858432 1486
1440 1337 m2 839112 -0.00864094123 0.5 p-1 -11970 6
187 1338 m2 839141 -0.00389647414 0.5 p-1 -713196 991
658 1339 m2 840600 8.5622094e-05 0.5 p-1 -426155 55
743 1340 m2 840605 4.59659168e-05 0.5 p-1 -506754 378
477 1341 m2 840684 -8.18898684e-07 0.5 p-1 -3144758 741
478 1342 m2 841409 -0.0131356986 0.5 p-1 -988304 429
838 1343 m2 842275 0.0129031045 0.5 p-1 -53322 50
1129 1344 m2 842925 -3.07133337e-06 0.5 p-1 -163613 9
398 1345 m2 843486 4.64931964e-06 0.5 p-1 -1926627 898
1002 1346 m2 843675 0.0166188609 0.5 p-1 -180072 18
533 1347 m2 844125 0.0193017125 0.5 p-1 -1153512 63
534 1348 m2 844191 -0.000538304215 0.5 p-1 -2068409 63
399 1349 m2 845229 -0.0232962463 0.5 p-1 -489761 288
479 1350 m2 845776 0.0024475609 0.5 p-1 -4034333 1270
480 1351 m2 845844 -0.00154709257 0.5 p-1 -992669 377
659 1352 m2 846821 -0.0102827344 0.5 p-1 -8706126 877
760 1353 m2 847042 3.76507596e-05 0.5 p-1 -835799 201
641 1354 m2 847178 -0.0413270891 0.5 p-1 -528830 282
660 1355 m2 847459 -0.0295709278 0.5 p-1 -282279 139
850 1356 m2 847548 1.91269428e-05 0.5 p-1 -448536 72
1233 1357 m2 847930 0.00244940771 0.5 p-1 -55834 14
607 1359 m2 848780 0.000690322777 0.5 p-1 -226026 170
661 1360 m2 849183 2.50550092e-05 0.5 p-1 -41316 2
482 1362 m2 850506 -0.00469966885 0.5 p-1 -833833 493
189 1363 m2 850606 -0.00159306359 0.5 p-1 -2543347 1188
1162 1364 m2 852472 -0.00366736343 0.5 p-1 -15085 19
568 1365 m2 852849 0.0010878942 0.5 p-1 -100093 50
1439 1366 m2 853837 8.9651192e-05 0.5 p-1 -315372 24
1419 1368 m2 854202 -0.0163930096 0.5 p-1 -109519 24
688 1369 m2 854506 -0.00101551658 0.5 p-1 -386245 224
1491 1370 m2 854697 0.0077187065 0.5 p-1 -53369 8
689 1371 m2 855923 -0.000978564611 0.5 p-1 -410100 60
190 1373 m2 858183 0.0308111235 0.5 p-1 -927099 314
535 1374 m2 858515 0.105335012 0.5 p-1 -551389 100
325 1375 m2 859165 5.37743763e-05 0.5 p-1 -4696458 1809
326 1376 m2 859179 -0.00102449651 0.5 p-1 -13478914 1799
569 1377 m2 859317 4.41587545e-05 0.5 p-1 -1060802 307
1163 1379 m2 860433 -0.0101697631 0.5 p-1 -32608 14
608 1380 m2 860449 0.0109777479 0.5 p-1 -1204015 129
609 1381 m2 860511 0.00028586539 0.5 p-1 -778275 129
192 1382 m2 860902 2.68722687e-07 0.5 p-1 -1318866 956
992 1383 m2 864829 0.00418948755 0.5 p-1 -698776 241
1032 1384 m2 864860 0.000113057242 0.5 p-1 -27399 29
744 1385 m2 865280 0.000116899748 0.5 p-1 -8808247 360
1174 1386 m2 865401 -0.000860876346 0.5 p-1 -944248 102
193 1387 m2 865510 -0.000211858103 0.5 p-1 -2762016 1635
400 1388 m2 866343 -0.00630166847 0.5 p-1 -7299556 518
401 1390 m2 867608 -7.81640992e-05 0.5 p-1 -322231 155
993 1391 m2 867945 0.000825185212 0.5 p-1 -84999 43
1147 1392 m2 867994 -0.0132868085 0.5 p-1 -59505 45
1276 1394 m2 868836 -0.00482699601 0.5 p-1 -1940 4
761 1395 m2 868900 -0.0110418713 0.5 p-1 -103942 54
1348 1396 m2 868943 0.0031729464 0.5 p-1 -1426225 9
194 1397 m2 869048 -3.22981508e-09 0.5 p-1 -6124843 1934
402 1399 m2 870580 0.000928975933 0.5 p-1 -4261673 463
1430 1400 m2 871024 -0.085310258 0.5 p-1 -201210 5
571 1401 m2 871142 0.00146457716 0.5 p-1 -361346 293
1413 1404 m2 874051 2.81964645e-07 0.5 p-1 -3999 8
536 1405 m2 874225 0.0328495577 0.5 p-1 -1305179 631
196 1406 m2 874595 0.00794838555 0.5 p-1 -1134035 1053
1642 1409 m2 876919 -0.0178063326 0.5 p-1 -9383 2
197 1410 m2 878251 -0.000147623054 0.5 p-1 -7438591 1628
1061 1411 m2 879725 0.104283407 0.5 p-1 -8167 9
812 1412 m2 879898 -0.000935555901 0.5 p-1 -141192 74
800 1413 m2 879921 -0.0119335698 0.5 p-1 -78391 36
712 1414 m2 880450 0.0169219151 0.5 p-1 -1812028 153
1077 1415 m2 880834 -0.00433023041 0.5 p-1 -165324 23
1679 1416 m2 881253 8.75412354e-07 0.5 p-1 -13612 2
198 1420 m2 884386 -0.000176181551 0.5 p-1 -1064717 913
403 1421 m2 884833 -0.00822343584 0.5 p-1 -3571248 382
690 1422 m2 885447 0.036254216 0.5 p-1 -3169398 280
691 1423 m2 886146 0.0309315287 0.5 p-1 -697991 275
1279 1424 m2 886712 0.00516670756 0.5 p-1 -147032 34
404 1425 m2 887331 0.000230651043 0.5 p-1 -2908330 316
199 1426 m2 888192 0.00703323912 0.5 p-1 -865522 274
201 1427 m2 889126 -0.000151369488 0.5 p-1 -1249649 376
1078 1429 m2 890154 -0.0020114535 0.5 p-1 -275388 15
1062 1430 m2 890323 -0.0191084687 0.5 p-1 -362229 40
202 1433 m2 892228 0.00120261405 0.5 p-1 -224000 163
1123 1434 m2 892426 -0.000212918152 0.5 p-1 -98057 56
1548 1435 m2 892592 -0.0001037978 0.5 p-1 -41616 14
939 1436 m2 892598 1.91765921e-05 0.5 p-1 -169559 14
1339 1439 m2 897230 -0.00170491182 0.5 p-1 -3505 13
610 1440 m2 897248 -0.00469059357 0.5 p-1 -653906 21
1097 1441 m2 897920 -0.00118350564 0.5 p-1 -5317 2
484 1443 m2 898790 0.00498746708 0.5 p-1 -364152 124
972 1446 m2 899679 -0.000681140984 0.5 p-1 -65366 63
407 1447 m2 900532 -0.00347526674 0.5 p-1 -2661109 797
204 1450 m2 901493 -3.35581035e-06 0.5 p-1 -1934396 913
1307 1451 m2 901745 -0.000102461861 0.5 p-1 -568 7
692 1452 m2 901910 -0.00697213877 0.5 p-1 -1068093 218
801 1453 m2 902679 -0.00259138085 0.5 p-1 -492437 130
968 1454 m2 903212 0.000710010529 0.5 p-1 -36662 2
1618 1455 m2 904108 -0.00349311926 0.5 p-1 -9804 1
205 1457 m2 907860 0.0250899233 0.5 p-1 -5452084 1659
973 1458 m2 908154 -0.0253704321 0.5 p-1 -141697 94
485 1459 m2 910132 -0.0127330134 0.5 p-1 -684984 171
486 1460 m2 910759 0.0567474701 0.5 p-1 -2170483 548
865 1461 m2 912190 -0.00865128357 0.5 p-1 -9688419 141
409 1462 m2 912890 0.00169752969 0.5 p-1 -74646 89
410 1464 m2 913131 0.000144399761 0.5 p-1 -1566891 300
572 1466 m2 914349 0.000617407786 0.5 p-1 -904410 146
1518 1468 m2 915373 -0.000949975743 0.5 p-1 -4291 3
411 1469 m2 915665 -0.010116688 0.5 p-1 -222758 65
487 1470 m2 915747 -0.00408135401 0.5 p-1 -351437 301
207 1472 m2 917177 4.03426611e-06 0.5 p-1 -2338519 1312
662 1474 m2 917758 0.0521021709 0.5 p-1 -96523 34
822 1476 m2 920367 -0.000845891656 0.5 p-1 -328077 91
1323 1477 m2 920603 -0.000555207604 0.5 p-1 -3823 4
931 1478 m2 923204 -0.00454335054 0.5 p-1 -116629 88
1198 1479 m2 923351 -0.00529932836 0.5 p-1 -18459 3
537 1480 m2 924010 0.00566299399 0.5 p-1 -543629 226
994 1481 m2 924763 0.000411193323 0.5 p-1 -649024 112
1414 1482 m2 924859 -2.36109372e-05 0.5 p-1 -707576 15
209 1483 m2 925860 0.011128461 0.5 p-1 -2285131 1481
802 1484 m2 926735 0.000404717372 0.5 p-1 -64330 49
1251 1485 m2 929657 0.00251630065 0.5 p-1 -56739 8
1662 1486 m2 930208 -0.00645261304 0.5 p-1 -73738 1
412 1487 m2 930550 -0.0013314049 0.5 p-1 -3171703 929
1546 1488 m2 930752 -9.41489561e-05 0.5 p-1 -3734 1
538 1489 m2 931355 -5.1378338e-05 0.5 p-1 -17170 17
1461 1490 m2 933544 -4.95052191e-05 0.5 p-1 -20530 17
1429 1491 m2 933766 0.000150514257 0.5 p-1 -31581 16
1083 1492 m2 934055 0.0238108598 0.5 p-1 -17153 21
210 1493 m2 934126 0.000499160145 0.5 p-1 -7719767 1416
1015 1494 m2 934507 -0.0846883804 0.5 p-1 -1423989 54
330 1495 m2 935456 0.000242379014 0.5 p-1 -564887 826
331 1496 m2 937019 -0.0111487536 0.5 p-1 -1590202 1195
958 1497 m2 937900 5.37636661e-05 0.5 p-1 -67350 34
1148 1498 m2 939019 0.000719857751 0.5 p-1 -41093 24
1301 1499 m2 940157 0.000127158375 0.5 p-1 -93740 14
1149 1500 m2 941250 0.00129159121 0.5 p-1 -78829 34
813 1501 m2 941387 0.00172394596 0.5 p-1 -957838 142
912 1502 m2 942245 -0.00260545523 0.5 p-1 -789201 125
814 1503 m2 942581 0.00705778925 0.5 p-1 -731573 70
1536 1507 m2 944169 0.000784480071 0.5 p-1 -6373 5
746 1509 m2 945348 -0.00311650988 0.5 p-1 -45146 11
488 1510 m2 946333 -0.0322904624 0.5 p-1 -1622123 145
489 1511 m2 946535 4.26140696e-06 0.5 p-1 -5078559 693
211 1513 m2 947922 0.0055551785 0.5 p-1 -1373693 864
900 1514 m2 948802 -0.00193348178 0.5 p-1 -268716 227
823 1515 m2 949312 -0.000105404302 0.5 p-1 -62212 50
332 1518 m2 951305 -0.0200678203 0.5 p-1 -2267658 1237
414 1521 m2 952380 0.00950487703 0.5 p-1 -2694925 857
1364 1523 m2 953625 0.000111980684 0.5 p-1 -159486 11
747 1524 m2 956169 0.0107384762 0.5 p-1 -568643 201
611 1526 m2 956538 -0.00272823032 0.5 p-1 -795798 381
333 1527 m2 956619 1.24195674e-06 0.5 p-1 -12326 7
933 1529 m2 958303 -0.00757305603 0.5 p-1 -3438775 135
213 1530 m2 958350 -3.71815645e-06 0.5 p-1 -4806976 1217
1673 1531 m2 958932 -0.00116910867 0.5 p-1 -15039 1
922 1534 m2 960917 -0.0220005754 0.5 p-1 -1062168 92
663 1535 m2 961120 -2.22971594e-05 0.5 p-1 -1526622 312
1003 1537 m2 963018 2.99865169e-05 0.5 p-1 -282638 16
1004 1538 m2 963750 0.00820371322 0.5 p-1 -262447 19
490 1539 m2 963978 1.72714533e-06 0.5 p-1 -847743 77
776 1540 m2 964965 0.0463870466 0.5 p-1 -3176658 419
417 1541 m2 965112 -0.0407126509 0.5 p-1 -2391224 972
418 1542 m2 965130 0.00124602462 0.5 p-1 -2127604 972
777 1543 m2 965190 -0.000759593444 0.5 p-1 -994411 419
1398 1546 m2 966514 -0.0704112649 0.5 p-1 -133917 15
1689 1548 m2 966830 -0.00584068103 0.5 p-1 -3321 1
1297 1550 m2 967727 -0.000181063282 0.5 p-1 -139439 29
1176 1551 m2 968338 -0.0285850596 0.5 p-1 -653178 24
974 1553 m2 970438 0.000257381529 0.5 p-1 -52845 11
665 1554 m2 970481 0.0741978958 0.5 p-1 -868355 135
1063 1556 m2 971001 0.000691696885 0.5 p-1 -42850 20
420 1557 m2 972044 -0.0113902511 0.5 p-1 -822252 256
779 1559 m2 972501 -0.000480155606 0.5 p-1 -110366 8
1534 1560 m2 973158 -0.0105121834 0.5 p-1 -24950 12
215 1561 m2 973215 -0.000388165325 0.5 p-1 -13302122 716
1492 1562 m2 973765 -0.0286022015 0.5 p-1 -27050 8
335 1564 m2 974390 -0.049885653 0.5 p-1 -2388240 321
216 1565 m2 974870 0.00044344872 0.5 p-1 -3133728 891
1068 1566 m2 975516 0.0122918533 0.5 p-1 -3811 1
573 1567 m2 976693 -0.00201780722 0.5 p-1 -95142 39
824 1569 m2 977479 -0.0165185016 0.5 p-1 -3322598 63
336 1570 m2 977530 4.60020317e-07 0.5 p-1 -4619066 819
421 1571 m2 977718 -0.00107501133 0.5 p-1 -1987377 365
217 1572 m2 977978 -0.000443306082 0.5 p-1 -4341288 480
934 1573 m2 977984 -3.26987793e-05 0.5 p-1 -334961 23
218 1576 m2 978954 0.000198432477 0.5 p-1 -2302273 929
422 1577 m2 979376 0.0445914604 0.5 p-1 -2413665 545
219 1578 m2 979394 0.0020060828 0.5 p-1 -4328423 516
337 1579 m2 979435 9.3311337e-06 0.5 p-1 -8243460 1345
338 1580 m2 979684 -0.022103196 0.5 p-1 -924670 99
1221 1582 m2 979884 -0.0197537914 0.5 p-1 -6206 9
1460 1583 m2 980606 8.99994939e-06 0.5 p-1 -475 4
878 1584 m2 981090 -0.000177913636 0.5 p-1 -48334 16
423 1585 m2 981462 3.36743597e-06 0.5 p-1 -2852343 783
1273 1586 m2 982470 -0.0113623179 0.5 p-1 -64134 19
220 1587 m2 983869 -6.61813965e-06 0.5 p-1 -2593508 1680
339 1588 m2 985288 -4.06891741e-05 0.5 p-1 -2991677 1087
612 1589 m2 985478 -0.00665620295 0.5 p-1 -218347 107
424 1592 m2 987220 0.00745427189 0.5 p-1 -417982 520
713 1593 m2 987917 -0.023363689 0.5 p-1 -179310 152
574 1594 m2 989397 -0.00253743329 0.5 p-1 -322701 101
840 1596 m2 991378 5.39847952e-06 0.5 p-1 -72371 107
1372 1598 m2 992468 0.000272666162 0.5 p-1 -1409 5
340 1599 m2 994072 4.79145774e-06 0.5 p-1 -4940633 117
341 1600 m2 994699 0.0545753799 0.5 p-1 -3416124 1240
1401 1601 m2 995710 -0.0639255717 0.5 p-1 -2029 6
1446 1602 m2 996181 -0.0362173431 0.5 p-1 -3932 2
575 1604 m2 996474 -0.0843570605 0.5 p-1 -1887617 210
1454 1605 m2 996557 -0.0762644559 0.5 p-1 -2816 7
815 1606 m2 996720 4.9805345e-05 0.5 p-1 -432465 61
221 1608 m2 997349 -0.0296599176 0.5 p-1 -8409018 996
425 1610 m2 998034 -0.00108898117 0.5 p-1 -2924095 802
222 1611 m2 998338 -0.0132172825 0.5 p-1 -835666 454
1640 1612 m2 998590 -0.0758537427 0.5 p-1 -34947 2
1226 1613 m2 999356 -8.259222e-07 0.5 p-1 -103957 24
342 1614 m2 999637 -0.00206244178 0.5 p-1 -1433846 1283
483 1618 m2 865763 0.00150991965 0.5 p0 2 4
1256 1620 m2 632382 -0.018219037 0.5 p0 2 1
1691 1621 m2 435167 0.00286238594 0.5 p0 2 3
1660 1624 m2 227071 -0.000346885528 0.5 p0 2 1
1514 1625 m2 48204 -3.19160099e-05 0.5 p0 2 1
1637 1630 m2 610395 -4.5324141e-06 0.5 p0 2 2
1363 1631 m2 639295 0.00264273956 0.5 p0 2 5
1499 1634 m2 513690 -2.2217353e-05 0.5 p0 2 6
1500 1635 m2 524116 -0.0143428994 0.5 p0 2 6
1428 1641 m2 649933 0.00628852192 0.5 p0 2 1
1505 1644 m2 316236 -0.0122586107 0.5 p0 2 1
1503 1646 m2 180670 -0.0288175456 0.5 p0 2 2
1556 1656 m2 897923 0.000613248034 0.5 p0 2 3
1633 1660 m2 437044 0.0134158265 0.5 p0 2 1
1389 1669 m2 253869 0.000426124665 0.5 p0 2 6
1555 1670 m2 168122 -0.00974029023 0.5 p0 2 7
1583 1671 m2 806153 0.0149509506 0.5 p0 2 9
1706 1676 m2 498038 -0.000241848626 0.5 p0 2 1
1602 1686 m2 483231 0.00569781894 0.5 p0 2 6
1694 1695 m2 307806 0.0122624831 0.5 p0 2 1
1646 1701 m2 220259 0.000125174876 0.5 p0 2 1
1632 1708 m2 551528 -0.0143366884 0.5 p0 2 2
1392 1709 m2 129203 -0.00601533335 0.5 p0 2 1
1393 1710 m2 398582 -0.0141758947 0.5 p0 2 3
1519 1711 m2 127645 -0.00433772756 0.5 p0 2 2
619 1716 m2 161510 0.010976376 0.5 p0 2 9
1661 1719 m2 24735 -0.000122234444 0.5 p0 2 3
1090 1720 m2 525632 2.43479099e-06 0.5 p0 2 2
1374 1721 m2 232022 0.00355911697 0.5 p0 2 6
1385 1726 m2 825767 -8.49371063e-05 0.5 p0 2 8
1384 1727 m2 142578 0.00251411973 0.5 p0 2 5
1485 1731 m2 19337 0.000545361021 0.5 p0 2 2
1705 1732 m2 276345 -0.0344255045 0.5 p0 2 1
1380 1735 m2 755008 0.00297591998 0.5 p0 2 2
1564 1745 m2 510485 -0.00612618914 0.5 p0 2 2
1064 1751 m2 473463 0.0163512286 0.5 p0 2 3
1268 1754 m2 716181 0.0441384576 0.5 p0 2 7
1104 1757 m2 682430 0.0542575382 0.5 p0 2 11
1270 1762 m2 123414 -0.00060129445 0.5 p0 2 3
1272 1763 m2 776125 0.000241606976 0.5 p0 2 3
1671 1768 m2 153344 -0.00279921154 0.5 p0 2 2
1455 1769 m2 78089 0.00136419316 0.5 p0 2 1
1275 1775 m2 153317 -3.15295484e-10 0.5 p0 2 4
1709 1780 m2 114175 -0.0175418891 0.5 p0 2 1
1549 1781 m2 542538 0.0147121651 0.5 p0 2 2
1079 1787 m2 960159 0.00277857482 0.5 p0 2 10
1080 1788 m2 966044 0.000106538333 0.5 p0 2 10
1559 1795 m2 404635 0.000850239303 0.5 p0 2 1
763 1799 m2 947605 0.0365084074 0.5 p0 2 4
1604 1803 m2 951450 0.0328616947 0.5 p0 2 4
1681 1804 m2 581387 0.00862353574 0.5 p0 2 1
1096 1806 m2 880803 -0.0188435446 0.5 p0 2 2
1623 1810 m2 235779 -0.00731506106 0.5 p0 2 1
1219 1822 m2 950449 -1.89083348e-05 0.5 p0 2 7
1438 1826 m2 849528 -0.00133052154 0.5 p0 2 9
1625 1839 m2 471202 0.00770964054 0.5 p0 2 1
1676 1844 m2 418877 -0.113323227 0.5 p0 2 1
1263 1845 m2 863160 5.32382437e-05 0.5 p0 2 4
1213 1846 m2 208398 0.00485366723 0.5 p0 2 1
1574 1850 m2 656837 0.0161442067 0.5 p0 2 2
1684 1857 m2 382862 -0.00265937694 0.5 p0 2 1
1545 1866 m2 812058 1.08440217e-08 0.5 p0 2 2
1092 1871 m2 797914 -0.0190014113 0.5 p0 2 6
1551 1874 m2 867893 0.000601236126 0.5 p0 2 1
1703 1878 m2 19703 -2.87820007e-13 0.5 p0 2 3
1280 1881 m2 917097 -5.10287509e-06 0.5 p0 2 4
924 1885 m2 220801 0.00498245098 0.5 p0 2 17
1345 1887 m2 29852 0.00166013581 0.5 p0 2 4
1504 1896 m2 287983 0.000672427821 0.5 p0 2 1
1697 1898 m2 982170 0.00115692872 0.5 p0 2 1
1356 1900 m2 439598 1.40636757e-05 0.5 p0 2 4
1711 1901 m2 399197 -0.040138673 0.5 p0 2 1
1710 1918 m2 775234 -0.0145248044 0.5 p0 2 1
1535 1923 m2 518115 0.000412960566 0.5 p0 2 11
1154 1932 m2 268167 -0.0658994466 0.5 p0 2 8
1529 1933 m2 189799 2.40871723e-05 0.5 p0 2 8
1252 1942 m2 962508 -0.00794479344 0.5 p0 2 1
1663 1946 m2 250113 0.000216406028 0.5 p0 2 1
1654 1948 m2 270189 1.04082301e-05 0.5 p0 2 1
1410 1954 m2 188749 0.00109082693 0.5 p0 2 8
1683 1955 m2 370379 -0.00803542603 0.5 p0 2 1
1435 1956 m2 591110 -0.0206359532 0.5 p0 2 8
1436 1957 m2 604087 0.0510253124 0.5 p0 2 8
498 1966 m2 199577 -0.000517690263 0.5 p0 2 10
1295 1967 m2 871906 3.02968317e-08 0.5 p0 2 10
1582 1968 m2 181852 0.00145837921 0.5 p0 2 10
1403 1969 m2 323748 -7.38197741e-06 0.5 p0 2 3
1402 1970 m2 686487 -0.0038716055 0.5 p0 2 13
1587 1972 m2 177287 0.0263826475 0.5 p0 2 1
1630 1973 m2 202526 0.00850445498 0.5 p0 2 1
1701 1981 m2 908348 5.01573197e-07 0.5 p0 2 1
1331 1982 m2 374442 0.00926909875 0.5 p0 2 3
1415 1985 m2 609451 -0.0153893819 0.5 p0 2 1
1513 1990 m2 50563 -2.4909079e-05 0.5 p0 2 5
1713 1991 m2 486108 -0.00578649761 0.5 p0 2 1
1391 1994 m2 844455 0.000535455067 0.5 p0 2 1
0 1998 m1 5328 -0 0.5 p-1 -7560278 102
780 2000 m1 8094 0 0.5 p-1 -52819 40
781 2003 m1 18480 -0 0.5 p-1 -100892 119
1264 2004 m1 21148 -0 0.5 p-1 -5262469 76
5 2005 m1 21404 -0 0.5 p-1 -2248482 1201
6 2006 m1 22149 0 0.5 p-1 -2695516 780
1648 2007 m1 24126 -0 0.5 p-1 -26160 1
226 2008 m1 33199 -0 0.5 p-1 -1360865 240
1606 2009 m1 35225 0 0.5 p-1 -243 6
7 2011 m1 36515 0 0.5 p-1 -7766069 1453
227 2013 m1 38637 -0 0.5 p-1 -2685814 1022
1274 2014 m1 39071 0 0.5 p-1 -163747 22
8 2015 m1 40023 -0 0.5 p-1 -2330152 344
228 2017 m1 47388 -0 0.5 p-1 -5019254 1637
1570 2018 m1 47569 0 0.5 p-1 -3335 7
428 2020 m1 49240 0 0.5 p-1 -827078 540
667 2021 m1 50609 -0 0.5 p-1 -239987 139
12 2022 m1 53355 -0 0.5 p-1 -7405653 1931
430 2023 m1 53736 0 0.5 p-1 -3734317 1056
229 2024 m1 54838 0 0.5 p-1 -3974976 763
613 2026 m1 59594 -0 0.5 p-1 -3435814 299
1227 2027 m1 60220 -0 0.5 p-1 -55082 2
578 2028 m1 60452 0 0.5 p-1 -3179937 365
913 2029 m1 60972 -0 0.5 p-1 -2458 4
1114 2030 m1 60986 0 0.5 p-1 -177273 26
1357 2031 m1 62207 0 0.5 p-1 -215067 69
1124 2034 m1 66115 -0 0.5 p-1 -511954 21
1406 2035 m1 66808 0 0.5 p-1 -23735 31
804 2036 m1 67041 -0 0.5 p-1 -126841 122
579 2037 m1 67599 -0 0.5 p-1 -8030020 38
1153 2038 m1 69130 -0 0.5 p-1 -2733047 38
951 2039 m1 74377 -0 0.5 p-1 -74540 126
1477 2041 m1 77901 -0 0.5 p-1 -37317 9
492 2043 m1 80055 0 0.5 p-1 -308745 88
234 2044 m1 80275 -0 0.5 p-1 -764492 403
19 2045 m1 81749 0 0.5 p-1 -654296 112
1081 2046 m1 83591 0 0.5 p-1 -11913 7
880 2048 m1 84555 -0 0.5 p-1 -5062581 41
21 2049 m1 85299 -0 0.5 p-1 -2719786 611
22 2050 m1 85899 -0 0.5 p-1 -1685739 845
1665 2052 m1 87830 0 0.5 p-1 -2307 1
1478 2054 m1 90728 -0 0.5 p-1 -11478 11
24 2056 m1 91768 0 0.5 p-1 -4093927 1272
1424 2057 m1 94101 0 0.5 p-1 -1431 11
1643 2058 m1 94533 -0 0.5 p-1 -2632 4
1442 2059 m1 98254 0 0.5 p-1 -40620 18
542 2060 m1 103781 -0 0.5 p-1 -2252764 1122
583 2061 m1 105101 -0 0.5 p-1 -1676181 334
1652 2062 m1 107487 -0 0.5 p-1 -8384 2
717 2063 m1 108911 -0 0.5 p-1 -853764 67
718 2064 m1 109194 0 0.5 p-1 -1270964 44
719 2065 m1 109289 0 0.5 p-1 -408531 84
961 2066 m1 111173 -0 0.5 p-1 -759020 137
694 2068 m1 114458 -0 0.5 p-1 -637297 468
26 2070 m1 122313 0 0.5 p-1 -845484 874
1241 2071 m1 123975 -0 0.5 p-1 -22387 16
437 2073 m1 129887 -0 0.5 p-1 -2609050 823
1282 2074 m1 130125 -0 0.5 p-1 -78482 18
1526 2076 m1 132378 0 0.5 p-1 -142382 4
28 2077 m1 137177 0 0.5 p-1 -384628 70
782 2078 m1 137247 -0 0.5 p-1 -443186 31
30 2084 m1 147691 -0 0.5 p-1 -205929 205
1487 2086 m1 149668 0 0.5 p-1 -25423 6
1600 2088 m1 151342 -0 0.5 p-1 -19165 1
720 2089 m1 152297 -0 0.5 p-1 -137728 9
1386 2090 m1 152361 -0 0.5 p-1 -12029 6
1563 2091 m1 152721 -0 0.5 p-1 -360365 6
1351 2092 m1 154081 0 0.5 p-1 -175341 68
32 2093 m1 155823 -0 0.5 p-1 -4901949 1834
852 2094 m1 164004 -0 0.5 p-1 -79572 36
1017 2098 m1 174307 -0 0.5 p-1 -64995 15
1590 2099 m1 176531 -0 0.5 p-1 -516 4
1235 2100 m1 179244 -0 0.5 p-1 -35314 22
621 2101 m1 183362 0 0.5 p-1 -137328 104
247 2102 m1 186809 0 0.5 p-1 -4726472 588
1040 2103 m1 188878 0 0.5 p-1 -156527 46
1150 2105 m1 191129 0 0.5 p-1 -62749 12
1610 2106 m1 191797 -0 0.5 p-1 -241997 6
438 2107 m1 192066 0 0.5 p-1 -967212 388
828 2108 m1 195929 -0 0.5 p-1 -480352 73
1497 2109 m1 196613 0 0.5 p-1 -6022 4
248 2110 m1 197745 0 0.5 p-1 -4957466 246
882 2112 m1 198001 -0 0.5 p-1 -102716 74
545 2113 m1 202771 -0 0.5 p-1 -893994 412
622 2114 m1 204607 -0 0.5 p-1 -73253 62
623 2116 m1 208077 0 0.5 p-1 -2328030 288
587 2117 m1 210502 -0 0.5 p-1 -2978295 112
250 2118 m1 210644 0 0.5 p-1 -57992 31
1286 2119 m1 215095 0 0.5 p-1 -79882 3
696 2121 m1 215382 -0 0.5 p-1 -10315 45
1475 2122 m1 215830 -0 0.5 p-1 -80034 10
38 2124 m1 217183 -0 0.5 p-1 -4458009 1464
902 2125 m1 223573 0 0.5 p-1 -409228 199
40 2126 m1 225646 -0 0.5 p-1 -920581 251
755 2127 m1 227498 0 0.5 p-1 -208080 46
588 2128 m1 229021 0 0.5 p-1 -1456758 253
1172 2129 m1 229368 0 0.5 p-1 -63432 8
253 2130 m1 229803 0 0.5 p-1 -2035141 989
1335 2131 m1 231274 0 0.5 p-1 -21188 8
914 2132 m1 231339 0 0.5 p-1 -2604925 154
1046 2133 m1 231633 0 0.5 p-1 -11708429 117
1052 2134 m1 235341 0 0.5 p-1 -2020473 121
722 2135 m1 247558 -0 0.5 p-1 -74774 106
1288 2136 m1 247787 -0 0.5 p-1 -265596 32
981 2138 m1 248632 -0 0.5 p-1 -70441 23
44 2141 m1 249971 0 0.5 p-1 -2639367 1911
45 2142 m1 253585 0 0.5 p-1 -5788343 1540
257 2144 m1 256598 -0 0.5 p-1 -5236695 1242
47 2145 m1 258340 0 0.5 p-1 -11485388 912
925 2147 m1 261933 0 0.5 p-1 -56400 41
358 2148 m1 262212 -0 0.5 p-1 -494440 43
697 2150 m1 263672 0 0.5 p-1 -4086689 145
1175 2151 m1 265862 0 0.5 p-1 -38997 10
548 2152 m1 266417 0 0.5 p-1 -16912 10
51 2153 m1 266779 -0 0.5 p-1 -2241374 1184
1041 2154 m1 266801 0 0.5 p-1 -1388171 27
1562 2155 m1 269180 -0 0.5 p-1 -194368 7
1266 2156 m1 270708 0 0.5 p-1 -12683 8
54 2158 m1 274970 0 0.5 p-1 -9710207 1653
1352 2159 m1 279463 0 0.5 p-1 -37814 4
260 2161 m1 282391 0 0.5 p-1 -262237 114
723 2162 m1 283921 0 0.5 p-1 -10994 8
942 2165 m1 292232 0 0.5 p-1 -468557 79
1059 2166 m1 294819 0 0.5 p-1 -8287827 142
787 2167 m1 294984 -0 0.5 p-1 -77122 10
1444 2168 m1 295365 0 0.5 p-1 -12360 7
1666 2169 m1 295823 0 0.5 p-1 -1595 1
964 2170 m1 298951 -0 0.5 p-1 -29056 26
445 2171 m1 300851 0 0.5 p-1 -1015099 142
1616 2172 m1 304427 -0 0.5 p-1 -23041 1
61 2173 m1 307552 0 0.5 p-1 -89677 130
62 2174 m1 308585 0 0.5 p-1 -1815777 1416
500 2175 m1 308744 -0 0.5 p-1 -1890798 302
360 2177 m1 311466 0 0.5 p-1 -67219 137
1692 2178 m1 311528 0 0.5 p-1 -5017 1
1373 2180 m1 311801 -0 0.5 p-1 -831141 17
1495 2182 m1 312023 -0 0.5 p-1 -1348 3
589 2183 m1 313171 0 0.5 p-1 -4536792 598
1712 2184 m1 314412 -0 0.5 p-1 -50471 1
854 2185 m1 315429 0 0.5 p-1 -197199 113
906 2186 m1 318792 -0 0.5 p-1 -531054 201
1137 2187 m1 326943 0 0.5 p-1 -93900 54
63 2189 m1 329652 0 0.5 p-1 -4926891 1972
955 2190 m1 329746 0 0.5 p-1 -605996 233
1223 2191 m1 330318 -0 0.5 p-1 -156391 113
362 2192 m1 330732 -0 0.5 p-1 -4618056 344
648 2193 m1 331430 0 0.5 p-1 -429769 32
446 2194 m1 333233 0 0.5 p-1 -469989 50
364 2195 m1 334932 0 0.5 p-1 -5198948 572
365 2197 m1 343700 -0 0.5 p-1 -378731 516
1557 2198 m1 344391 -0 0.5 p-1 -3565 2
553 2199 m1 346441 0 0.5 p-1 -1059216 92
1119 2200 m1 346974 -0 0.5 p-1 -374322 46
999 2201 m1 348878 -0 0.5 p-1 -64654 147
1498 2202 m1 350743 0 0.5 p-1 -133956 5
977 2204 m1 352715 -0 0.5 p-1 -24273 20
69 2205 m1 354262 -0 0.5 p-1 -2009920 1147
70 2206 m1 356170 0 0.5 p-1 -7026794 1807
1560 2207 m1 361710 -0 0.5 p-1 -73477 4
1621 2208 m1 362215 0 0.5 p-1 -984122 3
649 2211 m1 370796 0 0.5 p-1 -2842 12
75 2212 m1 371099 -0 0.5 p-1 -858876 933
274 2214 m1 374294 -0 0.5 p-1 -8365721 1203
368 2218 m1 380333 0 0.5 p-1 -464408 349
81 2220 m1 383368 -0 0.5 p-1 -2203599 888
507 2221 m1 385466 -0 0.5 p-1 -2543828 474
449 2223 m1 387814 -0 0.5 p-1 -9637 12
554 2227 m1 392212 0 0.5 p-1 -71272 98
894 2228 m1 393061 -0 0.5 p-1 -420574 45
1168 2229 m1 393894 -0 0.5 p-1 -737695 80
277 2231 m1 394204 0 0.5 p-1 -759676 94
84 2232 m1 396520 -0 0.5 p-1 -5923627 934
1418 2233 m1 399929 0 0.5 p-1 -18354 7
1371 2234 m1 401247 0 0.5 p-1 -27653 18
450 2236 m1 402245 0 0.5 p-1 -717747 166
996 2237 m1 402922 -0 0.5 p-1 -134708 48
1617 2238 m1 406481 0 0.5 p-1 -1674 3
629 2241 m1 410143 -0 0.5 p-1 -577479 109
1194 2243 m1 416270 0 0.5 p-1 -625461 34
452 2247 m1 424692 -0 0.5 p-1 -2900281 800
1186 2248 m1 424890 -0 0.5 p-1 -203189 17
956 2249 m1 424902 0 0.5 p-1 -113806 52
90 2253 m1 436171 0 0.5 p-1 -646914 696
872 2254 m1 438491 -0 0.5 p-1 -2235417 142
1537 2255 m1 439159 0 0.5 p-1 -26368 2
591 2256 m1 439693 0 0.5 p-1 -357273 286
631 2257 m1 440969 0 0.5 p-1 -722947 188
1470 2258 m1 443871 0 0.5 p-1 -45323 2
727 2259 m1 446576 -0 0.5 p-1 -714918 489
1496 2261 m1 451318 -0 0.5 p-1 -39486 12
1572 2265 m1 461613 0 0.5 p-1 -9830 5
1471 2268 m1 468538 0 0.5 p-1 -87990 7
282 2269 m1 471766 0 0.5 p-1 -2755211 1413
594 2270 m1 472072 0 0.5 p-1 -862819 365
875 2271 m1 474217 -0 0.5 p-1 -717103 45
883 2274 m1 475789 -0 0.5 p-1 -350933 112
1254 2275 m1 476708 0 0.5 p-1 -146648 29
283 2276 m1 477383 0 0.5 p-1 -13422 8
1311 2277 m1 478607 0 0.5 p-1 -291348 105
1613 2278 m1 481351 0 0.5 p-1 -1793 2
1161 2279 m1 482019 -0 0.5 p-1 -112440 16
102 2280 m1 483512 0 0.5 p-1 -5212762 1665
1586 2281 m1 483515 -0 0.5 p-1 -6375 4
1215 2282 m1 484338 0 0.5 p-1 -2248887 12
104 2283 m1 487502 -0 0.5 p-1 -2637199 1180
1089 2285 m1 489567 -0 0.5 p-1 -247939 8
895 2287 m1 491359 0 0.5 p-1 -26241 11
1368 2288 m1 492894 0 0.5 p-1 -33009 1
1686 2289 m1 493320 -0 0.5 p-1 -60961 2
1598 2291 m1 498639 -0 0.5 p-1 -1288 3
1577 2292 m1 499573 -0 0.5 p-1 -46983 2
1195 2293 m1 502317 -0 0.5 p-1 -5273 12
860 2298 m1 509361 0 0.5 p-1 -319957 30
517 2299 m1 511671 -0 0.5 p-1 -2436284 958
1369 2300 m1 515459 0 0.5 p-1 -186260 6
1299 2301 m1 518474 -0 0.5 p-1 -1293920 40
1228 2302 m1 519856 -0 0.5 p-1 -13454 12
679 2303 m1 520367 -0 0.5 p-1 -10394 22
1423 2304 m1 523751 -0 0.5 p-1 -57895 7
1449 2305 m1 524479 0 0.5 p-1 -19912 2
846 2306 m1 524602 -0 0.5 p-1 -48171 18
1255 2309 m1 526219 0 0.5 p-1 -43564 7
1626 2310 m1 526706 -0 0.5 p-1 -227189 1
288 2311 m1 527730 0 0.5 p-1 -2558407 1381
632 2314 m1 534694 0 0.5 p-1 -93377 21
1190 2315 m1 537233 -0 0.5 p-1 -24418 14
115 2316 m1 538202 -0 0.5 p-1 -1035526 990
1573 2319 m1 541531 -0 0.5 p-1 -77760 4
1036 2321 m1 542709 0 0.5 p-1 -17449 6
1540 2323 m1 543365 -0 0.5 p-1 -11737 11
116 2325 m1 544616 -0 0.5 p-1 -5092251 488
598 2327 m1 547471 -0 0.5 p-1 -310834 81
731 2328 m1 550186 0 0.5 p-1 -866428 536
119 2329 m1 550341 0 0.5 p-1 -10335750 1588
383 2331 m1 554508 0 0.5 p-1 -268151 179
957 2332 m1 555014 -0 0.5 p-1 -210365 69
122 2333 m1 555887 -0 0.5 p-1 -3083780 304
1315 2335 m1 560121 -0 0.5 p-1 -11199732 22
703 2338 m1 563747 0 0.5 p-1 -362103 180
1157 2339 m1 565137 0 0.5 p-1 -30616 12
125 2340 m1 565211 -0 0.5 p-1 -774963 124
1337 2341 m1 567472 -0 0.5 p-1 -17539 9
795 2342 m1 568530 -0 0.5 p-1 -161412 57
1458 2343 m1 569612 0 0.5 p-1 -161817 3
1042 2344 m1 574703 -0 0.5 p-1 -17452 31
129 2345 m1 576245 0 0.5 p-1 -971341 206
131 2347 m1 580523 0 0.5 p-1 -613856 223
848 2348 m1 581898 -0 0.5 p-1 -115398 12
562 2349 m1 582898 0 0.5 p-1 -410097 125
1508 2350 m1 587049 -0 0.5 p-1 -78224 3
633 2351 m1 587882 -0 0.5 p-1 -595483 153
1695 2352 m1 592775 0 0.5 p-1 -2634 3
989 2354 m1 600563 0 0.5 p-1 -33569 11
1019 2355 m1 601897 0 0.5 p-1 -44686 31
1232 2356 m1 602058 0 0.5 p-1 -4232 12
1645 2357 m1 602363 0 0.5 p-1 -33791 1
1615 2358 m1 609723 0 0.5 p-1 -1511 2
1173 2360 m1 618717 0 0.5 p-1 -35178 5
139 2362 m1 621292 0 0.5 p-1 -460208 746
141 2365 m1 623432 0 0.5 p-1 -4054184 1326
705 2366 m1 627478 0 0.5 p-1 -444641 140
143 2367 m1 628097 -0 0.5 p-1 -3616695 1274
295 2368 m1 628530 -0 0.5 p-1 -197558 147
918 2371 m1 634434 -0 0.5 p-1 -29071 19
297 2373 m1 637267 -0 0.5 p-1 -2100575 789
1247 2374 m1 638363 -0 0.5 p-1 -85443 39
1528 2377 m1 643095 -0 0.5 p-1 -10705 1
468 2378 m1 644613 -0 0.5 p-1 -88212 38
1507 2379 m1 645018 -0 0.5 p-1 -4936 3
1321 2380 m1 645365 0 0.5 p-1 -459767 27
299 2381 m1 646247 0 0.5 p-1 -417233 168
301 2382 m1 650085 0 0.5 p-1 -129959 107
1658 2383 m1 650138 -0 0.5 p-1 -5497 2
1638 2384 m1 653216 0 0.5 p-1 -24977 1
797 2385 m1 657795 -0 0.5 p-1 -1484733 107
636 2386 m1 658315 -0 0.5 p-1 -1619460 320
147 2387 m1 659225 -0 0.5 p-1 -2627595 168
150 2388 m1 664343 -0 0.5 p-1 -3574882 1501
151 2390 m1 666084 -0 0.5 p-1 -3532318 1442
1169 2391 m1 668773 0 0.5 p-1 -178106 88
153 2393 m1 672484 0 0.5 p-1 -2106544 646
154 2394 m1 673618 0 0.5 p-1 -536536 196
819 2395 m1 673730 -0 0.5 p-1 -25159 37
683 2397 m1 676111 0 0.5 p-1 -1623633 118
155 2398 m1 678624 0 0.5 p-1 -33486 22
565 2400 m1 682155 -0 0.5 p-1 -636326 116
1105 2401 m1 682599 0 0.5 p-1 -27493 12
469 2402 m1 686133 0 0.5 p-1 -1949856 194
808 2403 m1 686856 0 0.5 p-1 -384851 182
1313 2404 m1 688869 0 0.5 p-1 -7161 10
735 2406 m1 692020 0 0.5 p-1 -20532834 104
1483 2407 m1 693568 -0 0.5 p-1 -180171 2
946 2408 m1 694280 -0 0.5 p-1 -170099 105
600 2409 m1 697579 -0 0.5 p-1 -1232476 537
525 2410 m1 699153 0 0.5 p-1 -558583 315
1510 2412 m1 705692 0 0.5 p-1 -13534 5
159 2413 m1 705943 -0 0.5 p-1 -6656780 872
1394 2414 m1 707865 0 0.5 p-1 -521373 44
160 2415 m1 708047 -0 0.5 p-1 -3600150 1538
526 2417 m1 708709 0 0.5 p-1 -2094501 441
527 2419 m1 710042 0 0.5 p-1 -2491377 390
1370 2421 m1 716235 0 0.5 p-1 -82406 1
162 2422 m1 716688 0 0.5 p-1 -5409864 180
1072 2424 m1 720315 0 0.5 p-1 -375682 76
897 2425 m1 724369 0 0.5 p-1 -1412453 26
307 2426 m1 726719 -0 0.5 p-1 -8205061 1697
1561 2427 m1 727096 0 0.5 p-1 -25823 5
308 2428 m1 728665 0 0.5 p-1 -400930 249
887 2429 m1 729044 -0 0.5 p-1 -72442 66
1656 2430 m1 731793 -0 0.5 p-1 -2423 1
966 2431 m1 732305 -0 0.5 p-1 -241179 40
877 2432 m1 739782 0 0.5 p-1 -289654 152
1473 2433 m1 741275 -0 0.5 p-1 -149275 8
1261 2434 m1 743382 -0 0.5 p-1 -95203 10
1120 2435 m1 743578 -0 0.5 p-1 -38638 43
1250 2436 m1 743844 -0 0.5 p-1 -61230 37
809 2438 m1 745699 -0 0.5 p-1 -388538 103
919 2439 m1 747142 0 0.5 p-1 -161292 74
1580 2440 m1 749777 0 0.5 p-1 -4202 4
686 2441 m1 754299 0 0.5 p-1 -3857339 1016
979 2442 m1 756176 0 0.5 p-1 -1083839 32
1512 2444 m1 763562 0 0.5 p-1 -121492 18
312 2445 m1 765486 -0 0.5 p-1 -1277175 324
888 2447 m1 767970 0 0.5 p-1 -433040 43
313 2448 m1 769900 0 0.5 p-1 -629056 187
1520 2449 m1 770623 -0 0.5 p-1 -3685300 10
948 2450 m1 772253 -0 0.5 p-1 -110031 181
821 2451 m1 772585 0 0.5 p-1 -94526 35
531 2452 m1 775963 0 0.5 p-1 -131682 163
1136 2453 m1 776231 -0 0.5 p-1 -3277 11
1333 2455 m1 778934 -0 0.5 p-1 -23946 16
1012 2456 m1 780799 0 0.5 p-1 -68622 23
1178 2457 m1 783511 -0 0.5 p-1 -23409 25
1141 2459 m1 787089 -0 0.5 p-1 -1882775 62
1309 2462 m1 794851 -0 0.5 p-1 -11901 4
178 2463 m1 795115 0 0.5 p-1 -688692 233
1690 2464 m1 795813 -0 0.5 p-1 -6486 2
1565 2465 m1 797626 -0 0.5 p-1 -10385 5
1578 2466 m1 797929 0 0.5 p-1 -16522 3
1344 2467 m1 800625 -0 0.5 p-1 -19931 9
1433 2468 m1 801733 0 0.5 p-1 -17634 7
863 2469 m1 803939 -0 0.5 p-1 -1671103 168
898 2471 m1 807316 0 0.5 p-1 -495159 8
1591 2472 m1 807977 0 0.5 p-1 -231118 3
1327 2473 m1 809955 -0 0.5 p-1 -24308 4
1216 2474 m1 811740 0 0.5 p-1 -297179 31
656 2476 m1 814130 -0 0.5 p-1 -954770 408
567 2477 m1 814217 -0 0.5 p-1 -16216 51
319 2478 m1 815014 -0 0.5 p-1 -990719 1133
182 2479 m1 815082 -0 0.5 p-1 -7394155 1741
711 2480 m1 815797 -0 0.5 p-1 -230163 128
475 2481 m1 816313 -0 0.5 p-1 -1762530 1074
1566 2482 m1 818476 0 0.5 p-1 -535 5
1056 2484 m1 822066 -0 0.5 p-1 -112721 25
395 2485 m1 822808 -0 0.5 p-1 -117323 37
321 2487 m1 826632 -0 0.5 p-1 -391320 171
938 2488 m1 829184 -0 0.5 p-1 -5369208 206
1142 2489 m1 830774 -0 0.5 p-1 -544715 54
837 2491 m1 831458 0 0.5 p-1 -8960332 247
185 2492 m1 834914 0 0.5 p-1 -6456170 1789
742 2493 m1 837507 0 0.5 p-1 -681558 403
1179 2494 m1 838002 0 0.5 p-1 -57968 8
1076 2495 m1 838209 -0 0.5 p-1 -40114 31
1490 2496 m1 838326 0 0.5 p-1 -21320 6
1543 2497 m1 838893 -0 0.5 p-1 -229279 12
606 2499 m1 843219 0 0.5 p-1 -1704136 227
1396 2500 m1 844166 -0 0.5 p-1 -785576 43
188 2501 m1 845280 -0 0.5 p-1 -5033022 1675
799 2502 m1 845885 -0 0.5 p-1 -268748 13
481 2504 m1 849192 0 0.5 p-1 -1218444 1639
1310 2507 m1 852163 -0 0.5 p-1 -6940 5
191 2510 m1 859184 0 0.5 p-1 -12664460 201
570 2511 m1 864354 -0 0.5 p-1 -486905 431
1146 2512 m1 865995 0 0.5 p-1 -36555 34
195 2513 m1 873125 0 0.5 p-1 -3453494 1678
1453 2514 m1 882330 0 0.5 p-1 -5832 7
1481 2515 m1 883133 -0 0.5 p-1 -32428 10
327 2516 m1 884242 -0 0.5 p-1 -266003 282
1421 2518 m1 886111 -0 0.5 p-1 -33761 6
405 2520 m1 887939 0 0.5 p-1 -2856839 589
200 2521 m1 888496 -0 0.5 p-1 -3416395 746
406 2524 m1 893999 0 0.5 p-1 -377634 385
1381 2526 m1 897306 0 0.5 p-1 -20485 16
203 2527 m1 898118 -0 0.5 p-1 -1791756 379
1361 2528 m1 899430 0 0.5 p-1 -25260 13
775 2529 m1 900003 -0 0.5 p-1 -468279 94
1073 2530 m1 900357 0 0.5 p-1 -130523 80
328 2531 m1 900876 0 0.5 p-1 -1168699 370
329 2532 m1 902729 -0 0.5 p-1 -1599148 653
745 2535 m1 910504 -0 0.5 p-1 -143450 119
408 2536 m1 910960 -0 0.5 p-1 -1624131 1024
1014 2539 m1 915888 0 0.5 p-1 -300496 57
206 2540 m1 916607 -0 0.5 p-1 -4373750 1757
1033 2541 m1 918049 -0 0.5 p-1 -65397 105
1181 2543 m1 924856 -0 0.5 p-1 -18123 31
208 2544 m1 925136 -0 0.5 p-1 -75684 147
1708 2545 m1 925787 0 0.5 p-1 -36062 1
1240 2546 m1 926299 -0 0.5 p-1 -44731 20
890 2547 m1 926617 -0 0.5 p-1 -246758 54
762 2548 m1 930840 -0 0.5 p-1 -46087 62
1467 2549 m1 934919 0 0.5 p-1 -10068 1
413 2551 m1 940451 -0 0.5 p-1 -5199044 337
866 2554 m1 947875 -0 0.5 p-1 -86716 5
212 2555 m1 952519 0 0.5 p-1 -5462981 424
539 2556 m1 953505 0 0.5 p-1 -2122388 627
932 2557 m1 954947 0 0.5 p-1 -2306719 63
1314 2559 m1 959209 -0 0.5 p-1 -548768 4
415 2561 m1 960162 0 0.5 p-1 -4500218 519
950 2562 m1 960800 0 0.5 p-1 -248085 43
416 2563 m1 963142 0 0.5 p-1 -574066 334
214 2564 m1 963145 0 0.5 p-1 -3730943 973
1005 2565 m1 964039 -0 0.5 p-1 -605504 21
419 2566 m1 965257 0 0.5 p-1 -686133 307
1202 2567 m1 966933 -0 0.5 p-1 -169832 11
839 2569 m1 967403 0 0.5 p-1 -57599 17
664 2570 m1 969094 0 0.5 p-1 -982771 414
1203 2572 m1 971718 -0 0.5 p-1 -468715 11
778 2573 m1 972034 -0 0.5 p-1 -1452254 179
334 2574 m1 972550 0 0.5 p-1 -1628432 329
975 2577 m1 981290 0 0.5 p-1 -14398 10
1269 2579 m1 987500 -0 0.5 p-1 -534264 51
1688 2580 m1 987998 0 0.5 p-1 -9213 1
748 2581 m1 994333 0 0.5 p-1 -87175 8
1685 2583 m1 998995 -0 0.5 p-1 -42943 1
