Temp_ID Permanent_ID Mutation_type Position s h Subpop Tick Number
1250 0 m2 190 -0.000167620936 0.5 p-1 -217076 5
1346 1 m2 772 -7.7467148e-06 0.5 p-1 -445177 2
562 2 m2 1484 -1.20553586e-05 0.5 p-1 -2311107 337
951 3 m2 2357 -0.0111259846 0.5 p-1 -46771 14
563 4 m2 3095 0.000533503946 0.5 p-1 -345586 34
263 5 m2 4380 0.000189024373 0.5 p-1 -654141 165
589 6 m2 4881 -1.08820304e-05 0.5 p-1 -3384 5
1333 9 m2 5303 0.0120630795 0.5 p-1 -19047 2
319 10 m2 7001 -0.0110744331 0.5 p-1 -777589 116
1082 13 m2 10246 -5.47406889e-05 0.5 p-1 -181901 4
396 14 m2 12015 0.000503490737 0.5 p-1 -3654578 140
264 15 m2 12956 -0.0203038435 0.5 p-1 -3998003 293
320 16 m2 15606 -0.00724051194 0.5 p-1 -2002313 223
577 17 m2 15855 7.30182437e-05 0.5 p-1 -1440 9
0 18 m2 17102 -0.0061359047 0.5 p-1 -3221358 1949
172 19 m2 17940 0.00271308329 0.5 p-1 -5696299 1707
884 20 m2 19632 0.000191055908 0.5 p-1 -8095 16
528 22 m2 22112 -0.000666663167 0.5 p-1 -1320356 127
1055 23 m2 23335 0.00525032077 0.5 p-1 -6274 3
2 24 m2 24178 0.00175224186 0.5 p-1 -4515612 160
547 25 m2 24697 -1.48152376e-05 0.5 p-1 -387192 138
954 26 m2 24784 0.00457474403 0.5 p-1 -6573 7
265 27 m2 25125 -0.00188633834 0.5 p-1 -2983399 635
266 28 m2 26413 -3.94048402e-06 0.5 p-1 -5031333 1354
3 29 m2 26519 0.00260640588 0.5 p-1 -2548174 1000
564 30 m2 26821 -0.000324943656 0.5 p-1 -441793 76
565 31 m2 27293 -4.55842866e-08 0.5 p-1 -805465 266
910 32 m2 27320 -0.004391619 0.5 p-1 -6036 2
444 33 m2 29941 -0.00120196724 0.5 p-1 -985214 543
4 34 m2 30670 0.00750271836 0.5 p-1 -2531981 1292
929 36 m2 32054 -0.0729231536 0.5 p-1 -64844 5
1335 37 m2 32141 -0.000151220622 0.5 p-1 -1773 1
578 38 m2 32245 0.0046775043 0.5 p-1 -689132 103
397 39 m2 32798 0.00014298434 0.5 p-1 -533076 238
1387 40 m2 32856 -0.0777176544 0.5 p-1 -6262 2
267 41 m2 33876 -6.31659059e-05 0.5 p-1 -3710483 1286
1367 42 m2 34201 -0.0159892924 0.5 p-1 -2779 2
753 43 m2 34781 9.30365786e-05 0.5 p-1 -608285 226
5 44 m2 35180 -0.000325804722 0.5 p-1 -4592401 1690
804 45 m2 36353 -0.00317734177 0.5 p-1 -565647 56
1265 46 m2 37396 0.00603621081 0.5 p-1 -23907 2
1153 47 m2 37486 -0.0102356691 0.5 p-1 -8520 2
864 48 m2 37774 -0.0226233602 0.5 p-1 -6006688 18
360 49 m2 38087 -1.72284435e-05 0.5 p-1 -3922227 941
866 50 m2 38116 -0.00603380753 0.5 p-1 -103340 39
1006 51 m2 39298 4.65343219e-05 0.5 p-1 -26235 8
1113 52 m2 40252 0.0113874264 0.5 p-1 -4856 4
173 53 m2 41140 0.00522240717 0.5 p-1 -1623906 861
755 54 m2 42713 0.0113057932 0.5 p-1 -1212945 97
707 55 m2 42923 -5.54731996e-05 0.5 p-1 -1804695 121
361 56 m2 43968 -0.000300083717 0.5 p-1 -1808512 476
500 57 m2 44590 0.0209707301 0.5 p-1 -947402 329
1164 58 m2 45574 -0.00871918164 0.5 p-1 -470 1
1188 59 m2 46482 0.00478648255 0.5 p-1 -15054 5
695 60 m2 48967 0.00303107756 0.5 p-1 -983804 157
605 62 m2 52329 -0.0238192026 0.5 p-1 -61292 22
469 63 m2 53279 -0.0306479409 0.5 p-1 -70765 55
1047 64 m2 54111 0.0825588331 0.5 p-1 -265637 40
1077 67 m2 55337 9.3002127e-05 0.5 p-1 -62344 24
362 68 m2 55375 -5.60741569e-07 0.5 p-1 -477705 138
174 69 m2 55667 0.00588175142 0.5 p-1 -5023651 1059
7 70 m2 55927 0.00148242642 0.5 p-1 -10687492 721
1371 71 m2 56003 0.00247614621 0.5 p-1 -49909 1
398 72 m2 56624 0.00668496825 0.5 p-1 -3695405 282
8 73 m2 60684 -0.00478447648 0.5 p-1 -2088124 1088
9 74 m2 60770 0.026847234 0.5 p-1 -307842 495
970 75 m2 60912 -2.08508524e-07 0.5 p-1 -12950 21
734 79 m2 64907 -0.0106155826 0.5 p-1 -178363 29
849 80 m2 65040 0.0409361832 0.5 p-1 -1308509 14
990 82 m2 65665 0.000179095368 0.5 p-1 -177321 28
10 83 m2 66605 -0.0163997989 0.5 p-1 -4193209 953
901 84 m2 66902 -0.0433722287 0.5 p-1 -67889 14
681 85 m2 67016 -3.06622496e-05 0.5 p-1 -469682 42
445 86 m2 67894 2.48476852e-07 0.5 p-1 -2322503 338
11 89 m2 70550 -4.65866433e-05 0.5 p-1 -3255215 1203
918 90 m2 71778 -0.000951366092 0.5 p-1 -228438 40
977 91 m2 73143 0.00493173534 0.5 p-1 -12996 10
1066 93 m2 73937 0.000571473269 0.5 p-1 -101488 7
269 94 m2 74900 0.0296822805 0.5 p-1 -2652259 543
1111 95 m2 75367 -3.05723347e-07 0.5 p-1 -11326 7
620 96 m2 77431 0.000293612247 0.5 p-1 -169831 81
830 97 m2 77630 0.000742910546 0.5 p-1 -132239 33
176 98 m2 77964 -0.0169346742 0.5 p-1 -2394577 1000
735 99 m2 78554 -6.49815847e-05 0.5 p-1 -1993 12
12 100 m2 79758 0.00319407531 0.5 p-1 -5310731 1010
470 101 m2 79784 0.000249051605 0.5 p-1 -1200300 226
425 102 m2 80328 -0.000150429347 0.5 p-1 -874860 199
13 103 m2 80354 -0.0102473721 0.5 p-1 -1873737 1358
651 105 m2 81669 0.0290090125 0.5 p-1 -483647 42
685 106 m2 82490 -1.81726534e-07 0.5 p-1 -193654 96
1102 107 m2 84077 0.0079731103 0.5 p-1 -25524 4
965 108 m2 85239 -0.004544002 0.5 p-1 -273352 19
742 109 m2 85627 -0.0235602316 0.5 p-1 -39106 44
471 112 m2 86788 -0.00924008153 0.5 p-1 -116873 39
831 113 m2 87018 -0.000325900182 0.5 p-1 -103008 75
657 114 m2 87361 0.000858906365 0.5 p-1 -207502 109
1199 116 m2 89429 -0.000467867882 0.5 p-1 -51762 7
484 117 m2 89498 0.00655185711 0.5 p-1 -663728 119
634 118 m2 89545 0.000157966773 0.5 p-1 -2840 4
835 119 m2 90873 0.00475767814 0.5 p-1 -21915 14
1302 120 m2 91429 0.00287381117 0.5 p-1 -121963 3
363 121 m2 91692 -0.0283114314 0.5 p-1 -266297 261
14 122 m2 91708 -0.00131396519 0.5 p-1 -2677243 1207
844 123 m2 92383 1.45337754e-06 0.5 p-1 -517637 19
1064 125 m2 96180 0.119516596 0.5 p-1 -87 4
270 126 m2 97889 -0.010175244 0.5 p-1 -459463 27
902 128 m2 101148 -0.0356260315 0.5 p-1 -170664 84
15 129 m2 101242 2.03814288e-05 0.5 p-1 -610329 600
16 130 m2 103261 -0.0114194378 0.5 p-1 -10814276 1660
1154 131 m2 104876 -0.000574402686 0.5 p-1 -17725 3
322 132 m2 105544 -2.52157279e-05 0.5 p-1 -751806 294
903 133 m2 105829 0.0020736251 0.5 p-1 -112353 69
824 135 m2 106992 -0.0155887632 0.5 p-1 -34719 23
1136 136 m2 107238 0.0505648926 0.5 p-1 -9199 1
364 137 m2 107415 0.00625192095 0.5 p-1 -5171576 581
177 138 m2 108115 -0.00133129489 0.5 p-1 -850543 1047
756 139 m2 108285 0.00172714796 0.5 p-1 -862605 74
426 140 m2 108323 2.25875016e-08 0.5 p-1 -437984 123
510 141 m2 110509 0.00721967779 0.5 p-1 -1395971 372
700 142 m2 112917 -0.00022042339 0.5 p-1 -367769 90
178 143 m2 115556 -0.000418322597 0.5 p-1 -334483 131
643 144 m2 116303 0.00240996201 0.5 p-1 -63292 41
1028 145 m2 116361 -0.00443798164 0.5 p-1 -228768 8
956 146 m2 117883 3.48286158e-05 0.5 p-1 -46590 9
18 147 m2 120403 0.00390940066 0.5 p-1 -5438711 215
323 149 m2 120906 -0.00457368745 0.5 p-1 -15009 22
485 151 m2 121725 0.00047218948 0.5 p-1 -66556 45
19 152 m2 121948 -0.00511168502 0.5 p-1 -2527095 1762
1260 153 m2 122942 -0.000357563316 0.5 p-1 -38137 2
850 154 m2 123489 -0.00110910076 0.5 p-1 -3617 13
921 156 m2 125439 -0.000615579658 0.5 p-1 -18687 15
834 158 m2 127889 -0.00422675814 0.5 p-1 -11549 13
180 159 m2 128113 0.00672736205 0.5 p-1 -2230789 473
1134 160 m2 128393 -2.72327861e-06 0.5 p-1 -24242 8
727 161 m2 128644 0.00361317908 0.5 p-1 -512652 46
635 162 m2 129802 -0.00644071912 0.5 p-1 -2154344 71
877 163 m2 130087 -0.0261967368 0.5 p-1 -214939 19
1065 164 m2 131152 0.00713677611 0.5 p-1 -25918 11
21 166 m2 132454 0.00452498812 0.5 p-1 -3746945 1806
745 167 m2 133472 -0.0663886517 0.5 p-1 -263928 23
22 168 m2 134683 5.97792568e-05 0.5 p-1 -292335 271
736 169 m2 136921 -0.0706029162 0.5 p-1 -25973 7
1001 170 m2 139917 -0.00291560311 0.5 p-1 -2969 7
365 171 m2 140325 -8.45554155e-07 0.5 p-1 -4032919 107
904 172 m2 142505 -0.010474775 0.5 p-1 -40380 4
636 173 m2 142540 9.67036322e-05 0.5 p-1 -198153 45
23 176 m2 143689 -8.3312525e-06 0.5 p-1 -39878 44
701 177 m2 145846 -0.0331747308 0.5 p-1 -13453 25
540 178 m2 146507 0.00332686189 0.5 p-1 -2099586 230
24 179 m2 146750 0.0033662403 0.5 p-1 -4297976 1785
628 180 m2 146864 -0.00119110337 0.5 p-1 -480630 207
25 182 m2 148077 2.56469775e-05 0.5 p-1 -449956 363
272 183 m2 149281 -0.0211049225 0.5 p-1 -2277622 302
1293 184 m2 149936 -0.000656205055 0.5 p-1 -2800 2
181 185 m2 151170 5.3805602e-06 0.5 p-1 -8080561 554
182 186 m2 152248 -0.000631077681 0.5 p-1 -70233 8
399 187 m2 153552 0.0031907924 0.5 p-1 -417834 132
975 188 m2 153788 0.000700850738 0.5 p-1 -2482258 37
366 189 m2 154069 -0.00324180583 0.5 p-1 -3859737 314
1106 190 m2 154127 0.00206656056 0.5 p-1 -2140 3
183 191 m2 155224 -0.00248099561 0.5 p-1 -2694689 1680
621 192 m2 155842 -5.49316548e-09 0.5 p-1 -186398 93
1206 194 m2 156696 4.65532212e-05 0.5 p-1 -8939 4
1057 196 m2 157956 1.17705649e-05 0.5 p-1 -41359 11
708 197 m2 159964 -0.00442522205 0.5 p-1 -37547 27
911 198 m2 160681 -0.00225676154 0.5 p-1 -214 2
862 199 m2 161903 0.00058498315 0.5 p-1 -2841169 133
529 200 m2 162291 -0.00903345086 0.5 p-1 -517983 119
672 201 m2 163214 -3.05040658e-06 0.5 p-1 -381497 179
966 202 m2 164719 0.0254363623 0.5 p-1 -166360 18
185 203 m2 165081 0.00640555844 0.5 p-1 -11769279 760
186 204 m2 165399 0.0464957096 0.5 p-1 -11534497 913
26 205 m2 165873 0.000142403194 0.5 p-1 -742205 187
1384 206 m2 166749 0.000152018445 0.5 p-1 -12797 1
187 207 m2 167118 0.0444219895 0.5 p-1 -1599447 165
429 208 m2 171808 0.00129395048 0.5 p-1 -162686 300
1227 209 m2 171966 0.00548781315 0.5 p-1 -29866 2
673 210 m2 173552 -5.4353055e-05 0.5 p-1 -153319 72
1242 211 m2 175330 -0.0225248933 0.5 p-1 -68247 3
1016 212 m2 176169 -0.00132651359 0.5 p-1 -27745 5
27 213 m2 176526 -0.00332079781 0.5 p-1 -3424356 1429
794 214 m2 176828 0.00907082111 0.5 p-1 -276550 68
324 216 m2 178212 0.000740518153 0.5 p-1 -176790 148
817 217 m2 179080 0.016911583 0.5 p-1 -642511 12
1324 218 m2 179311 0.0131052025 0.5 p-1 -52697 2
29 219 m2 179788 -0.0451818854 0.5 p-1 -3591293 793
1340 220 m2 181272 1.69434334e-05 0.5 p-1 -4913 2
325 221 m2 185302 -4.75414072e-06 0.5 p-1 -432693 89
781 222 m2 185476 -0.00474115182 0.5 p-1 -623540 91
30 223 m2 185806 -0.0119458186 0.5 p-1 -1935857 1246
189 224 m2 186749 0.0112273535 0.5 p-1 -8127207 1538
31 225 m2 186798 -0.00146882155 0.5 p-1 -3940352 474
805 228 m2 187649 0.0338486172 0.5 p-1 -317526 111
637 229 m2 189340 -0.0283783376 0.5 p-1 -372638 20
982 230 m2 189519 3.99035052e-05 0.5 p-1 -66677 6
1025 231 m2 189618 -3.50794267e-06 0.5 p-1 -2865 3
666 233 m2 191154 7.80204013e-10 0.5 p-1 -430375 16
32 235 m2 197921 -0.00672535412 0.5 p-1 -38358 14
473 236 m2 199138 0.000823816576 0.5 p-1 -237063 39
1033 237 m2 200128 -5.9477039e-05 0.5 p-1 -210024 21
614 238 m2 204932 6.31799194e-05 0.5 p-1 -5864039 56
810 239 m2 208627 -0.0704499707 0.5 p-1 -33 1
33 240 m2 210748 0.000546690891 0.5 p-1 -3836195 1967
566 241 m2 211060 -6.75986521e-05 0.5 p-1 -469199 95
530 242 m2 211062 0.0103370072 0.5 p-1 -94650 52
567 243 m2 211656 -0.00706167705 0.5 p-1 -2126502 56
861 244 m2 211980 -0.00300150388 0.5 p-1 -17748 10
486 245 m2 212352 0.0364636704 0.5 p-1 -293915 46
1150 246 m2 213306 0.00122565683 0.5 p-1 -1280 4
709 249 m2 216475 -0.0110101458 0.5 p-1 -402246 122
191 250 m2 216626 -0.0025002386 0.5 p-1 -2220677 802
474 251 m2 217112 -0.0276584718 0.5 p-1 -59300 113
955 252 m2 220481 -0.0153802242 0.5 p-1 -518 4
1083 253 m2 220828 0.0220013224 0.5 p-1 -75195 10
1149 254 m2 221001 0.00013345333 0.5 p-1 -2117 1
1069 257 m2 224123 -0.0779495835 0.5 p-1 -21733 6
487 258 m2 224442 0.00256769662 0.5 p-1 -276367 133
192 260 m2 225439 -0.0565808639 0.5 p-1 -4260481 1311
851 262 m2 226719 -0.0471539609 0.5 p-1 -10651 10
368 264 m2 228580 -0.0057541267 0.5 p-1 -465775 41
1035 265 m2 229327 0.0176963098 0.5 p-1 -3268 2
193 266 m2 229858 -0.000744286284 0.5 p-1 -944576 319
35 267 m2 231612 -3.81556958e-07 0.5 p-1 -109054 90
446 268 m2 232028 2.62786193e-06 0.5 p-1 -379683 472
593 269 m2 232585 0.0818534866 0.5 p-1 -1143128 174
1277 270 m2 233856 -0.0100310035 0.5 p-1 -7058 2
550 272 m2 234729 0.00660211919 0.5 p-1 -490296 324
36 273 m2 234928 -3.49298723e-08 0.5 p-1 -5457899 1927
431 274 m2 238720 -0.00012561724 0.5 p-1 -910133 305
400 275 m2 240269 0.00688033691 0.5 p-1 -898160 67
194 276 m2 240653 -1.88374139e-09 0.5 p-1 -2454160 1644
568 277 m2 242469 2.02392357e-07 0.5 p-1 -351035 271
401 279 m2 245881 -0.000117847645 0.5 p-1 -859335 185
623 280 m2 246200 -0.00420300104 0.5 p-1 -1044730 126
37 281 m2 248625 0.00192301453 0.5 p-1 -15676643 1677
38 282 m2 248823 1.14751019e-05 0.5 p-1 -9292500 1086
195 283 m2 248962 0.00202383171 0.5 p-1 -1553846 211
905 284 m2 251453 -2.97431234e-05 0.5 p-1 -45952 9
1180 285 m2 252226 0.00986277871 0.5 p-1 -18203 3
868 286 m2 254120 -3.16270558e-07 0.5 p-1 -670 4
40 287 m2 255565 -1.34972652e-07 0.5 p-1 -4954338 754
710 288 m2 256941 -0.000594760466 0.5 p-1 -558323 45
1045 289 m2 257096 -0.00177114108 0.5 p-1 -2445 1
1034 290 m2 257495 -0.00892698206 0.5 p-1 -12147 12
1328 292 m2 259682 -4.34218741e-08 0.5 p-1 -7856 1
686 293 m2 260976 -0.0139542045 0.5 p-1 -280391 185
1049 295 m2 262988 -0.00631824974 0.5 p-1 -1163 7
196 296 m2 263388 -0.0143289622 0.5 p-1 -2466645 1565
795 297 m2 264547 -0.00154454343 0.5 p-1 -36709 48
818 299 m2 264742 0.0642258674 0.5 p-1 -51662 18
41 300 m2 266662 -0.0450300537 0.5 p-1 -1693844 1852
1262 303 m2 269287 6.7839137e-05 0.5 p-1 -10570 3
1249 304 m2 269948 7.12148767e-06 0.5 p-1 -3133 6
958 305 m2 270685 0.00273478404 0.5 p-1 -128165 10
327 306 m2 270687 -0.00654387008 0.5 p-1 -5881624 729
743 307 m2 276658 -0.00065135723 0.5 p-1 -244465 48
197 309 m2 277531 0.000926085864 0.5 p-1 -1798036 805
328 310 m2 277580 -0.00827532168 0.5 p-1 -274079 121
995 311 m2 277985 0.000130152228 0.5 p-1 -95933 15
1398 312 m2 279445 -0.0334263928 0.5 p-1 -2699 2
46 313 m2 282618 9.6211113e-07 0.5 p-1 -4376733 519
769 314 m2 285435 0.0006536867 0.5 p-1 -185937 51
1039 315 m2 286838 -2.72024718e-05 0.5 p-1 -18142 13
47 316 m2 287236 0.000724851328 0.5 p-1 -82299 8
274 317 m2 287610 -0.000510715647 0.5 p-1 -350293 497
1029 318 m2 289668 -0.000368739566 0.5 p-1 -9292 12
1146 319 m2 290952 -0.000680923054 0.5 p-1 -9942 6
198 321 m2 293082 -0.000226766831 0.5 p-1 -363295 507
1376 323 m2 293640 -0.000167028673 0.5 p-1 -34074 1
511 324 m2 294933 0.0127200903 0.5 p-1 -272075 201
1059 325 m2 295764 0.0210504588 0.5 p-1 -4832 4
275 326 m2 296014 -4.72345928e-05 0.5 p-1 -4807649 1418
330 327 m2 296502 0.0148676643 0.5 p-1 -3602679 448
682 328 m2 297769 0.000152383946 0.5 p-1 -363316 112
683 330 m2 298801 -4.80380804e-05 0.5 p-1 -957073 19
1026 331 m2 299720 -0.00391227193 0.5 p-1 -565901 12
532 332 m2 300718 0.0138035286 0.5 p-1 -126320 42
1048 334 m2 302996 -0.0063856137 0.5 p-1 -75524 10
569 335 m2 303054 0.00151128718 0.5 p-1 -50030 13
48 338 m2 303521 0.000131072127 0.5 p-1 -3298934 924
581 339 m2 304207 3.03881421e-07 0.5 p-1 -1422692 37
770 340 m2 304301 -0.00172535516 0.5 p-1 -71258 112
776 341 m2 305103 -0.0243980717 0.5 p-1 -3409642 34
945 342 m2 305697 -3.73481669e-07 0.5 p-1 -1789 1
199 343 m2 306194 -5.99728583e-06 0.5 p-1 -12257157 318
935 344 m2 306312 0.00041353525 0.5 p-1 -9764 6
949 345 m2 307495 0.00222540577 0.5 p-1 -101361 29
1125 346 m2 308047 0.0208064783 0.5 p-1 -20225 5
687 347 m2 310515 0.0248798262 0.5 p-1 -1742014 54
582 348 m2 310980 0.00117677427 0.5 p-1 -3870540 229
570 349 m2 311283 0.00184865296 0.5 p-1 -8102725 257
49 350 m2 311645 0.0290377103 0.5 p-1 -1412004 1049
50 351 m2 311772 6.81552638e-06 0.5 p-1 -2864130 951
51 352 m2 312641 4.70592931e-06 0.5 p-1 -5104492 1483
52 353 m2 315305 -2.48637371e-05 0.5 p-1 -774395 255
800 354 m2 315472 -0.000122644458 0.5 p-1 -850261 37
501 355 m2 315712 0.00375562836 0.5 p-1 -97312 26
1109 356 m2 317855 -0.000244206982 0.5 p-1 -4289 1
53 357 m2 318157 0.0109356102 0.5 p-1 -6932928 1623
1173 358 m2 318210 -9.0564834e-05 0.5 p-1 -230 1
659 359 m2 321184 0.0371907949 0.5 p-1 -339986 180
583 360 m2 321655 0.0446781367 0.5 p-1 -5752461 296
922 361 m2 322226 0.000137181385 0.5 p-1 -161880 56
200 362 m2 322715 0.00171731156 0.5 p-1 -2740200 284
660 363 m2 323263 -0.000103939943 0.5 p-1 -115428 61
488 364 m2 323326 0.0023868503 0.5 p-1 -41278 46
1043 365 m2 324947 -7.05647763e-05 0.5 p-1 -9949 2
551 366 m2 324983 -0.000109431719 0.5 p-1 -229000 140
331 367 m2 325300 -0.00043954479 0.5 p-1 -1222635 769
778 368 m2 326292 0.00112838508 0.5 p-1 -198788 14
1269 369 m2 326314 -0.00911429618 0.5 p-1 -5961 2
54 370 m2 326515 -0.00832623336 0.5 p-1 -2536562 1333
201 371 m2 327090 -0.0286586452 0.5 p-1 -392344 140
489 374 m2 329969 0.0155879185 0.5 p-1 -139832 45
1402 376 m2 331404 -0.00033747268 0.5 p-1 -4267 1
1322 377 m2 331599 -0.0280276146 0.5 p-1 -21241 1
1284 378 m2 331686 0.00430209422 0.5 p-1 -2643 1
606 379 m2 332238 0.00464470405 0.5 p-1 -175606 37
56 380 m2 336895 0.00863889139 0.5 p-1 -3329034 981
433 384 m2 338272 4.41269503e-06 0.5 p-1 -376482 41
571 385 m2 338928 0.00158320542 0.5 p-1 -344722 133
57 387 m2 340246 -0.00835992303 0.5 p-1 -1224119 802
878 388 m2 340547 -0.00141426595 0.5 p-1 -92939 9
403 389 m2 342042 0.000190901497 0.5 p-1 -694728 142
825 390 m2 342195 -0.00454083551 0.5 p-1 -226731 4
1095 391 m2 343073 -0.000546847121 0.5 p-1 -18144 10
512 392 m2 343379 -0.0047272006 0.5 p-1 -420181 36
1073 394 m2 344345 -0.0122157522 0.5 p-1 -13726 9
58 396 m2 344827 0.000385967374 0.5 p-1 -3564481 1725
816 397 m2 345941 0.00817379635 0.5 p-1 -635427 50
277 398 m2 346326 -7.03722799e-06 0.5 p-1 -346065 69
502 399 m2 346648 -0.00142182223 0.5 p-1 -2710103 413
404 401 m2 348672 -0.0119888512 0.5 p-1 -11716446 477
60 402 m2 348871 1.6249875e-07 0.5 p-1 -2990829 1777
447 403 m2 349543 0.00579650467 0.5 p-1 -42950 23
936 404 m2 349599 -0.0203444548 0.5 p-1 -817267 83
1108 405 m2 350585 -2.1361875e-05 0.5 p-1 -649 1
475 407 m2 352657 -0.000257948937 0.5 p-1 -328489 111
405 409 m2 353428 -0.0189282242 0.5 p-1 -104139 83
278 410 m2 353439 -0.00356007484 0.5 p-1 -1607429 365
513 411 m2 353591 -0.0149754258 0.5 p-1 -1321221 26
702 412 m2 354186 -0.0266631395 0.5 p-1 -147185 11
434 413 m2 355110 0.00165040721 0.5 p-1 -387692 282
796 414 m2 355163 0.019039046 0.5 p-1 -578397 79
435 416 m2 357187 0.0204099808 0.5 p-1 -1334232 170
1279 418 m2 359040 -0.00749451527 0.5 p-1 -36039 5
1156 419 m2 359542 0.00894429162 0.5 p-1 -15459 1
279 420 m2 361120 0.017441636 0.5 p-1 -2307047 676
1196 421 m2 361154 0.00675075268 0.5 p-1 -1682 2
61 422 m2 361421 0.00253703841 0.5 p-1 -622586 556
280 423 m2 362299 0.00353004946 0.5 p-1 -635095 42
406 425 m2 365138 0.00102397159 0.5 p-1 -513599 113
62 426 m2 365421 -1.09354769e-05 0.5 p-1 -527891 544
1184 427 m2 365761 1.99619922e-06 0.5 p-1 -3053 4
987 430 m2 366840 0.00193067931 0.5 p-1 -222056 9
976 431 m2 367398 -6.56807174e-07 0.5 p-1 -53268 13
333 432 m2 368183 -0.0070343418 0.5 p-1 -1495264 684
1351 433 m2 368744 -1.28696669e-07 0.5 p-1 -511 1
334 434 m2 369833 3.08778981e-05 0.5 p-1 -1084428 567
886 435 m2 370638 -0.00204022182 0.5 p-1 -81955 42
1151 436 m2 372668 -0.00139702542 0.5 p-1 -4961 7
514 437 m2 373237 0.00786746852 0.5 p-1 -2643144 735
1120 438 m2 373391 9.24054439e-06 0.5 p-1 -39788 3
63 439 m2 373682 8.64097444e-07 0.5 p-1 -2608174 890
572 440 m2 374014 -0.00257778051 0.5 p-1 -10970 25
1391 441 m2 375488 -0.00379403285 0.5 p-1 -4051 2
1030 442 m2 376583 0.00040316896 0.5 p-1 -24821 9
784 443 m2 377206 -0.00716628646 0.5 p-1 -108987 1
64 444 m2 377483 0.0177074466 0.5 p-1 -1229271 939
533 446 m2 380197 -0.00193694932 0.5 p-1 -454147 80
204 447 m2 380545 7.96904442e-06 0.5 p-1 -740834 378
1318 448 m2 381833 0.00680722343 0.5 p-1 -10083 1
369 449 m2 381981 0.000622057996 0.5 p-1 -1208622 476
1115 450 m2 382462 -0.00648113666 0.5 p-1 -7885 2
281 452 m2 383679 1.82778876e-06 0.5 p-1 -467330 335
925 453 m2 387430 -0.00176711567 0.5 p-1 -57594 68
335 454 m2 387442 0.000655647542 0.5 p-1 -456369 524
738 455 m2 387770 0.0126964124 0.5 p-1 -86323 47
1236 456 m2 388490 0.0896852165 0.5 p-1 -6430 1
205 457 m2 390533 4.00415411e-05 0.5 p-1 -3340889 858
282 458 m2 391181 0.00131339987 0.5 p-1 -2687916 878
1319 459 m2 393325 0.0072541819 0.5 p-1 -27197 2
491 460 m2 397356 0.000284414418 0.5 p-1 -2563015 466
492 462 m2 399644 0.0330482796 0.5 p-1 -39165 35
688 463 m2 401420 -0.0396568589 0.5 p-1 -54786 25
67 464 m2 401903 -0.015891416 0.5 p-1 -4018429 1898
602 465 m2 402402 0.044946339 0.5 p-1 -20651 23
1126 466 m2 403141 -6.69028259e-06 0.5 p-1 -6017 6
436 467 m2 403427 -0.00321506779 0.5 p-1 -455937 429
678 469 m2 405208 0.0031973822 0.5 p-1 -301035 89
1096 470 m2 407630 0.000190269566 0.5 p-1 -138570 19
837 471 m2 408096 0.00093538349 0.5 p-1 -366193 50
661 472 m2 408219 0.0267402232 0.5 p-1 -250134 93
1295 473 m2 409271 0.0324369334 0.5 p-1 -25548 7
69 474 m2 410358 -0.0016627385 0.5 p-1 -3007565 517
370 475 m2 411151 0.00023090755 0.5 p-1 -172153 133
1313 476 m2 411500 4.79630444e-07 0.5 p-1 -705 2
408 478 m2 412387 0.0145877069 0.5 p-1 -169573 100
371 479 m2 412621 -0.00038481396 0.5 p-1 -8488433 345
70 480 m2 412882 -5.99562663e-05 0.5 p-1 -220257 133
912 482 m2 413588 -0.00178717659 0.5 p-1 -46535 7
71 483 m2 413849 0.00904190075 0.5 p-1 -1572697 417
1116 486 m2 417185 -0.00415183464 0.5 p-1 -20539 2
207 487 m2 419638 3.26941763e-09 0.5 p-1 -6337475 178
72 490 m2 421635 -0.000253652863 0.5 p-1 -3420630 557
1210 491 m2 422539 -0.00826589856 0.5 p-1 -56770 2
972 492 m2 423804 0.00271739229 0.5 p-1 -279302 18
1040 493 m2 424637 -0.00031838307 0.5 p-1 -50756 5
476 494 m2 425701 0.039305754 0.5 p-1 -392628 32
74 495 m2 426220 -0.0283286385 0.5 p-1 -361532 668
696 496 m2 426305 0.000124783735 0.5 p-1 -46346 87
720 497 m2 426701 2.13043459e-05 0.5 p-1 -25884 5
962 498 m2 427496 -0.000422956655 0.5 p-1 -20470 8
697 499 m2 428906 -0.00380233605 0.5 p-1 -7518594 129
890 501 m2 430974 0.0080351634 0.5 p-1 -302917 13
284 502 m2 433331 -0.0135558909 0.5 p-1 -124597 59
1213 504 m2 436312 -0.0804567486 0.5 p-1 -11138 4
285 506 m2 436580 0.0291766748 0.5 p-1 -233446 66
76 507 m2 436684 0.0388177186 0.5 p-1 -9764916 1701
77 508 m2 438029 0.00253932388 0.5 p-1 -6565413 1502
813 509 m2 440222 0.00251230132 0.5 p-1 -5417 13
896 511 m2 441019 0.00258239941 0.5 p-1 -147569 17
336 512 m2 443013 0.00121040142 0.5 p-1 -2082532 336
689 513 m2 445453 0.00563693512 0.5 p-1 -4085994 173
603 514 m2 446110 0.0119129252 0.5 p-1 -118139 111
450 515 m2 447267 -0.00696784118 0.5 p-1 -29223 8
451 516 m2 447723 0.000960939273 0.5 p-1 -1112067 221
79 519 m2 450450 0.0159776788 0.5 p-1 -895555 1130
899 521 m2 451257 0.00245142286 0.5 p-1 -9548 4
763 523 m2 453330 0.000447461876 0.5 p-1 -9537 8
552 524 m2 454140 0.00167850649 0.5 p-1 -87051 29
452 526 m2 454930 0.000106120002 0.5 p-1 -4909437 150
80 527 m2 457593 4.80413928e-06 0.5 p-1 -4383143 1954
409 528 m2 458647 0.000637815625 0.5 p-1 -25936 7
1050 529 m2 459647 -0.000228304489 0.5 p-1 -5089 1
774 530 m2 459894 -5.68684709e-06 0.5 p-1 -3845 3
286 531 m2 460533 -0.0078496607 0.5 p-1 -775199 170
703 532 m2 460815 -0.109677322 0.5 p-1 -94343 35
1176 533 m2 461009 -0.0043114149 0.5 p-1 -7854 1
287 534 m2 461072 4.65576327e-10 0.5 p-1 -1195048 527
653 535 m2 461518 0.00413135253 0.5 p-1 -23901 22
644 537 m2 466128 0.00324031967 0.5 p-1 -161230 26
1086 538 m2 466585 0.00907761976 0.5 p-1 -1280 3
1003 539 m2 467306 -0.00686019612 0.5 p-1 -1577038 17
931 540 m2 467990 2.53340005e-07 0.5 p-1 -88857 19
721 541 m2 468116 -0.00105438312 0.5 p-1 -71089 22
81 542 m2 468188 4.02279784e-06 0.5 p-1 -980738 394
598 544 m2 470131 -7.26723428e-08 0.5 p-1 -310512 74
374 545 m2 471050 0.00629693037 0.5 p-1 -605720 156
690 546 m2 471311 0.005559335 0.5 p-1 -5568 7
932 547 m2 472176 -0.00549348164 0.5 p-1 -65425 18
662 548 m2 472779 6.09403505e-05 0.5 p-1 -1510755 267
1244 549 m2 473604 -0.00346713536 0.5 p-1 -24877 5
917 551 m2 474243 -0.00130261516 0.5 p-1 -45879 18
1238 553 m2 476387 2.74068782e-07 0.5 p-1 -662 1
82 554 m2 477019 4.6393212e-05 0.5 p-1 -294376 154
410 555 m2 478132 0.00686267996 0.5 p-1 -894074 222
83 556 m2 478572 0.0109506175 0.5 p-1 -6152113 1695
84 558 m2 481303 0.0224067681 0.5 p-1 -3526428 740
1013 559 m2 481492 -1.25987287e-09 0.5 p-1 -79208 30
85 560 m2 481965 0.00128488149 0.5 p-1 -1135817 923
981 561 m2 483044 -0.0445866436 0.5 p-1 -8687 3
1011 562 m2 484019 0.0100270621 0.5 p-1 -22405 2
542 563 m2 490236 0.000129282125 0.5 p-1 -43619 11
288 564 m2 491120 0.000404764054 0.5 p-1 -8863204 916
543 565 m2 491420 -0.00113224646 0.5 p-1 -54875 11
1301 566 m2 493634 -0.0312241241 0.5 p-1 -5748 1
289 567 m2 493833 -0.00283083646 0.5 p-1 -4610476 835
88 568 m2 494067 0.0662470981 0.5 p-1 -1675343 995
1037 569 m2 494469 1.33816893e-05 0.5 p-1 -9407 3
89 570 m2 494713 9.46402724e-05 0.5 p-1 -7932496 1110
337 571 m2 498529 -0.0125642279 0.5 p-1 -961439 315
90 573 m2 499118 -0.0183377638 0.5 p-1 -4324299 702
1014 574 m2 499482 -0.000455142115 0.5 p-1 -3421551 8
544 575 m2 500087 -0.00341063319 0.5 p-1 -1271205 118
624 576 m2 500286 0.0011647474 0.5 p-1 -322973 99
1226 577 m2 501570 -0.020348724 0.5 p-1 -2079 3
290 579 m2 503698 6.85419291e-05 0.5 p-1 -310936 98
1177 582 m2 507629 0.0194716845 0.5 p-1 -6483 1
1012 583 m2 507739 0.00039431543 0.5 p-1 -16879 15
553 585 m2 509181 -0.00119164912 0.5 p-1 -936471 171
1027 586 m2 509990 7.13345289e-05 0.5 p-1 -432320 54
291 587 m2 510841 -7.14943553e-06 0.5 p-1 -658574 404
376 589 m2 512933 -0.0117752487 0.5 p-1 -1036870 417
339 590 m2 514300 0.000697239069 0.5 p-1 -1403812 689
1235 592 m2 517228 0.0316156 0.5 p-1 -2664 1
94 593 m2 519108 -8.83301545e-05 0.5 p-1 -1794240 104
503 594 m2 520163 0.0120673561 0.5 p-1 -17772 12
1167 595 m2 520316 0.000104661027 0.5 p-1 -9783 5
1214 597 m2 522940 0.0131352348 0.5 p-1 -1580 2
340 601 m2 528508 -2.39481869e-05 0.5 p-1 -3578000 793
95 602 m2 528772 -0.00690853409 0.5 p-1 -1574144 1005
377 603 m2 528812 -0.000964535109 0.5 p-1 -1420454 342
504 604 m2 529141 -0.0359826274 0.5 p-1 -15003 15
493 606 m2 529992 0.00184966018 0.5 p-1 -375920 114
691 609 m2 530745 -0.000499323127 0.5 p-1 -50006 19
505 610 m2 531434 0.0546323806 0.5 p-1 -357185 220
888 611 m2 531610 -0.000311469572 0.5 p-1 -38058 33
858 612 m2 531679 0.000262666494 0.5 p-1 -1005 2
960 614 m2 534113 -8.44768074e-05 0.5 p-1 -6889 6
599 615 m2 535934 0.0127253076 0.5 p-1 -3291683 163
96 616 m2 537161 -0.000810174795 0.5 p-1 -4706927 1887
210 617 m2 537695 0.000614239485 0.5 p-1 -153875 57
1294 618 m2 538198 -0.00940945745 0.5 p-1 -1939 2
293 621 m2 540921 -4.48217434e-05 0.5 p-1 -8999223 938
97 622 m2 542259 -0.000954009476 0.5 p-1 -1409483 189
801 623 m2 543101 0.00303854956 0.5 p-1 -3187 3
99 624 m2 545720 2.08530237e-05 0.5 p-1 -6242950 1510
768 625 m2 545738 -0.0347265191 0.5 p-1 -15383 2
667 629 m2 549060 2.24980085e-05 0.5 p-1 -1042420 67
928 630 m2 551556 -0.00724377856 0.5 p-1 -38264 14
100 631 m2 551958 -0.00938751362 0.5 p-1 -3066071 636
744 632 m2 552378 0.000316615391 0.5 p-1 -41864 59
211 633 m2 552657 -0.001345973 0.5 p-1 -12128936 1164
101 634 m2 553234 -0.00145979808 0.5 p-1 -3093302 1419
1179 636 m2 556731 -0.000362277875 0.5 p-1 -126819 11
341 637 m2 557017 -0.000408189051 0.5 p-1 -1096758 519
771 638 m2 557672 0.0500693247 0.5 p-1 -258599 29
820 639 m2 558492 -1.9479241e-05 0.5 p-1 -506912 22
1223 640 m2 559320 -0.00395346433 0.5 p-1 -439393 3
786 641 m2 560358 0.0119049354 0.5 p-1 -114990 36
704 642 m2 561591 -0.00285371835 0.5 p-1 -78587 13
411 643 m2 565490 -2.73637198e-07 0.5 p-1 -243200 30
102 646 m2 566724 0.00647712825 0.5 p-1 -1869747 595
412 648 m2 567197 -0.0787849277 0.5 p-1 -147089 30
625 649 m2 568629 -3.76010007e-06 0.5 p-1 -452628 197
378 650 m2 570274 -0.0112978304 0.5 p-1 -5856998 591
1365 651 m2 571907 -0.0575339124 0.5 p-1 -40587 2
1267 652 m2 573573 -0.000584075344 0.5 p-1 -24062 2
1032 653 m2 574516 -0.00495765451 0.5 p-1 -11659 4
413 654 m2 574951 0.0131420484 0.5 p-1 -1783294 263
212 655 m2 574988 0.00114318717 0.5 p-1 -2432457 195
1268 657 m2 576718 0.00699442672 0.5 p-1 -171351 2
103 658 m2 579048 0.00265227701 0.5 p-1 -6483731 1154
104 659 m2 579155 -7.06071514e-05 0.5 p-1 -7803817 1144
294 660 m2 583516 -0.000730494969 0.5 p-1 -3043098 974
1067 661 m2 585420 -4.95988788e-05 0.5 p-1 -17310 1
214 662 m2 586844 -0.0151610989 0.5 p-1 -19719972 480
1280 663 m2 587009 -0.00668325974 0.5 p-1 -10399 2
938 664 m2 587994 0.000119789845 0.5 p-1 -10668 5
573 665 m2 588297 0.0541955121 0.5 p-1 -1318138 212
215 666 m2 588564 -0.00462936051 0.5 p-1 -2201932 1460
105 667 m2 589707 0.050582435 0.5 p-1 -3065679 1874
1017 670 m2 592202 0.0137156406 0.5 p-1 -36467 7
295 671 m2 592744 0.000201470175 0.5 p-1 -895931 791
106 672 m2 594680 -0.00669589732 0.5 p-1 -1632160 768
836 673 m2 595352 -9.81484938e-09 0.5 p-1 -13476 3
645 675 m2 597174 -0.0063544591 0.5 p-1 -255248 126
296 676 m2 597843 0.000368759938 0.5 p-1 -59713 20
414 678 m2 599144 -0.000495026936 0.5 p-1 -142894 55
1000 680 m2 600193 -6.08454275e-06 0.5 p-1 -4887 1
854 681 m2 600268 0.000216918139 0.5 p-1 -27924 19
799 682 m2 601140 0.00112867833 0.5 p-1 -19711 8
107 683 m2 602384 6.88364598e-05 0.5 p-1 -2971420 1524
216 684 m2 602706 0.00098669494 0.5 p-1 -216750 127
109 685 m2 604119 -0.0543536842 0.5 p-1 -5133883 1402
747 686 m2 605117 -0.00286204508 0.5 p-1 -3432 9
217 687 m2 605616 -0.00692575984 0.5 p-1 -2399682 646
802 688 m2 607437 -0.0057100351 0.5 p-1 -574418 47
585 689 m2 607902 5.07214145e-06 0.5 p-1 -57634 54
1352 690 m2 608100 -0.0315525793 0.5 p-1 -22715 2
218 691 m2 610515 -4.41699049e-05 0.5 p-1 -1573434 801
1289 692 m2 611165 -0.000124051236 0.5 p-1 -639 2
110 694 m2 612974 0.000144078353 0.5 p-1 -186505 42
838 695 m2 613353 0.0307694878 0.5 p-1 -183969 11
342 696 m2 613597 0.00209090905 0.5 p-1 -701140 745
380 697 m2 615119 7.91544874e-09 0.5 p-1 -248266 89
979 698 m2 616584 -0.00090374361 0.5 p-1 -86117 20
607 699 m2 616635 -0.0173449405 0.5 p-1 -58718 92
343 700 m2 617981 0.00974608678 0.5 p-1 -6687461 845
111 701 m2 618078 0.00226554787 0.5 p-1 -9182338 1706
1375 702 m2 618441 -0.000248114171 0.5 p-1 -361 1
986 703 m2 620610 0.00141280703 0.5 p-1 -98738 25
415 705 m2 623271 -0.000733552675 0.5 p-1 -687800 27
516 707 m2 623705 -0.004083612 0.5 p-1 -986752 191
517 708 m2 624161 -0.000381845894 0.5 p-1 -439125 190
641 709 m2 624456 0.000127146472 0.5 p-1 -65597 78
978 710 m2 625135 4.18362838e-08 0.5 p-1 -5029 3
112 711 m2 628041 -0.00717375986 0.5 p-1 -2435725 1117
416 712 m2 628546 -2.06867207e-06 0.5 p-1 -24014 21
828 713 m2 628980 -1.559474e-05 0.5 p-1 -11127 6
826 714 m2 629708 -0.00762918685 0.5 p-1 -105255 58
711 716 m2 630548 0.000168474973 0.5 p-1 -167837 54
919 717 m2 630861 -0.00323319272 0.5 p-1 -85054 11
787 718 m2 631522 1.64504909e-05 0.5 p-1 -29545 2
1285 719 m2 633737 0.000797318411 0.5 p-1 -1040 3
608 721 m2 633848 -0.0496609136 0.5 p-1 -82596 18
220 722 m2 635637 -0.00183592131 0.5 p-1 -3325235 955
609 723 m2 636535 -0.000151276836 0.5 p-1 -235909 53
299 724 m2 636536 -0.000240989641 0.5 p-1 -6199894 184
871 725 m2 637003 -0.00750360033 0.5 p-1 -325516 8
114 726 m2 637629 0.0599398687 0.5 p-1 -3759543 727
856 727 m2 637717 -0.00620888872 0.5 p-1 -31316 19
344 729 m2 637990 0.00272740726 0.5 p-1 -1555240 591
115 730 m2 639933 2.44975581e-06 0.5 p-1 -7285552 1540
300 731 m2 640966 -4.44907128e-05 0.5 p-1 -653471 141
554 732 m2 642263 -0.0410521589 0.5 p-1 -362221 119
555 733 m2 643267 0.000752940425 0.5 p-1 -582932 126
345 734 m2 643341 0.00828172173 0.5 p-1 -774220 269
944 736 m2 646631 0.000329155417 0.5 p-1 -70917 22
1061 738 m2 650452 0.0243712608 0.5 p-1 -2379 1
382 740 m2 652166 -0.00834405329 0.5 p-1 -591595 184
535 741 m2 652233 0.00135139958 0.5 p-1 -778059 166
1315 744 m2 654643 -0.0089576235 0.5 p-1 -1393 2
679 745 m2 654865 -4.84151224e-06 0.5 p-1 -130066 26
116 747 m2 658629 -0.000370310765 0.5 p-1 -4126313 1880
739 748 m2 659804 1.85832068e-05 0.5 p-1 -694515 56
383 749 m2 659824 -0.00216050446 0.5 p-1 -159939 60
221 750 m2 660759 -0.00242190063 0.5 p-1 -1924193 326
117 751 m2 660790 -0.00198287028 0.5 p-1 -232731 43
627 752 m2 661390 0.00066364411 0.5 p-1 -118751 92
301 753 m2 662351 0.0160976108 0.5 p-1 -4631132 434
222 754 m2 662688 1.02185304e-05 0.5 p-1 -2617730 342
791 755 m2 663010 0.00399371888 0.5 p-1 -1180741 79
880 757 m2 663972 3.11807198e-05 0.5 p-1 -2736 2
615 758 m2 664097 -5.67673414e-05 0.5 p-1 -21196 13
518 760 m2 665192 0.00200957339 0.5 p-1 -1113925 397
1103 761 m2 665485 -0.0140680354 0.5 p-1 -1184 1
302 762 m2 665847 0.00113721017 0.5 p-1 -1681187 497
821 763 m2 666054 0.00690863421 0.5 p-1 -20335 6
586 764 m2 666382 -7.74668879e-05 0.5 p-1 -212410 101
1152 765 m2 667325 -0.000701201148 0.5 p-1 -310930 9
494 766 m2 667932 -0.000669326168 0.5 p-1 -172559 48
807 767 m2 668175 3.70765779e-10 0.5 p-1 -7495 9
118 768 m2 668203 0.000136039147 0.5 p-1 -1441926 490
947 769 m2 668307 -0.00693753548 0.5 p-1 -86173 15
495 770 m2 668404 0.00333270943 0.5 p-1 -12783741 101
119 771 m2 668645 -0.0021076405 0.5 p-1 -7892251 40
384 772 m2 669341 0.00177705754 0.5 p-1 -555240 60
616 773 m2 669379 0.0174359456 0.5 p-1 -326663 151
223 774 m2 670660 -0.00212139124 0.5 p-1 -5825919 1408
477 775 m2 673371 0.0351520069 0.5 p-1 -1186457 217
496 777 m2 676529 -0.0245218016 0.5 p-1 -284090 54
224 778 m2 676921 -0.00159137906 0.5 p-1 -2085462 1266
1114 779 m2 676981 0.0303795915 0.5 p-1 -336335 10
225 781 m2 677531 0.000725765654 0.5 p-1 -714412 270
438 782 m2 679239 -4.41647644e-05 0.5 p-1 -115456 153
575 783 m2 679360 -0.00151498301 0.5 p-1 -199640 120
1133 784 m2 680083 8.25106254e-05 0.5 p-1 -9644 8
226 785 m2 680168 0.024893228 0.5 p-1 -3496910 496
385 786 m2 680375 0.000370141148 0.5 p-1 -1709111 628
1098 787 m2 681518 0.0148671782 0.5 p-1 -69886 7
646 788 m2 684131 3.11865108e-07 0.5 p-1 -394197 85
418 789 m2 684204 0.014573548 0.5 p-1 -1468226 713
419 790 m2 684374 -0.00564520946 0.5 p-1 -415907 690
303 791 m2 686485 0.00134994602 0.5 p-1 -2566606 550
1008 792 m2 686490 0.00832996424 0.5 p-1 -37260 11
1202 794 m2 687899 0.00657086121 0.5 p-1 -122804 2
1081 795 m2 688075 0.00653983001 0.5 p-1 -604 4
227 796 m2 688275 0.0309284367 0.5 p-1 -642393 108
497 797 m2 688737 0.0210949592 0.5 p-1 -474535 309
733 798 m2 690498 -0.00549466116 0.5 p-1 -369080 19
519 801 m2 692388 0.00045002572 0.5 p-1 -1898115 174
123 802 m2 692492 0.00137667672 0.5 p-1 -2830196 998
749 803 m2 694371 -1.55426196e-08 0.5 p-1 -26007 28
346 804 m2 694961 0.00595460134 0.5 p-1 -290271 89
663 805 m2 695876 0.000218255795 0.5 p-1 -80848 4
829 806 m2 696309 0.0406943783 0.5 p-1 -55812 46
740 807 m2 697261 0.000462981377 0.5 p-1 -284381 50
386 808 m2 699313 2.29344386e-12 0.5 p-1 -3882233 608
124 809 m2 700363 -0.000901032996 0.5 p-1 -1873400 1040
125 810 m2 701357 -0.0303960871 0.5 p-1 -1304260 1089
506 812 m2 703640 -9.6459451e-05 0.5 p-1 -300448 223
304 813 m2 703835 0.000156418537 0.5 p-1 -17397 6
420 814 m2 704183 -0.00345579349 0.5 p-1 -268562 23
1344 815 m2 705201 0.00270951679 0.5 p-1 -362202 3
777 816 m2 705401 -0.000322359643 0.5 p-1 -195723 123
126 817 m2 707655 -0.0971243232 0.5 p-1 -7991536 1662
797 818 m2 708461 0.00685966248 0.5 p-1 -523804 129
775 819 m2 709421 -0.0057705855 0.5 p-1 -368653 166
907 821 m2 710118 0.000119061413 0.5 p-1 -5950 2
229 822 m2 710454 -0.00630599959 0.5 p-1 -4778044 1617
387 825 m2 711941 0.012634634 0.5 p-1 -260405 116
722 827 m2 715001 -0.00155789754 0.5 p-1 -62549 73
1255 828 m2 715247 -0.0182484463 0.5 p-1 -4657 2
668 829 m2 715259 -0.000580739346 0.5 p-1 -225263 172
421 830 m2 715607 0.00129537308 0.5 p-1 -1991699 299
750 831 m2 716746 0.0173836481 0.5 p-1 -68801 54
1174 832 m2 717790 -0.000477579713 0.5 p-1 -28438 2
705 833 m2 719078 -0.000343647494 0.5 p-1 -93211 35
347 834 m2 719386 0.0133707533 0.5 p-1 -351865 89
1259 835 m2 719467 0.000385139487 0.5 p-1 -10662 1
788 837 m2 720446 0.0115013681 0.5 p-1 -105024 64
1042 838 m2 722353 -5.22721741e-08 0.5 p-1 -268692 10
1354 839 m2 723199 -0.0278419778 0.5 p-1 -15108 2
1110 840 m2 723315 0.000434800953 0.5 p-1 -1676 5
1385 842 m2 726531 -0.00038615847 0.5 p-1 -9784 1
231 843 m2 728538 0.000774460495 0.5 p-1 -712216 656
1396 844 m2 732059 0.00516902097 0.5 p-1 -9302 1
128 845 m2 734921 9.36341312e-05 0.5 p-1 -3438707 1514
1100 846 m2 735439 -0.0125276502 0.5 p-1 -113805 6
498 847 m2 738149 -0.000605703506 0.5 p-1 -24512 6
1144 848 m2 738640 0.0406764038 0.5 p-1 -25873 12
129 849 m2 739377 -0.0137876598 0.5 p-1 -2510037 300
1117 850 m2 742364 0.10322123 0.5 p-1 -964255 7
754 851 m2 742514 -0.00897490699 0.5 p-1 -80404 21
1051 853 m2 742546 -0.0243205857 0.5 p-1 -123593 9
669 854 m2 742560 -0.00242404058 0.5 p-1 -307097 112
349 855 m2 743163 0.00142790982 0.5 p-1 -1776754 113
642 856 m2 745217 -0.00166812609 0.5 p-1 -63551 22
350 857 m2 745219 0.00177871902 0.5 p-1 -581576 174
1308 858 m2 745350 0.0302335545 0.5 p-1 -3779 1
130 860 m2 747267 0.000127527281 0.5 p-1 -1570753 1576
557 861 m2 750797 0.00405639969 0.5 p-1 -416018 105
307 862 m2 751201 -0.0023050101 0.5 p-1 -3901096 131
1022 863 m2 751370 -7.34178275e-06 0.5 p-1 -82177 6
233 864 m2 751450 -2.79228333e-12 0.5 p-1 -4742576 767
558 865 m2 751571 -0.00041750152 0.5 p-1 -43237 14
783 866 m2 753797 -0.000304165151 0.5 p-1 -199480 19
508 867 m2 753978 0.0362965427 0.5 p-1 -1799237 58
587 868 m2 754023 0.00828848965 0.5 p-1 -556993 23
235 869 m2 755506 0.000328560011 0.5 p-1 -7763867 1474
454 871 m2 755926 -0.0151589997 0.5 p-1 -438796 275
236 873 m2 760165 0.00170323148 0.5 p-1 -5581806 574
757 874 m2 760193 2.54965507e-05 0.5 p-1 -1749343 32
237 875 m2 760335 -8.81609667e-05 0.5 p-1 -4210668 564
698 876 m2 760709 0.0220171828 0.5 p-1 -577997 33
478 877 m2 762040 -7.42557677e-05 0.5 p-1 -2946647 165
238 878 m2 764077 -0.00261123036 0.5 p-1 -2188474 752
576 880 m2 767644 0.00221933471 0.5 p-1 -12194 8
843 881 m2 770215 -0.0393816121 0.5 p-1 -98068 28
422 882 m2 771767 -0.0620820038 0.5 p-1 -364669 301
131 883 m2 771806 -0.0233823732 0.5 p-1 -1556220 714
133 884 m2 774235 0.00814906508 0.5 p-1 -1951976 1691
134 885 m2 774756 -0.000340443861 0.5 p-1 -2487021 903
1009 886 m2 774925 -9.94699167e-06 0.5 p-1 -10092 1
521 888 m2 775850 -0.00986697525 0.5 p-1 -20212 24
930 889 m2 776233 -0.033003021 0.5 p-1 -35086 10
1334 890 m2 777392 -0.0336123407 0.5 p-1 -3457 1
239 891 m2 777561 -9.99529766e-06 0.5 p-1 -2436443 1060
1147 892 m2 780879 0.0145777809 0.5 p-1 -1320 2
943 893 m2 781032 -0.0357161053 0.5 p-1 -81028 17
240 894 m2 781365 -0.00148251886 0.5 p-1 -1234263 639
968 895 m2 781447 3.50572445e-05 0.5 p-1 -6914373 12
135 896 m2 781493 0.000233037921 0.5 p-1 -95857 53
723 897 m2 782931 -3.51001503e-08 0.5 p-1 -238555 119
604 898 m2 783471 0.00152023579 0.5 p-1 -1900442 244
455 899 m2 783591 -0.00192814891 0.5 p-1 -306345 77
479 900 m2 785071 0.0113564106 0.5 p-1 -59144 15
692 901 m2 785691 6.46973319e-07 0.5 p-1 -81396 25
803 902 m2 785705 -0.00723478151 0.5 p-1 -7005 15
136 903 m2 786059 -0.000124799466 0.5 p-1 -4467666 84
1127 904 m2 786200 -2.68737986e-05 0.5 p-1 -16913 5
536 905 m2 787792 0.000549742777 0.5 p-1 -5627254 331
908 909 m2 792939 0.000261007575 0.5 p-1 -345531 6
950 910 m2 795009 0.00050106697 0.5 p-1 -116489 24
882 913 m2 796849 -8.51669975e-05 0.5 p-1 -18502 11
706 914 m2 799417 0.000327417685 0.5 p-1 -3246736 233
456 915 m2 800564 -3.7671376e-05 0.5 p-1 -487805 176
1005 916 m2 800868 -0.0502105951 0.5 p-1 -71993 31
923 917 m2 801714 -0.00101154845 0.5 p-1 -528016 27
523 918 m2 802854 0.000252320082 0.5 p-1 -2888176 136
887 919 m2 802987 -0.0125798909 0.5 p-1 -66343 8
811 920 m2 803294 0.0065194713 0.5 p-1 -25361 22
241 921 m2 805380 4.54351139e-05 0.5 p-1 -5719078 979
812 922 m2 805840 -4.68935787e-06 0.5 p-1 -56656 33
724 923 m2 806315 -5.19194873e-05 0.5 p-1 -96067 28
1162 926 m2 807884 -0.00643224781 0.5 p-1 -158973 5
676 927 m2 809349 0.0043890588 0.5 p-1 -5742249 122
480 928 m2 810701 -0.000425030681 0.5 p-1 -509205 231
537 929 m2 811714 0.03591194 0.5 p-1 -1309345 103
388 930 m2 812132 0.0132183405 0.5 p-1 -2879855 137
141 931 m2 812227 1.37832819e-06 0.5 p-1 -3178347 1030
1010 933 m2 813547 0.0407358594 0.5 p-1 -439 1
242 934 m2 814516 -0.00999228191 0.5 p-1 -3922719 773
142 935 m2 815700 0.00100500439 0.5 p-1 -1932949 1330
647 936 m2 815945 0.00238986663 0.5 p-1 -50506 7
457 938 m2 818069 0.000135873954 0.5 p-1 -78848 42
940 941 m2 820076 -6.69725068e-06 0.5 p-1 -14743 11
309 943 m2 820704 0.00276121963 0.5 p-1 -1409371 744
143 944 m2 821406 0.00653458992 0.5 p-1 -758765 626
693 945 m2 822632 0.0481834337 0.5 p-1 -1022924 116
891 946 m2 824219 -0.00137220789 0.5 p-1 -289943 52
244 947 m2 825973 0.000220077141 0.5 p-1 -2657777 1502
1084 948 m2 826327 -0.00163404655 0.5 p-1 -20566 2
984 949 m2 827083 -0.0434068032 0.5 p-1 -13951 12
440 950 m2 831379 -0.0408073328 0.5 p-1 -233279 85
310 951 m2 832651 -1.03164575e-06 0.5 p-1 -488542 222
144 952 m2 833397 -6.68040741e-07 0.5 p-1 -970221 230
934 953 m2 834192 6.27782947e-06 0.5 p-1 -75669 37
630 954 m2 834430 -0.1209803 0.5 p-1 -19263 29
145 955 m2 835057 0.000241727481 0.5 p-1 -2521259 1922
146 957 m2 837004 0.0360060707 0.5 p-1 -2867947 1189
1314 958 m2 838105 -0.0236739088 0.5 p-1 -2806 2
441 959 m2 838425 0.000373597577 0.5 p-1 -6903610 169
1401 960 m2 839528 0.0136443088 0.5 p-1 -20964 1
482 961 m2 840236 1.43349725e-05 0.5 p-1 -2092342 346
147 962 m2 842609 -3.0080666e-05 0.5 p-1 -1965800 200
751 963 m2 843410 0.00328148296 0.5 p-1 -580301 122
1018 965 m2 843647 -0.000669176574 0.5 p-1 -291081 37
717 966 m2 843825 0.0880964696 0.5 p-1 -31667 26
148 967 m2 843880 -0.000245307805 0.5 p-1 -660345 179
245 968 m2 845231 -0.0107773645 0.5 p-1 -3185709 1420
712 969 m2 845394 3.73053335e-05 0.5 p-1 -51445 30
765 970 m2 845860 -0.00726264296 0.5 p-1 -60932 94
999 971 m2 846412 -1.35127368e-06 0.5 p-1 -45650 5
1342 972 m2 847567 -0.000306408154 0.5 p-1 -726 1
773 973 m2 847730 -0.000146380742 0.5 p-1 -140852 47
883 975 m2 849142 -0.00126235816 0.5 p-1 -80291 50
150 976 m2 850280 0.00880931783 0.5 p-1 -237877 163
876 977 m2 850847 -0.0226062518 0.5 p-1 -124746 23
1383 978 m2 855906 7.1355754e-07 0.5 p-1 -9708 2
752 979 m2 856221 0.00136928388 0.5 p-1 -260776 137
389 980 m2 856904 -4.11630793e-07 0.5 p-1 -1717924 923
390 981 m2 858245 0.00764704356 0.5 p-1 -3506797 211
423 982 m2 859010 0.00611418393 0.5 p-1 -2209065 397
610 984 m2 859493 0.0386810824 0.5 p-1 -106495 43
151 985 m2 859621 0.000636600365 0.5 p-1 -2558600 1993
152 986 m2 859797 -0.000522326096 0.5 p-1 -2470778 1346
872 987 m2 859939 -0.0108748171 0.5 p-1 -347978 23
892 988 m2 860935 0.00958985556 0.5 p-1 -40551 48
920 989 m2 860938 -2.07259617e-07 0.5 p-1 -247660 27
631 990 m2 861632 -0.000438971096 0.5 p-1 -2024012 80
391 991 m2 862084 -7.38472008e-05 0.5 p-1 -589747 381
760 992 m2 862792 0.0170146357 0.5 p-1 -7924 11
524 993 m2 863026 0.00770060578 0.5 p-1 -206908 64
677 994 m2 863846 -4.485315e-06 0.5 p-1 -2297571 262
1175 995 m2 864098 -0.0278997328 0.5 p-1 -50454 1
998 996 m2 864500 7.71890996e-08 0.5 p-1 -50222 7
1296 997 m2 865724 -0.000401655125 0.5 p-1 -25228 2
154 999 m2 867255 -0.000772512052 0.5 p-1 -5577946 541
758 1001 m2 872957 0.0202695504 0.5 p-1 -14398 2
971 1002 m2 873607 0.0178190954 0.5 p-1 -18015 10
157 1003 m2 874774 -0.000321067695 0.5 p-1 -5297886 1794
857 1004 m2 875449 0.00535577536 0.5 p-1 -292683 32
1377 1005 m2 877229 -0.023918638 0.5 p-1 -488 1
158 1006 m2 877237 0.000176579633 0.5 p-1 -4610659 1776
461 1007 m2 878322 -0.000320084422 0.5 p-1 -2274928 984
670 1008 m2 878529 0.00137615332 0.5 p-1 -1160969 29
1019 1009 m2 879111 0.00223623542 0.5 p-1 -153268 30
840 1010 m2 879274 0.00781548116 0.5 p-1 -160098 58
1372 1011 m2 879775 -0.0692190826 0.5 p-1 -66003 1
462 1012 m2 880876 -5.58784159e-05 0.5 p-1 -1428140 863
823 1013 m2 881337 0.000285613496 0.5 p-1 -118793 16
246 1014 m2 881963 8.45760005e-05 0.5 p-1 -510906 132
671 1015 m2 882155 0.00209658989 0.5 p-1 -1286898 187
311 1017 m2 883594 -2.73436181e-05 0.5 p-1 -4887424 726
1208 1020 m2 887254 -0.000633782474 0.5 p-1 -720 2
1229 1021 m2 889252 -0.000752247928 0.5 p-1 -722628 2
463 1022 m2 889289 0.0058232462 0.5 p-1 -408291 339
996 1023 m2 889301 -7.70304105e-05 0.5 p-1 -2139 2
869 1024 m2 892213 -1.65987876e-05 0.5 p-1 -131662 66
248 1025 m2 893310 0.0183425657 0.5 p-1 -3540495 1640
249 1027 m2 895599 0.000740719785 0.5 p-1 -3517385 646
250 1030 m2 896648 0.00214486197 0.5 p-1 -480175 149
159 1031 m2 896704 -1.13725155e-05 0.5 p-1 -648295 263
1140 1032 m2 897393 -0.00750661176 0.5 p-1 -83769 7
684 1033 m2 897555 0.0132610463 0.5 p-1 -32603 26
251 1035 m2 899767 -0.0496893264 0.5 p-1 -3918671 848
725 1036 m2 900520 -0.0156460647 0.5 p-1 -63702 48
160 1037 m2 901461 0.14323917 0.5 p-1 -3688808 553
939 1038 m2 901793 -0.000425604376 0.5 p-1 -1693 6
525 1039 m2 901821 -0.00118280202 0.5 p-1 -2202747 539
846 1040 m2 901925 5.07617842e-05 0.5 p-1 -840795 104
847 1041 m2 902937 2.04884163e-05 0.5 p-1 -1518103 49
989 1042 m2 903641 -0.0587890856 0.5 p-1 -571872 7
594 1043 m2 905752 -0.00953845773 0.5 p-1 -330937 13
654 1044 m2 906311 0.00316715264 0.5 p-1 -590806 40
766 1045 m2 906910 0.0143049443 0.5 p-1 -261889 18
699 1046 m2 907342 0.0273111593 0.5 p-1 -3718258 31
1053 1047 m2 907916 -0.0039610751 0.5 p-1 -23198 9
443 1048 m2 909323 0.00734009081 0.5 p-1 -2666804 306
509 1049 m2 910288 -0.00107680715 0.5 p-1 -4045463 177
1015 1050 m2 910791 -0.0151793044 0.5 p-1 -88478 47
741 1055 m2 914901 3.79111516e-05 0.5 p-1 -356787 84
252 1057 m2 917256 4.06106454e-10 0.5 p-1 -1820216 508
464 1058 m2 918487 0.0622220561 0.5 p-1 -2621970 773
793 1059 m2 919364 -0.000735897629 0.5 p-1 -220214 99
1137 1060 m2 919378 0.00376717281 0.5 p-1 -16912 7
648 1062 m2 923117 -0.00143053068 0.5 p-1 -153234 19
937 1063 m2 924243 8.59698266e-05 0.5 p-1 -4787 3
1119 1064 m2 924475 -0.0158664044 0.5 p-1 -21652 17
789 1065 m2 925434 -0.00577954995 0.5 p-1 -31245 49
162 1066 m2 925771 -0.00368362572 0.5 p-1 -2747842 1543
964 1067 m2 928097 -0.000591530581 0.5 p-1 -32064 1
314 1068 m2 928795 6.61398662e-05 0.5 p-1 -69173 135
163 1069 m2 929397 -1.13774076e-05 0.5 p-1 -4090818 740
392 1070 m2 929982 -1.43613006e-05 0.5 p-1 -763455 555
915 1071 m2 930098 -1.65252766e-06 0.5 p-1 -38609 14
761 1072 m2 930157 0.000109725319 0.5 p-1 -79985 103
1274 1073 m2 931559 -0.000242598428 0.5 p-1 -778 2
941 1074 m2 933072 -0.00709150778 0.5 p-1 -1644 4
655 1076 m2 933972 0.00578105962 0.5 p-1 -57091 70
315 1077 m2 934111 0.0100622158 0.5 p-1 -94892 157
1090 1078 m2 934858 0.0102004465 0.5 p-1 -7603 15
1089 1079 m2 936185 0.00437719794 0.5 p-1 -91520 6
352 1081 m2 936510 4.60011188e-06 0.5 p-1 -3974991 690
164 1082 m2 937049 5.50919168e-08 0.5 p-1 -206821 325
1197 1083 m2 937821 -0.0358491763 0.5 p-1 -10959 2
165 1084 m2 937892 -0.00761142885 0.5 p-1 -273653 304
841 1085 m2 938682 0.000582606415 0.5 p-1 -1500402 54
894 1086 m2 939398 0.0127086444 0.5 p-1 -15820 11
253 1087 m2 939929 -0.0420485772 0.5 p-1 -5227381 1497
353 1088 m2 941115 -0.00836205855 0.5 p-1 -9071858 997
465 1090 m2 941839 -0.0453147776 0.5 p-1 -2098649 425
526 1091 m2 943038 0.0122650554 0.5 p-1 -2801915 150
1192 1092 m2 944768 -0.00316486694 0.5 p-1 -900 3
618 1093 m2 944797 0.00613810588 0.5 p-1 -558475 157
632 1094 m2 944937 -0.0138354972 0.5 p-1 -422491 98
255 1095 m2 945493 0.0109457402 0.5 p-1 -6871878 1461
316 1096 m2 948102 -3.10095093e-05 0.5 p-1 -10168362 556
317 1097 m2 948144 0.033706408 0.5 p-1 -1761919 968
963 1098 m2 948391 0.000117816584 0.5 p-1 -1113 4
942 1103 m2 953792 -0.0404848494 0.5 p-1 -731988 71
354 1104 m2 954219 -0.00168953848 0.5 p-1 -3767953 496
1309 1105 m2 954419 2.36761821e-06 0.5 p-1 -427 1
467 1106 m2 955674 0.000453555374 0.5 p-1 -1491555 647
1056 1107 m2 956615 0.0489348471 0.5 p-1 -10603 3
258 1108 m2 957326 0.00167223916 0.5 p-1 -1543740 563
656 1109 m2 958900 -0.024868127 0.5 p-1 -617360 20
595 1110 m2 960418 -1.36773197e-05 0.5 p-1 -12697 7
665 1112 m2 960881 -0.00773438253 0.5 p-1 -554040 219
1317 1113 m2 961972 2.53393828e-05 0.5 p-1 -6812 1
980 1114 m2 963143 -0.00785879232 0.5 p-1 -36476 27
259 1116 m2 964137 -0.00532088615 0.5 p-1 -1390728 922
356 1117 m2 964224 8.82972836e-06 0.5 p-1 -7455428 843
260 1118 m2 964745 -9.1815331e-05 0.5 p-1 -916100 1063
357 1119 m2 965078 -8.21047288e-05 0.5 p-1 -295752 55
969 1120 m2 968174 0.00832400564 0.5 p-1 -2176531 9
612 1121 m2 968850 -0.000163212506 0.5 p-1 -2531945 290
852 1122 m2 969270 0.00480549224 0.5 p-1 -100887 56
1182 1123 m2 969829 -0.000694201095 0.5 p-1 -3531 1
468 1126 m2 972723 0.000284339272 0.5 p-1 -357633 381
1123 1127 m2 972887 0.00014977112 0.5 p-1 -45980 3
895 1128 m2 972892 0.00439914735 0.5 p-1 -58081 18
1297 1130 m2 974680 0.000811879348 0.5 p-1 -7882 2
358 1131 m2 974815 0.000179190072 0.5 p-1 -1368962 558
1217 1132 m2 975568 0.010591968 0.5 p-1 -3965 1
713 1133 m2 975655 0.0132252797 0.5 p-1 -634361 10
613 1136 m2 976616 0.0232259892 0.5 p-1 -94790 35
527 1138 m2 979917 -0.000175879133 0.5 p-1 -2736648 155
814 1139 m2 980310 2.00800041e-05 0.5 p-1 -13388 8
806 1140 m2 980319 -0.00743987784 0.5 p-1 -527353 21
1198 1141 m2 980442 0.00504422793 0.5 p-1 -37170 6
873 1142 m2 981402 -0.00306939939 0.5 p-1 -75205 29
1097 1143 m2 983997 -0.00484688533 0.5 p-1 -227711 11
1233 1144 m2 984379 -5.99015839e-05 0.5 p-1 -3240 1
1099 1145 m2 985172 0.000598137034 0.5 p-1 -13282 4
538 1146 m2 986208 0.000558096217 0.5 p-1 -230191 57
539 1147 m2 987314 0.000664506166 0.5 p-1 -406371 80
359 1148 m2 988030 -0.0126537671 0.5 p-1 -1711046 283
169 1149 m2 990081 -0.00068509212 0.5 p-1 -3524502 1911
261 1152 m2 993202 5.0205781e-06 0.5 p-1 -15210 17
170 1153 m2 994194 0.00206486951 0.5 p-1 -1456663 394
171 1155 m2 996302 0.0138524361 0.5 p-1 -8512953 1555
596 1159 m2 997207 0.00836859737 0.5 p-1 -443399 141
767 1160 m2 998307 5.97161352e-06 0.5 p-1 -5228 6
262 1161 m2 998616 -0.000144171383 0.5 p-1 -1299937 946
1219 1163 m2 433269 -7.28323698e-07 0.5 p0 2 1
1374 1165 m2 854329 0.00547618698 0.5 p0 2 1
1218 1169 m2 306540 0.00342487288 0.5 p0 2 2
1036 1170 m2 667093 -0.000217016102 0.5 p0 2 1
1239 1172 m2 698906 -0.00490585249 0.5 p0 2 2
1271 1174 m2 981142 0.00790552981 0.5 p0 2 1
1243 1176 m2 212543 0.022539217 0.5 p0 2 1
1270 1177 m2 601069 0.000238317414 0.5 p0 2 1
1392 1178 m2 353694 -0.00113540736 0.5 p0 2 2
1282 1179 m2 338389 0.0111793652 0.5 p0 2 1
1237 1184 m2 630468 -0.0053576529 0.5 p0 2 1
924 1186 m2 933169 -0.000295536011 0.5 p0 2 1
1281 1187 m2 521955 -0.00665939832 0.5 p0 2 2
1337 1189 m2 399222 -0.000105182233 0.5 p0 2 1
1143 1191 m2 52080 -0.0044522644 0.5 p0 2 1
973 1192 m2 354542 0.000121944016 0.5 p0 2 1
1292 1193 m2 641172 -0.00179096055 0.5 p0 2 1
1058 1194 m2 104804 -0.0317847058 0.5 p0 2 2
1228 1195 m2 558928 0.00456526037 0.5 p0 2 2
1216 1196 m2 53020 0.000449926913 0.5 p0 2 1
1266 1199 m2 228806 0.0100389253 0.5 p0 2 2
6 1201 m2 55035 -0.00306338421 0.5 p0 2 2
1178 1202 m2 10218 0.00932980794 0.5 p0 2 3
1052 1203 m2 926582 1.28100623e-07 0.5 p0 2 1
1254 1205 m2 275672 0.000786752731 0.5 p0 2 2
580 1209 m2 257248 -0.0574623793 0.5 p0 2 2
1379 1210 m2 988715 -8.04479726e-07 0.5 p0 2 1
865 1213 m2 266360 -0.0101166498 0.5 p0 2 2
1215 1215 m2 406215 -0.0253314786 0.5 p0 2 2
1356 1216 m2 632076 1.98824591e-06 0.5 p0 2 1
1247 1217 m2 136983 3.68505971e-05 0.5 p0 2 2
1118 1220 m2 279975 0.0432487987 0.5 p0 2 3
1256 1221 m2 391562 0.000204454671 0.5 p0 2 1
622 1223 m2 157752 -0.0192878544 0.5 p0 2 2
832 1227 m2 209929 1.06927223e-06 0.5 p0 2 1
1395 1228 m2 936071 0.00282018981 0.5 p0 2 1
1189 1230 m2 777150 -0.000661395141 0.5 p0 2 3
1168 1233 m2 969794 -0.00893583428 0.5 p0 2 3
1406 1235 m2 328245 -0.000141379918 0.5 p0 2 1
1339 1236 m2 305221 0.000944147992 0.5 p0 2 1
1394 1238 m2 144756 -0.00076957047 0.5 p0 2 1
1288 1239 m2 278041 0.000716219423 0.5 p0 2 1
1393 1243 m2 855790 -0.0746663958 0.5 p0 2 1
1101 1244 m2 129832 -0.000162919081 0.5 p0 2 3
1093 1246 m2 826324 -0.0472915806 0.5 p0 2 3
1397 1247 m2 899905 -0.0137348091 0.5 p0 2 1
321 1249 m2 48828 0.00150418282 0.5 p0 2 1
746 1251 m2 245156 -1.28552247e-05 0.5 p0 2 2
1204 1253 m2 448921 2.87607254e-05 0.5 p0 2 3
1332 1254 m2 894482 0.000877184561 0.5 p0 2 2
1148 1258 m2 966978 0.00191560562 0.5 p0 2 1
1080 1259 m2 531180 0.00307201431 0.5 p0 2 2
1158 1260 m2 780992 -0.0101686651 0.5 p0 2 1
1327 1262 m2 505837 -0.00510495063 0.5 p0 2 2
1105 1263 m2 960416 0.00485610776 0.5 p0 2 3
1326 1264 m2 124098 -0.00025686025 0.5 p0 2 1
1330 1265 m2 398444 0.000553126214 0.5 p0 2 1
1298 1266 m2 308114 1.29673978e-07 0.5 p0 2 2
1299 1267 m2 327079 0.00497638248 0.5 p0 2 2
1190 1268 m2 380018 0.0401450023 0.5 p0 2 1
1231 1269 m2 399934 0.00557931745 0.5 p0 2 4
1232 1270 m2 765719 -2.44046401e-08 0.5 p0 2 6
649 1271 m2 950906 0.000206982528 0.5 p0 2 3
650 1272 m2 985901 0.00418542465 0.5 p0 2 3
1166 1273 m2 300075 0.00149474503 0.5 p0 2 1
1257 1274 m2 558678 0.00520783802 0.5 p0 2 1
1205 1275 m2 828620 -0.00131523574 0.5 p0 2 2
1357 1276 m2 768221 0.000428769825 0.5 p0 2 2
1399 1278 m2 170597 0.000410000939 0.5 p0 2 1
1112 1279 m2 270658 2.96062876e-06 0.5 p0 2 2
1261 1280 m2 189939 -0.00132701139 0.5 p0 2 1
764 1284 m2 740443 -0.00356845907 0.5 p0 2 4
1212 1285 m2 894689 0.00568169542 0.5 p0 2 1
815 1286 m2 162465 -0.0119590433 0.5 p0 2 2
1355 1287 m2 899638 0.0482405089 0.5 p0 2 1
1135 1289 m2 718262 -4.64846899e-08 0.5 p0 2 3
1405 1290 m2 166148 -0.00559683982 0.5 p0 2 1
1363 1291 m2 237293 -0.00845606904 0.5 p0 2 2
1364 1292 m2 445601 -6.41983133e-05 0.5 p0 2 2
1388 1294 m2 356116 -0.00142752775 0.5 p0 2 1
1389 1295 m2 571040 0.0242468324 0.5 p0 2 1
1305 1296 m2 207689 0.0176453665 0.5 p0 2 1
1211 1298 m2 465898 0.0170699768 0.5 p0 2 1
992 1301 m2 23377 5.99858977e-05 0.5 p0 2 1
1107 1304 m2 639454 -0.00160526682 0.5 p0 2 2
1201 1307 m2 148444 0.00329281436 0.5 p0 2 1
1368 1308 m2 570197 0.0245042481 0.5 p0 2 1
855 1310 m2 602451 0.00396580575 0.5 p0 2 3
1070 1311 m2 510584 -0.012024425 0.5 p0 2 1
957 1312 m2 222616 -1.41675664e-05 0.5 p0 2 3
1304 1313 m2 391114 -0.000354331685 0.5 p0 2 2
1329 1314 m2 89851 -0.000344800996 0.5 p0 2 1
1306 1315 m2 104615 0.0107147936 0.5 p0 2 1
1380 1316 m2 839930 0.0180065073 0.5 p0 2 2
1278 1317 m2 783722 0.0055243955 0.5 p0 2 2
1378 1319 m2 639353 -5.13891246e-05 0.5 p0 2 1
906 1321 m2 464880 0.00293587125 0.5 p0 2 2
1300 1323 m2 153774 9.90723565e-05 0.5 p0 2 2
1165 1325 m2 374510 2.54781953e-05 0.5 p0 2 1
737 1326 m2 201227 -0.00785300788 0.5 p0 2 5
1068 1328 m2 897228 -0.00519251171 0.5 p0 2 1
1258 1329 m2 33131 0.000710298715 0.5 p0 2 2
611 1331 m2 950027 0.00205180258 0.5 p0 2 2
1381 1332 m2 738673 0.000442302757 0.5 p0 2 1
1316 1333 m2 84665 -0.000459781295 0.5 p0 2 1
988 1334 m2 455110 -6.59677141e-07 0.5 p0 2 5
1400 1335 m2 331403 0.0228478778 0.5 p0 2 1
1275 1337 m2 109081 0.0109832296 0.5 p0 2 2
1276 1338 m2 692303 -2.33840456e-06 0.5 p0 2 1
1225 1339 m2 206948 6.99724478e-05 0.5 p0 2 3
726 1342 m2 22686 -0.000126557687 0.5 p0 2 2
1234 1343 m2 853125 1.79656013e-06 0.5 p0 2 1
1343 1345 m2 947844 -0.000356477249 0.5 p0 2 1
893 1346 m2 374723 1.25300767e-05 0.5 p0 2 2
1403 1347 m2 156091 -0.000898437575 0.5 p0 2 1
1404 1348 m2 239240 -7.82106217e-05 0.5 p0 2 1
1170 1352 m2 179252 -0.0429973342 0.5 p0 2 2
1171 1353 m2 221652 1.23709715e-05 0.5 p0 2 2
1163 1354 m2 302505 -0.000223640964 0.5 p0 2 4
1370 1355 m2 942470 0.000133792098 0.5 p0 2 1
1307 1356 m2 524951 -0.00182066276 0.5 p0 2 1
1200 1357 m2 193732 1.81479919e-07 0.5 p0 2 2
1353 1358 m2 329284 -0.00152634492 0.5 p0 2 1
985 1359 m2 304624 0.0177813116 0.5 p0 2 1
1386 1361 m2 893978 -0.0112570683 0.5 p0 2 2
1191 1363 m2 150833 -1.29905529e-05 0.5 p0 2 1
694 1364 m2 21010 -0.0282509867 0.5 p0 2 2
1361 1366 m2 915223 -0.00779839046 0.5 p0 2 1
1246 1368 m2 149361 0.00558293145 0.5 p0 2 1
1312 1370 m2 181408 -0.000847385614 0.5 p0 2 4
1358 1374 m2 174433 4.78521815e-06 0.5 p0 2 1
1359 1375 m2 497410 0.0163904 0.5 p0 2 2
1360 1376 m2 645365 0.00339344004 0.5 p0 2 1
1320 1377 m2 241819 -3.01716409e-06 0.5 p0 2 1
1390 1378 m2 720984 -0.00365351536 0.5 p0 2 1
1369 1379 m2 584790 -0.00396385603 0.5 p0 2 1
1187 1380 m2 954347 0.000390510977 0.5 p0 2 1
1336 1381 m2 205765 0.00427060015 0.5 p0 2 1
897 1383 m2 601432 -0.00521010067 0.5 p0 2 2
1157 1384 m2 572913 0.000500177033 0.5 p0 2 3
1007 1385 m2 240646 5.18867309e-05 0.5 p0 2 1
1291 1386 m2 906973 -0.00712639466 0.5 p0 2 2
1290 1387 m2 282443 -0.00014569104 0.5 p0 2 2
1286 1388 m2 189377 -0.00766212912 0.5 p0 2 1
1145 1391 m2 585873 -3.63114395e-06 0.5 p0 2 1
1382 1392 m2 512853 -0.000100244506 0.5 p0 2 1
1128 1395 m2 590880 -0.00161794166 0.5 p0 2 1
1366 1398 m2 822044 -0.000211106177 0.5 p0 2 2
1347 1399 m2 475765 -0.00050748681 0.5 p0 2 2
1325 1402 m2 729203 0.000853334845 0.5 p0 2 1
879 1404 m2 457288 1.29092787e-05 0.5 p0 2 1
1323 1406 m2 355497 -0.0338529274 0.5 p0 2 1
1272 1407 m2 130862 -5.11506587e-05 0.5 p0 2 1
1273 1408 m2 198150 -0.0140180979 0.5 p0 2 1
1185 1410 m2 536159 0.0201557055 0.5 p0 2 2
1264 1411 m2 684130 -0.00117978489 0.5 p0 2 1
1311 1412 m2 992324 -0.0124349091 0.5 p0 2 2
1172 1413 m2 791651 -0.000543431845 0.5 p0 2 2
1159 1414 m2 828953 -0.00210963725 0.5 p0 2 2
1209 1415 m2 649825 -0.0023717375 0.5 p0 2 1
1193 1417 m2 289276 -0.0254835151 0.5 p0 2 1
1194 1418 m2 324071 -5.22395567e-05 0.5 p0 2 1
1283 1422 m2 986507 -0.00231795548 0.5 p0 2 1
1310 1423 m2 280978 -9.9250492e-06 0.5 p0 2 1
1060 1424 m2 46231 3.28088532e-07 0.5 p0 2 1
1142 1425 m2 779600 -0.00290710083 0.5 p0 2 1
1092 1428 m2 96272 -0.0296568368 0.5 p0 2 2
1046 1430 m1 175 -0 0.5 p-1 -150443 15
952 1431 m1 3977 -0 0.5 p-1 -30517 14
859 1432 m1 4679 0 0.5 p-1 -111225 18
395 1433 m1 8471 0 0.5 p-1 -2830290 279
848 1434 m1 11796 -0 0.5 p-1 -22025 48
619 1435 m1 13252 -0 0.5 p-1 -1625575 66
633 1436 m1 14234 -0 0.5 p-1 -529409 47
1 1438 m1 23550 -0 0.5 p-1 -417599 159
790 1439 m1 26637 -0 0.5 p-1 -310128 75
860 1440 m1 39631 0 0.5 p-1 -70943 62
1240 1442 m1 49379 0 0.5 p-1 -9920 3
268 1443 m1 55557 -0 0.5 p-1 -1093766 448
1124 1444 m1 55910 0 0.5 p-1 -38157 5
175 1445 m1 61393 -0 0.5 p-1 -785660 355
548 1447 m1 70163 -0 0.5 p-1 -286260 112
597 1448 m1 72004 -0 0.5 p-1 -5324 7
424 1449 m1 72241 0 0.5 p-1 -788384 153
1129 1453 m1 80867 -0 0.5 p-1 -9685 8
916 1454 m1 83283 -0 0.5 p-1 -108707 6
590 1455 m1 83873 -0 0.5 p-1 -1654255 432
271 1456 m1 98939 -0 0.5 p-1 -200445 36
17 1458 m1 107069 -0 0.5 p-1 -4452592 956
1078 1459 m1 109413 -0 0.5 p-1 -733248 15
914 1460 m1 109498 0 0.5 p-1 -7444 2
1252 1461 m1 110115 -0 0.5 p-1 -77968 7
1373 1462 m1 112459 0 0.5 p-1 -5740 1
549 1463 m1 112846 0 0.5 p-1 -262120 46
427 1464 m1 114536 -0 0.5 p-1 -6136354 313
179 1465 m1 120336 -0 0.5 p-1 -1765384 1779
20 1467 m1 129957 -0 0.5 p-1 -2672863 1269
428 1469 m1 139304 0 0.5 p-1 -4441159 730
1079 1470 m1 142825 0 0.5 p-1 -11363 2
1024 1471 m1 150779 -0 0.5 p-1 -30858 12
874 1472 m1 154451 -0 0.5 p-1 -22342 12
579 1473 m1 155304 0 0.5 p-1 -51695 35
184 1474 m1 157832 0 0.5 p-1 -490465 67
933 1475 m1 163688 -0 0.5 p-1 -6916 3
591 1476 m1 163738 -0 0.5 p-1 -537591 204
1303 1478 m1 168744 -0 0.5 p-1 -13061 3
1245 1479 m1 170090 0 0.5 p-1 -23084 2
1141 1480 m1 170279 -0 0.5 p-1 -5197 4
728 1481 m1 172932 0 0.5 p-1 -603072 42
729 1482 m1 174087 -0 0.5 p-1 -451344 51
719 1483 m1 176882 0 0.5 p-1 -3739011 95
472 1484 m1 177231 0 0.5 p-1 -453736 307
28 1485 m1 178621 -0 0.5 p-1 -2570274 225
1094 1486 m1 179328 0 0.5 p-1 -5651 4
367 1488 m1 180011 -0 0.5 p-1 -195460 50
188 1489 m1 183847 -0 0.5 p-1 -6953323 889
885 1490 m1 184531 0 0.5 p-1 -270602 25
798 1491 m1 186895 0 0.5 p-1 -9623 2
1088 1492 m1 199043 -0 0.5 p-1 -971 3
592 1493 m1 203146 -0 0.5 p-1 -49804 16
1221 1494 m1 207826 0 0.5 p-1 -11861 2
326 1495 m1 210250 -0 0.5 p-1 -17006 3
430 1496 m1 212534 0 0.5 p-1 -2218561 906
190 1497 m1 215456 -0 0.5 p-1 -2604915 538
1224 1498 m1 215790 -0 0.5 p-1 -189220 4
1138 1499 m1 216123 -0 0.5 p-1 -185486 12
34 1500 m1 218565 -0 0.5 p-1 -2665914 294
867 1502 m1 223427 -0 0.5 p-1 -27214 17
898 1503 m1 235626 0 0.5 p-1 -230840 32
652 1504 m1 235941 0 0.5 p-1 -252506 67
658 1505 m1 237391 -0 0.5 p-1 -30925 18
531 1506 m1 243035 -0 0.5 p-1 -494428 136
1072 1507 m1 252741 0 0.5 p-1 -10193 13
39 1508 m1 253302 0 0.5 p-1 -212947 198
1075 1509 m1 258385 0 0.5 p-1 -9028 11
1139 1510 m1 258873 0 0.5 p-1 -3760 3
273 1511 m1 261437 0 0.5 p-1 -422472 429
42 1512 m1 268708 0 0.5 p-1 -7619382 1617
43 1513 m1 268934 -0 0.5 p-1 -2844731 1143
44 1514 m1 271081 -0 0.5 p-1 -898680 451
1062 1516 m1 273382 -0 0.5 p-1 -46411 17
541 1517 m1 275477 -0 0.5 p-1 -2918539 78
45 1518 m1 277265 -0 0.5 p-1 -1042943 562
432 1519 m1 281277 -0 0.5 p-1 -116066 74
638 1520 m1 285379 -0 0.5 p-1 -232378 99
730 1521 m1 285451 -0 0.5 p-1 -11424 7
639 1522 m1 290171 -0 0.5 p-1 -12838 8
1181 1523 m1 291371 0 0.5 p-1 -170883 2
329 1524 m1 293455 -0 0.5 p-1 -91081 61
863 1525 m1 295827 0 0.5 p-1 -2353 6
674 1526 m1 299321 0 0.5 p-1 -21616 16
953 1527 m1 308050 -0 0.5 p-1 -583 7
402 1529 m1 313209 0 0.5 p-1 -543083 178
1076 1530 m1 319303 -0 0.5 p-1 -8322 2
1220 1531 m1 320047 -0 0.5 p-1 -6241 2
714 1532 m1 325057 0 0.5 p-1 -683594 81
675 1533 m1 325825 0 0.5 p-1 -252884 42
853 1535 m1 334856 0 0.5 p-1 -90237 51
762 1536 m1 336788 -0 0.5 p-1 -288245 116
55 1537 m1 336846 -0 0.5 p-1 -2879826 981
759 1539 m1 342054 0 0.5 p-1 -67027 77
276 1540 m1 344496 0 0.5 p-1 -3099153 140
59 1541 m1 345523 -0 0.5 p-1 -722493 121
332 1542 m1 349216 -0 0.5 p-1 -3358986 228
1063 1543 m1 349847 -0 0.5 p-1 -4607 4
202 1544 m1 350866 -0 0.5 p-1 -5420168 941
203 1547 m1 362086 0 0.5 p-1 -3490157 426
715 1550 m1 370646 -0 0.5 p-1 -90906 42
1091 1551 m1 373924 -0 0.5 p-1 -75083 15
448 1553 m1 374775 0 0.5 p-1 -1036954 56
407 1554 m1 376014 0 0.5 p-1 -234500 196
640 1555 m1 376203 0 0.5 p-1 -69885 69
870 1556 m1 376452 -0 0.5 p-1 -16271 9
490 1557 m1 377665 -0 0.5 p-1 -7586039 342
997 1558 m1 379706 -0 0.5 p-1 -6931 3
1085 1559 m1 380303 -0 0.5 p-1 -7015 5
1169 1560 m1 381209 -0 0.5 p-1 -5063 8
65 1561 m1 382234 0 0.5 p-1 -626841 377
1132 1562 m1 383585 0 0.5 p-1 -7679 3
983 1563 m1 386225 0 0.5 p-1 -326519 4
66 1565 m1 390376 0 0.5 p-1 -6986964 1007
991 1566 m1 392090 -0 0.5 p-1 -280155 20
1023 1567 m1 393293 -0 0.5 p-1 -9965 4
881 1568 m1 397202 0 0.5 p-1 -298490 98
68 1570 m1 403173 0 0.5 p-1 -5985637 969
206 1571 m1 404341 -0 0.5 p-1 -595373 468
974 1572 m1 405170 -0 0.5 p-1 -17017 10
449 1573 m1 415985 0 0.5 p-1 -353181 202
1362 1574 m1 421796 0 0.5 p-1 -3380 1
73 1575 m1 422208 -0 0.5 p-1 -1263120 894
283 1576 m1 424214 0 0.5 p-1 -2178669 361
534 1578 m1 429648 -0 0.5 p-1 -48124 13
75 1579 m1 429665 -0 0.5 p-1 -2617437 1185
785 1580 m1 430065 -0 0.5 p-1 -43035 1
1021 1581 m1 438823 0 0.5 p-1 -4269 3
78 1582 m1 448142 -0 0.5 p-1 -1830369 462
731 1583 m1 449610 0 0.5 p-1 -5068289 82
1155 1585 m1 452693 -0 0.5 p-1 -62368 14
779 1586 m1 457460 -0 0.5 p-1 -195409 74
372 1587 m1 460666 0 0.5 p-1 -512353 211
994 1588 m1 464661 -0 0.5 p-1 -78237 54
373 1590 m1 466537 -0 0.5 p-1 -3821472 1047
959 1591 m1 469736 -0 0.5 p-1 -72985 11
780 1592 m1 473275 0 0.5 p-1 -20991 27
1251 1594 m1 480079 -0 0.5 p-1 -351329 2
86 1597 m1 485316 -0 0.5 p-1 -3309379 1379
1348 1598 m1 490492 -0 0.5 p-1 -1463 2
87 1599 m1 490567 0 0.5 p-1 -613830 176
1121 1600 m1 494686 0 0.5 p-1 -190719 8
1321 1601 m1 499502 -0 0.5 p-1 -88777 4
1183 1602 m1 502790 -0 0.5 p-1 -4863 4
1074 1603 m1 502925 0 0.5 p-1 -48293 14
338 1604 m1 506210 -0 0.5 p-1 -6195934 1450
91 1605 m1 506426 -0 0.5 p-1 -1520200 277
92 1607 m1 507035 0 0.5 p-1 -1702657 1540
375 1608 m1 508825 -0 0.5 p-1 -2361778 617
93 1609 m1 511629 0 0.5 p-1 -1767075 119
208 1610 m1 515583 0 0.5 p-1 -50524 113
584 1611 m1 515993 -0 0.5 p-1 -675516 174
1044 1612 m1 518661 0 0.5 p-1 -5743 4
209 1613 m1 519842 -0 0.5 p-1 -1640081 463
292 1615 m1 521344 0 0.5 p-1 -131829 252
1031 1617 m1 523879 0 0.5 p-1 -76128 37
545 1618 m1 527042 -0 0.5 p-1 -57102 11
515 1619 m1 531517 0 0.5 p-1 -174764 224
819 1620 m1 532475 0 0.5 p-1 -484743 64
1020 1621 m1 533442 -0 0.5 p-1 -472557 30
946 1622 m1 533894 0 0.5 p-1 -302009 3
1341 1623 m1 539869 0 0.5 p-1 -6577 1
927 1624 m1 542048 0 0.5 p-1 -2338 3
98 1625 m1 543616 -0 0.5 p-1 -2664653 359
833 1626 m1 549507 -0 0.5 p-1 -13036 2
1122 1630 m1 567875 -0 0.5 p-1 -29492 2
1161 1631 m1 569611 0 0.5 p-1 -2965 1
626 1632 m1 570436 0 0.5 p-1 -165129 24
379 1633 m1 570532 -0 0.5 p-1 -3309464 747
1253 1636 m1 579704 0 0.5 p-1 -2821 3
213 1637 m1 582265 -0 0.5 p-1 -2111911 1656
1241 1638 m1 582789 -0 0.5 p-1 -10675 4
437 1641 m1 594271 -0 0.5 p-1 -30931 3
546 1643 m1 600265 -0 0.5 p-1 -152451 35
108 1645 m1 602736 0 0.5 p-1 -3498417 1378
600 1646 m1 609373 -0 0.5 p-1 -200544 40
574 1647 m1 613147 0 0.5 p-1 -855208 379
1331 1648 m1 613705 -0 0.5 p-1 -5209 3
219 1649 m1 614388 0 0.5 p-1 -9563876 1209
839 1651 m1 617096 0 0.5 p-1 -155677 19
297 1652 m1 618539 0 0.5 p-1 -408645 417
381 1653 m1 631086 0 0.5 p-1 -135257 83
629 1654 m1 633969 -0 0.5 p-1 -29900 2
113 1655 m1 635249 0 0.5 p-1 -7017326 291
298 1656 m1 636456 0 0.5 p-1 -3031527 95
782 1658 m1 647718 0 0.5 p-1 -6173 2
1263 1661 m1 660194 -0 0.5 p-1 -36561 7
417 1664 m1 670128 0 0.5 p-1 -685934 469
453 1665 m1 670337 -0 0.5 p-1 -2001896 274
120 1666 m1 672473 0 0.5 p-1 -4292679 1383
948 1667 m1 675189 -0 0.5 p-1 -26297 4
1186 1668 m1 675294 0 0.5 p-1 -972 3
748 1669 m1 676064 -0 0.5 p-1 -186281 33
772 1670 m1 678958 -0 0.5 p-1 -657726 33
121 1672 m1 685415 -0 0.5 p-1 -3285632 1453
732 1673 m1 690440 0 0.5 p-1 -1612932 19
808 1674 m1 691120 0 0.5 p-1 -264811 67
122 1675 m1 691286 0 0.5 p-1 -2638778 112
1087 1676 m1 692420 -0 0.5 p-1 -6353 1
889 1677 m1 697023 -0 0.5 p-1 -35077 9
993 1678 m1 700316 0 0.5 p-1 -57859 22
228 1679 m1 702126 0 0.5 p-1 -11501022 818
520 1681 m1 704615 -0 0.5 p-1 -443231 89
845 1682 m1 705020 0 0.5 p-1 -8151 8
926 1683 m1 709511 0 0.5 p-1 -309821 16
680 1685 m1 715037 -0 0.5 p-1 -9479 11
348 1686 m1 720716 0 0.5 p-1 -309836 117
1041 1688 m1 721411 0 0.5 p-1 -414138 10
230 1689 m1 722975 -0 0.5 p-1 -5012685 1591
507 1690 m1 728853 -0 0.5 p-1 -40481 10
305 1691 m1 729343 -0 0.5 p-1 -1238007 339
127 1692 m1 733145 -0 0.5 p-1 -2762353 1580
1002 1693 m1 733223 -0 0.5 p-1 -201398 43
913 1694 m1 733358 -0 0.5 p-1 -46846 17
556 1695 m1 734395 0 0.5 p-1 -1719504 279
306 1696 m1 736229 -0 0.5 p-1 -3333444 883
1038 1697 m1 737042 -0 0.5 p-1 -18929 15
232 1698 m1 737368 0 0.5 p-1 -1883809 183
967 1699 m1 748356 0 0.5 p-1 -2604 1
1004 1700 m1 750063 0 0.5 p-1 -10056 18
439 1701 m1 754755 0 0.5 p-1 -868664 383
234 1702 m1 755472 -0 0.5 p-1 -8298517 1474
842 1704 m1 761876 0 0.5 p-1 -11745 14
716 1706 m1 765927 -0 0.5 p-1 -220598 123
132 1707 m1 773978 0 0.5 p-1 -366092 65
137 1710 m1 790796 0 0.5 p-1 -857132 102
559 1711 m1 793647 -0 0.5 p-1 -365084 75
138 1712 m1 798370 0 0.5 p-1 -6353124 1936
522 1713 m1 798736 -0 0.5 p-1 -1301718 202
792 1714 m1 800095 -0 0.5 p-1 -65435 19
827 1715 m1 802479 0 0.5 p-1 -121538 48
909 1717 m1 804977 -0 0.5 p-1 -40985 3
139 1718 m1 807007 0 0.5 p-1 -1666212 333
961 1719 m1 809615 -0 0.5 p-1 -9010 11
140 1720 m1 810574 0 0.5 p-1 -3506709 1929
308 1722 m1 820241 0 0.5 p-1 -4606085 811
243 1723 m1 825966 0 0.5 p-1 -1301256 1502
351 1725 m1 827053 -0 0.5 p-1 -34716 32
560 1726 m1 828560 0 0.5 p-1 -153346 56
458 1727 m1 833887 0 0.5 p-1 -1586341 110
664 1728 m1 839594 0 0.5 p-1 -109142 108
481 1729 m1 839884 -0 0.5 p-1 -1001051 86
875 1730 m1 843941 0 0.5 p-1 -37110 20
459 1731 m1 845487 0 0.5 p-1 -84013 97
149 1732 m1 847167 0 0.5 p-1 -1700616 376
1160 1733 m1 859883 -0 0.5 p-1 -12765 5
1349 1735 m1 862217 0 0.5 p-1 -11486 1
460 1736 m1 866022 -0 0.5 p-1 -1415491 139
153 1737 m1 866412 0 0.5 p-1 -2593751 423
155 1738 m1 868556 -0 0.5 p-1 -171186 30
1248 1739 m1 870933 0 0.5 p-1 -21194 2
499 1740 m1 871442 0 0.5 p-1 -408041 326
900 1741 m1 871509 -0 0.5 p-1 -61366 35
156 1742 m1 871684 -0 0.5 p-1 -5707061 1398
1195 1744 m1 876409 -0 0.5 p-1 -4739 1
1287 1745 m1 884697 0 0.5 p-1 -24551 6
617 1746 m1 885007 0 0.5 p-1 -548287 80
442 1747 m1 885494 0 0.5 p-1 -2368596 748
247 1748 m1 887778 -0 0.5 p-1 -809264 246
312 1750 m1 894765 -0 0.5 p-1 -1656755 461
1071 1751 m1 896385 -0 0.5 p-1 -21017 1
1203 1754 m1 900691 0 0.5 p-1 -71621 2
561 1755 m1 900950 0 0.5 p-1 -592069 641
161 1756 m1 904012 0 0.5 p-1 -3481125 772
718 1757 m1 906065 -0 0.5 p-1 -28690 56
313 1758 m1 911220 0 0.5 p-1 -3953460 722
483 1759 m1 911540 -0 0.5 p-1 -237599 113
1230 1760 m1 913641 -0 0.5 p-1 -26737 14
1350 1761 m1 914812 -0 0.5 p-1 -3257 1
822 1762 m1 915791 0 0.5 p-1 -29030 3
809 1763 m1 918586 -0 0.5 p-1 -600508 3
1207 1764 m1 932141 0 0.5 p-1 -4172 3
1054 1765 m1 938494 0 0.5 p-1 -1453 2
1104 1766 m1 941856 0 0.5 p-1 -16374 8
254 1767 m1 942351 0 0.5 p-1 -1411000 13
166 1768 m1 945174 0 0.5 p-1 -2100114 630
1338 1769 m1 947093 0 0.5 p-1 -220 1
588 1770 m1 948050 -0 0.5 p-1 -61732 105
466 1771 m1 948490 0 0.5 p-1 -114640 71
256 1772 m1 952792 -0 0.5 p-1 -364877 75
257 1773 m1 953715 0 0.5 p-1 -2489483 180
355 1774 m1 954876 -0 0.5 p-1 -1340255 410
601 1775 m1 957244 0 0.5 p-1 -10889 24
318 1776 m1 965541 -0 0.5 p-1 -72846 37
1345 1777 m1 968198 -0 0.5 p-1 -6544 1
167 1778 m1 979036 -0 0.5 p-1 -1518958 718
1130 1779 m1 980028 -0 0.5 p-1 -13855 6
168 1781 m1 983717 -0 0.5 p-1 -4167390 1460
393 1782 m1 991612 0 0.5 p-1 -216883 134
1222 1783 m1 993274 -0 0.5 p-1 -33577 1
394 1784 m1 995738 -0 0.5 p-1 -202073 209
1131 1785 m1 999669 0 0.5 p-1 -18158 4
