Temp_ID Permanent_ID Mutation_type Position s h Subpop Tick Number
85 0 m2 713 1.43623402e-05 0.5 p-1 -13657144 525
158 2 m2 8132 0.0235214997 0.5 p-1 -1355 7
86 3 m2 8465 -0.0250430759 0.5 p-1 -1424149 187
94 5 m2 21365 0.000484364544 0.5 p-1 -811927 477
252 6 m2 28698 0.00985505618 0.5 p-1 -24861 5
32 7 m2 32020 0.00470228912 0.5 p-1 -2954354 950
194 8 m2 37184 -0.000101362966 0.5 p-1 -78600 18
176 10 m2 40358 -0.00104247883 0.5 p-1 -57218 74
264 11 m2 40404 -0.0139630036 0.5 p-1 -5600 4
33 12 m2 44815 0.00387196895 0.5 p-1 -4543891 420
73 13 m2 50642 0.000384515704 0.5 p-1 -456205 151
181 14 m2 52767 -0.00076079421 0.5 p-1 -27629 9
146 15 m2 57963 -0.00027560434 0.5 p-1 -179097 29
132 16 m2 62999 0.0016146428 0.5 p-1 -81986 40
199 17 m2 68503 3.30000694e-06 0.5 p-1 -37519 64
82 18 m2 70071 -0.000409370841 0.5 p-1 -709489 259
191 19 m2 76161 -0.00129379611 0.5 p-1 -145880 129
74 20 m2 78431 5.81792925e-09 0.5 p-1 -4488105 805
1 21 m2 80789 -0.000765696226 0.5 p-1 -7091371 1628
192 23 m2 86371 0.000129648455 0.5 p-1 -40948 13
2 25 m2 86593 -8.11952727e-09 0.5 p-1 -7255849 446
75 26 m2 86925 7.05250557e-07 0.5 p-1 -1372737 541
165 28 m2 88440 -0.00344419153 0.5 p-1 -276940 58
198 29 m2 90652 -0.000191991247 0.5 p-1 -283779 2
3 30 m2 91203 -1.42695353e-05 0.5 p-1 -1955082 1180
160 31 m2 97484 0.0031399352 0.5 p-1 -254650 28
111 32 m2 99385 -0.00213992852 0.5 p-1 -839490 212
226 33 m2 105651 -0.00208440516 0.5 p-1 -25961 14
34 34 m2 106767 -2.55350351e-05 0.5 p-1 -8276796 348
83 36 m2 111211 -0.00228975271 0.5 p-1 -23084 22
4 37 m2 116125 3.88728004e-05 0.5 p-1 -2749344 1415
196 38 m2 118713 0.00942977332 0.5 p-1 -230778 18
101 39 m2 123782 0.00233335351 0.5 p-1 -1252301 78
156 40 m2 130415 -0.0127461804 0.5 p-1 -1390167 141
58 41 m2 130566 -0.0465993956 0.5 p-1 -8357066 1437
59 43 m2 139738 -0.000253362552 0.5 p-1 -138136 116
162 46 m2 150611 -0.0255594254 0.5 p-1 -120650 69
241 47 m2 151202 0.00435776031 0.5 p-1 -1190 5
35 48 m2 151894 -0.0452182218 0.5 p-1 -7018342 1487
60 49 m2 155667 0.072637327 0.5 p-1 -320404 254
282 50 m2 158489 0.00885007437 0.5 p-1 -1671 1
6 52 m2 173124 -5.4868093e-07 0.5 p-1 -2473983 671
137 53 m2 181345 0.0357872583 0.5 p-1 -263062 155
217 55 m2 186746 -0.0122618973 0.5 p-1 -1219960 46
151 57 m2 190280 2.61554919e-06 0.5 p-1 -296116 54
36 58 m2 197828 -0.000625849585 0.5 p-1 -288271 36
61 59 m2 202560 -0.00445068022 0.5 p-1 -428176 193
225 60 m2 206483 0.00158556749 0.5 p-1 -40617 17
189 62 m2 215889 -0.0198206659 0.5 p-1 -45489 44
37 63 m2 215930 -0.0046806531 0.5 p-1 -1179130 149
121 64 m2 224111 0.000367896107 0.5 p-1 -161111 74
9 65 m2 229786 5.00676288e-06 0.5 p-1 -1751051 1195
38 66 m2 229896 0.000437698734 0.5 p-1 -2122327 671
88 69 m2 257562 -0.00120848464 0.5 p-1 -1950903 275
206 70 m2 259384 -1.4296772e-05 0.5 p-1 -710350 53
40 71 m2 261396 -0.000249955163 0.5 p-1 -3593951 798
177 73 m2 277817 -0.00021469756 0.5 p-1 -171354 34
41 78 m2 285379 -0.0124647552 0.5 p-1 -2735047 1081
254 79 m2 288449 -0.000272306352 0.5 p-1 -7244 3
89 80 m2 289377 0.000328816357 0.5 p-1 -1209140 386
128 81 m2 291258 0.0169779547 0.5 p-1 -96870 34
95 82 m2 291616 -0.000161292031 0.5 p-1 -183558 290
11 83 m2 292340 0.00545559544 0.5 p-1 -1745265 850
76 84 m2 295084 0.0124284141 0.5 p-1 -1662628 196
12 85 m2 299357 0.00360216037 0.5 p-1 -2536732 305
77 87 m2 308658 -8.50243014e-05 0.5 p-1 -599454 339
142 89 m2 318064 -8.09747289e-05 0.5 p-1 -72599 89
183 92 m2 327489 -0.011478601 0.5 p-1 -732639 70
42 94 m2 335081 0.0564985685 0.5 p-1 -2924236 669
193 95 m2 336351 -0.00535652833 0.5 p-1 -283985 14
214 96 m2 336966 0.0145590417 0.5 p-1 -22686 25
272 97 m2 337535 0.00227151182 0.5 p-1 -51321 4
212 98 m2 338555 -0.00066146208 0.5 p-1 -23421 19
13 99 m2 340805 -0.000159097108 0.5 p-1 -4499376 1856
228 100 m2 368773 -7.34430432e-05 0.5 p-1 -13673 12
271 103 m2 372859 -7.06305436e-05 0.5 p-1 -60992 4
116 104 m2 382915 0.00550221372 0.5 p-1 -627164 522
275 106 m2 392115 -0.0007240501 0.5 p-1 -6197 1
235 109 m2 411550 -3.05111898e-05 0.5 p-1 -18918 2
14 110 m2 412496 6.39940163e-06 0.5 p-1 -3073212 993
231 111 m2 420748 -0.0130102932 0.5 p-1 -3560 2
205 112 m2 421508 0.00225476921 0.5 p-1 -76571 21
117 114 m2 424726 0.00052572228 0.5 p-1 -14716 4
224 115 m2 429048 0.011321241 0.5 p-1 -19052 7
180 116 m2 430290 -4.55412228e-05 0.5 p-1 -64809 13
15 117 m2 431058 -0.00659253541 0.5 p-1 -985695 1179
277 118 m2 432737 -0.0124002509 0.5 p-1 -43118 1
247 119 m2 439018 0.00846359227 0.5 p-1 -19688 10
213 120 m2 444894 0.00997562613 0.5 p-1 -67590 23
242 121 m2 445621 1.96008932e-06 0.5 p-1 -5939 3
240 122 m2 445988 -1.91462677e-05 0.5 p-1 -1639 2
215 123 m2 454513 1.10345177e-10 0.5 p-1 -45961 27
152 124 m2 463123 0.0076250853 0.5 p-1 -172212 61
143 125 m2 464147 0.00162510795 0.5 p-1 -114625 142
97 127 m2 465062 -1.59530956e-07 0.5 p-1 -1170367 153
98 128 m2 466685 0.00173921906 0.5 p-1 -934228 670
256 130 m2 479581 0.000823476585 0.5 p-1 -13741 7
261 131 m2 482253 -0.00175473141 0.5 p-1 -349140 2
227 133 m2 486978 0.00616700901 0.5 p-1 -4509 5
69 136 m2 500433 0.0130614927 0.5 p-1 -1573119 1078
169 138 m2 509446 0.0539103337 0.5 p-1 -66498 17
44 139 m2 509762 0.00713638728 0.5 p-1 -4627868 1406
45 140 m2 510329 0.00472379569 0.5 p-1 -658581 1083
250 142 m2 513124 -0.000699312193 0.5 p-1 -23209 6
70 145 m2 531478 -0.00019212428 0.5 p-1 -263961 190
102 147 m2 542546 -0.0149802379 0.5 p-1 -304158 287
78 148 m2 548406 -0.00285322592 0.5 p-1 -177166 13
218 149 m2 550568 -2.18664931e-09 0.5 p-1 -100564 5
170 151 m2 558348 -0.00297386991 0.5 p-1 -46541 30
126 153 m2 570096 -0.00778203271 0.5 p-1 -40383 7
17 154 m2 570805 -0.00673955958 0.5 p-1 -3737608 1920
202 159 m2 578910 -0.00908809807 0.5 p-1 -60381 12
103 160 m2 581772 -0.0130334683 0.5 p-1 -58009 35
90 162 m2 597940 -0.0197650529 0.5 p-1 -3816979 969
114 164 m2 605024 -0.000269037468 0.5 p-1 -1688087 525
172 165 m2 607510 -0.00801461935 0.5 p-1 -27840 27
71 167 m2 616458 -0.00156679132 0.5 p-1 -42223 10
204 169 m2 618911 0.000186483012 0.5 p-1 -72592 8
107 171 m2 624882 -0.00366866449 0.5 p-1 -64953 24
47 175 m2 635339 -4.1748458e-06 0.5 p-1 -2341061 1194
159 178 m2 648375 -0.0529712252 0.5 p-1 -10141 6
258 180 m2 655873 0.00195011334 0.5 p-1 -3522 1
268 181 m2 659639 -0.00167007546 0.5 p-1 -1007 5
219 182 m2 662910 -0.0463176928 0.5 p-1 -2621 22
91 183 m2 664413 -0.00359740108 0.5 p-1 -382449 91
273 184 m2 664824 -0.000853701669 0.5 p-1 -22116 2
129 185 m2 671123 -0.00347387465 0.5 p-1 -900122 157
92 186 m2 684723 0.0074491105 0.5 p-1 -1476932 674
135 187 m2 685612 0.0168714207 0.5 p-1 -241441 157
207 188 m2 686715 0.00271209306 0.5 p-1 -307441 33
145 189 m2 689018 0.0172077958 0.5 p-1 -1346700 127
276 190 m2 693611 0.00225809612 0.5 p-1 -12914 3
130 191 m2 694567 0.0211351383 0.5 p-1 -837885 445
49 192 m2 695730 0.0112957135 0.5 p-1 -7936355 381
108 193 m2 696327 -1.51484107e-06 0.5 p-1 -6545843 330
18 194 m2 697410 0.00751851825 0.5 p-1 -2545371 1291
178 195 m2 700825 -6.67165295e-05 0.5 p-1 -68418 82
19 198 m2 707198 -0.000159086747 0.5 p-1 -1901596 1019
179 199 m2 709584 -0.000295065896 0.5 p-1 -15252 7
20 202 m2 722024 0.000778743939 0.5 p-1 -2458943 649
22 203 m2 725781 0.00223137881 0.5 p-1 -1012241 945
279 206 m2 739256 -0.0304665081 0.5 p-1 -4511 3
127 207 m2 742171 -0.000167695543 0.5 p-1 -7649714 201
246 208 m2 766820 -0.00020072714 0.5 p-1 -36831 11
270 209 m2 771819 5.69778967e-05 0.5 p-1 -3314 3
23 210 m2 774625 -0.00274267839 0.5 p-1 -4337708 981
153 212 m2 776220 0.0348825678 0.5 p-1 -1091222 95
154 213 m2 779839 -3.4959412e-05 0.5 p-1 -239874 89
201 216 m2 797967 -0.000571420183 0.5 p-1 -140145 45
93 217 m2 799720 -0.00524971168 0.5 p-1 -7585263 841
253 218 m2 808265 -0.00637884438 0.5 p-1 -22484 4
24 219 m2 811765 -0.000123157282 0.5 p-1 -3168620 1283
105 220 m2 816229 -0.00250739371 0.5 p-1 -56960 89
157 221 m2 816499 -0.0026363635 0.5 p-1 -945784 74
50 222 m2 822163 -0.00040742557 0.5 p-1 -6054548 522
72 224 m2 826098 -0.0431983098 0.5 p-1 -230314 108
221 225 m2 826428 0.014700219 0.5 p-1 -1182729 67
118 226 m2 834539 -0.0463051535 0.5 p-1 -4609 15
26 227 m2 836283 0.00235693972 0.5 p-1 -2529665 743
27 228 m2 837617 -3.6468879e-09 0.5 p-1 -2744331 1318
80 229 m2 838662 2.02734227e-05 0.5 p-1 -3805 10
28 230 m2 843034 -0.0572108887 0.5 p-1 -3080069 1310
280 233 m2 853993 -0.00206322339 0.5 p-1 -4519 1
84 234 m2 855313 4.32055325e-09 0.5 p-1 -1271737 379
99 235 m2 855981 3.62714272e-05 0.5 p-1 -2135736 486
175 236 m2 856453 -1.42626623e-05 0.5 p-1 -156458 82
52 238 m2 858342 9.23517509e-05 0.5 p-1 -6998150 1315
29 239 m2 862393 -5.08826888e-05 0.5 p-1 -4410508 1404
30 240 m2 871442 0.000741422293 0.5 p-1 -7999787 1736
267 243 m2 879361 -0.000609000737 0.5 p-1 -3063 6
141 244 m2 884074 0.0423617586 0.5 p-1 -673334 107
62 245 m2 884142 1.02597332e-05 0.5 p-1 -27806 24
216 247 m2 894831 -0.00578342844 0.5 p-1 -5378 2
174 249 m2 898604 -0.000113549322 0.5 p-1 -232605 42
53 250 m2 902824 0.00565882074 0.5 p-1 -1693190 1320
122 251 m2 912988 -0.00830478407 0.5 p-1 -44649 29
209 252 m2 914757 -0.0138682071 0.5 p-1 -5421 2
139 254 m2 918991 0.0505549461 0.5 p-1 -776523 240
63 255 m2 920488 1.58749435e-06 0.5 p-1 -1391469 986
64 256 m2 923602 -0.00566233555 0.5 p-1 -1242629 494
186 257 m2 924156 0.0151381381 0.5 p-1 -156190 74
65 258 m2 924865 0.00963921566 0.5 p-1 -659591 1021
109 259 m2 926202 0.00136921171 0.5 p-1 -6330735 288
237 260 m2 928408 0.00404685223 0.5 p-1 -150932 21
123 261 m2 932046 0.0139768729 0.5 p-1 -89538 40
210 262 m2 934721 1.50527251e-06 0.5 p-1 -53945 19
100 263 m2 940179 -0.000235358457 0.5 p-1 -6424182 295
140 266 m2 950192 -0.000178328308 0.5 p-1 -739306 318
55 267 m2 950284 -6.00159083e-13 0.5 p-1 -4999088 1079
131 268 m2 953364 0.00137918862 0.5 p-1 -7232977 183
66 270 m2 956696 0.00167249818 0.5 p-1 -336412 423
81 271 m2 957783 1.1891953e-07 0.5 p-1 -2065316 794
238 274 m2 968344 -0.00863219611 0.5 p-1 -184676 8
163 275 m2 979575 -0.000812348851 0.5 p-1 -47160 43
244 276 m2 980983 8.62321122e-06 0.5 p-1 -300420 7
57 277 m2 984091 0.00655122846 0.5 p-1 -6130959 434
168 278 m2 987808 -0.00160483248 0.5 p-1 -8918 12
67 280 m2 989152 0.059885852 0.5 p-1 -1645488 918
182 281 m2 992083 2.61289781e-08 0.5 p-1 -35383 76
115 282 m2 994207 6.53692496e-06 0.5 p-1 -1573153 61
248 286 m2 372982 -1.8373612e-06 0.5 p0 2 6
197 288 m2 336062 0.000204397307 0.5 p0 2 2
251 290 m2 282515 0.0265868511 0.5 p0 2 7
259 291 m2 240465 -0.0369067118 0.5 p0 2 5
285 294 m2 86717 -0.00203541946 0.5 p0 2 1
260 295 m2 910413 3.56450323e-06 0.5 p0 2 1
54 297 m2 928055 -0.00551726483 0.5 p0 2 2
281 300 m2 188324 -0.0133531345 0.5 p0 2 1
284 303 m2 542696 -4.54711299e-05 0.5 p0 2 1
229 310 m2 587238 -0.000304579065 0.5 p0 2 3
245 311 m2 801163 0.0174384788 0.5 p0 2 4
269 315 m2 263447 -0.00608339906 0.5 p0 2 2
195 317 m2 719204 -0.0123455375 0.5 p0 2 16
283 326 m2 444133 -0.000935389951 0.5 p0 2 1
234 333 m2 768219 -0.00259994622 0.5 p0 2 1
243 336 m2 931332 0.0032972733 0.5 p0 2 1
257 337 m2 459864 -0.00477881171 0.5 p0 2 1
120 343 m1 2493 0 0.5 p-1 -321907 103
274 344 m1 3279 0 0.5 p-1 -36193 2
155 345 m1 5944 0 0.5 p-1 -3427211 188
164 346 m1 18290 0 0.5 p-1 -181624 55
106 347 m1 19008 0 0.5 p-1 -1407767 154
110 349 m1 62891 -0 0.5 p-1 -388785 169
0 351 m1 78971 -0 0.5 p-1 -11428470 1900
266 352 m1 84641 0 0.5 p-1 -78491 1
147 353 m1 104743 0 0.5 p-1 -418396 83
87 355 m1 119707 -0 0.5 p-1 -424294 473
200 357 m1 149936 -0 0.5 p-1 -33339 13
239 358 m1 151704 -0 0.5 p-1 -85129 4
68 359 m1 151888 -0 0.5 p-1 -1785618 367
5 361 m1 172012 -0 0.5 p-1 -7675407 1897
138 363 m1 199417 -0 0.5 p-1 -483717 42
278 364 m1 203508 -0 0.5 p-1 -4683 4
7 365 m1 209126 -0 0.5 p-1 -7020877 1251
8 366 m1 215941 -0 0.5 p-1 -357751 93
187 367 m1 216866 0 0.5 p-1 -38479 45
188 368 m1 220925 -0 0.5 p-1 -2198744 46
220 369 m1 222122 0 0.5 p-1 -29496 26
10 371 m1 240281 -0 0.5 p-1 -3888158 1445
39 372 m1 250108 0 0.5 p-1 -402976 232
255 373 m1 259925 -0 0.5 p-1 -118814 10
265 374 m1 260876 0 0.5 p-1 -3348 1
262 375 m1 303924 -0 0.5 p-1 -24190 3
286 376 m1 313069 0 0.5 p-1 -21521 1
43 377 m1 342970 0 0.5 p-1 -408693 77
112 378 m1 343207 -0 0.5 p-1 -336422 161
133 379 m1 347356 -0 0.5 p-1 -727829 94
173 380 m1 363712 0 0.5 p-1 -1228741 4
96 381 m1 372300 -0 0.5 p-1 -668573 158
203 383 m1 394736 -0 0.5 p-1 -1168305 33
148 384 m1 411313 0 0.5 p-1 -85477 86
149 385 m1 418331 0 0.5 p-1 -221570 104
134 386 m1 438850 0 0.5 p-1 -936593 178
113 389 m1 466700 -0 0.5 p-1 -358555 241
16 391 m1 485307 0 0.5 p-1 -989519 946
233 392 m1 492234 0 0.5 p-1 -173994 7
144 393 m1 514296 -0 0.5 p-1 -101310 30
249 394 m1 527651 -0 0.5 p-1 -124122 8
124 396 m1 549015 0 0.5 p-1 -1877700 227
125 397 m1 549150 0 0.5 p-1 -2185815 227
46 398 m1 550648 0 0.5 p-1 -3439354 53
79 399 m1 563747 0 0.5 p-1 -3043930 741
150 400 m1 597471 -0 0.5 p-1 -3983106 52
230 401 m1 602470 0 0.5 p-1 -87070 11
208 402 m1 627357 -0 0.5 p-1 -14543 22
104 403 m1 650258 0 0.5 p-1 -421359 304
190 404 m1 668513 0 0.5 p-1 -22265 14
236 405 m1 674995 0 0.5 p-1 -54517 13
48 406 m1 681049 -0 0.5 p-1 -423187 396
161 408 m1 716528 -0 0.5 p-1 -516615 60
167 409 m1 721037 0 0.5 p-1 -20197 7
21 410 m1 722923 -0 0.5 p-1 -165430 198
166 411 m1 735436 0 0.5 p-1 -740955 184
136 412 m1 744250 0 0.5 p-1 -202752 24
184 413 m1 764333 0 0.5 p-1 -507803 113
185 415 m1 769651 0 0.5 p-1 -174857 13
263 416 m1 789378 0 0.5 p-1 -10164 7
25 418 m1 813412 0 0.5 p-1 -1349089 125
51 420 m1 828028 0 0.5 p-1 -491176 459
119 421 m1 846950 0 0.5 p-1 -113874 64
171 422 m1 860571 0 0.5 p-1 -25206 7
31 423 m1 883379 0 0.5 p-1 -3936639 890
222 426 m1 938535 -0 0.5 p-1 -541086 15
223 427 m1 942195 -0 0.5 p-1 -45017 25
56 430 m1 950896 -0 0.5 p-1 -192383 147
232 433 m1 987125 0 0.5 p-1 -201786 46
211 434 m1 989477 0 0.5 p-1 -93515 34
