Temp_ID Permanent_ID Mutation_type Position s h Subpop Tick Number
200 0 m2 12316 -0.00188776094 0.5 p-1 -201403 6
288 1 m2 16431 -0.000512092956 0.5 p-1 -4732 3
183 2 m2 16613 -1.00866964e-05 0.5 p-1 -35273 4
139 3 m2 19650 2.03009004e-05 0.5 p-1 -31520 35
275 4 m2 33237 -0.00792229921 0.5 p-1 -2703 3
178 6 m2 39931 -0.00658476399 0.5 p-1 -199695 76
54 8 m2 45705 -1.71223655e-05 0.5 p-1 -5943053 1310
0 9 m2 46551 -7.0203525e-05 0.5 p-1 -7686865 1491
244 10 m2 48596 0.000310671603 0.5 p-1 -87444 6
1 11 m2 57514 0.00295606605 0.5 p-1 -4586327 427
204 13 m2 65720 -1.54359896e-07 0.5 p-1 -24108 14
209 17 m2 84159 -0.0396832637 0.5 p-1 -7829 8
56 18 m2 88058 -0.000682248967 0.5 p-1 -955574 752
57 19 m2 94464 -0.00239607831 0.5 p-1 -2890660 709
187 20 m2 101948 7.64984725e-06 0.5 p-1 -4754813 285
109 21 m2 102685 0.00826652441 0.5 p-1 -11348053 401
302 22 m2 104096 -0.00234203483 0.5 p-1 -9581 2
2 23 m2 105842 0.0699202493 0.5 p-1 -2765591 991
3 24 m2 121394 0.00708297873 0.5 p-1 -68329 18
110 25 m2 125112 0.011139499 0.5 p-1 -476612 420
253 26 m2 128403 -9.06888454e-06 0.5 p-1 -1485598 2
293 28 m2 143304 8.84783458e-06 0.5 p-1 -12972 4
300 30 m2 150983 -5.60807639e-05 0.5 p-1 -4708 1
130 31 m2 152469 -0.00506205857 0.5 p-1 -5623926 548
143 33 m2 155536 3.04916193e-06 0.5 p-1 -28794 14
224 35 m2 163294 -2.58283217e-05 0.5 p-1 -1700553 17
4 36 m2 166631 0.00201024814 0.5 p-1 -2749096 1936
278 37 m2 170256 0.02520339 0.5 p-1 -51405 19
268 40 m2 184798 -0.0264787395 0.5 p-1 -451545 16
229 41 m2 186491 0.00185614056 0.5 p-1 -23753 10
6 43 m2 190214 -9.46526707e-05 0.5 p-1 -2972945 1623
121 44 m2 191818 -0.00116572669 0.5 p-1 -401632 26
164 45 m2 196967 0.000184493023 0.5 p-1 -89633 56
157 47 m2 199198 -0.00393044762 0.5 p-1 -176254 9
161 48 m2 199205 -0.0335459001 0.5 p-1 -249911 44
59 49 m2 204095 -0.00454137102 0.5 p-1 -162471 132
76 50 m2 205156 0.000754067209 0.5 p-1 -2241920 1214
269 51 m2 216828 0.0271782409 0.5 p-1 -262660 12
298 55 m2 221380 4.98080726e-06 0.5 p-1 -25640 9
9 56 m2 221665 -5.91682292e-05 0.5 p-1 -3312898 883
122 57 m2 222045 -0.000723765406 0.5 p-1 -498264 348
60 58 m2 222894 5.20735775e-05 0.5 p-1 -3918450 391
287 59 m2 226686 -2.41005267e-07 0.5 p-1 -93833 3
184 60 m2 227081 -0.111709103 0.5 p-1 -231701 35
240 61 m2 229610 0.00103046326 0.5 p-1 -1047115 88
225 62 m2 233571 7.29715509e-07 0.5 p-1 -66581 37
10 64 m2 252197 -0.00076180941 0.5 p-1 -2018019 1340
190 65 m2 260389 -0.000355753757 0.5 p-1 -81908 36
149 66 m2 260917 -0.00381130679 0.5 p-1 -56240 104
254 67 m2 263922 -0.00301895267 0.5 p-1 -7388 14
179 70 m2 274908 -3.65232722e-06 0.5 p-1 -179371 49
281 71 m2 275580 -0.00463433797 0.5 p-1 -9630 5
133 73 m2 292972 -0.0208697803 0.5 p-1 -323370 197
12 74 m2 294576 -0.000929249392 0.5 p-1 -4495895 1538
61 75 m2 296361 -1.86070807e-07 0.5 p-1 -472957 178
234 76 m2 296574 0.00341448002 0.5 p-1 -86984 30
180 77 m2 301751 -0.0143654719 0.5 p-1 -76120 25
205 78 m2 303741 0.0013122583 0.5 p-1 -15985 23
62 79 m2 304921 -0.000216343178 0.5 p-1 -802728 74
266 80 m2 310296 0.00149793271 0.5 p-1 -46744 6
191 82 m2 319633 0.00978890155 0.5 p-1 -164369 111
194 84 m2 321433 -0.0194136295 0.5 p-1 -105625 49
145 85 m2 324031 0.00190496468 0.5 p-1 -270623 323
141 86 m2 329426 1.3067257e-05 0.5 p-1 -1081527 101
210 87 m2 333091 -3.80027304e-05 0.5 p-1 -67548 59
77 88 m2 334326 -0.00021901638 0.5 p-1 -5866936 807
13 89 m2 343369 -1.5249454e-05 0.5 p-1 -1549556 579
123 90 m2 343996 -1.39417798e-05 0.5 p-1 -861950 198
78 91 m2 348858 -4.19703696e-07 0.5 p-1 -265753 121
79 92 m2 350767 -0.000208813872 0.5 p-1 -23093 26
14 93 m2 353662 0.00547621166 0.5 p-1 -4919451 1498
230 94 m2 357207 -1.68552888e-05 0.5 p-1 -3025963 55
259 95 m2 358148 -0.000463492586 0.5 p-1 -40778 1
158 96 m2 370868 0.0113750566 0.5 p-1 -324806 177
261 97 m2 371543 -0.00231197709 0.5 p-1 -145782 34
146 99 m2 373628 -0.00103562512 0.5 p-1 -749301 370
245 100 m2 373775 -2.25744679e-05 0.5 p-1 -116656 43
15 101 m2 374275 0.00538075855 0.5 p-1 -1456064 1281
215 102 m2 381473 -0.000125403501 0.5 p-1 -728058 28
96 105 m2 385797 0.000453559594 0.5 p-1 -2857473 267
64 107 m2 400659 -0.000176685964 0.5 p-1 -1085516 765
97 108 m2 404390 -0.000147200757 0.5 p-1 -412353 274
150 109 m2 406598 0.0334270746 0.5 p-1 -186141 41
233 110 m2 408871 -0.00449543493 0.5 p-1 -38970 6
282 111 m2 414449 0.00713321753 0.5 p-1 -6040 1
196 113 m2 447005 -0.0012229901 0.5 p-1 -549971 63
18 116 m2 455934 4.37043946e-06 0.5 p-1 -141918 210
19 117 m2 460530 0.00106075732 0.5 p-1 -6581917 1261
311 119 m2 467122 -0.00310582202 0.5 p-1 -3786 1
20 120 m2 472836 0.00610641064 0.5 p-1 -3922165 1911
80 121 m2 474919 -0.00909287948 0.5 p-1 -1113792 220
65 122 m2 476046 -0.00534595363 0.5 p-1 -5282711 489
99 123 m2 482806 -0.000136814662 0.5 p-1 -5035380 481
151 124 m2 486786 0.00579910679 0.5 p-1 -110672 3
134 125 m2 487715 0.000231371348 0.5 p-1 -1038161 61
181 126 m2 489577 -0.00238360488 0.5 p-1 -715494 178
135 127 m2 490360 -0.0177449677 0.5 p-1 -249498 123
81 128 m2 491014 -0.000326603767 0.5 p-1 -2136602 629
22 129 m2 491495 -0.00390944537 0.5 p-1 -3211426 1164
197 130 m2 501487 8.66367714e-07 0.5 p-1 -1097 17
237 132 m2 507144 0.00234173355 0.5 p-1 -272676 79
308 133 m2 507771 0.00589309679 0.5 p-1 -3229 1
100 134 m2 507906 3.64563275e-05 0.5 p-1 -744632 668
101 135 m2 526079 -0.0797439814 0.5 p-1 -1983547 790
294 137 m2 526620 -0.0135188093 0.5 p-1 -27752 2
222 139 m2 530034 2.20024305e-07 0.5 p-1 -66806 10
192 140 m2 531185 -0.00248907087 0.5 p-1 -119661 24
23 141 m2 532724 0.0241907462 0.5 p-1 -3183358 1772
24 142 m2 534799 0.00100258994 0.5 p-1 -343013 169
309 143 m2 536994 4.91875562e-06 0.5 p-1 -403 3
314 144 m2 543025 -0.000315514597 0.5 p-1 -525912 1
82 147 m2 553290 0.000439399533 0.5 p-1 -2650299 433
102 148 m2 558618 -0.00137928559 0.5 p-1 -5036628 360
189 150 m2 567453 -0.00042661262 0.5 p-1 -472093 270
103 151 m2 570087 -0.00532258535 0.5 p-1 -3046319 353
148 152 m2 572095 -0.00177966896 0.5 p-1 -8793 13
25 156 m2 576133 0.000323603774 0.5 p-1 -1969146 1362
26 157 m2 577022 9.40456521e-05 0.5 p-1 -4058969 1697
258 158 m2 583316 -0.00163471105 0.5 p-1 -9893 19
251 159 m2 586379 -3.43507349e-06 0.5 p-1 -578 2
167 160 m2 593532 0.0055119996 0.5 p-1 -87940 45
83 161 m2 594211 0.010720863 0.5 p-1 -2360690 1157
263 162 m2 596142 0.0329824686 0.5 p-1 -17558 3
27 163 m2 597735 0.00466384785 0.5 p-1 -9407287 530
206 164 m2 599412 -0.00158069236 0.5 p-1 -1581 11
295 165 m2 601174 -0.00016454664 0.5 p-1 -16185 6
28 166 m2 602112 -9.5257775e-09 0.5 p-1 -1618748 1032
126 167 m2 602797 1.2264084e-05 0.5 p-1 -11723 8
29 168 m2 603825 0.000147570638 0.5 p-1 -10904913 1504
30 170 m2 604819 0.00972600188 0.5 p-1 -613736 1061
104 171 m2 606593 -8.25855459e-05 0.5 p-1 -4253381 640
84 173 m2 615028 -0.0098406896 0.5 p-1 -4704996 1152
32 174 m2 617742 5.14134263e-06 0.5 p-1 -4419544 1615
33 175 m2 619766 -0.000152757653 0.5 p-1 -2403116 1110
289 176 m2 622622 -0.00569823384 0.5 p-1 -47024 5
185 177 m2 624438 -0.0022978303 0.5 p-1 -326991 73
243 178 m2 627675 8.32158767e-05 0.5 p-1 -70328 20
211 179 m2 628116 0.000203021176 0.5 p-1 -637902 97
85 180 m2 629113 0.000407823449 0.5 p-1 -435233 94
248 182 m2 643389 1.69704872e-05 0.5 p-1 -67542 12
34 184 m2 644537 0.000710575026 0.5 p-1 -3516865 594
218 185 m2 653433 -0.000302227505 0.5 p-1 -161462 152
113 186 m2 654176 0.00373847899 0.5 p-1 -1523992 366
86 187 m2 659915 0.0123145562 0.5 p-1 -816646 801
175 188 m2 661040 0.0191783477 0.5 p-1 -14381157 51
249 189 m2 663781 0.00579159288 0.5 p-1 -17984 8
87 190 m2 665165 3.43855863e-05 0.5 p-1 -650770 557
232 191 m2 669417 -0.0125466324 0.5 p-1 -13019 17
88 192 m2 671267 -0.000568035175 0.5 p-1 -234835 140
35 193 m2 673039 -0.00243827025 0.5 p-1 -5285518 1879
165 194 m2 675676 -0.00585382897 0.5 p-1 -2031999 5
127 195 m2 677118 0.0152191827 0.5 p-1 -2093931 585
68 198 m2 681676 -6.21797926e-06 0.5 p-1 -2577161 940
170 200 m2 687875 -0.000103141443 0.5 p-1 -1989838 492
159 201 m2 699595 -0.00483827619 0.5 p-1 -693647 117
36 202 m2 708098 -0.00202482776 0.5 p-1 -10156142 1021
37 203 m2 708611 -0.000269504468 0.5 p-1 -4488910 1077
38 204 m2 712458 0.00332457968 0.5 p-1 -941594 357
202 207 m2 727655 -0.000301668537 0.5 p-1 -74348 65
223 209 m2 729508 0.00674242573 0.5 p-1 -748620 72
39 210 m2 733698 -0.00270893262 0.5 p-1 -3502007 1045
176 211 m2 734301 -0.000396893214 0.5 p-1 -1668812 63
155 213 m2 736373 -0.0135101182 0.5 p-1 -4330333 66
40 215 m2 738517 0.00129714923 0.5 p-1 -12291856 630
152 216 m2 740927 0.00825963635 0.5 p-1 -39293 22
283 217 m2 752088 -0.0476282761 0.5 p-1 -24334 17
70 218 m2 755845 0.00128189451 0.5 p-1 -1752336 742
313 219 m2 764683 0.00979944784 0.5 p-1 -13919 1
71 221 m2 769342 3.106043e-05 0.5 p-1 -362300 330
41 222 m2 774521 -0.0156230871 0.5 p-1 -3578499 1787
132 223 m2 776195 -0.0643281937 0.5 p-1 -925681 267
171 224 m2 776827 -0.000732679735 0.5 p-1 -612496 68
213 226 m2 777530 -2.76394263e-09 0.5 p-1 -7310 7
89 227 m2 787318 0.000426841842 0.5 p-1 -457720 758
186 228 m2 790816 -0.0501840562 0.5 p-1 -1408081 304
219 230 m2 799042 -0.00342454249 0.5 p-1 -1660714 30
270 231 m2 799852 0.000708332227 0.5 p-1 -71282 14
214 232 m2 803868 -0.0352717489 0.5 p-1 -1299640 7
42 234 m2 808605 4.87565485e-05 0.5 p-1 -1655850 1785
162 235 m2 808951 -0.0211660899 0.5 p-1 -984750 91
220 236 m2 809570 0.0445257574 0.5 p-1 -986686 166
292 237 m2 811510 -0.000922669249 0.5 p-1 -6149 3
43 238 m2 816430 0.00246071094 0.5 p-1 -2887178 336
160 239 m2 819597 0.02524787 0.5 p-1 -3400566 201
44 240 m2 829252 0.014119667 0.5 p-1 -8036111 1910
90 241 m2 829889 -7.74147557e-05 0.5 p-1 -1942367 945
198 242 m2 833476 -0.00126441778 0.5 p-1 -51683 68
286 243 m2 835528 0.0189174414 0.5 p-1 -8599 10
272 244 m2 838253 1.38145611e-08 0.5 p-1 -40910 8
72 245 m2 838450 -0.05487689 0.5 p-1 -5193871 1155
46 246 m2 840539 -0.0601066723 0.5 p-1 -9363804 1325
115 247 m2 842141 -0.00215043197 0.5 p-1 -355181 82
105 248 m2 845435 -0.000350768911 0.5 p-1 -579754 432
188 249 m2 848155 0.011356703 0.5 p-1 -1047948 83
257 250 m2 850981 0.0159920361 0.5 p-1 -19603 13
47 251 m2 851378 -3.58325019e-06 0.5 p-1 -1106522 788
116 252 m2 860977 4.77061003e-05 0.5 p-1 -488350 15
236 253 m2 869688 1.55141133e-05 0.5 p-1 -104879 18
304 254 m2 869732 0.000115166338 0.5 p-1 -82551 2
48 255 m2 878640 2.55138166e-05 0.5 p-1 -3322538 706
212 256 m2 879719 -0.00966663472 0.5 p-1 -42962 20
106 257 m2 885244 -0.0300561637 0.5 p-1 -1533009 1299
91 258 m2 886370 0.0350801237 0.5 p-1 -147376 209
49 259 m2 887862 0.00223695557 0.5 p-1 -3091081 782
193 261 m2 891239 -0.000399467914 0.5 p-1 -850062 75
172 265 m2 906018 7.00712262e-05 0.5 p-1 -1159458 154
227 266 m2 908159 0.0134090967 0.5 p-1 -15673 31
262 267 m2 908224 0.00981891714 0.5 p-1 -39742 8
280 268 m2 908235 0.00126695796 0.5 p-1 -5778 3
75 270 m2 913570 0.0397869498 0.5 p-1 -7091065 379
255 271 m2 923957 -0.0236691982 0.5 p-1 -294180 22
238 272 m2 928014 -4.65978956e-05 0.5 p-1 -90568 55
136 273 m2 932246 -0.000593248522 0.5 p-1 -672976 601
107 274 m2 932599 2.93813955e-05 0.5 p-1 -1642222 1158
207 275 m2 936946 0.000885313086 0.5 p-1 -181938 42
297 276 m2 940379 0.00693335757 0.5 p-1 -2356 7
118 277 m2 940636 -0.0151091013 0.5 p-1 -19347493 1231
182 278 m2 941982 0.00390790403 0.5 p-1 -2517659 401
52 280 m2 949983 0.0133497156 0.5 p-1 -3251829 743
260 281 m2 968958 -0.00434496207 0.5 p-1 -24014 4
156 282 m2 969229 -0.00148487277 0.5 p-1 -6766612 354
92 283 m2 969451 0.0666349158 0.5 p-1 -4535756 1062
290 284 m2 969822 0.00116364122 0.5 p-1 -45649 10
299 285 m2 970734 0.0198122412 0.5 p-1 -135533 4
285 286 m2 973450 -0.0142866625 0.5 p-1 -33221 6
53 287 m2 977992 0.000858891872 0.5 p-1 -3797355 1353
138 288 m2 981076 0.00739585375 0.5 p-1 -1092428 323
120 289 m2 985442 6.93806141e-05 0.5 p-1 -107290 248
93 291 m2 990631 -0.00242553116 0.5 p-1 -505593 79
168 294 m2 998980 -8.66661878e-07 0.5 p-1 -901641 140
208 295 m2 999969 5.50759272e-10 0.5 p-1 -148009 82
312 297 m2 647572 -0.00481178612 0.5 p0 2 1
267 298 m2 460018 -0.0474659428 0.5 p0 2 1
242 300 m2 211642 -2.77304291e-10 0.5 p0 2 16
226 306 m2 370985 -0.00488358689 0.5 p0 2 4
284 314 m2 391004 -0.000590885233 0.5 p0 2 6
301 315 m2 227423 9.79930359e-10 0.5 p0 2 1
252 321 m2 252864 -0.00116638816 0.5 p0 2 1
315 327 m2 80132 5.01018039e-05 0.5 p0 2 1
277 329 m2 740956 -1.32928037e-07 0.5 p0 2 5
306 334 m2 997219 0.00298543065 0.5 p0 2 3
137 337 m2 980764 0.000296936603 0.5 p0 2 8
273 339 m2 667354 -0.0187991746 0.5 p0 2 5
264 342 m2 940842 -5.79343032e-05 0.5 p0 2 6
276 343 m2 929833 -0.00377589907 0.5 p0 2 3
305 344 m2 765468 -0.00606939197 0.5 p0 2 2
296 350 m2 689495 0.00247631734 0.5 p0 2 6
279 351 m2 474940 -0.00651530502 0.5 p0 2 1
216 352 m2 603405 0.00154614099 0.5 p0 2 9
307 354 m2 419718 0.002713311 0.5 p0 2 1
250 365 m2 990851 0.000428736443 0.5 p0 2 10
217 367 m1 1316 -0 0.5 p-1 -155143 54
173 369 m1 17431 0 0.5 p-1 -762067 384
169 370 m1 20796 -0 0.5 p-1 -15720 13
55 372 m1 45737 -0 0.5 p-1 -8476750 1310
128 374 m1 90443 0 0.5 p-1 -1075327 869
129 376 m1 116934 -0 0.5 p-1 -648522 384
247 378 m1 129677 -0 0.5 p-1 -44963 20
174 381 m1 150171 0 0.5 p-1 -753568 153
94 383 m1 181948 -0 0.5 p-1 -1303187 932
5 384 m1 186177 0 0.5 p-1 -1952150 852
140 385 m1 186323 -0 0.5 p-1 -1296595 589
58 386 m1 195176 -0 0.5 p-1 -7326742 508
7 387 m1 199064 0 0.5 p-1 -5397827 1525
8 391 m1 213775 0 0.5 p-1 -2175621 1699
144 392 m1 261361 0 0.5 p-1 -335443 115
154 393 m1 268878 0 0.5 p-1 -734716 36
95 395 m1 277900 0 0.5 p-1 -330438 131
11 396 m1 279747 0 0.5 p-1 -87967 35
221 398 m1 282804 -0 0.5 p-1 -73315 9
195 400 m1 354578 0 0.5 p-1 -600016 107
228 401 m1 358065 0 0.5 p-1 -38741 11
63 402 m1 370950 0 0.5 p-1 -4308516 902
271 403 m1 377415 -0 0.5 p-1 -3044 6
16 404 m1 382026 -0 0.5 p-1 -2441433 1881
17 405 m1 397535 -0 0.5 p-1 -3465691 1564
246 406 m1 407946 0 0.5 p-1 -36899 19
98 407 m1 413816 -0 0.5 p-1 -140164 23
124 409 m1 417419 -0 0.5 p-1 -109497 46
142 411 m1 433385 0 0.5 p-1 -262407 251
256 412 m1 436318 0 0.5 p-1 -27527 9
111 414 m1 475474 -0 0.5 p-1 -6812091 1005
21 415 m1 475726 -0 0.5 p-1 -540249 222
66 417 m1 485629 -0 0.5 p-1 -2518442 1376
147 418 m1 501229 -0 0.5 p-1 -1569308 464
274 419 m1 516172 -0 0.5 p-1 -204001 8
291 420 m1 524279 -0 0.5 p-1 -199348 9
303 421 m1 539843 -0 0.5 p-1 -1581663 2
67 422 m1 549605 0 0.5 p-1 -3235012 395
125 423 m1 559679 -0 0.5 p-1 -357402 308
235 425 m1 584155 -0 0.5 p-1 -62514 14
131 426 m1 607441 0 0.5 p-1 -6744096 1336
31 427 m1 608012 -0 0.5 p-1 -2367776 551
112 429 m1 627066 0 0.5 p-1 -2694855 49
69 431 m1 695179 0 0.5 p-1 -11741857 470
239 432 m1 710353 -0 0.5 p-1 -1828785 53
114 433 m1 766213 0 0.5 p-1 -2126119 253
199 434 m1 774420 0 0.5 p-1 -640218 48
231 436 m1 825139 -0 0.5 p-1 -42195 28
45 437 m1 829387 0 0.5 p-1 -2356573 1220
310 438 m1 856390 -0 0.5 p-1 -25134 1
241 439 m1 868680 0 0.5 p-1 -56989 60
163 440 m1 874615 -0 0.5 p-1 -267186 347
73 441 m1 882890 -0 0.5 p-1 -1192909 228
74 442 m1 888249 0 0.5 p-1 -721142 93
50 443 m1 904570 -0 0.5 p-1 -3848989 1223
201 444 m1 908657 0 0.5 p-1 -168156 94
117 446 m1 917007 0 0.5 p-1 -241709 207
51 447 m1 919828 0 0.5 p-1 -343255 78
166 448 m1 939634 -0 0.5 p-1 -1808446 206
265 449 m1 945903 -0 0.5 p-1 -42694 19
177 450 m1 951098 0 0.5 p-1 -222988 58
119 451 m1 958703 -0 0.5 p-1 -14219 10
203 452 m1 968883 0 0.5 p-1 -98559 58
153 454 m1 982717 0 0.5 p-1 -238432 210
108 455 m1 983130 -0 0.5 p-1 -395579 132
