Temp_ID Permanent_ID Mutation_type Position s h Subpop Tick Number
185 0 m2 544 -0.00030150832 0.5 p-1 -1457 6
113 1 m2 3041 -0.0163678713 0.5 p-1 -142331 68
135 2 m2 9299 -1.9712299e-05 0.5 p-1 -257632 83
98 3 m2 12311 -1.59969222e-05 0.5 p-1 -109312 42
211 4 m2 33579 -0.00149274606 0.5 p-1 -6501 12
114 7 m2 46181 -0.0102143716 0.5 p-1 -3155127 267
67 8 m2 47679 -0.00645942846 0.5 p-1 -480417 206
168 9 m2 57693 -5.9381382e-06 0.5 p-1 -162190 67
0 10 m2 60271 -0.0722407773 0.5 p-1 -10283 16
249 11 m2 60440 -0.000889542396 0.5 p-1 -11898 6
167 12 m2 63871 -0.000329555682 0.5 p-1 -15678 5
258 13 m2 65770 -0.00172389031 0.5 p-1 -19142 1
199 14 m2 71189 -0.00728557399 0.5 p-1 -9065 4
170 15 m2 74624 -0.000628877373 0.5 p-1 -106142 67
219 17 m2 77388 -0.0270828698 0.5 p-1 -22553 4
2 18 m2 79299 -0.00431026751 0.5 p-1 -1016712 756
3 20 m2 86455 -0.0239300448 0.5 p-1 -867639 628
252 21 m2 90091 -0.00682617258 0.5 p-1 -10040 7
140 23 m2 97956 -0.00054203195 0.5 p-1 -1492640 51
261 25 m2 110664 -0.00251362473 0.5 p-1 -13188 3
180 26 m2 112574 -0.00703755161 0.5 p-1 -7849 7
57 27 m2 118198 -3.50163173e-05 0.5 p-1 -1402820 689
224 28 m2 119839 -0.0887628049 0.5 p-1 -2800 3
4 30 m2 124605 -0.00105361594 0.5 p-1 -823579 464
131 31 m2 126853 -0.0223185569 0.5 p-1 -141268 84
127 32 m2 128821 -0.00961483642 0.5 p-1 -1812574 410
155 34 m2 145218 -0.0120377662 0.5 p-1 -135436 24
99 37 m2 158152 -0.00156060362 0.5 p-1 -54534 23
202 38 m2 162075 -0.0152458465 0.5 p-1 -33088 18
36 39 m2 164140 -0.0192486439 0.5 p-1 -3139681 793
210 40 m2 167772 -0.00421250612 0.5 p-1 -85433 19
259 41 m2 170656 -0.0068381927 0.5 p-1 -30941 2
153 43 m2 182080 -0.0299045574 0.5 p-1 -509233 122
83 45 m2 186115 -2.95771834e-08 0.5 p-1 -574262 91
189 46 m2 187432 -0.000557751337 0.5 p-1 -103006 23
84 48 m2 202884 -0.00180545647 0.5 p-1 -54369 66
38 49 m2 207857 -0.0788451284 0.5 p-1 -1303391 1286
39 50 m2 212843 -7.80865867e-06 0.5 p-1 -1905240 426
264 52 m2 218628 -0.00986926444 0.5 p-1 -88720 1
181 54 m2 226764 -0.000226915232 0.5 p-1 -950708 24
117 55 m2 227380 -0.00531880651 0.5 p-1 -94043 60
48 57 m2 232991 -0.0153069831 0.5 p-1 -3163 5
256 58 m2 234043 -0.00989817921 0.5 p-1 -51480 2
198 59 m2 238243 -3.93654673e-08 0.5 p-1 -9552 9
231 60 m2 263555 -0.000842869747 0.5 p-1 -23359 7
50 61 m2 265288 -0.0194759294 0.5 p-1 -5525334 697
172 62 m2 271910 -0.0258592665 0.5 p-1 -299988 46
136 68 m2 288849 -0.000207245626 0.5 p-1 -58174 28
7 70 m2 305896 -0.0259001963 0.5 p-1 -1976955 1103
8 71 m2 310938 -9.47896333e-05 0.5 p-1 -835879 527
257 72 m2 317640 -0.000693815062 0.5 p-1 -373 1
234 73 m2 322055 -0.000825274561 0.5 p-1 -29083 4
9 74 m2 322616 -0.0252362136 0.5 p-1 -2594776 1083
90 75 m2 326124 -2.49538251e-10 0.5 p-1 -3267257 705
126 76 m2 326791 -0.00769248046 0.5 p-1 -74352 141
10 77 m2 327770 -0.000303359411 0.5 p-1 -2278374 1280
175 79 m2 335935 -0.0137818614 0.5 p-1 -5180 5
11 80 m2 339530 -0.00234649167 0.5 p-1 -6744742 1466
154 81 m2 341681 -0.0314542092 0.5 p-1 -21795 15
12 82 m2 348191 -0.0035895831 0.5 p-1 -5110440 898
13 83 m2 360665 -3.48512295e-11 0.5 p-1 -2771329 512
14 86 m2 374859 -5.83356705e-05 0.5 p-1 -4858496 1887
15 87 m2 379170 -0.0684549809 0.5 p-1 -2134012 650
171 88 m2 385145 -0.000234748091 0.5 p-1 -62345 12
179 89 m2 388219 -5.75294325e-06 0.5 p-1 -4309 5
51 90 m2 390560 -0.00180765789 0.5 p-1 -861893 228
240 91 m2 395551 -0.0023764472 0.5 p-1 -597840 1
166 94 m2 415223 -5.52491547e-05 0.5 p-1 -77412 40
129 95 m2 417289 -0.0464368649 0.5 p-1 -500013 166
40 96 m2 419572 -0.0527321063 0.5 p-1 -777035 295
69 97 m2 422405 -0.00245212438 0.5 p-1 -229591 304
59 98 m2 427163 -0.00404797541 0.5 p-1 -415067 145
163 99 m2 429596 -0.0513062663 0.5 p-1 -1153761 25
112 100 m2 431144 -0.0065234215 0.5 p-1 -383370 147
157 104 m2 439888 -0.00615208736 0.5 p-1 -7350 15
17 105 m2 442821 -0.00214424846 0.5 p-1 -14147505 1962
186 107 m2 452334 -0.00262863026 0.5 p-1 -31779 13
195 108 m2 459499 -0.0228266437 0.5 p-1 -119583 11
41 109 m2 460945 -0.00146790664 0.5 p-1 -325311 197
217 110 m2 463782 -1.11368026e-10 0.5 p-1 -16032 14
149 111 m2 464458 -0.0201017391 0.5 p-1 -52279 25
60 112 m2 470669 -0.00103765971 0.5 p-1 -1790691 683
176 114 m2 486152 -0.00172593491 0.5 p-1 -151309 52
18 115 m2 486503 -0.00163963332 0.5 p-1 -1909875 642
100 116 m2 494938 -0.00111961528 0.5 p-1 -1374 4
232 117 m2 499315 -0.00689326879 0.5 p-1 -11866 2
19 118 m2 499661 -0.000240296373 0.5 p-1 -3525723 1190
132 119 m2 503636 -0.108150095 0.5 p-1 -347692 15
123 120 m2 503663 -0.000410679379 0.5 p-1 -654948 234
177 121 m2 504261 -1.25153619e-07 0.5 p-1 -382638 40
70 123 m2 506680 -0.00908523425 0.5 p-1 -4008868 450
147 124 m2 507613 -4.73807586e-06 0.5 p-1 -115365 31
20 125 m2 514939 -0.00339954416 0.5 p-1 -5889977 1154
21 127 m2 519786 -0.0634114891 0.5 p-1 -516726 141
160 128 m2 526557 -1.35506695e-09 0.5 p-1 -304505 53
161 129 m2 526890 -0.0158010293 0.5 p-1 -117684 4
193 130 m2 527673 -0.00126604945 0.5 p-1 -51140 10
144 131 m2 534032 -0.0322792195 0.5 p-1 -333920 93
156 133 m2 538594 -0.000247811811 0.5 p-1 -1940709 13
182 134 m2 543991 -0.00129835075 0.5 p-1 -61014 7
137 137 m2 550992 -0.0206666365 0.5 p-1 -97835 113
120 138 m2 553336 -0.000187874117 0.5 p-1 -51044 27
22 142 m2 571012 -0.00874365028 0.5 p-1 -6058928 416
42 143 m2 577233 -0.00151153211 0.5 p-1 -1645118 847
183 144 m2 581289 -0.00888052583 0.5 p-1 -81032 40
72 145 m2 585052 -0.00126923271 0.5 p-1 -4904577 613
165 146 m2 592989 -0.042808339 0.5 p-1 -1768320 30
73 148 m2 594578 -0.0219762214 0.5 p-1 -6416020 166
43 149 m2 603383 -0.00505756075 0.5 p-1 -4877857 1065
215 150 m2 605362 -0.00183394668 0.5 p-1 -19764 16
187 152 m2 610310 -0.000527749711 0.5 p-1 -2046 31
178 153 m2 614890 -0.000649038062 0.5 p-1 -273878 5
107 154 m2 619494 -9.52795672e-05 0.5 p-1 -291738 159
150 155 m2 620063 -0.00125832111 0.5 p-1 -41597 130
174 157 m2 629523 -0.00201802026 0.5 p-1 -60852 27
55 158 m2 630542 -0.00822643284 0.5 p-1 -9792 6
23 162 m2 652664 -0.000229393845 0.5 p-1 -4343262 1948
134 165 m2 671350 -0.0121311182 0.5 p-1 -144816 64
94 166 m2 674384 -0.000483685377 0.5 p-1 -430369 108
62 167 m2 675762 -0.00767036295 0.5 p-1 -252586 147
218 168 m2 676347 -1.07589221e-05 0.5 p-1 -9610 6
121 169 m2 679426 -0.00710414397 0.5 p-1 -168086 60
101 170 m2 691687 -0.000144041638 0.5 p-1 -181843 314
173 171 m2 698917 -0.00682958635 0.5 p-1 -144168 19
85 174 m2 710066 -0.0196941588 0.5 p-1 -3262395 264
108 175 m2 713299 -0.00597693864 0.5 p-1 -161210 114
206 177 m2 729621 -0.00185560109 0.5 p-1 -76320 33
25 178 m2 731098 -0.0123924604 0.5 p-1 -2525588 1531
86 179 m2 731441 -0.000181879645 0.5 p-1 -67050 27
197 180 m2 739421 -0.0174308158 0.5 p-1 -91951 51
106 181 m2 743355 -0.0143215051 0.5 p-1 -406797 159
196 182 m2 753997 -0.0191282444 0.5 p-1 -117785 58
81 183 m2 754568 -0.00302876718 0.5 p-1 -521060 263
243 184 m2 755757 -0.0336291045 0.5 p-1 -2772 4
208 186 m2 760779 -0.0538559854 0.5 p-1 -730 17
26 187 m2 765883 -0.0606064983 0.5 p-1 -4567412 608
87 190 m2 771309 -0.0735459849 0.5 p-1 -427187 481
228 191 m2 775396 -0.00563115161 0.5 p-1 -54504 4
75 192 m2 776084 -0.00474367384 0.5 p-1 -353793 116
27 193 m2 777547 -0.000197321569 0.5 p-1 -845376 218
141 195 m2 783133 -0.00447924715 0.5 p-1 -358880 73
44 197 m2 790236 -0.00602641981 0.5 p-1 -84229 43
63 198 m2 793025 -4.86530195e-13 0.5 p-1 -4035240 413
111 199 m2 797961 -0.00469418988 0.5 p-1 -2505507 136
109 200 m2 798519 -0.0132913124 0.5 p-1 -59248 57
28 201 m2 801567 -0.00125923532 0.5 p-1 -2266344 1519
237 202 m2 803406 -5.62171699e-05 0.5 p-1 -61708 7
212 203 m2 806428 -0.0156480763 0.5 p-1 -38939 13
65 204 m2 807195 -0.000489523169 0.5 p-1 -1284674 1148
227 206 m2 814576 -0.00779248588 0.5 p-1 -51452 17
66 208 m2 816316 -1.01060346e-06 0.5 p-1 -174534 12
246 209 m2 818050 -0.000274600869 0.5 p-1 -17225 2
104 210 m2 819449 -0.0104951551 0.5 p-1 -54358 25
91 211 m2 821380 -0.000579144456 0.5 p-1 -216504 50
205 212 m2 822569 -0.00202522846 0.5 p-1 -145371 5
191 214 m2 825989 -2.27555286e-09 0.5 p-1 -5921 12
77 217 m2 833286 -0.0470191501 0.5 p-1 -2123507 100
88 218 m2 843912 -0.0397894904 0.5 p-1 -686852 26
235 219 m2 847663 -0.000172418979 0.5 p-1 -33153 13
214 221 m2 857997 -2.82016822e-06 0.5 p-1 -377406 3
148 222 m2 859913 -0.000280277338 0.5 p-1 -4693505 208
152 223 m2 863004 -0.00193702721 0.5 p-1 -681246 204
200 224 m2 867656 -0.00215340429 0.5 p-1 -21863 16
122 225 m2 874466 -0.000184159464 0.5 p-1 -57001 16
151 226 m2 876886 -0.0758128762 0.5 p-1 -51077 25
95 227 m2 880194 -0.00563415 0.5 p-1 -235861 214
78 229 m2 908097 -1.29725349e-05 0.5 p-1 -286007 61
158 232 m2 913156 -0.000424680067 0.5 p-1 -19312 8
56 233 m2 913989 -0.000807170814 0.5 p-1 -919835 458
239 234 m2 919460 -0.00542482967 0.5 p-1 -7868 6
216 239 m2 927072 -0.0468941033 0.5 p-1 -69597 11
159 240 m2 929723 -0.00361139094 0.5 p-1 -77828 26
139 242 m2 943116 -0.00157562969 0.5 p-1 -121495 33
221 243 m2 945727 -0.0383012444 0.5 p-1 -265488 24
79 244 m2 946157 -0.0178011432 0.5 p-1 -109290 56
45 245 m2 946224 -0.0299958214 0.5 p-1 -929760 828
31 246 m2 946428 -0.0159680825 0.5 p-1 -1237991 156
46 247 m2 951148 -0.0126694422 0.5 p-1 -2666963 1243
245 248 m2 955765 -0.0105296085 0.5 p-1 -4941 1
96 249 m2 958193 -1.63297773e-06 0.5 p-1 -1076060 457
145 250 m2 960271 -0.0113238245 0.5 p-1 -47975 28
226 251 m2 962930 -5.30547513e-05 0.5 p-1 -32808 19
238 252 m2 971495 -0.000185056051 0.5 p-1 -18441 5
82 253 m2 971574 -0.000471002539 0.5 p-1 -507992 39
142 254 m2 975873 -1.88146914e-05 0.5 p-1 -4367827 314
162 255 m2 976562 -0.0153702619 0.5 p-1 -365596 42
97 256 m2 977443 -0.015754642 0.5 p-1 -3458490 143
188 257 m2 979953 -6.23947053e-05 0.5 p-1 -23437 16
143 259 m2 983909 -6.40826556e-06 0.5 p-1 -152841 37
80 260 m2 989531 -9.02868996e-05 0.5 p-1 -24216 28
223 261 m2 995559 -0.00642163353 0.5 p-1 -11211 7
35 262 m2 998495 -0.00162605778 0.5 p-1 -8696379 1792
250 264 m2 630683 -0.000320847961 0.5 p0 2 1
201 271 m2 441671 -0.0135147246 0.5 p0 2 2
247 273 m2 375799 -0.00690789195 0.5 p0 2 1
213 278 m2 319911 -4.27600622e-09 0.5 p0 2 1
248 282 m2 450480 -0.00112539926 0.5 p0 2 1
207 291 m2 281728 -3.82065991e-05 0.5 p0 2 2
236 294 m2 651096 -0.0133823771 0.5 p0 2 4
233 296 m2 997177 -0.00275262492 0.5 p0 2 1
244 302 m2 778284 -0.0451416746 0.5 p0 2 2
251 306 m2 400166 -0.00916412007 0.5 p0 2 3
260 309 m2 887167 -0.000293936959 0.5 p0 2 1
146 310 m1 12369 0 0.5 p-1 -722978 57
118 311 m1 18840 0 0.5 p-1 -18945 7
102 312 m1 34596 0 0.5 p-1 -261820 104
262 314 m1 49011 0 0.5 p-1 -1648 1
1 315 m1 68967 0 0.5 p-1 -517358 253
229 316 m1 70493 0 0.5 p-1 -228542 3
253 322 m1 167844 0 0.5 p-1 -797 2
5 323 m1 186050 0 0.5 p-1 -1724598 1701
68 324 m1 187486 0 0.5 p-1 -3242587 413
37 325 m1 189084 0 0.5 p-1 -435499 654
47 326 m1 194438 0 0.5 p-1 -2300732 478
89 328 m1 198995 0 0.5 p-1 -833790 115
6 329 m1 200446 0 0.5 p-1 -909336 628
58 330 m1 201132 0 0.5 p-1 -602297 726
103 331 m1 219156 0 0.5 p-1 -1993295 761
49 332 m1 249046 0 0.5 p-1 -61069 51
194 334 m1 320374 0 0.5 p-1 -287274 8
241 335 m1 353414 0 0.5 p-1 -42245 1
230 336 m1 358379 0 0.5 p-1 -126456 14
105 337 m1 375149 0 0.5 p-1 -133148 66
128 339 m1 386985 0 0.5 p-1 -204373 232
92 340 m1 392927 0 0.5 p-1 -1428136 393
16 342 m1 404124 0 0.5 p-1 -3565478 1884
119 343 m1 426671 0 0.5 p-1 -41554 31
263 347 m1 468636 0 0.5 p-1 -6131 1
52 348 m1 475958 0 0.5 p-1 -556529 65
93 349 m1 485103 0 0.5 p-1 -5929256 148
203 350 m1 488437 0 0.5 p-1 -10679 14
222 351 m1 488915 0 0.5 p-1 -729227 5
53 352 m1 495925 0 0.5 p-1 -297126 404
115 353 m1 513318 0 0.5 p-1 -145927 52
110 354 m1 517726 0 0.5 p-1 -3543138 259
190 355 m1 520806 0 0.5 p-1 -693465 21
164 356 m1 548961 0 0.5 p-1 -307514 38
133 357 m1 553046 0 0.5 p-1 -1204382 152
71 358 m1 568375 0 0.5 p-1 -3662244 141
54 359 m1 575665 0 0.5 p-1 -215800 305
220 365 m1 655730 0 0.5 p-1 -164184 23
138 366 m1 663002 0 0.5 p-1 -76883 17
74 367 m1 667163 0 0.5 p-1 -3291043 526
61 368 m1 671051 0 0.5 p-1 -8763404 1344
24 369 m1 701035 0 0.5 p-1 -1344246 1076
124 370 m1 716166 0 0.5 p-1 -29297 39
184 371 m1 723557 0 0.5 p-1 -1062317 25
76 374 m1 777176 0 0.5 p-1 -3794047 321
192 375 m1 778587 0 0.5 p-1 -11177 10
225 376 m1 781692 0 0.5 p-1 -125711 17
130 377 m1 784482 0 0.5 p-1 -8645 19
209 379 m1 794001 0 0.5 p-1 -31958 17
64 380 m1 800600 0 0.5 p-1 -3589909 1245
169 381 m1 833978 0 0.5 p-1 -25070 58
29 382 m1 840834 0 0.5 p-1 -1053542 493
30 384 m1 863231 0 0.5 p-1 -7006415 1984
125 387 m1 909009 0 0.5 p-1 -272688 133
255 388 m1 912940 0 0.5 p-1 -10307 3
254 389 m1 921974 0 0.5 p-1 -12718 1
32 392 m1 954438 0 0.5 p-1 -9277586 1879
242 394 m1 965076 0 0.5 p-1 -163649 5
33 395 m1 970637 0 0.5 p-1 -4770189 482
116 396 m1 974618 0 0.5 p-1 -148833 51
34 397 m1 987803 0 0.5 p-1 -7934994 1784
204 398 m1 991859 0 0.5 p-1 -372590 63
