Temp_ID Permanent_ID Mutation_type Position s h Subpop Tick Number
537 0 m2 721 0.0367672369 0.5 p-1 -59839 28
407 3 m2 5792 -0.0378723927 0.5 p-1 -71261 37
532 4 m2 6434 0.00326504419 0.5 p-1 -7669 15
147 5 m2 7084 0.00466344226 0.5 p-1 -7334029 1213
0 6 m2 7394 0.00128649233 0.5 p-1 -1820153 703
395 12 m2 17223 -0.0348559618 0.5 p-1 -1274681 154
258 13 m2 17458 0.0204343982 0.5 p-1 -33573 138
175 14 m2 17647 -0.000272352598 0.5 p-1 -171902 197
462 15 m2 18623 -0.00830623228 0.5 p-1 -571404 26
570 18 m2 24841 -0.0105093149 0.5 p-1 -13025 17
149 20 m2 26571 5.17327462e-05 0.5 p-1 -132844 84
472 21 m2 28713 -2.98086998e-05 0.5 p-1 -11782 14
491 22 m2 28949 -0.0188336838 0.5 p-1 -23221 17
3 23 m2 29118 0.000506775454 0.5 p-1 -5989140 1474
404 26 m2 43230 0.000607388385 0.5 p-1 -220521 47
485 27 m2 44508 0.0125428271 0.5 p-1 -139150 23
5 28 m2 44785 0.00472816639 0.5 p-1 -16600849 1768
6 29 m2 47269 -0.0019915523 0.5 p-1 -2304406 555
533 30 m2 50882 0.0684626922 0.5 p-1 -10973 15
399 32 m2 54447 -0.0221719425 0.5 p-1 -25482 30
408 33 m2 58356 -0.00826273579 0.5 p-1 -38119 12
432 34 m2 59562 -5.66541894e-06 0.5 p-1 -152835 21
362 36 m2 61265 -0.00155333139 0.5 p-1 -73150 30
218 38 m2 63262 1.49645167e-08 0.5 p-1 -273291 220
549 40 m2 74205 -0.000530584948 0.5 p-1 -946058 15
98 41 m2 74583 0.000818812987 0.5 p-1 -1600725 362
440 44 m2 86712 -4.21353434e-06 0.5 p-1 -131087 6
376 45 m2 87073 0.00605573272 0.5 p-1 -5251554 68
176 46 m2 88887 0.0220702291 0.5 p-1 -918360 656
465 49 m2 92965 -0.00720075704 0.5 p-1 -1054093 7
150 50 m2 93262 0.000120198762 0.5 p-1 -2229720 1156
497 51 m2 93480 -0.00015045637 0.5 p-1 -104266 10
463 53 m2 95604 0.00259308773 0.5 p-1 -11485 11
260 54 m2 97381 -0.00484563364 0.5 p-1 -62133 76
9 55 m2 97416 -7.93795771e-05 0.5 p-1 -4220411 1841
468 56 m2 99758 0.0139321908 0.5 p-1 -465327 55
406 57 m2 102182 0.0016249154 0.5 p-1 -15743 33
340 58 m2 104469 -0.0427611731 0.5 p-1 -323749 12
380 59 m2 104918 0.005927525 0.5 p-1 -98781 99
283 60 m2 108248 -0.0090210028 0.5 p-1 -1177064 536
617 61 m2 112563 -0.00235146191 0.5 p-1 -30502 1
508 62 m2 117085 0.0597604699 0.5 p-1 -24664 25
10 63 m2 122001 -0.00793132652 0.5 p-1 -5048728 499
456 66 m2 128359 0.00459732208 0.5 p-1 -730293 13
302 67 m2 129215 0.0139438417 0.5 p-1 -9122 13
197 68 m2 129377 -0.0866003484 0.5 p-1 -733583 378
151 69 m2 129521 0.0074256286 0.5 p-1 -411606 19
11 71 m2 133074 0.00590852555 0.5 p-1 -2213440 1491
355 72 m2 134240 0.00268957904 0.5 p-1 -18912 14
12 74 m2 135172 0.000944228843 0.5 p-1 -101747 107
291 75 m2 135384 -0.00490237074 0.5 p-1 -1334634 81
99 76 m2 138890 -0.000366901222 0.5 p-1 -1562415 957
177 77 m2 140290 -0.00294989371 0.5 p-1 -2456679 152
325 80 m2 141307 0.026826987 0.5 p-1 -105315 85
178 82 m2 147058 0.0675093234 0.5 p-1 -240377 100
311 83 m2 148825 -0.01273097 0.5 p-1 -1238539 20
605 86 m2 157308 0.000733451569 0.5 p-1 -2637298 4
476 88 m2 160637 -0.000346645305 0.5 p-1 -31639 34
152 89 m2 161419 -0.000204856944 0.5 p-1 -2528341 474
15 90 m2 161428 -0.000313316908 0.5 p-1 -734068 450
341 91 m2 161479 -0.0639886707 0.5 p-1 -96941 38
276 92 m2 165134 -0.00160223013 0.5 p-1 -520576 152
277 95 m2 166169 -1.29232767e-05 0.5 p-1 -62161 131
153 96 m2 168709 -6.71046837e-06 0.5 p-1 -620038 463
609 98 m2 173653 -0.000843196467 0.5 p-1 -1986980 4
541 99 m2 175285 0.00224344572 0.5 p-1 -70282 37
475 100 m2 175414 0.0173299089 0.5 p-1 -234952 25
312 101 m2 175842 -0.0359143019 0.5 p-1 -442356 53
261 102 m2 177308 0.000160842086 0.5 p-1 -1322717 36
522 103 m2 179200 -0.0020864394 0.5 p-1 -48487 22
17 104 m2 183747 -0.000207398625 0.5 p-1 -855511 627
180 105 m2 184727 -2.44889579e-05 0.5 p-1 -3952516 800
477 107 m2 185409 -0.00150570658 0.5 p-1 -101455 55
486 110 m2 189405 -0.00272031757 0.5 p-1 -35037 6
104 111 m2 190886 0.0064944895 0.5 p-1 -692062 327
372 113 m2 193638 0.00522919698 0.5 p-1 -125284 45
484 114 m2 195215 0.00142817991 0.5 p-1 -11038 5
105 115 m2 199508 -0.000497973058 0.5 p-1 -2259260 1228
458 116 m2 202996 0.0028136184 0.5 p-1 -49129 12
199 117 m2 204992 -0.0090745464 0.5 p-1 -344318 70
385 118 m2 206124 -0.00835807063 0.5 p-1 -8176 23
558 119 m2 209965 0.00153324602 0.5 p-1 -340113 12
20 120 m2 211936 1.82917756e-05 0.5 p-1 -2521425 1587
622 122 m2 214214 -0.00824661553 0.5 p-1 -5128 2
438 123 m2 214217 0.00162692659 0.5 p-1 -70514 76
21 125 m2 218844 0.00124962488 0.5 p-1 -5262129 1276
182 126 m2 221075 -0.0324956253 0.5 p-1 -2197818 336
400 129 m2 226648 -4.92495246e-07 0.5 p-1 -72355 6
154 130 m2 228866 0.000285357732 0.5 p-1 -1777119 708
234 133 m2 230892 -0.00566951279 0.5 p-1 -199062 258
547 134 m2 231045 -2.80614334e-11 0.5 p-1 -50008 13
467 135 m2 231258 0.0184423793 0.5 p-1 -5761 36
200 136 m2 231539 -0.0106886961 0.5 p-1 -143211 13
503 137 m2 233825 -0.022484567 0.5 p-1 -432915 18
543 138 m2 234913 0.000505438307 0.5 p-1 -32048 3
22 139 m2 236786 -0.00348043372 0.5 p-1 -6639633 360
550 143 m2 245689 -0.00154995034 0.5 p-1 -22673 1
292 144 m2 245713 -0.00231324928 0.5 p-1 -197730 188
560 145 m2 246320 0.0028417299 0.5 p-1 -416220 6
429 146 m2 246339 -0.00436365884 0.5 p-1 -57364 31
155 149 m2 253835 6.72675305e-05 0.5 p-1 -451096 191
108 150 m2 255068 0.00212018937 0.5 p-1 -547184 128
23 151 m2 255536 -0.0619043037 0.5 p-1 -15601236 1569
278 152 m2 256177 -5.7376343e-07 0.5 p-1 -2070262 154
364 153 m2 260663 -0.00490918523 0.5 p-1 -167290 107
279 154 m2 261811 0.00289403927 0.5 p-1 -3120079 280
156 155 m2 265241 0.06892775 0.5 p-1 -1057662 153
357 156 m2 265630 -0.000662966573 0.5 p-1 -282812 252
373 157 m2 265848 0.00940385275 0.5 p-1 -285025 171
557 158 m2 268553 0.229444295 0.5 p-1 -4964 4
594 159 m2 276686 -0.0659261718 0.5 p-1 -27070 3
332 160 m2 278344 2.05297401e-05 0.5 p-1 -657743 325
183 161 m2 278354 0.0238216296 0.5 p-1 -433471 396
184 162 m2 278562 -0.00018775824 0.5 p-1 -772118 866
110 164 m2 280194 -0.000755497196 0.5 p-1 -4415061 584
466 165 m2 280571 5.42571797e-05 0.5 p-1 -103181 77
499 167 m2 283331 -0.0128542148 0.5 p-1 -17854 7
157 168 m2 283579 0.000346718967 0.5 p-1 -1662647 508
500 169 m2 285482 -0.00502041215 0.5 p-1 -19494 7
25 170 m2 285826 0.0299567468 0.5 p-1 -2341724 1831
551 171 m2 286479 0.0111050634 0.5 p-1 -39206 5
263 172 m2 286819 -0.00552818691 0.5 p-1 -9082459 451
26 173 m2 287710 0.00639738515 0.5 p-1 -8572589 1582
27 174 m2 292246 -0.00644627586 0.5 p-1 -6275030 1810
565 175 m2 293507 0.0119308196 0.5 p-1 -16572 2
585 176 m2 296959 -0.0240487121 0.5 p-1 -91114 14
358 177 m2 297802 -0.000571624667 0.5 p-1 -128152 35
396 178 m2 298481 -0.00150326302 0.5 p-1 -127197 55
313 179 m2 303480 0.00247535785 0.5 p-1 -895303 50
201 180 m2 303839 0.0190662574 0.5 p-1 -150713 46
28 183 m2 308487 0.00699533336 0.5 p-1 -664792 586
314 184 m2 309021 -2.87946095e-05 0.5 p-1 -139211 77
264 185 m2 310751 2.29070374e-05 0.5 p-1 -441140 185
398 186 m2 313983 0.000460850366 0.5 p-1 -706942 51
29 187 m2 316819 -0.0728703588 0.5 p-1 -3587424 1598
320 188 m2 317227 0.00506517058 0.5 p-1 -154236 60
185 189 m2 318367 -0.0215729009 0.5 p-1 -497798 303
403 191 m2 323398 -5.40482797e-05 0.5 p-1 -143144 69
203 195 m2 329082 0.000618495978 0.5 p-1 -386310 46
493 196 m2 329869 0.00011880252 0.5 p-1 -42674 9
187 197 m2 331770 -0.0185672864 0.5 p-1 -705532 1051
31 199 m2 334490 0.0359217599 0.5 p-1 -116496 230
509 200 m2 337137 6.86985322e-06 0.5 p-1 -738 16
32 201 m2 337413 -0.00990344584 0.5 p-1 -3441177 1627
204 202 m2 338795 -0.000670476293 0.5 p-1 -186328 164
33 203 m2 346545 -0.00371966325 0.5 p-1 -9381647 704
589 204 m2 347096 -0.00334043126 0.5 p-1 -46478 1
496 206 m2 348473 -0.00245655444 0.5 p-1 -43554 50
559 207 m2 349950 -0.0377432555 0.5 p-1 -6709 6
265 209 m2 351300 0.00174388057 0.5 p-1 -3495435 415
34 210 m2 352476 0.0540271811 0.5 p-1 -2507065 892
111 211 m2 352642 0.000240470094 0.5 p-1 -5479257 1224
321 213 m2 355105 0.000180674586 0.5 p-1 -6664238 470
220 214 m2 355633 0.0834630579 0.5 p-1 -2337767 647
377 215 m2 357430 -0.00930308364 0.5 p-1 -1517495 353
35 217 m2 363231 0.00123964809 0.5 p-1 -2246296 1679
322 218 m2 363973 0.00828250404 0.5 p-1 -74017 13
249 219 m2 366147 -0.0354698747 0.5 p-1 -3205284 183
36 220 m2 367685 -0.000376205979 0.5 p-1 -6252738 1003
342 221 m2 368220 0.00455844542 0.5 p-1 -1062300 147
586 225 m2 379598 -0.00482107559 0.5 p-1 -1590 2
450 226 m2 379608 7.25132995e-05 0.5 p-1 -77207 64
37 227 m2 379687 0.000148729145 0.5 p-1 -4108571 1836
359 228 m2 380780 -0.0138614913 0.5 p-1 -319500 41
326 229 m2 382729 0.000626471185 0.5 p-1 -70228 39
343 231 m2 383826 -0.00118271087 0.5 p-1 -21858 17
221 232 m2 385157 -0.000816640153 0.5 p-1 -197860 84
39 235 m2 389212 0.0891478658 0.5 p-1 -8517580 1403
114 236 m2 390181 0.00548579916 0.5 p-1 -1948135 1335
158 237 m2 391776 0.00808022171 0.5 p-1 -2202049 664
538 238 m2 392653 -0.0107064182 0.5 p-1 -340513 32
414 240 m2 397915 0.000227462646 0.5 p-1 -1519014 49
402 241 m2 398019 -0.000208467216 0.5 p-1 -35464 20
115 242 m2 401939 0.00745136989 0.5 p-1 -2262423 474
386 244 m2 408033 2.24218957e-06 0.5 p-1 -296956 47
387 245 m2 409858 0.0653221533 0.5 p-1 -1021678 93
250 246 m2 410364 -0.000155691348 0.5 p-1 -340972 183
159 248 m2 412861 -0.0475163162 0.5 p-1 -2444133 465
40 249 m2 414977 -0.00220697513 0.5 p-1 -620331 149
222 250 m2 415534 -0.000366445922 0.5 p-1 -106657 58
494 251 m2 416216 -0.000281767425 0.5 p-1 -13322 9
349 254 m2 418086 0.00276125548 0.5 p-1 -915164 249
42 255 m2 418638 -0.057972949 0.5 p-1 -1364195 137
272 257 m2 420257 -8.89698858e-05 0.5 p-1 -70352 125
44 262 m2 427353 0.0128747365 0.5 p-1 -2293626 440
116 263 m2 428704 -7.51359985e-05 0.5 p-1 -2216204 936
513 264 m2 429515 -0.00571175199 0.5 p-1 -225819 15
587 265 m2 429581 -0.000647675304 0.5 p-1 -8479 6
425 266 m2 430737 0.00413258933 0.5 p-1 -93125 75
160 268 m2 432897 -0.0109374039 0.5 p-1 -1570316 1211
378 269 m2 434312 0.0118551394 0.5 p-1 -52268 39
117 270 m2 438562 0.00950088259 0.5 p-1 -1683955 813
223 271 m2 438720 -0.0140495272 0.5 p-1 -495062 209
205 272 m2 439066 -0.0130756842 0.5 p-1 -494232 125
391 273 m2 439332 -0.0766064674 0.5 p-1 -158224 43
45 274 m2 440106 0.0367017239 0.5 p-1 -8860294 1914
431 275 m2 440377 -0.00137176062 0.5 p-1 -695 8
118 279 m2 448475 1.19148854e-05 0.5 p-1 -2535504 905
48 282 m2 456402 -0.000424035767 0.5 p-1 -410507 541
324 283 m2 456513 -1.27886415e-06 0.5 p-1 -1154877 62
422 287 m2 465190 -0.00947138947 0.5 p-1 -267456 137
267 288 m2 466129 -6.84756305e-05 0.5 p-1 -305136 216
224 289 m2 466772 0.0015648104 0.5 p-1 -139671 77
284 290 m2 469753 0.0129335113 0.5 p-1 -101675 131
444 291 m2 470061 -0.00819658209 0.5 p-1 -673284 83
381 293 m2 474272 0.0205019787 0.5 p-1 -86470 29
601 294 m2 475428 -0.0219421778 0.5 p-1 -38782 3
446 295 m2 479595 -0.00348484889 0.5 p-1 -163547 5
162 298 m2 485775 -0.0193070881 0.5 p-1 -210081 18
206 299 m2 485810 -0.00219390611 0.5 p-1 -412880 397
238 300 m2 487674 0.000231060927 0.5 p-1 -467232 141
294 301 m2 491497 0.0182133522 0.5 p-1 -642171 71
315 302 m2 491761 -0.00228589843 0.5 p-1 -692562 30
50 304 m2 492624 -0.0010737764 0.5 p-1 -3159029 1696
553 306 m2 497480 -0.00312502705 0.5 p-1 -16734 2
119 307 m2 497982 -7.02286634e-05 0.5 p-1 -1863885 497
427 308 m2 498062 -8.54259179e-06 0.5 p-1 -432667 24
225 309 m2 499368 0.0165479407 0.5 p-1 -399902 73
334 310 m2 501219 0.00146146084 0.5 p-1 -1653283 330
335 312 m2 501459 0.000206219542 0.5 p-1 -1004344 378
51 313 m2 502080 -2.24156679e-07 0.5 p-1 -2033266 1065
554 314 m2 502778 -0.000405988045 0.5 p-1 -66496 2
188 315 m2 504041 -0.015747847 0.5 p-1 -1667900 738
280 316 m2 505650 -0.00287163258 0.5 p-1 -822619 121
251 317 m2 508575 -0.00128152943 0.5 p-1 -1243633 385
365 319 m2 512653 0.01197288 0.5 p-1 -5579403 123
347 321 m2 516932 0.00677417405 0.5 p-1 -30367 16
120 322 m2 517099 0.000395474548 0.5 p-1 -3522227 1256
52 323 m2 518127 0.000467627397 0.5 p-1 -3023740 1597
121 324 m2 518215 -0.00189840398 0.5 p-1 -2756789 202
295 325 m2 520321 -0.000764393946 0.5 p-1 -197397 193
163 326 m2 523966 0.000767801946 0.5 p-1 -392813 94
442 328 m2 525302 0.000866621616 0.5 p-1 -280424 19
495 329 m2 526769 -0.00268664397 0.5 p-1 -836545 29
584 330 m2 527112 0.0130593376 0.5 p-1 -21292 4
409 332 m2 528148 2.60382915e-08 0.5 p-1 -37129 55
122 333 m2 529630 0.0444671325 0.5 p-1 -836587 610
53 335 m2 534078 1.58926214e-05 0.5 p-1 -591033 1309
507 336 m2 534309 0.000919557177 0.5 p-1 -4237597 12
521 337 m2 534804 0.0386977531 0.5 p-1 -2437 6
285 340 m2 537501 0.0217628926 0.5 p-1 -75077 69
615 342 m2 539065 -2.16000831e-06 0.5 p-1 -355310 2
164 343 m2 539183 -6.38573983e-05 0.5 p-1 -4148488 1060
579 344 m2 540255 0.000853276579 0.5 p-1 -1240087 14
512 346 m2 543054 -0.00861125905 0.5 p-1 -119862 16
253 348 m2 544489 0.0191723406 0.5 p-1 -280391 220
327 349 m2 545272 0.00851268973 0.5 p-1 -52069 47
54 351 m2 551709 0.000194581124 0.5 p-1 -3254930 1536
336 353 m2 556583 7.94646476e-05 0.5 p-1 -746 22
55 354 m2 558157 -0.00237179897 0.5 p-1 -3005076 1737
56 355 m2 558210 9.1853457e-05 0.5 p-1 -2131109 1460
57 358 m2 564279 -0.0229032896 0.5 p-1 -2573421 1477
316 359 m2 565036 0.0323526263 0.5 p-1 -50984 49
527 360 m2 571315 -0.0091728894 0.5 p-1 -19055 11
350 361 m2 571901 0.00335676968 0.5 p-1 -70529 133
337 362 m2 573864 0.00665109651 0.5 p-1 -223775 39
189 364 m2 574906 -0.00723615289 0.5 p-1 -702051 299
504 365 m2 575707 0.00306757074 0.5 p-1 -86947 15
58 366 m2 576120 -0.000810972997 0.5 p-1 -6042624 1989
520 368 m2 580523 -0.00137608906 0.5 p-1 -121916 12
123 369 m2 582614 0.000392654503 0.5 p-1 -4765198 657
165 370 m2 583156 -2.55437751e-08 0.5 p-1 -138619 23
226 373 m2 587385 0.0115199536 0.5 p-1 -1274294 735
281 374 m2 588263 1.20171208e-05 0.5 p-1 -4006837 25
273 375 m2 590592 -0.000161830962 0.5 p-1 -199064 176
286 377 m2 591660 0.0253279824 0.5 p-1 -15283 43
515 378 m2 592529 -0.000298036146 0.5 p-1 -81559 7
546 380 m2 594512 0.0257553309 0.5 p-1 -31659 13
514 383 m2 596108 0.0156774074 0.5 p-1 -210159 12
124 384 m2 597008 0.0386887342 0.5 p-1 -362492 519
125 385 m2 597123 0.00157286599 0.5 p-1 -950852 528
296 387 m2 599320 0.000729140418 0.5 p-1 -102871 2
575 389 m2 601328 -0.000163592253 0.5 p-1 -99060 6
317 390 m2 603443 0.0111176446 0.5 p-1 -413259 172
531 393 m2 606955 -0.000637293444 0.5 p-1 -2144 26
166 395 m2 607448 0.00153737154 0.5 p-1 -2782776 481
449 398 m2 609597 -5.40695844e-09 0.5 p-1 -203267 14
345 399 m2 618571 0.010104469 0.5 p-1 -525624 110
304 401 m2 625893 0.000185496494 0.5 p-1 -34011 40
61 402 m2 626697 0.000317423779 0.5 p-1 -1469510 1060
63 404 m2 631167 -1.70833676e-08 0.5 p-1 -622426 587
487 406 m2 638237 0.00605017412 0.5 p-1 -138039 17
590 407 m2 641382 -1.31747302e-05 0.5 p-1 -31766 8
623 408 m2 645871 -3.72515494e-08 0.5 p-1 -32288 1
64 409 m2 646139 0.0011422867 0.5 p-1 -6541699 1655
388 412 m2 648486 1.17100751e-09 0.5 p-1 -1528049 80
209 415 m2 650776 0.0843149424 0.5 p-1 -455205 309
492 417 m2 652909 -0.00713597843 0.5 p-1 -965 17
228 420 m2 662068 0.0188297555 0.5 p-1 -361990 110
65 424 m2 665970 0.000389410037 0.5 p-1 -1859424 1204
268 425 m2 669742 -0.023469219 0.5 p-1 -353747 91
459 427 m2 670837 0.01069686 0.5 p-1 -37761 41
127 428 m2 670887 1.55232792e-05 0.5 p-1 -7965243 841
401 429 m2 671755 0.00036031616 0.5 p-1 -6024 30
423 430 m2 675555 -0.0165986437 0.5 p-1 -1145903 15
67 432 m2 677627 0.00176119048 0.5 p-1 -2361518 892
242 433 m2 678596 0.00375550799 0.5 p-1 -415866 156
577 434 m2 678725 0.00984909385 0.5 p-1 -15492 5
598 436 m2 684857 -0.000946426531 0.5 p-1 -46144 1
374 437 m2 685202 0.00537781185 0.5 p-1 -85259 86
435 438 m2 685484 -0.00169832399 0.5 p-1 -205144 77
563 440 m2 687521 0.0216193143 0.5 p-1 -8649 1
168 441 m2 689034 0.00530206552 0.5 p-1 -1209606 178
502 444 m2 692360 -0.0121033611 0.5 p-1 -77894 7
328 445 m2 695368 -0.0484735593 0.5 p-1 -4495043 109
68 446 m2 695817 -0.0111675989 0.5 p-1 -745558 196
210 447 m2 695867 8.44616079e-06 0.5 p-1 -1525810 326
229 448 m2 697067 -0.000164871002 0.5 p-1 -1513328 281
129 450 m2 698143 0.000714439666 0.5 p-1 -67517 35
230 451 m2 699477 -1.18955018e-06 0.5 p-1 -540772 259
445 452 m2 700856 0.000853136356 0.5 p-1 -1025530 168
269 453 m2 702431 -0.00126588799 0.5 p-1 -2109731 234
270 454 m2 703487 -0.000489730795 0.5 p-1 -745057 114
274 456 m2 703872 -0.000659480516 0.5 p-1 -2355946 405
169 458 m2 707049 -0.0036483265 0.5 p-1 -2449163 1052
523 459 m2 714078 -0.0067054173 0.5 p-1 -81778 21
170 460 m2 716072 -0.0102118114 0.5 p-1 -118031 35
415 462 m2 721035 2.21569274e-09 0.5 p-1 -90974 51
297 464 m2 723527 -0.00875707157 0.5 p-1 -321763 51
566 465 m2 726255 0.0478486009 0.5 p-1 -3960 10
597 466 m2 727850 -0.00490943063 0.5 p-1 -28527 1
69 467 m2 730847 -0.000664375024 0.5 p-1 -3014822 1936
443 468 m2 731208 -7.36664588e-05 0.5 p-1 -45149 36
534 469 m2 731685 -0.00175143266 0.5 p-1 -17985 19
212 470 m2 732724 6.25763932e-05 0.5 p-1 -726573 129
70 472 m2 736258 -0.0190322064 0.5 p-1 -5048043 1160
231 474 m2 738150 0.0127267698 0.5 p-1 -2872269 446
489 475 m2 738405 7.03978949e-05 0.5 p-1 -10938 3
131 477 m2 740963 -0.0100335665 0.5 p-1 -3120911 1177
254 479 m2 746207 -0.00914682727 0.5 p-1 -2641400 321
375 481 m2 746916 2.92954919e-05 0.5 p-1 -21697 1
132 483 m2 747821 -6.60991718e-05 0.5 p-1 -1962493 1537
453 484 m2 749613 -3.63834297e-05 0.5 p-1 -65639 4
595 485 m2 751171 -0.000736475631 0.5 p-1 -37540 9
370 486 m2 751317 -0.0170185324 0.5 p-1 -610322 53
410 487 m2 752090 -2.39130732e-05 0.5 p-1 -230947 70
271 488 m2 752444 0.0119851194 0.5 p-1 -578870 9
133 490 m2 754106 -0.00122712948 0.5 p-1 -1686865 257
451 491 m2 754254 -0.0014127891 0.5 p-1 -203822 11
306 492 m2 754505 8.4647418e-08 0.5 p-1 -132269 62
555 493 m2 755496 0.00808463711 0.5 p-1 -317498 4
191 494 m2 761474 4.38344068e-06 0.5 p-1 -934003 224
71 495 m2 766856 0.00108844216 0.5 p-1 -2491168 1085
72 496 m2 767143 -0.00616047345 0.5 p-1 -1551746 808
430 499 m2 773753 1.24660369e-06 0.5 p-1 -193034 57
73 500 m2 779542 -0.00206690701 0.5 p-1 -1075038 859
457 501 m2 781491 -0.00080143183 0.5 p-1 -214475 20
74 502 m2 782966 -0.0009845366 0.5 p-1 -2138065 1806
135 503 m2 784303 4.39536102e-10 0.5 p-1 -1272699 391
76 504 m2 785652 0.000103048522 0.5 p-1 -2469119 1198
136 506 m2 789214 0.000326337788 0.5 p-1 -210467 107
77 509 m2 790793 0.000134060436 0.5 p-1 -4119984 529
511 513 m2 796721 -0.0108546335 0.5 p-1 -152775 8
360 514 m2 797075 0.0866204873 0.5 p-1 -631167 210
78 515 m2 799449 0.0746917725 0.5 p-1 -882526 1253
243 517 m2 801345 0.00563838053 0.5 p-1 -1180569 1112
562 519 m2 802844 -0.0622046851 0.5 p-1 -150084 9
80 520 m2 803058 0.000647892884 0.5 p-1 -6222079 1304
289 521 m2 804577 0.0253079776 0.5 p-1 -1252325 170
421 522 m2 804784 -0.000760503113 0.5 p-1 -8551 24
539 524 m2 806128 6.88752407e-05 0.5 p-1 -37002 9
255 525 m2 813395 0.00274679181 0.5 p-1 -1514982 232
614 526 m2 813782 -1.02901785e-08 0.5 p-1 -16432 1
530 527 m2 816199 -0.000187109705 0.5 p-1 -107953 4
82 528 m2 816697 -0.00952365249 0.5 p-1 -6002182 1864
383 529 m2 817648 -0.000671456684 0.5 p-1 -153708 26
192 531 m2 820157 8.12842518e-06 0.5 p-1 -885836 213
389 532 m2 821117 0.000494694337 0.5 p-1 -11883 36
172 533 m2 821281 -0.0110253431 0.5 p-1 -3509253 1101
528 535 m2 829355 -0.00961565971 0.5 p-1 -28146 3
83 536 m2 831400 -0.00040661986 0.5 p-1 -736135 436
244 537 m2 832322 0.000318078091 0.5 p-1 -10254818 252
308 538 m2 833273 3.09228221e-06 0.5 p-1 -896124 302
517 539 m2 833360 0.000293554738 0.5 p-1 -75311 21
245 541 m2 833956 -0.0220490582 0.5 p-1 -1499953 338
173 544 m2 843136 0.00788052008 0.5 p-1 -13895249 237
139 545 m2 843282 -0.00803165138 0.5 p-1 -29382 63
569 546 m2 843833 5.77816172e-05 0.5 p-1 -2551 3
519 547 m2 847090 -0.00319584389 0.5 p-1 -1381759 18
214 548 m2 849390 0.00344906002 0.5 p-1 -734575 469
490 549 m2 849613 0.000114959817 0.5 p-1 -1305145 10
299 552 m2 859257 -0.00302182534 0.5 p-1 -2153443 46
529 553 m2 860048 -0.0210795421 0.5 p-1 -276605 2
352 555 m2 861903 0.00163657148 0.5 p-1 -325192 48
353 556 m2 862197 -0.00401427085 0.5 p-1 -243069 48
84 559 m2 868131 1.89990203e-06 0.5 p-1 -8826292 1945
583 560 m2 868783 4.43240679e-05 0.5 p-1 -4913 3
85 563 m2 870022 -0.000164082478 0.5 p-1 -2593385 1689
436 564 m2 870712 -1.43897364e-06 0.5 p-1 -120001 49
215 566 m2 874740 -0.00449644262 0.5 p-1 -1773276 268
256 568 m2 879596 2.33261653e-05 0.5 p-1 -12234642 325
194 569 m2 879918 0.00013684752 0.5 p-1 -100396 146
216 570 m2 884534 -0.0696520656 0.5 p-1 -11950600 343
195 572 m2 887847 0.0233321488 0.5 p-1 -960358 244
348 573 m2 888974 -5.0941806e-05 0.5 p-1 -836235 18
217 574 m2 897736 -0.0218317937 0.5 p-1 -1152985 334
606 575 m2 900844 0.000899236999 0.5 p-1 -41449 2
88 576 m2 901069 -6.4215601e-06 0.5 p-1 -1565473 1384
417 578 m2 904417 0.000126512721 0.5 p-1 -2223453 79
89 581 m2 908476 0.00175224349 0.5 p-1 -2164618 502
140 582 m2 908885 2.6202928e-05 0.5 p-1 -748961 47
564 583 m2 910305 -2.09756963e-05 0.5 p-1 -4151 11
90 584 m2 914544 -7.0405702e-05 0.5 p-1 -387373 141
141 585 m2 918914 0.00353322108 0.5 p-1 -2317412 945
309 586 m2 919769 -0.000113122842 0.5 p-1 -3080220 278
603 587 m2 919811 0.00107513706 0.5 p-1 -1576 1
418 588 m2 921854 3.79658047e-07 0.5 p-1 -306940 114
516 589 m2 924833 0.00387251866 0.5 p-1 -1913 7
91 590 m2 927265 -0.0153820077 0.5 p-1 -2047237 1794
246 591 m2 929857 0.000628216891 0.5 p-1 -535275 612
535 593 m2 930421 -0.00186973973 0.5 p-1 -75298 14
599 596 m2 934055 0.00842841063 0.5 p-1 -27880 1
196 597 m2 936085 -0.000446648221 0.5 p-1 -6217358 538
339 598 m2 937220 3.21697735e-05 0.5 p-1 -290569 172
437 599 m2 937594 0.00920492318 0.5 p-1 -132151 26
142 601 m2 941364 0.00168259616 0.5 p-1 -1098821 439
301 602 m2 943511 -1.34360007e-05 0.5 p-1 -1195572 403
482 604 m2 950683 5.95986567e-05 0.5 p-1 -76234 12
424 605 m2 951162 -0.0364961885 0.5 p-1 -699806 74
439 607 m2 955278 0.0112323659 0.5 p-1 -2228468 28
361 608 m2 955374 -1.45850381e-05 0.5 p-1 -469603 122
93 609 m2 956060 0.0164365023 0.5 p-1 -6645651 1548
464 611 m2 959225 0.000114482944 0.5 p-1 -201791 21
394 614 m2 963205 -0.00648837583 0.5 p-1 -1728366 124
419 615 m2 963585 0.081115514 0.5 p-1 -93548 81
384 616 m2 965616 -0.0512251891 0.5 p-1 -1004627 84
96 617 m2 966822 -6.19128259e-05 0.5 p-1 -5242349 620
371 619 m2 970299 0.0502944067 0.5 p-1 -535035 179
561 621 m2 972886 1.16836827e-05 0.5 p-1 -347223 15
144 622 m2 973554 -0.000906316563 0.5 p-1 -3120302 1752
145 623 m2 976627 0.0158718061 0.5 p-1 -6593993 977
146 624 m2 981259 2.61769655e-05 0.5 p-1 -1940429 284
573 625 m2 986985 -0.000880352047 0.5 p-1 -8417 8
600 626 m2 988830 -0.0226538759 0.5 p-1 -24484 5
354 627 m2 989541 -0.00127934688 0.5 p-1 -6533628 123
612 631 m2 776976 0.00720560551 0.5 p0 2 1
613 632 m2 802831 -0.0202276036 0.5 p0 2 1
608 639 m2 845696 0.00290549989 0.5 p0 2 1
568 640 m2 272572 -0.0301255099 0.5 p0 2 3
545 646 m2 305088 0.00359705673 0.5 p0 2 4
481 647 m2 796757 0.0102559905 0.5 p0 2 52
621 650 m2 103395 -0.00116924942 0.5 p0 2 1
593 651 m2 281858 0.000193643558 0.5 p0 2 1
604 666 m2 974650 -0.000453385699 0.5 p0 2 3
447 668 m2 372973 -0.00692764437 0.5 p0 2 10
610 669 m2 203296 0.00356599456 0.5 p0 2 5
611 671 m2 587712 -0.0166682936 0.5 p0 2 3
580 676 m2 859488 -0.00520643825 0.5 p0 2 8
578 677 m2 612623 0.000533980085 0.5 p0 2 2
473 701 m2 412702 -0.00397345191 0.5 p0 2 8
478 703 m2 731652 0.000576529361 0.5 p0 2 7
356 725 m2 246856 -0.0129591497 0.5 p0 2 5
567 729 m2 165558 0.0207070634 0.5 p0 2 5
405 745 m2 86740 0.0295330323 0.5 p0 2 10
591 752 m2 585047 0.0077786711 0.5 p0 2 2
572 753 m2 488299 9.02502579e-05 0.5 p0 2 4
174 755 m1 47 0 0.5 p-1 -162237 45
1 756 m1 8605 0 0.5 p-1 -5819360 1266
2 757 m1 19094 0 0.5 p-1 -755340 276
148 758 m1 20341 0 0.5 p-1 -633434 103
454 759 m1 20765 -0 0.5 p-1 -22127 16
310 760 m1 30585 -0 0.5 p-1 -531422 337
4 761 m1 34026 -0 0.5 p-1 -3491227 945
518 763 m1 52184 -0 0.5 p-1 -9141 23
329 764 m1 53505 -0 0.5 p-1 -186671 53
259 765 m1 54452 0 0.5 p-1 -2158 38
7 766 m1 58383 0 0.5 p-1 -275522 173
506 768 m1 68002 -0 0.5 p-1 -45760 7
542 769 m1 69618 0 0.5 p-1 -69825 19
8 770 m1 70042 -0 0.5 p-1 -156848 267
433 772 m1 79730 -0 0.5 p-1 -153805 37
369 773 m1 86010 0 0.5 p-1 -62381 33
290 775 m1 88849 -0 0.5 p-1 -125568 6
247 778 m1 91650 0 0.5 p-1 -1815808 163
470 780 m1 103504 0 0.5 p-1 -70526 24
248 782 m1 111332 -0 0.5 p-1 -550162 326
363 783 m1 113100 -0 0.5 p-1 -2056894 127
552 784 m1 120197 -0 0.5 p-1 -55044 25
198 785 m1 140198 -0 0.5 p-1 -573315 403
100 786 m1 142503 0 0.5 p-1 -36476 100
13 787 m1 152740 0 0.5 p-1 -2211652 1979
101 788 m1 153793 -0 0.5 p-1 -78206 79
483 789 m1 154450 0 0.5 p-1 -43011 2
102 790 m1 154988 0 0.5 p-1 -4521473 1294
303 791 m1 158999 -0 0.5 p-1 -11442 22
14 792 m1 160825 0 0.5 p-1 -1130210 485
103 795 m1 166880 0 0.5 p-1 -1299676 1158
16 797 m1 171199 0 0.5 p-1 -2688782 322
179 798 m1 174353 -0 0.5 p-1 -739336 231
18 799 m1 187455 0 0.5 p-1 -194495 111
19 800 m1 189712 0 0.5 p-1 -326773 70
219 802 m1 197912 -0 0.5 p-1 -4639842 261
619 803 m1 203887 -0 0.5 p-1 -30942 1
181 804 m1 205997 -0 0.5 p-1 -1133179 403
452 806 m1 226658 -0 0.5 p-1 -65255 35
233 807 m1 227042 -0 0.5 p-1 -440167 83
544 808 m1 228362 -0 0.5 p-1 -72928 26
106 809 m1 243049 0 0.5 p-1 -1834321 588
107 811 m1 249486 -0 0.5 p-1 -1055208 449
330 812 m1 259720 -0 0.5 p-1 -151756 105
109 813 m1 261315 0 0.5 p-1 -1215863 469
331 814 m1 265569 -0 0.5 p-1 -116035 71
262 815 m1 266009 -0 0.5 p-1 -1472947 75
24 816 m1 271236 -0 0.5 p-1 -7575229 1227
588 818 m1 280182 0 0.5 p-1 -55503 4
488 821 m1 291937 -0 0.5 p-1 -164405 12
319 822 m1 292308 -0 0.5 p-1 -6470319 190
367 824 m1 304978 -0 0.5 p-1 -2315746 74
548 826 m1 309297 -0 0.5 p-1 -126176 5
235 828 m1 315994 0 0.5 p-1 -3232281 495
202 829 m1 318685 -0 0.5 p-1 -483002 153
30 830 m1 322985 0 0.5 p-1 -3653578 1194
186 831 m1 331752 0 0.5 p-1 -1825717 1057
266 833 m1 354346 0 0.5 p-1 -1423802 148
112 834 m1 358261 -0 0.5 p-1 -526518 177
390 839 m1 366939 -0 0.5 p-1 -983080 130
368 840 m1 378971 0 0.5 p-1 -539299 56
113 842 m1 383947 0 0.5 p-1 -1400438 193
38 843 m1 389130 -0 0.5 p-1 -602057 936
236 844 m1 390105 0 0.5 p-1 -792053 299
237 845 m1 394264 -0 0.5 p-1 -111502 295
413 846 m1 397892 -0 0.5 p-1 -143877 9
510 847 m1 400823 -0 0.5 p-1 -12615 11
393 848 m1 403708 0 0.5 p-1 -6124 11
333 849 m1 413598 0 0.5 p-1 -949390 146
471 850 m1 414575 -0 0.5 p-1 -117029 43
323 851 m1 414598 0 0.5 p-1 -5625465 121
41 852 m1 418504 -0 0.5 p-1 -862863 125
43 853 m1 420592 -0 0.5 p-1 -146513 122
536 854 m1 423763 0 0.5 p-1 -4537 3
505 855 m1 437203 0 0.5 p-1 -313161 31
46 857 m1 447080 -0 0.5 p-1 -7432540 1783
592 858 m1 451462 -0 0.5 p-1 -2483 5
47 859 m1 456150 -0 0.5 p-1 -10019309 1595
49 860 m1 461010 -0 0.5 p-1 -3196533 725
161 861 m1 475819 0 0.5 p-1 -1048995 389
526 863 m1 477768 -0 0.5 p-1 -30375 17
344 864 m1 478768 0 0.5 p-1 -178732 186
293 865 m1 480727 0 0.5 p-1 -1824571 350
346 866 m1 489100 0 0.5 p-1 -15952 11
448 867 m1 489241 0 0.5 p-1 -48525 39
474 868 m1 493219 0 0.5 p-1 -112453 27
426 869 m1 497682 0 0.5 p-1 -103055 20
501 871 m1 511487 -0 0.5 p-1 -28934 12
441 872 m1 514784 0 0.5 p-1 -134837 12
239 873 m1 532263 -0 0.5 p-1 -303943 65
252 874 m1 536145 0 0.5 p-1 -66768 127
469 875 m1 547944 0 0.5 p-1 -107731 19
455 879 m1 569481 0 0.5 p-1 -22209 25
460 880 m1 573658 0 0.5 p-1 -1091078 25
616 881 m1 575096 0 0.5 p-1 -6730 3
190 882 m1 578264 -0 0.5 p-1 -2127879 566
207 883 m1 584659 -0 0.5 p-1 -204891 158
240 884 m1 592480 0 0.5 p-1 -784892 161
59 885 m1 594406 0 0.5 p-1 -1755454 682
60 886 m1 595097 -0 0.5 p-1 -1152300 534
397 887 m1 597604 0 0.5 p-1 -1098438 114
241 888 m1 602023 -0 0.5 p-1 -298794 254
208 890 m1 612535 0 0.5 p-1 -2858729 514
366 891 m1 615782 -0 0.5 p-1 -953383 56
126 894 m1 622222 -0 0.5 p-1 -109052 175
434 895 m1 622857 -0 0.5 p-1 -1303850 6
227 896 m1 627813 0 0.5 p-1 -1408268 403
62 897 m1 630035 0 0.5 p-1 -4966772 961
602 898 m1 633834 -0 0.5 p-1 -52933 1
576 899 m1 640738 -0 0.5 p-1 -2558 4
305 900 m1 642319 0 0.5 p-1 -88605 65
318 902 m1 654490 -0 0.5 p-1 -619295 144
596 903 m1 654969 0 0.5 p-1 -19562 1
461 905 m1 667719 -0 0.5 p-1 -108806 26
66 906 m1 670438 -0 0.5 p-1 -5830225 1686
287 907 m1 672098 0 0.5 p-1 -1215920 239
167 908 m1 681058 0 0.5 p-1 -174047 101
288 909 m1 683048 -0 0.5 p-1 -2636027 319
338 911 m1 686868 0 0.5 p-1 -304827 246
128 912 m1 696849 0 0.5 p-1 -1993817 1491
428 914 m1 705873 0 0.5 p-1 -102017 27
282 916 m1 711007 0 0.5 p-1 -27593 16
211 917 m1 717312 -0 0.5 p-1 -383633 786
130 918 m1 719584 0 0.5 p-1 -2620863 317
556 919 m1 720190 0 0.5 p-1 -6270 10
540 921 m1 746084 0 0.5 p-1 -48905 1
379 922 m1 748260 0 0.5 p-1 -446719 41
307 924 m1 754945 0 0.5 p-1 -231236 62
171 925 m1 758084 0 0.5 p-1 -7904562 849
275 926 m1 760877 0 0.5 p-1 -298271 84
581 927 m1 768506 0 0.5 p-1 -17697 3
134 928 m1 771880 0 0.5 p-1 -1866483 394
574 929 m1 776362 -0 0.5 p-1 -3450 7
213 930 m1 777435 0 0.5 p-1 -196054 98
298 931 m1 778697 0 0.5 p-1 -2500742 499
75 932 m1 783992 -0 0.5 p-1 -1924515 427
607 933 m1 785532 -0 0.5 p-1 -16876 1
524 934 m1 787048 0 0.5 p-1 -45453 20
479 936 m1 794167 0 0.5 p-1 -739421 43
79 937 m1 800230 -0 0.5 p-1 -969176 799
382 939 m1 810385 0 0.5 p-1 -361600 111
81 940 m1 811837 -0 0.5 p-1 -4132811 730
411 942 m1 820172 -0 0.5 p-1 -89349 57
137 943 m1 820546 -0 0.5 p-1 -751539 624
138 944 m1 829011 0 0.5 p-1 -4227140 1319
420 945 m1 837536 0 0.5 p-1 -298092 31
618 946 m1 839978 -0 0.5 p-1 -161575 1
412 948 m1 842731 0 0.5 p-1 -674254 37
351 949 m1 851589 0 0.5 p-1 -185972 97
232 950 m1 872955 -0 0.5 p-1 -235475 156
392 951 m1 878275 -0 0.5 p-1 -91571 70
193 952 m1 878476 -0 0.5 p-1 -4350103 350
86 953 m1 879709 0 0.5 p-1 -2039608 648
257 954 m1 879747 -0 0.5 p-1 -8560001 396
416 956 m1 892059 0 0.5 p-1 -957948 206
87 957 m1 900550 -0 0.5 p-1 -2153699 1194
300 958 m1 915420 0 0.5 p-1 -216832 110
498 959 m1 924638 0 0.5 p-1 -101019 23
92 960 m1 940344 0 0.5 p-1 -2532483 1830
94 964 m1 959688 -0 0.5 p-1 -2192649 1115
95 965 m1 964113 0 0.5 p-1 -7557715 414
143 966 m1 964149 0 0.5 p-1 -7902557 1586
480 967 m1 977816 0 0.5 p-1 -169325 44
571 968 m1 979353 0 0.5 p-1 -4543 2
525 970 m1 985455 0 0.5 p-1 -6108 8
620 971 m1 988706 0 0.5 p-1 -1497 2
582 972 m1 994284 0 0.5 p-1 -43235 1
97 973 m1 999482 -0 0.5 p-1 -4829580 614
