Temp_ID Permanent_ID Mutation_type Position s h Subpop Tick Number
41 0 m2 1296 0.00410431717 0.5 p-1 -10758 5
185 2 m2 6913 -0.000538579363 0.5 p-1 -506716 165
244 3 m2 14211 -1.41674027e-05 0.5 p-1 -61449 4
0 5 m2 17936 0.00309966016 0.5 p-1 -1532103 308
124 7 m2 23515 -0.000832611753 0.5 p-1 -1101825 66
81 8 m2 24554 -0.000397511234 0.5 p-1 -264421 203
141 9 m2 24965 -9.29452472e-06 0.5 p-1 -373386 343
94 10 m2 30994 1.31076722e-05 0.5 p-1 -2752878 868
131 11 m2 33493 -3.45395274e-05 0.5 p-1 -96269 35
101 12 m2 35314 0.0017831634 0.5 p-1 -4749574 587
1 13 m2 38646 0.00503093563 0.5 p-1 -4204705 1559
82 14 m2 41271 1.29299888e-05 0.5 p-1 -910847 244
3 16 m2 57934 -5.24576135e-05 0.5 p-1 -2866817 662
43 18 m2 62079 0.000967309577 0.5 p-1 -705332 221
117 19 m2 62407 0.0228420291 0.5 p-1 -1802684 542
95 20 m2 64283 -0.00454090163 0.5 p-1 -433139 289
259 23 m2 73162 0.0044281166 0.5 p-1 -36699 6
125 24 m2 75739 0.00812341087 0.5 p-1 -24017 32
279 25 m2 78271 1.96756929e-07 0.5 p-1 -30779 1
197 26 m2 81961 -1.51362485e-06 0.5 p-1 -1656465 22
142 28 m2 94363 1.95290359e-05 0.5 p-1 -202314 31
193 29 m2 94722 0.00615581451 0.5 p-1 -259046 99
83 30 m2 95099 0.0156757534 0.5 p-1 -119526 204
237 31 m2 102028 0.000336493889 0.5 p-1 -1790209 4
115 32 m2 105633 9.28623413e-05 0.5 p-1 -3410265 176
126 33 m2 110999 0.015508824 0.5 p-1 -334470 118
236 34 m2 113706 -0.00307974592 0.5 p-1 -566661 14
113 35 m2 116271 -0.0848873556 0.5 p-1 -295819 56
186 36 m2 116610 -0.000395109382 0.5 p-1 -83089 17
194 38 m2 124392 0.0024997252 0.5 p-1 -23938 43
238 40 m2 126496 -0.00286943885 0.5 p-1 -5659 19
69 41 m2 129887 0.000143723548 0.5 p-1 -257042 424
196 42 m2 131290 -0.00955377333 0.5 p-1 -9580 24
281 43 m2 132605 0.0065370379 0.5 p-1 -57048 1
133 45 m2 139123 -0.00469938572 0.5 p-1 -666333 234
45 49 m2 165253 -2.66212965e-07 0.5 p-1 -1904388 356
235 50 m2 167241 -3.04840596e-05 0.5 p-1 -26874 11
138 51 m2 181787 -0.00845829677 0.5 p-1 -37234 24
166 52 m2 181971 0.00351120229 0.5 p-1 -7086173 108
71 53 m2 185281 0.0326960161 0.5 p-1 -604041 613
5 54 m2 187465 -4.56931703e-05 0.5 p-1 -1150248 649
249 55 m2 188907 0.000277136889 0.5 p-1 -40787 6
46 58 m2 192717 -0.00046838331 0.5 p-1 -345270 508
47 60 m2 200645 -0.0304459054 0.5 p-1 -3393264 1248
208 62 m2 201118 -0.0048558847 0.5 p-1 -45804 23
114 64 m2 217835 -3.39335202e-05 0.5 p-1 -43825 17
6 65 m2 223687 -0.00191150222 0.5 p-1 -6460484 888
102 67 m2 236543 -0.000641635503 0.5 p-1 -66210 79
118 68 m2 236947 0.00704585155 0.5 p-1 -209909 177
222 69 m2 241442 -7.462746e-05 0.5 p-1 -28483 21
167 71 m2 254566 0.00480054412 0.5 p-1 -122826 23
254 73 m2 265089 0.0112631181 0.5 p-1 -32183 2
150 74 m2 275670 -0.00942932907 0.5 p-1 -930948 45
8 76 m2 284295 0.000330324547 0.5 p-1 -15007610 1799
119 77 m2 284504 0.0148053886 0.5 p-1 -84603 33
269 78 m2 288464 0.0238886941 0.5 p-1 -12643 1
213 79 m2 293113 0.00305140694 0.5 p-1 -3316 21
72 81 m2 297849 0.00299596065 0.5 p-1 -3069924 158
280 82 m2 311861 -1.70251803e-06 0.5 p-1 -5835 4
209 83 m2 312740 7.73319971e-06 0.5 p-1 -72745 9
49 84 m2 314109 -0.00300863851 0.5 p-1 -2737121 621
188 85 m2 316927 -1.95837742e-06 0.5 p-1 -3457743 85
272 88 m2 322607 -0.00430292822 0.5 p-1 -11503 3
177 89 m2 328959 0.00310123223 0.5 p-1 -243938 38
233 91 m2 343587 -0.0115324445 0.5 p-1 -11840 8
120 92 m2 346096 0.000185316399 0.5 p-1 -110314 10
158 94 m2 355367 -0.0111552142 0.5 p-1 -213056 221
264 98 m2 359579 -0.0069429297 0.5 p-1 -1509 3
110 100 m2 369106 1.64112078e-06 0.5 p-1 -1312894 326
152 102 m2 372738 -0.0103120739 0.5 p-1 -39226 51
87 103 m2 373350 -0.0078989761 0.5 p-1 -1255676 790
96 106 m2 376470 0.0138796568 0.5 p-1 -10900136 546
10 107 m2 379267 2.78398293e-05 0.5 p-1 -4747576 1814
205 108 m2 382864 0.00477273343 0.5 p-1 -36848 14
147 109 m2 391724 -0.00298709492 0.5 p-1 -4523717 108
11 110 m2 394922 0.0609410144 0.5 p-1 -925082 602
173 111 m2 399436 2.02509409e-06 0.5 p-1 -857694 24
97 112 m2 401613 -0.00965042878 0.5 p-1 -339869 56
225 113 m2 401973 0.0114759402 0.5 p-1 -7737 10
12 114 m2 404264 1.08909189e-05 0.5 p-1 -5147986 617
14 115 m2 407150 -8.51931982e-05 0.5 p-1 -583863 662
121 116 m2 413636 0.017137412 0.5 p-1 -61180 35
136 118 m2 418103 -8.42837253e-05 0.5 p-1 -1326805 101
73 121 m2 425145 0.0328423157 0.5 p-1 -3870014 339
182 122 m2 425617 0.0100423098 0.5 p-1 -60896 4
174 124 m2 432407 -0.036261335 0.5 p-1 -1366028 67
175 125 m2 435799 0.0207617618 0.5 p-1 -10129 6
51 126 m2 443048 -0.0274490807 0.5 p-1 -4784503 836
178 133 m2 463587 0.000840797729 0.5 p-1 -158015 44
179 134 m2 464352 -9.35283566e-08 0.5 p-1 -92709 44
74 135 m2 464827 0.00809391495 0.5 p-1 -981331 417
148 137 m2 477328 0.000301168824 0.5 p-1 -263423 18
16 138 m2 481750 0.00470033009 0.5 p-1 -3678004 1449
180 140 m2 484176 0.00321559189 0.5 p-1 -773090 49
262 142 m2 489247 0.00524235563 0.5 p-1 -20490 5
75 145 m2 501505 -0.0120759802 0.5 p-1 -1451296 439
234 148 m2 509121 0.00471791113 0.5 p-1 -100190 3
210 149 m2 509899 -0.000894970959 0.5 p-1 -85968 10
53 150 m2 510506 0.0458789021 0.5 p-1 -972078 298
17 152 m2 516130 -0.000998166506 0.5 p-1 -1139216 963
271 155 m2 538895 0.00889126584 0.5 p-1 -250853 1
265 156 m2 542451 -0.000403533515 0.5 p-1 -262333 5
103 157 m2 544113 -0.00697456067 0.5 p-1 -372049 536
275 158 m2 544635 -0.00138377829 0.5 p-1 -23038 2
18 160 m2 549432 -0.000965903979 0.5 p-1 -6365010 1901
160 161 m2 549476 -0.0023016606 0.5 p-1 -78151 60
170 162 m2 552565 0.00680485321 0.5 p-1 -200546 138
257 163 m2 561585 0.00267467275 0.5 p-1 -38090 7
128 165 m2 569595 -0.0738856047 0.5 p-1 -109303 140
54 167 m2 572099 -0.00918765552 0.5 p-1 -2530954 767
181 169 m2 576577 -0.00523033179 0.5 p-1 -35812 26
201 173 m2 579360 0.0441640466 0.5 p-1 -5142 21
19 174 m2 589080 0.00304059195 0.5 p-1 -2136325 1580
55 175 m2 594405 -0.00138184475 0.5 p-1 -5889574 546
20 177 m2 600127 -0.011168927 0.5 p-1 -905507 433
56 178 m2 602361 -0.00127396872 0.5 p-1 -407256 272
21 179 m2 609879 3.42286732e-08 0.5 p-1 -12051571 118
143 181 m2 617410 -0.020581685 0.5 p-1 -105348 28
228 183 m2 619414 -0.0282225646 0.5 p-1 -32164 8
22 184 m2 620244 -0.0124300756 0.5 p-1 -729788 633
23 185 m2 624015 0.00323904608 0.5 p-1 -727956 262
24 187 m2 640775 0.00172070577 0.5 p-1 -6936442 1053
89 188 m2 645492 0.000100472469 0.5 p-1 -1412936 423
246 189 m2 646806 -0.000430893648 0.5 p-1 -110270 8
57 190 m2 654417 -0.0010637095 0.5 p-1 -10984170 319
99 191 m2 665153 0.0204211567 0.5 p-1 -2828245 469
76 192 m2 667900 -2.61374538e-07 0.5 p-1 -45681 72
184 193 m2 668951 -0.00864218362 0.5 p-1 -36021 21
162 195 m2 672550 0.00297451741 0.5 p-1 -70873 7
25 196 m2 675917 0.00545074837 0.5 p-1 -2573282 539
163 197 m2 677286 -0.00415947614 0.5 p-1 -124193 31
26 198 m2 682358 0.000831480371 0.5 p-1 -8098920 1893
122 200 m2 688989 0.00907919928 0.5 p-1 -411491 69
153 201 m2 693849 -0.000985020772 0.5 p-1 -3245 5
90 203 m2 694822 0.0104611926 0.5 p-1 -2275893 528
198 206 m2 717024 0.00346889789 0.5 p-1 -1411086 48
28 207 m2 717880 0.00135638029 0.5 p-1 -5138231 1959
251 208 m2 720145 0.0130964806 0.5 p-1 -31648 4
164 209 m2 721727 -0.0151674636 0.5 p-1 -75143 10
29 210 m2 724168 -0.000319039013 0.5 p-1 -201401 135
241 211 m2 724808 -0.00489769457 0.5 p-1 -7966 7
154 212 m2 727329 -0.00130167243 0.5 p-1 -22888 46
30 213 m2 735619 0.0148067353 0.5 p-1 -4983971 1902
206 214 m2 736109 0.00754158804 0.5 p-1 -201111 14
218 215 m2 737111 0.0034388944 0.5 p-1 -1373 13
203 216 m2 742976 0.000135414579 0.5 p-1 -1580813 61
105 217 m2 754399 -1.27516546e-06 0.5 p-1 -1489056 47
200 218 m2 757382 0.00172588986 0.5 p-1 -64219 77
219 219 m2 766879 0.0060266247 0.5 p-1 -22249 27
195 221 m2 770266 0.00104518444 0.5 p-1 -205345 122
32 222 m2 787722 -0.0068753059 0.5 p-1 -7392973 1338
59 223 m2 788185 4.66520178e-05 0.5 p-1 -931841 430
171 224 m2 790376 0.000879859435 0.5 p-1 -184415 22
106 225 m2 792412 -0.00187945995 0.5 p-1 -14962 18
107 227 m2 799260 6.60691658e-05 0.5 p-1 -7047659 375
33 228 m2 800188 -0.000600133731 0.5 p-1 -7382949 1857
77 229 m2 801379 -0.00303547108 0.5 p-1 -4238421 671
187 231 m2 807198 3.44182627e-05 0.5 p-1 -1224295 83
227 232 m2 812288 -7.81699327e-06 0.5 p-1 -60285 10
34 233 m2 813208 -0.0012364696 0.5 p-1 -3653593 1207
116 234 m2 822679 6.32945448e-05 0.5 p-1 -138050 126
220 236 m2 826070 0.00605163351 0.5 p-1 -94281 36
144 237 m2 829836 0.0110538304 0.5 p-1 -273907 94
243 240 m2 837079 -0.00763612753 0.5 p-1 -31908 27
137 241 m2 839633 -2.18265109e-06 0.5 p-1 -222237 197
35 243 m2 860816 0.000260206667 0.5 p-1 -7243683 690
211 244 m2 861817 0.000348498696 0.5 p-1 -219768 16
130 245 m2 862138 -0.000540438632 0.5 p-1 -1967126 49
36 246 m2 868901 -0.000500371447 0.5 p-1 -864127 361
191 247 m2 872327 0.000171267602 0.5 p-1 -963 10
91 248 m2 875716 0.0491329692 0.5 p-1 -289350 64
37 250 m2 878077 -0.00822797138 0.5 p-1 -3975448 1725
79 251 m2 888639 0.00144361658 0.5 p-1 -9547817 1239
192 252 m2 888966 -0.0629698262 0.5 p-1 -2466 15
145 254 m2 890837 -9.53977069e-05 0.5 p-1 -1230248 251
60 255 m2 890886 0.0098719988 0.5 p-1 -15523787 258
256 256 m2 892620 -0.000255446619 0.5 p-1 -13770 11
123 257 m2 892860 -0.00146906055 0.5 p-1 -203603 132
38 260 m2 913513 0.0160976965 0.5 p-1 -2339795 1641
92 261 m2 913862 -7.14101698e-05 0.5 p-1 -2325443 163
80 262 m2 914174 -0.0100236284 0.5 p-1 -1219249 732
273 264 m2 916051 -0.00786272436 0.5 p-1 -53358 1
108 265 m2 917088 -0.0418378524 0.5 p-1 -724889 94
157 267 m2 930235 0.00169120892 0.5 p-1 -29305 48
39 268 m2 932362 -0.0122098001 0.5 p-1 -4599966 1438
226 271 m2 952740 -0.00459708646 0.5 p-1 -2209 8
112 273 m2 961762 -0.00231503625 0.5 p-1 -893984 70
100 274 m2 966349 0.0502936877 0.5 p-1 -445080 559
64 275 m2 966571 -0.0012119168 0.5 p-1 -274704 303
93 276 m2 967891 -0.0319132358 0.5 p-1 -1208876 694
231 277 m2 974862 8.31054131e-05 0.5 p-1 -32290 10
229 278 m2 975208 -0.0015971039 0.5 p-1 -158654 39
230 279 m2 976478 -0.0188141111 0.5 p-1 -263308 25
66 281 m2 986754 6.98204967e-05 0.5 p-1 -972330 785
240 284 m2 992362 -7.26805069e-07 0.5 p-1 -8130 9
40 286 m2 994693 -0.0306838993 0.5 p-1 -298013 108
261 287 m2 995221 -0.000233934596 0.5 p-1 -345 10
169 288 m2 999906 0.001287197 0.5 p-1 -2048858 58
232 290 m2 84657 0.0044933795 0.5 p0 2 7
239 292 m2 603351 0.00424278108 0.5 p0 2 2
267 296 m2 382844 -0.0480138808 0.5 p0 2 2
247 306 m2 881862 0.0132420063 0.5 p0 2 2
268 317 m2 598744 0.0279204305 0.5 p0 2 6
266 319 m2 3167 0.00338604138 0.5 p0 2 4
215 326 m2 380793 0.000139995522 0.5 p0 2 14
217 337 m2 276647 -0.0151167344 0.5 p0 2 2
263 345 m2 519606 0.00262216991 0.5 p0 2 3
255 348 m2 68884 0.0213731844 0.5 p0 2 7
67 350 m1 13163 -0 0.5 p-1 -60418 150
42 351 m1 23361 0 0.5 p-1 -332127 481
68 352 m1 26729 -0 0.5 p-1 -1953996 686
252 353 m1 35765 0 0.5 p-1 -1855 9
278 354 m1 39981 -0 0.5 p-1 -436 1
202 355 m1 51361 0 0.5 p-1 -580536 41
2 356 m1 53387 0 0.5 p-1 -14175805 1786
155 358 m1 59694 0 0.5 p-1 -1482685 120
132 360 m1 99459 -0 0.5 p-1 -182970 62
165 362 m1 106192 0 0.5 p-1 -96591 147
207 363 m1 122793 -0 0.5 p-1 -33387 31
270 364 m1 127346 0 0.5 p-1 -28105 2
44 365 m1 152347 0 0.5 p-1 -2690710 314
274 366 m1 153222 0 0.5 p-1 -3026 1
277 367 m1 155334 0 0.5 p-1 -2312 2
70 368 m1 171398 0 0.5 p-1 -1576672 427
4 370 m1 174557 0 0.5 p-1 -1945353 651
109 371 m1 196723 -0 0.5 p-1 -414299 53
7 372 m1 235319 0 0.5 p-1 -2000065 1579
134 373 m1 239387 -0 0.5 p-1 -1337276 113
48 374 m1 249483 0 0.5 p-1 -7148227 940
84 375 m1 251286 -0 0.5 p-1 -110112 129
199 376 m1 268763 0 0.5 p-1 -48462 11
85 377 m1 272783 -0 0.5 p-1 -4925340 629
176 378 m1 278914 -0 0.5 p-1 -216458 9
135 379 m1 287884 -0 0.5 p-1 -75867 32
156 380 m1 293053 0 0.5 p-1 -140291 71
282 381 m1 307336 0 0.5 p-1 -34740 1
151 382 m1 313565 -0 0.5 p-1 -7027189 274
9 383 m1 324284 0 0.5 p-1 -7169323 1711
127 384 m1 333879 -0 0.5 p-1 -99268 147
146 385 m1 349189 0 0.5 p-1 -768517 330
86 387 m1 361027 -0 0.5 p-1 -834884 436
248 389 m1 376947 -0 0.5 p-1 -22874 5
50 390 m1 382087 -0 0.5 p-1 -700515 419
13 392 m1 405721 -0 0.5 p-1 -3399019 604
15 393 m1 411508 -0 0.5 p-1 -2301824 1090
88 394 m1 417963 -0 0.5 p-1 -4732408 756
276 395 m1 429649 -0 0.5 p-1 -39930 2
245 396 m1 432897 0 0.5 p-1 -28638 7
253 397 m1 458322 0 0.5 p-1 -24789 6
216 398 m1 463208 -0 0.5 p-1 -76459 45
98 400 m1 501264 -0 0.5 p-1 -410570 155
52 401 m1 505487 0 0.5 p-1 -2088725 251
111 403 m1 524353 0 0.5 p-1 -244386 129
223 405 m1 525659 -0 0.5 p-1 -10603 1
159 407 m1 533772 -0 0.5 p-1 -332782 146
183 408 m1 534151 0 0.5 p-1 -201551 35
204 409 m1 557350 0 0.5 p-1 -8081 7
161 412 m1 601011 -0 0.5 p-1 -150429 96
212 413 m1 609064 0 0.5 p-1 -262058 11
168 414 m1 629453 0 0.5 p-1 -196502 25
129 417 m1 650710 0 0.5 p-1 -931422 103
104 418 m1 654035 -0 0.5 p-1 -107868 128
189 420 m1 667265 -0 0.5 p-1 -730837 101
221 421 m1 685611 -0 0.5 p-1 -10900 9
27 422 m1 686267 -0 0.5 p-1 -1901832 773
190 423 m1 689027 -0 0.5 p-1 -41075 63
58 424 m1 690157 0 0.5 p-1 -7083667 1679
224 425 m1 697718 0 0.5 p-1 -31019 1
250 429 m1 719376 -0 0.5 p-1 -15522 4
214 430 m1 740966 -0 0.5 p-1 -33543 37
149 431 m1 741783 0 0.5 p-1 -86636 29
242 432 m1 742752 -0 0.5 p-1 -71529 12
31 433 m1 745054 0 0.5 p-1 -4153584 1825
140 437 m1 831257 -0 0.5 p-1 -376004 152
258 440 m1 883857 -0 0.5 p-1 -53728 5
78 441 m1 888598 -0 0.5 p-1 -3865794 1244
61 442 m1 897494 -0 0.5 p-1 -1537994 386
172 443 m1 910660 -0 0.5 p-1 -151337 3
62 444 m1 931197 0 0.5 p-1 -4029712 198
260 445 m1 932044 0 0.5 p-1 -57252 6
63 447 m1 941851 0 0.5 p-1 -1706934 1791
139 448 m1 954222 0 0.5 p-1 -4955777 210
65 449 m1 972199 -0 0.5 p-1 -1061164 104
