Temp_ID Permanent_ID Mutation_type Position s h Subpop Tick Number
288 0 m2 1026 0.0267882776 0.5 p-1 -577466 58
357 4 m2 3078 0.0130929863 0.5 p-1 -63629 1
432 5 m2 7081 -0.00626404956 0.5 p-1 -45946 3
396 6 m2 7581 0.000151116212 0.5 p-1 -8866 7
139 7 m2 11676 0.013936284 0.5 p-1 -50033 24
156 8 m2 13701 0.000205561519 0.5 p-1 -138259 69
55 9 m2 15370 0.00342208333 0.5 p-1 -5469681 563
257 10 m2 18249 -0.00886691082 0.5 p-1 -974436 8
341 12 m2 18963 0.000672417867 0.5 p-1 -67800 8
342 13 m2 20658 -0.0254479293 0.5 p-1 -75696 8
0 14 m2 21713 0.00309475372 0.5 p-1 -2609043 845
1 15 m2 24607 -8.18937281e-07 0.5 p-1 -1234657 244
424 16 m2 24812 -1.02067479e-05 0.5 p-1 -56128 1
312 17 m2 28747 0.00093379087 0.5 p-1 -38451 51
2 18 m2 29864 0.0619665869 0.5 p-1 -11501159 652
176 22 m2 36561 -0.000417669886 0.5 p-1 -528261 142
397 23 m2 39877 0.00129835831 0.5 p-1 -24652 3
252 26 m2 45352 -0.00728835678 0.5 p-1 -3344415 72
182 27 m2 45519 -0.00584799564 0.5 p-1 -88717 23
106 28 m2 50996 0.0152260568 0.5 p-1 -4568 41
317 29 m2 52068 0.000558783649 0.5 p-1 -84700 13
79 30 m2 55776 0.0490271039 0.5 p-1 -407118 133
346 32 m2 61659 0.0241131894 0.5 p-1 -82366 32
80 33 m2 62485 -7.0651372e-06 0.5 p-1 -3790783 672
220 35 m2 67663 -0.0160348266 0.5 p-1 -1184072 103
215 36 m2 69045 0.00440802425 0.5 p-1 -495047 86
177 37 m2 69672 -0.076480411 0.5 p-1 -120482 3
140 38 m2 72315 0.00470141089 0.5 p-1 -405957 90
253 39 m2 73813 0.000309950876 0.5 p-1 -7151949 104
81 40 m2 75093 -0.0014678142 0.5 p-1 -3085599 1395
329 41 m2 84234 -0.000742164731 0.5 p-1 -23140 25
157 42 m2 84767 -0.0202328581 0.5 p-1 -76220 61
338 43 m2 89073 0.00339853228 0.5 p-1 -36431 23
207 44 m2 90531 0.00532106869 0.5 p-1 -1310221 102
158 45 m2 91758 -0.0039920886 0.5 p-1 -2990959 69
337 47 m2 98711 -0.012341097 0.5 p-1 -391293 54
445 48 m2 102710 -0.0146904998 0.5 p-1 -33177 1
193 49 m2 103745 0.0199611671 0.5 p-1 -671762 76
366 50 m2 107436 0.00477558887 0.5 p-1 -30951 11
56 51 m2 109604 -0.185874879 0.5 p-1 -4735515 938
178 52 m2 110446 0.00207331497 0.5 p-1 -1791 3
356 53 m2 111310 0.0425309576 0.5 p-1 -7724 4
159 55 m2 121176 0.0100474842 0.5 p-1 -881969 118
246 56 m2 123232 -0.00252675824 0.5 p-1 -212987 80
208 57 m2 127363 0.00562045956 0.5 p-1 -241790 26
160 58 m2 127429 -0.000102981096 0.5 p-1 -820176 154
129 59 m2 130075 1.92096595e-05 0.5 p-1 -1238125 322
247 60 m2 130379 3.5395653e-05 0.5 p-1 -162525 29
419 61 m2 134408 -0.000150483393 0.5 p-1 -1706 1
185 62 m2 135482 -9.82149868e-05 0.5 p-1 -5161371 667
449 63 m2 141869 0.00909777172 0.5 p-1 -24843 1
165 64 m2 143733 -1.02239562e-06 0.5 p-1 -1051822 276
57 66 m2 150199 -0.00682498561 0.5 p-1 -4668357 156
248 69 m2 153859 9.9960962e-05 0.5 p-1 -81595 127
5 71 m2 161213 7.32145636e-05 0.5 p-1 -890265 466
107 72 m2 161937 -0.0138561036 0.5 p-1 -1167922 442
320 73 m2 164744 0.00247459975 0.5 p-1 -5921 13
58 74 m2 165048 -6.41848601e-05 0.5 p-1 -4166898 969
108 75 m2 167599 0.00153591449 0.5 p-1 -927367 496
6 77 m2 175771 -0.000367266766 0.5 p-1 -2850147 946
7 79 m2 177263 0.000228839097 0.5 p-1 -2687988 857
264 80 m2 177700 0.00489220861 0.5 p-1 -883450 44
249 81 m2 178972 -0.0156203005 0.5 p-1 -31241 18
311 83 m2 181683 -0.00187762908 0.5 p-1 -427242 36
447 84 m2 182395 -0.00968698505 0.5 p-1 -4470 4
8 85 m2 189988 0.0213120263 0.5 p-1 -125016 44
239 87 m2 193392 -0.00880771689 0.5 p-1 -103883 96
59 88 m2 194994 0.0304680821 0.5 p-1 -1020702 368
227 90 m2 196475 0.00245252228 0.5 p-1 -1927346 56
194 92 m2 202218 -0.00544486055 0.5 p-1 -6042833 327
321 93 m2 204932 -0.0116312411 0.5 p-1 -62722 11
83 94 m2 206074 -0.00548890093 0.5 p-1 -2581925 402
167 95 m2 210282 0.00207688706 0.5 p-1 -477410 523
195 96 m2 214247 -0.0059128725 0.5 p-1 -42910 128
350 97 m2 215590 0.139283359 0.5 p-1 -37329 12
9 98 m2 215842 0.0128556732 0.5 p-1 -3021971 891
335 99 m2 217021 -1.39335934e-05 0.5 p-1 -2803 5
142 100 m2 221632 0.0681978315 0.5 p-1 -441330 215
364 101 m2 225787 2.18516021e-07 0.5 p-1 -45810 13
84 102 m2 230970 4.26966231e-08 0.5 p-1 -1423500 1075
11 103 m2 235319 -2.64792401e-08 0.5 p-1 -3284247 1815
379 104 m2 239529 0.029920632 0.5 p-1 -32091 10
13 105 m2 239943 0.00217175903 0.5 p-1 -2194490 1627
143 108 m2 243971 -0.0135961901 0.5 p-1 -100557 35
14 109 m2 246943 5.64705838e-10 0.5 p-1 -5796705 661
144 110 m2 248317 1.31730346e-07 0.5 p-1 -260782 82
331 111 m2 248426 0.00017605444 0.5 p-1 -10381 17
85 113 m2 251128 -0.00615718868 0.5 p-1 -4441902 128
457 114 m2 252955 0.00582745578 0.5 p-1 -11537 1
15 115 m2 253912 0.0171418414 0.5 p-1 -4350064 486
145 118 m2 264519 -4.62906144e-07 0.5 p-1 -1808067 249
301 119 m2 266331 -0.00172799826 0.5 p-1 -517658 27
16 121 m2 268261 0.00239949347 0.5 p-1 -2732249 1608
368 122 m2 272895 -0.00752124051 0.5 p-1 -250120 3
228 123 m2 276769 -2.14229101e-09 0.5 p-1 -597832 60
17 124 m2 284213 6.81105075e-06 0.5 p-1 -509569 396
221 125 m2 284917 0.0038935144 0.5 p-1 -4782 4
18 127 m2 293214 -0.00467450637 0.5 p-1 -934870 1146
389 128 m2 293815 -0.0103737861 0.5 p-1 -38463 5
146 129 m2 293896 -2.97000867e-07 0.5 p-1 -525751 489
282 130 m2 294099 0.00476902584 0.5 p-1 -684528 149
60 131 m2 294177 0.00165695511 0.5 p-1 -3169593 1078
232 132 m2 296463 0.00408731587 0.5 p-1 -1784121 182
271 133 m2 301113 -0.0399625376 0.5 p-1 -735469 80
161 134 m2 304987 -0.00339656672 0.5 p-1 -3779791 811
446 135 m2 308659 0.0162698254 0.5 p-1 -45770 1
387 136 m2 321107 -0.0357046612 0.5 p-1 -9147 13
19 138 m2 322145 0.00480401004 0.5 p-1 -3850870 1683
411 139 m2 324274 0.0215678755 0.5 p-1 -1606 4
168 140 m2 324909 -0.00161083764 0.5 p-1 -1477840 276
302 143 m2 331780 -3.36921257e-05 0.5 p-1 -152075 38
20 144 m2 332766 -0.222393796 0.5 p-1 -4871236 582
86 146 m2 333466 8.68122498e-08 0.5 p-1 -206336 69
61 148 m2 334888 -0.000221335678 0.5 p-1 -1202322 316
62 149 m2 337662 -0.0574832335 0.5 p-1 -36387 21
332 150 m2 337683 0.00117285422 0.5 p-1 -63252 24
318 151 m2 338607 -0.00045435506 0.5 p-1 -16212 3
333 153 m2 340083 2.84600246e-05 0.5 p-1 -28603 18
348 154 m2 343560 -0.000839005981 0.5 p-1 -264564 5
87 156 m2 346875 -0.0116909919 0.5 p-1 -57488 45
412 157 m2 347134 -0.0146984514 0.5 p-1 -1316 4
327 158 m2 349733 -0.0112850415 0.5 p-1 -335194 29
336 159 m2 351212 -0.0113308961 0.5 p-1 -8222 9
111 160 m2 355206 -0.00179029244 0.5 p-1 -899320 177
283 161 m2 355294 -5.49435463e-05 0.5 p-1 -250158 59
359 163 m2 361819 6.5055603e-05 0.5 p-1 -24172 1
131 167 m2 374568 -0.00889163278 0.5 p-1 -198767 261
202 168 m2 378860 -1.71484971e-05 0.5 p-1 -341455 135
21 169 m2 383347 -0.000223595518 0.5 p-1 -14583673 1935
362 171 m2 398446 1.09630319e-05 0.5 p-1 -120401 29
453 172 m2 399863 -0.0225069318 0.5 p-1 -135633 1
243 174 m2 401787 -0.00144635944 0.5 p-1 -208014 47
147 175 m2 402276 -0.00429821992 0.5 p-1 -184159 83
294 176 m2 404737 0.00143990212 0.5 p-1 -1164549 154
113 177 m2 405646 -6.03322906e-06 0.5 p-1 -9477579 376
354 179 m2 411539 0.0145422649 0.5 p-1 -7680 5
224 181 m2 416665 0.00201495155 0.5 p-1 -58451 67
405 182 m2 420004 -0.0646581724 0.5 p-1 -390958 6
25 184 m2 426879 -0.0576666035 0.5 p-1 -357479 160
179 185 m2 434355 0.000229323981 0.5 p-1 -2852 31
455 186 m2 436767 -0.0249085091 0.5 p-1 -17386 3
211 187 m2 438691 -0.0154176923 0.5 p-1 -178732 112
275 188 m2 440003 6.29543848e-08 0.5 p-1 -339084 44
197 189 m2 440661 0.0029029334 0.5 p-1 -153341 127
347 190 m2 440679 -0.00400991598 0.5 p-1 -75 4
351 191 m2 440819 -0.0239602234 0.5 p-1 -593165 3
222 193 m2 450174 0.00153912068 0.5 p-1 -21202 7
114 194 m2 453433 0.00587322609 0.5 p-1 -1894322 258
278 195 m2 453980 0.000161149641 0.5 p-1 -136337 52
115 196 m2 457414 -0.000296731567 0.5 p-1 -698897 245
212 198 m2 460213 0.00734480424 0.5 p-1 -677509 167
170 199 m2 462794 0.00333918305 0.5 p-1 -3424834 150
26 201 m2 465611 -0.000112349328 0.5 p-1 -37157 10
203 204 m2 471508 0.000605286623 0.5 p-1 -2696573 616
236 207 m2 473068 2.58140767e-06 0.5 p-1 -12046 29
116 208 m2 474059 0.000227315148 0.5 p-1 -12981 5
162 209 m2 475112 0.00440160325 0.5 p-1 -4525535 231
365 210 m2 476686 -0.000244011491 0.5 p-1 -11915 14
374 211 m2 477894 -0.00398427527 0.5 p-1 -295 6
386 212 m2 478245 -0.016649764 0.5 p-1 -5878 17
27 213 m2 479450 0.00808766671 0.5 p-1 -254932 139
88 214 m2 481156 0.00970999058 0.5 p-1 -805339 962
186 215 m2 488124 0.07632339 0.5 p-1 -192656 312
292 217 m2 496615 1.76101312e-05 0.5 p-1 -25360 25
187 218 m2 510803 0.0138064139 0.5 p-1 -4800631 467
291 219 m2 513401 0.00572385173 0.5 p-1 -586571 28
426 220 m2 525896 0.0419789106 0.5 p-1 -6549 1
91 221 m2 526261 0.0197173897 0.5 p-1 -3487526 1009
163 222 m2 531329 -0.198027939 0.5 p-1 -1065228 318
238 223 m2 535954 -0.0395817272 0.5 p-1 -130175 134
64 224 m2 536558 0.000601105625 0.5 p-1 -3525805 1604
188 226 m2 538696 -0.00346824387 0.5 p-1 -1082731 416
132 228 m2 542807 1.36901164e-07 0.5 p-1 -2749863 699
28 229 m2 544879 0.0165454615 0.5 p-1 -2078940 474
436 232 m2 550516 -0.0801337883 0.5 p-1 -19595 1
263 233 m2 551128 -0.0252346359 0.5 p-1 -1254386 10
360 234 m2 552103 0.00234256755 0.5 p-1 -6200 2
164 235 m2 553173 0.00178847066 0.5 p-1 -208020 97
415 236 m2 553896 -0.0115249604 0.5 p-1 -5753 2
66 237 m2 557362 -0.0790014863 0.5 p-1 -775216 347
149 241 m2 566475 0.0169254821 0.5 p-1 -4360001 213
240 246 m2 579400 -0.0422390811 0.5 p-1 -40898 28
29 248 m2 583486 0.000636474579 0.5 p-1 -1815750 1005
151 249 m2 587366 0.000818354078 0.5 p-1 -1320270 252
92 250 m2 592145 2.03972177e-05 0.5 p-1 -2448804 352
30 251 m2 592433 -0.00525876973 0.5 p-1 -1099043 91
67 252 m2 593466 -0.00167034834 0.5 p-1 -2556751 1297
326 253 m2 594136 -0.0455667116 0.5 p-1 -56926 12
93 256 m2 605998 -0.00205310923 0.5 p-1 -1698931 548
153 257 m2 608765 0.00321960426 0.5 p-1 -113664 125
133 258 m2 609183 -0.0124363126 0.5 p-1 -9060950 287
154 260 m2 611601 -0.000189237791 0.5 p-1 -277400 241
118 261 m2 613736 -1.86391658e-09 0.5 p-1 -6784386 543
225 262 m2 615088 -0.00473488541 0.5 p-1 -932877 76
226 263 m2 615645 0.00119092944 0.5 p-1 -3926903 437
183 264 m2 617966 -0.000226541713 0.5 p-1 -42515 44
180 265 m2 619606 -0.0136451684 0.5 p-1 -178800 141
384 267 m2 627527 -0.00474146334 0.5 p-1 -109848 1
414 269 m2 636237 -0.122140601 0.5 p-1 -136706 2
68 271 m2 637667 0.0165368803 0.5 p-1 -937528 323
416 272 m2 638905 -0.00405201642 0.5 p-1 -6023 2
213 273 m2 638928 0.00287588616 0.5 p-1 -187746 108
171 274 m2 640977 0.00542765716 0.5 p-1 -242044 87
94 276 m2 647661 -0.030541556 0.5 p-1 -227349 74
119 277 m2 649796 0.00758022023 0.5 p-1 -168731 199
372 278 m2 651336 -8.64692481e-07 0.5 p-1 -150161 24
265 279 m2 654501 -0.0196217038 0.5 p-1 -3161 4
32 280 m2 654750 -2.59500212e-05 0.5 p-1 -2497789 783
266 281 m2 654828 -8.29348664e-07 0.5 p-1 -183423 53
69 282 m2 656174 -3.14298525e-08 0.5 p-1 -655765 767
33 286 m2 662214 0.00043356762 0.5 p-1 -1610552 787
309 288 m2 664906 -0.00196976727 0.5 p-1 -64506 96
70 289 m2 673844 -0.00167596422 0.5 p-1 -3375877 982
298 290 m2 674049 0.018887274 0.5 p-1 -29158 11
433 291 m2 676288 0.0034874517 0.5 p-1 -43942 2
430 292 m2 677385 -1.00740872e-05 0.5 p-1 -702444 2
95 293 m2 677449 7.08461948e-06 0.5 p-1 -1386188 352
96 295 m2 685788 0.00121074496 0.5 p-1 -4778452 581
229 296 m2 686504 0.000777315989 0.5 p-1 -251422 176
120 297 m2 690888 -0.000300510001 0.5 p-1 -3791854 148
345 298 m2 692485 -0.0427900515 0.5 p-1 -659878 42
434 299 m2 695337 -0.0010094092 0.5 p-1 -11657 2
72 300 m2 699248 -0.000955916534 0.5 p-1 -3120647 658
428 301 m2 700501 0.0222033691 0.5 p-1 -49147 2
34 302 m2 706853 -0.0580434687 0.5 p-1 -3789589 1170
35 303 m2 711272 -5.70687106e-08 0.5 p-1 -2603489 1026
268 304 m2 715012 -0.000150688473 0.5 p-1 -64415 118
199 305 m2 716802 -0.0273540057 0.5 p-1 -105062 81
316 306 m2 719150 -0.0336394459 0.5 p-1 -141954 27
427 307 m2 720667 0.000538486755 0.5 p-1 -58913 4
73 308 m2 722537 -9.48895031e-05 0.5 p-1 -1405972 811
305 309 m2 723099 -0.000261519977 0.5 p-1 -116693 66
413 310 m2 724396 -0.000420631754 0.5 p-1 -85035 5
97 311 m2 727616 -0.00337476819 0.5 p-1 -319147 68
272 314 m2 734357 2.43829545e-05 0.5 p-1 -406147 102
190 316 m2 735314 -0.0390009843 0.5 p-1 -996072 47
310 317 m2 736375 0.055165872 0.5 p-1 -112201 28
241 318 m2 736855 -0.000260213536 0.5 p-1 -55861 59
406 319 m2 740777 4.35305219e-06 0.5 p-1 -1529 3
237 320 m2 752804 0.0140232677 0.5 p-1 -667765 193
322 321 m2 753593 -3.73654575e-06 0.5 p-1 -48201 16
279 323 m2 758820 -2.63469104e-07 0.5 p-1 -109959 66
181 325 m2 760449 0.00989311188 0.5 p-1 -18267610 286
273 326 m2 765770 0.0155267799 0.5 p-1 -626108 86
377 327 m2 767458 5.77827961e-07 0.5 p-1 -55651 8
36 328 m2 767747 0.0149771776 0.5 p-1 -1801874 537
191 331 m2 771570 -0.021455301 0.5 p-1 -254285 61
404 332 m2 774216 -0.000790712656 0.5 p-1 -70212 2
285 333 m2 775258 -0.000658931036 0.5 p-1 -6218 17
260 334 m2 779566 -0.00814219285 0.5 p-1 -268002 66
261 335 m2 782074 0.00040711739 0.5 p-1 -46163 54
123 336 m2 782100 0.000191926796 0.5 p-1 -810164 188
38 337 m2 783291 0.00144616363 0.5 p-1 -4760933 1538
255 338 m2 783720 -6.27423697e-06 0.5 p-1 -168033 37
124 339 m2 784116 4.76406434e-08 0.5 p-1 -3029657 1630
314 340 m2 786613 0.000465594174 0.5 p-1 -10218 7
230 341 m2 795625 -0.00595546607 0.5 p-1 -13867 36
319 342 m2 795804 0.000204058408 0.5 p-1 -56069 61
173 344 m2 802581 -0.00907421485 0.5 p-1 -56370 51
39 345 m2 806038 -0.0157372355 0.5 p-1 -1955600 1897
373 346 m2 806410 0.0101168156 0.5 p-1 -34032 12
409 347 m2 810592 0.00365356449 0.5 p-1 -25284 4
98 348 m2 812284 -0.00465602195 0.5 p-1 -2946346 787
392 349 m2 813259 -3.80937479e-07 0.5 p-1 -44315 2
204 350 m2 813522 -0.00342510222 0.5 p-1 -1042965 65
125 352 m2 817278 -0.152419642 0.5 p-1 -3629857 151
287 354 m2 818835 3.82736154e-08 0.5 p-1 -775488 76
363 355 m2 820412 0.00126898824 0.5 p-1 -340 12
438 356 m2 821194 1.38350299e-06 0.5 p-1 -12814 5
74 357 m2 821690 -2.93598691e-06 0.5 p-1 -2081050 933
410 360 m2 826414 -0.0165462252 0.5 p-1 -10400 7
75 361 m2 827478 0.00974743161 0.5 p-1 -8571470 1342
40 362 m2 827522 -0.00893133599 0.5 p-1 -11049036 658
382 363 m2 830444 1.11580557e-05 0.5 p-1 -771149 29
42 364 m2 833427 -0.000161648757 0.5 p-1 -11828472 1496
43 365 m2 834836 0.0138466451 0.5 p-1 -54681 9
44 366 m2 835081 -9.26020075e-05 0.5 p-1 -316306 287
323 367 m2 835310 -4.59168623e-05 0.5 p-1 -568060 13
371 368 m2 840524 -0.00467586704 0.5 p-1 -291107 19
454 369 m2 841167 0.0137552936 0.5 p-1 -2676 1
440 370 m2 844893 3.44510518e-05 0.5 p-1 -21497 3
76 371 m2 852898 0.0159847494 0.5 p-1 -2828045 1161
299 373 m2 857906 -8.77877756e-06 0.5 p-1 -19282 21
218 374 m2 859471 0.00346170249 0.5 p-1 -134056 52
290 375 m2 860648 0.00613232329 0.5 p-1 -1520741 123
280 378 m2 868833 -0.00587407267 0.5 p-1 -23945 75
99 379 m2 870928 -0.00627324358 0.5 p-1 -9862086 589
244 380 m2 872464 -0.000463558943 0.5 p-1 -7850 6
259 381 m2 872526 -0.00130095298 0.5 p-1 -749502 109
242 382 m2 875140 0.000485713128 0.5 p-1 -852 4
100 384 m2 891900 -5.67501156e-05 0.5 p-1 -460118 262
330 385 m2 894999 0.00147452101 0.5 p-1 -52076 41
334 386 m2 903445 0.000197768051 0.5 p-1 -4162311 53
46 387 m2 905250 -0.00556658302 0.5 p-1 -4414597 1834
361 389 m2 908416 -0.0115041258 0.5 p-1 -3749 2
175 390 m2 914093 0.00146299449 0.5 p-1 -4305649 448
277 391 m2 915257 -0.00323875854 0.5 p-1 -154901 19
313 392 m2 919052 -0.000565089285 0.5 p-1 -211728 36
437 393 m2 921086 -0.000191488987 0.5 p-1 -545509 1
101 394 m2 924247 -0.00453266548 0.5 p-1 -16461 7
77 395 m2 924324 3.99457946e-07 0.5 p-1 -12816383 949
274 396 m2 924329 -0.0118910819 0.5 p-1 -325662 88
201 398 m2 928858 0.00908509083 0.5 p-1 -256438 78
284 399 m2 933038 0.00205144007 0.5 p-1 -521380 133
407 402 m2 943601 -0.000589618692 0.5 p-1 -20940 3
408 404 m2 944997 0.000810911006 0.5 p-1 -1058 3
78 405 m2 945998 -0.00046975931 0.5 p-1 -6280996 257
48 406 m2 946619 -0.0153963231 0.5 p-1 -580248 321
395 408 m2 949990 -1.70798603e-06 0.5 p-1 -25439 6
49 411 m2 952798 3.13003262e-10 0.5 p-1 -5809325 1741
324 412 m2 953087 -0.000271190307 0.5 p-1 -379280 7
234 414 m2 956105 -1.01607798e-08 0.5 p-1 -120235 26
137 416 m2 958290 1.2475426e-05 0.5 p-1 -1404078 1169
138 419 m2 960583 -0.000404103368 0.5 p-1 -1021468 320
126 420 m2 965239 2.81759412e-06 0.5 p-1 -6516853 422
184 423 m2 978021 0.00258272327 0.5 p-1 -17230 21
50 425 m2 983261 0.0301211569 0.5 p-1 -5029840 1449
206 426 m2 984711 -0.0172639731 0.5 p-1 -1984698 256
53 427 m2 992727 0.000104090606 0.5 p-1 -17334 41
448 428 m2 996710 -0.00254931115 0.5 p-1 -152980 1
104 429 m2 997132 -0.000852351426 0.5 p-1 -453500 372
105 430 m2 998381 -0.000251853984 0.5 p-1 -2108000 239
441 434 m2 662306 -0.0038136479 0.5 p0 2 2
444 435 m2 904243 -0.000171194333 0.5 p0 2 1
442 436 m2 742938 0.00317678228 0.5 p0 2 1
393 437 m2 726834 -0.00138660369 0.5 p0 2 3
391 446 m2 962913 -0.00653801067 0.5 p0 2 3
398 450 m2 573944 0.00280772382 0.5 p0 2 3
450 454 m2 959499 -0.0143789621 0.5 p0 2 3
385 458 m2 356447 0.00147285115 0.5 p0 2 2
439 468 m2 688170 -0.000455694011 0.5 p0 2 5
370 469 m2 965996 0.00021157063 0.5 p0 2 2
435 475 m2 530689 0.00372237922 0.5 p0 2 1
399 484 m2 970517 0.00841921009 0.5 p0 2 2
394 491 m2 841892 0.0153025454 0.5 p0 2 1
251 493 m2 833556 0.0262582302 0.5 p0 2 3
423 502 m2 133733 -0.0198003631 0.5 p0 2 1
431 506 m2 699359 -5.2906038e-05 0.5 p0 2 1
422 507 m2 449196 -0.00586380158 0.5 p0 2 1
458 509 m2 775593 0.00185228174 0.5 p0 2 1
443 510 m2 89609 -0.000194985929 0.5 p0 2 3
352 513 m2 574288 0.000620284874 0.5 p0 2 2
353 514 m2 936186 -6.24169797e-06 0.5 p0 2 1
235 518 m2 282990 3.18063067e-05 0.5 p0 2 2
401 519 m2 656489 0.0045950762 0.5 p0 2 5
388 520 m2 107033 0.0142541667 0.5 p0 2 4
418 521 m2 372174 0.00200631307 0.5 p0 2 1
245 524 m1 22585 -0 0.5 p-1 -405479 24
256 525 m1 24677 0 0.5 p-1 -409505 77
250 526 m1 31984 0 0.5 p-1 -146406 35
344 527 m1 38066 0 0.5 p-1 -203652 16
270 528 m1 39163 0 0.5 p-1 -93395 32
262 529 m1 40593 -0 0.5 p-1 -86387 7
219 530 m1 42905 0 0.5 p-1 -357785 178
3 531 m1 55881 -0 0.5 p-1 -1488729 740
306 532 m1 56237 0 0.5 p-1 -10195 6
82 534 m1 76269 -0 0.5 p-1 -466054 256
367 537 m1 107959 -0 0.5 p-1 -117232 41
141 538 m1 111124 0 0.5 p-1 -1891173 307
4 539 m1 112505 0 0.5 p-1 -1867277 1716
231 540 m1 121935 0 0.5 p-1 -5910116 175
276 542 m1 141250 0 0.5 p-1 -98108 31
390 543 m1 142370 0 0.5 p-1 -850005 17
339 544 m1 157624 0 0.5 p-1 -681792 33
421 545 m1 160717 -0 0.5 p-1 -213 4
300 546 m1 165368 -0 0.5 p-1 -224326 110
315 547 m1 179484 -0 0.5 p-1 -372293 25
109 548 m1 187974 -0 0.5 p-1 -6291425 681
166 549 m1 189242 -0 0.5 p-1 -284153 161
130 550 m1 189338 0 0.5 p-1 -794514 378
209 553 m1 207369 0 0.5 p-1 -660022 168
10 554 m1 218112 -0 0.5 p-1 -4014630 389
425 555 m1 224552 0 0.5 p-1 -11514 2
12 556 m1 238618 0 0.5 p-1 -1325846 805
380 557 m1 242311 0 0.5 p-1 -21567 5
196 558 m1 244956 0 0.5 p-1 -1165197 155
420 559 m1 250552 0 0.5 p-1 -75778 6
383 561 m1 251778 -0 0.5 p-1 -20704 27
459 562 m1 255078 0 0.5 p-1 -741651 1
293 565 m1 294010 -0 0.5 p-1 -24241 22
110 567 m1 320010 0 0.5 p-1 -260129 322
452 568 m1 334873 0 0.5 p-1 -831 2
169 569 m1 360218 0 0.5 p-1 -216691 110
112 571 m1 371657 -0 0.5 p-1 -1653126 777
417 573 m1 378114 0 0.5 p-1 -20345 1
402 574 m1 379439 -0 0.5 p-1 -42870 3
343 575 m1 394701 0 0.5 p-1 -34134 4
22 576 m1 397100 0 0.5 p-1 -2572183 1350
210 577 m1 399989 0 0.5 p-1 -433670 112
325 578 m1 410766 0 0.5 p-1 -99102 20
403 579 m1 415203 -0 0.5 p-1 -4937 2
308 580 m1 420294 0 0.5 p-1 -296053 60
23 581 m1 423286 -0 0.5 p-1 -3874149 721
24 582 m1 426222 -0 0.5 p-1 -1880065 1038
295 583 m1 453596 0 0.5 p-1 -17799 11
117 586 m1 479869 -0 0.5 p-1 -2269300 475
89 588 m1 482738 0 0.5 p-1 -154474 205
63 589 m1 483440 0 0.5 p-1 -11493032 394
90 590 m1 491514 0 0.5 p-1 -236706 33
233 591 m1 498023 -0 0.5 p-1 -52128 9
349 593 m1 513862 0 0.5 p-1 -20372 19
65 595 m1 543833 0 0.5 p-1 -2276786 1739
340 596 m1 544504 0 0.5 p-1 -48221 7
296 597 m1 547401 -0 0.5 p-1 -125679 63
400 598 m1 549342 -0 0.5 p-1 -9356 10
189 599 m1 550213 -0 0.5 p-1 -69883 14
303 601 m1 561538 0 0.5 p-1 -119781 8
148 603 m1 565983 0 0.5 p-1 -573445 240
451 604 m1 568751 0 0.5 p-1 -10517 4
150 607 m1 572796 -0 0.5 p-1 -525836 195
328 609 m1 584680 -0 0.5 p-1 -262908 4
152 610 m1 592604 0 0.5 p-1 -1947039 450
369 611 m1 603468 -0 0.5 p-1 -110766 7
297 613 m1 620244 0 0.5 p-1 -31705 25
134 614 m1 621442 0 0.5 p-1 -463494 398
172 615 m1 641540 0 0.5 p-1 -326891 304
31 616 m1 648188 -0 0.5 p-1 -2860486 768
358 617 m1 649738 0 0.5 p-1 -30624 9
267 619 m1 660901 -0 0.5 p-1 -227944 18
198 620 m1 666077 -0 0.5 p-1 -256165 196
254 623 m1 677113 0 0.5 p-1 -375964 21
216 624 m1 681061 -0 0.5 p-1 -126514 140
375 625 m1 682040 0 0.5 p-1 -43491 33
155 627 m1 689369 0 0.5 p-1 -226204 58
71 628 m1 696205 0 0.5 p-1 -3928624 785
381 629 m1 698761 -0 0.5 p-1 -11395 23
376 632 m1 725308 0 0.5 p-1 -5895 9
135 633 m1 726815 0 0.5 p-1 -411378 60
121 634 m1 727432 0 0.5 p-1 -1235627 122
217 635 m1 746238 -0 0.5 p-1 -7919 7
258 636 m1 750798 0 0.5 p-1 -107691 73
456 637 m1 752050 0 0.5 p-1 -5036 1
378 639 m1 755535 -0 0.5 p-1 -6982 4
122 640 m1 763564 -0 0.5 p-1 -145294 132
37 642 m1 772276 0 0.5 p-1 -13076771 1827
355 643 m1 777199 -0 0.5 p-1 -50648 26
289 647 m1 824322 -0 0.5 p-1 -161231 155
200 648 m1 830220 0 0.5 p-1 -41624 31
41 649 m1 832371 0 0.5 p-1 -4443172 805
205 650 m1 833198 0 0.5 p-1 -39185 22
286 651 m1 835393 0 0.5 p-1 -440572 25
45 654 m1 870003 0 0.5 p-1 -806421 658
304 656 m1 873213 -0 0.5 p-1 -45603 14
136 659 m1 901590 -0 0.5 p-1 -469044 139
223 660 m1 904442 0 0.5 p-1 -25078 8
174 661 m1 906282 0 0.5 p-1 -1512645 112
281 662 m1 922252 0 0.5 p-1 -341952 26
429 663 m1 932963 -0 0.5 p-1 -3941 3
102 664 m1 935743 0 0.5 p-1 -1204828 198
47 665 m1 941088 -0 0.5 p-1 -2483994 814
214 667 m1 950071 -0 0.5 p-1 -305916 208
192 668 m1 960486 0 0.5 p-1 -225415 137
127 669 m1 975403 -0 0.5 p-1 -2215262 419
51 671 m1 983738 0 0.5 p-1 -114837 297
307 672 m1 984248 0 0.5 p-1 -345996 20
103 673 m1 984821 -0 0.5 p-1 -3045442 300
52 675 m1 990283 0 0.5 p-1 -2988188 1563
128 676 m1 990938 0 0.5 p-1 -2194502 309
54 677 m1 992925 -0 0.5 p-1 -3203246 1710
269 678 m1 999756 0 0.5 p-1 -61996 8
