Temp_ID Permanent_ID Mutation_type Position s h Subpop Tick Number
202 0 m2 2733 0.011409116 0.5 p-1 -316850 149
328 2 m2 3763 0.000877694343 0.5 p-1 -3440952 289
563 3 m2 4307 5.70169577e-05 0.5 p-1 -297330 29
981 6 m2 6071 -0.000129452019 0.5 p-1 -7846 1
539 7 m2 7733 0.0395405218 0.5 p-1 -516992 50
1 9 m2 9239 2.77714498e-05 0.5 p-1 -2500900 812
1042 10 m2 9898 0.00115330168 0.5 p-1 -835 1
506 11 m2 11216 -0.000954528863 0.5 p-1 -6180673 249
630 12 m2 11462 0.000482366479 0.5 p-1 -813776 57
140 13 m2 11680 0.00119889888 0.5 p-1 -265600 306
631 14 m2 11754 -1.62098859e-05 0.5 p-1 -6934195 158
329 15 m2 12194 -0.000336386845 0.5 p-1 -560310 241
1070 16 m2 12806 -0.0123175457 0.5 p-1 -4164 5
813 17 m2 12818 0.000109705012 0.5 p-1 -505262 28
841 18 m2 14759 0.00787216425 0.5 p-1 -5681 4
376 20 m2 16458 -1.77739441e-08 0.5 p-1 -645413 777
277 21 m2 16861 -0.0291974116 0.5 p-1 -578163 25
278 22 m2 17481 -1.54984064e-05 0.5 p-1 -84043 25
330 23 m2 18141 -1.61252615e-06 0.5 p-1 -1090913 143
568 24 m2 18587 -0.0141471 0.5 p-1 -21774 2
1044 25 m2 18631 -0.000607556198 0.5 p-1 -494 1
3 27 m2 20229 2.21787741e-05 0.5 p-1 -1612123 865
1060 28 m2 20552 0.0102163488 0.5 p-1 -4401 1
1086 29 m2 20971 0.00943990797 0.5 p-1 -11629 4
353 30 m2 21164 -0.00763435569 0.5 p-1 -1846636 550
377 31 m2 21199 -0.0019359485 0.5 p-1 -718620 253
489 32 m2 21704 -0.00324392645 0.5 p-1 -212372 38
599 33 m2 21778 0.00144178991 0.5 p-1 -72528 36
302 34 m2 24715 2.04250555e-05 0.5 p-1 -1840844 621
241 35 m2 25658 0.00465765316 0.5 p-1 -2753727 327
4 36 m2 26319 -0.000646097993 0.5 p-1 -5518886 681
303 37 m2 26855 -0.000222700968 0.5 p-1 -3617679 336
203 38 m2 27699 -0.00245747413 0.5 p-1 -1751556 160
331 41 m2 30548 -0.000162386146 0.5 p-1 -101336 158
590 42 m2 31240 -0.0263226423 0.5 p-1 -3071 5
304 43 m2 31789 0.00968882255 0.5 p-1 -219610 24
663 44 m2 32081 -1.32632549e-05 0.5 p-1 -50604 27
242 45 m2 33342 0.000114636918 0.5 p-1 -2445501 404
1039 46 m2 33853 -0.0199033991 0.5 p-1 -11217 6
143 47 m2 33907 0.0152705163 0.5 p-1 -5768281 921
896 48 m2 34688 0.00531820813 0.5 p-1 -23218 5
540 50 m2 35375 0.0039409278 0.5 p-1 -192643 31
591 52 m2 36715 0.0290985759 0.5 p-1 -5065 9
541 53 m2 37308 0.00612213416 0.5 p-1 -37681 26
791 54 m2 38175 0.0263569392 0.5 p-1 -12471 3
644 55 m2 38290 -0.0202817954 0.5 p-1 -280807 7
6 56 m2 39382 0.0726653263 0.5 p-1 -2817437 1337
1001 57 m2 39657 -0.0108462851 0.5 p-1 -195122 10
897 58 m2 39901 -0.00304447766 0.5 p-1 -13813 3
146 59 m2 40848 -0.0110787917 0.5 p-1 -6663828 1621
1092 60 m2 41267 -0.0807873458 0.5 p-1 -6739 2
7 61 m2 42726 -0.0455099009 0.5 p-1 -1940967 1267
378 64 m2 45330 0.0120786559 0.5 p-1 -287184 283
1017 65 m2 45446 -0.0252571758 0.5 p-1 -4920 5
8 67 m2 46493 0.000319999002 0.5 p-1 -754642 283
675 68 m2 46796 0.021318879 0.5 p-1 -7854 2
529 69 m2 48286 0.000333375152 0.5 p-1 -131297 48
549 71 m2 52270 -6.03494072e-07 0.5 p-1 -5743626 76
490 72 m2 52760 -0.00978651736 0.5 p-1 -26857 8
569 73 m2 53907 -0.00146980875 0.5 p-1 -155236 37
940 74 m2 55826 -0.0448808484 0.5 p-1 -53765 10
1190 75 m2 56328 -0.00174294261 0.5 p-1 -29107 1
147 76 m2 57101 -0.00794167537 0.5 p-1 -696031 102
244 77 m2 57212 1.71900263e-06 0.5 p-1 -292827 89
1078 78 m2 58653 -0.00323310145 0.5 p-1 -2530 3
279 79 m2 59648 8.43494519e-09 0.5 p-1 -5464852 663
684 81 m2 62343 -0.0185405035 0.5 p-1 -901552 41
464 82 m2 62792 -0.00749023911 0.5 p-1 -3399133 216
697 83 m2 63241 0.0077798767 0.5 p-1 -52818 14
1023 84 m2 65258 0.0372630097 0.5 p-1 -146229 8
1149 85 m2 65423 0.000120230783 0.5 p-1 -4020 1
11 86 m2 65534 0.00128256448 0.5 p-1 -2593746 965
478 87 m2 66039 -0.00925154518 0.5 p-1 -182872 175
204 88 m2 66554 -1.90344804e-06 0.5 p-1 -772145 720
412 89 m2 66690 -4.71939848e-06 0.5 p-1 -921564 70
711 90 m2 68264 0.0006411348 0.5 p-1 -79655 23
12 91 m2 69188 0.0153242955 0.5 p-1 -77051 8
507 92 m2 71452 1.2712545e-05 0.5 p-1 -2321940 301
678 93 m2 72600 -0.038171038 0.5 p-1 -4545 2
332 94 m2 73722 0.00555013958 0.5 p-1 -2377731 92
148 95 m2 73801 -0.00114562549 0.5 p-1 -4011859 661
13 96 m2 74498 0.0374698602 0.5 p-1 -5502619 1507
834 97 m2 77246 -2.40882255e-05 0.5 p-1 -16845 10
305 98 m2 80991 -6.73352531e-07 0.5 p-1 -638904 142
890 99 m2 82032 0.00175684283 0.5 p-1 -9687 5
818 100 m2 85331 0.00200707559 0.5 p-1 -27600 22
245 101 m2 85794 -0.000815011037 0.5 p-1 -1323780 419
479 102 m2 87008 -0.0218161903 0.5 p-1 -111385 52
355 103 m2 87811 0.00163627241 0.5 p-1 -401339 384
149 104 m2 88949 3.42753192e-05 0.5 p-1 -2987741 166
205 105 m2 89114 0.00398334442 0.5 p-1 -2353810 511
794 106 m2 90748 -0.0128996698 0.5 p-1 -99250 11
855 107 m2 91125 0.0221622828 0.5 p-1 -4559 6
206 108 m2 91351 -1.77203237e-05 0.5 p-1 -509058 51
937 109 m2 91685 0.00279325526 0.5 p-1 -2575 1
150 110 m2 93146 0.000282718596 0.5 p-1 -3580048 1156
868 111 m2 93363 0.0002651127 0.5 p-1 -1951 4
246 112 m2 93672 -0.00651132874 0.5 p-1 -1776373 256
1098 113 m2 93723 -0.0139342612 0.5 p-1 -6293 3
439 114 m2 95621 0.00322825531 0.5 p-1 -3463603 476
499 115 m2 95798 0.000176362591 0.5 p-1 -5488946 481
151 116 m2 96617 -0.0628060848 0.5 p-1 -359932 396
247 117 m2 96984 9.8212302e-05 0.5 p-1 -767226 284
875 118 m2 97839 -1.45567196e-06 0.5 p-1 -3086 4
16 120 m2 99409 -0.00952763855 0.5 p-1 -6359223 1948
17 122 m2 102642 0.00103711523 0.5 p-1 -1075413 1121
19 123 m2 104690 0.0111984452 0.5 p-1 -7277970 1701
248 125 m2 105941 0.00152538053 0.5 p-1 -3599293 97
491 126 m2 106289 -0.00165790739 0.5 p-1 -451798 43
758 127 m2 106844 -0.0182959288 0.5 p-1 -598669 58
20 128 m2 110399 0.00367085193 0.5 p-1 -4363506 737
759 130 m2 111153 -0.00639407011 0.5 p-1 -118 3
756 131 m2 113338 0.000561347639 0.5 p-1 -53320 11
21 132 m2 113647 -0.0117616756 0.5 p-1 -779122 233
564 133 m2 114952 0.00164174533 0.5 p-1 -225356 70
852 134 m2 116629 0.0047180308 0.5 p-1 -42853 31
22 135 m2 117583 0.0205384418 0.5 p-1 -6399489 1317
357 137 m2 118210 0.00739080459 0.5 p-1 -800348 226
862 138 m2 119227 -0.000375893316 0.5 p-1 -10389 4
152 139 m2 119763 0.0662101656 0.5 p-1 -1709849 634
249 140 m2 121924 0.0131990658 0.5 p-1 -6000577 835
280 141 m2 123301 0.000819553214 0.5 p-1 -276889 35
522 143 m2 124472 0.0124955988 0.5 p-1 -1176837 140
863 144 m2 128373 0.0632946268 0.5 p-1 -82576 14
558 145 m2 129199 -0.00604721764 0.5 p-1 -179307 39
731 146 m2 129564 0.000123683116 0.5 p-1 -99207 23
1186 147 m2 129943 -0.0423428491 0.5 p-1 -49316 1
153 149 m2 130791 0.0262781344 0.5 p-1 -5530748 707
803 150 m2 135770 -0.000574750942 0.5 p-1 -39380 8
26 152 m2 136193 0.000227993602 0.5 p-1 -13088126 1825
1206 154 m2 138413 -0.0338858664 0.5 p-1 -4080 4
379 155 m2 138965 -7.457425e-06 0.5 p-1 -1521523 372
670 157 m2 140213 6.18445702e-05 0.5 p-1 -74712 57
207 160 m2 144956 0.00184358144 0.5 p-1 -532033 216
771 162 m2 147137 -0.0218355339 0.5 p-1 -4693 1
27 163 m2 148554 -3.33555909e-05 0.5 p-1 -1838 8
992 164 m2 149416 -0.0138486009 0.5 p-1 -41199 4
1079 165 m2 149793 -0.0163932424 0.5 p-1 -1917 2
676 166 m2 150709 -2.58180808e-06 0.5 p-1 -187468 3
250 167 m2 152464 0.00236012042 0.5 p-1 -2698710 751
28 168 m2 153969 0.0275094826 0.5 p-1 -9169909 1402
208 169 m2 154802 -5.22270857e-05 0.5 p-1 -16359 6
359 171 m2 155224 0.0365222283 0.5 p-1 -100018 58
530 172 m2 155339 0.0059819459 0.5 p-1 -146163 18
550 174 m2 159227 0.0243655965 0.5 p-1 -104551 88
743 176 m2 160946 0.0185310412 0.5 p-1 -39040 10
750 178 m2 163120 0.00753549766 0.5 p-1 -17938 8
950 179 m2 163158 1.70897216e-08 0.5 p-1 -40446 2
1043 181 m2 164511 -0.00169169845 0.5 p-1 -6548 3
209 182 m2 168333 0.0013262491 0.5 p-1 -514905 438
740 183 m2 168387 0.0221897792 0.5 p-1 -53155 5
942 184 m2 169428 -1.23263288e-10 0.5 p-1 -86721 3
281 185 m2 169500 1.73206706e-06 0.5 p-1 -6349872 1279
210 186 m2 170033 0.00100633455 0.5 p-1 -2166707 1337
334 187 m2 170849 0.00121002819 0.5 p-1 -33423 38
796 188 m2 171163 -1.82271069e-08 0.5 p-1 -60560 14
1053 189 m2 171964 0.00695588253 0.5 p-1 -9870 3
531 190 m2 171969 -0.000370204099 0.5 p-1 -663044 323
154 191 m2 172404 -0.00131567521 0.5 p-1 -807170 195
29 192 m2 173100 0.0234607067 0.5 p-1 -2367126 378
903 193 m2 175076 0.000369363464 0.5 p-1 -143904 17
1038 194 m2 176137 -0.000251996215 0.5 p-1 -7982 6
282 196 m2 180348 -3.6052262e-07 0.5 p-1 -9501530 1195
30 197 m2 180846 0.00091482565 0.5 p-1 -2480768 973
360 198 m2 181366 -0.0276038665 0.5 p-1 -187185 23
32 199 m2 183107 0.00863020029 0.5 p-1 -2590892 695
440 200 m2 183124 0.000810116995 0.5 p-1 -139415 42
1066 201 m2 183629 -0.00781058939 0.5 p-1 -38064 4
1170 202 m2 185177 0.000834456878 0.5 p-1 -14609 1
559 203 m2 185737 -0.0816929266 0.5 p-1 -807537 143
33 204 m2 188614 1.52920123e-07 0.5 p-1 -2208163 819
872 205 m2 189371 -0.00492935209 0.5 p-1 -13743 5
34 206 m2 190123 -0.0136568146 0.5 p-1 -1185874 529
823 207 m2 191695 -0.0246065464 0.5 p-1 -36268 6
695 208 m2 192148 2.54709032e-09 0.5 p-1 -197736 29
211 210 m2 193766 -0.0194761194 0.5 p-1 -1712274 844
1141 211 m2 197864 0.000434891437 0.5 p-1 -2125 1
381 212 m2 199053 -0.000182663178 0.5 p-1 -655360 220
307 213 m2 200428 -0.0331708156 0.5 p-1 -3914795 735
382 214 m2 202457 8.99367751e-06 0.5 p-1 -2061821 171
308 216 m2 207474 -0.000329993811 0.5 p-1 -173482 90
441 217 m2 209796 2.72402795e-05 0.5 p-1 -82432 41
212 218 m2 210564 -0.0003764625 0.5 p-1 -329195 214
824 219 m2 211225 0.00052173686 0.5 p-1 -20343 13
1011 220 m2 211758 -1.45909596e-07 0.5 p-1 -647 1
213 221 m2 212772 -0.000215436579 0.5 p-1 -2013025 824
383 222 m2 213023 -0.0128805386 0.5 p-1 -14188 19
1139 224 m2 214470 0.0301214997 0.5 p-1 -16260 1
853 225 m2 216005 -6.04223214e-06 0.5 p-1 -5483 11
452 226 m2 216091 0.00341291004 0.5 p-1 -496619 393
453 228 m2 216882 -0.00017279078 0.5 p-1 -238067 104
674 230 m2 225407 0.0116837025 0.5 p-1 -41713 19
156 231 m2 226112 0.0015782048 0.5 p-1 -4703216 1024
880 232 m2 226805 -0.00447926717 0.5 p-1 -50541 14
1207 234 m2 229626 -0.0438066572 0.5 p-1 -6311 1
384 235 m2 231678 6.50842685e-06 0.5 p-1 -131987 18
157 236 m2 231790 1.53264864e-06 0.5 p-1 -78922 34
907 237 m2 232581 0.00710115535 0.5 p-1 -36385 8
420 238 m2 233853 -0.0284370445 0.5 p-1 -180754 23
37 242 m2 236952 0.0338531174 0.5 p-1 -1936393 254
617 243 m2 238573 -0.000382260972 0.5 p-1 -78170 21
777 244 m2 238878 0.00614395179 0.5 p-1 -25736 16
701 245 m2 239416 7.53584484e-09 0.5 p-1 -40899 3
214 246 m2 239705 -4.44501438e-06 0.5 p-1 -1126349 869
876 247 m2 241374 0.00332469726 0.5 p-1 -23089 12
1209 248 m2 242054 2.34762592e-06 0.5 p-1 -4952 1
38 249 m2 242432 0.000180310395 0.5 p-1 -2082674 556
595 250 m2 243470 0.00310677895 0.5 p-1 -40736 13
335 251 m2 244075 -0.000162687691 0.5 p-1 -1245418 66
939 252 m2 244267 -0.00415881164 0.5 p-1 -35996 12
39 253 m2 245114 -2.49592563e-06 0.5 p-1 -2983955 927
524 254 m2 246163 2.58815261e-11 0.5 p-1 -38651 5
421 255 m2 246720 -0.0137406448 0.5 p-1 -393141 234
40 256 m2 247888 3.93827322e-05 0.5 p-1 -2358893 793
41 257 m2 248418 0.000948588713 0.5 p-1 -2594799 578
442 258 m2 250743 -0.000267446536 0.5 p-1 -589427 43
1095 261 m2 252681 0.000890830241 0.5 p-1 -27153 4
968 262 m2 253239 -0.020112792 0.5 p-1 -12288 8
671 263 m2 253412 0.00244270056 0.5 p-1 -8668 17
1193 264 m2 253415 4.14968672e-05 0.5 p-1 -544 1
849 266 m2 253956 -0.00936031342 0.5 p-1 -11697 3
1145 267 m2 255149 7.26574808e-06 0.5 p-1 -39475 2
552 268 m2 258400 -0.00102801248 0.5 p-1 -17257 6
42 269 m2 258849 0.00136012351 0.5 p-1 -4183838 1098
690 270 m2 259465 0.000132180227 0.5 p-1 -10353 10
1100 272 m2 263979 0.00251649437 0.5 p-1 -13924 1
583 273 m2 264435 -0.0183049757 0.5 p-1 -1173213 46
43 274 m2 265121 -0.0046279938 0.5 p-1 -2568639 1832
44 275 m2 269899 -0.000317022728 0.5 p-1 -3821532 1461
361 276 m2 270763 -0.00300812139 0.5 p-1 -326420 232
797 277 m2 271037 0.0116819954 0.5 p-1 -269630 25
362 279 m2 273219 0.000219564521 0.5 p-1 -1041852 231
398 282 m2 274116 -4.08394335e-05 0.5 p-1 -219512 58
672 283 m2 278486 8.71672182e-06 0.5 p-1 -67575 53
1182 284 m2 278493 -1.91724866e-05 0.5 p-1 -167227 2
45 285 m2 278825 -0.0474157557 0.5 p-1 -755321 617
216 286 m2 279257 0.00844830927 0.5 p-1 -1454453 271
158 287 m2 280229 -2.6687735e-07 0.5 p-1 -1149626 164
912 288 m2 281289 0.00187447795 0.5 p-1 -22 9
829 290 m2 283697 1.19970741e-06 0.5 p-1 -10196 2
336 291 m2 284135 -0.0206011962 0.5 p-1 -475985 214
46 292 m2 285774 -0.00332982047 0.5 p-1 -3181563 760
1115 293 m2 286841 -0.00706013292 0.5 p-1 -8982 2
454 294 m2 287598 -0.00208429969 0.5 p-1 -130393 11
856 296 m2 290735 -0.00168301933 0.5 p-1 -5454 4
808 298 m2 291306 -0.0234923791 0.5 p-1 -261596 31
1020 299 m2 294980 3.22648617e-07 0.5 p-1 -4563 2
399 300 m2 295463 -0.00351430895 0.5 p-1 -1968507 270
160 301 m2 295711 0.040438436 0.5 p-1 -1593050 871
698 302 m2 295758 0.00195812248 0.5 p-1 -242550 35
560 303 m2 296276 -4.9590094e-06 0.5 p-1 -1630447 112
584 304 m2 296744 0.0161158275 0.5 p-1 -77786 2
861 305 m2 298935 0.0048434427 0.5 p-1 -19274 12
801 306 m2 299202 3.23309344e-08 0.5 p-1 -113473 11
648 307 m2 299695 -0.0193848107 0.5 p-1 -149447 59
400 308 m2 300084 -0.000102932929 0.5 p-1 -1603922 150
1041 309 m2 301076 0.0113645047 0.5 p-1 -1471 3
48 310 m2 303142 -0.00348963053 0.5 p-1 -4475419 1707
49 311 m2 303652 0.0135817062 0.5 p-1 -3139118 1487
283 312 m2 303824 0.00256136386 0.5 p-1 -44699 16
1142 313 m2 304426 0.00948904268 0.5 p-1 -12251 2
1203 314 m2 308668 0.00179996167 0.5 p-1 -6881 2
338 316 m2 309581 0.0293374248 0.5 p-1 -1832148 675
50 317 m2 311032 -0.0008288885 0.5 p-1 -1484264 764
602 318 m2 312105 7.49399769e-05 0.5 p-1 -337416 254
161 320 m2 313220 0.0528470129 0.5 p-1 -1792584 1896
309 321 m2 316109 -0.00606174069 0.5 p-1 -712246 272
217 322 m2 318429 -0.000846028386 0.5 p-1 -8390409 1173
251 323 m2 318974 0.00214990764 0.5 p-1 -981333 292
51 324 m2 320215 0.000379777048 0.5 p-1 -7848106 1897
52 325 m2 323025 -0.000573661877 0.5 p-1 -2897915 1406
363 327 m2 326555 -4.11204128e-05 0.5 p-1 -832970 100
908 328 m2 330021 0.00610688655 0.5 p-1 -61117 7
768 329 m2 330495 -0.0033646042 0.5 p-1 -2530 5
218 330 m2 332473 -0.00157085515 0.5 p-1 -1186415 1105
55 331 m2 334128 -0.000213001229 0.5 p-1 -4449919 836
1089 332 m2 335499 0.000153589805 0.5 p-1 -3388 2
628 334 m2 337208 -1.59284755e-05 0.5 p-1 -7401 2
252 335 m2 337321 0.0115676438 0.5 p-1 -7213368 961
691 336 m2 341824 -0.000918260019 0.5 p-1 -651781 74
608 338 m2 346083 0.00341682625 0.5 p-1 -1677962 19
570 339 m2 346435 0.000986788538 0.5 p-1 -74975 23
284 340 m2 346705 -0.000801372284 0.5 p-1 -341683 304
1027 342 m2 348939 0.00799590442 0.5 p-1 -10557 2
1144 343 m2 350443 -7.96554377e-06 0.5 p-1 -256535 1
1134 344 m2 352712 0.000535439525 0.5 p-1 -3649 1
577 345 m2 353156 -0.00622931588 0.5 p-1 -239280 56
57 346 m2 354377 0.00327665335 0.5 p-1 -7268864 1844
788 347 m2 354630 0.000805817428 0.5 p-1 -452646 19
1119 348 m2 354956 -0.0434615649 0.5 p-1 -7247 5
826 349 m2 354980 0.00678367354 0.5 p-1 -109228 19
443 350 m2 355936 -0.00908090174 0.5 p-1 -194791 151
736 351 m2 360030 -0.0132273966 0.5 p-1 -720516 59
339 352 m2 360760 -0.0276875496 0.5 p-1 -1867269 351
1097 353 m2 361700 -0.00115484453 0.5 p-1 -5532 1
1184 354 m2 363450 0.000930686831 0.5 p-1 -24505 1
789 355 m2 366503 0.0997461379 0.5 p-1 -10690 1
916 356 m2 368347 -0.0150450226 0.5 p-1 -117607 10
725 357 m2 368960 -9.94432121e-05 0.5 p-1 -275969 47
285 359 m2 370877 1.75344965e-07 0.5 p-1 -1026976 163
340 360 m2 371611 -0.000951295777 0.5 p-1 -100660 36
673 361 m2 373044 -0.0538488589 0.5 p-1 -27813 15
984 363 m2 375638 0.00459105987 0.5 p-1 -1155 4
884 364 m2 377475 -0.000168736326 0.5 p-1 -21732 11
565 366 m2 380710 -0.0164647512 0.5 p-1 -308022 37
766 368 m2 384315 0.00753063615 0.5 p-1 -1766111 19
1035 370 m2 388870 -0.0707843676 0.5 p-1 -11113 3
310 371 m2 389587 -0.00344466488 0.5 p-1 -216300 173
341 373 m2 392756 0.011939357 0.5 p-1 -863397 231
364 374 m2 393594 1.3466336e-05 0.5 p-1 -48391 22
385 376 m2 397462 0.0228050873 0.5 p-1 -313605 37
930 378 m2 397765 -2.73195164e-05 0.5 p-1 -14100 3
1068 380 m2 399744 -0.00547238719 0.5 p-1 -26766 1
804 382 m2 400670 -0.0183801632 0.5 p-1 -263171 39
1003 383 m2 401378 0.00174722669 0.5 p-1 -1337 1
737 384 m2 401654 0.00659902161 0.5 p-1 -5121 2
1143 387 m2 404708 0.000254026731 0.5 p-1 -748971 2
712 388 m2 406549 0.0171784088 0.5 p-1 -16077 21
1032 389 m2 407670 0.0207008775 0.5 p-1 -750489 4
164 390 m2 407753 0.00134089764 0.5 p-1 -3307171 1214
741 391 m2 408104 -0.0232908484 0.5 p-1 -56407 36
726 393 m2 410103 -0.00126964226 0.5 p-1 -42296 18
533 394 m2 410903 -0.00826306269 0.5 p-1 -125719 26
547 397 m2 413340 -0.0130104022 0.5 p-1 -66012 41
61 398 m2 413403 0.00337931653 0.5 p-1 -1276515 722
679 400 m2 415520 0.000164149606 0.5 p-1 -155919 36
702 401 m2 416653 0.000460197625 0.5 p-1 -672590 77
253 402 m2 418352 0.0188034587 0.5 p-1 -116933 95
692 403 m2 418604 -0.000811746868 0.5 p-1 -24293 32
311 404 m2 419080 -0.00389749417 0.5 p-1 -1453816 375
827 405 m2 419987 -0.029021414 0.5 p-1 -173588 11
1120 407 m2 428193 -0.0248648543 0.5 p-1 -818 4
553 408 m2 430414 -0.000990826986 0.5 p-1 -1413292 206
433 409 m2 431621 -0.000136254384 0.5 p-1 -6977541 301
638 410 m2 432897 0.00750885252 0.5 p-1 -1446563 13
555 411 m2 436617 4.08251992e-07 0.5 p-1 -242830 53
767 412 m2 437873 -0.000223378636 0.5 p-1 -44833 22
423 413 m2 438331 0.0191594958 0.5 p-1 -85428 69
592 414 m2 438381 -0.0129978601 0.5 p-1 -22681 8
444 415 m2 438523 -0.00129487854 0.5 p-1 -138372 55
455 416 m2 439585 0.000503074029 0.5 p-1 -1038300 114
604 417 m2 439973 -0.0116956271 0.5 p-1 -58825 7
165 418 m2 442829 -0.0124219675 0.5 p-1 -2624941 504
445 420 m2 447811 -0.0189819299 0.5 p-1 -927241 200
699 421 m2 450426 0.00896577258 0.5 p-1 -67423 63
707 422 m2 451044 -3.80637721e-05 0.5 p-1 -127452 45
480 423 m2 452255 2.74941613e-05 0.5 p-1 -2984665 313
603 424 m2 453329 0.0437704585 0.5 p-1 -355643 47
434 426 m2 455806 0.000633746269 0.5 p-1 -75782 35
713 427 m2 458337 4.5988906e-09 0.5 p-1 -491421 60
63 428 m2 459359 -0.0270289797 0.5 p-1 -3256977 1856
456 429 m2 461676 3.82603102e-05 0.5 p-1 -5178 1
255 430 m2 461822 -0.00724821212 0.5 p-1 -2425821 429
936 432 m2 463170 0.00412501441 0.5 p-1 -382777 7
64 433 m2 465038 0.0054208925 0.5 p-1 -49421 54
65 435 m2 465420 -0.0242811646 0.5 p-1 -1761060 1779
825 437 m2 468050 -5.29997706e-05 0.5 p-1 -24240 15
566 438 m2 469154 0.057031326 0.5 p-1 -161827 53
1114 440 m2 469638 -0.000179254726 0.5 p-1 -1678 3
66 441 m2 470237 -0.00225866633 0.5 p-1 -4511527 439
67 442 m2 470300 -0.00578032294 0.5 p-1 -3151093 719
465 443 m2 470534 -0.0399419107 0.5 p-1 -266902 215
466 444 m2 470908 0.092285648 0.5 p-1 -1700477 200
457 445 m2 471453 -0.00180341676 0.5 p-1 -832 1
809 446 m2 473231 0.000136607865 0.5 p-1 -86699 3
993 447 m2 474680 0.0263436288 0.5 p-1 -638 4
367 448 m2 474716 0.0124069294 0.5 p-1 -251416 90
749 449 m2 478883 0.00336553552 0.5 p-1 -12249 10
68 450 m2 480452 0.0208507534 0.5 p-1 -6829841 1494
167 451 m2 481867 -0.0265835151 0.5 p-1 -3662443 993
69 453 m2 483073 -1.63304253e-06 0.5 p-1 -230718 58
854 454 m2 483250 0.000433654001 0.5 p-1 -65756 10
1024 455 m2 487860 0.0401111506 0.5 p-1 -1284 1
70 456 m2 488262 0.0179942753 0.5 p-1 -3421864 1566
256 457 m2 489863 0.0218505021 0.5 p-1 -844634 857
682 459 m2 491266 0.000145744954 0.5 p-1 -6079 4
493 460 m2 491668 0.00233774795 0.5 p-1 -63121 60
571 461 m2 494694 -0.00724331336 0.5 p-1 -54668 40
481 462 m2 495334 0.000252813916 0.5 p-1 -1054809 154
1172 463 m2 495485 -0.00858822837 0.5 p-1 -100 2
527 464 m2 496016 4.01713078e-05 0.5 p-1 -88981 54
622 466 m2 496812 0.00346389506 0.5 p-1 -2031944 46
71 467 m2 496840 0.000198444468 0.5 p-1 -3509341 1954
534 468 m2 497736 0.0458887294 0.5 p-1 -812249 92
257 469 m2 499647 0.000212692248 0.5 p-1 -173378 190
1108 471 m2 499920 0.00447421288 0.5 p-1 -9313 2
1132 472 m2 500229 0.000108229891 0.5 p-1 -9287 2
72 473 m2 503312 -0.00126682315 0.5 p-1 -2381886 1532
830 474 m2 503674 -0.0080655301 0.5 p-1 -14347 22
528 475 m2 505007 -3.25442966e-06 0.5 p-1 -296410 66
1028 476 m2 507062 0.000465931778 0.5 p-1 -23417 3
557 477 m2 508427 -0.00011962853 0.5 p-1 -1004740 190
776 478 m2 508502 -1.59969422e-05 0.5 p-1 -23890 2
258 480 m2 509536 -0.00052212656 0.5 p-1 -1114365 358
1122 481 m2 510694 3.891505e-06 0.5 p-1 -42737 2
747 482 m2 513383 -0.0185303129 0.5 p-1 -156635 53
587 484 m2 514370 0.000326370937 0.5 p-1 -269800 52
1049 485 m2 514703 -0.0179765392 0.5 p-1 -756 2
458 488 m2 515304 -0.00666274549 0.5 p-1 -2385024 132
168 489 m2 516334 1.53683668e-05 0.5 p-1 -91760 237
751 490 m2 519432 0.00127601984 0.5 p-1 -156086 28
75 491 m2 519711 -0.0214302298 0.5 p-1 -533827 326
935 492 m2 520276 -0.00609888881 0.5 p-1 -11535 5
170 493 m2 520457 0.0233902726 0.5 p-1 -1149640 470
625 494 m2 521846 0.000492386986 0.5 p-1 -49162 19
76 495 m2 522384 -0.00662560761 0.5 p-1 -1925014 712
772 496 m2 522460 -0.000172558037 0.5 p-1 -15087 22
435 497 m2 523677 -1.66002337e-05 0.5 p-1 -1450600 48
640 499 m2 525074 -0.0118630752 0.5 p-1 -60360 111
77 501 m2 528384 0.0170648862 0.5 p-1 -1863877 506
424 502 m2 528651 0.0091086328 0.5 p-1 -68478 20
686 503 m2 529086 -0.000943873078 0.5 p-1 -2302551 25
1057 504 m2 529516 -0.0226460136 0.5 p-1 -156421 1
425 505 m2 529757 -3.61830425e-05 0.5 p-1 -304123 168
312 506 m2 530126 -1.0044042e-05 0.5 p-1 -1641296 326
403 507 m2 532611 0.0134829162 0.5 p-1 -1626592 171
1102 508 m2 533331 0.00036081014 0.5 p-1 -13253 4
342 509 m2 533920 4.93446714e-05 0.5 p-1 -725598 301
838 510 m2 539195 0.000249848963 0.5 p-1 -11832 12
870 512 m2 539644 0.00210192427 0.5 p-1 -113846 9
468 515 m2 541021 0.0351744518 0.5 p-1 -66591 30
286 516 m2 541194 -2.60029628e-05 0.5 p-1 -1745906 1028
728 517 m2 542430 0.00208450807 0.5 p-1 -15391 5
79 518 m2 542592 0.000920110964 0.5 p-1 -2896965 1233
287 520 m2 543344 4.81993254e-07 0.5 p-1 -1697510 530
80 521 m2 544057 -6.54263131e-05 0.5 p-1 -9430907 473
343 522 m2 544205 0.000416584691 0.5 p-1 -4204161 358
1062 523 m2 545048 2.88717992e-08 0.5 p-1 -3667 2
579 524 m2 545315 -0.00844345614 0.5 p-1 -51767 31
544 525 m2 545398 0.0030311069 0.5 p-1 -1245638 85
388 527 m2 546643 5.95949859e-05 0.5 p-1 -1170513 306
545 528 m2 546947 0.00371795497 0.5 p-1 -225373 45
921 529 m2 549759 0.020041436 0.5 p-1 -291197 11
970 530 m2 551161 -0.00595295522 0.5 p-1 -28988 3
953 531 m2 552051 -0.00466594286 0.5 p-1 -13183 3
626 532 m2 552209 5.41770751e-05 0.5 p-1 -175485 46
1069 533 m2 552657 -0.00211809971 0.5 p-1 -10429 5
224 534 m2 553944 -4.78201036e-05 0.5 p-1 -892634 180
535 537 m2 557800 0.00131352956 0.5 p-1 -2431504 129
81 538 m2 559344 0.0112913167 0.5 p-1 -7192301 1481
885 539 m2 559392 -0.000426823884 0.5 p-1 -221 2
259 540 m2 559865 -7.10777458e-05 0.5 p-1 -365506 261
82 541 m2 560027 6.65426205e-06 0.5 p-1 -4773371 1281
891 542 m2 561108 0.00954204705 0.5 p-1 -3233 1
646 543 m2 561162 -0.000161798409 0.5 p-1 -126977 7
572 544 m2 563801 -0.00155636144 0.5 p-1 -150280 69
892 545 m2 564495 0.00061398797 0.5 p-1 -11168 1
1010 547 m2 565746 -0.00788598973 0.5 p-1 -4612 2
482 548 m2 566040 1.28710394e-06 0.5 p-1 -1506361 474
951 549 m2 566358 0.00389267481 0.5 p-1 -13522 4
84 550 m2 566613 2.95576683e-05 0.5 p-1 -7951810 1737
172 551 m2 568491 -0.00128102896 0.5 p-1 -51131 12
173 552 m2 569921 0.000774007698 0.5 p-1 -1759565 1212
769 553 m2 570820 4.09450642e-08 0.5 p-1 -651607 15
260 554 m2 573720 -0.00938951317 0.5 p-1 -91547 32
174 555 m2 574952 -0.00708917808 0.5 p-1 -106657 75
959 556 m2 575248 2.22530289e-05 0.5 p-1 -6465 4
175 557 m2 576532 0.000280563923 0.5 p-1 -3038258 607
225 559 m2 576909 -0.00519754319 0.5 p-1 -1163676 730
819 560 m2 577065 0.000650958682 0.5 p-1 -1951 1
845 561 m2 579835 5.84956724e-05 0.5 p-1 -6739 8
665 563 m2 583590 0.00159927807 0.5 p-1 -28608 10
1004 564 m2 584053 0.00170894735 0.5 p-1 -14019 1
1008 565 m2 584460 -0.0328705236 0.5 p-1 -7720 3
404 567 m2 585952 0.0150686018 0.5 p-1 -173348 144
1007 568 m2 586365 -0.00168313761 0.5 p-1 -660 2
1099 569 m2 588427 -0.0092255557 0.5 p-1 -6361 2
727 570 m2 588588 -1.04538071e-06 0.5 p-1 -1057743 29
719 572 m2 591751 -0.00523560029 0.5 p-1 -32774 17
289 573 m2 593599 -0.00707698241 0.5 p-1 -1257995 528
991 574 m2 595198 0.00488949381 0.5 p-1 -7028 2
86 575 m2 599315 -0.00410773978 0.5 p-1 -1141704 329
344 577 m2 600428 -0.0010218306 0.5 p-1 -56043 59
87 579 m2 603438 -5.15819784e-06 0.5 p-1 -1126591 801
842 581 m2 604035 -2.47288899e-05 0.5 p-1 -322193 6
262 582 m2 604369 -1.67398861e-09 0.5 p-1 -3942833 457
88 583 m2 605647 -0.00193611439 0.5 p-1 -2662810 1844
660 584 m2 605847 9.7157681e-08 0.5 p-1 -530201 104
1123 585 m2 607127 0.0216478668 0.5 p-1 -2328 2
89 586 m2 609596 -4.68367123e-10 0.5 p-1 -346327 396
639 587 m2 612948 -0.0569901429 0.5 p-1 -23574 2
226 588 m2 613327 -0.00765424455 0.5 p-1 -4436829 979
835 589 m2 613356 -0.000290005468 0.5 p-1 -402947 26
894 590 m2 614135 -0.00125319336 0.5 p-1 -8659 3
799 591 m2 617626 -0.00333782984 0.5 p-1 -6389 10
977 592 m2 617756 -0.000156274356 0.5 p-1 -1710 3
90 593 m2 618132 -0.00296905893 0.5 p-1 -8214383 1721
902 594 m2 619400 -0.0421954505 0.5 p-1 -56628 10
227 595 m2 619849 -0.019916568 0.5 p-1 -666291 583
792 596 m2 620700 0.000364742853 0.5 p-1 -5279 2
405 597 m2 624559 0.000143003694 0.5 p-1 -73456 46
406 599 m2 627834 0.000914142583 0.5 p-1 -83051 51
1177 600 m2 627935 0.0160729494 0.5 p-1 -2882 1
878 601 m2 628064 -0.00176572276 0.5 p-1 -5779 2
92 602 m2 628276 -0.0341329388 0.5 p-1 -8262894 1488
1074 603 m2 630920 4.30967928e-09 0.5 p-1 -13202 2
263 604 m2 632040 0.000354535587 0.5 p-1 -1942168 608
1012 608 m2 636171 -7.17500661e-05 0.5 p-1 -6476 2
905 609 m2 637135 -0.00362875452 0.5 p-1 -23225 10
864 610 m2 637991 0.00868494064 0.5 p-1 -1152 3
1163 611 m2 638024 -0.000408044347 0.5 p-1 -651 2
314 612 m2 638647 -0.020813942 0.5 p-1 -737567 191
415 613 m2 638729 0.0012577048 0.5 p-1 -21256 8
871 615 m2 640103 -0.0265656617 0.5 p-1 -28408 7
93 616 m2 640503 0.00178201566 0.5 p-1 -1448048 464
94 617 m2 640781 1.04443309e-07 0.5 p-1 -6348738 1092
179 618 m2 640933 0.0467551351 0.5 p-1 -5771614 1588
95 619 m2 641767 -0.0091886837 0.5 p-1 -2289010 1455
618 621 m2 642599 2.72921682e-07 0.5 p-1 -197992 9
703 622 m2 645219 -0.00732501131 0.5 p-1 -301937 14
850 623 m2 646369 -0.000557106512 0.5 p-1 -32553 15
446 624 m2 646479 2.00258619e-05 0.5 p-1 -429688 124
291 625 m2 648067 -0.00229478604 0.5 p-1 -188572 36
636 626 m2 649065 -0.0502193384 0.5 p-1 -61411 14
1090 627 m2 649293 0.00147516595 0.5 p-1 -6262 3
752 629 m2 649345 0.000792732462 0.5 p-1 -69283 19
1059 630 m2 650814 2.53727399e-06 0.5 p-1 -8895 1
800 633 m2 653463 -0.000718894706 0.5 p-1 -52491 10
180 634 m2 654618 -0.000494922162 0.5 p-1 -742930 258
264 635 m2 654935 -0.0211215541 0.5 p-1 -4668382 859
181 636 m2 656141 0.00390347349 0.5 p-1 -1775374 747
98 637 m2 656800 1.02937679e-06 0.5 p-1 -1624295 196
913 638 m2 658014 -1.03977463e-05 0.5 p-1 -10374 3
651 639 m2 660468 0.0509819649 0.5 p-1 -55894 24
1155 641 m2 661160 0.00200558361 0.5 p-1 -8735 2
99 642 m2 661345 0.000276079547 0.5 p-1 -1631243 308
924 643 m2 663920 0.000114164766 0.5 p-1 -8473 2
407 644 m2 665206 -1.88047397e-05 0.5 p-1 -67393 32
748 645 m2 666959 0.0422285497 0.5 p-1 -41076 26
612 648 m2 669538 -0.0111716613 0.5 p-1 -732361 119
680 650 m2 677256 0.0210260376 0.5 p-1 -249306 29
652 651 m2 677311 0.00237888983 0.5 p-1 -29615 19
806 652 m2 678431 -0.00967628602 0.5 p-1 -474899 17
100 653 m2 678894 1.93740707e-05 0.5 p-1 -6312897 978
561 654 m2 680240 -0.0250930469 0.5 p-1 -392521 255
101 655 m2 680770 -0.00156975258 0.5 p-1 -1836607 100
483 656 m2 682180 0.0133458972 0.5 p-1 -153159 137
730 657 m2 682967 -0.0019324614 0.5 p-1 -30526 9
494 658 m2 683889 1.40571592e-06 0.5 p-1 -279248 22
229 659 m2 684010 -0.0155678857 0.5 p-1 -1557 5
919 660 m2 684529 0.00141455024 0.5 p-1 -8334 2
1165 661 m2 684646 3.77252945e-06 0.5 p-1 -158517 1
943 663 m2 685798 -0.00521055516 0.5 p-1 -8124 2
681 664 m2 687516 0.0116677079 0.5 p-1 -694504 53
683 665 m2 688403 -0.016267065 0.5 p-1 -1906 6
732 666 m2 690015 -0.00154298963 0.5 p-1 -27386 6
609 667 m2 690695 0.038022574 0.5 p-1 -45984 13
102 668 m2 693473 3.64326697e-05 0.5 p-1 -4486280 651
103 669 m2 695103 0.0342869796 0.5 p-1 -221607 163
370 671 m2 695390 -0.0135274064 0.5 p-1 -11104626 592
504 672 m2 695629 -0.0468397886 0.5 p-1 -160033 34
733 673 m2 696519 0.000466369151 0.5 p-1 -55864 1
183 674 m2 697467 -0.0396121182 0.5 p-1 -196946 141
1116 675 m2 700015 -0.000214881031 0.5 p-1 -12098 1
459 676 m2 701127 0.0188568719 0.5 p-1 -13381 10
637 677 m2 701308 0.000200165174 0.5 p-1 -115141 44
345 679 m2 702906 -0.000451615517 0.5 p-1 -5023432 1012
938 681 m2 703828 -1.51726772e-06 0.5 p-1 -133901 8
390 686 m2 709481 0.00986170117 0.5 p-1 -3935873 701
705 687 m2 710588 0.0136390794 0.5 p-1 -9114 2
292 688 m2 711392 0.000964233594 0.5 p-1 -1157355 934
265 690 m2 712948 -0.000583995774 0.5 p-1 -319774 203
104 691 m2 714091 0.00808637775 0.5 p-1 -8022084 1827
426 692 m2 718129 0.0247128196 0.5 p-1 -1188805 229
816 693 m2 719867 7.63202552e-05 0.5 p-1 -301 3
391 694 m2 721349 -0.00450715842 0.5 p-1 -4379689 245
495 695 m2 722578 -0.000738305622 0.5 p-1 -520892 121
346 696 m2 723261 0.000190611987 0.5 p-1 -391944 96
536 697 m2 723834 3.39041217e-09 0.5 p-1 -285665 39
661 698 m2 724031 -0.00425077369 0.5 p-1 -473970 62
105 699 m2 724451 -0.0418340638 0.5 p-1 -421004 111
106 700 m2 725278 -0.000341991312 0.5 p-1 -4711882 333
293 701 m2 727878 -0.000244177587 0.5 p-1 -1481577 964
371 702 m2 727931 0.0719712153 0.5 p-1 -2773324 317
1033 704 m2 728368 0.0106679248 0.5 p-1 -6147 2
186 705 m2 729471 -6.51956507e-05 0.5 p-1 -1144284 422
418 706 m2 729564 0.003802252 0.5 p-1 -283788 65
537 709 m2 730693 0.0108861402 0.5 p-1 -28011 11
971 710 m2 731187 -0.00691362051 0.5 p-1 -11200 1
900 711 m2 731427 -0.00293906289 0.5 p-1 -38381 17
619 712 m2 732603 -1.98794908e-07 0.5 p-1 -172142 95
664 713 m2 733779 5.60566223e-05 0.5 p-1 -260659 72
1135 714 m2 733982 0.0016650795 0.5 p-1 -928 1
843 715 m2 735727 -0.00290145306 0.5 p-1 -121250 4
828 716 m2 736038 0.00994836539 0.5 p-1 -6333 6
187 719 m2 738642 -0.0177562647 0.5 p-1 -4555444 520
427 720 m2 738879 -6.52884555e-05 0.5 p-1 -3847711 320
588 721 m2 739219 0.0158553887 0.5 p-1 -66004 25
109 722 m2 740737 -6.01187785e-05 0.5 p-1 -5116625 1817
879 723 m2 740976 0.000468891114 0.5 p-1 -14654 8
428 724 m2 741223 -0.0165199675 0.5 p-1 -196088 93
484 725 m2 742053 -0.0048453263 0.5 p-1 -363576 83
110 726 m2 742476 9.7671915e-09 0.5 p-1 -2052567 532
685 728 m2 743009 -0.000999826705 0.5 p-1 -395251 15
509 729 m2 743714 0.00102290115 0.5 p-1 -41095 9
231 730 m2 743889 -0.00268483581 0.5 p-1 -1269553 814
111 731 m2 745391 5.64562652e-05 0.5 p-1 -2895932 984
1166 732 m2 746446 -0.0338704586 0.5 p-1 -68474 1
266 733 m2 747487 0.000812527898 0.5 p-1 -798700 320
295 734 m2 748824 -0.00894268509 0.5 p-1 -680089 57
112 736 m2 749940 6.37133581e-08 0.5 p-1 -6152355 1483
408 737 m2 750605 -0.000182490025 0.5 p-1 -2348686 520
372 738 m2 751436 0.00127815129 0.5 p-1 -4997494 433
232 739 m2 751472 0.0220219176 0.5 p-1 -4577932 343
233 740 m2 751777 -0.00978808384 0.5 p-1 -2887191 697
1167 741 m2 754403 0.0821118504 0.5 p-1 -37173 1
717 743 m2 755669 0.000107633336 0.5 p-1 -31261 6
510 745 m2 756600 0.000559688779 0.5 p-1 -533759 123
1109 746 m2 756839 -0.00170737307 0.5 p-1 -7068 1
831 747 m2 759030 0.0244702343 0.5 p-1 -5979 2
429 748 m2 759501 -1.35420241e-05 0.5 p-1 -7260193 37
1210 749 m2 759735 0.00747113815 0.5 p-1 -25723 1
1198 750 m2 760820 -0.0489089116 0.5 p-1 -957 1
113 751 m2 760848 -0.0167377405 0.5 p-1 -3054731 1826
267 752 m2 761859 -0.012881442 0.5 p-1 -2304920 100
700 753 m2 762018 -0.010558458 0.5 p-1 -565 2
474 754 m2 762837 0.00367697468 0.5 p-1 -442453 46
316 755 m2 762840 0.0164361019 0.5 p-1 -4624374 745
1157 757 m2 763490 0.00257058349 0.5 p-1 -148037 2
268 758 m2 764816 0.000146900536 0.5 p-1 -256768 71
990 759 m2 765942 0.00215246389 0.5 p-1 -3236 2
754 760 m2 766143 0.0103825899 0.5 p-1 -77350 1
1156 761 m2 767038 -0.000770234969 0.5 p-1 -2913 1
1063 762 m2 767475 -1.16005638e-09 0.5 p-1 -141 3
115 763 m2 767982 0.00067749602 0.5 p-1 -217910 125
641 764 m2 768836 -0.00166917476 0.5 p-1 -489197 6
573 765 m2 770294 0.00382739818 0.5 p-1 -2530 8
475 766 m2 770344 -0.000535166881 0.5 p-1 -461478 140
627 767 m2 770701 -0.00826862734 0.5 p-1 -212732 16
832 768 m2 771261 -7.98490692e-06 0.5 p-1 -4604 3
317 769 m2 771315 -0.00068545586 0.5 p-1 -291269 250
525 770 m2 772669 1.64042967e-06 0.5 p-1 -50208 3
234 771 m2 773355 0.000143825542 0.5 p-1 -1407950 146
860 772 m2 774049 0.0561411716 0.5 p-1 -88996 2
519 773 m2 774111 0.0196008384 0.5 p-1 -98422 37
958 774 m2 774493 -0.00598486932 0.5 p-1 -70033 6
906 775 m2 774879 0.00406684494 0.5 p-1 -1316 5
744 776 m2 775153 -0.00948719587 0.5 p-1 -553774 20
1133 777 m2 776705 -0.00225581159 0.5 p-1 -19152 1
657 778 m2 778463 0.108485639 0.5 p-1 -135723 137
1002 779 m2 778501 0.000303456356 0.5 p-1 -1045 4
1183 780 m2 783351 0.0014307939 0.5 p-1 -6418 1
269 781 m2 783823 -0.00255253655 0.5 p-1 -543290 427
790 782 m2 783921 -0.00627761567 0.5 p-1 -14319 3
430 783 m2 784179 -0.0351620018 0.5 p-1 -239271 125
116 784 m2 792737 -0.000158520852 0.5 p-1 -2048530 741
460 785 m2 794006 -0.0445655733 0.5 p-1 -24726 8
117 786 m2 794192 9.41804103e-07 0.5 p-1 -1382169 931
755 787 m2 795037 -1.74761481e-05 0.5 p-1 -3307 1
237 788 m2 796916 -0.00661902782 0.5 p-1 -73890 50
933 789 m2 797860 0.0983862802 0.5 p-1 -1072659 10
270 790 m2 799524 0.0175337326 0.5 p-1 -1952245 426
1036 791 m2 799691 -0.00513096293 0.5 p-1 -3132 5
521 793 m2 800242 7.32799754e-06 0.5 p-1 -137096 86
1181 794 m2 800835 -0.000248721801 0.5 p-1 -11439 3
505 795 m2 802288 -0.0360546485 0.5 p-1 -772626 179
1026 796 m2 803034 0.000156879643 0.5 p-1 -17828 3
694 797 m2 803359 -3.64523294e-06 0.5 p-1 -561927 81
589 798 m2 804483 -5.08299024e-07 0.5 p-1 -353 2
899 799 m2 805447 -1.1896891e-05 0.5 p-1 -19849 4
437 800 m2 805487 0.000171822219 0.5 p-1 -374918 182
649 801 m2 805936 0.0151943043 0.5 p-1 -299046 84
318 802 m2 805960 -0.00254599773 0.5 p-1 -548450 66
654 803 m2 806478 -0.00405433122 0.5 p-1 -22464 16
925 804 m2 807365 -0.0248773862 0.5 p-1 -566579 13
271 805 m2 807897 0.0666253939 0.5 p-1 -1404856 84
1125 806 m2 808699 0.0150679769 0.5 p-1 -9458 2
720 807 m2 808944 7.00330784e-05 0.5 p-1 -394330 7
724 808 m2 811305 -3.93256386e-07 0.5 p-1 -113873 29
659 809 m2 813882 0.0152647849 0.5 p-1 -84531 10
967 810 m2 815146 0.000362620398 0.5 p-1 -73622 15
188 811 m2 815703 7.18969068e-06 0.5 p-1 -3075893 384
969 812 m2 817167 0.00170039106 0.5 p-1 -11912 5
438 813 m2 817227 -5.86167371e-05 0.5 p-1 -102055 49
739 814 m2 820734 -0.00106750964 0.5 p-1 -6743 4
347 815 m2 821836 0.00180066214 0.5 p-1 -3402906 928
952 816 m2 826897 -0.0421794578 0.5 p-1 -14557 9
190 817 m2 827338 -0.000498951413 0.5 p-1 -1186359 298
272 818 m2 828206 5.80834183e-07 0.5 p-1 -376144 195
629 819 m2 828448 -0.0130137661 0.5 p-1 -956067 184
873 821 m2 829897 0.000167033591 0.5 p-1 -60516 13
119 822 m2 830174 -0.032024011 0.5 p-1 -2242036 717
120 823 m2 831213 0.0425222665 0.5 p-1 -1051999 457
1067 824 m2 831700 -0.000182963471 0.5 p-1 -5386 2
954 825 m2 833301 1.21769363e-05 0.5 p-1 -32302 2
431 826 m2 834262 -0.00121649588 0.5 p-1 -516179 106
820 827 m2 834277 -0.000705254846 0.5 p-1 -5484 3
122 828 m2 836057 -1.99537444e-05 0.5 p-1 -2450072 743
782 829 m2 836359 2.68897429e-06 0.5 p-1 -42818 11
319 831 m2 837178 0.00792334601 0.5 p-1 -1315665 258
822 832 m2 837249 0.013825885 0.5 p-1 -32138 23
348 834 m2 837337 6.05493187e-06 0.5 p-1 -149223 133
320 835 m2 837845 0.000527725904 0.5 p-1 -8098656 850
655 836 m2 839512 0.0173488129 0.5 p-1 -17615 9
125 837 m2 839640 0.00858117919 0.5 p-1 -729582 213
447 839 m2 840380 -0.0428453796 0.5 p-1 -13111 12
392 840 m2 841569 0.00286909915 0.5 p-1 -148055 128
191 841 m2 841720 -0.00407837471 0.5 p-1 -74019 70
1019 842 m2 842609 1.72668024e-07 0.5 p-1 -7064 1
321 843 m2 843989 -0.0544229709 0.5 p-1 -121106 51
409 844 m2 844041 0.00062966533 0.5 p-1 -1354483 246
973 845 m2 844214 2.48478329e-07 0.5 p-1 -2734 5
126 846 m2 845476 0.000191635729 0.5 p-1 -2320162 1647
127 848 m2 847414 1.72712225e-05 0.5 p-1 -6091874 1656
273 849 m2 849080 -0.00781025644 0.5 p-1 -1813292 204
745 850 m2 849081 9.71135887e-05 0.5 p-1 -13148 22
881 851 m2 849629 0.000283470319 0.5 p-1 -17088 9
963 853 m2 849758 -0.00930148177 0.5 p-1 -18827 2
192 855 m2 852013 0.000930215872 0.5 p-1 -1064317 580
944 856 m2 853423 -1.15548264e-05 0.5 p-1 -52969 4
497 857 m2 857691 -0.00307870377 0.5 p-1 -93779 34
793 858 m2 859196 -0.000191758314 0.5 p-1 -19982 18
298 859 m2 859789 6.74325929e-05 0.5 p-1 -5137450 112
805 860 m2 863472 -8.98420785e-06 0.5 p-1 -16596 8
299 861 m2 865034 0.00104057894 0.5 p-1 -108176 80
461 862 m2 865431 0.0110280924 0.5 p-1 -341953 137
821 863 m2 866269 -0.00955461245 0.5 p-1 -2812 2
393 864 m2 867292 0.0230204277 0.5 p-1 -213699 68
1054 866 m2 868845 -0.0229203887 0.5 p-1 -977 5
394 868 m2 869528 0.0159843154 0.5 p-1 -310145 174
882 870 m2 871938 -0.000460804382 0.5 p-1 -14268 2
514 871 m2 876171 6.27804475e-05 0.5 p-1 -105701 14
1071 872 m2 877714 1.27630728e-05 0.5 p-1 -19723 8
323 873 m2 877744 0.0011800041 0.5 p-1 -3606765 297
410 874 m2 879199 -0.00471645873 0.5 p-1 -825723 291
1178 875 m2 879625 -0.0106085651 0.5 p-1 -5810 1
432 876 m2 880438 0.0304677114 0.5 p-1 -733657 168
373 877 m2 881725 -0.0276487432 0.5 p-1 -630451 476
594 878 m2 882934 -0.000342270796 0.5 p-1 -1152786 105
656 879 m2 885335 -0.00180646044 0.5 p-1 -29984 31
194 880 m2 886471 0.000967013068 0.5 p-1 -248794 281
274 881 m2 888496 -0.0205877032 0.5 p-1 -831916 294
721 883 m2 889545 -0.000463931821 0.5 p-1 -30206 12
485 884 m2 889858 -0.051918298 0.5 p-1 -300785 99
449 887 m2 891240 4.56213966e-05 0.5 p-1 -678669 85
706 888 m2 892988 0.00201863586 0.5 p-1 -132296 37
927 889 m2 893772 9.20776273e-08 0.5 p-1 -4218 8
714 890 m2 894743 -0.000396572374 0.5 p-1 -283431 12
395 891 m2 895113 -0.000614397461 0.5 p-1 -1527547 271
840 893 m2 895408 -0.00664985087 0.5 p-1 -3099 4
324 894 m2 896154 0.000766488491 0.5 p-1 -818707 239
129 895 m2 897149 -0.0318581462 0.5 p-1 -844145 1027
515 896 m2 900112 6.35637036e-07 0.5 p-1 -1385161 216
886 897 m2 900181 -3.11600779e-05 0.5 p-1 -131414 5
350 899 m2 902920 -0.00183100381 0.5 p-1 -118556 91
130 900 m2 903423 -0.000573706347 0.5 p-1 -1257400 652
1197 901 m2 903861 0.0125852237 0.5 p-1 -4954 1
689 902 m2 904548 -0.00750722084 0.5 p-1 -43246 35
275 905 m2 909664 0.00270631956 0.5 p-1 -175077 64
516 907 m2 912123 -0.00202256883 0.5 p-1 -17175 3
477 908 m2 912223 0.000563724549 0.5 p-1 -202957 20
238 909 m2 914311 -1.44338073e-05 0.5 p-1 -1939798 658
781 910 m2 914362 0.000487806887 0.5 p-1 -21779 7
810 911 m2 914942 -0.00141708809 0.5 p-1 -161329 14
1076 912 m2 916698 0.00132542744 0.5 p-1 -2970 2
1006 913 m2 917239 -0.00485343253 0.5 p-1 -12096 2
1022 914 m2 918198 -0.00028942377 0.5 p-1 -3108 4
898 915 m2 920201 0.00178450707 0.5 p-1 -6336 4
374 916 m2 922214 0.00723737152 0.5 p-1 -5592870 232
1121 917 m2 924336 -0.00626685657 0.5 p-1 -294 4
817 918 m2 924663 0.074965179 0.5 p-1 -46340 39
693 919 m2 925543 -0.00117777579 0.5 p-1 -18090 15
1037 920 m2 926878 -0.000567150302 0.5 p-1 -7126 4
785 922 m2 930853 0.00932572782 0.5 p-1 -72116 51
239 923 m2 933731 5.8347021e-05 0.5 p-1 -322862 164
396 924 m2 934244 0.0134467287 0.5 p-1 -289528 80
1126 926 m2 936772 0.0184382237 0.5 p-1 -36783 1
375 927 m2 937021 0.0343830809 0.5 p-1 -8345109 849
131 928 m2 938088 0.0118180811 0.5 p-1 -893532 458
895 929 m2 938581 -0.00138809835 0.5 p-1 -246 3
610 930 m2 939352 0.00370102446 0.5 p-1 -8953 13
518 931 m2 942259 -0.000340520026 0.5 p-1 -253693 78
976 932 m2 942526 -0.0068564075 0.5 p-1 -804 1
132 933 m2 942594 -0.000276429579 0.5 p-1 -1978198 636
133 934 m2 943057 0.00103812339 0.5 p-1 -4823949 1677
134 935 m2 943560 0.0201419946 0.5 p-1 -3453586 739
546 937 m2 946956 0.00859988295 0.5 p-1 -9297 4
575 938 m2 947620 -5.62172572e-05 0.5 p-1 -11460 23
948 940 m2 949916 -0.00731457677 0.5 p-1 -9909 6
920 941 m2 949969 2.59463086e-05 0.5 p-1 -43032 12
197 942 m2 950093 -0.000252363243 0.5 p-1 -543421 108
511 944 m2 951034 -0.000153926871 0.5 p-1 -26253 4
581 946 m2 954684 0.00709039671 0.5 p-1 -243015 91
276 947 m2 955162 -0.00711756526 0.5 p-1 -752326 362
1056 948 m2 956892 0.00375434104 0.5 p-1 -8910 4
325 949 m2 957918 0.00228299759 0.5 p-1 -542463 97
1188 950 m2 958245 0.00128191768 0.5 p-1 -80682 1
135 951 m2 959011 0.00881417189 0.5 p-1 -3206969 1134
198 952 m2 959319 0.000525960582 0.5 p-1 -74749 115
136 953 m2 959356 0.00359025947 0.5 p-1 -410882 495
857 954 m2 959401 0.0214911047 0.5 p-1 -72826 18
874 955 m2 961220 0.00976905506 0.5 p-1 -76716 21
199 956 m2 965126 -0.000624185486 0.5 p-1 -529185 215
972 958 m2 965391 -0.0916773528 0.5 p-1 -93512 15
487 959 m2 968356 1.82869262e-05 0.5 p-1 -1365751 22
326 960 m2 968715 -0.000295287027 0.5 p-1 -214942 86
488 961 m2 969774 -0.0260592233 0.5 p-1 -164764 22
887 962 m2 969993 1.10108786e-05 0.5 p-1 -929642 13
1052 963 m2 970426 -0.0310869273 0.5 p-1 -4401 1
775 964 m2 971527 -0.00629193382 0.5 p-1 -86632 23
597 965 m2 971578 0.0974180698 0.5 p-1 -129379 25
1106 966 m2 972314 -0.0235059019 0.5 p-1 -1782 2
1014 967 m2 975764 -0.00291705737 0.5 p-1 -605 7
773 968 m2 979856 0.0137322005 0.5 p-1 -65420 24
463 969 m2 981173 -0.000825286028 0.5 p-1 -1050677 384
1194 970 m2 984630 0.00257119932 0.5 p-1 -17126 3
137 971 m2 985418 0.000181003255 0.5 p-1 -1455446 918
411 972 m2 987860 -0.00705652917 0.5 p-1 -62137 13
718 973 m2 988028 0.0124388346 0.5 p-1 -6308 12
301 975 m2 990019 -0.000943881809 0.5 p-1 -6962693 399
1000 976 m2 991009 3.22726166e-08 0.5 p-1 -58684 8
961 977 m2 991079 0.00763781229 0.5 p-1 -278655 17
201 979 m2 992767 0.00638918113 0.5 p-1 -6112950 916
982 981 m2 993875 -0.0136353783 0.5 p-1 -69038 6
847 984 m2 997084 -0.0099932244 0.5 p-1 -32263 15
643 985 m2 997565 -0.00699726446 0.5 p-1 -78461 29
598 986 m2 997917 -3.64128391e-06 0.5 p-1 -88731 30
562 987 m2 998586 0.011211602 0.5 p-1 -3581777 40
848 988 m2 999437 0.000282028428 0.5 p-1 -19653 15
1154 990 m2 12693 -0.00741733238 0.5 p0 2 1
1140 991 m2 788096 1.54142581e-14 0.5 p0 2 1
1202 993 m2 42089 0.00851499569 0.5 p0 2 1
1204 994 m2 343250 -0.0127030881 0.5 p0 2 1
998 995 m2 225046 0.000834599545 0.5 p0 2 2
1073 996 m2 626758 -1.21931826e-05 0.5 p0 2 1
928 997 m2 385325 0.00446799165 0.5 p0 2 2
1212 998 m2 359408 -0.0088016279 0.5 p0 2 2
859 1000 m2 427129 0.000906808302 0.5 p0 2 3
1138 1001 m2 102830 0.047269173 0.5 p0 2 2
1221 1005 m2 519044 -0.000335488818 0.5 p0 2 1
1065 1006 m2 656007 0.000826008618 0.5 p0 2 3
1021 1007 m2 446160 0.000692919362 0.5 p0 2 3
1113 1008 m2 586505 0.0114550078 0.5 p0 2 1
988 1010 m2 52265 0.000122457888 0.5 p0 2 1
1103 1012 m2 942637 0.000329479779 0.5 p0 2 1
1187 1013 m2 953684 0.000314334698 0.5 p0 2 1
606 1014 m2 206639 -0.00801322237 0.5 p0 2 3
869 1015 m2 264917 -4.34026617e-07 0.5 p0 2 1
1215 1017 m2 398032 1.02976228e-05 0.5 p0 2 1
995 1020 m2 162570 0.0349767655 0.5 p0 2 2
1159 1022 m2 160585 0.00284575857 0.5 p0 2 1
567 1023 m2 532909 -0.000427386549 0.5 p0 2 2
735 1024 m2 416326 0.00659134053 0.5 p0 2 2
975 1025 m2 584822 -9.93986907e-11 0.5 p0 2 2
1151 1026 m2 710647 -0.000103303137 0.5 p0 2 2
1005 1027 m2 329313 9.83967257e-05 0.5 p0 2 2
1205 1028 m2 727528 -2.65530052e-05 0.5 p0 2 1
978 1029 m2 347975 -0.00292851799 0.5 p0 2 2
240 1030 m2 971091 -2.68317592e-07 0.5 p0 2 2
1128 1032 m2 281248 2.75553321e-05 0.5 p0 2 2
999 1033 m2 684415 1.73779688e-06 0.5 p0 2 2
1185 1034 m2 854181 0.00363445352 0.5 p0 2 1
893 1036 m2 512669 -0.00222871243 0.5 p0 2 2
1117 1037 m2 763823 0.000304681103 0.5 p0 2 1
867 1039 m2 381814 1.82796139e-05 0.5 p0 2 1
1127 1040 m2 301955 -0.00675473921 0.5 p0 2 1
658 1041 m2 389991 0.00725409715 0.5 p0 2 2
621 1042 m2 449776 0.000610874151 0.5 p0 2 3
987 1043 m2 105798 -0.000537248619 0.5 p0 2 2
1213 1045 m2 432464 -0.0265119001 0.5 p0 2 1
1082 1051 m2 895390 -0.040007621 0.5 p0 2 2
1064 1052 m2 74849 -0.0299116038 0.5 p0 2 1
1096 1053 m2 143308 -6.31919756e-05 0.5 p0 2 1
1219 1054 m2 872163 -0.0218371246 0.5 p0 2 1
985 1057 m2 769771 0.00619239965 0.5 p0 2 1
1199 1058 m2 949962 0.00410842802 0.5 p0 2 1
983 1062 m2 312883 -0.0384231471 0.5 p0 2 1
1110 1064 m2 924018 0.000324136665 0.5 p0 2 1
1016 1066 m2 168251 0.0016476023 0.5 p0 2 2
1195 1067 m2 177015 0.0100905281 0.5 p0 2 1
729 1070 m2 563052 0.000103736915 0.5 p0 2 1
1208 1071 m2 969518 6.86314408e-11 0.5 p0 2 2
1214 1072 m2 505788 -0.000452145323 0.5 p0 2 1
1196 1074 m2 233967 -0.00300871371 0.5 p0 2 1
1161 1075 m2 184159 1.0089816e-06 0.5 p0 2 2
1200 1077 m2 255230 -0.0066507021 0.5 p0 2 1
1061 1078 m2 872754 -8.0644817e-13 0.5 p0 2 1
1030 1079 m2 23240 -0.000436297327 0.5 p0 2 1
1129 1080 m2 204243 -0.00341008836 0.5 p0 2 1
1040 1081 m2 392731 -0.00851965044 0.5 p0 2 2
753 1082 m2 645726 0.00208764197 0.5 p0 2 1
997 1083 m2 456049 -6.0853381e-06 0.5 p0 2 1
844 1085 m2 219120 4.17482943e-06 0.5 p0 2 1
1211 1086 m2 315286 -2.41742214e-06 0.5 p0 2 1
858 1088 m2 227444 0.0552825555 0.5 p0 2 1
979 1091 m2 67476 0.0153540494 0.5 p0 2 1
470 1092 m2 558939 0.0494518541 0.5 p0 2 4
472 1093 m2 634161 -0.000117276155 0.5 p0 2 4
473 1094 m2 699950 0.0259349458 0.5 p0 2 3
1029 1095 m2 531369 0.000249582605 0.5 p0 2 1
798 1098 m2 618180 0.0352835096 0.5 p0 2 2
1015 1099 m2 3902 0.000192332198 0.5 p0 2 1
784 1100 m2 127418 -2.90298703e-05 0.5 p0 2 2
1107 1101 m2 16783 -0.00789161678 0.5 p0 2 3
1051 1103 m2 498350 -0.0530307367 0.5 p0 2 2
1091 1106 m2 465128 0.00426492654 0.5 p0 2 1
1137 1107 m2 778151 0.0166728254 0.5 p0 2 2
1131 1108 m2 927116 -0.0032369874 0.5 p0 2 2
1150 1109 m2 495749 0.000320601423 0.5 p0 2 1
1045 1111 m2 370391 0.0128193991 0.5 p0 2 1
915 1112 m2 47045 -0.00145341922 0.5 p0 2 2
1087 1114 m2 464057 1.0740786e-09 0.5 p0 2 2
812 1116 m2 549251 -0.00712456461 0.5 p0 2 3
945 1117 m2 918258 -0.00641791103 0.5 p0 2 1
1169 1123 m2 942141 0.0140811689 0.5 p0 2 1
734 1124 m2 877003 -6.51994753e-07 0.5 p0 2 1
1160 1125 m2 711486 1.43401885e-05 0.5 p0 2 2
593 1130 m2 286887 -0.0217879917 0.5 p0 2 1
962 1131 m2 534672 -0.000976406271 0.5 p0 2 1
923 1134 m2 132222 -0.00183797267 0.5 p0 2 2
922 1135 m2 92663 -1.3011956e-08 0.5 p0 2 3
1192 1137 m2 967079 2.21837968e-06 0.5 p0 2 1
352 1138 m2 987409 -0.00981758814 0.5 p0 2 4
1034 1139 m2 794767 0.000258058048 0.5 p0 2 2
1152 1140 m2 855340 5.76673483e-06 0.5 p0 2 2
986 1141 m2 474072 0.00800457969 0.5 p0 2 2
1088 1142 m2 143826 0.000475249428 0.5 p0 2 1
1147 1143 m2 180430 0.000285060785 0.5 p0 2 2
1148 1144 m2 682354 -0.018827226 0.5 p0 2 2
1217 1145 m2 489350 -0.0266774315 0.5 p0 2 1
761 1146 m2 216035 -0.0454839393 0.5 p0 2 1
764 1147 m2 860648 1.24214184e-05 0.5 p0 2 1
1101 1148 m2 166633 0.00100279087 0.5 p0 2 1
1173 1149 m2 738961 0.000352847099 0.5 p0 2 1
1130 1151 m2 216402 -0.00794350728 0.5 p0 2 1
965 1152 m2 394351 0.0428814888 0.5 p0 2 2
904 1153 m2 220769 0.0588891692 0.5 p0 2 2
1085 1157 m2 891690 -0.000260378496 0.5 p0 2 1
1112 1158 m2 310195 2.54757629e-06 0.5 p0 2 1
1111 1159 m2 732678 0.000111652094 0.5 p0 2 2
662 1162 m2 843409 -2.91784272e-05 0.5 p0 2 3
934 1165 m2 180000 -0.000504256983 0.5 p0 2 2
926 1166 m2 332072 0.0237849746 0.5 p0 2 4
1168 1170 m2 62810 0.0241454225 0.5 p0 2 1
1104 1171 m2 927455 0.0614254251 0.5 p0 2 2
1093 1172 m2 513134 0.000301762688 0.5 p0 2 1
1171 1173 m2 833852 -6.22775269e-06 0.5 p0 2 2
955 1174 m2 634183 -0.00477793673 0.5 p0 2 1
964 1176 m2 337719 -3.93749389e-07 0.5 p0 2 1
941 1177 m2 933047 -0.000239756395 0.5 p0 2 1
949 1178 m2 141152 -0.0036059292 0.5 p0 2 1
1072 1179 m2 777927 -0.0011538422 0.5 p0 2 1
0 1180 m1 961 0 0.5 p-1 -4279749 1169
696 1181 m1 1198 0 0.5 p-1 -553438 39
833 1183 m1 8302 0 0.5 p-1 -5641 5
2 1185 m1 12507 0 0.5 p-1 -7310688 1913
786 1187 m1 19912 -0 0.5 p-1 -515 1
450 1188 m1 20866 -0 0.5 p-1 -145730 167
1018 1189 m1 23113 0 0.5 p-1 -120 3
141 1190 m1 24032 0 0.5 p-1 -5301584 1474
5 1191 m1 28330 -0 0.5 p-1 -4409389 564
142 1192 m1 29069 0 0.5 p-1 -2116785 217
498 1193 m1 30106 -0 0.5 p-1 -7849 6
914 1194 m1 31508 0 0.5 p-1 -5414 6
650 1195 m1 32554 -0 0.5 p-1 -161170 91
144 1196 m1 35378 -0 0.5 p-1 -464649 73
243 1197 m1 38817 -0 0.5 p-1 -707867 382
145 1198 m1 40059 -0 0.5 p-1 -200556 41
9 1199 m1 47189 -0 0.5 p-1 -3384023 1163
354 1200 m1 48713 0 0.5 p-1 -911938 241
1058 1201 m1 56008 -0 0.5 p-1 -4602 2
774 1202 m1 56333 0 0.5 p-1 -2709584 24
770 1203 m1 56979 -0 0.5 p-1 -307092 27
866 1204 m1 57746 -0 0.5 p-1 -1494 2
1081 1205 m1 61257 0 0.5 p-1 -1194 1
877 1206 m1 63395 -0 0.5 p-1 -34922 18
10 1207 m1 64474 0 0.5 p-1 -1260666 312
523 1209 m1 67791 -0 0.5 p-1 -93212 55
14 1210 m1 75979 -0 0.5 p-1 -133397 117
620 1211 m1 76900 -0 0.5 p-1 -197762 48
451 1214 m1 89611 0 0.5 p-1 -2461047 258
15 1215 m1 89975 0 0.5 p-1 -1435674 1336
356 1216 m1 93326 -0 0.5 p-1 -702806 121
1176 1218 m1 99723 0 0.5 p-1 -83183 2
779 1219 m1 101331 0 0.5 p-1 -138181 7
18 1220 m1 103333 -0 0.5 p-1 -3763992 1678
601 1222 m1 111134 0 0.5 p-1 -263753 35
677 1224 m1 112460 -0 0.5 p-1 -7191 6
901 1225 m1 113314 0 0.5 p-1 -4811 5
500 1226 m1 113907 -0 0.5 p-1 -334316 257
1075 1227 m1 115169 0 0.5 p-1 -789 1
23 1228 m1 117759 -0 0.5 p-1 -11591052 1062
615 1229 m1 117905 -0 0.5 p-1 -168001 61
24 1230 m1 118204 0 0.5 p-1 -4973642 692
687 1232 m1 125330 -0 0.5 p-1 -35067 29
25 1233 m1 125467 0 0.5 p-1 -823382 732
1136 1235 m1 126467 0 0.5 p-1 -4833 1
795 1236 m1 126643 -0 0.5 p-1 -2807903 27
542 1237 m1 126935 0 0.5 p-1 -70189 8
358 1238 m1 130047 0 0.5 p-1 -203366 70
492 1239 m1 132855 0 0.5 p-1 -1357720 55
333 1240 m1 133152 0 0.5 p-1 -326691 258
306 1242 m1 139991 0 0.5 p-1 -3690761 381
380 1244 m1 147009 -0 0.5 p-1 -1410374 296
1031 1245 m1 148254 0 0.5 p-1 -3814 2
582 1246 m1 153938 -0 0.5 p-1 -284717 136
1047 1247 m1 154084 0 0.5 p-1 -19613 1
765 1248 m1 154128 0 0.5 p-1 -1532 3
1216 1249 m1 154553 0 0.5 p-1 -31 2
1174 1250 m1 155390 -0 0.5 p-1 -2700 1
974 1251 m1 155735 -0 0.5 p-1 -7445 2
413 1252 m1 161788 0 0.5 p-1 -191524 136
1124 1254 m1 172013 0 0.5 p-1 -74 2
787 1255 m1 181094 -0 0.5 p-1 -57794 12
31 1256 m1 182736 0 0.5 p-1 -4831374 733
512 1257 m1 191189 0 0.5 p-1 -2576198 69
155 1259 m1 196216 -0 0.5 p-1 -2802901 61
957 1260 m1 205039 -0 0.5 p-1 -4616 3
35 1262 m1 207142 0 0.5 p-1 -1057854 1117
551 1265 m1 210128 -0 0.5 p-1 -83326 28
616 1267 m1 217797 -0 0.5 p-1 -126137 35
688 1268 m1 220829 0 0.5 p-1 -720016 47
888 1269 m1 223047 0 0.5 p-1 -193584 18
746 1270 m1 223639 0 0.5 p-1 -151763 13
839 1271 m1 229756 -0 0.5 p-1 -3664 2
36 1272 m1 236695 0 0.5 p-1 -6138717 184
1191 1274 m1 242875 -0 0.5 p-1 -2640 1
1175 1276 m1 246214 0 0.5 p-1 -4919 1
532 1277 m1 251523 0 0.5 p-1 -52274 47
397 1278 m1 258992 0 0.5 p-1 -648494 258
215 1279 m1 260480 0 0.5 p-1 -2208997 483
607 1282 m1 272400 0 0.5 p-1 -342755 47
414 1283 m1 283973 -0 0.5 p-1 -160887 119
159 1284 m1 287706 0 0.5 p-1 -2582344 678
47 1285 m1 287938 0 0.5 p-1 -1632864 148
883 1286 m1 292275 -0 0.5 p-1 -25323 8
780 1287 m1 293373 0 0.5 p-1 -46921 36
501 1288 m1 294647 -0 0.5 p-1 -121215 96
647 1289 m1 299682 0 0.5 p-1 -258781 79
337 1290 m1 305571 -0 0.5 p-1 -19898 4
401 1291 m1 313709 -0 0.5 p-1 -2305648 393
653 1292 m1 322258 -0 0.5 p-1 -96218 60
53 1295 m1 332139 -0 0.5 p-1 -1752247 1396
54 1296 m1 332456 -0 0.5 p-1 -1421899 356
219 1297 m1 335509 0 0.5 p-1 -6338236 1351
56 1298 m1 338427 0 0.5 p-1 -5217586 1431
526 1300 m1 340363 0 0.5 p-1 -361431 51
162 1301 m1 342599 -0 0.5 p-1 -4674636 918
502 1303 m1 353698 0 0.5 p-1 -1390380 375
402 1306 m1 362802 0 0.5 p-1 -414963 10
163 1307 m1 363518 0 0.5 p-1 -762966 342
503 1308 m1 363736 0 0.5 p-1 -527418 32
220 1309 m1 364870 0 0.5 p-1 -386718 323
635 1311 m1 369788 0 0.5 p-1 -95949 44
58 1312 m1 372554 0 0.5 p-1 -2027070 68
1179 1314 m1 376977 0 0.5 p-1 -63231 3
917 1315 m1 377799 -0 0.5 p-1 -11558 12
59 1317 m1 385372 0 0.5 p-1 -4702057 1978
645 1318 m1 385626 -0 0.5 p-1 -117012 135
815 1319 m1 386784 0 0.5 p-1 -33098 38
762 1320 m1 387702 0 0.5 p-1 -139486 35
807 1322 m1 397300 -0 0.5 p-1 -154462 34
365 1323 m1 400979 -0 0.5 p-1 -1799957 83
60 1324 m1 401420 -0 0.5 p-1 -2169951 1629
1055 1325 m1 406579 0 0.5 p-1 -113900 4
956 1326 m1 406782 -0 0.5 p-1 -15174 4
221 1327 m1 415245 0 0.5 p-1 -184097 150
543 1328 m1 420774 -0 0.5 p-1 -133262 28
1162 1329 m1 422835 -0 0.5 p-1 -1284 2
366 1330 m1 430097 0 0.5 p-1 -153980 63
554 1331 m1 430892 0 0.5 p-1 -623333 113
722 1332 m1 433051 -0 0.5 p-1 -31389 28
62 1333 m1 434396 0 0.5 p-1 -1229291 534
889 1334 m1 435190 0 0.5 p-1 -19519 6
422 1335 m1 435371 0 0.5 p-1 -235285 217
254 1336 m1 440659 -0 0.5 p-1 -7457259 847
222 1338 m1 449337 0 0.5 p-1 -432162 30
624 1339 m1 449826 0 0.5 p-1 -7707 9
709 1340 m1 450031 0 0.5 p-1 -1730 4
556 1342 m1 455928 -0 0.5 p-1 -77190 21
966 1343 m1 459723 -0 0.5 p-1 -88988 5
166 1344 m1 462060 -0 0.5 p-1 -3283653 449
778 1345 m1 468485 0 0.5 p-1 -28472 9
1158 1346 m1 469928 -0 0.5 p-1 -4273 1
723 1347 m1 474949 -0 0.5 p-1 -1031796 27
611 1348 m1 475370 0 0.5 p-1 -217563 21
585 1349 m1 483803 0 0.5 p-1 -1004661 28
605 1350 m1 484397 0 0.5 p-1 -249167 27
600 1351 m1 484453 0 0.5 p-1 -247744 4
1201 1353 m1 489566 -0 0.5 p-1 -5520 1
513 1355 m1 498036 0 0.5 p-1 -427512 263
73 1356 m1 508350 -0 0.5 p-1 -915336 643
710 1357 m1 508397 -0 0.5 p-1 -12956 24
368 1359 m1 513881 0 0.5 p-1 -2440390 224
1050 1360 m1 514171 -0 0.5 p-1 -1500 2
169 1361 m1 516966 -0 0.5 p-1 -1338612 633
74 1362 m1 519286 -0 0.5 p-1 -3456574 1268
1080 1363 m1 520539 0 0.5 p-1 -2884 1
578 1364 m1 525135 -0 0.5 p-1 -34883 6
386 1365 m1 525383 -0 0.5 p-1 -154386 138
508 1366 m1 525917 -0 0.5 p-1 -488271 161
467 1367 m1 526428 0 0.5 p-1 -18617 14
78 1368 m1 528768 0 0.5 p-1 -701570 645
1153 1369 m1 530252 0 0.5 p-1 -5390 2
387 1370 m1 534295 0 0.5 p-1 -539118 56
1164 1371 m1 535051 0 0.5 p-1 -8720 2
171 1372 m1 537645 0 0.5 p-1 -1363582 295
947 1373 m1 541051 0 0.5 p-1 -15504 3
1220 1374 m1 545284 -0 0.5 p-1 -40152 1
469 1375 m1 546533 0 0.5 p-1 -250978 81
814 1376 m1 546721 0 0.5 p-1 -4387 13
223 1377 m1 547602 -0 0.5 p-1 -2764623 917
1083 1378 m1 548179 -0 0.5 p-1 -6861 2
738 1379 m1 551951 -0 0.5 p-1 -8304 2
288 1380 m1 552038 -0 0.5 p-1 -855830 139
83 1381 m1 562089 -0 0.5 p-1 -3928034 993
667 1382 m1 563017 -0 0.5 p-1 -1169099 30
996 1383 m1 564055 0 0.5 p-1 -36168 1
668 1384 m1 565225 -0 0.5 p-1 -102742 29
910 1385 m1 569888 -0 0.5 p-1 -1631 1
989 1386 m1 573573 -0 0.5 p-1 -141537 2
85 1387 m1 575799 -0 0.5 p-1 -3740379 985
632 1389 m1 586515 0 0.5 p-1 -39309 12
261 1390 m1 595920 0 0.5 p-1 -474775 227
471 1391 m1 596610 -0 0.5 p-1 -652303 247
389 1393 m1 598309 0 0.5 p-1 -1478445 256
1013 1395 m1 615520 -0 0.5 p-1 -2350 2
1084 1396 m1 615975 -0 0.5 p-1 -28006 3
836 1398 m1 618636 -0 0.5 p-1 -281175 6
176 1399 m1 619002 0 0.5 p-1 -4741850 384
91 1400 m1 619938 -0 0.5 p-1 -2242837 1152
313 1401 m1 623587 0 0.5 p-1 -1961539 304
666 1402 m1 633138 0 0.5 p-1 -1268007 53
177 1403 m1 635238 0 0.5 p-1 -3691865 655
911 1404 m1 637583 -0 0.5 p-1 -707 2
290 1405 m1 637970 0 0.5 p-1 -872200 346
178 1406 m1 640670 0 0.5 p-1 -5188403 1365
96 1407 m1 643410 -0 0.5 p-1 -1313886 647
909 1408 m1 645018 0 0.5 p-1 -174777 7
97 1409 m1 646007 -0 0.5 p-1 -4451287 707
932 1410 m1 650021 0 0.5 p-1 -6044 5
416 1411 m1 660141 -0 0.5 p-1 -8006807 65
369 1412 m1 663279 0 0.5 p-1 -581013 98
228 1413 m1 666769 -0 0.5 p-1 -1179683 1253
716 1414 m1 668628 0 0.5 p-1 -45819 19
837 1415 m1 673164 0 0.5 p-1 -122431 3
994 1416 m1 674199 -0 0.5 p-1 -84816 5
704 1417 m1 684534 0 0.5 p-1 -43964 8
182 1418 m1 688855 0 0.5 p-1 -2425765 1013
1094 1419 m1 695692 0 0.5 p-1 -38 1
436 1420 m1 700426 0 0.5 p-1 -787192 125
811 1421 m1 703685 0 0.5 p-1 -161029 19
586 1423 m1 709908 0 0.5 p-1 -117016 48
230 1424 m1 713155 -0 0.5 p-1 -384244 392
184 1425 m1 719171 0 0.5 p-1 -1731584 1240
1189 1426 m1 724283 -0 0.5 p-1 -153182 1
417 1427 m1 725267 0 0.5 p-1 -282622 238
107 1428 m1 726076 -0 0.5 p-1 -2649928 1371
760 1429 m1 726306 0 0.5 p-1 -3889 5
185 1431 m1 729423 0 0.5 p-1 -5992447 624
548 1432 m1 730728 -0 0.5 p-1 -86106 71
1218 1433 m1 730876 -0 0.5 p-1 -4907 1
960 1434 m1 731289 -0 0.5 p-1 -6924 5
1025 1435 m1 736322 0 0.5 p-1 -1856 1
1048 1436 m1 736566 0 0.5 p-1 -11006 2
108 1437 m1 739935 0 0.5 p-1 -15606785 989
980 1438 m1 741344 -0 0.5 p-1 -1308 2
294 1439 m1 744072 -0 0.5 p-1 -251017 117
1077 1440 m1 744686 -0 0.5 p-1 -111722 5
596 1441 m1 745708 0 0.5 p-1 -63674 36
315 1442 m1 750024 -0 0.5 p-1 -443481 131
613 1443 m1 755519 0 0.5 p-1 -9700 9
419 1444 m1 755564 0 0.5 p-1 -1974195 186
296 1445 m1 764211 -0 0.5 p-1 -228904 84
114 1446 m1 765771 0 0.5 p-1 -2510737 1489
1146 1447 m1 766705 -0 0.5 p-1 -2703 1
235 1448 m1 773702 0 0.5 p-1 -5615777 213
520 1449 m1 775160 0 0.5 p-1 -35003 17
236 1450 m1 777852 -0 0.5 p-1 -334144 142
633 1451 m1 777904 -0 0.5 p-1 -1010354 17
763 1452 m1 780472 0 0.5 p-1 -109745 24
865 1453 m1 786834 0 0.5 p-1 -317209 17
642 1454 m1 788670 0 0.5 p-1 -279335 32
297 1456 m1 791063 0 0.5 p-1 -1162341 365
580 1457 m1 793929 -0 0.5 p-1 -701663 145
118 1463 m1 809062 0 0.5 p-1 -55695 62
1105 1464 m1 809380 -0 0.5 p-1 -4059 1
1118 1465 m1 811291 -0 0.5 p-1 -37926 2
576 1466 m1 814266 0 0.5 p-1 -501654 105
802 1467 m1 817204 -0 0.5 p-1 -19094 14
496 1469 m1 820725 -0 0.5 p-1 -3251190 265
189 1470 m1 821299 -0 0.5 p-1 -5528158 1764
708 1471 m1 821541 -0 0.5 p-1 -212523 14
476 1472 m1 823979 0 0.5 p-1 -78856 73
851 1473 m1 828889 -0 0.5 p-1 -1173 2
757 1474 m1 829531 -0 0.5 p-1 -204498 33
614 1475 m1 830442 -0 0.5 p-1 -2213530 60
121 1476 m1 834949 0 0.5 p-1 -1995206 367
123 1477 m1 836262 -0 0.5 p-1 -1829839 1136
124 1478 m1 839165 0 0.5 p-1 -261547 65
1046 1480 m1 844333 -0 0.5 p-1 -1402 3
574 1481 m1 848366 -0 0.5 p-1 -2858187 64
634 1482 m1 851906 -0 0.5 p-1 -8077 12
448 1484 m1 859675 -0 0.5 p-1 -45490 14
193 1486 m1 870169 0 0.5 p-1 -1963375 844
322 1488 m1 872819 0 0.5 p-1 -1170555 453
783 1489 m1 873165 0 0.5 p-1 -17353 10
128 1490 m1 874376 0 0.5 p-1 -4038060 838
1009 1491 m1 878236 0 0.5 p-1 -14408 6
742 1493 m1 885331 0 0.5 p-1 -138858 11
195 1494 m1 887739 0 0.5 p-1 -1714514 1357
846 1496 m1 888986 -0 0.5 p-1 -21755 26
349 1498 m1 889388 0 0.5 p-1 -390768 134
486 1499 m1 890089 0 0.5 p-1 -159360 99
1180 1500 m1 893868 -0 0.5 p-1 -6927 2
196 1503 m1 905580 0 0.5 p-1 -1174403 445
715 1505 m1 925063 0 0.5 p-1 -153269 43
517 1506 m1 935731 0 0.5 p-1 -355647 201
623 1507 m1 936072 -0 0.5 p-1 -41625 30
351 1508 m1 949414 0 0.5 p-1 -369495 125
918 1509 m1 953303 0 0.5 p-1 -1424 3
669 1510 m1 956621 0 0.5 p-1 -27225 10
931 1511 m1 961286 -0 0.5 p-1 -17941 9
200 1512 m1 967930 0 0.5 p-1 -2062661 299
462 1513 m1 967932 -0 0.5 p-1 -46910 20
946 1515 m1 972453 -0 0.5 p-1 -5203 4
300 1517 m1 976809 -0 0.5 p-1 -97361 26
138 1519 m1 988360 0 0.5 p-1 -2857295 1492
327 1520 m1 991900 -0 0.5 p-1 -328557 240
929 1521 m1 992073 0 0.5 p-1 -43506 11
139 1522 m1 992166 -0 0.5 p-1 -7233245 1102
538 1523 m1 995830 0 0.5 p-1 -197198 259
