Temp_ID Permanent_ID Mutation_type Position s h Subpop Tick Number
528 0 m2 2733 0.011409116 0.5 p-1 -316850 124
214 2 m2 3763 0.000877694343 0.5 p-1 -3440952 257
690 3 m2 4307 5.70169577e-05 0.5 p-1 -297330 39
618 6 m2 6071 -0.000129452019 0.5 p-1 -7846 7
830 7 m2 7733 0.0395405218 0.5 p-1 -516992 23
215 9 m2 9239 2.77714498e-05 0.5 p-1 -2500900 860
415 11 m2 11216 -0.000954528863 0.5 p-1 -6180673 256
578 12 m2 11462 0.000482366479 0.5 p-1 -813776 60
0 13 m2 11680 0.00119889888 0.5 p-1 -265600 318
494 14 m2 11754 -1.62098859e-05 0.5 p-1 -6934195 122
1 15 m2 12194 -0.000336386845 0.5 p-1 -560310 287
692 16 m2 12806 -0.0123175457 0.5 p-1 -4164 5
761 17 m2 12818 0.000109705012 0.5 p-1 -505262 38
934 18 m2 14759 0.00787216425 0.5 p-1 -5681 8
3 20 m2 16458 -1.77739441e-08 0.5 p-1 -645413 831
754 21 m2 16861 -0.0291974116 0.5 p-1 -578163 18
755 22 m2 17481 -1.54984064e-05 0.5 p-1 -84043 18
377 23 m2 18141 -1.61252615e-06 0.5 p-1 -1090913 135
4 27 m2 20229 2.21787741e-05 0.5 p-1 -1612123 907
906 28 m2 20552 0.0102163488 0.5 p-1 -4401 2
5 30 m2 21164 -0.00763435569 0.5 p-1 -1846636 588
138 31 m2 21199 -0.0019359485 0.5 p-1 -718620 228
715 32 m2 21704 -0.00324392645 0.5 p-1 -212372 28
678 33 m2 21778 0.00144178991 0.5 p-1 -72528 26
216 34 m2 24715 2.04250555e-05 0.5 p-1 -1840844 543
7 35 m2 25658 0.00465765316 0.5 p-1 -2753727 399
139 36 m2 26319 -0.000646097993 0.5 p-1 -5518886 629
257 37 m2 26855 -0.000222700968 0.5 p-1 -3617679 274
562 38 m2 27699 -0.00245747413 0.5 p-1 -1751556 167
258 41 m2 30548 -0.000162386146 0.5 p-1 -101336 150
990 42 m2 31240 -0.0263226423 0.5 p-1 -3071 3
503 43 m2 31789 0.00968882255 0.5 p-1 -219610 24
651 44 m2 32081 -1.32632549e-05 0.5 p-1 -50604 33
423 45 m2 33342 0.000114636918 0.5 p-1 -2445501 426
781 46 m2 33853 -0.0199033991 0.5 p-1 -11217 7
8 47 m2 33907 0.0152705163 0.5 p-1 -5768281 931
904 48 m2 34688 0.00531820813 0.5 p-1 -23218 3
646 50 m2 35375 0.0039409278 0.5 p-1 -192643 41
890 52 m2 36715 0.0290985759 0.5 p-1 -5065 5
747 53 m2 37308 0.00612213416 0.5 p-1 -37681 22
758 55 m2 38290 -0.0202817954 0.5 p-1 -280807 4
9 56 m2 39382 0.0726653263 0.5 p-1 -2817437 1359
738 57 m2 39657 -0.0108462851 0.5 p-1 -195122 7
905 58 m2 39901 -0.00304447766 0.5 p-1 -13813 3
140 59 m2 40848 -0.0110787917 0.5 p-1 -6663828 1639
10 61 m2 42726 -0.0455099009 0.5 p-1 -1940967 1160
504 63 m2 43972 0.000147861443 0.5 p-1 -1229 5
363 64 m2 45330 0.0120786559 0.5 p-1 -287184 257
563 65 m2 45446 -0.0252571758 0.5 p-1 -4920 2
218 67 m2 46493 0.000319999002 0.5 p-1 -754642 231
561 69 m2 48286 0.000333375152 0.5 p-1 -131297 63
675 71 m2 52270 -6.03494072e-07 0.5 p-1 -5743626 95
889 73 m2 53907 -0.00146980875 0.5 p-1 -155236 15
834 74 m2 55826 -0.0448808484 0.5 p-1 -53765 8
505 76 m2 57101 -0.00794167537 0.5 p-1 -696031 65
450 77 m2 57212 1.71900263e-06 0.5 p-1 -292827 69
800 78 m2 58653 -0.00323310145 0.5 p-1 -2530 3
142 79 m2 59648 8.43494519e-09 0.5 p-1 -5464852 689
220 81 m2 62343 -0.0185405035 0.5 p-1 -901552 40
143 82 m2 62792 -0.00749023911 0.5 p-1 -3399133 222
720 83 m2 63241 0.0077798767 0.5 p-1 -52818 17
699 84 m2 65258 0.0372630097 0.5 p-1 -146229 3
144 86 m2 65534 0.00128256448 0.5 p-1 -2593746 909
579 87 m2 66039 -0.00925154518 0.5 p-1 -182872 193
12 88 m2 66554 -1.90344804e-06 0.5 p-1 -772145 666
682 89 m2 66690 -4.71939848e-06 0.5 p-1 -921564 70
669 90 m2 68264 0.0006411348 0.5 p-1 -79655 3
811 91 m2 69188 0.0153242955 0.5 p-1 -77051 12
295 92 m2 71452 1.2712545e-05 0.5 p-1 -2321940 399
1009 93 m2 72600 -0.038171038 0.5 p-1 -4545 1
424 94 m2 73722 0.00555013958 0.5 p-1 -2377731 114
13 95 m2 73801 -0.00114562549 0.5 p-1 -4011859 717
14 96 m2 74498 0.0374698602 0.5 p-1 -5502619 1509
909 97 m2 77246 -2.40882255e-05 0.5 p-1 -16845 14
574 98 m2 80991 -6.73352531e-07 0.5 p-1 -638904 119
992 99 m2 82032 0.00175684283 0.5 p-1 -9687 1
874 100 m2 85331 0.00200707559 0.5 p-1 -27600 25
145 101 m2 85794 -0.000815011037 0.5 p-1 -1323780 494
660 102 m2 87008 -0.0218161903 0.5 p-1 -111385 33
15 103 m2 87811 0.00163627241 0.5 p-1 -401339 378
425 104 m2 88949 3.42753192e-05 0.5 p-1 -2987741 195
16 105 m2 89114 0.00398334442 0.5 p-1 -2353810 504
795 106 m2 90748 -0.0128996698 0.5 p-1 -99250 14
296 108 m2 91351 -1.77203237e-05 0.5 p-1 -509058 65
146 110 m2 93146 0.000282718596 0.5 p-1 -3580048 1217
334 112 m2 93672 -0.00651132874 0.5 p-1 -1776373 299
18 114 m2 95621 0.00322825531 0.5 p-1 -3463603 646
147 115 m2 95798 0.000176362591 0.5 p-1 -5488946 619
259 116 m2 96617 -0.0628060848 0.5 p-1 -359932 310
148 117 m2 96984 9.8212302e-05 0.5 p-1 -767226 390
693 118 m2 97839 -1.45567196e-06 0.5 p-1 -3086 4
19 120 m2 99409 -0.00952763855 0.5 p-1 -6359223 1952
260 122 m2 102642 0.00103711523 0.5 p-1 -1075413 1110
22 123 m2 104690 0.0111984452 0.5 p-1 -7277970 1759
149 125 m2 105941 0.00152538053 0.5 p-1 -3599293 102
535 126 m2 106289 -0.00165790739 0.5 p-1 -451798 26
451 127 m2 106844 -0.0182959288 0.5 p-1 -598669 67
150 128 m2 110399 0.00367085193 0.5 p-1 -4363506 707
536 130 m2 111153 -0.00639407011 0.5 p-1 -118 3
842 131 m2 113338 0.000561347639 0.5 p-1 -53320 11
439 132 m2 113647 -0.0117616756 0.5 p-1 -779122 183
335 133 m2 114952 0.00164174533 0.5 p-1 -225356 94
652 134 m2 116629 0.0047180308 0.5 p-1 -42853 26
23 135 m2 117583 0.0205384418 0.5 p-1 -6399489 1401
336 137 m2 118210 0.00739080459 0.5 p-1 -800348 329
977 138 m2 119227 -0.000375893316 0.5 p-1 -10389 7
221 139 m2 119763 0.0662101656 0.5 p-1 -1709849 663
25 140 m2 121924 0.0131990658 0.5 p-1 -6000577 874
553 141 m2 123301 0.000819553214 0.5 p-1 -276889 90
297 143 m2 124472 0.0124955988 0.5 p-1 -1176837 179
978 144 m2 128373 0.0632946268 0.5 p-1 -82576 7
151 145 m2 129199 -0.00604721764 0.5 p-1 -179307 25
817 146 m2 129564 0.000123683116 0.5 p-1 -99207 18
873 147 m2 129943 -0.0423428491 0.5 p-1 -49316 2
27 149 m2 130791 0.0262781344 0.5 p-1 -5530748 827
883 150 m2 135770 -0.000574750942 0.5 p-1 -39380 5
28 152 m2 136193 0.000227993602 0.5 p-1 -13088126 1878
337 155 m2 138965 -7.457425e-06 0.5 p-1 -1521523 410
452 157 m2 140213 6.18445702e-05 0.5 p-1 -74712 100
29 160 m2 144956 0.00184358144 0.5 p-1 -532033 197
957 162 m2 147137 -0.0218355339 0.5 p-1 -4693 1
965 163 m2 148554 -3.33555909e-05 0.5 p-1 -1838 5
698 164 m2 149416 -0.0138486009 0.5 p-1 -41199 5
664 166 m2 150709 -2.58180808e-06 0.5 p-1 -187468 21
261 167 m2 152464 0.00236012042 0.5 p-1 -2698710 780
30 168 m2 153969 0.0275094826 0.5 p-1 -9169909 1534
1019 169 m2 154802 -5.22270857e-05 0.5 p-1 -16359 1
476 171 m2 155224 0.0365222283 0.5 p-1 -100018 75
701 172 m2 155339 0.0059819459 0.5 p-1 -146163 22
575 174 m2 159227 0.0243655965 0.5 p-1 -104551 71
914 176 m2 160946 0.0185310412 0.5 p-1 -39040 1
912 177 m2 162186 -0.00100430881 0.5 p-1 -11347 1
908 178 m2 163120 0.00753549766 0.5 p-1 -17938 2
979 179 m2 163158 1.70897216e-08 0.5 p-1 -40446 7
223 182 m2 168333 0.0013262491 0.5 p-1 -514905 449
801 183 m2 168387 0.0221897792 0.5 p-1 -53155 16
848 184 m2 169428 -1.23263288e-10 0.5 p-1 -86721 3
31 185 m2 169500 1.73206706e-06 0.5 p-1 -6349872 1252
32 186 m2 170033 0.00100633455 0.5 p-1 -2166707 1324
427 187 m2 170849 0.00121002819 0.5 p-1 -33423 20
886 188 m2 171163 -1.82271069e-08 0.5 p-1 -60560 4
980 189 m2 171964 0.00695588253 0.5 p-1 -9870 2
378 190 m2 171969 -0.000370204099 0.5 p-1 -663044 315
605 191 m2 172404 -0.00131567521 0.5 p-1 -807170 174
224 192 m2 173100 0.0234607067 0.5 p-1 -2367126 436
632 193 m2 175076 0.000369363464 0.5 p-1 -143904 4
1020 194 m2 176137 -0.000251996215 0.5 p-1 -7982 1
33 196 m2 180348 -3.6052262e-07 0.5 p-1 -9501530 1158
34 197 m2 180846 0.00091482565 0.5 p-1 -2480768 1000
818 198 m2 181366 -0.0276038665 0.5 p-1 -187185 21
152 199 m2 183107 0.00863020029 0.5 p-1 -2590892 774
320 200 m2 183124 0.000810116995 0.5 p-1 -139415 71
703 201 m2 183629 -0.00781058939 0.5 p-1 -38064 7
835 202 m2 185177 0.000834456878 0.5 p-1 -14609 4
153 203 m2 185737 -0.0816929266 0.5 p-1 -807537 105
154 204 m2 188614 1.52920123e-07 0.5 p-1 -2208163 852
155 206 m2 190123 -0.0136568146 0.5 p-1 -1185874 535
707 208 m2 192148 2.54709032e-09 0.5 p-1 -197736 12
36 210 m2 193766 -0.0194761194 0.5 p-1 -1712274 813
225 212 m2 199053 -0.000182663178 0.5 p-1 -655360 219
226 213 m2 200428 -0.0331708156 0.5 p-1 -3914795 649
565 214 m2 202457 8.99367751e-06 0.5 p-1 -2061821 141
762 216 m2 207474 -0.000329993811 0.5 p-1 -173482 60
321 217 m2 209796 2.72402795e-05 0.5 p-1 -82432 60
379 218 m2 210564 -0.0003764625 0.5 p-1 -329195 222
1025 219 m2 211225 0.00052173686 0.5 p-1 -20343 1
995 220 m2 211758 -1.45909596e-07 0.5 p-1 -647 1
37 221 m2 212772 -0.000215436579 0.5 p-1 -2013025 833
815 222 m2 213023 -0.0128805386 0.5 p-1 -14188 10
38 226 m2 216091 0.00341291004 0.5 p-1 -496619 382
759 228 m2 216882 -0.00017279078 0.5 p-1 -238067 59
157 230 m2 225407 0.0116837025 0.5 p-1 -41713 15
158 231 m2 226112 0.0015782048 0.5 p-1 -4703216 1012
816 235 m2 231678 6.50842685e-06 0.5 p-1 -131987 10
685 236 m2 231790 1.53264864e-06 0.5 p-1 -78922 48
642 237 m2 232581 0.00710115535 0.5 p-1 -36385 8
783 238 m2 233853 -0.0284370445 0.5 p-1 -180754 16
301 242 m2 236952 0.0338531174 0.5 p-1 -1936393 305
524 243 m2 238573 -0.000382260972 0.5 p-1 -78170 39
943 244 m2 238878 0.00614395179 0.5 p-1 -25736 4
784 245 m2 239416 7.53584484e-09 0.5 p-1 -40899 2
159 246 m2 239705 -4.44501438e-06 0.5 p-1 -1126349 893
529 247 m2 241374 0.00332469726 0.5 p-1 -23089 29
959 248 m2 242054 2.34762592e-06 0.5 p-1 -4952 2
227 249 m2 242432 0.000180310395 0.5 p-1 -2082674 539
735 250 m2 243470 0.00310677895 0.5 p-1 -40736 32
428 251 m2 244075 -0.000162687691 0.5 p-1 -1245418 53
938 252 m2 244267 -0.00415881164 0.5 p-1 -35996 1
302 253 m2 245114 -2.49592563e-06 0.5 p-1 -2983955 930
416 254 m2 246163 2.58815261e-11 0.5 p-1 -38651 3
40 255 m2 246720 -0.0137406448 0.5 p-1 -393141 242
303 256 m2 247888 3.93827322e-05 0.5 p-1 -2358893 768
322 257 m2 248418 0.000948588713 0.5 p-1 -2594799 574
323 258 m2 250743 -0.000267446536 0.5 p-1 -589427 52
619 261 m2 252681 0.000890830241 0.5 p-1 -27153 9
530 262 m2 253239 -0.020112792 0.5 p-1 -12288 27
776 263 m2 253412 0.00244270056 0.5 p-1 -8668 5
983 264 m2 253415 4.14968672e-05 0.5 p-1 -544 1
545 266 m2 253956 -0.00936031342 0.5 p-1 -11697 4
626 268 m2 258400 -0.00102801248 0.5 p-1 -17257 19
41 269 m2 258849 0.00136012351 0.5 p-1 -4183838 1095
824 270 m2 259465 0.000132180227 0.5 p-1 -10353 10
417 272 m2 263979 0.00251649437 0.5 p-1 -13924 1
721 273 m2 264435 -0.0183049757 0.5 p-1 -1173213 61
42 274 m2 265121 -0.0046279938 0.5 p-1 -2568639 1854
43 275 m2 269899 -0.000317022728 0.5 p-1 -3821532 1443
442 276 m2 270763 -0.00300812139 0.5 p-1 -326420 199
742 277 m2 271037 0.0116819954 0.5 p-1 -269630 13
263 279 m2 273219 0.000219564521 0.5 p-1 -1041852 215
381 282 m2 274116 -4.08394335e-05 0.5 p-1 -219512 73
662 283 m2 278486 8.71672182e-06 0.5 p-1 -67575 59
973 284 m2 278493 -1.91724866e-05 0.5 p-1 -167227 1
402 285 m2 278825 -0.0474157557 0.5 p-1 -755321 552
44 286 m2 279257 0.00844830927 0.5 p-1 -1454453 284
403 287 m2 280229 -2.6687735e-07 0.5 p-1 -1149626 151
765 288 m2 281289 0.00187447795 0.5 p-1 -22 16
968 290 m2 283697 1.19970741e-06 0.5 p-1 -10196 1
429 291 m2 284135 -0.0206011962 0.5 p-1 -475985 181
45 292 m2 285774 -0.00332982047 0.5 p-1 -3181563 768
304 293 m2 286841 -0.00706013292 0.5 p-1 -8982 3
305 294 m2 287598 -0.00208429969 0.5 p-1 -130393 6
823 296 m2 290735 -0.00168301933 0.5 p-1 -5454 11
723 298 m2 291306 -0.0234923791 0.5 p-1 -261596 31
228 300 m2 295463 -0.00351430895 0.5 p-1 -1968507 212
324 301 m2 295711 0.040438436 0.5 p-1 -1593050 1004
338 302 m2 295758 0.00195812248 0.5 p-1 -242550 59
229 303 m2 296276 -4.9590094e-06 0.5 p-1 -1630447 114
996 304 m2 296744 0.0161158275 0.5 p-1 -77786 3
790 305 m2 298935 0.0048434427 0.5 p-1 -19274 6
984 306 m2 299202 3.23309344e-08 0.5 p-1 -113473 6
405 307 m2 299695 -0.0193848107 0.5 p-1 -149447 48
455 308 m2 300084 -0.000102932929 0.5 p-1 -1603922 117
964 309 m2 301076 0.0113645047 0.5 p-1 -1471 1
46 310 m2 303142 -0.00348963053 0.5 p-1 -4475419 1745
161 311 m2 303652 0.0135817062 0.5 p-1 -3139118 1506
514 312 m2 303824 0.00256136386 0.5 p-1 -44699 34
700 314 m2 308668 0.00179996167 0.5 p-1 -6881 5
264 316 m2 309581 0.0293374248 0.5 p-1 -1832148 684
47 317 m2 311032 -0.0008288885 0.5 p-1 -1484264 767
307 318 m2 312105 7.49399769e-05 0.5 p-1 -337416 241
48 320 m2 313220 0.0528470129 0.5 p-1 -1792584 1826
49 321 m2 316109 -0.00606174069 0.5 p-1 -712246 259
50 322 m2 318429 -0.000846028386 0.5 p-1 -8390409 1238
230 323 m2 318974 0.00214990764 0.5 p-1 -981333 357
51 324 m2 320215 0.000379777048 0.5 p-1 -7848106 1889
163 325 m2 323025 -0.000573661877 0.5 p-1 -2897915 1475
477 327 m2 326555 -4.11204128e-05 0.5 p-1 -832970 69
718 328 m2 330021 0.00610688655 0.5 p-1 -61117 9
53 330 m2 332473 -0.00157085515 0.5 p-1 -1186415 1151
54 331 m2 334128 -0.000213001229 0.5 p-1 -4449919 779
232 335 m2 337321 0.0115676438 0.5 p-1 -7213368 946
265 336 m2 341824 -0.000918260019 0.5 p-1 -651781 62
382 337 m2 342649 -0.00991794374 0.5 p-1 -5194 10
509 338 m2 346083 0.00341682625 0.5 p-1 -1677962 29
456 339 m2 346435 0.000986788538 0.5 p-1 -74975 20
57 340 m2 346705 -0.000801372284 0.5 p-1 -341683 312
836 342 m2 348939 0.00799590442 0.5 p-1 -10557 4
930 344 m2 352712 0.000535439525 0.5 p-1 -3649 2
266 345 m2 353156 -0.00622931588 0.5 p-1 -239280 80
58 346 m2 354377 0.00327665335 0.5 p-1 -7268864 1830
843 347 m2 354630 0.000805817428 0.5 p-1 -452646 23
606 348 m2 354956 -0.0434615649 0.5 p-1 -7247 4
546 349 m2 354980 0.00678367354 0.5 p-1 -109228 19
366 350 m2 355936 -0.00908090174 0.5 p-1 -194791 162
671 351 m2 360030 -0.0132273966 0.5 p-1 -720516 52
431 352 m2 360760 -0.0276875496 0.5 p-1 -1867269 251
939 353 m2 361700 -0.00115484453 0.5 p-1 -5532 1
920 355 m2 366503 0.0997461379 0.5 p-1 -10690 3
234 356 m2 368347 -0.0150450226 0.5 p-1 -117607 9
786 357 m2 368960 -9.94432121e-05 0.5 p-1 -275969 15
466 359 m2 370877 1.75344965e-07 0.5 p-1 -1026976 151
432 360 m2 371611 -0.000951295777 0.5 p-1 -100660 43
538 361 m2 373044 -0.0538488589 0.5 p-1 -27813 8
867 363 m2 375638 0.00459105987 0.5 p-1 -1155 11
819 364 m2 377475 -0.000168736326 0.5 p-1 -21732 3
722 366 m2 380710 -0.0164647512 0.5 p-1 -308022 23
672 368 m2 384315 0.00753063615 0.5 p-1 -1766111 23
910 370 m2 388870 -0.0707843676 0.5 p-1 -11113 4
467 371 m2 389587 -0.00344466488 0.5 p-1 -216300 105
164 373 m2 392756 0.011939357 0.5 p-1 -863397 140
891 374 m2 393594 1.3466336e-05 0.5 p-1 -48391 7
638 376 m2 397462 0.0228050873 0.5 p-1 -313605 58
991 380 m2 399744 -0.00547238719 0.5 p-1 -26766 1
592 382 m2 400670 -0.0183801632 0.5 p-1 -263171 67
725 387 m2 404708 0.000254026731 0.5 p-1 -748971 14
406 388 m2 406549 0.0171784088 0.5 p-1 -16077 11
925 389 m2 407670 0.0207008775 0.5 p-1 -750489 4
60 390 m2 407753 0.00134089764 0.5 p-1 -3307171 1259
702 391 m2 408104 -0.0232908484 0.5 p-1 -56407 37
679 393 m2 410103 -0.00126964226 0.5 p-1 -42296 11
355 394 m2 410903 -0.00826306269 0.5 p-1 -125719 38
61 397 m2 413340 -0.0130104022 0.5 p-1 -66012 81
236 398 m2 413403 0.00337931653 0.5 p-1 -1276515 664
659 400 m2 415520 0.000164149606 0.5 p-1 -155919 61
554 401 m2 416653 0.000460197625 0.5 p-1 -672590 56
585 402 m2 418352 0.0188034587 0.5 p-1 -116933 86
750 403 m2 418604 -0.000811746868 0.5 p-1 -24293 19
267 404 m2 419080 -0.00389749417 0.5 p-1 -1453816 326
736 405 m2 419987 -0.029021414 0.5 p-1 -173588 18
953 407 m2 428193 -0.0248648543 0.5 p-1 -818 1
418 408 m2 430414 -0.000990826986 0.5 p-1 -1413292 158
308 409 m2 431621 -0.000136254384 0.5 p-1 -6977541 262
791 410 m2 432897 0.00750885252 0.5 p-1 -1446563 7
730 411 m2 436617 4.08251992e-07 0.5 p-1 -242830 38
555 412 m2 437873 -0.000223378636 0.5 p-1 -44833 54
65 413 m2 438331 0.0191594958 0.5 p-1 -85428 96
967 414 m2 438381 -0.0129978601 0.5 p-1 -22681 1
367 415 m2 438523 -0.00129487854 0.5 p-1 -138372 41
539 416 m2 439585 0.000503074029 0.5 p-1 -1038300 143
616 417 m2 439973 -0.0116956271 0.5 p-1 -58825 5
168 418 m2 442829 -0.0124219675 0.5 p-1 -2624941 512
169 420 m2 447811 -0.0189819299 0.5 p-1 -927241 206
268 421 m2 450426 0.00896577258 0.5 p-1 -67423 55
599 422 m2 451044 -3.80637721e-05 0.5 p-1 -127452 63
237 423 m2 452255 2.74941613e-05 0.5 p-1 -2984665 321
340 424 m2 453329 0.0437704585 0.5 p-1 -355643 90
733 426 m2 455806 0.000633746269 0.5 p-1 -75782 24
724 427 m2 458337 4.5988906e-09 0.5 p-1 -491421 50
66 428 m2 459359 -0.0270289797 0.5 p-1 -3256977 1830
972 429 m2 461676 3.82603102e-05 0.5 p-1 -5178 1
269 430 m2 461822 -0.00724821212 0.5 p-1 -2425821 431
694 432 m2 463170 0.00412501441 0.5 p-1 -382777 11
581 433 m2 465038 0.0054208925 0.5 p-1 -49421 70
67 435 m2 465420 -0.0242811646 0.5 p-1 -1761060 1741
419 437 m2 468050 -5.29997706e-05 0.5 p-1 -24240 18
613 438 m2 469154 0.057031326 0.5 p-1 -161827 42
309 441 m2 470237 -0.00225866633 0.5 p-1 -4511527 409
170 442 m2 470300 -0.00578032294 0.5 p-1 -3151093 642
238 443 m2 470534 -0.0399419107 0.5 p-1 -266902 208
239 444 m2 470908 0.092285648 0.5 p-1 -1700477 198
894 446 m2 473231 0.000136607865 0.5 p-1 -86699 7
356 448 m2 474716 0.0124069294 0.5 p-1 -251416 100
745 449 m2 478883 0.00336553552 0.5 p-1 -12249 10
68 450 m2 480452 0.0208507534 0.5 p-1 -6829841 1577
69 451 m2 481867 -0.0265835151 0.5 p-1 -3662443 994
385 453 m2 483073 -1.63304253e-06 0.5 p-1 -230718 71
673 454 m2 483250 0.000433654001 0.5 p-1 -65756 30
900 455 m2 487860 0.0401111506 0.5 p-1 -1284 3
171 456 m2 488262 0.0179942753 0.5 p-1 -3421864 1476
70 457 m2 489863 0.0218505021 0.5 p-1 -844634 919
709 459 m2 491266 0.000145744954 0.5 p-1 -6079 5
600 460 m2 491668 0.00233774795 0.5 p-1 -63121 81
567 461 m2 494694 -0.00724331336 0.5 p-1 -54668 65
386 462 m2 495334 0.000252813916 0.5 p-1 -1054809 171
71 464 m2 496016 4.01713078e-05 0.5 p-1 -88981 65
387 466 m2 496812 0.00346389506 0.5 p-1 -2031944 36
72 467 m2 496840 0.000198444468 0.5 p-1 -3509341 1964
73 468 m2 497736 0.0458887294 0.5 p-1 -812249 122
341 469 m2 499647 0.000212692248 0.5 p-1 -173378 244
952 471 m2 499920 0.00447421288 0.5 p-1 -9313 1
74 473 m2 503312 -0.00126682315 0.5 p-1 -2381886 1555
568 474 m2 503674 -0.0080655301 0.5 p-1 -14347 30
627 475 m2 505007 -3.25442966e-06 0.5 p-1 -296410 82
923 476 m2 507062 0.000465931778 0.5 p-1 -23417 7
271 477 m2 508427 -0.00011962853 0.5 p-1 -1004740 181
420 478 m2 508502 -1.59969422e-05 0.5 p-1 -23890 2
326 480 m2 509536 -0.00052212656 0.5 p-1 -1114365 312
593 482 m2 513383 -0.0185303129 0.5 p-1 -156635 40
774 484 m2 514370 0.000326370937 0.5 p-1 -269800 74
172 488 m2 515304 -0.00666274549 0.5 p-1 -2385024 158
76 489 m2 516334 1.53683668e-05 0.5 p-1 -91760 280
444 490 m2 519432 0.00127601984 0.5 p-1 -156086 41
78 491 m2 519711 -0.0214302298 0.5 p-1 -533827 355
859 492 m2 520276 -0.00609888881 0.5 p-1 -11535 9
272 493 m2 520457 0.0233902726 0.5 p-1 -1149640 448
807 494 m2 521846 0.000492386986 0.5 p-1 -49162 13
79 495 m2 522384 -0.00662560761 0.5 p-1 -1925014 760
388 496 m2 522460 -0.000172558037 0.5 p-1 -15087 8
517 497 m2 523677 -1.66002337e-05 0.5 p-1 -1450600 65
628 499 m2 525074 -0.0118630752 0.5 p-1 -60360 131
368 501 m2 528384 0.0170648862 0.5 p-1 -1863877 546
649 502 m2 528651 0.0091086328 0.5 p-1 -68478 13
633 503 m2 529086 -0.000943873078 0.5 p-1 -2302551 10
1026 504 m2 529516 -0.0226460136 0.5 p-1 -156421 1
650 505 m2 529757 -3.61830425e-05 0.5 p-1 -304123 173
274 506 m2 530126 -1.0044042e-05 0.5 p-1 -1641296 290
389 507 m2 532611 0.0134829162 0.5 p-1 -1626592 185
744 508 m2 533331 0.00036081014 0.5 p-1 -13253 11
433 509 m2 533920 4.93446714e-05 0.5 p-1 -725598 277
840 510 m2 539195 0.000249848963 0.5 p-1 -11832 7
805 512 m2 539644 0.00210192427 0.5 p-1 -113846 9
484 515 m2 541021 0.0351744518 0.5 p-1 -66591 49
242 516 m2 541194 -2.60029628e-05 0.5 p-1 -1745906 1000
1031 517 m2 542430 0.00208450807 0.5 p-1 -15391 1
80 518 m2 542592 0.000920110964 0.5 p-1 -2896965 1237
359 520 m2 543344 4.81993254e-07 0.5 p-1 -1697510 498
81 521 m2 544057 -6.54263131e-05 0.5 p-1 -9430907 487
310 522 m2 544205 0.000416584691 0.5 p-1 -4204161 377
569 524 m2 545315 -0.00844345614 0.5 p-1 -51767 31
570 525 m2 545398 0.0030311069 0.5 p-1 -1245638 77
82 527 m2 546643 5.95949859e-05 0.5 p-1 -1170513 331
639 528 m2 546947 0.00371795497 0.5 p-1 -225373 44
866 529 m2 549759 0.020041436 0.5 p-1 -291197 3
845 530 m2 551161 -0.00595295522 0.5 p-1 -28988 7
932 531 m2 552051 -0.00466594286 0.5 p-1 -13183 2
691 532 m2 552209 5.41770751e-05 0.5 p-1 -175485 46
794 533 m2 552657 -0.00211809971 0.5 p-1 -10429 5
531 534 m2 553944 -4.78201036e-05 0.5 p-1 -892634 217
369 537 m2 557800 0.00131352956 0.5 p-1 -2431504 134
83 538 m2 559344 0.0112913167 0.5 p-1 -7192301 1466
311 540 m2 559865 -7.10777458e-05 0.5 p-1 -365506 223
244 541 m2 560027 6.65426205e-06 0.5 p-1 -4773371 1269
1002 542 m2 561108 0.00954204705 0.5 p-1 -3233 1
635 543 m2 561162 -0.000161798409 0.5 p-1 -126977 18
390 544 m2 563801 -0.00155636144 0.5 p-1 -150280 90
1003 545 m2 564495 0.00061398797 0.5 p-1 -11168 2
888 547 m2 565746 -0.00788598973 0.5 p-1 -4612 2
85 548 m2 566040 1.28710394e-06 0.5 p-1 -1506361 565
86 550 m2 566613 2.95576683e-05 0.5 p-1 -7951810 1804
775 551 m2 568491 -0.00128102896 0.5 p-1 -51131 9
87 552 m2 569921 0.000774007698 0.5 p-1 -1759565 1286
814 553 m2 570820 4.09450642e-08 0.5 p-1 -651607 9
173 554 m2 573720 -0.00938951317 0.5 p-1 -91547 42
445 555 m2 574952 -0.00708917808 0.5 p-1 -106657 104
986 556 m2 575248 2.22530289e-05 0.5 p-1 -6465 2
174 557 m2 576532 0.000280563923 0.5 p-1 -3038258 651
175 559 m2 576909 -0.00519754319 0.5 p-1 -1163676 716
956 561 m2 579835 5.84956724e-05 0.5 p-1 -6739 4
798 563 m2 583590 0.00159927807 0.5 p-1 -28608 16
998 565 m2 584460 -0.0328705236 0.5 p-1 -7720 1
370 567 m2 585952 0.0150686018 0.5 p-1 -173348 181
933 568 m2 586365 -0.00168313761 0.5 p-1 -660 2
594 570 m2 588588 -1.04538071e-06 0.5 p-1 -1057743 26
829 572 m2 591751 -0.00523560029 0.5 p-1 -32774 11
176 573 m2 593599 -0.00707698241 0.5 p-1 -1257995 420
434 575 m2 599315 -0.00410773978 0.5 p-1 -1141704 313
391 577 m2 600428 -0.0010218306 0.5 p-1 -56043 66
312 579 m2 603438 -5.15819784e-06 0.5 p-1 -1126591 652
901 580 m2 603528 -0.00028988297 0.5 p-1 -332 4
680 581 m2 604035 -2.47288899e-05 0.5 p-1 -322193 6
178 582 m2 604369 -1.67398861e-09 0.5 p-1 -3942833 393
89 583 m2 605647 -0.00193611439 0.5 p-1 -2662810 1879
518 584 m2 605847 9.7157681e-08 0.5 p-1 -530201 135
90 586 m2 609596 -4.68367123e-10 0.5 p-1 -346327 389
91 588 m2 613327 -0.00765424455 0.5 p-1 -4436829 1048
421 589 m2 613356 -0.000290005468 0.5 p-1 -402947 29
808 591 m2 617626 -0.00333782984 0.5 p-1 -6389 8
828 592 m2 617756 -0.000156274356 0.5 p-1 -1710 6
92 593 m2 618132 -0.00296905893 0.5 p-1 -8214383 1768
468 594 m2 619400 -0.0421954505 0.5 p-1 -56628 6
93 595 m2 619849 -0.019916568 0.5 p-1 -666291 494
654 597 m2 624559 0.000143003694 0.5 p-1 -73456 21
510 598 m2 626770 -0.000662653591 0.5 p-1 -6406 4
655 599 m2 627834 0.000914142583 0.5 p-1 -83051 28
844 600 m2 627935 0.0160729494 0.5 p-1 -2882 1
95 602 m2 628276 -0.0341329388 0.5 p-1 -8262894 1504
985 603 m2 630920 4.30967928e-09 0.5 p-1 -13202 4
96 604 m2 632040 0.000354535587 0.5 p-1 -1942168 671
851 609 m2 637135 -0.00362875452 0.5 p-1 -23225 8
1018 610 m2 637991 0.00868494064 0.5 p-1 -1152 1
582 611 m2 638024 -0.000408044347 0.5 p-1 -651 9
371 612 m2 638647 -0.020813942 0.5 p-1 -737567 198
792 613 m2 638729 0.0012577048 0.5 p-1 -21256 4
847 615 m2 640103 -0.0265656617 0.5 p-1 -28408 10
327 616 m2 640503 0.00178201566 0.5 p-1 -1448048 435
98 617 m2 640781 1.04443309e-07 0.5 p-1 -6348738 1161
99 618 m2 640933 0.0467551351 0.5 p-1 -5771614 1617
100 619 m2 641767 -0.0091886837 0.5 p-1 -2289010 1441
974 621 m2 642599 2.72921682e-07 0.5 p-1 -197992 1
879 622 m2 645219 -0.00732501131 0.5 p-1 -301937 13
898 623 m2 646369 -0.000557106512 0.5 p-1 -32553 6
446 624 m2 646479 2.00258619e-05 0.5 p-1 -429688 153
586 625 m2 648067 -0.00229478604 0.5 p-1 -188572 44
921 626 m2 649065 -0.0502193384 0.5 p-1 -61411 7
895 627 m2 649293 0.00147516595 0.5 p-1 -6262 5
734 628 m2 649321 -0.0143396137 0.5 p-1 -3029 5
881 629 m2 649345 0.000792732462 0.5 p-1 -69283 25
643 633 m2 653463 -0.000718894706 0.5 p-1 -52491 8
275 634 m2 654618 -0.000494922162 0.5 p-1 -742930 281
180 635 m2 654935 -0.0211215541 0.5 p-1 -4668382 916
101 636 m2 656141 0.00390347349 0.5 p-1 -1775374 806
460 637 m2 656800 1.02937679e-06 0.5 p-1 -1624295 179
958 638 m2 658014 -1.03977463e-05 0.5 p-1 -10374 1
247 639 m2 660468 0.0509819649 0.5 p-1 -55894 19
853 641 m2 661160 0.00200558361 0.5 p-1 -8735 17
372 642 m2 661345 0.000276079547 0.5 p-1 -1631243 308
919 643 m2 663920 0.000114164766 0.5 p-1 -8473 2
902 644 m2 665206 -1.88047397e-05 0.5 p-1 -67393 15
629 645 m2 666959 0.0422285497 0.5 p-1 -41076 59
486 648 m2 669538 -0.0111716613 0.5 p-1 -732361 92
512 650 m2 677256 0.0210260376 0.5 p-1 -249306 17
903 651 m2 677311 0.00237888983 0.5 p-1 -29615 10
551 652 m2 678431 -0.00967628602 0.5 p-1 -474899 27
102 653 m2 678894 1.93740707e-05 0.5 p-1 -6312897 1068
182 654 m2 680240 -0.0250930469 0.5 p-1 -392521 286
487 655 m2 680770 -0.00156975258 0.5 p-1 -1836607 99
103 656 m2 682180 0.0133458972 0.5 p-1 -153159 162
787 657 m2 682967 -0.0019324614 0.5 p-1 -30526 9
788 658 m2 683889 1.40571592e-06 0.5 p-1 -279248 14
915 663 m2 685798 -0.00521055516 0.5 p-1 -8124 1
469 664 m2 687516 0.0116677079 0.5 p-1 -694504 49
1001 665 m2 688403 -0.016267065 0.5 p-1 -1906 2
793 666 m2 690015 -0.00154298963 0.5 p-1 -27386 11
681 667 m2 690695 0.038022574 0.5 p-1 -45984 26
343 668 m2 693473 3.64326697e-05 0.5 p-1 -4486280 676
461 669 m2 695103 0.0342869796 0.5 p-1 -221607 160
183 671 m2 695390 -0.0135274064 0.5 p-1 -11104626 616
515 672 m2 695629 -0.0468397886 0.5 p-1 -160033 51
602 674 m2 697467 -0.0396121182 0.5 p-1 -196946 148
849 676 m2 701127 0.0188568719 0.5 p-1 -13381 5
683 677 m2 701308 0.000200165174 0.5 p-1 -115141 37
105 679 m2 702906 -0.000451615517 0.5 p-1 -5023432 1013
708 681 m2 703828 -1.51726772e-06 0.5 p-1 -133901 5
766 685 m2 707892 0.00547308289 0.5 p-1 -10577 3
248 686 m2 709481 0.00986170117 0.5 p-1 -3935873 618
822 687 m2 710588 0.0136390794 0.5 p-1 -9114 3
106 688 m2 711392 0.000964233594 0.5 p-1 -1157355 951
392 690 m2 712948 -0.000583995774 0.5 p-1 -319774 227
107 691 m2 714091 0.00808637775 0.5 p-1 -8022084 1814
470 692 m2 718129 0.0247128196 0.5 p-1 -1188805 187
462 694 m2 721349 -0.00450715842 0.5 p-1 -4379689 232
595 695 m2 722578 -0.000738305622 0.5 p-1 -520892 108
344 696 m2 723261 0.000190611987 0.5 p-1 -391944 126
109 697 m2 723834 3.39041217e-09 0.5 p-1 -285665 26
498 698 m2 724031 -0.00425077369 0.5 p-1 -473970 27
603 699 m2 724451 -0.0418340638 0.5 p-1 -421004 144
184 700 m2 725278 -0.000341991312 0.5 p-1 -4711882 369
185 701 m2 727878 -0.000244177587 0.5 p-1 -1481577 915
111 702 m2 727931 0.0719712153 0.5 p-1 -2773324 289
278 705 m2 729471 -6.51956507e-05 0.5 p-1 -1144284 433
653 706 m2 729564 0.003802252 0.5 p-1 -283788 36
850 709 m2 730693 0.0108861402 0.5 p-1 -28011 2
970 710 m2 731187 -0.00691362051 0.5 p-1 -11200 1
802 711 m2 731427 -0.00293906289 0.5 p-1 -38381 27
590 712 m2 732603 -1.98794908e-07 0.5 p-1 -172142 105
499 713 m2 733779 5.60566223e-05 0.5 p-1 -260659 59
1004 715 m2 735727 -0.00290145306 0.5 p-1 -121250 1
809 716 m2 736038 0.00994836539 0.5 p-1 -6333 9
314 719 m2 738642 -0.0177562647 0.5 p-1 -4555444 395
361 720 m2 738879 -6.52884555e-05 0.5 p-1 -3847711 307
760 721 m2 739219 0.0158553887 0.5 p-1 -66004 18
112 722 m2 740737 -6.01187785e-05 0.5 p-1 -5116625 1807
812 723 m2 740976 0.000468891114 0.5 p-1 -14654 7
540 724 m2 741223 -0.0165199675 0.5 p-1 -196088 68
407 725 m2 742053 -0.0048453263 0.5 p-1 -363576 78
279 726 m2 742476 9.7671915e-09 0.5 p-1 -2052567 455
994 727 m2 742589 -2.31253008e-08 0.5 p-1 -7438 1
657 728 m2 743009 -0.000999826705 0.5 p-1 -395251 19
113 730 m2 743889 -0.00268483581 0.5 p-1 -1269553 828
187 731 m2 745391 5.64562652e-05 0.5 p-1 -2895932 915
1010 732 m2 746446 -0.0338704586 0.5 p-1 -68474 1
188 733 m2 747487 0.000812527898 0.5 p-1 -798700 298
488 734 m2 748824 -0.00894268509 0.5 p-1 -680089 52
114 736 m2 749940 6.37133581e-08 0.5 p-1 -6152355 1534
280 737 m2 750605 -0.000182490025 0.5 p-1 -2348686 517
189 738 m2 751436 0.00127815129 0.5 p-1 -4997494 418
190 739 m2 751472 0.0220219176 0.5 p-1 -4577932 277
191 740 m2 751777 -0.00978808384 0.5 p-1 -2887191 612
1011 741 m2 754403 0.0821118504 0.5 p-1 -37173 1
281 743 m2 755669 0.000107633336 0.5 p-1 -31261 7
193 745 m2 756600 0.000559688779 0.5 p-1 -533759 161
868 746 m2 756839 -0.00170737307 0.5 p-1 -7068 6
525 748 m2 759501 -1.35420241e-05 0.5 p-1 -7260193 61
116 751 m2 760848 -0.0167377405 0.5 p-1 -3054731 1799
117 752 m2 761859 -0.012881442 0.5 p-1 -2304920 107
614 754 m2 762837 0.00367697468 0.5 p-1 -442453 29
118 755 m2 762840 0.0164361019 0.5 p-1 -4624374 798
329 758 m2 764816 0.000146900536 0.5 p-1 -256768 86
1022 759 m2 765942 0.00215246389 0.5 p-1 -3236 1
863 761 m2 767038 -0.000770234969 0.5 p-1 -2913 1
513 763 m2 767982 0.00067749602 0.5 p-1 -217910 144
971 764 m2 768836 -0.00166917476 0.5 p-1 -489197 1
612 765 m2 770294 0.00382739818 0.5 p-1 -2530 16
695 766 m2 770344 -0.000535166881 0.5 p-1 -461478 115
688 767 m2 770701 -0.00826862734 0.5 p-1 -212732 20
119 769 m2 771315 -0.00068545586 0.5 p-1 -291269 342
195 771 m2 773355 0.000143825542 0.5 p-1 -1407950 183
394 773 m2 774111 0.0196008384 0.5 p-1 -98422 44
712 774 m2 774493 -0.00598486932 0.5 p-1 -70033 11
583 775 m2 774879 0.00406684494 0.5 p-1 -1316 10
548 776 m2 775153 -0.00948719587 0.5 p-1 -553774 6
541 777 m2 776705 -0.00225581159 0.5 p-1 -19152 3
520 778 m2 778463 0.108485639 0.5 p-1 -135723 177
875 779 m2 778501 0.000303456356 0.5 p-1 -1045 6
408 781 m2 783823 -0.00255253655 0.5 p-1 -543290 370
907 782 m2 783921 -0.00627761567 0.5 p-1 -14319 3
580 783 m2 784179 -0.0351620018 0.5 p-1 -239271 92
197 784 m2 792737 -0.000158520852 0.5 p-1 -2048530 755
198 786 m2 794192 9.41804103e-07 0.5 p-1 -1382169 943
249 788 m2 796916 -0.00661902782 0.5 p-1 -73890 36
710 789 m2 797860 0.0983862802 0.5 p-1 -1072659 15
199 790 m2 799524 0.0175337326 0.5 p-1 -1952245 520
872 791 m2 799691 -0.00513096293 0.5 p-1 -3132 3
480 793 m2 800242 7.32799754e-06 0.5 p-1 -137096 117
250 795 m2 802288 -0.0360546485 0.5 p-1 -772626 142
624 797 m2 803359 -3.64523294e-06 0.5 p-1 -561927 76
1013 798 m2 804483 -5.08299024e-07 0.5 p-1 -353 1
797 799 m2 805447 -1.1896891e-05 0.5 p-1 -19849 7
283 800 m2 805487 0.000171822219 0.5 p-1 -374918 154
604 801 m2 805936 0.0151943043 0.5 p-1 -299046 52
689 802 m2 805960 -0.00254599773 0.5 p-1 -548450 46
789 803 m2 806478 -0.00405433122 0.5 p-1 -22464 21
714 804 m2 807365 -0.0248773862 0.5 p-1 -566579 30
644 805 m2 807897 0.0666253939 0.5 p-1 -1404856 90
941 806 m2 808699 0.0150679769 0.5 p-1 -9458 3
596 807 m2 808944 7.00330784e-05 0.5 p-1 -394330 1
471 808 m2 811305 -3.93256386e-07 0.5 p-1 -113873 44
782 809 m2 813882 0.0152647849 0.5 p-1 -84531 9
753 810 m2 815146 0.000362620398 0.5 p-1 -73622 7
409 811 m2 815703 7.18969068e-06 0.5 p-1 -3075893 311
841 812 m2 817167 0.00170039106 0.5 p-1 -11912 1
490 813 m2 817227 -5.86167371e-05 0.5 p-1 -102055 41
284 815 m2 821836 0.00180066214 0.5 p-1 -3402906 913
410 817 m2 827338 -0.000498951413 0.5 p-1 -1186359 301
435 818 m2 828206 5.80834183e-07 0.5 p-1 -376144 189
556 819 m2 828448 -0.0130137661 0.5 p-1 -956067 168
668 821 m2 829897 0.000167033591 0.5 p-1 -60516 25
285 822 m2 830174 -0.032024011 0.5 p-1 -2242036 732
286 823 m2 831213 0.0425222665 0.5 p-1 -1051999 517
411 826 m2 834262 -0.00121649588 0.5 p-1 -516179 70
559 827 m2 834277 -0.000705254846 0.5 p-1 -5484 21
121 828 m2 836057 -1.99537444e-05 0.5 p-1 -2450072 710
123 831 m2 837178 0.00792334601 0.5 p-1 -1315665 241
779 832 m2 837249 0.013825885 0.5 p-1 -32138 29
315 834 m2 837337 6.05493187e-06 0.5 p-1 -149223 152
124 835 m2 837845 0.000527725904 0.5 p-1 -8098656 810
727 836 m2 839512 0.0173488129 0.5 p-1 -17615 11
201 837 m2 839640 0.00858117919 0.5 p-1 -729582 235
855 839 m2 840380 -0.0428453796 0.5 p-1 -13111 8
640 840 m2 841569 0.00286909915 0.5 p-1 -148055 106
412 841 m2 841720 -0.00407837471 0.5 p-1 -74019 69
630 842 m2 842609 1.72668024e-07 0.5 p-1 -7064 13
472 843 m2 843989 -0.0544229709 0.5 p-1 -121106 42
287 844 m2 844041 0.00062966533 0.5 p-1 -1354483 214
125 846 m2 845476 0.000191635729 0.5 p-1 -2320162 1750
126 848 m2 847414 1.72712225e-05 0.5 p-1 -6091874 1736
348 849 m2 849080 -0.00781025644 0.5 p-1 -1813292 294
820 850 m2 849081 9.71135887e-05 0.5 p-1 -13148 18
617 851 m2 849629 0.000283470319 0.5 p-1 -17088 13
202 855 m2 852013 0.000930215872 0.5 p-1 -1064317 668
500 857 m2 857691 -0.00307870377 0.5 p-1 -93779 41
473 858 m2 859196 -0.000191758314 0.5 p-1 -19982 21
251 859 m2 859789 6.74325929e-05 0.5 p-1 -5137450 99
252 861 m2 865034 0.00104057894 0.5 p-1 -108176 82
203 862 m2 865431 0.0110280924 0.5 p-1 -341953 96
560 863 m2 866269 -0.00955461245 0.5 p-1 -2812 16
396 864 m2 867292 0.0230204277 0.5 p-1 -213699 88
947 866 m2 868845 -0.0229203887 0.5 p-1 -977 1
397 868 m2 869528 0.0159843154 0.5 p-1 -310145 152
917 870 m2 871938 -0.000460804382 0.5 p-1 -14268 5
751 871 m2 876171 6.27804475e-05 0.5 p-1 -105701 4
696 872 m2 877714 1.27630728e-05 0.5 p-1 -19723 20
128 873 m2 877744 0.0011800041 0.5 p-1 -3606765 341
288 874 m2 879199 -0.00471645873 0.5 p-1 -825723 283
684 875 m2 879625 -0.0106085651 0.5 p-1 -5810 13
362 876 m2 880438 0.0304677114 0.5 p-1 -733657 166
204 877 m2 881725 -0.0276487432 0.5 p-1 -630451 441
289 878 m2 882934 -0.000342270796 0.5 p-1 -1152786 67
729 879 m2 885335 -0.00180646044 0.5 p-1 -29984 55
290 880 m2 886471 0.000967013068 0.5 p-1 -248794 302
206 881 m2 888496 -0.0205877032 0.5 p-1 -831916 271
597 883 m2 889545 -0.000463931821 0.5 p-1 -30206 7
526 884 m2 889858 -0.051918298 0.5 p-1 -300785 93
129 887 m2 891240 4.56213966e-05 0.5 p-1 -678669 121
610 888 m2 892988 0.00201863586 0.5 p-1 -132296 31
474 889 m2 893772 9.20776273e-08 0.5 p-1 -4218 7
697 890 m2 894743 -0.000396572374 0.5 p-1 -283431 31
350 891 m2 895113 -0.000614397461 0.5 p-1 -1527547 300
732 893 m2 895408 -0.00664985087 0.5 p-1 -3099 10
207 894 m2 896154 0.000766488491 0.5 p-1 -818707 237
254 895 m2 897149 -0.0318581462 0.5 p-1 -844145 1128
331 896 m2 900112 6.35637036e-07 0.5 p-1 -1385161 161
929 897 m2 900181 -3.11600779e-05 0.5 p-1 -131414 3
437 899 m2 902920 -0.00183100381 0.5 p-1 -118556 144
208 900 m2 903423 -0.000573706347 0.5 p-1 -1257400 665
869 902 m2 904548 -0.00750722084 0.5 p-1 -43246 18
636 905 m2 909664 0.00270631956 0.5 p-1 -175077 96
1008 907 m2 912123 -0.00202256883 0.5 p-1 -17175 1
746 908 m2 912223 0.000563724549 0.5 p-1 -202957 28
130 909 m2 914311 -1.44338073e-05 0.5 p-1 -1939798 590
935 911 m2 914942 -0.00141708809 0.5 p-1 -161329 5
806 912 m2 916698 0.00132542744 0.5 p-1 -2970 6
1007 913 m2 917239 -0.00485343253 0.5 p-1 -12096 1
926 914 m2 918198 -0.00028942377 0.5 p-1 -3108 7
997 915 m2 920201 0.00178450707 0.5 p-1 -6336 1
291 916 m2 922214 0.00723737152 0.5 p-1 -5592870 214
463 918 m2 924663 0.074965179 0.5 p-1 -46340 44
962 919 m2 925543 -0.00117777579 0.5 p-1 -18090 3
870 920 m2 926878 -0.000567150302 0.5 p-1 -7126 5
777 922 m2 930853 0.00932572782 0.5 p-1 -72116 39
493 923 m2 933731 5.8347021e-05 0.5 p-1 -322862 143
398 924 m2 934244 0.0134467287 0.5 p-1 -289528 73
837 926 m2 936772 0.0184382237 0.5 p-1 -36783 8
131 927 m2 937021 0.0343830809 0.5 p-1 -8345109 907
332 928 m2 938088 0.0118180811 0.5 p-1 -893532 534
475 930 m2 939352 0.00370102446 0.5 p-1 -8953 30
448 931 m2 942259 -0.000340520026 0.5 p-1 -253693 76
210 933 m2 942594 -0.000276429579 0.5 p-1 -1978198 616
211 934 m2 943057 0.00103812339 0.5 p-1 -4823949 1715
212 935 m2 943560 0.0201419946 0.5 p-1 -3453586 848
954 937 m2 946956 0.00859988295 0.5 p-1 -9297 1
317 938 m2 947620 -5.62172572e-05 0.5 p-1 -11460 21
916 940 m2 949916 -0.00731457677 0.5 p-1 -9909 5
892 941 m2 949969 2.59463086e-05 0.5 p-1 -43032 3
502 942 m2 950093 -0.000252363243 0.5 p-1 -543421 133
896 944 m2 951034 -0.000153926871 0.5 p-1 -26253 1
132 946 m2 954684 0.00709039671 0.5 p-1 -243015 81
374 947 m2 955162 -0.00711756526 0.5 p-1 -752326 403
413 949 m2 957918 0.00228299759 0.5 p-1 -542463 98
414 950 m2 958245 0.00128191768 0.5 p-1 -80682 3
133 951 m2 959011 0.00881417189 0.5 p-1 -3206969 1201
482 952 m2 959319 0.000525960582 0.5 p-1 -74749 116
134 953 m2 959356 0.00359025947 0.5 p-1 -410882 543
534 954 m2 959401 0.0214911047 0.5 p-1 -72826 49
716 955 m2 961220 0.00976905506 0.5 p-1 -76716 28
375 956 m2 965126 -0.000624185486 0.5 p-1 -529185 208
637 958 m2 965391 -0.0916773528 0.5 p-1 -93512 12
857 959 m2 968356 1.82869262e-05 0.5 p-1 -1365751 15
641 960 m2 968715 -0.000295287027 0.5 p-1 -214942 55
858 961 m2 969774 -0.0260592233 0.5 p-1 -164764 15
768 962 m2 969993 1.10108786e-05 0.5 p-1 -929642 17
976 963 m2 970426 -0.0310869273 0.5 p-1 -4401 1
711 964 m2 971527 -0.00629193382 0.5 p-1 -86632 13
719 965 m2 971578 0.0974180698 0.5 p-1 -129379 47
785 967 m2 975764 -0.00291705737 0.5 p-1 -605 12
572 968 m2 979856 0.0137322005 0.5 p-1 -65420 19
256 969 m2 981173 -0.000825286028 0.5 p-1 -1050677 402
773 970 m2 984630 0.00257119932 0.5 p-1 -17126 2
292 971 m2 985418 0.000181003255 0.5 p-1 -1455446 767
737 972 m2 987860 -0.00705652917 0.5 p-1 -62137 3
293 973 m2 988028 0.0124388346 0.5 p-1 -6308 23
213 975 m2 990019 -0.000943881809 0.5 p-1 -6962693 460
950 976 m2 991009 3.22726166e-08 0.5 p-1 -58684 9
878 977 m2 991079 0.00763781229 0.5 p-1 -278655 11
333 979 m2 992767 0.00638918113 0.5 p-1 -6112950 902
833 981 m2 993875 -0.0136353783 0.5 p-1 -69038 6
936 984 m2 997084 -0.0099932244 0.5 p-1 -32263 6
591 985 m2 997565 -0.00699726446 0.5 p-1 -78461 48
598 986 m2 997917 -3.64128391e-06 0.5 p-1 -88731 51
522 987 m2 998586 0.011211602 0.5 p-1 -3581777 27
937 988 m2 999437 0.000282028428 0.5 p-1 -19653 6
960 995 m2 225046 0.000834599545 0.5 p0 2 5
1030 997 m2 385325 0.00446799165 0.5 p0 2 1
1006 1004 m2 840244 0.0159715489 0.5 p0 2 1
757 1014 m2 206639 -0.00801322237 0.5 p0 2 27
864 1019 m2 105986 -0.00642625336 0.5 p0 2 2
927 1023 m2 532909 -0.000427386549 0.5 p0 2 1
948 1032 m2 281248 2.75553321e-05 0.5 p0 2 3
949 1033 m2 684415 1.73779688e-06 0.5 p0 2 2
1016 1038 m2 118380 -3.35153782e-05 0.5 p0 2 2
608 1039 m2 381814 1.82796139e-05 0.5 p0 2 1
989 1043 m2 105798 -0.000537248619 0.5 p0 2 2
940 1044 m2 445367 0.00188259047 0.5 p0 2 1
717 1052 m2 74849 -0.0299116038 0.5 p0 2 10
838 1069 m2 524940 -0.0165769663 0.5 p0 2 2
749 1075 m2 184159 1.0089816e-06 0.5 p0 2 3
492 1078 m2 872754 -8.0644817e-13 0.5 p0 2 2
573 1079 m2 23240 -0.000436297327 0.5 p0 2 2
1023 1084 m2 691872 -0.0105526699 0.5 p0 2 1
942 1085 m2 219120 4.17482943e-06 0.5 p0 2 2
982 1089 m2 132983 -1.4479403e-05 0.5 p0 2 1
511 1090 m2 648242 9.61222904e-05 0.5 p0 2 4
1027 1097 m2 943068 0.115556709 0.5 p0 2 1
799 1098 m2 618180 0.0352835096 0.5 p0 2 18
969 1099 m2 3902 0.000192332198 0.5 p0 2 1
999 1103 m2 498350 -0.0530307367 0.5 p0 2 3
961 1110 m2 893255 0.0333101302 0.5 p0 2 4
885 1113 m2 184389 2.11609822e-05 0.5 p0 2 2
1021 1121 m2 86650 4.42662576e-06 0.5 p0 2 1
549 1122 m2 974873 0.000157559887 0.5 p0 2 1
771 1123 m2 942141 0.0140811689 0.5 p0 2 4
865 1130 m2 286887 -0.0217879917 0.5 p0 2 1
1000 1132 m2 742589 0.00261590001 0.5 p0 2 1
670 1134 m2 132222 -0.00183797267 0.5 p0 2 1
1028 1135 m2 92663 -1.3011956e-08 0.5 p0 2 2
852 1137 m2 967079 2.21837968e-06 0.5 p0 2 5
658 1140 m2 855340 5.76673483e-06 0.5 p0 2 5
756 1142 m2 143826 0.000475249428 0.5 p0 2 13
741 1148 m2 166633 0.00100279087 0.5 p0 2 3
880 1155 m2 408386 0.0202288907 0.5 p0 2 2
827 1156 m2 474351 -0.0581244044 0.5 p0 2 6
826 1163 m2 773685 -0.0096488893 0.5 p0 2 2
955 1164 m2 358926 0.0120125562 0.5 p0 2 2
533 1167 m2 926108 -1.37796815e-06 0.5 p0 2 20
975 1171 m2 927455 0.0614254251 0.5 p0 2 1
1005 1175 m2 30787 2.34938489e-06 0.5 p0 2 1
913 1177 m2 933047 -0.000239756395 0.5 p0 2 7
810 1178 m2 141152 -0.0036059292 0.5 p0 2 11
1014 1179 m2 777927 -0.0011538422 0.5 p0 2 1
137 1180 m1 961 0 0.5 p-1 -4279749 1182
523 1181 m1 1198 0 0.5 p-1 -553438 57
931 1183 m1 8302 0 0.5 p-1 -5641 1
2 1185 m1 12507 0 0.5 p-1 -7310688 1945
854 1187 m1 19912 -0 0.5 p-1 -515 4
400 1188 m1 20866 -0 0.5 p-1 -145730 226
6 1190 m1 24032 0 0.5 p-1 -5301584 1539
401 1191 m1 28330 -0 0.5 p-1 -4409389 523
438 1192 m1 29069 0 0.5 p-1 -2116785 254
831 1193 m1 30106 -0 0.5 p-1 -7849 5
217 1195 m1 32554 -0 0.5 p-1 -161170 104
647 1196 m1 35378 -0 0.5 p-1 -464649 97
294 1197 m1 38817 -0 0.5 p-1 -707867 406
705 1198 m1 40059 -0 0.5 p-1 -200556 78
11 1199 m1 47189 -0 0.5 p-1 -3384023 1106
449 1200 m1 48713 0 0.5 p-1 -911938 254
884 1201 m1 56008 -0 0.5 p-1 -4602 2
219 1202 m1 56333 0 0.5 p-1 -2709584 26
141 1203 m1 56979 -0 0.5 p-1 -307092 15
928 1204 m1 57746 -0 0.5 p-1 -1494 3
706 1205 m1 61257 0 0.5 p-1 -1194 7
911 1206 m1 63395 -0 0.5 p-1 -34922 4
464 1207 m1 64474 0 0.5 p-1 -1260666 313
584 1209 m1 67791 -0 0.5 p-1 -93212 47
352 1210 m1 75979 -0 0.5 p-1 -133397 105
564 1211 m1 76900 -0 0.5 p-1 -197762 54
506 1214 m1 89611 0 0.5 p-1 -2461047 246
17 1215 m1 89975 0 0.5 p-1 -1435674 1303
364 1216 m1 93326 -0 0.5 p-1 -702806 103
20 1218 m1 99723 0 0.5 p-1 -83183 16
804 1219 m1 101331 0 0.5 p-1 -138181 7
21 1220 m1 103333 -0 0.5 p-1 -3763992 1644
507 1222 m1 111134 0 0.5 p-1 -263753 42
922 1225 m1 113314 0 0.5 p-1 -4811 2
353 1226 m1 113907 -0 0.5 p-1 -334316 199
945 1227 m1 115169 0 0.5 p-1 -789 1
24 1228 m1 117759 -0 0.5 p-1 -11591052 1066
676 1229 m1 117905 -0 0.5 p-1 -168001 49
319 1230 m1 118204 0 0.5 p-1 -4973642 601
537 1232 m1 125330 -0 0.5 p-1 -35067 26
26 1233 m1 125467 0 0.5 p-1 -823382 885
963 1236 m1 126643 -0 0.5 p-1 -2807903 5
882 1237 m1 126935 0 0.5 p-1 -70189 2
298 1238 m1 130047 0 0.5 p-1 -203366 82
440 1239 m1 132855 0 0.5 p-1 -1357720 56
426 1240 m1 133152 0 0.5 p-1 -326691 236
222 1242 m1 139991 0 0.5 p-1 -3690761 376
453 1244 m1 147009 -0 0.5 p-1 -1410374 245
441 1246 m1 153938 -0 0.5 p-1 -284717 145
918 1250 m1 155390 -0 0.5 p-1 -2700 2
615 1251 m1 155735 -0 0.5 p-1 -7445 2
508 1252 m1 161788 0 0.5 p-1 -191524 102
661 1255 m1 181094 -0 0.5 p-1 -57794 31
35 1256 m1 182736 0 0.5 p-1 -4831374 752
589 1257 m1 191189 0 0.5 p-1 -2576198 69
543 1259 m1 196216 -0 0.5 p-1 -2802901 55
862 1260 m1 205039 -0 0.5 p-1 -4616 13
156 1262 m1 207142 0 0.5 p-1 -1057854 1081
769 1263 m1 207350 0 0.5 p-1 -13151 1
625 1265 m1 210128 -0 0.5 p-1 -83326 36
576 1267 m1 217797 -0 0.5 p-1 -126137 30
544 1268 m1 220829 0 0.5 p-1 -720016 68
299 1269 m1 223047 0 0.5 p-1 -193584 14
39 1270 m1 223639 0 0.5 p-1 -151763 26
300 1272 m1 236695 0 0.5 p-1 -6138717 194
887 1273 m1 237611 -0 0.5 p-1 -1156 2
897 1274 m1 242875 -0 0.5 p-1 -2640 5
354 1277 m1 251523 0 0.5 p-1 -52274 38
454 1278 m1 258992 0 0.5 p-1 -648494 263
262 1279 m1 260480 0 0.5 p-1 -2208997 477
380 1282 m1 272400 0 0.5 p-1 -342755 106
443 1283 m1 283973 -0 0.5 p-1 -160887 138
160 1284 m1 287706 0 0.5 p-1 -2582344 769
306 1285 m1 287938 0 0.5 p-1 -1632864 169
951 1286 m1 292275 -0 0.5 p-1 -25323 4
686 1287 m1 293373 0 0.5 p-1 -46921 42
365 1288 m1 294647 -0 0.5 p-1 -121215 92
404 1289 m1 299682 0 0.5 p-1 -258781 65
430 1290 m1 305571 -0 0.5 p-1 -19898 5
162 1291 m1 313709 -0 0.5 p-1 -2305648 354
495 1292 m1 322258 -0 0.5 p-1 -96218 34
52 1295 m1 332139 -0 0.5 p-1 -1752247 1372
339 1296 m1 332456 -0 0.5 p-1 -1421899 359
231 1297 m1 335509 0 0.5 p-1 -6338236 1346
55 1298 m1 338427 0 0.5 p-1 -5217586 1451
665 1300 m1 340363 0 0.5 p-1 -361431 42
56 1301 m1 342599 -0 0.5 p-1 -4674636 979
465 1303 m1 353698 0 0.5 p-1 -1390380 337
383 1306 m1 362802 0 0.5 p-1 -414963 13
233 1307 m1 363518 0 0.5 p-1 -762966 390
656 1308 m1 363736 0 0.5 p-1 -527418 54
325 1309 m1 364870 0 0.5 p-1 -386718 369
516 1311 m1 369788 0 0.5 p-1 -95949 70
566 1312 m1 372554 0 0.5 p-1 -2027070 62
1017 1314 m1 376977 0 0.5 p-1 -63231 1
235 1315 m1 377799 -0 0.5 p-1 -11558 7
59 1317 m1 385372 0 0.5 p-1 -4702057 1962
384 1318 m1 385626 -0 0.5 p-1 -117012 157
825 1319 m1 386784 0 0.5 p-1 -33098 16
620 1320 m1 387702 0 0.5 p-1 -139486 37
621 1322 m1 397300 -0 0.5 p-1 -154462 21
542 1323 m1 400979 -0 0.5 p-1 -1799957 83
165 1324 m1 401420 -0 0.5 p-1 -2169951 1607
944 1326 m1 406782 -0 0.5 p-1 -15174 3
62 1327 m1 415245 0 0.5 p-1 -184097 194
704 1328 m1 420774 -0 0.5 p-1 -133262 56
839 1329 m1 422835 -0 0.5 p-1 -1284 1
478 1330 m1 430097 0 0.5 p-1 -153980 66
496 1331 m1 430892 0 0.5 p-1 -623333 72
166 1332 m1 433051 -0 0.5 p-1 -31389 54
63 1333 m1 434396 0 0.5 p-1 -1229291 463
860 1334 m1 435190 0 0.5 p-1 -19519 13
64 1335 m1 435371 0 0.5 p-1 -235285 221
167 1336 m1 440659 -0 0.5 p-1 -7457259 893
772 1338 m1 449337 0 0.5 p-1 -432162 25
832 1339 m1 449826 0 0.5 p-1 -7707 4
876 1340 m1 450031 0 0.5 p-1 -1730 2
726 1342 m1 455928 -0 0.5 p-1 -77190 9
743 1343 m1 459723 -0 0.5 p-1 -88988 36
270 1344 m1 462060 -0 0.5 p-1 -3283653 461
871 1345 m1 468485 0 0.5 p-1 -28472 8
611 1347 m1 474949 -0 0.5 p-1 -1031796 51
796 1348 m1 475370 0 0.5 p-1 -217563 13
666 1349 m1 483803 0 0.5 p-1 -1004661 22
667 1350 m1 484397 0 0.5 p-1 -249167 14
357 1351 m1 484453 0 0.5 p-1 -247744 21
240 1355 m1 498036 0 0.5 p-1 -427512 231
75 1356 m1 508350 -0 0.5 p-1 -915336 761
1024 1357 m1 508397 -0 0.5 p-1 -12956 2
457 1359 m1 513881 0 0.5 p-1 -2440390 209
241 1361 m1 516966 -0 0.5 p-1 -1338612 686
77 1362 m1 519286 -0 0.5 p-1 -3456574 1363
1012 1363 m1 520539 0 0.5 p-1 -2884 1
770 1364 m1 525135 -0 0.5 p-1 -34883 22
342 1365 m1 525383 -0 0.5 p-1 -154386 154
547 1366 m1 525917 -0 0.5 p-1 -488271 127
483 1367 m1 526428 0 0.5 p-1 -18617 5
273 1368 m1 528768 0 0.5 p-1 -701570 657
609 1370 m1 534295 0 0.5 p-1 -539118 36
358 1372 m1 537645 0 0.5 p-1 -1363582 285
739 1373 m1 541051 0 0.5 p-1 -15504 15
1029 1374 m1 545284 -0 0.5 p-1 -40152 1
485 1375 m1 546533 0 0.5 p-1 -250978 84
674 1376 m1 546721 0 0.5 p-1 -4387 26
243 1377 m1 547602 -0 0.5 p-1 -2764623 831
993 1378 m1 548179 -0 0.5 p-1 -6861 2
663 1380 m1 552038 -0 0.5 p-1 -855830 112
84 1381 m1 562089 -0 0.5 p-1 -3928034 969
622 1382 m1 563017 -0 0.5 p-1 -1169099 8
623 1384 m1 565225 -0 0.5 p-1 -102742 8
763 1385 m1 569888 -0 0.5 p-1 -1631 8
846 1386 m1 573573 -0 0.5 p-1 -141537 7
88 1387 m1 575799 -0 0.5 p-1 -3740379 956
607 1389 m1 586515 0 0.5 p-1 -39309 4
177 1390 m1 595920 0 0.5 p-1 -474775 226
458 1391 m1 596610 -0 0.5 p-1 -652303 323
459 1393 m1 598309 0 0.5 p-1 -1478445 287
1015 1395 m1 615520 -0 0.5 p-1 -2350 2
731 1398 m1 618636 -0 0.5 p-1 -281175 4
360 1399 m1 619002 0 0.5 p-1 -4741850 351
94 1400 m1 619938 -0 0.5 p-1 -2242837 1172
422 1401 m1 623587 0 0.5 p-1 -1961539 251
532 1402 m1 633138 0 0.5 p-1 -1268007 51
245 1403 m1 635238 0 0.5 p-1 -3691865 591
246 1405 m1 637970 0 0.5 p-1 -872200 349
97 1406 m1 640670 0 0.5 p-1 -5188403 1394
328 1407 m1 643410 -0 0.5 p-1 -1313886 609
966 1408 m1 645018 0 0.5 p-1 -174777 2
179 1409 m1 646007 -0 0.5 p-1 -4451287 698
740 1410 m1 650021 0 0.5 p-1 -6044 18
634 1411 m1 660141 -0 0.5 p-1 -8006807 95
373 1412 m1 663279 0 0.5 p-1 -581013 137
181 1413 m1 666769 -0 0.5 p-1 -1179683 1299
601 1414 m1 668628 0 0.5 p-1 -45819 33
861 1415 m1 673164 0 0.5 p-1 -122431 9
752 1416 m1 674199 -0 0.5 p-1 -84816 10
821 1417 m1 684534 0 0.5 p-1 -43964 6
104 1418 m1 688855 0 0.5 p-1 -2425765 983
497 1420 m1 700426 0 0.5 p-1 -787192 171
571 1421 m1 703685 0 0.5 p-1 -161029 28
946 1422 m1 704025 0 0.5 p-1 -2677 2
519 1423 m1 709908 0 0.5 p-1 -117016 38
276 1424 m1 713155 -0 0.5 p-1 -384244 364
108 1425 m1 719171 0 0.5 p-1 -1731584 1195
313 1427 m1 725267 0 0.5 p-1 -282622 276
110 1428 m1 726076 -0 0.5 p-1 -2649928 1372
277 1431 m1 729423 0 0.5 p-1 -5992447 579
687 1432 m1 730728 -0 0.5 p-1 -86106 65
778 1434 m1 731289 -0 0.5 p-1 -6924 8
748 1435 m1 736322 0 0.5 p-1 -1856 9
186 1437 m1 739935 0 0.5 p-1 -15606785 1014
393 1439 m1 744072 -0 0.5 p-1 -251017 104
767 1440 m1 744686 -0 0.5 p-1 -111722 5
764 1441 m1 745708 0 0.5 p-1 -63674 37
115 1442 m1 750024 -0 0.5 p-1 -443481 172
345 1443 m1 755519 0 0.5 p-1 -9700 38
192 1444 m1 755564 0 0.5 p-1 -1974195 185
587 1445 m1 764211 -0 0.5 p-1 -228904 84
194 1446 m1 765771 0 0.5 p-1 -2510737 1478
196 1448 m1 773702 0 0.5 p-1 -5615777 246
395 1449 m1 775160 0 0.5 p-1 -35003 24
282 1450 m1 777852 -0 0.5 p-1 -334144 131
489 1451 m1 777904 -0 0.5 p-1 -1010354 16
713 1452 m1 780472 0 0.5 p-1 -109745 31
552 1453 m1 786834 0 0.5 p-1 -317209 16
648 1454 m1 788670 0 0.5 p-1 -279335 22
346 1456 m1 791063 0 0.5 p-1 -1162341 368
479 1457 m1 793929 -0 0.5 p-1 -701663 147
981 1462 m1 803971 0 0.5 p-1 -5266 1
645 1463 m1 809062 0 0.5 p-1 -55695 69
987 1465 m1 811291 -0 0.5 p-1 -37926 5
677 1466 m1 814266 0 0.5 p-1 -501654 86
813 1467 m1 817204 -0 0.5 p-1 -19094 5
347 1469 m1 820725 -0 0.5 p-1 -3251190 281
120 1470 m1 821299 -0 0.5 p-1 -5528158 1769
447 1471 m1 821541 -0 0.5 p-1 -212523 18
481 1472 m1 823979 0 0.5 p-1 -78856 139
899 1473 m1 828889 -0 0.5 p-1 -1173 7
557 1474 m1 829531 -0 0.5 p-1 -204498 25
558 1475 m1 830442 -0 0.5 p-1 -2213530 52
330 1476 m1 834949 0 0.5 p-1 -1995206 278
122 1477 m1 836262 -0 0.5 p-1 -1829839 1176
200 1478 m1 839165 0 0.5 p-1 -261547 61
316 1481 m1 848366 -0 0.5 p-1 -2858187 65
491 1482 m1 851906 -0 0.5 p-1 -8077 14
856 1484 m1 859675 -0 0.5 p-1 -45490 11
253 1486 m1 870169 0 0.5 p-1 -1963375 819
349 1488 m1 872819 0 0.5 p-1 -1170555 562
577 1489 m1 873165 0 0.5 p-1 -17353 2
127 1490 m1 874376 0 0.5 p-1 -4038060 860
988 1491 m1 878236 0 0.5 p-1 -14408 1
728 1493 m1 885331 0 0.5 p-1 -138858 12
205 1494 m1 887739 0 0.5 p-1 -1714514 1330
521 1496 m1 888986 -0 0.5 p-1 -21755 14
436 1498 m1 889388 0 0.5 p-1 -390768 180
527 1499 m1 890089 0 0.5 p-1 -159360 93
924 1500 m1 893868 -0 0.5 p-1 -6927 4
255 1503 m1 905580 0 0.5 p-1 -1174403 369
501 1505 m1 925063 0 0.5 p-1 -153269 60
209 1506 m1 935731 0 0.5 p-1 -355647 235
631 1507 m1 936072 -0 0.5 p-1 -41625 33
399 1508 m1 949414 0 0.5 p-1 -369495 86
780 1510 m1 956621 0 0.5 p-1 -27225 14
803 1511 m1 961286 -0 0.5 p-1 -17941 33
376 1512 m1 967930 0 0.5 p-1 -2062661 308
351 1513 m1 967932 -0 0.5 p-1 -46910 48
877 1515 m1 972453 -0 0.5 p-1 -5203 1
588 1517 m1 976809 -0 0.5 p-1 -97361 31
135 1519 m1 988360 0 0.5 p-1 -2857295 1470
550 1520 m1 991900 -0 0.5 p-1 -328557 214
893 1521 m1 992073 0 0.5 p-1 -43506 8
318 1522 m1 992166 -0 0.5 p-1 -7233245 1145
136 1523 m1 995830 0 0.5 p-1 -197198 262
