Temp_ID Permanent_ID Mutation_type Position s h Subpop Tick Number
1074 0 m2 98 -1.66544452e-11 0.5 p-1 -1621998 5
912 1 m2 2398 1.82830945e-06 0.5 p-1 -40914 16
907 2 m2 2756 0.000280979293 0.5 p-1 -1044415 69
1222 3 m2 3714 0.000875794038 0.5 p-1 -29350 1
1261 4 m2 3747 -0.0001957723 0.5 p-1 -8121 1
836 5 m2 3867 -1.06731004e-05 0.5 p-1 -26806 11
467 7 m2 7210 -1.61049702e-05 0.5 p-1 -42194 5
1262 8 m2 8508 0.00972293038 0.5 p-1 -52166 1
930 9 m2 8616 -9.40517857e-05 0.5 p-1 -1987 4
873 10 m2 8962 -0.0174707007 0.5 p-1 -462390 170
886 12 m2 10014 0.0418027155 0.5 p-1 -135844 66
1 14 m2 10246 -0.0105089713 0.5 p-1 -2844638 1431
813 15 m2 10734 0.015178415 0.5 p-1 -15606 29
744 16 m2 11022 -0.00130125519 0.5 p-1 -169693 152
827 17 m2 11319 1.21646747e-06 0.5 p-1 -72757 8
2 18 m2 11352 -0.000694300979 0.5 p-1 -54220 59
1013 19 m2 13574 0.00145053421 0.5 p-1 -228106 13
301 20 m2 17827 0.00408758037 0.5 p-1 -34536 76
897 21 m2 18306 -0.003164066 0.5 p-1 -16146 26
976 24 m2 19166 -0.0150107872 0.5 p-1 -8623 15
674 25 m2 20139 -9.07884683e-08 0.5 p-1 -867780 51
443 26 m2 21623 0.00115661672 0.5 p-1 -3465144 486
4 28 m2 23793 -0.000527168042 0.5 p-1 -2347923 958
999 33 m2 27897 0.00130499294 0.5 p-1 -4028 7
8 34 m2 27955 -0.000171008098 0.5 p-1 -1052777 277
197 35 m2 28311 0.00117712561 0.5 p-1 -4565224 684
198 36 m2 28355 0.0749473795 0.5 p-1 -4853538 1436
199 37 m2 28747 -0.000951936119 0.5 p-1 -522486 410
444 38 m2 28764 -0.00330344657 0.5 p-1 -381161 52
828 39 m2 29424 -0.000728421554 0.5 p-1 -32393 11
534 40 m2 30968 2.33659248e-05 0.5 p-1 -1047971 144
527 41 m2 31129 0.000141812372 0.5 p-1 -406292 218
1133 42 m2 31830 0.000913557305 0.5 p-1 -320987 3
401 43 m2 31924 0.00546649797 0.5 p-1 -260858 305
1122 44 m2 32242 0.0178489815 0.5 p-1 -63913 2
1028 46 m2 33493 -3.28513743e-05 0.5 p-1 -11318 6
9 47 m2 34079 -5.57290332e-05 0.5 p-1 -2473145 308
535 49 m2 34371 0.125377476 0.5 p-1 -462769 74
10 50 m2 34491 0.0276036691 0.5 p-1 -8942280 682
661 51 m2 35238 4.96221073e-05 0.5 p-1 -167065 88
200 52 m2 36943 0.00263486477 0.5 p-1 -2109449 631
637 53 m2 37244 -0.0178098362 0.5 p-1 -625612 59
1125 56 m2 41831 -6.14387027e-05 0.5 p-1 -69457 4
1047 58 m2 42542 0.0395647921 0.5 p-1 -38945 25
1085 59 m2 44507 0.0203324351 0.5 p-1 -106935 7
360 60 m2 45215 0.00217933534 0.5 p-1 -3849506 527
402 61 m2 47191 -0.000809309189 0.5 p-1 -622766 71
445 62 m2 47741 0.00211555324 0.5 p-1 -1228292 433
597 63 m2 48708 0.00868440513 0.5 p-1 -1902669 94
1046 64 m2 48749 0.000506011187 0.5 p-1 -31168 12
201 67 m2 51975 0.00210898323 0.5 p-1 -553547 330
361 69 m2 53417 0.00352071854 0.5 p-1 -1430779 554
12 70 m2 54230 -0.00263498537 0.5 p-1 -6486390 1916
662 71 m2 55385 -2.72825588e-07 0.5 p-1 -90084 41
403 72 m2 55486 -0.0108897444 0.5 p-1 -57792 29
663 73 m2 56444 -0.0118803782 0.5 p-1 -750316 41
957 77 m2 57420 -0.0216576885 0.5 p-1 -144370 48
652 79 m2 57813 1.14940021e-05 0.5 p-1 -421049 354
779 80 m2 58515 -2.83123973e-06 0.5 p-1 -57953 53
404 82 m2 61114 -0.0210292488 0.5 p-1 -785907 596
470 83 m2 61612 -0.00185332308 0.5 p-1 -939677 153
806 84 m2 64497 0.00716717867 0.5 p-1 -400566 120
446 86 m2 65892 -0.00020854437 0.5 p-1 -31257 40
303 87 m2 66715 6.75202245e-05 0.5 p-1 -8506919 1090
202 88 m2 67248 2.05871038e-05 0.5 p-1 -3180950 1446
1179 91 m2 69263 -0.00935691409 0.5 p-1 -413 4
1092 93 m2 70443 -0.00427949755 0.5 p-1 -2153 3
405 96 m2 72950 -0.0404536501 0.5 p-1 -5271120 781
406 97 m2 73304 0.00892185979 0.5 p-1 -1220474 472
407 98 m2 73422 0.000594638579 0.5 p-1 -1316339 379
15 99 m2 73758 -3.60079539e-05 0.5 p-1 -2633599 1009
17 100 m2 74536 0.000489539816 0.5 p-1 -6493882 1705
18 101 m2 77566 0.0268587898 0.5 p-1 -7751200 1721
19 102 m2 77590 0.000162197539 0.5 p-1 -4824439 1721
1257 103 m2 77849 -0.000494124775 0.5 p-1 -5909 1
20 106 m2 79054 0.0263994187 0.5 p-1 -447472 336
512 107 m2 79159 0.000565629802 0.5 p-1 -2604832 136
1193 109 m2 79690 0.00464101788 0.5 p-1 -229624 4
609 111 m2 81715 4.27557214e-13 0.5 p-1 -13306 6
408 113 m2 82964 -0.00148927944 0.5 p-1 -3166524 484
304 114 m2 83221 0.00772316288 0.5 p-1 -272561 70
21 115 m2 83602 0.000207938545 0.5 p-1 -1729417 882
203 116 m2 84274 0.00234715478 0.5 p-1 -1859741 975
1068 117 m2 87159 0.0340893082 0.5 p-1 -62916 1
587 118 m2 87205 0.0120517276 0.5 p-1 -1980644 71
204 120 m2 88511 -0.0168931633 0.5 p-1 -2668543 1385
588 121 m2 88874 -0.0001713315 0.5 p-1 -3215981 156
362 123 m2 90681 5.21966031e-05 0.5 p-1 -691217 401
914 124 m2 90724 -8.15930483e-12 0.5 p-1 -28241 5
1188 125 m2 90936 -0.057258971 0.5 p-1 -67963 6
747 126 m2 91118 0.0039718491 0.5 p-1 -1578 5
205 127 m2 91170 1.60936816e-06 0.5 p-1 -2717583 696
904 128 m2 91469 -0.00177830295 0.5 p-1 -2669 9
513 129 m2 92390 -3.57592967e-07 0.5 p-1 -398027 134
22 130 m2 94274 0.0164329167 0.5 p-1 -3806599 1132
409 131 m2 95414 0.000665376487 0.5 p-1 -624690 295
23 132 m2 96198 0.0102844043 0.5 p-1 -2762513 1755
1172 134 m2 96599 0.00337835262 0.5 p-1 -21226 2
1173 135 m2 96872 -0.0562353134 0.5 p-1 -311 2
653 136 m2 97257 -0.00605910085 0.5 p-1 -429853 109
980 137 m2 97901 -0.00562749058 0.5 p-1 -211545 27
1159 138 m2 98664 0.00224302057 0.5 p-1 -126674 1
528 139 m2 98966 0.0104005486 0.5 p-1 -202762 68
1078 140 m2 99982 -0.0192797333 0.5 p-1 -88665 6
471 141 m2 100303 0.0028431667 0.5 p-1 -362736 367
1024 142 m2 100486 0.013441286 0.5 p-1 -28975 8
207 144 m2 101797 -0.00136656384 0.5 p-1 -58751 25
448 146 m2 102619 -0.0172581673 0.5 p-1 -555249 162
986 148 m2 103614 -0.0449971221 0.5 p-1 -165458 6
825 149 m2 103995 0.0126207359 0.5 p-1 -230987 67
589 151 m2 105192 -0.00254399306 0.5 p-1 -916407 109
363 152 m2 105762 0.00498666661 0.5 p-1 -4569746 235
24 153 m2 106655 -0.00036462085 0.5 p-1 -13329835 1438
987 154 m2 107090 0.00370359165 0.5 p-1 -221375 9
817 156 m2 107917 0.0153071107 0.5 p-1 -7148508 26
472 157 m2 109297 -1.79846502e-08 0.5 p-1 -47260 43
25 158 m2 111124 0.000109782988 0.5 p-1 -4146174 1225
1126 159 m2 112843 0.000289655611 0.5 p-1 -1833 4
26 160 m2 113059 -8.86641865e-05 0.5 p-1 -4585065 1464
449 161 m2 113259 -0.0289922282 0.5 p-1 -7753244 1272
208 162 m2 114379 0.0087226443 0.5 p-1 -13812912 558
306 163 m2 114425 0.000234907464 0.5 p-1 -620703 159
27 164 m2 114502 0.00860904809 0.5 p-1 -8879312 1566
307 166 m2 115626 0.00146089518 0.5 p-1 -143465 59
676 167 m2 116067 -0.00653362786 0.5 p-1 -599928 77
209 169 m2 117056 0.00176377257 0.5 p-1 -288427 112
491 173 m2 117888 -5.85818962e-05 0.5 p-1 -73650 104
706 178 m2 119665 5.3019663e-05 0.5 p-1 -53233 40
832 179 m2 121512 -0.0124168927 0.5 p-1 -26870 21
1120 181 m2 123049 -8.92985845e-05 0.5 p-1 -5457 5
450 182 m2 123343 0.00457459129 0.5 p-1 -4802757 514
29 183 m2 124233 -0.000295969046 0.5 p-1 -3974847 1356
1265 184 m2 124577 -0.00238855463 0.5 p-1 -171037 1
364 185 m2 125816 0.00277504185 0.5 p-1 -1616821 528
862 187 m2 126644 -4.59198927e-05 0.5 p-1 -160281 41
716 188 m2 128469 0.00337358797 0.5 p-1 -305809 34
1055 191 m2 130431 -0.00259822328 0.5 p-1 -272759 14
590 192 m2 130870 1.49772268e-06 0.5 p-1 -3427512 335
211 193 m2 130943 9.38790436e-06 0.5 p-1 -1410786 473
30 194 m2 131090 -0.0289052948 0.5 p-1 -2316501 497
514 195 m2 134210 0.010648841 0.5 p-1 -1638558 220
1110 197 m2 134867 -0.00460001174 0.5 p-1 -553 3
1034 199 m2 136522 0.00878673047 0.5 p-1 -405075 6
473 202 m2 138005 -0.00268825213 0.5 p-1 -30852 36
1062 204 m2 139097 -0.00936760567 0.5 p-1 -66816 2
529 205 m2 139358 0.0564655326 0.5 p-1 -323251 84
894 206 m2 139468 0.00379843218 0.5 p-1 -578746 25
365 207 m2 140456 -0.0228440035 0.5 p-1 -1089976 326
31 208 m2 140833 0.000216886328 0.5 p-1 -3026738 686
810 210 m2 144851 -0.00541928364 0.5 p-1 -167366 21
1118 211 m2 146289 0.00622059545 0.5 p-1 -12902 4
1244 212 m2 146857 0.000238463443 0.5 p-1 -3873 2
32 213 m2 147583 9.22265181e-11 0.5 p-1 -2597760 387
981 214 m2 148121 -0.00819976255 0.5 p-1 -48559 15
973 216 m2 150305 0.000471006031 0.5 p-1 -122298 7
33 217 m2 150963 6.58043791e-05 0.5 p-1 -2553167 1863
929 218 m2 151021 1.29323865e-07 0.5 p-1 -118802 35
879 219 m2 152573 0.00397766801 0.5 p-1 -4454 41
212 222 m2 155477 0.0637465939 0.5 p-1 -433447 476
880 223 m2 155843 0.000267232535 0.5 p-1 -23784 41
707 224 m2 155934 -0.00375473197 0.5 p-1 -13340 7
34 225 m2 156307 -0.00563406479 0.5 p-1 -1426741 208
1235 226 m2 156386 -0.0477236807 0.5 p-1 -2287 1
309 230 m2 159542 -0.00577067398 0.5 p-1 -3233927 773
1141 232 m2 161355 0.0126267076 0.5 p-1 -28730 8
974 233 m2 163474 0.00421459181 0.5 p-1 -2867 8
1208 235 m2 164194 0.000164367128 0.5 p-1 -45 2
684 236 m2 166176 -0.00344373682 0.5 p-1 -11454 8
213 237 m2 167069 0.0380129218 0.5 p-1 -764548 553
411 238 m2 167887 0.0164184812 0.5 p-1 -517295 418
1226 240 m2 168582 0.00622086367 0.5 p-1 -397422 1
654 241 m2 169620 0.018987108 0.5 p-1 -174008 215
35 243 m2 170077 -3.19187666e-06 0.5 p-1 -476394 928
645 244 m2 171059 -0.00480289198 0.5 p-1 -1235890 71
1107 247 m2 175894 3.15754478e-05 0.5 p-1 -56284 15
366 248 m2 176299 0.0311646927 0.5 p-1 -1256182 477
1053 249 m2 176341 -3.9645347e-05 0.5 p-1 -12978 7
451 250 m2 177628 0.00166921644 0.5 p-1 -75496 78
214 251 m2 177803 0.010755633 0.5 p-1 -243092 105
37 254 m2 180787 -0.000876796432 0.5 p-1 -2573218 1788
1186 257 m2 183710 0.000272162724 0.5 p-1 -1161 2
38 259 m2 188886 -0.010757125 0.5 p-1 -1764149 326
215 261 m2 189928 -0.028591007 0.5 p-1 -1245543 194
555 262 m2 190130 -0.0390986986 0.5 p-1 -11147896 257
1194 263 m2 191765 -0.000176310772 0.5 p-1 -14865 5
494 264 m2 192338 0.00330834719 0.5 p-1 -1371316 213
917 266 m2 194876 -0.00501232129 0.5 p-1 -552061 38
536 267 m2 194908 -0.00180997467 0.5 p-1 -370759 121
39 270 m2 196921 0.0110641848 0.5 p-1 -1155070 627
556 271 m2 197031 0.00587451691 0.5 p-1 -1240971 499
312 272 m2 198134 0.0288796239 0.5 p-1 -331715 38
557 273 m2 198518 1.43492125e-08 0.5 p-1 -794332 303
811 275 m2 201397 0.0195448827 0.5 p-1 -746300 46
1115 276 m2 201921 -6.50873917e-05 0.5 p-1 -8648 7
41 277 m2 202500 0.00228183274 0.5 p-1 -487254 258
216 278 m2 203283 -4.12664886e-05 0.5 p-1 -1197726 259
934 279 m2 203991 -0.000129148597 0.5 p-1 -5157 1
622 280 m2 205955 0.00231655641 0.5 p-1 -193578 50
217 281 m2 206028 -0.00367533043 0.5 p-1 -1255662 260
736 283 m2 206453 -0.000635060016 0.5 p-1 -970545 76
452 284 m2 207597 -0.000987187959 0.5 p-1 -1062981 77
42 286 m2 209762 0.0158643071 0.5 p-1 -2144991 402
646 287 m2 210683 0.000231758328 0.5 p-1 -60805 8
667 288 m2 211209 0.000703703961 0.5 p-1 -106959 98
1200 289 m2 212174 2.19351591e-06 0.5 p-1 -2508 1
1081 290 m2 212433 -5.77278847e-09 0.5 p-1 -35404 9
368 291 m2 212850 -0.000107098094 0.5 p-1 -323965 94
218 293 m2 216443 -0.0169621091 0.5 p-1 -1374903 1554
709 296 m2 218549 -0.000539591128 0.5 p-1 -296049 6
313 297 m2 218883 -0.000260211644 0.5 p-1 -11768541 1448
558 298 m2 218904 0.0103097865 0.5 p-1 -463485 88
369 299 m2 218973 0.00572986482 0.5 p-1 -3174 64
219 300 m2 219072 0.0809041336 0.5 p-1 -607512 27
1134 304 m2 223165 5.74871315e-08 0.5 p-1 -500042 1
370 305 m2 223982 -0.0007163306 0.5 p-1 -2025361 390
515 306 m2 224165 0.0286595747 0.5 p-1 -2307784 416
988 307 m2 224283 -7.95442393e-05 0.5 p-1 -23921 16
750 309 m2 228022 -7.21993365e-06 0.5 p-1 -106542 81
44 311 m2 229809 -6.53539246e-05 0.5 p-1 -690215 189
677 312 m2 231457 0.030877471 0.5 p-1 -191643 146
516 315 m2 231806 -4.7026524e-06 0.5 p-1 -58834 124
598 316 m2 231913 -0.00132219039 0.5 p-1 -173496 111
599 317 m2 233427 -0.000696679577 0.5 p-1 -283030 148
45 319 m2 235995 -0.00258653588 0.5 p-1 -7213740 1868
412 320 m2 236052 -0.0118407253 0.5 p-1 -723519 152
46 324 m2 240368 -5.25153337e-05 0.5 p-1 -607372 186
600 326 m2 242916 -0.0169941857 0.5 p-1 -388417 122
220 331 m2 247129 -0.000273560465 0.5 p-1 -2959153 100
610 332 m2 248439 -4.97643341e-05 0.5 p-1 -709036 34
474 333 m2 249685 -0.000966007763 0.5 p-1 -152929 53
559 335 m2 254454 -0.000402446341 0.5 p-1 -180174 111
989 336 m2 254935 -0.0292793121 0.5 p-1 -173698 37
611 337 m2 255835 0.00863576401 0.5 p-1 -73772 162
221 338 m2 256381 -0.000675804622 0.5 p-1 -451770 189
1021 340 m2 257061 -0.00119168742 0.5 p-1 -34418 3
47 341 m2 257966 1.19584297e-06 0.5 p-1 -766936 1110
1254 342 m2 258034 0.00288775726 0.5 p-1 -100245 1
372 344 m2 264294 -0.0814325809 0.5 p-1 -958667 659
413 348 m2 270485 -0.00135998253 0.5 p-1 -991935 591
949 349 m2 272800 -0.00510779815 0.5 p-1 -222333 10
373 350 m2 273420 -0.00356661738 0.5 p-1 -308635 413
923 351 m2 275698 -0.0590451062 0.5 p-1 -713376 53
48 353 m2 277106 -0.00125284179 0.5 p-1 -5014648 1118
774 354 m2 277532 -0.00515312888 0.5 p-1 -881333 24
475 355 m2 278553 -0.00316730118 0.5 p-1 -888333 134
1151 356 m2 278858 -0.0853965357 0.5 p-1 -77 3
818 357 m2 279086 -0.00585209625 0.5 p-1 -6227 17
49 358 m2 279366 0.0038958448 0.5 p-1 -987244 591
889 359 m2 280222 -0.00215206784 0.5 p-1 -8550 19
374 361 m2 280914 0.00122458884 0.5 p-1 -299048 73
947 362 m2 281308 0.024621373 0.5 p-1 -14906 2
50 365 m2 283382 -0.0260973834 0.5 p-1 -3367916 1890
537 366 m2 283456 -0.000892624026 0.5 p-1 -164872 84
1069 367 m2 284520 -0.000212285071 0.5 p-1 -53972 1
1268 368 m2 284547 0.0452065803 0.5 p-1 -724 1
52 369 m2 284989 0.0046892385 0.5 p-1 -6018939 1533
881 371 m2 285647 -0.000194722888 0.5 p-1 -63890 24
1014 372 m2 286158 -8.04801948e-06 0.5 p-1 -8673 3
54 375 m2 286805 6.93304319e-05 0.5 p-1 -4649971 1454
591 377 m2 287489 0.00189455529 0.5 p-1 -1580233 301
882 378 m2 288508 0.000904683373 0.5 p-1 -104864 30
710 379 m2 288634 -0.0264082141 0.5 p-1 -228229 206
1116 381 m2 289406 0.00451135449 0.5 p-1 -3321 5
819 382 m2 291080 0.000257668056 0.5 p-1 -141534 10
1166 384 m2 291145 0.0141893448 0.5 p-1 -17478 5
55 386 m2 291739 -3.44219588e-05 0.5 p-1 -4014110 562
222 390 m2 292875 1.97438203e-05 0.5 p-1 -1564838 598
685 391 m2 293617 0.003444253 0.5 p-1 -627580 39
453 393 m2 294751 5.01095965e-05 0.5 p-1 -2649 22
935 395 m2 296207 -0.00122819364 0.5 p-1 -2154003 22
876 396 m2 297544 -0.0461971126 0.5 p-1 -230467 30
224 397 m2 297903 0.00983012095 0.5 p-1 -3439184 530
741 399 m2 299371 -0.0517858118 0.5 p-1 -389269 71
57 400 m2 300209 -0.00179014681 0.5 p-1 -1592168 202
1114 402 m2 301019 -8.39341665e-05 0.5 p-1 -116135 11
1086 403 m2 301544 0.0405879728 0.5 p-1 -7671 3
668 404 m2 301787 -4.14815759e-06 0.5 p-1 -110815 49
638 405 m2 302395 -0.0126919439 0.5 p-1 -233224 99
639 406 m2 303323 -0.0375603549 0.5 p-1 -1869364 280
317 408 m2 304037 -2.25711392e-05 0.5 p-1 -34968 184
1128 410 m2 306049 0.00152494968 0.5 p-1 -11754 2
1039 411 m2 306623 -8.77820469e-07 0.5 p-1 -48268 9
1050 412 m2 306897 7.80215196e-05 0.5 p-1 -503959 24
612 413 m2 307478 0.0219438486 0.5 p-1 -466124 20
477 414 m2 310868 -5.59364999e-08 0.5 p-1 -3756392 230
840 415 m2 311677 -0.0469074398 0.5 p-1 -46384 21
808 416 m2 312985 0.00439583044 0.5 p-1 -4982 9
58 417 m2 313006 -4.47940838e-05 0.5 p-1 -5839351 1424
1187 420 m2 314722 0.000110063462 0.5 p-1 -33224 1
601 421 m2 316605 -0.000443509081 0.5 p-1 -232916 265
225 422 m2 316684 -0.00111464167 0.5 p-1 -2846472 409
931 423 m2 318070 -3.77924522e-07 0.5 p-1 -97734 67
1007 424 m2 319412 0.0144982236 0.5 p-1 -45425 22
318 425 m2 319560 -0.0375574566 0.5 p-1 -1457182 249
1230 428 m2 321202 0.000382910686 0.5 p-1 -39398 2
580 429 m2 321497 0.0196101889 0.5 p-1 -895304 268
376 430 m2 321761 -0.000280156237 0.5 p-1 -101551 49
320 431 m2 322996 0.0351907983 0.5 p-1 -2139870 935
226 432 m2 323205 0.00037052267 0.5 p-1 -6557062 1353
1015 433 m2 323819 0.000465599238 0.5 p-1 -5009 3
227 435 m2 324289 -0.0177393965 0.5 p-1 -2308719 420
560 436 m2 324521 -0.00861073937 0.5 p-1 -73563 75
321 438 m2 324677 -0.0218886584 0.5 p-1 -2355531 498
377 439 m2 325964 -0.00199347176 0.5 p-1 -994258 539
801 441 m2 327975 -0.0027200256 0.5 p-1 -464553 41
59 443 m2 328538 0.0992717147 0.5 p-1 -1172729 1079
1009 444 m2 330540 0.00139353587 0.5 p-1 -43039 5
538 446 m2 331769 0.0322453231 0.5 p-1 -1678088 396
539 448 m2 332608 -0.000724249345 0.5 p-1 -445148 212
322 449 m2 332724 3.06294351e-05 0.5 p-1 -82248 98
965 452 m2 335319 0.00319136865 0.5 p-1 -3697744 21
815 453 m2 336134 -8.48301934e-05 0.5 p-1 -4345121 62
1140 454 m2 338218 -9.36053038e-05 0.5 p-1 -18472 8
1258 455 m2 339042 -9.96828135e-07 0.5 p-1 -86808 1
378 458 m2 340662 0.000532417092 0.5 p-1 -2518860 1139
540 459 m2 341799 -0.00564686861 0.5 p-1 -113736 128
61 460 m2 342424 9.26344228e-07 0.5 p-1 -3313116 1055
62 464 m2 345072 0.000301706459 0.5 p-1 -671520 116
478 465 m2 345216 -0.00190244103 0.5 p-1 -2501632 429
1119 468 m2 348802 -0.00691917166 0.5 p-1 -19709 7
414 469 m2 353548 -0.000511459599 0.5 p-1 -1818870 802
324 473 m2 357211 -6.27110858e-05 0.5 p-1 -2203170 733
1143 474 m2 357433 0.00166149379 0.5 p-1 -2241 1
1131 475 m2 358178 0.00232334947 0.5 p-1 -5532 5
1190 476 m2 358397 0.0008504531 0.5 p-1 -67694 4
726 477 m2 359500 0.000350441114 0.5 p-1 -175892 14
1117 480 m2 364380 0.000183806798 0.5 p-1 -55217 11
842 481 m2 364692 -0.0187360197 0.5 p-1 -2143349 34
63 482 m2 365029 -0.0115335947 0.5 p-1 -6107498 1951
727 483 m2 368295 2.10396283e-05 0.5 p-1 -336868 35
1035 484 m2 369494 -0.00160778908 0.5 p-1 -25253 3
561 485 m2 369666 -0.0035476652 0.5 p-1 -260548 150
640 486 m2 369834 -0.0202362761 0.5 p-1 -425278 25
64 487 m2 371164 0.000190028921 0.5 p-1 -9744146 1587
669 488 m2 371382 -0.015385286 0.5 p-1 -122531 23
833 489 m2 372416 0.0169000551 0.5 p-1 -142708 6
693 490 m2 372904 -0.0453384779 0.5 p-1 -233346 32
1147 491 m2 373830 -0.0175755322 0.5 p-1 -28401 4
65 492 m2 374438 1.64414614e-05 0.5 p-1 -2268375 1612
1213 493 m2 375180 0.0116738891 0.5 p-1 -292826 4
793 494 m2 375908 0.0224346705 0.5 p-1 -38952 56
860 496 m2 378532 0.00231432379 0.5 p-1 -379565 29
694 497 m2 380240 1.34616648e-05 0.5 p-1 -53645 74
380 498 m2 380867 -0.00723008718 0.5 p-1 -5298518 677
824 501 m2 384882 -0.000337969948 0.5 p-1 -21606 56
454 503 m2 386492 0.0048571662 0.5 p-1 -1001370 316
325 504 m2 387639 -0.0176237114 0.5 p-1 -1429500 635
1072 506 m2 389065 0.0159844365 0.5 p-1 -19914 6
232 508 m2 389908 -8.1716953e-06 0.5 p-1 -2323766 353
1059 509 m2 391227 0.000217115725 0.5 p-1 -38980 15
945 510 m2 391575 -8.77205579e-08 0.5 p-1 -709 6
890 514 m2 393088 -0.0502590239 0.5 p-1 -108081 67
455 515 m2 393642 -0.0165687669 0.5 p-1 -86432 36
66 516 m2 395075 0.00351055921 0.5 p-1 -3597274 1706
416 517 m2 395724 -0.0024946467 0.5 p-1 -5188207 1156
908 518 m2 397438 -0.000741505413 0.5 p-1 -15123 10
326 520 m2 398586 -0.00495174248 0.5 p-1 -138562 159
648 521 m2 399040 -0.0192431659 0.5 p-1 -614332 77
233 522 m2 400940 0.108964063 0.5 p-1 -1545640 521
234 523 m2 402838 -2.34584877e-06 0.5 p-1 -991824 626
479 525 m2 403734 -0.0331572667 0.5 p-1 -109717 50
718 526 m2 405920 0.000156477021 0.5 p-1 -39068 21
1090 528 m2 406895 0.0047299345 0.5 p-1 -54218 21
327 529 m2 408349 -0.00357159274 0.5 p-1 -846132 490
1210 530 m2 408431 -0.0143826064 0.5 p-1 -5321 1
329 531 m2 409024 3.56603174e-08 0.5 p-1 -3200209 317
417 535 m2 410628 0.0683552399 0.5 p-1 -88795 36
1240 536 m2 415181 0.0135118794 0.5 p-1 -59474 1
236 538 m2 416363 -0.00360790337 0.5 p-1 -1275483 628
237 539 m2 416731 -0.0827911869 0.5 p-1 -195305 36
702 540 m2 418957 -9.63794664e-05 0.5 p-1 -1526618 41
1182 541 m2 419667 -0.0328221321 0.5 p-1 -10095 6
331 542 m2 420871 -0.00509200851 0.5 p-1 -81648 98
655 543 m2 420885 0.00523606921 0.5 p-1 -50409 70
332 545 m2 422085 -0.00514054112 0.5 p-1 -845707 255
333 546 m2 422186 -6.14933571e-09 0.5 p-1 -2990843 345
1108 547 m2 422849 8.61953504e-06 0.5 p-1 -557 2
68 548 m2 424943 -0.000114403447 0.5 p-1 -2332006 478
418 549 m2 426245 0.00047763277 0.5 p-1 -1382479 298
69 551 m2 428859 1.07398423e-09 0.5 p-1 -1470607 1470
541 554 m2 431116 0.0124413222 0.5 p-1 -814503 30
670 555 m2 431360 0.00262056594 0.5 p-1 -125481 83
563 556 m2 432894 2.94042584e-05 0.5 p-1 -1544963 180
1239 557 m2 434828 0.00843337644 0.5 p-1 -5554 1
909 558 m2 438010 0.0125026982 0.5 p-1 -40318 10
334 559 m2 440103 0.0180219915 0.5 p-1 -2845877 34
966 560 m2 440581 -0.000858857937 0.5 p-1 -91841 29
686 561 m2 440763 -0.00422326289 0.5 p-1 -155965 59
335 563 m2 444217 -2.02242404e-06 0.5 p-1 -18930 34
964 564 m2 445040 0.00321879238 0.5 p-1 -241599 16
381 566 m2 447103 0.00650264276 0.5 p-1 -714045 112
336 567 m2 447325 0.00959949289 0.5 p-1 -12615 20
495 568 m2 447742 0.000223938725 0.5 p-1 -258062 6
812 569 m2 448365 0.000737047405 0.5 p-1 -6261 9
240 570 m2 449059 -0.000883235305 0.5 p-1 -212915 25
70 571 m2 449136 -5.18944171e-06 0.5 p-1 -5203212 1340
711 573 m2 450420 0.0399770178 0.5 p-1 -257991 37
1060 574 m2 451438 1.14891927e-05 0.5 p-1 -27118 1
797 575 m2 452750 -0.0030886298 0.5 p-1 -63909 80
960 576 m2 453099 -0.0329112709 0.5 p-1 -31304 8
71 578 m2 454579 6.20306091e-05 0.5 p-1 -559111 322
542 579 m2 454996 -0.0743474364 0.5 p-1 -161118 158
72 580 m2 455095 0.000201082381 0.5 p-1 -1410485 1280
1207 582 m2 455867 0.0126111796 0.5 p-1 -101082 3
891 583 m2 456453 -0.00534591824 0.5 p-1 -242520 103
241 585 m2 457235 2.77555569e-06 0.5 p-1 -1293982 955
992 586 m2 457990 0.00129856053 0.5 p-1 -97520 17
613 588 m2 458641 0.0056816726 0.5 p-1 -346112 23
877 589 m2 459451 -0.00610129256 0.5 p-1 -80139 38
592 590 m2 460170 0.00683247345 0.5 p-1 -176003 75
1098 592 m2 461364 0.00224395865 0.5 p-1 -11042 3
841 593 m2 461546 -0.025301978 0.5 p-1 -200715 47
975 594 m2 463417 0.0473065376 0.5 p-1 -95892 50
564 595 m2 464018 0.000412827474 0.5 p-1 -357921 81
243 597 m2 464679 0.000250232057 0.5 p-1 -188498 154
73 600 m2 465472 9.09358641e-05 0.5 p-1 -8127530 1221
1003 602 m2 466895 7.80545888e-05 0.5 p-1 -6269 4
1005 603 m2 467123 0.0087284008 0.5 p-1 -311132 15
603 604 m2 467999 0.0126710497 0.5 p-1 -325474 87
1083 605 m2 468845 -0.00457599107 0.5 p-1 -424487 7
74 607 m2 471428 0.0258881152 0.5 p-1 -6572758 1755
1001 609 m2 472864 0.000162357232 0.5 p-1 -24866 3
75 611 m2 474669 -0.00394110987 0.5 p-1 -3736754 1753
517 612 m2 475506 -0.000537033193 0.5 p-1 -32843 67
383 613 m2 475888 -2.34669533e-05 0.5 p-1 -128490 83
384 614 m2 475962 -0.000122317375 0.5 p-1 -133915 83
719 615 m2 477915 -0.000806223135 0.5 p-1 -3103642 359
1093 616 m2 478108 -0.0298468862 0.5 p-1 -377496 9
788 617 m2 479466 -0.00237339758 0.5 p-1 -176447 35
496 618 m2 479961 0.0094481213 0.5 p-1 -62178 121
544 619 m2 480125 0.0823927373 0.5 p-1 -4611031 30
457 620 m2 481089 2.97717702e-06 0.5 p-1 -1150327 105
867 623 m2 485034 -0.00467510149 0.5 p-1 -250645 33
245 625 m2 486318 0.000414770562 0.5 p-1 -1905105 698
80 626 m2 486366 0.00917593297 0.5 p-1 -13026381 1274
581 627 m2 486405 0.00219120015 0.5 p-1 -6491909 25
968 628 m2 486462 -0.00758627476 0.5 p-1 -187805 28
81 631 m2 489204 0.000309268944 0.5 p-1 -7721327 300
696 632 m2 489442 4.43680932e-08 0.5 p-1 -596921 199
1016 633 m2 489920 0.00150878797 0.5 p-1 -18391 1
480 634 m2 489984 0.00411919598 0.5 p-1 -88992 21
518 636 m2 493146 -8.05026048e-06 0.5 p-1 -284604 194
1218 637 m2 495060 0.0154757025 0.5 p-1 -93276 1
247 638 m2 495503 0.0015084449 0.5 p-1 -4124510 1005
730 640 m2 496389 -0.0230706539 0.5 p-1 -74062 3
1097 641 m2 496557 0.00157755625 0.5 p-1 -75690 9
566 642 m2 496808 -1.48092058e-05 0.5 p-1 -73025 15
419 644 m2 498653 -0.000692087517 0.5 p-1 -1203680 147
84 645 m2 501818 -0.00670657773 0.5 p-1 -5461643 1952
85 647 m2 503162 0.00531777646 0.5 p-1 -3050489 1570
86 649 m2 506760 0.0018092352 0.5 p-1 -5553606 1543
892 650 m2 509403 -0.00188770867 0.5 p-1 -2071 12
624 651 m2 509613 -0.000255374849 0.5 p-1 -878575 256
843 652 m2 510366 9.38390731e-05 0.5 p-1 -18123 26
749 653 m2 511313 -4.12831323e-05 0.5 p-1 -1048037 115
87 656 m2 512453 1.20388427e-06 0.5 p-1 -1529788 1828
1209 657 m2 512497 6.37469711e-05 0.5 p-1 -9610 2
248 660 m2 513899 -9.68329186e-05 0.5 p-1 -3875605 815
249 661 m2 514209 -0.00210943166 0.5 p-1 -9357737 499
614 664 m2 515962 -3.16041223e-05 0.5 p-1 -224470 154
1202 665 m2 516448 0.000159512099 0.5 p-1 -7011 1
89 668 m2 519262 -0.00698560989 0.5 p-1 -2704190 1854
615 669 m2 519879 -0.000244799274 0.5 p-1 -1239406 147
250 670 m2 520566 1.06030739e-05 0.5 p-1 -570870 115
251 671 m2 521006 -0.000187305792 0.5 p-1 -652481 93
846 672 m2 521630 -1.5203178e-05 0.5 p-1 -13796 9
253 673 m2 522483 -0.00155892514 0.5 p-1 -3494325 196
625 674 m2 522932 -0.00222695572 0.5 p-1 -47899 8
1163 675 m2 524565 0.00413628854 0.5 p-1 -17421 2
420 678 m2 530519 -0.000149360305 0.5 p-1 -1990849 703
776 680 m2 531735 -8.52991798e-05 0.5 p-1 -159643 32
254 681 m2 532606 -5.43889e-05 0.5 p-1 -1449205 840
255 682 m2 533059 -3.07088339e-06 0.5 p-1 -17304202 1539
616 684 m2 534763 -0.000351063238 0.5 p-1 -380547 72
932 685 m2 535471 -1.03516886e-05 0.5 p-1 -26060 13
91 686 m2 536249 0.0318637304 0.5 p-1 -803194 1020
758 687 m2 536308 -0.000223454088 0.5 p-1 -42007 32
385 688 m2 537427 0.00329734688 0.5 p-1 -2086398 566
950 689 m2 537663 0.0370495394 0.5 p-1 -89970 6
545 690 m2 537853 0.00229214132 0.5 p-1 -359253 131
92 691 m2 538001 0.0410322361 0.5 p-1 -1040203 540
93 692 m2 538201 -6.11293581e-05 0.5 p-1 -2117668 824
1006 694 m2 540381 -0.0926539972 0.5 p-1 -114856 7
798 695 m2 542547 -0.0584380925 0.5 p-1 -75387 22
1223 696 m2 543179 0.0935388803 0.5 p-1 -25992 7
256 697 m2 544570 1.87845885e-07 0.5 p-1 -3457762 865
1030 699 m2 546503 0.000625728571 0.5 p-1 -877 8
768 700 m2 546587 -2.99070307e-05 0.5 p-1 -90740 88
1036 702 m2 547936 -0.101740688 0.5 p-1 -8199 3
519 703 m2 547995 6.60955902e-06 0.5 p-1 -991276 344
458 704 m2 550171 -0.00422319537 0.5 p-1 -205012 25
754 705 m2 550243 -0.00182475417 0.5 p-1 -6992 1
498 707 m2 551848 -3.19091896e-07 0.5 p-1 -781757 106
1224 709 m2 554659 -0.00182391319 0.5 p-1 -7673 4
1204 710 m2 554772 3.98693082e-05 0.5 p-1 -21246 3
423 713 m2 558331 -0.128776401 0.5 p-1 -776231 36
95 714 m2 560834 0.0229720473 0.5 p-1 -573261 440
759 716 m2 562307 -0.0105266245 0.5 p-1 -51435 20
678 717 m2 563937 0.000810917933 0.5 p-1 -156411 18
1263 719 m2 565527 0.0153719559 0.5 p-1 -70381 1
679 721 m2 567659 0.0226484407 0.5 p-1 -191326 26
258 722 m2 568667 0.0357670002 0.5 p-1 -608961 251
97 724 m2 571787 6.42525702e-05 0.5 p-1 -9537898 1602
1142 725 m2 571953 -2.00027116e-05 0.5 p-1 -18662 5
888 726 m2 571972 0.00802613515 0.5 p-1 -9427 20
568 729 m2 574524 -0.00380828558 0.5 p-1 -607400 32
982 731 m2 575091 -0.00337304315 0.5 p-1 -143968 24
883 732 m2 575609 -0.00346004125 0.5 p-1 -488411 30
627 733 m2 576000 -0.000888605253 0.5 p-1 -383613 138
99 734 m2 576241 -4.70285067e-06 0.5 p-1 -950611 170
481 735 m2 576274 0.00111406844 0.5 p-1 -252384 61
459 736 m2 576311 8.96646782e-07 0.5 p-1 -168154 28
967 737 m2 576483 0.000780209142 0.5 p-1 -39723 11
386 738 m2 577991 -0.000825614901 0.5 p-1 -1695288 541
802 739 m2 578082 4.34640533e-05 0.5 p-1 -214600 28
1259 740 m2 578703 -0.00274254731 0.5 p-1 -112488 2
956 743 m2 580752 -0.00373080745 0.5 p-1 -219168 19
340 744 m2 580925 -0.0207781233 0.5 p-1 -3982326 609
101 746 m2 581686 0.00016569093 0.5 p-1 -5927003 1818
387 747 m2 583995 0.00504828896 0.5 p-1 -2243930 375
697 748 m2 584545 -0.000733739755 0.5 p-1 -103863 89
1105 749 m2 585601 0.0028589284 0.5 p-1 -6714 5
1127 750 m2 585903 0.00309911743 0.5 p-1 -47951 4
102 751 m2 586079 0.0112728719 0.5 p-1 -56812 65
1064 752 m2 587227 0.00921972562 0.5 p-1 -55986 1
870 753 m2 588159 -0.0153881218 0.5 p-1 -103819 34
460 754 m2 589083 0.0223097652 0.5 p-1 -1222143 516
732 756 m2 589576 0.000133959998 0.5 p-1 -506730 58
546 758 m2 590870 0.000746118953 0.5 p-1 -3437978 67
103 759 m2 591009 0.00024982242 0.5 p-1 -3097061 1754
259 761 m2 591708 -0.000475436711 0.5 p-1 -56586 13
745 762 m2 591735 -0.0221195184 0.5 p-1 -4999649 170
104 763 m2 591745 -0.0102359653 0.5 p-1 -3326319 1241
821 765 m2 592192 -0.0175214019 0.5 p-1 -33642 3
260 766 m2 592623 0.00955653191 0.5 p-1 -205055 15
834 769 m2 594862 -0.000662552775 0.5 p-1 -37595 7
954 770 m2 596049 -0.00357101555 0.5 p-1 -562486 47
261 771 m2 597169 0.00320547819 0.5 p-1 -1991717 1160
1197 772 m2 597342 0.00309617072 0.5 p-1 -2088 14
547 773 m2 599696 -0.00145009276 0.5 p-1 -89899 57
262 774 m2 600936 0.00537175452 0.5 p-1 -965085 373
263 775 m2 602143 0.000276935432 0.5 p-1 -3087083 1431
1045 777 m2 603833 0.0168083496 0.5 p-1 -4658 3
106 778 m2 603873 -0.0134885181 0.5 p-1 -3012162 1891
107 780 m2 604817 -0.0508853756 0.5 p-1 -7402029 1161
733 781 m2 605886 -0.000458279479 0.5 p-1 -197862 28
961 782 m2 606886 -0.0311895628 0.5 p-1 -475730 19
1162 783 m2 608111 1.32579862e-06 0.5 p-1 -96776 2
761 784 m2 610764 0.00164667354 0.5 p-1 -86265 94
109 785 m2 610987 -0.000608222384 0.5 p-1 -6577342 1732
548 787 m2 613145 0.000735281385 0.5 p-1 -158817 70
264 788 m2 613173 0.00262549846 0.5 p-1 -4213962 1341
998 789 m2 613413 0.000575511483 0.5 p-1 -812813 8
1225 791 m2 614596 0.02351919 0.5 p-1 -40110 2
341 792 m2 615559 0.00128145388 0.5 p-1 -201848 168
1171 793 m2 616195 -0.00595604721 0.5 p-1 -65384 6
850 794 m2 616606 0.0208793897 0.5 p-1 -101318 23
110 796 m2 620414 2.40605768e-05 0.5 p-1 -2283617 491
583 798 m2 622113 0.000169687148 0.5 p-1 -1660404 245
584 800 m2 624051 -0.000407586864 0.5 p-1 -2812470 232
594 801 m2 625332 0.00108080159 0.5 p-1 -1896369 108
425 802 m2 628058 -0.00436043087 0.5 p-1 -346736 181
549 803 m2 630817 0.0034956655 0.5 p-1 -333156 24
595 805 m2 631367 5.26060139e-05 0.5 p-1 -263727 47
829 807 m2 632774 3.54202393e-06 0.5 p-1 -122606 48
851 808 m2 633731 0.00601348281 0.5 p-1 -5241 5
671 809 m2 634569 0.000475261186 0.5 p-1 -997164 37
918 810 m2 634573 0.0321894139 0.5 p-1 -90093 60
762 811 m2 635819 0.0347654 0.5 p-1 -75065 37
265 813 m2 638712 -0.00988137722 0.5 p-1 -253460 64
111 814 m2 638929 -0.000544203329 0.5 p-1 -4593400 1921
1109 815 m2 639814 -0.00494185882 0.5 p-1 -5097 12
389 817 m2 641087 -0.00129393593 0.5 p-1 -94977 60
910 819 m2 642305 -8.82828826e-05 0.5 p-1 -36557 15
672 820 m2 642497 -0.00172441441 0.5 p-1 -962371 178
427 821 m2 643626 -0.00250297645 0.5 p-1 -1521209 696
266 822 m2 644413 -0.00860616378 0.5 p-1 -2127466 1280
520 823 m2 645194 0.00106155965 0.5 p-1 -55083 85
962 825 m2 647030 -0.0014214816 0.5 p-1 -289700 10
1027 826 m2 647303 0.00143316831 0.5 p-1 -49934 14
267 828 m2 648119 0.000593579083 0.5 p-1 -1835779 321
268 831 m2 649715 -0.0262091849 0.5 p-1 -1145048 435
629 832 m2 649964 -6.68659704e-05 0.5 p-1 -1621350 78
1102 833 m2 651091 -1.66725511e-06 0.5 p-1 -29144 23
112 835 m2 653573 -1.11702988e-07 0.5 p-1 -3877299 1724
764 836 m2 654154 -0.0045092213 0.5 p-1 -924879 46
852 838 m2 655718 -3.35166206e-08 0.5 p-1 -1153600 35
1002 842 m2 656839 0.000277738087 0.5 p-1 -70543 9
1192 843 m2 657468 0.0056398185 0.5 p-1 -41061 7
550 844 m2 658261 -0.00393556012 0.5 p-1 -753833 523
269 845 m2 658812 -0.000157684495 0.5 p-1 -490856 672
113 846 m2 659048 0.0159526579 0.5 p-1 -4172969 625
720 848 m2 659459 -0.000116807663 0.5 p-1 -2329506 141
114 849 m2 659976 0.0266593713 0.5 p-1 -504265 314
746 851 m2 660529 -0.000285549235 0.5 p-1 -724434 36
830 852 m2 661402 -0.0147918826 0.5 p-1 -166567 21
115 853 m2 661694 -0.0499100201 0.5 p-1 -2221750 1720
116 854 m2 662040 -9.7204982e-05 0.5 p-1 -426427 283
642 855 m2 662113 -0.162196457 0.5 p-1 -1954619 346
643 856 m2 662204 0.00723164016 0.5 p-1 -3030645 346
391 858 m2 665097 0.0976517722 0.5 p-1 -4232200 400
1138 859 m2 665667 -0.00651350152 0.5 p-1 -4701 10
765 860 m2 666777 -0.0121470261 0.5 p-1 -146169 86
924 862 m2 667964 0.0234092586 0.5 p-1 -246556 43
721 863 m2 669430 3.05578185e-09 0.5 p-1 -782227 89
896 864 m2 669681 0.00200537988 0.5 p-1 -102166 3
789 865 m2 670148 -0.0149347084 0.5 p-1 -11849 11
938 866 m2 671822 9.81309713e-05 0.5 p-1 -43890 46
1233 867 m2 672164 -0.00721173687 0.5 p-1 -2342 2
117 868 m2 672242 0.00544784637 0.5 p-1 -4185207 596
119 870 m2 674094 0.00195136655 0.5 p-1 -1290621 457
569 871 m2 675035 -0.0649211928 0.5 p-1 -245834 400
878 872 m2 675540 0.0317465216 0.5 p-1 -2553175 82
649 873 m2 676187 -2.20780521e-06 0.5 p-1 -522673 88
1170 875 m2 679103 -2.07583671e-05 0.5 p-1 -19883 1
483 877 m2 680384 0.00323390728 0.5 p-1 -10548535 444
521 878 m2 680589 -0.00031127251 0.5 p-1 -2729716 171
689 879 m2 680982 -0.00834227633 0.5 p-1 -681076 172
740 881 m2 682893 -0.0229066219 0.5 p-1 -59794 40
785 882 m2 683059 -0.0329268947 0.5 p-1 -63399 73
571 884 m2 683377 0.000528733886 0.5 p-1 -2550429 304
868 886 m2 684116 1.05659701e-05 0.5 p-1 -317995 15
704 887 m2 685482 -0.0115539031 0.5 p-1 -69540 68
650 889 m2 687403 0.0101605197 0.5 p-1 -1724262 15
698 890 m2 687470 0.00269475766 0.5 p-1 -115120 69
630 891 m2 688201 0.00491159549 0.5 p-1 -42276 16
120 893 m2 689803 0.0185355153 0.5 p-1 -2460970 1068
428 894 m2 690809 0.00643346971 0.5 p-1 -305294 107
1247 895 m2 691468 0.0545392297 0.5 p-1 -6789 2
121 896 m2 691554 -0.0385963209 0.5 p-1 -4437042 1177
1041 897 m2 693383 -0.00629274314 0.5 p-1 -28644 7
790 898 m2 694810 0.00165023387 0.5 p-1 -79953 96
429 899 m2 696188 -0.000702873745 0.5 p-1 -82030 50
1248 900 m2 696980 9.08758739e-05 0.5 p-1 -24545 2
1065 901 m2 698424 -0.019599231 0.5 p-1 -177590 14
484 902 m2 698581 0.00500937831 0.5 p-1 -915618 567
273 903 m2 699185 -0.0317074843 0.5 p-1 -4516165 787
690 904 m2 699943 -0.011317621 0.5 p-1 -93898 87
618 905 m2 701905 -3.68445799e-05 0.5 p-1 -302778 36
343 906 m2 703810 -0.0241755303 0.5 p-1 -1449340 684
631 908 m2 707133 0.0231919829 0.5 p-1 -3226272 299
274 909 m2 707550 0.00052430277 0.5 p-1 -315074 199
275 910 m2 709970 -4.28171325e-06 0.5 p-1 -2819467 931
122 911 m2 710523 -5.42060661e-06 0.5 p-1 -1243145 632
782 914 m2 711066 0.00768746715 0.5 p-1 -118362 50
901 916 m2 711875 -0.0123382993 0.5 p-1 -5005178 38
1198 918 m2 712612 -0.00324563892 0.5 p-1 -21413 3
803 920 m2 714390 -0.00322442921 0.5 p-1 -203064 88
499 921 m2 714715 -0.00133719551 0.5 p-1 -1080845 488
936 923 m2 715903 -4.6292148e-06 0.5 p-1 -51733 6
1139 924 m2 716225 -0.0346661396 0.5 p-1 -13673 9
345 926 m2 716678 0.00900267251 0.5 p-1 -254391 130
1167 929 m2 718172 -2.80325112e-05 0.5 p-1 -3981 4
123 930 m2 718246 0.000251956837 0.5 p-1 -996954 899
500 931 m2 719133 0.000621817482 0.5 p-1 -6311721 204
952 935 m2 724340 -0.000709174958 0.5 p-1 -24733 31
124 936 m2 725020 0.0204628203 0.5 p-1 -5723291 1153
276 937 m2 725203 3.91404283e-05 0.5 p-1 -987170 245
277 939 m2 728203 -0.00679054484 0.5 p-1 -480300 485
431 940 m2 731895 -0.00827334821 0.5 p-1 -136503 39
1154 941 m2 732010 0.00125456066 0.5 p-1 -758 12
572 942 m2 732058 0.00112572545 0.5 p-1 -149540 52
501 943 m2 732108 0.0491390638 0.5 p-1 -264927 172
392 944 m2 732312 0.0089096548 0.5 p-1 -3510632 419
530 945 m2 732651 1.24769995e-05 0.5 p-1 -274485 212
125 946 m2 734582 5.76899424e-07 0.5 p-1 -3235979 1592
778 947 m2 734672 -0.0005077924 0.5 p-1 -229373 107
347 948 m2 735298 0.00474061398 0.5 p-1 -1709955 906
126 949 m2 736509 -5.92657102e-07 0.5 p-1 -11621476 972
278 950 m2 736719 -5.95661959e-06 0.5 p-1 -9554908 1349
1269 951 m2 736964 0.00094582286 0.5 p-1 -5356 1
127 952 m2 737491 8.69511439e-07 0.5 p-1 -342884 170
128 953 m2 737819 -8.97011705e-05 0.5 p-1 -8690350 1537
925 954 m2 738194 -0.000840922177 0.5 p-1 -23404 6
1220 955 m2 738439 -0.0104744146 0.5 p-1 -4592 1
348 956 m2 739485 0.0635418966 0.5 p-1 -3257223 767
393 957 m2 739523 5.09103302e-06 0.5 p-1 -1313058 339
1264 958 m2 739533 7.24950951e-06 0.5 p-1 -3545 1
130 959 m2 741940 -0.00264887279 0.5 p-1 -4557 7
804 961 m2 743777 -0.0117943455 0.5 p-1 -21603 7
977 962 m2 744593 0.00110097229 0.5 p-1 -17572 11
1052 963 m2 747404 0.00337550417 0.5 p-1 -130713 9
941 964 m2 747467 2.0460314e-07 0.5 p-1 -36267 3
573 965 m2 750715 0.0195013732 0.5 p-1 -126576 22
795 966 m2 751230 0.000137857016 0.5 p-1 -6320 2
1253 967 m2 751364 -0.00585152255 0.5 p-1 -6894 1
134 969 m2 754346 -4.52828908e-06 0.5 p-1 -3302584 1967
1158 972 m2 755824 -0.0118412254 0.5 p-1 -5596 3
604 974 m2 756480 -0.00610067742 0.5 p-1 -120549 69
135 975 m2 758193 0.0154623101 0.5 p-1 -3806202 1018
136 976 m2 760080 0.0140121393 0.5 p-1 -1361277 228
433 977 m2 760881 0.0309521593 0.5 p-1 -1726508 1072
137 978 m2 761188 -0.000572265359 0.5 p-1 -2997967 1335
138 980 m2 762052 -0.00709525961 0.5 p-1 -2023732 1276
874 983 m2 763404 0.00558697991 0.5 p-1 -65685 18
139 984 m2 763875 0.0171284247 0.5 p-1 -1885390 1255
791 985 m2 764576 0.00115219306 0.5 p-1 -46132 16
665 986 m2 765934 -0.0253129359 0.5 p-1 -100180 72
854 988 m2 767600 -0.0455817729 0.5 p-1 -4980 16
1106 990 m2 769623 -0.00196578959 0.5 p-1 -61703 4
953 991 m2 770144 0.0067633288 0.5 p-1 -2546 3
141 992 m2 770434 -0.0224152822 0.5 p-1 -961936 323
142 993 m2 771519 -4.87099078e-06 0.5 p-1 -2404271 112
913 995 m2 774662 -3.37967176e-05 0.5 p-1 -431987 24
434 996 m2 776756 0.00597618287 0.5 p-1 -358911 264
620 997 m2 777112 -0.0167502183 0.5 p-1 -2323634 187
349 998 m2 778449 -0.00036156291 0.5 p-1 -9509018 969
143 999 m2 779319 -0.000138731601 0.5 p-1 -9605450 1606
915 1002 m2 781443 0.00235517533 0.5 p-1 -5689 10
651 1004 m2 783874 -0.0250117984 0.5 p-1 -925652 125
1205 1005 m2 784948 0.000770957558 0.5 p-1 -942017 2
394 1008 m2 787863 -0.00213962886 0.5 p-1 -973787 350
395 1012 m2 792638 -7.47577578e-05 0.5 p-1 -1989863 981
350 1013 m2 794295 -0.0131567568 0.5 p-1 -1090453 411
1040 1014 m2 795144 5.42221496e-05 0.5 p-1 -54992 2
144 1015 m2 795784 2.03644817e-07 0.5 p-1 -362096 187
486 1016 m2 797242 0.000466572033 0.5 p-1 -24637 86
502 1017 m2 798580 -6.17994301e-05 0.5 p-1 -712033 19
1010 1018 m2 798870 0.0359503627 0.5 p-1 -90186 1
145 1019 m2 799645 0.00175193755 0.5 p-1 -10320709 1814
1037 1020 m2 800010 -0.00740601216 0.5 p-1 -424352 2
951 1021 m2 800105 0.0453331918 0.5 p-1 -13969 20
792 1022 m2 800161 -0.000822193339 0.5 p-1 -138659 31
1241 1027 m2 805061 0.0697274655 0.5 p-1 -4107 2
769 1028 m2 805694 -0.00465891883 0.5 p-1 -20394 63
283 1029 m2 807139 -0.00412816834 0.5 p-1 -281090 406
844 1030 m2 807591 -1.73254033e-09 0.5 p-1 -647966 44
146 1031 m2 809220 -0.0141110187 0.5 p-1 -1337318 109
1148 1032 m2 809964 -2.43856425e-06 0.5 p-1 -80583 5
487 1033 m2 810235 0.0178184398 0.5 p-1 -1569288 471
147 1034 m2 811181 -0.000103706312 0.5 p-1 -4186237 1787
948 1035 m2 811241 0.00610716594 0.5 p-1 -20793 16
531 1036 m2 811251 0.0104874456 0.5 p-1 -316014 146
284 1038 m2 814591 -8.45050963e-05 0.5 p-1 -179614 120
351 1039 m2 817060 0.00670530787 0.5 p-1 -16985 41
462 1040 m2 818618 0.00416653138 0.5 p-1 -2423466 423
1023 1041 m2 818985 0.0411936603 0.5 p-1 -188666 3
552 1043 m2 821635 -8.85072677e-06 0.5 p-1 -1977885 534
1219 1044 m2 822345 -0.055969663 0.5 p-1 -178056 1
503 1045 m2 822873 0.0123448409 0.5 p-1 -282462 325
352 1046 m2 823471 -0.00827601459 0.5 p-1 -714520 262
524 1047 m2 824438 -1.6241409e-05 0.5 p-1 -5031 23
575 1048 m2 826211 0.000520722417 0.5 p-1 -99729 96
666 1049 m2 827656 -0.00195930526 0.5 p-1 -56928 18
1066 1050 m2 827666 -0.055250138 0.5 p-1 -116914 5
722 1051 m2 827987 -0.00825140718 0.5 p-1 -163023 53
151 1052 m2 829328 3.69541922e-05 0.5 p-1 -4945456 1626
285 1054 m2 833481 0.000527505937 0.5 p-1 -1617470 460
899 1055 m2 833570 0.00145733159 0.5 p-1 -62047 7
632 1057 m2 835397 -0.00427524047 0.5 p-1 -873797 228
939 1058 m2 836005 0.000392618356 0.5 p-1 -36020 35
436 1059 m2 837480 0.0637241676 0.5 p-1 -212592 270
152 1060 m2 837774 -0.00263754488 0.5 p-1 -8099942 1747
553 1063 m2 841591 2.5526424e-06 0.5 p-1 -1678873 555
979 1064 m2 841688 -3.26921108e-05 0.5 p-1 -121985 20
1038 1066 m2 844027 -9.87622855e-08 0.5 p-1 -51911 5
154 1067 m2 844314 -1.27030844e-05 0.5 p-1 -637902 90
155 1069 m2 845561 -0.102100745 0.5 p-1 -2686257 1323
845 1071 m2 847338 0.103001088 0.5 p-1 -6914 13
799 1072 m2 847603 -0.0189470351 0.5 p-1 -436796 20
826 1074 m2 849544 -0.00451793615 0.5 p-1 -114316 39
946 1076 m2 852772 -0.121465757 0.5 p-1 -65505 46
658 1077 m2 853235 3.8376573e-08 0.5 p-1 -445205 175
1260 1081 m2 855992 0.00782247819 0.5 p-1 -930 1
158 1082 m2 856115 4.68232003e-07 0.5 p-1 -1621873 749
577 1083 m2 856127 -0.00747034932 0.5 p-1 -126207 72
723 1084 m2 856411 -0.000464132288 0.5 p-1 -371072 63
1071 1085 m2 856522 0.00309252203 0.5 p-1 -6474 4
287 1087 m2 857494 -0.00115971582 0.5 p-1 -1251649 537
488 1088 m2 857589 0.000495967339 0.5 p-1 -137588 82
532 1089 m2 857847 -0.0154434284 0.5 p-1 -551099 649
160 1090 m2 858554 0.000373192219 0.5 p-1 -1417270 649
996 1091 m2 858885 0.0136537142 0.5 p-1 -13517 3
578 1092 m2 859051 0.000152808876 0.5 p-1 -343947 67
659 1093 m2 860867 0.00260030222 0.5 p-1 -222349 96
606 1094 m2 862118 -0.0109983562 0.5 p-1 -111166 18
1149 1096 m2 864018 0.0274680797 0.5 p-1 -19132 1
1099 1098 m2 864947 1.11302743e-05 0.5 p-1 -670 7
835 1099 m2 865032 -0.0070090862 0.5 p-1 -109373 14
437 1100 m2 865187 -0.0125019047 0.5 p-1 -259611 131
607 1103 m2 865697 -0.0439956151 0.5 p-1 -110587 25
1004 1104 m2 866864 0.0134511935 0.5 p-1 -292978 6
705 1105 m2 867043 -0.000936365628 0.5 p-1 -601636 31
353 1106 m2 867502 -0.0187877044 0.5 p-1 -8797706 1273
1174 1107 m2 868010 -0.00583785679 0.5 p-1 -13682 4
691 1108 m2 868608 0.000711206638 0.5 p-1 -1092337 51
1070 1109 m2 868766 -0.0234254301 0.5 p-1 -2863 1
396 1111 m2 870703 -2.9320001e-05 0.5 p-1 -416991 202
1029 1112 m2 870895 4.16394723e-05 0.5 p-1 -1968 11
596 1114 m2 871731 -0.000556324318 0.5 p-1 -1807959 162
755 1115 m2 872420 -0.000129049848 0.5 p-1 -1034591 174
1234 1116 m2 875036 -4.75255802e-05 0.5 p-1 -704 2
505 1118 m2 875405 -0.00222066627 0.5 p-1 -14669 4
163 1119 m2 877983 0.00289431075 0.5 p-1 -4594054 1332
1063 1120 m2 878876 -0.00181020354 0.5 p-1 -7560 8
865 1121 m2 880732 -0.00620378042 0.5 p-1 -479090 24
963 1122 m2 881181 -0.0238717478 0.5 p-1 -180611 9
164 1123 m2 882101 -0.0414994135 0.5 p-1 -4604253 1663
398 1124 m2 883794 0.00213251379 0.5 p-1 -601903 358
634 1129 m2 884847 -4.02058106e-07 0.5 p-1 -532691 83
165 1131 m2 885672 0.00131410151 0.5 p-1 -5805177 1692
506 1132 m2 885676 -0.00384839927 0.5 p-1 -496100 32
489 1134 m2 888364 0.00778874615 0.5 p-1 -292373 499
507 1135 m2 888704 0.00158020551 0.5 p-1 -124379 19
290 1136 m2 889565 -0.00526838098 0.5 p-1 -3127027 726
291 1137 m2 889593 -0.000535117404 0.5 p-1 -5403880 727
1101 1140 m2 893188 0.013964911 0.5 p-1 -10780 9
167 1142 m2 894079 0.000281583256 0.5 p-1 -242945 177
1177 1144 m2 894546 -0.0542054698 0.5 p-1 -188913 1
916 1145 m2 894899 0.00212906464 0.5 p-1 -205736 11
1178 1146 m2 895517 0.00430502649 0.5 p-1 -8503 1
168 1147 m2 895573 -0.0511359759 0.5 p-1 -5223113 578
169 1149 m2 896952 -0.0148534058 0.5 p-1 -11369762 838
958 1150 m2 897743 0.118245885 0.5 p-1 -30935 40
354 1152 m2 898144 -0.00234867167 0.5 p-1 -1107415 1553
292 1153 m2 899308 -0.0213941298 0.5 p-1 -3946738 279
752 1154 m2 899656 0.0190353505 0.5 p-1 -647136 76
170 1156 m2 900412 -0.000113118469 0.5 p-1 -5001949 1743
714 1160 m2 903878 0.00203586277 0.5 p-1 -1162686 131
1008 1161 m2 904134 2.21262394e-06 0.5 p-1 -119931 7
771 1162 m2 904343 0.0287842862 0.5 p-1 -27508 27
692 1163 m2 904660 0.000200551498 0.5 p-1 -1279125 122
508 1164 m2 904793 -9.044326e-05 0.5 p-1 -407397 66
172 1165 m2 905516 -0.0272303838 0.5 p-1 -985174 879
438 1167 m2 906873 0.00429267669 0.5 p-1 -2271890 222
173 1168 m2 906990 -0.000834660546 0.5 p-1 -5551655 1997
767 1169 m2 907571 0.0717122182 0.5 p-1 -1538 3
509 1170 m2 907759 0.008054398 0.5 p-1 -2497600 123
399 1171 m2 912265 -0.00236042589 0.5 p-1 -3355476 910
463 1172 m2 915182 -0.0004506681 0.5 p-1 -2656371 223
1018 1174 m2 920465 1.30058459e-06 0.5 p-1 -56523 10
176 1175 m2 920678 0.0040527815 0.5 p-1 -10204892 1798
1189 1177 m2 922324 0.00109576131 0.5 p-1 -4774 4
1031 1179 m2 922666 -0.00473539578 0.5 p-1 -54509 10
465 1180 m2 923665 0.0032039776 0.5 p-1 -61180 187
635 1181 m2 926929 0.00271735899 0.5 p-1 -15836 36
1175 1182 m2 927091 1.22682532e-05 0.5 p-1 -17145 12
294 1184 m2 927540 -0.00263521471 0.5 p-1 -822699 175
1043 1186 m2 928608 0.000539314293 0.5 p-1 -52886 8
772 1187 m2 928652 0.00473414781 0.5 p-1 -1171574 25
355 1188 m2 930397 -7.64729435e-08 0.5 p-1 -1516662 621
695 1189 m2 930723 -5.68029172e-05 0.5 p-1 -411463 48
177 1191 m2 932420 -0.000311409734 0.5 p-1 -1057286 1825
1121 1192 m2 933698 -0.0124603435 0.5 p-1 -391 1
1255 1193 m2 936000 -0.00800475478 0.5 p-1 -24144 2
1183 1194 m2 936511 0.004584854 0.5 p-1 -158419 2
295 1195 m2 936892 0.00187444512 0.5 p-1 -5265690 1892
178 1196 m2 937456 -0.0094748484 0.5 p-1 -3050348 239
179 1199 m2 939430 -0.00441604014 0.5 p-1 -7799391 1877
526 1200 m2 939463 -1.43160623e-05 0.5 p-1 -484737 180
1184 1201 m2 940210 0.00741894031 0.5 p-1 -47537 2
660 1203 m2 940950 -1.23869777e-05 0.5 p-1 -1630582 289
823 1204 m2 941023 0.0222764816 0.5 p-1 -734626 21
970 1207 m2 944930 0.0881534144 0.5 p-1 -124480 8
181 1208 m2 945217 0.0133115873 0.5 p-1 -4404312 1355
940 1209 m2 945973 -5.03936717e-05 0.5 p-1 -10824 4
884 1211 m2 948049 -0.000563140842 0.5 p-1 -1696235 137
971 1212 m2 948689 -2.64505502e-06 0.5 p-1 -24784 8
466 1213 m2 948930 -0.00439547421 0.5 p-1 -712397 57
510 1214 m2 949401 -0.000206463214 0.5 p-1 -105061 125
1212 1215 m2 949911 -0.00523309689 0.5 p-1 -65243 1
1100 1217 m2 954120 -3.62243845e-05 0.5 p-1 -8628 9
296 1218 m2 956112 0.00127015961 0.5 p-1 -2947480 194
735 1221 m2 957532 0.0140102385 0.5 p-1 -268485 111
182 1222 m2 957928 0.0223152284 0.5 p-1 -1738398 483
1199 1223 m2 959238 -3.45352564e-05 0.5 p-1 -14853 2
1033 1224 m2 959820 -0.0195880979 0.5 p-1 -434261 4
848 1225 m2 959952 -0.0046764696 0.5 p-1 -108939 47
1042 1226 m2 960385 -0.00726023316 0.5 p-1 -30886 14
441 1227 m2 960583 -3.70896558e-08 0.5 p-1 -107812 28
183 1228 m2 961193 -0.00253416644 0.5 p-1 -6789515 1349
511 1229 m2 961421 0.00981976744 0.5 p-1 -221741 115
903 1230 m2 963434 -0.000219968744 0.5 p-1 -43949 31
184 1232 m2 965888 -3.73808319e-07 0.5 p-1 -881871 435
297 1233 m2 967203 -0.000600843923 0.5 p-1 -5465702 1577
356 1234 m2 968211 0.0279167797 0.5 p-1 -1554788 181
972 1235 m2 969068 0.000994597794 0.5 p-1 -375655 15
442 1237 m2 970059 -0.00367971719 0.5 p-1 -1016273 406
1113 1238 m2 970236 -0.00023039087 0.5 p-1 -21 1
185 1239 m2 970273 -0.0201375615 0.5 p-1 -5992232 1896
187 1240 m2 972344 0.00483078742 0.5 p-1 -1828846 1124
683 1242 m2 974081 -0.000611674681 0.5 p-1 -510068 109
299 1243 m2 974646 0.000974895374 0.5 p-1 -166045 298
1165 1244 m2 974967 -0.0203062538 0.5 p-1 -12132 4
796 1245 m2 975238 -3.1949449e-07 0.5 p-1 -108423 12
189 1246 m2 976773 -0.000622255146 0.5 p-1 -2608210 655
190 1247 m2 978267 -0.00703371922 0.5 p-1 -704751 156
191 1249 m2 981014 -1.46553175e-05 0.5 p-1 -181337 46
636 1250 m2 981195 -0.00139460212 0.5 p-1 -505670 79
969 1253 m2 985305 0.0165013559 0.5 p-1 -82246 32
192 1254 m2 987550 0.000248800527 0.5 p-1 -687498 941
866 1255 m2 987558 0.00468428619 0.5 p-1 -158836 28
490 1256 m2 987800 0.00514159864 0.5 p-1 -4986053 270
1054 1257 m2 988391 0.000356874109 0.5 p-1 -133699 24
885 1259 m2 989289 -4.18396802e-08 0.5 p-1 -330936 62
193 1260 m2 989916 -0.0128645794 0.5 p-1 -2363935 1293
1249 1261 m2 990368 -3.17126342e-06 0.5 p-1 -268324 3
357 1262 m2 991363 -0.000467292615 0.5 p-1 -1348264 610
195 1263 m2 992642 0.0049263672 0.5 p-1 -1291234 1702
1012 1266 m2 995848 -0.033797361 0.5 p-1 -227338 8
1020 1267 m2 136056 0.00143642072 0.5 p0 2 2
997 1271 m2 334131 -0.00246984791 0.5 p0 2 1
1168 1274 m2 213896 0.0567489564 0.5 p0 2 2
944 1280 m2 788111 -0.00909927208 0.5 p0 2 19
1228 1285 m2 479484 -0.000160587006 0.5 p0 2 2
1180 1286 m2 594634 0.0307848696 0.5 p0 2 4
872 1287 m2 770532 0.000113879934 0.5 p0 2 2
1058 1294 m2 530300 -0.0100056976 0.5 p0 2 3
906 1311 m2 908659 0.0325710364 0.5 p0 2 6
1243 1313 m2 622466 -0.0214429721 0.5 p0 2 3
1237 1319 m2 149298 4.23656523e-08 0.5 p0 2 1
1169 1330 m2 635359 6.49035883e-06 0.5 p0 2 1
933 1339 m2 742718 0.00506918691 0.5 p0 2 6
780 1343 m2 117651 -0.0283749346 0.5 p0 2 19
713 1355 m2 796938 -0.00475828862 0.5 p0 2 31
1123 1359 m2 362973 0.00210977369 0.5 p0 2 1
1155 1361 m2 607028 5.86299905e-07 0.5 p0 2 2
1156 1362 m2 974048 8.94267723e-05 0.5 p0 2 2
582 1375 m2 590959 -0.0164130256 0.5 p0 2 21
1206 1377 m2 352394 0.00139856548 0.5 p0 2 2
1232 1380 m2 572830 0.000224145639 0.5 p0 2 1
1076 1382 m2 604084 -0.00694881612 0.5 p0 2 11
1077 1388 m2 789478 -0.0491442494 0.5 p0 2 2
1073 1394 m2 413663 0.0575931184 0.5 p0 2 4
1135 1399 m2 745947 0.0142850159 0.5 p0 2 2
1214 1410 m2 418788 -0.0198274348 0.5 p0 2 3
751 1413 m2 758938 0.034773957 0.5 p0 2 13
994 1416 m2 86630 6.07128968e-05 0.5 p0 2 3
995 1417 m2 595399 0.0100262957 0.5 p0 2 1
937 1419 m2 102128 0.000152919587 0.5 p0 2 5
1157 1426 m2 565980 -1.42453374e-07 0.5 p0 2 6
1160 1429 m2 49293 -0.00549850287 0.5 p0 2 5
1079 1440 m2 122953 -0.000907537527 0.5 p0 2 10
1216 1442 m2 679217 0.0323546268 0.5 p0 2 3
1129 1450 m2 623626 0.00674706791 0.5 p0 2 2
1130 1451 m2 872998 -7.56794748e-07 0.5 p0 2 3
1084 1460 m2 650737 4.04235379e-06 0.5 p0 2 4
1152 1461 m2 735116 -0.000192566382 0.5 p0 2 8
1251 1466 m2 414703 0.0118625006 0.5 p0 2 1
1227 1471 m2 934911 -0.00122562866 0.5 p0 2 4
1238 1475 m2 231529 0.00116855558 0.5 p0 2 2
1221 1477 m2 395483 -3.91818066e-05 0.5 p0 2 2
1111 1480 m2 121170 0.0137697617 0.5 p0 2 1
1150 1492 m2 777022 0.0119562224 0.5 p0 2 7
784 1502 m2 553262 -1.06638481e-06 0.5 p0 2 5
984 1509 m2 489027 -0.00403845496 0.5 p0 2 3
895 1514 m2 208741 -0.044326324 0.5 p0 2 5
1094 1515 m2 633386 -2.09760015e-06 0.5 p0 2 3
1075 1527 m2 495539 -2.1320493e-05 0.5 p0 2 4
1181 1528 m2 839656 0.00626391452 0.5 p0 2 4
1196 1531 m2 686744 -0.00132193719 0.5 p0 2 7
1153 1532 m2 208587 -1.34601505e-05 0.5 p0 2 3
1217 1533 m2 13091 0.0047781365 0.5 p0 2 1
1242 1537 m2 867993 -0.0320296846 0.5 p0 2 2
1211 1540 m2 536937 0.000205052682 0.5 p0 2 1
1088 1547 m2 971895 -5.39409939e-07 0.5 p0 2 2
942 1549 m2 752430 -0.000404730701 0.5 p0 2 7
1164 1550 m2 866879 6.1978244e-05 0.5 p0 2 2
731 1552 m2 560871 -3.946176e-05 0.5 p0 2 3
729 1553 m2 412233 -0.00112532545 0.5 p0 2 5
839 1555 m2 310377 -8.05326999e-06 0.5 p0 2 15
1236 1561 m2 430984 -3.21090993e-05 0.5 p0 2 2
1185 1563 m2 620188 0.00140305771 0.5 p0 2 1
1022 1565 m2 122541 2.178758e-06 0.5 p0 2 7
1051 1583 m2 769771 0.0945266858 0.5 p0 2 3
763 1584 m2 646623 -0.00128555729 0.5 p0 2 9
991 1587 m2 75179 0.00134049915 0.5 p0 2 9
993 1588 m2 533206 -0.0331798606 0.5 p0 2 13
1026 1589 m2 98531 0.000476791407 0.5 p0 2 11
1144 1595 m2 397912 0.0129488548 0.5 p0 2 4
898 1597 m2 173549 -0.000582576089 0.5 p0 2 11
196 1605 m1 1484 -0 0.5 p-1 -2890508 1697
0 1607 m1 6636 0 0.5 p-1 -690867 612
300 1608 m1 10178 0 0.5 p-1 -5524 32
887 1609 m1 14894 0 0.5 p-1 -53247 113
673 1610 m1 18323 -0 0.5 p-1 -420690 27
3 1614 m1 22463 0 0.5 p-1 -3008030 771
5 1615 m1 25005 0 0.5 p-1 -6109246 1321
6 1616 m1 25175 -0 0.5 p-1 -9488449 1473
533 1617 m1 26365 -0 0.5 p-1 -52872 29
7 1618 m1 26833 0 0.5 p-1 -6963637 1032
359 1620 m1 27460 -0 0.5 p-1 -1974517 1239
902 1621 m1 27853 -0 0.5 p-1 -82087 18
468 1623 m1 32543 -0 0.5 p-1 -248362 162
11 1624 m1 35607 -0 0.5 p-1 -2811382 1407
608 1627 m1 40622 -0 0.5 p-1 -276964 97
675 1629 m1 47980 -0 0.5 p-1 -408 7
469 1630 m1 48136 0 0.5 p-1 -935120 495
809 1634 m1 58768 -0 0.5 p-1 -191367 152
13 1635 m1 63168 0 0.5 p-1 -9446103 1497
302 1636 m1 65220 0 0.5 p-1 -3662219 1496
14 1638 m1 73642 0 0.5 p-1 -1164 10
16 1639 m1 74526 0 0.5 p-1 -7931085 1705
831 1642 m1 82456 -0 0.5 p-1 -920292 25
1104 1643 m1 85863 0 0.5 p-1 -353130 15
447 1645 m1 93064 -0 0.5 p-1 -1885448 188
305 1646 m1 95535 0 0.5 p-1 -149722 48
700 1649 m1 99232 -0 0.5 p-1 -94249 72
206 1650 m1 101332 0 0.5 p-1 -2321579 143
1229 1653 m1 107901 0 0.5 p-1 -1818 1
701 1656 m1 117326 0 0.5 p-1 -485639 55
210 1657 m1 121929 0 0.5 p-1 -916652 594
492 1658 m1 122321 -0 0.5 p-1 -1631878 50
1067 1659 m1 122725 0 0.5 p-1 -59669 3
28 1660 m1 123750 -0 0.5 p-1 -986178 1068
664 1661 m1 129677 -0 0.5 p-1 -24438 8
493 1668 m1 144800 0 0.5 p-1 -1115122 493
308 1669 m1 145130 -0 0.5 p-1 -451798 465
410 1673 m1 161338 -0 0.5 p-1 -576144 363
781 1674 m1 167717 -0 0.5 p-1 -9552 18
310 1675 m1 170407 0 0.5 p-1 -10585417 328
36 1676 m1 170500 -0 0.5 p-1 -102274 112
579 1679 m1 176031 0 0.5 p-1 -1015985 134
921 1680 m1 178071 0 0.5 p-1 -64568 7
708 1682 m1 179915 0 0.5 p-1 -8869 7
1215 1683 m1 182456 -0 0.5 p-1 -42586 2
773 1684 m1 183547 0 0.5 p-1 -629821 105
311 1685 m1 187004 0 0.5 p-1 -461821 240
621 1687 m1 199838 -0 0.5 p-1 -8609487 567
40 1688 m1 200775 0 0.5 p-1 -339937 608
837 1689 m1 201079 0 0.5 p-1 -452045 52
1250 1690 m1 202519 0 0.5 p-1 -3662 1
1256 1691 m1 202628 0 0.5 p-1 -740 1
1245 1692 m1 203028 -0 0.5 p-1 -2661 2
367 1694 m1 205479 -0 0.5 p-1 -409117 157
1025 1696 m1 209568 -0 0.5 p-1 -457138 12
857 1697 m1 212566 -0 0.5 p-1 -127088 64
820 1701 m1 214609 0 0.5 p-1 -4315858 76
748 1702 m1 215122 0 0.5 p-1 -301510 23
43 1703 m1 215826 0 0.5 p-1 -380292 272
1087 1704 m1 219210 0 0.5 p-1 -69889 5
314 1705 m1 221460 -0 0.5 p-1 -110605 101
737 1706 m1 224328 0 0.5 p-1 -50156 35
717 1709 m1 236600 0 0.5 p-1 -29933 58
875 1710 m1 238966 -0 0.5 p-1 -155465 8
1061 1711 m1 239293 0 0.5 p-1 -213567 20
1056 1712 m1 239499 -0 0.5 p-1 -52399 8
371 1716 m1 248989 -0 0.5 p-1 -246685 127
1082 1718 m1 252684 -0 0.5 p-1 -92838 5
1137 1720 m1 255539 -0 0.5 p-1 -5297 1
756 1721 m1 256333 -0 0.5 p-1 -18007 13
849 1723 m1 257794 0 0.5 p-1 -191354 77
315 1724 m1 265115 0 0.5 p-1 -1447220 920
926 1726 m1 269656 0 0.5 p-1 -64834 34
814 1727 m1 271735 0 0.5 p-1 -12604 7
1124 1728 m1 272469 -0 0.5 p-1 -5968 3
316 1729 m1 274163 0 0.5 p-1 -470310 433
647 1730 m1 275036 0 0.5 p-1 -323858 127
51 1733 m1 284512 -0 0.5 p-1 -4686606 1282
53 1734 m1 285514 0 0.5 p-1 -1757531 1687
375 1735 m1 286738 -0 0.5 p-1 -2731019 1108
56 1736 m1 292478 0 0.5 p-1 -3742571 640
223 1738 m1 296555 -0 0.5 p-1 -6779410 1720
800 1739 m1 297692 -0 0.5 p-1 -627558 15
1132 1742 m1 299148 0 0.5 p-1 -14057 1
807 1743 m1 300303 0 0.5 p-1 -74124 18
476 1744 m1 301615 -0 0.5 p-1 -210969 121
959 1746 m1 307862 -0 0.5 p-1 -102021 25
319 1749 m1 322114 -0 0.5 p-1 -2001702 1062
1089 1750 m1 324604 0 0.5 p-1 -186589 13
228 1751 m1 325473 -0 0.5 p-1 -1090415 792
229 1752 m1 327623 -0 0.5 p-1 -12294115 1817
927 1754 m1 329597 0 0.5 p-1 -7267 3
1161 1755 m1 329675 -0 0.5 p-1 -10788 4
1000 1756 m1 329769 -0 0.5 p-1 -1400100 5
60 1758 m1 337131 0 0.5 p-1 -4275323 1673
379 1759 m1 345396 0 0.5 p-1 -1327027 434
858 1760 m1 347973 -0 0.5 p-1 -263858 70
1231 1762 m1 349900 0 0.5 p-1 -3033 2
323 1764 m1 354784 -0 0.5 p-1 -2769873 907
230 1766 m1 362133 -0 0.5 p-1 -5042123 213
859 1767 m1 362562 0 0.5 p-1 -98052 38
602 1769 m1 368911 0 0.5 p-1 -17308 35
1103 1775 m1 378806 -0 0.5 p-1 -88450 11
728 1776 m1 381713 -0 0.5 p-1 -9276 6
786 1777 m1 382860 0 0.5 p-1 -8070 5
231 1778 m1 385410 0 0.5 p-1 -354858 39
1057 1779 m1 388477 0 0.5 p-1 -162668 14
415 1780 m1 392073 -0 0.5 p-1 -275216 243
67 1782 m1 405431 -0 0.5 p-1 -11436479 1261
328 1785 m1 408472 0 0.5 p-1 -5973361 601
787 1786 m1 412075 0 0.5 p-1 -130285 49
235 1787 m1 412826 0 0.5 p-1 -168446 179
1112 1788 m1 414401 -0 0.5 p-1 -1274 3
330 1789 m1 420468 0 0.5 p-1 -74391 98
775 1790 m1 420789 0 0.5 p-1 -104646 69
562 1793 m1 428124 -0 0.5 p-1 -1395514 209
456 1794 m1 431371 -0 0.5 p-1 -10069500 699
1201 1795 m1 435324 0 0.5 p-1 -11537 5
1266 1796 m1 436768 -0 0.5 p-1 -11169 1
238 1797 m1 436998 -0 0.5 p-1 -953073 352
239 1798 m1 447510 0 0.5 p-1 -7833026 1687
687 1801 m1 450831 0 0.5 p-1 -11309 39
337 1802 m1 458089 0 0.5 p-1 -345913 93
242 1803 m1 458226 0 0.5 p-1 -3001098 1386
382 1804 m1 462452 -0 0.5 p-1 -2697203 335
543 1807 m1 467953 0 0.5 p-1 -3221207 88
783 1808 m1 469217 0 0.5 p-1 -9407 4
565 1811 m1 474607 -0 0.5 p-1 -18317 37
76 1812 m1 476795 -0 0.5 p-1 -1635505 1771
77 1813 m1 478989 -0 0.5 p-1 -2959721 1770
244 1814 m1 480311 -0 0.5 p-1 -4812508 1233
920 1815 m1 480725 -0 0.5 p-1 -4967645 87
78 1817 m1 482535 -0 0.5 p-1 -504293 63
79 1818 m1 484988 -0 0.5 p-1 -3045207 1283
1096 1819 m1 485158 -0 0.5 p-1 -46961 7
246 1821 m1 490141 0 0.5 p-1 -1542951 464
497 1822 m1 491453 0 0.5 p-1 -402433 432
861 1823 m1 492435 0 0.5 p-1 -4893724 112
1048 1824 m1 493788 -0 0.5 p-1 -440295 5
82 1825 m1 497449 -0 0.5 p-1 -6201758 1747
1019 1827 m1 501198 0 0.5 p-1 -15690 18
83 1828 m1 501531 0 0.5 p-1 -4932942 1953
712 1829 m1 504193 -0 0.5 p-1 -588650 73
623 1830 m1 507667 0 0.5 p-1 -3700543 55
88 1832 m1 514416 -0 0.5 p-1 -141143 252
1203 1834 m1 517512 0 0.5 p-1 -25782 1
567 1835 m1 518074 -0 0.5 p-1 -1635362 277
252 1837 m1 521917 -0 0.5 p-1 -4642171 996
90 1841 m1 532100 0 0.5 p-1 -2541188 395
757 1842 m1 532336 0 0.5 p-1 -470566 162
421 1843 m1 533631 -0 0.5 p-1 -8065393 20
422 1845 m1 540530 -0 0.5 p-1 -1077764 528
626 1846 m1 540619 -0 0.5 p-1 -990478 266
94 1848 m1 541388 0 0.5 p-1 -1797644 469
688 1851 m1 548672 0 0.5 p-1 -14626 12
1246 1852 m1 549460 0 0.5 p-1 -44225 2
1091 1853 m1 553646 -0 0.5 p-1 -56387 19
257 1854 m1 553808 -0 0.5 p-1 -1722315 356
338 1856 m1 559817 0 0.5 p-1 -2221483 1095
96 1857 m1 562040 0 0.5 p-1 -7352846 1169
760 1858 m1 562889 -0 0.5 p-1 -329660 92
339 1859 m1 570505 0 0.5 p-1 -484951 497
98 1862 m1 575689 -0 0.5 p-1 -3774186 1351
100 1863 m1 578558 0 0.5 p-1 -1789897 1719
593 1864 m1 580172 0 0.5 p-1 -2837687 198
869 1866 m1 586658 0 0.5 p-1 -62339 17
424 1867 m1 587655 -0 0.5 p-1 -3071557 122
777 1868 m1 588474 0 0.5 p-1 -1174656 28
105 1870 m1 591935 -0 0.5 p-1 -12884303 1934
641 1872 m1 596914 0 0.5 p-1 -342363 66
955 1873 m1 597451 -0 0.5 p-1 -219277 47
108 1875 m1 604906 -0 0.5 p-1 -2298351 531
1145 1876 m1 607956 -0 0.5 p-1 -30192 2
388 1878 m1 608571 -0 0.5 p-1 -542827 282
1195 1879 m1 611759 0 0.5 p-1 -863 5
628 1880 m1 614032 0 0.5 p-1 -12361 17
656 1881 m1 616441 -0 0.5 p-1 -550766 115
342 1882 m1 619352 0 0.5 p-1 -1769676 173
1017 1883 m1 619784 -0 0.5 p-1 -6798 2
680 1884 m1 619963 0 0.5 p-1 -11648 2
1191 1886 m1 620631 -0 0.5 p-1 -26273 1
990 1888 m1 622712 -0 0.5 p-1 -233281 1
703 1890 m1 631560 -0 0.5 p-1 -1142257 94
426 1892 m1 631903 0 0.5 p-1 -80827 197
738 1893 m1 639923 0 0.5 p-1 -98707 41
617 1894 m1 646778 -0 0.5 p-1 -873259 173
1049 1896 m1 649495 0 0.5 p-1 -224827 28
461 1897 m1 652026 -0 0.5 p-1 -256635 73
739 1898 m1 652934 -0 0.5 p-1 -132344 91
838 1900 m1 660163 -0 0.5 p-1 -31709 37
871 1902 m1 661790 -0 0.5 p-1 -277341 26
390 1904 m1 665085 -0 0.5 p-1 -1598231 400
118 1905 m1 673176 0 0.5 p-1 -8016669 1327
482 1907 m1 674681 -0 0.5 p-1 -2581927 650
1267 1908 m1 677273 -0 0.5 p-1 -17647 1
853 1909 m1 677587 -0 0.5 p-1 -4929 5
270 1910 m1 677712 0 0.5 p-1 -611812 687
271 1911 m1 677757 0 0.5 p-1 -4170143 1381
570 1912 m1 679588 -0 0.5 p-1 -932609 445
272 1913 m1 680618 0 0.5 p-1 -10022972 1364
922 1914 m1 682959 -0 0.5 p-1 -7632 5
943 1915 m1 687209 -0 0.5 p-1 -148332 41
742 1916 m1 697441 0 0.5 p-1 -179972 65
430 1917 m1 704876 0 0.5 p-1 -1028538 909
794 1918 m1 705545 0 0.5 p-1 -77759 17
978 1921 m1 708173 0 0.5 p-1 -50805 39
344 1924 m1 716357 0 0.5 p-1 -100622 130
863 1925 m1 717231 0 0.5 p-1 -27642 12
585 1926 m1 718226 0 0.5 p-1 -1261179 148
346 1928 m1 725827 0 0.5 p-1 -97805 28
551 1931 m1 732665 -0 0.5 p-1 -2345974 86
928 1935 m1 736865 0 0.5 p-1 -89814 2
1252 1936 m1 736975 -0 0.5 p-1 -135633 1
432 1937 m1 738990 0 0.5 p-1 -1130083 371
129 1938 m1 739577 0 0.5 p-1 -1893468 493
131 1939 m1 744428 0 0.5 p-1 -7564032 171
132 1940 m1 745513 0 0.5 p-1 -720411 399
279 1943 m1 749180 -0 0.5 p-1 -1762241 505
822 1944 m1 750881 0 0.5 p-1 -60414 25
586 1945 m1 751075 -0 0.5 p-1 -120437 66
133 1946 m1 753030 -0 0.5 p-1 -2634427 729
657 1947 m1 754463 -0 0.5 p-1 -54235 66
681 1949 m1 761503 0 0.5 p-1 -274472 43
1095 1950 m1 762865 0 0.5 p-1 -37625 5
619 1951 m1 766446 -0 0.5 p-1 -93620 76
140 1952 m1 768173 0 0.5 p-1 -2977220 661
522 1953 m1 770363 0 0.5 p-1 -4317945 179
523 1954 m1 771286 -0 0.5 p-1 -319598 105
485 1955 m1 774448 -0 0.5 p-1 -1453991 515
280 1958 m1 786023 -0 0.5 p-1 -701952 252
1146 1960 m1 791913 0 0.5 p-1 -85792 6
281 1961 m1 799962 -0 0.5 p-1 -315127 283
1176 1964 m1 802452 -0 0.5 p-1 -19608 3
905 1965 m1 803192 0 0.5 p-1 -9593 12
644 1966 m1 803292 -0 0.5 p-1 -473713 176
1136 1967 m1 804418 -0 0.5 p-1 -28876 2
282 1968 m1 804992 -0 0.5 p-1 -1028092 431
847 1971 m1 812158 0 0.5 p-1 -28658 66
574 1973 m1 813172 0 0.5 p-1 -39758 33
605 1975 m1 814305 -0 0.5 p-1 -224982 138
148 1977 m1 817257 0 0.5 p-1 -145758 98
149 1981 m1 826078 0 0.5 p-1 -2718832 1524
150 1982 m1 828711 -0 0.5 p-1 -4415521 1283
864 1983 m1 829705 0 0.5 p-1 -135853 69
435 1986 m1 832357 0 0.5 p-1 -224418 411
576 1990 m1 838730 -0 0.5 p-1 -316531 96
286 1991 m1 841020 -0 0.5 p-1 -4177592 283
153 1993 m1 843189 0 0.5 p-1 -8061044 518
504 1994 m1 844065 -0 0.5 p-1 -1949803 316
156 1995 m1 846733 0 0.5 p-1 -4041262 1666
770 1996 m1 852549 -0 0.5 p-1 -320133 124
157 1997 m1 855292 -0 0.5 p-1 -2370745 1393
159 1998 m1 857232 0 0.5 p-1 -1865802 1584
288 2000 m1 861597 0 0.5 p-1 -2232361 266
161 2001 m1 862976 -0 0.5 p-1 -727385 464
724 2002 m1 867971 -0 0.5 p-1 -312968 26
985 2003 m1 869663 -0 0.5 p-1 -253742 7
816 2004 m1 870637 0 0.5 p-1 -11590 6
682 2005 m1 871877 -0 0.5 p-1 -1423987 146
633 2007 m1 877686 -0 0.5 p-1 -231424 208
162 2008 m1 877803 -0 0.5 p-1 -3999196 1340
289 2009 m1 879738 0 0.5 p-1 -3637250 1828
397 2012 m1 883331 0 0.5 p-1 -1601101 374
166 2014 m1 888881 -0 0.5 p-1 -3694910 494
900 2016 m1 892616 0 0.5 p-1 -27553 33
1011 2017 m1 896107 0 0.5 p-1 -140356 4
766 2018 m1 899803 -0 0.5 p-1 -107250 57
171 2019 m1 900799 -0 0.5 p-1 -2693220 1179
293 2020 m1 900957 0 0.5 p-1 -4260224 1340
753 2022 m1 901800 -0 0.5 p-1 -281044 53
525 2024 m1 903370 -0 0.5 p-1 -3018600 285
439 2025 m1 906938 0 0.5 p-1 -2812517 214
174 2026 m1 907348 0 0.5 p-1 -1003738 460
464 2028 m1 916654 0 0.5 p-1 -69834 77
554 2029 m1 918675 0 0.5 p-1 -274431 126
175 2030 m1 918753 0 0.5 p-1 -592205 307
734 2031 m1 927634 -0 0.5 p-1 -349423 96
1080 2033 m1 933751 -0 0.5 p-1 -29706 2
715 2035 m1 939793 0 0.5 p-1 -42852 29
911 2036 m1 940700 -0 0.5 p-1 -219691 63
180 2037 m1 943263 0 0.5 p-1 -6987501 1190
805 2039 m1 944122 -0 0.5 p-1 -5332 4
725 2040 m1 946124 0 0.5 p-1 -106991 130
440 2041 m1 953883 -0 0.5 p-1 -95995 36
298 2044 m1 967504 0 0.5 p-1 -9747784 1479
1044 2045 m1 967717 0 0.5 p-1 -319314 10
186 2047 m1 970468 -0 0.5 p-1 -12530228 1664
893 2050 m1 973613 0 0.5 p-1 -162352 40
188 2051 m1 974344 0 0.5 p-1 -3178898 1494
855 2053 m1 975960 0 0.5 p-1 -38957 18
743 2054 m1 976953 0 0.5 p-1 -56153 38
1032 2057 m1 983326 -0 0.5 p-1 -16671 2
400 2058 m1 983950 -0 0.5 p-1 -9299371 1225
699 2060 m1 987450 0 0.5 p-1 -7224649 123
856 2062 m1 988266 -0 0.5 p-1 -40412 18
919 2063 m1 990374 0 0.5 p-1 -180705 20
358 2064 m1 992159 0 0.5 p-1 -744658 814
194 2065 m1 992306 -0 0.5 p-1 -1181642 745
983 2066 m1 992497 -0 0.5 p-1 -6088 13
