Temp_ID Permanent_ID Mutation_type Position s h Subpop Tick Number
324 0 m2 2733 0.011409116 0.5 p-1 -316850 230
269 2 m2 3763 0.000877694343 0.5 p-1 -3440952 207
663 3 m2 4307 5.70169577e-05 0.5 p-1 -297330 27
222 7 m2 7733 0.0395405218 0.5 p-1 -516992 48
223 9 m2 9239 2.77714498e-05 0.5 p-1 -2500900 845
701 10 m2 9898 0.00115330168 0.5 p-1 -835 10
430 11 m2 11216 -0.000954528863 0.5 p-1 -6180673 242
769 12 m2 11462 0.000482366479 0.5 p-1 -813776 31
144 13 m2 11680 0.00119889888 0.5 p-1 -265600 327
531 14 m2 11754 -1.62098859e-05 0.5 p-1 -6934195 121
352 15 m2 12194 -0.000336386845 0.5 p-1 -560310 240
452 16 m2 12806 -0.0123175457 0.5 p-1 -4164 9
609 17 m2 12818 0.000109705012 0.5 p-1 -505262 43
840 18 m2 14759 0.00787216425 0.5 p-1 -5681 3
1 20 m2 16458 -1.77739441e-08 0.5 p-1 -645413 808
789 21 m2 16861 -0.0291974116 0.5 p-1 -578163 8
790 22 m2 17481 -1.54984064e-05 0.5 p-1 -84043 8
464 23 m2 18141 -1.61252615e-06 0.5 p-1 -1090913 130
782 25 m2 18631 -0.000607556198 0.5 p-1 -494 2
2 27 m2 20229 2.21787741e-05 0.5 p-1 -1612123 835
837 29 m2 20971 0.00943990797 0.5 p-1 -11629 5
394 30 m2 21164 -0.00763435569 0.5 p-1 -1846636 555
453 31 m2 21199 -0.0019359485 0.5 p-1 -718620 191
532 32 m2 21704 -0.00324392645 0.5 p-1 -212372 18
756 33 m2 21778 0.00144178991 0.5 p-1 -72528 33
224 34 m2 24715 2.04250555e-05 0.5 p-1 -1840844 530
4 35 m2 25658 0.00465765316 0.5 p-1 -2753727 406
270 36 m2 26319 -0.000646097993 0.5 p-1 -5518886 604
475 37 m2 26855 -0.000222700968 0.5 p-1 -3617679 319
353 38 m2 27699 -0.00245747413 0.5 p-1 -1751556 124
549 41 m2 30548 -0.000162386146 0.5 p-1 -101336 194
883 43 m2 31789 0.00968882255 0.5 p-1 -219610 11
616 44 m2 32081 -1.32632549e-05 0.5 p-1 -50604 28
145 45 m2 33342 0.000114636918 0.5 p-1 -2445501 441
629 46 m2 33853 -0.0199033991 0.5 p-1 -11217 24
5 47 m2 33907 0.0152705163 0.5 p-1 -5768281 927
821 48 m2 34688 0.00531820813 0.5 p-1 -23218 7
226 50 m2 35375 0.0039409278 0.5 p-1 -192643 49
718 52 m2 36715 0.0290985759 0.5 p-1 -5065 23
228 53 m2 37308 0.00612213416 0.5 p-1 -37681 26
7 56 m2 39382 0.0726653263 0.5 p-1 -2817437 1428
872 57 m2 39657 -0.0108462851 0.5 p-1 -195122 18
8 59 m2 40848 -0.0110787917 0.5 p-1 -6663828 1570
822 60 m2 41267 -0.0807873458 0.5 p-1 -6739 7
9 61 m2 42726 -0.0455099009 0.5 p-1 -1940967 1246
498 64 m2 45330 0.0120786559 0.5 p-1 -287184 319
627 65 m2 45446 -0.0252571758 0.5 p-1 -4920 7
490 67 m2 46493 0.000319999002 0.5 p-1 -754642 214
880 68 m2 46796 0.021318879 0.5 p-1 -7854 1
354 69 m2 48286 0.000333375152 0.5 p-1 -131297 69
692 71 m2 52270 -6.03494072e-07 0.5 p-1 -5743626 102
902 72 m2 52760 -0.00978651736 0.5 p-1 -26857 2
708 73 m2 53907 -0.00146980875 0.5 p-1 -155236 8
881 74 m2 55826 -0.0448808484 0.5 p-1 -53765 8
562 76 m2 57101 -0.00794167537 0.5 p-1 -696031 36
676 77 m2 57212 1.71900263e-06 0.5 p-1 -292827 85
146 79 m2 59648 8.43494519e-09 0.5 p-1 -5464852 707
500 81 m2 62343 -0.0185405035 0.5 p-1 -901552 46
355 82 m2 62792 -0.00749023911 0.5 p-1 -3399133 196
650 83 m2 63241 0.0077798767 0.5 p-1 -52818 19
594 84 m2 65258 0.0372630097 0.5 p-1 -146229 20
271 86 m2 65534 0.00128256448 0.5 p-1 -2593746 989
550 87 m2 66039 -0.00925154518 0.5 p-1 -182872 110
12 88 m2 66554 -1.90344804e-06 0.5 p-1 -772145 759
326 89 m2 66690 -4.71939848e-06 0.5 p-1 -921564 83
441 90 m2 68264 0.0006411348 0.5 p-1 -79655 10
635 91 m2 69188 0.0153242955 0.5 p-1 -77051 8
13 92 m2 71452 1.2712545e-05 0.5 p-1 -2321940 271
533 94 m2 73722 0.00555013958 0.5 p-1 -2377731 119
14 95 m2 73801 -0.00114562549 0.5 p-1 -4011859 705
15 96 m2 74498 0.0374698602 0.5 p-1 -5502619 1525
705 97 m2 77246 -2.40882255e-05 0.5 p-1 -16845 3
524 98 m2 80991 -6.73352531e-07 0.5 p-1 -638904 163
1018 99 m2 82032 0.00175684283 0.5 p-1 -9687 1
466 100 m2 85331 0.00200707559 0.5 p-1 -27600 20
148 101 m2 85794 -0.000815011037 0.5 p-1 -1323780 432
595 102 m2 87008 -0.0218161903 0.5 p-1 -111385 44
303 103 m2 87811 0.00163627241 0.5 p-1 -401339 407
431 104 m2 88949 3.42753192e-05 0.5 p-1 -2987741 127
272 105 m2 89114 0.00398334442 0.5 p-1 -2353810 536
613 106 m2 90748 -0.0128996698 0.5 p-1 -99250 15
814 107 m2 91125 0.0221622828 0.5 p-1 -4559 4
659 108 m2 91351 -1.77203237e-05 0.5 p-1 -509058 39
882 109 m2 91685 0.00279325526 0.5 p-1 -2575 6
17 110 m2 93146 0.000282718596 0.5 p-1 -3580048 1044
983 111 m2 93363 0.0002651127 0.5 p-1 -1951 2
273 112 m2 93672 -0.00651132874 0.5 p-1 -1776373 238
18 114 m2 95621 0.00322825531 0.5 p-1 -3463603 578
19 115 m2 95798 0.000176362591 0.5 p-1 -5488946 596
396 116 m2 96617 -0.0628060848 0.5 p-1 -359932 385
20 117 m2 96984 9.8212302e-05 0.5 p-1 -767226 275
454 118 m2 97839 -1.45567196e-06 0.5 p-1 -3086 4
21 120 m2 99409 -0.00952763855 0.5 p-1 -6359223 1945
22 122 m2 102642 0.00103711523 0.5 p-1 -1075413 1071
23 123 m2 104690 0.0111984452 0.5 p-1 -7277970 1677
501 125 m2 105941 0.00152538053 0.5 p-1 -3599293 63
581 126 m2 106289 -0.00165790739 0.5 p-1 -451798 65
517 127 m2 106844 -0.0182959288 0.5 p-1 -598669 53
150 128 m2 110399 0.00367085193 0.5 p-1 -4363506 626
971 130 m2 111153 -0.00639407011 0.5 p-1 -118 2
1029 131 m2 113338 0.000561347639 0.5 p-1 -53320 1
151 132 m2 113647 -0.0117616756 0.5 p-1 -779122 235
511 133 m2 114952 0.00164174533 0.5 p-1 -225356 38
512 134 m2 116629 0.0047180308 0.5 p-1 -42853 11
24 135 m2 117583 0.0205384418 0.5 p-1 -6399489 1350
25 137 m2 118210 0.00739080459 0.5 p-1 -800348 264
356 139 m2 119763 0.0662101656 0.5 p-1 -1709849 585
26 140 m2 121924 0.0131990658 0.5 p-1 -6000577 800
651 141 m2 123301 0.000819553214 0.5 p-1 -276889 66
357 143 m2 124472 0.0124955988 0.5 p-1 -1176837 142
502 144 m2 128373 0.0632946268 0.5 p-1 -82576 14
327 145 m2 129199 -0.00604721764 0.5 p-1 -179307 58
546 146 m2 129564 0.000123683116 0.5 p-1 -99207 18
28 149 m2 130791 0.0262781344 0.5 p-1 -5530748 643
631 150 m2 135770 -0.000574750942 0.5 p-1 -39380 24
29 152 m2 136193 0.000227993602 0.5 p-1 -13088126 1813
30 155 m2 138965 -7.457425e-06 0.5 p-1 -1521523 374
621 157 m2 140213 6.18445702e-05 0.5 p-1 -74712 51
432 160 m2 144956 0.00184358144 0.5 p-1 -532033 145
776 163 m2 148554 -3.33555909e-05 0.5 p-1 -1838 5
799 166 m2 150709 -2.58180808e-06 0.5 p-1 -187468 4
156 167 m2 152464 0.00236012042 0.5 p-1 -2698710 867
31 168 m2 153969 0.0275094826 0.5 p-1 -9169909 1398
628 171 m2 155224 0.0365222283 0.5 p-1 -100018 61
358 172 m2 155339 0.0059819459 0.5 p-1 -146163 30
398 174 m2 159227 0.0243655965 0.5 p-1 -104551 124
847 176 m2 160946 0.0185310412 0.5 p-1 -39040 22
812 179 m2 163158 1.70897216e-08 0.5 p-1 -40446 5
975 181 m2 164511 -0.00169169845 0.5 p-1 -6548 1
32 182 m2 168333 0.0013262491 0.5 p-1 -514905 465
848 183 m2 168387 0.0221897792 0.5 p-1 -53155 4
33 185 m2 169500 1.73206706e-06 0.5 p-1 -6349872 1278
34 186 m2 170033 0.00100633455 0.5 p-1 -2166707 1374
660 187 m2 170849 0.00121002819 0.5 p-1 -33423 22
716 188 m2 171163 -1.82271069e-08 0.5 p-1 -60560 30
832 189 m2 171964 0.00695588253 0.5 p-1 -9870 2
276 190 m2 171969 -0.000370204099 0.5 p-1 -663044 397
35 191 m2 172404 -0.00131567521 0.5 p-1 -807170 208
476 192 m2 173100 0.0234607067 0.5 p-1 -2367126 406
534 193 m2 175076 0.000369363464 0.5 p-1 -143904 35
946 194 m2 176137 -0.000251996215 0.5 p-1 -7982 1
157 196 m2 180348 -3.6052262e-07 0.5 p-1 -9501530 1174
232 197 m2 180846 0.00091482565 0.5 p-1 -2480768 923
754 198 m2 181366 -0.0276038665 0.5 p-1 -187185 24
234 199 m2 183107 0.00863020029 0.5 p-1 -2590892 613
582 200 m2 183124 0.000810116995 0.5 p-1 -139415 68
1012 201 m2 183629 -0.00781058939 0.5 p-1 -38064 1
277 203 m2 185737 -0.0816929266 0.5 p-1 -807537 104
158 204 m2 188614 1.52920123e-07 0.5 p-1 -2208163 782
278 206 m2 190123 -0.0136568146 0.5 p-1 -1185874 459
989 207 m2 191695 -0.0246065464 0.5 p-1 -36268 1
159 208 m2 192148 2.54709032e-09 0.5 p-1 -197736 47
160 210 m2 193766 -0.0194761194 0.5 p-1 -1712274 893
455 212 m2 199053 -0.000182663178 0.5 p-1 -655360 239
328 213 m2 200428 -0.0331708156 0.5 p-1 -3914795 696
161 214 m2 202457 8.99367751e-06 0.5 p-1 -2061821 127
610 216 m2 207474 -0.000329993811 0.5 p-1 -173482 111
724 217 m2 209796 2.72402795e-05 0.5 p-1 -82432 29
378 218 m2 210564 -0.0003764625 0.5 p-1 -329195 202
976 219 m2 211225 0.00052173686 0.5 p-1 -20343 2
162 221 m2 212772 -0.000215436579 0.5 p-1 -2013025 739
944 222 m2 213023 -0.0128805386 0.5 p-1 -14188 4
783 224 m2 214470 0.0301214997 0.5 p-1 -16260 5
702 225 m2 216005 -6.04223214e-06 0.5 p-1 -5483 14
163 226 m2 216091 0.00341291004 0.5 p-1 -496619 443
784 228 m2 216882 -0.00017279078 0.5 p-1 -238067 50
622 230 m2 225407 0.0116837025 0.5 p-1 -41713 8
164 231 m2 226112 0.0015782048 0.5 p-1 -4703216 1004
547 232 m2 226805 -0.00447926717 0.5 p-1 -50541 39
695 234 m2 229626 -0.0438066572 0.5 p-1 -6311 6
935 235 m2 231678 6.50842685e-06 0.5 p-1 -131987 6
563 236 m2 231790 1.53264864e-06 0.5 p-1 -78922 43
667 237 m2 232581 0.00710115535 0.5 p-1 -36385 9
503 238 m2 233853 -0.0284370445 0.5 p-1 -180754 47
279 242 m2 236952 0.0338531174 0.5 p-1 -1936393 272
689 243 m2 238573 -0.000382260972 0.5 p-1 -78170 34
886 244 m2 238878 0.00614395179 0.5 p-1 -25736 10
717 245 m2 239416 7.53584484e-09 0.5 p-1 -40899 3
235 246 m2 239705 -4.44501438e-06 0.5 p-1 -1126349 836
399 247 m2 241374 0.00332469726 0.5 p-1 -23089 41
923 248 m2 242054 2.34762592e-06 0.5 p-1 -4952 1
236 249 m2 242432 0.000180310395 0.5 p-1 -2082674 507
964 250 m2 243470 0.00310677895 0.5 p-1 -40736 4
641 251 m2 244075 -0.000162687691 0.5 p-1 -1245418 88
559 252 m2 244267 -0.00415881164 0.5 p-1 -35996 13
165 253 m2 245114 -2.49592563e-06 0.5 p-1 -2983955 1018
927 254 m2 246163 2.58815261e-11 0.5 p-1 -38651 8
237 255 m2 246720 -0.0137406448 0.5 p-1 -393141 211
166 256 m2 247888 3.93827322e-05 0.5 p-1 -2358893 818
167 257 m2 248418 0.000948588713 0.5 p-1 -2594799 655
758 258 m2 250743 -0.000267446536 0.5 p-1 -589427 17
858 261 m2 252681 0.000890830241 0.5 p-1 -27153 2
644 262 m2 253239 -0.020112792 0.5 p-1 -12288 7
649 263 m2 253412 0.00244270056 0.5 p-1 -8668 19
767 266 m2 253956 -0.00936031342 0.5 p-1 -11697 7
280 267 m2 255149 7.26574808e-06 0.5 p-1 -39475 3
868 268 m2 258400 -0.00102801248 0.5 p-1 -17257 4
37 269 m2 258849 0.00136012351 0.5 p-1 -4183838 1081
749 270 m2 259465 0.000132180227 0.5 p-1 -10353 20
987 272 m2 263979 0.00251649437 0.5 p-1 -13924 1
38 273 m2 264435 -0.0183049757 0.5 p-1 -1173213 77
39 274 m2 265121 -0.0046279938 0.5 p-1 -2568639 1869
40 275 m2 269899 -0.000317022728 0.5 p-1 -3821532 1507
306 276 m2 270763 -0.00300812139 0.5 p-1 -326420 270
491 277 m2 271037 0.0116819954 0.5 p-1 -269630 51
307 279 m2 273219 0.000219564521 0.5 p-1 -1041852 211
400 282 m2 274116 -4.08394335e-05 0.5 p-1 -219512 76
329 283 m2 278486 8.71672182e-06 0.5 p-1 -67575 61
1000 284 m2 278493 -1.91724866e-05 0.5 p-1 -167227 1
168 285 m2 278825 -0.0474157557 0.5 p-1 -755321 655
41 286 m2 279257 0.00844830927 0.5 p-1 -1454453 299
238 287 m2 280229 -2.6687735e-07 0.5 p-1 -1149626 202
860 288 m2 281289 0.00187447795 0.5 p-1 -22 3
682 290 m2 283697 1.19970741e-06 0.5 p-1 -10196 3
42 291 m2 284135 -0.0206011962 0.5 p-1 -475985 192
43 292 m2 285774 -0.00332982047 0.5 p-1 -3181563 823
918 293 m2 286841 -0.00706013292 0.5 p-1 -8982 2
770 294 m2 287598 -0.00208429969 0.5 p-1 -130393 12
771 296 m2 290735 -0.00168301933 0.5 p-1 -5454 6
704 298 m2 291306 -0.0234923791 0.5 p-1 -261596 51
434 300 m2 295463 -0.00351430895 0.5 p-1 -1968507 237
169 301 m2 295711 0.040438436 0.5 p-1 -1593050 859
741 302 m2 295758 0.00195812248 0.5 p-1 -242550 51
478 303 m2 296276 -4.9590094e-06 0.5 p-1 -1630447 125
951 304 m2 296744 0.0161158275 0.5 p-1 -77786 4
443 305 m2 298935 0.0048434427 0.5 p-1 -19274 17
802 306 m2 299202 3.23309344e-08 0.5 p-1 -113473 11
590 307 m2 299695 -0.0193848107 0.5 p-1 -149447 34
170 308 m2 300084 -0.000102932929 0.5 p-1 -1603922 163
892 309 m2 301076 0.0113645047 0.5 p-1 -1471 3
44 310 m2 303142 -0.00348963053 0.5 p-1 -4475419 1741
45 311 m2 303652 0.0135817062 0.5 p-1 -3139118 1516
838 312 m2 303824 0.00256136386 0.5 p-1 -44699 14
957 314 m2 308668 0.00179996167 0.5 p-1 -6881 2
46 316 m2 309581 0.0293374248 0.5 p-1 -1832148 687
47 317 m2 311032 -0.0008288885 0.5 p-1 -1484264 686
48 318 m2 312105 7.49399769e-05 0.5 p-1 -337416 210
49 320 m2 313220 0.0528470129 0.5 p-1 -1792584 1900
504 321 m2 316109 -0.00606174069 0.5 p-1 -712246 260
281 322 m2 318429 -0.000846028386 0.5 p-1 -8390409 1110
379 323 m2 318974 0.00214990764 0.5 p-1 -981333 236
51 324 m2 320215 0.000379777048 0.5 p-1 -7848106 1942
52 325 m2 323025 -0.000573661877 0.5 p-1 -2897915 1359
1005 326 m2 323289 0.00305528753 0.5 p-1 -5862 1
606 327 m2 326555 -4.11204128e-05 0.5 p-1 -832970 116
775 328 m2 330021 0.00610688655 0.5 p-1 -61117 13
921 329 m2 330495 -0.0033646042 0.5 p-1 -2530 1
53 330 m2 332473 -0.00157085515 0.5 p-1 -1186415 1190
54 331 m2 334128 -0.000213001229 0.5 p-1 -4449919 862
714 332 m2 335499 0.000153589805 0.5 p-1 -3388 9
965 334 m2 337208 -1.59284755e-05 0.5 p-1 -7401 3
282 335 m2 337321 0.0115676438 0.5 p-1 -7213368 944
435 336 m2 341824 -0.000918260019 0.5 p-1 -651781 54
773 338 m2 346083 0.00341682625 0.5 p-1 -1677962 6
564 339 m2 346435 0.000986788538 0.5 p-1 -74975 50
309 340 m2 346705 -0.000801372284 0.5 p-1 -341683 386
914 342 m2 348939 0.00799590442 0.5 p-1 -10557 5
1003 344 m2 352712 0.000535439525 0.5 p-1 -3649 2
57 345 m2 353156 -0.00622931588 0.5 p-1 -239280 55
58 346 m2 354377 0.00327665335 0.5 p-1 -7268864 1828
719 347 m2 354630 0.000805817428 0.5 p-1 -452646 32
467 349 m2 354980 0.00678367354 0.5 p-1 -109228 13
239 350 m2 355936 -0.00908090174 0.5 p-1 -194791 182
408 351 m2 360030 -0.0132273966 0.5 p-1 -720516 49
436 352 m2 360760 -0.0276875496 0.5 p-1 -1867269 362
997 353 m2 361700 -0.00115484453 0.5 p-1 -5532 1
596 354 m2 363450 0.000930686831 0.5 p-1 -24505 2
844 356 m2 368347 -0.0150450226 0.5 p-1 -117607 15
173 357 m2 368960 -9.94432121e-05 0.5 p-1 -275969 58
583 359 m2 370877 1.75344965e-07 0.5 p-1 -1026976 148
642 360 m2 371611 -0.000951295777 0.5 p-1 -100660 55
709 361 m2 373044 -0.0538488589 0.5 p-1 -27813 11
909 362 m2 374524 0.00947205722 0.5 p-1 -5140 11
1009 363 m2 375638 0.00459105987 0.5 p-1 -1155 1
889 364 m2 377475 -0.000168736326 0.5 p-1 -21732 19
240 366 m2 380710 -0.0164647512 0.5 p-1 -308022 78
520 368 m2 384315 0.00753063615 0.5 p-1 -1766111 16
947 370 m2 388870 -0.0707843676 0.5 p-1 -11113 1
381 371 m2 389587 -0.00344466488 0.5 p-1 -216300 147
283 373 m2 392756 0.011939357 0.5 p-1 -863397 139
655 374 m2 393594 1.3466336e-05 0.5 p-1 -48391 19
865 376 m2 397462 0.0228050873 0.5 p-1 -313605 33
614 378 m2 397765 -2.73195164e-05 0.5 p-1 -14100 18
924 379 m2 399307 0.0104934433 0.5 p-1 -10502 2
584 382 m2 400670 -0.0183801632 0.5 p-1 -263171 52
824 384 m2 401654 0.00659902161 0.5 p-1 -5121 4
853 388 m2 406549 0.0171784088 0.5 p-1 -16077 16
851 389 m2 407670 0.0207008775 0.5 p-1 -750489 5
63 390 m2 407753 0.00134089764 0.5 p-1 -3307171 1192
544 391 m2 408104 -0.0232908484 0.5 p-1 -56407 56
938 393 m2 410103 -0.00126964226 0.5 p-1 -42296 6
361 394 m2 410903 -0.00826306269 0.5 p-1 -125719 74
823 397 m2 413340 -0.0130104022 0.5 p-1 -66012 49
362 398 m2 413403 0.00337931653 0.5 p-1 -1276515 650
409 400 m2 415520 0.000164149606 0.5 p-1 -155919 60
468 401 m2 416653 0.000460197625 0.5 p-1 -672590 64
565 402 m2 418352 0.0188034587 0.5 p-1 -116933 27
645 403 m2 418604 -0.000811746868 0.5 p-1 -24293 25
363 404 m2 419080 -0.00389749417 0.5 p-1 -1453816 264
816 405 m2 419987 -0.029021414 0.5 p-1 -173588 14
174 408 m2 430414 -0.000990826986 0.5 p-1 -1413292 225
176 409 m2 431621 -0.000136254384 0.5 p-1 -6977541 308
961 410 m2 432897 0.00750885252 0.5 p-1 -1446563 4
552 411 m2 436617 4.08251992e-07 0.5 p-1 -242830 66
755 412 m2 437873 -0.000223378636 0.5 p-1 -44833 13
673 413 m2 438331 0.0191594958 0.5 p-1 -85428 94
541 414 m2 438381 -0.0129978601 0.5 p-1 -22681 15
697 415 m2 438523 -0.00129487854 0.5 p-1 -138372 61
284 416 m2 439585 0.000503074029 0.5 p-1 -1038300 149
64 418 m2 442829 -0.0124219675 0.5 p-1 -2624941 520
411 420 m2 447811 -0.0189819299 0.5 p-1 -927241 171
636 421 m2 450426 0.00896577258 0.5 p-1 -67423 69
422 422 m2 451044 -3.80637721e-05 0.5 p-1 -127452 46
310 423 m2 452255 2.74941613e-05 0.5 p-1 -2984665 234
65 424 m2 453329 0.0437704585 0.5 p-1 -355643 40
915 425 m2 455066 -0.00206227298 0.5 p-1 -4166 4
733 426 m2 455806 0.000633746269 0.5 p-1 -75782 37
521 427 m2 458337 4.5988906e-09 0.5 p-1 -491421 52
66 428 m2 459359 -0.0270289797 0.5 p-1 -3256977 1892
241 430 m2 461822 -0.00724821212 0.5 p-1 -2425821 424
834 432 m2 463170 0.00412501441 0.5 p-1 -382777 16
680 433 m2 465038 0.0054208925 0.5 p-1 -49421 27
178 435 m2 465420 -0.0242811646 0.5 p-1 -1761060 1782
653 437 m2 468050 -5.29997706e-05 0.5 p-1 -24240 22
698 438 m2 469154 0.057031326 0.5 p-1 -161827 44
179 441 m2 470237 -0.00225866633 0.5 p-1 -4511527 492
180 442 m2 470300 -0.00578032294 0.5 p-1 -3151093 812
423 443 m2 470534 -0.0399419107 0.5 p-1 -266902 248
424 444 m2 470908 0.092285648 0.5 p-1 -1700477 246
854 447 m2 474680 0.0263436288 0.5 p-1 -638 9
181 448 m2 474716 0.0124069294 0.5 p-1 -251416 100
740 449 m2 478883 0.00336553552 0.5 p-1 -12249 40
67 450 m2 480452 0.0208507534 0.5 p-1 -6829841 1592
242 451 m2 481867 -0.0265835151 0.5 p-1 -3662443 968
577 453 m2 483073 -1.63304253e-06 0.5 p-1 -230718 62
726 454 m2 483250 0.000433654001 0.5 p-1 -65756 18
182 456 m2 488262 0.0179942753 0.5 p-1 -3421864 1557
68 457 m2 489863 0.0218505021 0.5 p-1 -844634 960
1001 458 m2 490974 -0.00511540892 0.5 p-1 -34667 3
972 459 m2 491266 0.000145744954 0.5 p-1 -6079 1
536 460 m2 491668 0.00233774795 0.5 p-1 -63121 52
364 461 m2 494694 -0.00724331336 0.5 p-1 -54668 63
469 462 m2 495334 0.000252813916 0.5 p-1 -1054809 230
664 464 m2 496016 4.01713078e-05 0.5 p-1 -88981 55
480 466 m2 496812 0.00346389506 0.5 p-1 -2031944 22
69 467 m2 496840 0.000198444468 0.5 p-1 -3509341 1978
575 468 m2 497736 0.0458887294 0.5 p-1 -812249 84
243 469 m2 499647 0.000212692248 0.5 p-1 -173378 223
920 471 m2 499920 0.00447421288 0.5 p-1 -9313 5
70 473 m2 503312 -0.00126682315 0.5 p-1 -2381886 1551
637 474 m2 503674 -0.0080655301 0.5 p-1 -14347 21
184 475 m2 505007 -3.25442966e-06 0.5 p-1 -296410 71
560 477 m2 508427 -0.00011962853 0.5 p-1 -1004740 185
457 478 m2 508502 -1.59969422e-05 0.5 p-1 -23890 8
186 480 m2 509536 -0.00052212656 0.5 p-1 -1114365 398
732 481 m2 510694 3.891505e-06 0.5 p-1 -42737 3
561 482 m2 513383 -0.0185303129 0.5 p-1 -156635 30
312 484 m2 514370 0.000326370937 0.5 p-1 -269800 29
71 488 m2 515304 -0.00666274549 0.5 p-1 -2385024 153
187 489 m2 516334 1.53683668e-05 0.5 p-1 -91760 241
506 490 m2 519432 0.00127601984 0.5 p-1 -156086 50
365 491 m2 519711 -0.0214302298 0.5 p-1 -533827 411
952 492 m2 520276 -0.00609888881 0.5 p-1 -11535 5
73 493 m2 520457 0.0233902726 0.5 p-1 -1149640 509
736 494 m2 521846 0.000492386986 0.5 p-1 -49162 11
74 495 m2 522384 -0.00662560761 0.5 p-1 -1925014 694
919 496 m2 522460 -0.000172558037 0.5 p-1 -15087 13
470 497 m2 523677 -1.66002337e-05 0.5 p-1 -1450600 72
313 499 m2 525074 -0.0118630752 0.5 p-1 -60360 114
189 501 m2 528384 0.0170648862 0.5 p-1 -1863877 469
617 502 m2 528651 0.0091086328 0.5 p-1 -68478 11
861 503 m2 529086 -0.000943873078 0.5 p-1 -2302551 24
366 505 m2 529757 -3.61830425e-05 0.5 p-1 -304123 218
75 506 m2 530126 -1.0044042e-05 0.5 p-1 -1641296 314
425 507 m2 532611 0.0134829162 0.5 p-1 -1626592 267
774 508 m2 533331 0.00036081014 0.5 p-1 -13253 6
336 509 m2 533920 4.93446714e-05 0.5 p-1 -725598 361
618 510 m2 539195 0.000249848963 0.5 p-1 -11832 7
913 512 m2 539644 0.00210192427 0.5 p-1 -113846 12
745 515 m2 541021 0.0351744518 0.5 p-1 -66591 18
77 516 m2 541194 -2.60029628e-05 0.5 p-1 -1745906 941
78 518 m2 542592 0.000920110964 0.5 p-1 -2896965 1428
863 519 m2 542884 -0.0112457732 0.5 p-1 -2398 7
245 520 m2 543344 4.81993254e-07 0.5 p-1 -1697510 675
246 521 m2 544057 -6.54263131e-05 0.5 p-1 -9430907 524
79 522 m2 544205 0.000416584691 0.5 p-1 -4204161 495
638 524 m2 545315 -0.00844345614 0.5 p-1 -51767 20
639 525 m2 545398 0.0030311069 0.5 p-1 -1245638 42
864 526 m2 546393 0.000496530265 0.5 p-1 -3139 7
80 527 m2 546643 5.95949859e-05 0.5 p-1 -1170513 341
624 528 m2 546947 0.00371795497 0.5 p-1 -225373 29
285 529 m2 549759 0.020041436 0.5 p-1 -291197 37
768 530 m2 551161 -0.00595295522 0.5 p-1 -28988 14
875 531 m2 552051 -0.00466594286 0.5 p-1 -13183 3
569 532 m2 552209 5.41770751e-05 0.5 p-1 -175485 44
337 534 m2 553944 -4.78201036e-05 0.5 p-1 -892634 203
599 537 m2 557800 0.00131352956 0.5 p-1 -2431504 121
81 538 m2 559344 0.0112913167 0.5 p-1 -7192301 1515
992 539 m2 559392 -0.000426823884 0.5 p-1 -221 5
401 540 m2 559865 -7.10777458e-05 0.5 p-1 -365506 280
82 541 m2 560027 6.65426205e-06 0.5 p-1 -4773371 1260
759 543 m2 561162 -0.000161798409 0.5 p-1 -126977 6
84 544 m2 563801 -0.00155636144 0.5 p-1 -150280 87
760 545 m2 564495 0.00061398797 0.5 p-1 -11168 4
778 547 m2 565746 -0.00788598973 0.5 p-1 -4612 3
192 548 m2 566040 1.28710394e-06 0.5 p-1 -1506361 488
943 549 m2 566358 0.00389267481 0.5 p-1 -13522 6
85 550 m2 566613 2.95576683e-05 0.5 p-1 -7951810 1711
607 551 m2 568491 -0.00128102896 0.5 p-1 -51131 7
193 552 m2 569921 0.000774007698 0.5 p-1 -1759565 1224
700 553 m2 570820 4.09450642e-08 0.5 p-1 -651607 16
662 554 m2 573720 -0.00938951317 0.5 p-1 -91547 10
585 555 m2 574952 -0.00708917808 0.5 p-1 -106657 62
287 557 m2 576532 0.000280563923 0.5 p-1 -3038258 605
86 559 m2 576909 -0.00519754319 0.5 p-1 -1163676 637
979 560 m2 577065 0.000650958682 0.5 p-1 -1951 2
827 563 m2 583590 0.00159927807 0.5 p-1 -28608 11
537 565 m2 584460 -0.0328705236 0.5 p-1 -7720 7
314 567 m2 585952 0.0150686018 0.5 p-1 -173348 149
523 570 m2 588588 -1.04538071e-06 0.5 p-1 -1057743 41
665 572 m2 591751 -0.00523560029 0.5 p-1 -32774 27
87 573 m2 593599 -0.00707698241 0.5 p-1 -1257995 649
734 574 m2 595198 0.00488949381 0.5 p-1 -7028 3
247 575 m2 599315 -0.00410773978 0.5 p-1 -1141704 435
338 577 m2 600428 -0.0010218306 0.5 p-1 -56043 96
526 578 m2 600559 -1.54297704e-05 0.5 p-1 -2899 5
194 579 m2 603438 -5.15819784e-06 0.5 p-1 -1126591 742
289 582 m2 604369 -1.67398861e-09 0.5 p-1 -3942833 414
89 583 m2 605647 -0.00193611439 0.5 p-1 -2662810 1869
290 584 m2 605847 9.7157681e-08 0.5 p-1 -530201 106
248 586 m2 609596 -4.68367123e-10 0.5 p-1 -346327 474
962 587 m2 612948 -0.0569901429 0.5 p-1 -23574 1
90 588 m2 613327 -0.00765424455 0.5 p-1 -4436829 897
648 589 m2 613356 -0.000290005468 0.5 p-1 -402947 43
949 590 m2 614135 -0.00125319336 0.5 p-1 -8659 4
757 591 m2 617626 -0.00333782984 0.5 p-1 -6389 6
980 592 m2 617756 -0.000156274356 0.5 p-1 -1710 1
91 593 m2 618132 -0.00296905893 0.5 p-1 -8214383 1735
751 594 m2 619400 -0.0421954505 0.5 p-1 -56628 15
339 595 m2 619849 -0.019916568 0.5 p-1 -666291 500
538 597 m2 624559 0.000143003694 0.5 p-1 -73456 46
539 599 m2 627834 0.000914142583 0.5 p-1 -83051 43
958 601 m2 628064 -0.00176572276 0.5 p-1 -5779 1
93 602 m2 628276 -0.0341329388 0.5 p-1 -8262894 1493
195 604 m2 632040 0.000354535587 0.5 p-1 -1942168 660
849 606 m2 634941 0.0515673049 0.5 p-1 -246 9
985 608 m2 636171 -7.17500661e-05 0.5 p-1 -6476 1
542 609 m2 637135 -0.00362875452 0.5 p-1 -23225 12
315 612 m2 638647 -0.020813942 0.5 p-1 -737567 179
929 613 m2 638729 0.0012577048 0.5 p-1 -21256 7
578 615 m2 640103 -0.0265656617 0.5 p-1 -28408 19
94 616 m2 640503 0.00178201566 0.5 p-1 -1448048 518
95 617 m2 640781 1.04443309e-07 0.5 p-1 -6348738 1134
96 618 m2 640933 0.0467551351 0.5 p-1 -5771614 1597
197 619 m2 641767 -0.0091886837 0.5 p-1 -2289010 1356
801 621 m2 642599 2.72921682e-07 0.5 p-1 -197992 6
684 622 m2 645219 -0.00732501131 0.5 p-1 -301937 17
841 623 m2 646369 -0.000557106512 0.5 p-1 -32553 1
317 624 m2 646479 2.00258619e-05 0.5 p-1 -429688 166
426 625 m2 648067 -0.00229478604 0.5 p-1 -188572 40
984 626 m2 649065 -0.0502193384 0.5 p-1 -61411 1
843 627 m2 649293 0.00147516595 0.5 p-1 -6262 4
693 629 m2 649345 0.000792732462 0.5 p-1 -69283 12
785 630 m2 650814 2.53727399e-06 0.5 p-1 -8895 2
803 633 m2 653463 -0.000718894706 0.5 p-1 -52491 8
249 634 m2 654618 -0.000494922162 0.5 p-1 -742930 262
98 635 m2 654935 -0.0211215541 0.5 p-1 -4668382 707
198 636 m2 656141 0.00390347349 0.5 p-1 -1775374 721
384 637 m2 656800 1.02937679e-06 0.5 p-1 -1624295 238
781 638 m2 658014 -1.03977463e-05 0.5 p-1 -10374 5
681 639 m2 660468 0.0509819649 0.5 p-1 -55894 36
340 642 m2 661345 0.000276079547 0.5 p-1 -1631243 336
857 643 m2 663920 0.000114164766 0.5 p-1 -8473 5
715 644 m2 665206 -1.88047397e-05 0.5 p-1 -67393 28
367 645 m2 666959 0.0422285497 0.5 p-1 -41076 34
493 648 m2 669538 -0.0111716613 0.5 p-1 -732361 108
292 650 m2 677256 0.0210260376 0.5 p-1 -249306 19
779 651 m2 677311 0.00237888983 0.5 p-1 -29615 19
668 652 m2 678431 -0.00967628602 0.5 p-1 -474899 38
99 653 m2 678894 1.93740707e-05 0.5 p-1 -6312897 1013
318 654 m2 680240 -0.0250930469 0.5 p-1 -392521 224
100 655 m2 680770 -0.00156975258 0.5 p-1 -1836607 130
402 656 m2 682180 0.0133458972 0.5 p-1 -153159 181
528 658 m2 683889 1.40571592e-06 0.5 p-1 -279248 8
795 659 m2 684010 -0.0155678857 0.5 p-1 -1557 7
1021 660 m2 684529 0.00141455024 0.5 p-1 -8334 1
251 664 m2 687516 0.0116677079 0.5 p-1 -694504 48
939 665 m2 688403 -0.016267065 0.5 p-1 -1906 1
744 666 m2 690015 -0.00154298963 0.5 p-1 -27386 4
586 667 m2 690695 0.038022574 0.5 p-1 -45984 16
101 668 m2 693473 3.64326697e-05 0.5 p-1 -4486280 658
576 669 m2 695103 0.0342869796 0.5 p-1 -221607 221
199 671 m2 695390 -0.0135274064 0.5 p-1 -11104626 512
514 672 m2 695629 -0.0468397886 0.5 p-1 -160033 30
600 674 m2 697467 -0.0396121182 0.5 p-1 -196946 108
669 675 m2 700015 -0.000214881031 0.5 p-1 -12098 4
720 676 m2 701127 0.0188568719 0.5 p-1 -13381 20
570 677 m2 701308 0.000200165174 0.5 p-1 -115141 25
102 679 m2 702906 -0.000451615517 0.5 p-1 -5023432 1070
1022 681 m2 703828 -1.51726772e-06 0.5 p-1 -133901 2
293 686 m2 709481 0.00986170117 0.5 p-1 -3935873 601
103 688 m2 711392 0.000964233594 0.5 p-1 -1157355 925
343 690 m2 712948 -0.000583995774 0.5 p-1 -319774 180
201 691 m2 714091 0.00808637775 0.5 p-1 -8022084 1795
104 692 m2 718129 0.0247128196 0.5 p-1 -1188805 220
937 693 m2 719867 7.63202552e-05 0.5 p-1 -301 3
294 694 m2 721349 -0.00450715842 0.5 p-1 -4379689 275
685 695 m2 722578 -0.000738305622 0.5 p-1 -520892 105
385 696 m2 723261 0.000190611987 0.5 p-1 -391944 90
608 697 m2 723834 3.39041217e-09 0.5 p-1 -285665 50
507 698 m2 724031 -0.00425077369 0.5 p-1 -473970 47
413 699 m2 724451 -0.0418340638 0.5 p-1 -421004 133
414 700 m2 725278 -0.000341991312 0.5 p-1 -4711882 296
295 701 m2 727878 -0.000244177587 0.5 p-1 -1481577 1029
254 702 m2 727931 0.0719712153 0.5 p-1 -2773324 320
108 705 m2 729471 -6.51956507e-05 0.5 p-1 -1144284 413
439 706 m2 729564 0.003802252 0.5 p-1 -283788 62
721 709 m2 730693 0.0108861402 0.5 p-1 -28011 13
828 710 m2 731187 -0.00691362051 0.5 p-1 -11200 8
555 711 m2 731427 -0.00293906289 0.5 p-1 -38381 39
319 712 m2 732603 -1.98794908e-07 0.5 p-1 -172142 153
703 713 m2 733779 5.60566223e-05 0.5 p-1 -260659 72
897 715 m2 735727 -0.00290145306 0.5 p-1 -121250 3
813 716 m2 736038 0.00994836539 0.5 p-1 -6333 10
109 719 m2 738642 -0.0177562647 0.5 p-1 -4555444 507
386 720 m2 738879 -6.52884555e-05 0.5 p-1 -3847711 303
110 721 m2 739219 0.0158553887 0.5 p-1 -66004 25
111 722 m2 740737 -6.01187785e-05 0.5 p-1 -5116625 1833
887 723 m2 740976 0.000468891114 0.5 p-1 -14654 14
633 724 m2 741223 -0.0165199675 0.5 p-1 -196088 101
387 725 m2 742053 -0.0048453263 0.5 p-1 -363576 95
403 726 m2 742476 9.7671915e-09 0.5 p-1 -2052567 583
675 728 m2 743009 -0.000999826705 0.5 p-1 -395251 30
940 729 m2 743714 0.00102290115 0.5 p-1 -41095 1
112 730 m2 743889 -0.00268483581 0.5 p-1 -1269553 757
203 731 m2 745391 5.64562652e-05 0.5 p-1 -2895932 1124
866 732 m2 746446 -0.0338704586 0.5 p-1 -68474 4
113 733 m2 747487 0.000812527898 0.5 p-1 -798700 448
369 734 m2 748824 -0.00894268509 0.5 p-1 -680089 43
114 736 m2 749940 6.37133581e-08 0.5 p-1 -6152355 1386
204 737 m2 750605 -0.000182490025 0.5 p-1 -2348686 492
296 738 m2 751436 0.00127815129 0.5 p-1 -4997494 507
297 739 m2 751472 0.0220219176 0.5 p-1 -4577932 415
205 740 m2 751777 -0.00978808384 0.5 p-1 -2887191 852
867 741 m2 754403 0.0821118504 0.5 p-1 -37173 5
672 743 m2 755669 0.000107633336 0.5 p-1 -31261 6
485 745 m2 756600 0.000559688779 0.5 p-1 -533759 108
206 746 m2 756839 -0.00170737307 0.5 p-1 -7068 9
486 748 m2 759501 -1.35420241e-05 0.5 p-1 -7260193 47
115 751 m2 760848 -0.0167377405 0.5 p-1 -3054731 1763
370 752 m2 761859 -0.012881442 0.5 p-1 -2304920 112
415 754 m2 762837 0.00367697468 0.5 p-1 -442453 42
207 755 m2 762840 0.0164361019 0.5 p-1 -4624374 859
208 758 m2 764816 0.000146900536 0.5 p-1 -256768 66
956 759 m2 765942 0.00215246389 0.5 p-1 -3236 3
786 761 m2 767038 -0.000770234969 0.5 p-1 -2913 7
416 763 m2 767982 0.00067749602 0.5 p-1 -217910 140
829 764 m2 768836 -0.00166917476 0.5 p-1 -489197 9
117 766 m2 770344 -0.000535166881 0.5 p-1 -461478 106
890 767 m2 770701 -0.00826862734 0.5 p-1 -212732 4
974 768 m2 771261 -7.98490692e-06 0.5 p-1 -4604 2
404 769 m2 771315 -0.00068545586 0.5 p-1 -291269 285
686 770 m2 772669 1.64042967e-06 0.5 p-1 -50208 9
428 771 m2 773355 0.000143825542 0.5 p-1 -1407950 164
973 772 m2 774049 0.0561411716 0.5 p-1 -88996 2
256 773 m2 774111 0.0196008384 0.5 p-1 -98422 39
898 776 m2 775153 -0.00948719587 0.5 p-1 -553774 6
928 777 m2 776705 -0.00225581159 0.5 p-1 -19152 4
118 778 m2 778463 0.108485639 0.5 p-1 -135723 163
657 779 m2 778501 0.000303456356 0.5 p-1 -1045 16
855 780 m2 783351 0.0014307939 0.5 p-1 -6418 6
320 781 m2 783823 -0.00255253655 0.5 p-1 -543290 377
981 782 m2 783921 -0.00627761567 0.5 p-1 -14319 3
487 783 m2 784179 -0.0351620018 0.5 p-1 -239271 179
119 784 m2 792737 -0.000158520852 0.5 p-1 -2048530 680
819 785 m2 794006 -0.0445655733 0.5 p-1 -24726 7
120 786 m2 794192 9.41804103e-07 0.5 p-1 -1382169 882
905 787 m2 795037 -1.74761481e-05 0.5 p-1 -3307 4
817 788 m2 796916 -0.00661902782 0.5 p-1 -73890 13
895 789 m2 797860 0.0983862802 0.5 p-1 -1072659 5
209 790 m2 799524 0.0175337326 0.5 p-1 -1952245 414
963 791 m2 799691 -0.00513096293 0.5 p-1 -3132 4
494 793 m2 800242 7.32799754e-06 0.5 p-1 -137096 80
371 795 m2 802288 -0.0360546485 0.5 p-1 -772626 211
891 796 m2 803034 0.000156879643 0.5 p-1 -17828 7
390 797 m2 803359 -3.64523294e-06 0.5 p-1 -561927 95
926 799 m2 805447 -1.1896891e-05 0.5 p-1 -19849 1
344 800 m2 805487 0.000171822219 0.5 p-1 -374918 201
597 801 m2 805936 0.0151943043 0.5 p-1 -299046 84
619 802 m2 805960 -0.00254599773 0.5 p-1 -548450 43
556 803 m2 806478 -0.00405433122 0.5 p-1 -22464 16
869 804 m2 807365 -0.0248773862 0.5 p-1 -566579 5
210 805 m2 807897 0.0666253939 0.5 p-1 -1404856 123
874 806 m2 808699 0.0150679769 0.5 p-1 -9458 3
991 807 m2 808944 7.00330784e-05 0.5 p-1 -394330 4
460 808 m2 811305 -3.93256386e-07 0.5 p-1 -113873 55
766 810 m2 815146 0.000362620398 0.5 p-1 -73622 22
508 811 m2 815703 7.18969068e-06 0.5 p-1 -3075893 308
960 812 m2 817167 0.00170039106 0.5 p-1 -11912 4
567 813 m2 817227 -5.86167371e-05 0.5 p-1 -102055 37
688 814 m2 820734 -0.00106750964 0.5 p-1 -6743 3
259 815 m2 821836 0.00180066214 0.5 p-1 -3402906 889
731 816 m2 826897 -0.0421794578 0.5 p-1 -14557 6
372 817 m2 827338 -0.000498951413 0.5 p-1 -1186359 340
373 818 m2 828206 5.80834183e-07 0.5 p-1 -376144 232
488 819 m2 828448 -0.0130137661 0.5 p-1 -956067 199
846 821 m2 829897 0.000167033591 0.5 p-1 -60516 7
260 822 m2 830174 -0.032024011 0.5 p-1 -2242036 767
261 823 m2 831213 0.0425222665 0.5 p-1 -1051999 545
646 825 m2 833301 1.21769363e-05 0.5 p-1 -32302 7
299 826 m2 834262 -0.00121649588 0.5 p-1 -516179 48
124 828 m2 836057 -1.99537444e-05 0.5 p-1 -2450072 879
647 829 m2 836359 2.68897429e-06 0.5 p-1 -42818 22
262 831 m2 837178 0.00792334601 0.5 p-1 -1315665 250
321 832 m2 837249 0.013825885 0.5 p-1 -32138 41
545 834 m2 837337 6.05493187e-06 0.5 p-1 -149223 116
126 835 m2 837845 0.000527725904 0.5 p-1 -8098656 840
934 836 m2 839512 0.0173488129 0.5 p-1 -17615 2
263 837 m2 839640 0.00858117919 0.5 p-1 -729582 269
746 839 m2 840380 -0.0428453796 0.5 p-1 -13111 12
587 840 m2 841569 0.00286909915 0.5 p-1 -148055 71
449 841 m2 841720 -0.00407837471 0.5 p-1 -74019 58
557 843 m2 843989 -0.0544229709 0.5 p-1 -121106 49
417 844 m2 844041 0.00062966533 0.5 p-1 -1354483 215
900 845 m2 844214 2.48478329e-07 0.5 p-1 -2734 3
127 846 m2 845476 0.000191635729 0.5 p-1 -2320162 1683
128 848 m2 847414 1.72712225e-05 0.5 p-1 -6091874 1679
345 849 m2 849080 -0.00781025644 0.5 p-1 -1813292 226
793 850 m2 849081 9.71135887e-05 0.5 p-1 -13148 7
592 851 m2 849629 0.000283470319 0.5 p-1 -17088 8
346 855 m2 852013 0.000930215872 0.5 p-1 -1064317 541
710 857 m2 857691 -0.00307870377 0.5 p-1 -93779 22
666 858 m2 859196 -0.000191758314 0.5 p-1 -19982 21
264 859 m2 859789 6.74325929e-05 0.5 p-1 -5137450 116
792 860 m2 863472 -8.98420785e-06 0.5 p-1 -16596 2
418 861 m2 865034 0.00104057894 0.5 p-1 -108176 63
634 862 m2 865431 0.0110280924 0.5 p-1 -341953 138
211 864 m2 867292 0.0230204277 0.5 p-1 -213699 45
835 866 m2 868845 -0.0229203887 0.5 p-1 -977 1
212 868 m2 869528 0.0159843154 0.5 p-1 -310145 192
916 871 m2 876171 6.27804475e-05 0.5 p-1 -105701 1
461 872 m2 877714 1.27630728e-05 0.5 p-1 -19723 45
489 873 m2 877744 0.0011800041 0.5 p-1 -3606765 316
129 874 m2 879199 -0.00471645873 0.5 p-1 -825723 263
462 876 m2 880438 0.0304677114 0.5 p-1 -733657 232
419 877 m2 881725 -0.0276487432 0.5 p-1 -630451 404
347 878 m2 882934 -0.000342270796 0.5 p-1 -1152786 151
214 879 m2 885335 -0.00180646044 0.5 p-1 -29984 29
391 880 m2 886471 0.000967013068 0.5 p-1 -248794 314
374 881 m2 888496 -0.0205877032 0.5 p-1 -831916 281
901 883 m2 889545 -0.000463931821 0.5 p-1 -30206 19
420 884 m2 889858 -0.051918298 0.5 p-1 -300785 90
780 887 m2 891240 4.56213966e-05 0.5 p-1 -678669 39
620 888 m2 892988 0.00201863586 0.5 p-1 -132296 35
694 889 m2 893772 9.20776273e-08 0.5 p-1 -4218 3
463 890 m2 894743 -0.000396572374 0.5 p-1 -283431 50
601 891 m2 895113 -0.000614397461 0.5 p-1 -1527547 231
593 893 m2 895408 -0.00664985087 0.5 p-1 -3099 8
266 894 m2 896154 0.000766488491 0.5 p-1 -818707 228
215 895 m2 897149 -0.0318581462 0.5 p-1 -844145 1060
216 896 m2 900112 6.35637036e-07 0.5 p-1 -1385161 225
471 897 m2 900181 -3.11600779e-05 0.5 p-1 -131414 35
300 899 m2 902920 -0.00183100381 0.5 p-1 -118556 132
131 900 m2 903423 -0.000573706347 0.5 p-1 -1257400 530
602 902 m2 904548 -0.00750722084 0.5 p-1 -43246 34
405 905 m2 909664 0.00270631956 0.5 p-1 -175077 109
472 908 m2 912223 0.000563724549 0.5 p-1 -202957 48
348 909 m2 914311 -1.44338073e-05 0.5 p-1 -1939798 616
218 911 m2 914942 -0.00141708809 0.5 p-1 -161329 62
748 914 m2 918198 -0.00028942377 0.5 p-1 -3108 13
349 916 m2 922214 0.00723737152 0.5 p-1 -5592870 243
922 917 m2 924336 -0.00626685657 0.5 p-1 -294 4
738 918 m2 924663 0.074965179 0.5 p-1 -46340 33
932 919 m2 925543 -0.00117777579 0.5 p-1 -18090 4
911 920 m2 926878 -0.000567150302 0.5 p-1 -7126 9
553 922 m2 930853 0.00932572782 0.5 p-1 -72116 71
350 923 m2 933731 5.8347021e-05 0.5 p-1 -322862 171
496 924 m2 934244 0.0134467287 0.5 p-1 -289528 106
133 927 m2 937021 0.0343830809 0.5 p-1 -8345109 856
134 928 m2 938088 0.0118180811 0.5 p-1 -893532 450
351 930 m2 939352 0.00370102446 0.5 p-1 -8953 34
691 931 m2 942259 -0.000340520026 0.5 p-1 -253693 77
135 933 m2 942594 -0.000276429579 0.5 p-1 -1978198 588
136 934 m2 943057 0.00103812339 0.5 p-1 -4823949 1663
219 935 m2 943560 0.0201419946 0.5 p-1 -3453586 870
800 937 m2 946956 0.00859988295 0.5 p-1 -9297 3
737 938 m2 947620 -5.62172572e-05 0.5 p-1 -11460 18
907 940 m2 949916 -0.00731457677 0.5 p-1 -9909 6
762 941 m2 949969 2.59463086e-05 0.5 p-1 -43032 22
554 942 m2 950093 -0.000252363243 0.5 p-1 -543421 79
678 944 m2 951034 -0.000153926871 0.5 p-1 -26253 6
763 946 m2 954684 0.00709039671 0.5 p-1 -243015 87
301 947 m2 955162 -0.00711756526 0.5 p-1 -752326 446
612 949 m2 957918 0.00228299759 0.5 p-1 -542463 87
137 951 m2 959011 0.00881417189 0.5 p-1 -3206969 1174
323 952 m2 959319 0.000525960582 0.5 p-1 -74749 104
138 953 m2 959356 0.00359025947 0.5 p-1 -410882 530
810 954 m2 959401 0.0214911047 0.5 p-1 -72826 7
603 955 m2 961220 0.00976905506 0.5 p-1 -76716 18
375 956 m2 965126 -0.000624185486 0.5 p-1 -529185 227
267 958 m2 965391 -0.0916773528 0.5 p-1 -93512 12
529 959 m2 968356 1.82869262e-05 0.5 p-1 -1365751 41
450 960 m2 968715 -0.000295287027 0.5 p-1 -214942 109
530 961 m2 969774 -0.0260592233 0.5 p-1 -164764 41
728 962 m2 969993 1.10108786e-05 0.5 p-1 -929642 18
558 964 m2 971527 -0.00629193382 0.5 p-1 -86632 59
796 965 m2 971578 0.0974180698 0.5 p-1 -129379 13
640 967 m2 975764 -0.00291705737 0.5 p-1 -605 15
568 968 m2 979856 0.0137322005 0.5 p-1 -65420 16
302 969 m2 981173 -0.000825286028 0.5 p-1 -1050677 354
953 970 m2 984630 0.00257119932 0.5 p-1 -17126 3
139 971 m2 985418 0.000181003255 0.5 p-1 -1455446 947
451 972 m2 987860 -0.00705652917 0.5 p-1 -62137 35
497 973 m2 988028 0.0124388346 0.5 p-1 -6308 27
220 975 m2 990019 -0.000943881809 0.5 p-1 -6962693 441
995 976 m2 991009 3.22726166e-08 0.5 p-1 -58684 2
811 977 m2 991079 0.00763781229 0.5 p-1 -278655 12
143 979 m2 992767 0.00638918113 0.5 p-1 -6112950 968
966 981 m2 993875 -0.0136353783 0.5 p-1 -69038 1
830 984 m2 997084 -0.0099932244 0.5 p-1 -32263 6
573 985 m2 997565 -0.00699726446 0.5 p-1 -78461 29
377 986 m2 997917 -3.64128391e-06 0.5 p-1 -88731 28
474 987 m2 998586 0.011211602 0.5 p-1 -3581777 53
831 988 m2 999437 0.000282028428 0.5 p-1 -19653 6
1028 990 m2 12693 -0.00741733238 0.5 p0 2 1
1019 992 m2 654386 0.00103931327 0.5 p0 2 1
1024 1007 m2 446160 0.000692919362 0.5 p0 2 1
893 1014 m2 206639 -0.00801322237 0.5 p0 2 1
654 1018 m2 605506 -0.00344299735 0.5 p0 2 1
1016 1019 m2 105986 -0.00642625336 0.5 p0 2 1
713 1022 m2 160585 0.00284575857 0.5 p0 2 11
899 1025 m2 584822 -9.93986907e-11 0.5 p0 2 3
986 1026 m2 710647 -0.000103303137 0.5 p0 2 2
948 1036 m2 512669 -0.00222871243 0.5 p0 2 4
836 1040 m2 301955 -0.00675473921 0.5 p0 2 3
998 1044 m2 445367 0.00188259047 0.5 p0 2 1
871 1045 m2 432464 -0.0265119001 0.5 p0 2 4
903 1048 m2 732069 3.35182199e-06 0.5 p0 2 6
917 1050 m2 179310 -0.0509735495 0.5 p0 2 2
945 1051 m2 895390 -0.040007621 0.5 p0 2 4
988 1060 m2 851113 3.37191705e-06 0.5 p0 2 2
862 1062 m2 312883 -0.0384231471 0.5 p0 2 4
1020 1063 m2 710650 -0.0118216397 0.5 p0 2 1
1030 1066 m2 168251 0.0016476023 0.5 p0 2 1
753 1067 m2 177015 0.0100905281 0.5 p0 2 9
982 1068 m2 335115 -0.00100852794 0.5 p0 2 1
877 1069 m2 524940 -0.0165769663 0.5 p0 2 2
1007 1072 m2 505788 -0.000452145323 0.5 p0 2 1
912 1074 m2 233967 -0.00300871371 0.5 p0 2 2
833 1077 m2 255230 -0.0066507021 0.5 p0 2 2
725 1085 m2 219120 4.17482943e-06 0.5 p0 2 2
969 1091 m2 67476 0.0153540494 0.5 p0 2 6
1025 1092 m2 558939 0.0494518541 0.5 p0 2 1
1026 1093 m2 634161 -0.000117276155 0.5 p0 2 1
1027 1094 m2 699950 0.0259349458 0.5 p0 2 1
888 1095 m2 531369 0.000249582605 0.5 p0 2 2
1017 1097 m2 943068 0.115556709 0.5 p0 2 1
604 1100 m2 127418 -2.90298703e-05 0.5 p0 2 5
931 1103 m2 498350 -0.0530307367 0.5 p0 2 2
933 1108 m2 927116 -0.0032369874 0.5 p0 2 1
910 1112 m2 47045 -0.00145341922 0.5 p0 2 3
807 1113 m2 184389 2.11609822e-05 0.5 p0 2 4
977 1117 m2 918258 -0.00641791103 0.5 p0 2 2
1014 1123 m2 942141 0.0140811689 0.5 p0 2 1
1011 1127 m2 597659 0.000500291353 0.5 p0 2 2
743 1129 m2 345489 -9.48049201e-05 0.5 p0 2 1
632 1131 m2 534672 -0.000976406271 0.5 p0 2 12
788 1134 m2 132222 -0.00183797267 0.5 p0 2 1
393 1137 m2 967079 2.21837968e-06 0.5 p0 2 5
643 1138 m2 987409 -0.00981758814 0.5 p0 2 6
1002 1141 m2 474072 0.00800457969 0.5 p0 2 2
994 1147 m2 860648 1.24214184e-05 0.5 p0 2 2
722 1152 m2 394351 0.0428814888 0.5 p0 2 4
442 1153 m2 220769 0.0588891692 0.5 p0 2 3
334 1155 m2 408386 0.0202288907 0.5 p0 2 16
1023 1164 m2 358926 0.0120125562 0.5 p0 2 1
809 1167 m2 926108 -1.37796815e-06 0.5 p0 2 2
936 1170 m2 62810 0.0241454225 0.5 p0 2 3
787 1172 m2 513134 0.000301762688 0.5 p0 2 3
996 1178 m2 141152 -0.0036059292 0.5 p0 2 1
221 1180 m1 961 0 0.5 p-1 -4279749 1195
712 1181 m1 1198 0 0.5 p-1 -553438 52
1013 1183 m1 8302 0 0.5 p-1 -5641 1
0 1185 m1 12507 0 0.5 p-1 -7310688 1935
885 1186 m1 13754 0 0.5 p-1 -6117 3
406 1188 m1 20866 -0 0.5 p-1 -145730 226
873 1189 m1 23113 0 0.5 p-1 -120 7
3 1190 m1 24032 0 0.5 p-1 -5301584 1504
225 1191 m1 28330 -0 0.5 p-1 -4409389 534
325 1192 m1 29069 0 0.5 p-1 -2116785 248
798 1193 m1 30106 -0 0.5 p-1 -7849 10
820 1194 m1 31508 0 0.5 p-1 -5414 28
658 1195 m1 32554 -0 0.5 p-1 -161170 41
227 1196 m1 35378 -0 0.5 p-1 -464649 112
6 1197 m1 38817 -0 0.5 p-1 -707867 289
752 1198 m1 40059 -0 0.5 p-1 -200556 51
10 1199 m1 47189 -0 0.5 p-1 -3384023 1184
509 1200 m1 48713 0 0.5 p-1 -911938 246
967 1201 m1 56008 -0 0.5 p-1 -4602 1
499 1202 m1 56333 0 0.5 p-1 -2709584 34
687 1203 m1 56979 -0 0.5 p-1 -307092 13
440 1206 m1 63395 -0 0.5 p-1 -34922 9
11 1207 m1 64474 0 0.5 p-1 -1260666 360
630 1209 m1 67791 -0 0.5 p-1 -93212 51
465 1210 m1 75979 -0 0.5 p-1 -133397 127
147 1211 m1 76900 -0 0.5 p-1 -197762 71
395 1214 m1 89611 0 0.5 p-1 -2461047 339
16 1215 m1 89975 0 0.5 p-1 -1435674 1528
229 1216 m1 93326 -0 0.5 p-1 -702806 122
859 1217 m1 95080 0 0.5 p-1 -1737 2
304 1218 m1 99723 0 0.5 p-1 -83183 17
850 1219 m1 101331 0 0.5 p-1 -138181 18
149 1220 m1 103333 -0 0.5 p-1 -3763992 1643
729 1222 m1 111134 0 0.5 p-1 -263753 40
904 1224 m1 112460 -0 0.5 p-1 -7191 9
750 1225 m1 113314 0 0.5 p-1 -4811 10
510 1226 m1 113907 -0 0.5 p-1 -334316 215
152 1228 m1 117759 -0 0.5 p-1 -11591052 986
230 1229 m1 117905 -0 0.5 p-1 -168001 65
153 1230 m1 118204 0 0.5 p-1 -4973642 666
397 1232 m1 125330 -0 0.5 p-1 -35067 43
27 1233 m1 125467 0 0.5 p-1 -823382 739
856 1235 m1 126467 0 0.5 p-1 -4833 5
543 1236 m1 126643 -0 0.5 p-1 -2807903 20
274 1238 m1 130047 0 0.5 p-1 -203366 77
626 1239 m1 132855 0 0.5 p-1 -1357720 59
275 1240 m1 133152 0 0.5 p-1 -326691 214
154 1242 m1 139991 0 0.5 p-1 -3690761 354
155 1244 m1 147009 -0 0.5 p-1 -1410374 240
231 1246 m1 153938 -0 0.5 p-1 -284717 93
1010 1248 m1 154128 0 0.5 p-1 -1532 3
518 1252 m1 161788 0 0.5 p-1 -191524 90
794 1255 m1 181094 -0 0.5 p-1 -57794 15
233 1256 m1 182736 0 0.5 p-1 -4831374 649
605 1257 m1 191189 0 0.5 p-1 -2576198 84
535 1259 m1 196216 -0 0.5 p-1 -2802901 53
36 1262 m1 207142 0 0.5 p-1 -1057854 1108
954 1263 m1 207350 0 0.5 p-1 -13151 2
540 1265 m1 210128 -0 0.5 p-1 -83326 37
456 1267 m1 217797 -0 0.5 p-1 -126137 42
588 1268 m1 220829 0 0.5 p-1 -720016 36
652 1269 m1 223047 0 0.5 p-1 -193584 20
525 1270 m1 223639 0 0.5 p-1 -151763 14
925 1271 m1 229756 -0 0.5 p-1 -3664 1
305 1272 m1 236695 0 0.5 p-1 -6138717 212
993 1274 m1 242875 -0 0.5 p-1 -2640 1
359 1277 m1 251523 0 0.5 p-1 -52274 30
433 1278 m1 258992 0 0.5 p-1 -648494 275
360 1279 m1 260480 0 0.5 p-1 -2208997 517
623 1282 m1 272400 0 0.5 p-1 -342755 54
492 1283 m1 283973 -0 0.5 p-1 -160887 92
308 1284 m1 287706 0 0.5 p-1 -2582344 797
519 1285 m1 287938 0 0.5 p-1 -1632864 143
777 1286 m1 292275 -0 0.5 p-1 -25323 3
598 1287 m1 293373 0 0.5 p-1 -46921 60
477 1288 m1 294647 -0 0.5 p-1 -121215 75
589 1289 m1 299682 0 0.5 p-1 -258781 53
407 1290 m1 305571 -0 0.5 p-1 -19898 36
50 1291 m1 313709 -0 0.5 p-1 -2305648 361
330 1292 m1 322258 -0 0.5 p-1 -96218 114
171 1295 m1 332139 -0 0.5 p-1 -1752247 1446
444 1296 m1 332456 -0 0.5 p-1 -1421899 312
172 1297 m1 335509 0 0.5 p-1 -6338236 1338
55 1298 m1 338427 0 0.5 p-1 -5217586 1305
908 1299 m1 339694 0 0.5 p-1 -7966 11
661 1300 m1 340363 0 0.5 p-1 -361431 46
56 1301 m1 342599 -0 0.5 p-1 -4674636 951
380 1303 m1 353698 0 0.5 p-1 -1390380 392
742 1306 m1 362802 0 0.5 p-1 -414963 12
331 1307 m1 363518 0 0.5 p-1 -762966 253
551 1308 m1 363736 0 0.5 p-1 -527418 28
59 1309 m1 364870 0 0.5 p-1 -386718 238
696 1311 m1 369788 0 0.5 p-1 -95949 91
791 1312 m1 372554 0 0.5 p-1 -2027070 41
1006 1314 m1 376977 0 0.5 p-1 -63231 2
845 1315 m1 377799 -0 0.5 p-1 -11558 13
60 1317 m1 385372 0 0.5 p-1 -4702057 1965
479 1318 m1 385626 -0 0.5 p-1 -117012 151
61 1319 m1 386784 0 0.5 p-1 -33098 34
332 1320 m1 387702 0 0.5 p-1 -139486 48
333 1322 m1 397300 -0 0.5 p-1 -154462 33
656 1323 m1 400979 -0 0.5 p-1 -1799957 80
62 1324 m1 401420 -0 0.5 p-1 -2169951 1594
804 1325 m1 406579 0 0.5 p-1 -113900 23
611 1327 m1 415245 0 0.5 p-1 -184097 143
410 1328 m1 420774 -0 0.5 p-1 -133262 44
959 1329 m1 422835 -0 0.5 p-1 -1284 4
513 1330 m1 430097 0 0.5 p-1 -153980 58
175 1331 m1 430892 0 0.5 p-1 -623333 116
679 1332 m1 433051 -0 0.5 p-1 -31389 13
437 1333 m1 434396 0 0.5 p-1 -1229291 477
671 1334 m1 435190 0 0.5 p-1 -19519 9
505 1335 m1 435371 0 0.5 p-1 -235285 231
177 1336 m1 440659 -0 0.5 p-1 -7457259 892
445 1338 m1 449337 0 0.5 p-1 -432162 15
735 1339 m1 449826 0 0.5 p-1 -7707 7
574 1342 m1 455928 -0 0.5 p-1 -77190 19
978 1343 m1 459723 -0 0.5 p-1 -88988 4
311 1344 m1 462060 -0 0.5 p-1 -3283653 495
894 1345 m1 468485 0 0.5 p-1 -28472 8
942 1346 m1 469928 -0 0.5 p-1 -4273 4
683 1347 m1 474949 -0 0.5 p-1 -1031796 33
806 1348 m1 475370 0 0.5 p-1 -217563 17
706 1349 m1 483803 0 0.5 p-1 -1004661 24
707 1350 m1 484397 0 0.5 p-1 -249167 6
825 1351 m1 484453 0 0.5 p-1 -247744 11
183 1355 m1 498036 0 0.5 p-1 -427512 202
185 1356 m1 508350 -0 0.5 p-1 -915336 659
699 1357 m1 508397 -0 0.5 p-1 -12956 30
382 1359 m1 513881 0 0.5 p-1 -2440390 171
188 1361 m1 516966 -0 0.5 p-1 -1338612 593
72 1362 m1 519286 -0 0.5 p-1 -3456574 1431
615 1364 m1 525135 -0 0.5 p-1 -34883 19
335 1365 m1 525383 -0 0.5 p-1 -154386 162
522 1366 m1 525917 -0 0.5 p-1 -488271 125
852 1367 m1 526428 0 0.5 p-1 -18617 6
190 1368 m1 528768 0 0.5 p-1 -701570 659
1031 1369 m1 530252 0 0.5 p-1 -5390 1
244 1370 m1 534295 0 0.5 p-1 -539118 61
76 1372 m1 537645 0 0.5 p-1 -1363582 367
481 1375 m1 546533 0 0.5 p-1 -250978 98
727 1376 m1 546721 0 0.5 p-1 -4387 28
191 1377 m1 547602 -0 0.5 p-1 -2764623 898
826 1379 m1 551951 -0 0.5 p-1 -8304 4
482 1380 m1 552038 -0 0.5 p-1 -855830 124
83 1381 m1 562089 -0 0.5 p-1 -3928034 1121
458 1382 m1 563017 -0 0.5 p-1 -1169099 28
970 1383 m1 564055 0 0.5 p-1 -36168 5
459 1384 m1 565225 -0 0.5 p-1 -102742 28
955 1386 m1 573573 -0 0.5 p-1 -141537 1
286 1387 m1 575799 -0 0.5 p-1 -3740379 972
879 1389 m1 586515 0 0.5 p-1 -39309 11
288 1390 m1 595920 0 0.5 p-1 -474775 272
383 1391 m1 596610 -0 0.5 p-1 -652303 162
88 1393 m1 598309 0 0.5 p-1 -1478445 229
990 1395 m1 615520 -0 0.5 p-1 -2350 3
1015 1398 m1 618636 -0 0.5 p-1 -281175 1
483 1399 m1 619002 0 0.5 p-1 -4741850 350
92 1400 m1 619938 -0 0.5 p-1 -2242837 1141
527 1401 m1 623587 0 0.5 p-1 -1961539 304
625 1402 m1 633138 0 0.5 p-1 -1268007 35
196 1403 m1 635238 0 0.5 p-1 -3691865 509
1008 1404 m1 637583 -0 0.5 p-1 -707 1
412 1405 m1 637970 0 0.5 p-1 -872200 306
291 1406 m1 640670 0 0.5 p-1 -5188403 1308
97 1407 m1 643410 -0 0.5 p-1 -1313886 690
999 1408 m1 645018 0 0.5 p-1 -174777 1
316 1409 m1 646007 -0 0.5 p-1 -4451287 757
808 1410 m1 650021 0 0.5 p-1 -6044 5
674 1411 m1 660141 -0 0.5 p-1 -8006807 51
341 1412 m1 663279 0 0.5 p-1 -581013 80
250 1413 m1 666769 -0 0.5 p-1 -1179683 1245
591 1414 m1 668628 0 0.5 p-1 -45819 11
876 1416 m1 674199 -0 0.5 p-1 -84816 9
842 1417 m1 684534 0 0.5 p-1 -43964 11
252 1418 m1 688855 0 0.5 p-1 -2425765 1042
446 1420 m1 700426 0 0.5 p-1 -787192 130
253 1421 m1 703685 0 0.5 p-1 -161029 24
342 1423 m1 709908 0 0.5 p-1 -117016 59
200 1424 m1 713155 -0 0.5 p-1 -384244 364
105 1425 m1 719171 0 0.5 p-1 -1731584 1286
1004 1426 m1 724283 -0 0.5 p-1 -153182 1
438 1427 m1 725267 0 0.5 p-1 -282622 194
106 1428 m1 726076 -0 0.5 p-1 -2649928 1354
368 1429 m1 726306 0 0.5 p-1 -3889 16
107 1431 m1 729423 0 0.5 p-1 -5992447 653
677 1432 m1 730728 -0 0.5 p-1 -86106 66
941 1434 m1 731289 -0 0.5 p-1 -6924 8
447 1435 m1 736322 0 0.5 p-1 -1856 5
202 1437 m1 739935 0 0.5 p-1 -15606785 973
690 1439 m1 744072 -0 0.5 p-1 -251017 83
896 1440 m1 744686 -0 0.5 p-1 -111722 4
579 1441 m1 745708 0 0.5 p-1 -63674 42
548 1442 m1 750024 -0 0.5 p-1 -443481 104
670 1443 m1 755519 0 0.5 p-1 -9700 12
484 1444 m1 755564 0 0.5 p-1 -1974195 105
427 1445 m1 764211 -0 0.5 p-1 -228904 86
116 1446 m1 765771 0 0.5 p-1 -2510737 1308
797 1447 m1 766705 -0 0.5 p-1 -2703 10
255 1448 m1 773702 0 0.5 p-1 -5615777 285
257 1449 m1 775160 0 0.5 p-1 -35003 19
388 1450 m1 777852 -0 0.5 p-1 -334144 147
884 1451 m1 777904 -0 0.5 p-1 -1010354 4
389 1452 m1 780472 0 0.5 p-1 -109745 19
515 1453 m1 786834 0 0.5 p-1 -317209 1
772 1454 m1 788670 0 0.5 p-1 -279335 24
298 1456 m1 791063 0 0.5 p-1 -1162341 306
448 1457 m1 793929 -0 0.5 p-1 -701663 106
258 1462 m1 803971 0 0.5 p-1 -5266 6
566 1463 m1 809062 0 0.5 p-1 -55695 77
839 1465 m1 811291 -0 0.5 p-1 -37926 2
571 1466 m1 814266 0 0.5 p-1 -501654 73
930 1467 m1 817204 -0 0.5 p-1 -19094 14
121 1469 m1 820725 -0 0.5 p-1 -3251190 232
122 1470 m1 821299 -0 0.5 p-1 -5528158 1770
765 1471 m1 821541 -0 0.5 p-1 -212523 33
495 1472 m1 823979 0 0.5 p-1 -78856 106
818 1474 m1 829531 -0 0.5 p-1 -204498 28
815 1475 m1 830442 -0 0.5 p-1 -2213530 42
123 1476 m1 834949 0 0.5 p-1 -1995206 339
125 1477 m1 836262 -0 0.5 p-1 -1829839 1215
580 1478 m1 839165 0 0.5 p-1 -261547 83
572 1481 m1 848366 -0 0.5 p-1 -2858187 48
870 1482 m1 851906 -0 0.5 p-1 -8077 2
747 1484 m1 859675 -0 0.5 p-1 -45490 18
322 1486 m1 870169 0 0.5 p-1 -1963375 856
213 1488 m1 872819 0 0.5 p-1 -1170555 566
711 1489 m1 873165 0 0.5 p-1 -17353 11
265 1490 m1 874376 0 0.5 p-1 -4038060 804
968 1491 m1 878236 0 0.5 p-1 -14408 1
761 1493 m1 885331 0 0.5 p-1 -138858 15
130 1494 m1 887739 0 0.5 p-1 -1714514 1511
805 1496 m1 888986 -0 0.5 p-1 -21755 21
392 1498 m1 889388 0 0.5 p-1 -390768 130
421 1499 m1 890089 0 0.5 p-1 -159360 90
906 1500 m1 893868 -0 0.5 p-1 -6927 5
217 1503 m1 905580 0 0.5 p-1 -1174403 449
723 1505 m1 925063 0 0.5 p-1 -153269 45
132 1506 m1 935731 0 0.5 p-1 -355647 235
473 1507 m1 936072 -0 0.5 p-1 -41625 80
516 1508 m1 949414 0 0.5 p-1 -369495 92
950 1510 m1 956621 0 0.5 p-1 -27225 4
878 1511 m1 961286 -0 0.5 p-1 -17941 5
376 1512 m1 967930 0 0.5 p-1 -2062661 342
730 1513 m1 967932 -0 0.5 p-1 -46910 14
739 1515 m1 972453 -0 0.5 p-1 -5203 23
429 1517 m1 976809 -0 0.5 p-1 -97361 38
140 1519 m1 988360 0 0.5 p-1 -2857295 1448
141 1520 m1 991900 -0 0.5 p-1 -328557 244
764 1521 m1 992073 0 0.5 p-1 -43506 29
142 1522 m1 992166 -0 0.5 p-1 -7233245 1114
268 1523 m1 995830 0 0.5 p-1 -197198 283
