Temp_ID Permanent_ID Mutation_type Position s h Subpop Tick Number
1042 0 m2 190 -0.000167620936 0.5 p-1 -217076 11
1033 1 m2 772 -7.7467148e-06 0.5 p-1 -445177 3
245 2 m2 1484 -1.20553586e-05 0.5 p-1 -2311107 318
567 3 m2 2357 -0.0111259846 0.5 p-1 -46771 20
523 4 m2 3095 0.000533503946 0.5 p-1 -345586 19
538 5 m2 4380 0.000189024373 0.5 p-1 -654141 155
1294 6 m2 4881 -1.08820304e-05 0.5 p-1 -3384 1
1085 8 m2 4923 4.65815792e-05 0.5 p-1 -231 1
707 9 m2 5303 0.0120630795 0.5 p-1 -19047 7
246 10 m2 7001 -0.0110744331 0.5 p-1 -777589 111
1200 13 m2 10246 -5.47406889e-05 0.5 p-1 -181901 3
506 14 m2 12015 0.000503490737 0.5 p-1 -3654578 121
404 15 m2 12956 -0.0203038435 0.5 p-1 -3998003 326
701 16 m2 15606 -0.00724051194 0.5 p-1 -2002313 246
1051 17 m2 15855 7.30182437e-05 0.5 p-1 -1440 10
0 18 m2 17102 -0.0061359047 0.5 p-1 -3221358 1964
1 19 m2 17940 0.00271308329 0.5 p-1 -5696299 1725
953 20 m2 19632 0.000191055908 0.5 p-1 -8095 12
2 22 m2 22112 -0.000666663167 0.5 p-1 -1320356 146
913 23 m2 23335 0.00525032077 0.5 p-1 -6274 2
659 24 m2 24178 0.00175224186 0.5 p-1 -4515612 157
247 25 m2 24697 -1.48152376e-05 0.5 p-1 -387192 186
1188 26 m2 24784 0.00457474403 0.5 p-1 -6573 2
630 27 m2 25125 -0.00188633834 0.5 p-1 -2983399 614
3 28 m2 26413 -3.94048402e-06 0.5 p-1 -5031333 1297
343 29 m2 26519 0.00260640588 0.5 p-1 -2548174 960
702 30 m2 26821 -0.000324943656 0.5 p-1 -441793 57
405 31 m2 27293 -4.55842866e-08 0.5 p-1 -805465 304
1270 32 m2 27320 -0.004391619 0.5 p-1 -6036 2
4 33 m2 29941 -0.00120196724 0.5 p-1 -985214 578
5 34 m2 30670 0.00750271836 0.5 p-1 -2531981 1336
1002 36 m2 32054 -0.0729231536 0.5 p-1 -64844 2
776 38 m2 32245 0.0046775043 0.5 p-1 -689132 91
470 39 m2 32798 0.00014298434 0.5 p-1 -533076 195
162 40 m2 32856 -0.0777176544 0.5 p-1 -6262 11
6 41 m2 33876 -6.31659059e-05 0.5 p-1 -3710483 1293
1094 42 m2 34201 -0.0159892924 0.5 p-1 -2779 4
248 43 m2 34781 9.30365786e-05 0.5 p-1 -608285 221
7 44 m2 35180 -0.000325804722 0.5 p-1 -4592401 1730
766 45 m2 36353 -0.00317734177 0.5 p-1 -565647 57
842 46 m2 37396 0.00603621081 0.5 p-1 -23907 3
1056 47 m2 37486 -0.0102356691 0.5 p-1 -8520 9
782 48 m2 37774 -0.0226233602 0.5 p-1 -6006688 9
163 49 m2 38087 -1.72284435e-05 0.5 p-1 -3922227 995
579 50 m2 38116 -0.00603380753 0.5 p-1 -103340 42
631 51 m2 39298 4.65343219e-05 0.5 p-1 -26235 11
822 52 m2 40252 0.0113874264 0.5 p-1 -4856 1
164 53 m2 41140 0.00522240717 0.5 p-1 -1623906 843
569 54 m2 42713 0.0113057932 0.5 p-1 -1212945 95
570 55 m2 42923 -5.54731996e-05 0.5 p-1 -1804695 117
165 56 m2 43968 -0.000300083717 0.5 p-1 -1808512 501
524 57 m2 44590 0.0209707301 0.5 p-1 -947402 327
959 59 m2 46482 0.00478648255 0.5 p-1 -15054 11
603 60 m2 48967 0.00303107756 0.5 p-1 -983804 128
926 61 m2 49541 2.38685643e-05 0.5 p-1 -3764 5
632 62 m2 52329 -0.0238192026 0.5 p-1 -61292 19
539 63 m2 53279 -0.0306479409 0.5 p-1 -70765 54
870 64 m2 54111 0.0825588331 0.5 p-1 -265637 59
911 67 m2 55337 9.3002127e-05 0.5 p-1 -62344 32
737 68 m2 55375 -5.60741569e-07 0.5 p-1 -477705 177
249 69 m2 55667 0.00588175142 0.5 p-1 -5023651 1066
166 70 m2 55927 0.00148242642 0.5 p-1 -10687492 790
1220 71 m2 56003 0.00247614621 0.5 p-1 -49909 2
250 72 m2 56624 0.00668496825 0.5 p-1 -3695405 259
406 73 m2 60684 -0.00478447648 0.5 p-1 -2088124 1153
407 74 m2 60770 0.026847234 0.5 p-1 -307842 541
508 75 m2 60912 -2.08508524e-07 0.5 p-1 -12950 20
777 79 m2 64907 -0.0106155826 0.5 p-1 -178363 20
815 80 m2 65040 0.0409361832 0.5 p-1 -1308509 15
1004 82 m2 65665 0.000179095368 0.5 p-1 -177321 31
9 83 m2 66605 -0.0163997989 0.5 p-1 -4193209 962
891 84 m2 66902 -0.0433722287 0.5 p-1 -67889 20
604 85 m2 67016 -3.06622496e-05 0.5 p-1 -469682 37
251 86 m2 67894 2.48476852e-07 0.5 p-1 -2322503 328
10 89 m2 70550 -4.65866433e-05 0.5 p-1 -3255215 1167
823 90 m2 71778 -0.000951366092 0.5 p-1 -228438 46
838 91 m2 73143 0.00493173534 0.5 p-1 -12996 5
1048 93 m2 73937 0.000571473269 0.5 p-1 -101488 3
344 94 m2 74900 0.0296822805 0.5 p-1 -2652259 511
1145 95 m2 75367 -3.05723347e-07 0.5 p-1 -11326 7
845 96 m2 77431 0.000293612247 0.5 p-1 -169831 78
883 97 m2 77630 0.000742910546 0.5 p-1 -132239 47
11 98 m2 77964 -0.0169346742 0.5 p-1 -2394577 986
778 99 m2 78554 -6.49815847e-05 0.5 p-1 -1993 8
168 100 m2 79758 0.00319407531 0.5 p-1 -5310731 1033
345 101 m2 79784 0.000249051605 0.5 p-1 -1200300 185
580 102 m2 80328 -0.000150429347 0.5 p-1 -874860 213
12 103 m2 80354 -0.0102473721 0.5 p-1 -1873737 1378
346 105 m2 81669 0.0290090125 0.5 p-1 -483647 49
252 106 m2 82490 -1.81726534e-07 0.5 p-1 -193654 80
1068 107 m2 84077 0.0079731103 0.5 p-1 -25524 8
927 108 m2 85239 -0.004544002 0.5 p-1 -273352 22
509 109 m2 85627 -0.0235602316 0.5 p-1 -39106 31
826 112 m2 86788 -0.00924008153 0.5 p-1 -116873 26
708 113 m2 87018 -0.000325900182 0.5 p-1 -103008 84
606 114 m2 87361 0.000858906365 0.5 p-1 -207502 122
712 116 m2 89429 -0.000467867882 0.5 p-1 -51762 5
471 117 m2 89498 0.00655185711 0.5 p-1 -663728 120
1291 118 m2 89545 0.000157966773 0.5 p-1 -2840 1
850 119 m2 90873 0.00475767814 0.5 p-1 -21915 20
1169 120 m2 91429 0.00287381117 0.5 p-1 -121963 2
449 121 m2 91692 -0.0283114314 0.5 p-1 -266297 218
170 122 m2 91708 -0.00131396519 0.5 p-1 -2677243 1187
914 123 m2 92383 1.45337754e-06 0.5 p-1 -517637 32
866 126 m2 97889 -0.010175244 0.5 p-1 -459463 19
510 128 m2 101148 -0.0356260315 0.5 p-1 -170664 87
13 129 m2 101242 2.03814288e-05 0.5 p-1 -610329 641
253 130 m2 103261 -0.0114194378 0.5 p-1 -10814276 1629
1028 131 m2 104876 -0.000574402686 0.5 p-1 -17725 6
171 132 m2 105544 -2.52157279e-05 0.5 p-1 -751806 306
511 133 m2 105829 0.0020736251 0.5 p-1 -112353 68
742 135 m2 106992 -0.0155887632 0.5 p-1 -34719 15
254 137 m2 107415 0.00625192095 0.5 p-1 -5171576 560
172 138 m2 108115 -0.00133129489 0.5 p-1 -850543 1086
472 139 m2 108285 0.00172714796 0.5 p-1 -862605 73
408 140 m2 108323 2.25875016e-08 0.5 p-1 -437984 126
304 141 m2 110509 0.00721967779 0.5 p-1 -1395971 351
551 142 m2 112917 -0.00022042339 0.5 p-1 -367769 93
746 143 m2 115556 -0.000418322597 0.5 p-1 -334483 146
847 144 m2 116303 0.00240996201 0.5 p-1 -63292 59
665 145 m2 116361 -0.00443798164 0.5 p-1 -228768 13
802 146 m2 117883 3.48286158e-05 0.5 p-1 -46590 12
173 147 m2 120403 0.00390940066 0.5 p-1 -5438711 189
818 149 m2 120906 -0.00457368745 0.5 p-1 -15009 36
1081 150 m2 121478 0.00104380772 0.5 p-1 -152 3
633 151 m2 121725 0.00047218948 0.5 p-1 -66556 48
174 152 m2 121948 -0.00511168502 0.5 p-1 -2527095 1740
1253 153 m2 122942 -0.000357563316 0.5 p-1 -38137 1
816 154 m2 123489 -0.00110910076 0.5 p-1 -3617 10
1277 156 m2 125439 -0.000615579658 0.5 p-1 -18687 1
974 158 m2 127889 -0.00422675814 0.5 p-1 -11549 11
17 159 m2 128113 0.00672736205 0.5 p-1 -2230789 494
779 160 m2 128393 -2.72327861e-06 0.5 p-1 -24242 10
998 161 m2 128644 0.00361317908 0.5 p-1 -512652 72
347 162 m2 129802 -0.00644071912 0.5 p-1 -2154344 53
875 163 m2 130087 -0.0261967368 0.5 p-1 -214939 20
940 164 m2 131152 0.00713677611 0.5 p-1 -25918 21
18 166 m2 132454 0.00452498812 0.5 p-1 -3746945 1807
932 167 m2 133472 -0.0663886517 0.5 p-1 -263928 21
348 168 m2 134683 5.97792568e-05 0.5 p-1 -292335 265
896 169 m2 136921 -0.0706029162 0.5 p-1 -25973 5
588 170 m2 139917 -0.00291560311 0.5 p-1 -2969 23
349 171 m2 140325 -8.45554155e-07 0.5 p-1 -4032919 117
1044 172 m2 142505 -0.010474775 0.5 p-1 -40380 6
350 173 m2 142540 9.67036322e-05 0.5 p-1 -198153 43
950 176 m2 143689 -8.3312525e-06 0.5 p-1 -39878 50
963 177 m2 145846 -0.0331747308 0.5 p-1 -13453 19
540 178 m2 146507 0.00332686189 0.5 p-1 -2099586 223
176 179 m2 146750 0.0033662403 0.5 p-1 -4297976 1763
255 180 m2 146864 -0.00119110337 0.5 p-1 -480630 159
981 181 m2 147018 -0.00141877891 0.5 p-1 -25135 2
512 182 m2 148077 2.56469775e-05 0.5 p-1 -449956 356
306 183 m2 149281 -0.0211049225 0.5 p-1 -2277622 254
256 185 m2 151170 5.3805602e-06 0.5 p-1 -8080561 497
1080 186 m2 152248 -0.000631077681 0.5 p-1 -70233 7
607 187 m2 153552 0.0031907924 0.5 p-1 -417834 136
473 188 m2 153788 0.000700850738 0.5 p-1 -2482258 20
257 189 m2 154069 -0.00324180583 0.5 p-1 -3859737 297
1025 190 m2 154127 0.00206656056 0.5 p-1 -2140 8
19 191 m2 155224 -0.00248099561 0.5 p-1 -2694689 1684
1012 192 m2 155842 -5.49316548e-09 0.5 p-1 -186398 84
1070 194 m2 156696 4.65532212e-05 0.5 p-1 -8939 6
1276 195 m2 157690 -0.0327529274 0.5 p-1 -153 1
862 196 m2 157956 1.17705649e-05 0.5 p-1 -41359 7
552 197 m2 159964 -0.00442522205 0.5 p-1 -37547 44
1271 198 m2 160681 -0.00225676154 0.5 p-1 -214 2
177 199 m2 161903 0.00058498315 0.5 p-1 -2841169 96
634 200 m2 162291 -0.00903345086 0.5 p-1 -517983 185
380 201 m2 163214 -3.05040658e-06 0.5 p-1 -381497 196
769 202 m2 164719 0.0254363623 0.5 p-1 -166360 18
21 203 m2 165081 0.00640555844 0.5 p-1 -11769279 771
22 204 m2 165399 0.0464957096 0.5 p-1 -11534497 937
553 205 m2 165873 0.000142403194 0.5 p-1 -742205 145
258 206 m2 166749 0.000152018445 0.5 p-1 -12797 10
23 207 m2 167118 0.0444219895 0.5 p-1 -1599447 186
259 208 m2 171808 0.00129395048 0.5 p-1 -162686 265
381 210 m2 173552 -5.4353055e-05 0.5 p-1 -153319 83
1013 211 m2 175330 -0.0225248933 0.5 p-1 -68247 2
970 212 m2 176169 -0.00132651359 0.5 p-1 -27745 3
24 213 m2 176526 -0.00332079781 0.5 p-1 -3424356 1389
474 214 m2 176828 0.00907082111 0.5 p-1 -276550 49
566 216 m2 178212 0.000740518153 0.5 p-1 -176790 233
848 217 m2 179080 0.016911583 0.5 p-1 -642511 10
1241 218 m2 179311 0.0131052025 0.5 p-1 -52697 3
25 219 m2 179788 -0.0451818854 0.5 p-1 -3591293 736
351 221 m2 185302 -4.75414072e-06 0.5 p-1 -432693 106
352 222 m2 185476 -0.00474115182 0.5 p-1 -623540 76
178 223 m2 185806 -0.0119458186 0.5 p-1 -1935857 1158
27 224 m2 186749 0.0112273535 0.5 p-1 -8127207 1472
179 225 m2 186798 -0.00146882155 0.5 p-1 -3940352 536
450 228 m2 187649 0.0338486172 0.5 p-1 -317526 139
918 229 m2 189340 -0.0283783376 0.5 p-1 -372638 22
1288 232 m2 191115 0.00953199714 0.5 p-1 -4770 1
797 233 m2 191154 7.80204013e-10 0.5 p-1 -430375 6
919 235 m2 197921 -0.00672535412 0.5 p-1 -38358 16
954 236 m2 199138 0.000823816576 0.5 p-1 -237063 46
475 237 m2 200128 -5.9477039e-05 0.5 p-1 -210024 17
525 238 m2 204932 6.31799194e-05 0.5 p-1 -5864039 62
1100 239 m2 208627 -0.0704499707 0.5 p-1 -33 3
28 240 m2 210748 0.000546690891 0.5 p-1 -3836195 1963
642 241 m2 211060 -6.75986521e-05 0.5 p-1 -469199 73
589 242 m2 211062 0.0103370072 0.5 p-1 -94650 79
643 243 m2 211656 -0.00706167705 0.5 p-1 -2126502 55
880 244 m2 211980 -0.00300150388 0.5 p-1 -17748 14
572 245 m2 212352 0.0364636704 0.5 p-1 -293915 66
1029 246 m2 213306 0.00122565683 0.5 p-1 -1280 7
608 249 m2 216475 -0.0110101458 0.5 p-1 -402246 181
29 250 m2 216626 -0.0025002386 0.5 p-1 -2220677 735
476 251 m2 217112 -0.0276584718 0.5 p-1 -59300 105
1231 252 m2 220481 -0.0153802242 0.5 p-1 -518 1
1214 253 m2 220828 0.0220013224 0.5 p-1 -75195 2
827 257 m2 224123 -0.0779495835 0.5 p-1 -21733 6
353 258 m2 224442 0.00256769662 0.5 p-1 -276367 160
30 260 m2 225439 -0.0565808639 0.5 p-1 -4260481 1321
1173 262 m2 226719 -0.0471539609 0.5 p-1 -10651 9
677 264 m2 228580 -0.0057541267 0.5 p-1 -465775 45
1142 265 m2 229327 0.0176963098 0.5 p-1 -3268 2
181 266 m2 229858 -0.000744286284 0.5 p-1 -944576 279
590 267 m2 231612 -3.81556958e-07 0.5 p-1 -109054 99
409 268 m2 232028 2.62786193e-06 0.5 p-1 -379683 486
410 269 m2 232585 0.0818534866 0.5 p-1 -1143128 239
986 271 m2 233938 0.0333488099 0.5 p-1 -30114 2
182 272 m2 234729 0.00660211919 0.5 p-1 -490296 261
31 273 m2 234928 -3.49298723e-08 0.5 p-1 -5457899 1929
183 274 m2 238720 -0.00012561724 0.5 p-1 -910133 330
805 275 m2 240269 0.00688033691 0.5 p-1 -898160 55
32 276 m2 240653 -1.88374139e-09 0.5 p-1 -2454160 1642
610 277 m2 242469 2.02392357e-07 0.5 p-1 -351035 262
432 279 m2 245881 -0.000117847645 0.5 p-1 -859335 188
33 280 m2 246200 -0.00420300104 0.5 p-1 -1044730 133
184 281 m2 248625 0.00192301453 0.5 p-1 -15676643 1654
34 282 m2 248823 1.14751019e-05 0.5 p-1 -9292500 1041
718 283 m2 248962 0.00202383171 0.5 p-1 -1553846 177
938 284 m2 251453 -2.97431234e-05 0.5 p-1 -45952 17
35 287 m2 255565 -1.34972652e-07 0.5 p-1 -4954338 813
889 288 m2 256941 -0.000594760466 0.5 p-1 -558323 44
886 289 m2 257096 -0.00177114108 0.5 p-1 -2445 3
1077 290 m2 257495 -0.00892698206 0.5 p-1 -12147 14
354 293 m2 260976 -0.0139542045 0.5 p-1 -280391 169
1023 294 m2 260985 -7.17510375e-07 0.5 p-1 -2678 1
713 295 m2 262988 -0.00631824974 0.5 p-1 -1163 3
36 296 m2 263388 -0.0143289622 0.5 p-1 -2466645 1612
411 297 m2 264547 -0.00154454343 0.5 p-1 -36709 63
887 299 m2 264742 0.0642258674 0.5 p-1 -51662 14
37 300 m2 266662 -0.0450300537 0.5 p-1 -1693844 1839
1005 303 m2 269287 6.7839137e-05 0.5 p-1 -10570 6
40 304 m2 269948 7.12148767e-06 0.5 p-1 -3133 9
644 305 m2 270685 0.00273478404 0.5 p-1 -128165 6
312 306 m2 270687 -0.00654387008 0.5 p-1 -5881624 755
830 307 m2 276658 -0.00065135723 0.5 p-1 -244465 58
42 309 m2 277531 0.000926085864 0.5 p-1 -1798036 861
412 310 m2 277580 -0.00827532168 0.5 p-1 -274079 114
1020 311 m2 277985 0.000130152228 0.5 p-1 -95933 14
1097 312 m2 279445 -0.0334263928 0.5 p-1 -2699 1
43 313 m2 282618 9.6211113e-07 0.5 p-1 -4376733 597
943 314 m2 285435 0.0006536867 0.5 p-1 -185937 30
719 315 m2 286838 -2.72024718e-05 0.5 p-1 -18142 10
1082 316 m2 287236 0.000724851328 0.5 p-1 -82299 9
355 317 m2 287610 -0.000510715647 0.5 p-1 -350293 467
666 318 m2 289668 -0.000368739566 0.5 p-1 -9292 16
977 319 m2 290952 -0.000680923054 0.5 p-1 -9942 8
260 321 m2 293082 -0.000226766831 0.5 p-1 -363295 471
1138 323 m2 293640 -0.000167028673 0.5 p-1 -34074 2
261 324 m2 294933 0.0127200903 0.5 p-1 -272075 179
1007 325 m2 295764 0.0210504588 0.5 p-1 -4832 2
44 326 m2 296014 -4.72345928e-05 0.5 p-1 -4807649 1363
413 327 m2 296502 0.0148676643 0.5 p-1 -3602679 552
592 328 m2 297769 0.000152383946 0.5 p-1 -363316 96
760 330 m2 298801 -4.80380804e-05 0.5 p-1 -957073 13
810 331 m2 299720 -0.00391227193 0.5 p-1 -565901 9
780 332 m2 300718 0.0138035286 0.5 p-1 -126320 41
872 334 m2 302996 -0.0063856137 0.5 p-1 -75524 7
1055 335 m2 303054 0.00151128718 0.5 p-1 -50030 12
262 338 m2 303521 0.000131072127 0.5 p-1 -3298934 940
788 339 m2 304207 3.03881421e-07 0.5 p-1 -1422692 39
581 340 m2 304301 -0.00172535516 0.5 p-1 -71258 115
781 341 m2 305103 -0.0243980717 0.5 p-1 -3409642 19
1125 342 m2 305697 -3.73481669e-07 0.5 p-1 -1789 2
514 343 m2 306194 -5.99728583e-06 0.5 p-1 -12257157 286
696 345 m2 307495 0.00222540577 0.5 p-1 -101361 28
985 346 m2 308047 0.0208064783 0.5 p-1 -20225 2
541 347 m2 310515 0.0248798262 0.5 p-1 -1742014 43
414 348 m2 310980 0.00117677427 0.5 p-1 -3870540 209
356 349 m2 311283 0.00184865296 0.5 p-1 -8102725 306
415 350 m2 311645 0.0290377103 0.5 p-1 -1412004 1004
416 351 m2 311772 6.81552638e-06 0.5 p-1 -2864130 928
186 352 m2 312641 4.70592931e-06 0.5 p-1 -5104492 1397
495 353 m2 315305 -2.48637371e-05 0.5 p-1 -774395 315
697 354 m2 315472 -0.000122644458 0.5 p-1 -850261 36
593 355 m2 315712 0.00375562836 0.5 p-1 -97312 25
1232 356 m2 317855 -0.000244206982 0.5 p-1 -4289 2
45 357 m2 318157 0.0109356102 0.5 p-1 -6932928 1613
526 359 m2 321184 0.0371907949 0.5 p-1 -339986 193
384 360 m2 321655 0.0446781367 0.5 p-1 -5752461 321
496 361 m2 322226 0.000137181385 0.5 p-1 -161880 43
357 362 m2 322715 0.00171731156 0.5 p-1 -2740200 265
417 363 m2 323263 -0.000103939943 0.5 p-1 -115428 86
836 364 m2 323326 0.0023868503 0.5 p-1 -41278 56
856 365 m2 324947 -7.05647763e-05 0.5 p-1 -9949 10
691 366 m2 324983 -0.000109431719 0.5 p-1 -229000 152
46 367 m2 325300 -0.00043954479 0.5 p-1 -1222635 794
895 368 m2 326292 0.00112838508 0.5 p-1 -198788 18
1174 369 m2 326314 -0.00911429618 0.5 p-1 -5961 4
188 370 m2 326515 -0.00832623336 0.5 p-1 -2536562 1317
264 371 m2 327090 -0.0286586452 0.5 p-1 -392344 161
851 374 m2 329969 0.0155879185 0.5 p-1 -139832 38
652 375 m2 331010 -0.000928831054 0.5 p-1 -27851 2
852 379 m2 332238 0.00464470405 0.5 p-1 -175606 34
190 380 m2 336895 0.00863889139 0.5 p-1 -3329034 1055
767 384 m2 338272 4.41269503e-06 0.5 p-1 -376482 53
358 385 m2 338928 0.00158320542 0.5 p-1 -344722 151
314 387 m2 340246 -0.00835992303 0.5 p-1 -1224119 830
1164 388 m2 340547 -0.00141426595 0.5 p-1 -92939 7
478 389 m2 342042 0.000190901497 0.5 p-1 -694728 145
1140 390 m2 342195 -0.00454083551 0.5 p-1 -226731 4
1119 391 m2 343073 -0.000546847121 0.5 p-1 -18144 4
859 392 m2 343379 -0.0047272006 0.5 p-1 -420181 20
714 394 m2 344345 -0.0122157522 0.5 p-1 -13726 10
47 396 m2 344827 0.000385967374 0.5 p-1 -3564481 1723
860 397 m2 345941 0.00817379635 0.5 p-1 -635427 20
811 398 m2 346326 -7.03722799e-06 0.5 p-1 -346065 74
315 399 m2 346648 -0.00142182223 0.5 p-1 -2710103 452
453 401 m2 348672 -0.0119888512 0.5 p-1 -11716446 492
48 402 m2 348871 1.6249875e-07 0.5 p-1 -2990829 1780
645 403 m2 349543 0.00579650467 0.5 p-1 -42950 19
316 404 m2 349599 -0.0203444548 0.5 p-1 -817267 88
635 407 m2 352657 -0.000257948937 0.5 p-1 -328489 87
542 409 m2 353428 -0.0189282242 0.5 p-1 -104139 83
191 410 m2 353439 -0.00356007484 0.5 p-1 -1607429 438
793 411 m2 353591 -0.0149754258 0.5 p-1 -1321221 41
902 412 m2 354186 -0.0266631395 0.5 p-1 -147185 12
454 413 m2 355110 0.00165040721 0.5 p-1 -387692 253
770 414 m2 355163 0.019039046 0.5 p-1 -578397 62
698 416 m2 357187 0.0204099808 0.5 p-1 -1334232 167
1262 418 m2 359040 -0.00749451527 0.5 p-1 -36039 1
1024 419 m2 359542 0.00894429162 0.5 p-1 -15459 2
434 420 m2 361120 0.017441636 0.5 p-1 -2307047 651
747 421 m2 361154 0.00675075268 0.5 p-1 -1682 1
317 422 m2 361421 0.00253703841 0.5 p-1 -622586 587
973 423 m2 362299 0.00353004946 0.5 p-1 -635095 27
544 425 m2 365138 0.00102397159 0.5 p-1 -513599 125
50 426 m2 365421 -1.09354769e-05 0.5 p-1 -527891 561
829 427 m2 365761 1.99619922e-06 0.5 p-1 -3053 5
961 431 m2 367398 -6.56807174e-07 0.5 p-1 -53268 3
435 432 m2 368183 -0.0070343418 0.5 p-1 -1495264 741
359 434 m2 369833 3.08778981e-05 0.5 p-1 -1084428 555
480 435 m2 370638 -0.00204022182 0.5 p-1 -81955 40
1192 436 m2 372668 -0.00139702542 0.5 p-1 -4961 4
436 437 m2 373237 0.00786746852 0.5 p-1 -2643144 706
789 438 m2 373391 9.24054439e-06 0.5 p-1 -39788 4
360 439 m2 373682 8.64097444e-07 0.5 p-1 -2608174 850
799 440 m2 374014 -0.00257778051 0.5 p-1 -10970 25
1059 441 m2 375488 -0.00379403285 0.5 p-1 -4051 3
668 442 m2 376583 0.00040316896 0.5 p-1 -24821 12
881 443 m2 377206 -0.00716628646 0.5 p-1 -108987 3
52 444 m2 377483 0.0177074466 0.5 p-1 -1229271 914
612 446 m2 380197 -0.00193694932 0.5 p-1 -454147 95
192 447 m2 380545 7.96904442e-06 0.5 p-1 -740834 381
318 449 m2 381981 0.000622057996 0.5 p-1 -1208622 459
946 450 m2 382462 -0.00648113666 0.5 p-1 -7885 3
54 452 m2 383679 1.82778876e-06 0.5 p-1 -467330 329
193 453 m2 387430 -0.00176711567 0.5 p-1 -57594 47
194 454 m2 387442 0.000655647542 0.5 p-1 -456369 473
515 455 m2 387770 0.0126964124 0.5 p-1 -86323 54
1281 456 m2 388490 0.0896852165 0.5 p-1 -6430 1
55 457 m2 390533 4.00415411e-05 0.5 p-1 -3340889 876
56 458 m2 391181 0.00131339987 0.5 p-1 -2687916 906
1087 459 m2 393325 0.0072541819 0.5 p-1 -27197 2
196 460 m2 397356 0.000284414418 0.5 p-1 -2563015 491
362 461 m2 397543 -0.0113106314 0.5 p-1 -4753 5
497 462 m2 399644 0.0330482796 0.5 p-1 -39165 63
455 463 m2 401420 -0.0396568589 0.5 p-1 -54786 19
57 464 m2 401903 -0.015891416 0.5 p-1 -4018429 1853
800 465 m2 402402 0.044946339 0.5 p-1 -20651 25
1058 466 m2 403141 -6.69028259e-06 0.5 p-1 -6017 5
386 467 m2 403427 -0.00321506779 0.5 p-1 -455937 449
58 469 m2 405208 0.0031973822 0.5 p-1 -301035 84
897 470 m2 407630 0.000190269566 0.5 p-1 -138570 28
715 471 m2 408096 0.00093538349 0.5 p-1 -366193 52
319 472 m2 408219 0.0267402232 0.5 p-1 -250134 152
942 473 m2 409271 0.0324369334 0.5 p-1 -25548 13
364 474 m2 410358 -0.0016627385 0.5 p-1 -3007565 526
268 475 m2 411151 0.00023090755 0.5 p-1 -172153 132
1182 476 m2 411500 4.79630444e-07 0.5 p-1 -705 1
437 478 m2 412387 0.0145877069 0.5 p-1 -169573 72
59 479 m2 412621 -0.00038481396 0.5 p-1 -8488433 304
481 480 m2 412882 -5.99562663e-05 0.5 p-1 -220257 160
1217 482 m2 413588 -0.00178717659 0.5 p-1 -46535 1
365 483 m2 413849 0.00904190075 0.5 p-1 -1572697 483
1238 485 m2 416010 -0.02671979 0.5 p-1 -867 1
947 486 m2 417185 -0.00415183464 0.5 p-1 -20539 3
528 487 m2 419638 3.26941763e-09 0.5 p-1 -6337475 141
1079 489 m2 420827 0.0306092147 0.5 p-1 -10314 2
320 490 m2 421635 -0.000253652863 0.5 p-1 -3420630 436
1010 491 m2 422539 -0.00826589856 0.5 p-1 -56770 3
755 492 m2 423804 0.00271739229 0.5 p-1 -279302 32
482 494 m2 425701 0.039305754 0.5 p-1 -392628 28
438 495 m2 426220 -0.0283286385 0.5 p-1 -361532 632
654 496 m2 426305 0.000124783735 0.5 p-1 -46346 110
623 497 m2 426701 2.13043459e-05 0.5 p-1 -25884 5
861 498 m2 427496 -0.000422956655 0.5 p-1 -20470 5
387 499 m2 428906 -0.00380233605 0.5 p-1 -7518594 157
529 501 m2 430974 0.0080351634 0.5 p-1 -302917 14
806 502 m2 433331 -0.0135558909 0.5 p-1 -124597 41
1008 504 m2 436312 -0.0804567486 0.5 p-1 -11138 1
595 506 m2 436580 0.0291766748 0.5 p-1 -233446 54
61 507 m2 436684 0.0388177186 0.5 p-1 -9764916 1733
62 508 m2 438029 0.00253932388 0.5 p-1 -6565413 1495
1167 509 m2 440222 0.00251230132 0.5 p-1 -5417 4
545 511 m2 441019 0.00258239941 0.5 p-1 -147569 13
197 512 m2 443013 0.00121040142 0.5 p-1 -2082532 344
636 513 m2 445453 0.00563693512 0.5 p-1 -4085994 194
63 514 m2 446110 0.0119129252 0.5 p-1 -118139 79
456 516 m2 447723 0.000960939273 0.5 p-1 -1112067 250
64 519 m2 450450 0.0159776788 0.5 p-1 -895555 1162
1050 523 m2 453330 0.000447461876 0.5 p-1 -9537 7
574 524 m2 454140 0.00167850649 0.5 p-1 -87051 47
388 526 m2 454930 0.000106120002 0.5 p-1 -4909437 147
65 527 m2 457593 4.80413928e-06 0.5 p-1 -4383143 1963
1083 528 m2 458647 0.000637815625 0.5 p-1 -25936 4
772 530 m2 459894 -5.68684709e-06 0.5 p-1 -3845 11
617 531 m2 460533 -0.0078496607 0.5 p-1 -775199 164
556 532 m2 460815 -0.109677322 0.5 p-1 -94343 40
66 534 m2 461072 4.65576327e-10 0.5 p-1 -1195048 517
483 535 m2 461518 0.00413135253 0.5 p-1 -23901 12
876 537 m2 466128 0.00324031967 0.5 p-1 -161230 23
968 539 m2 467306 -0.00686019612 0.5 p-1 -1577038 13
726 540 m2 467990 2.53340005e-07 0.5 p-1 -88857 21
624 541 m2 468116 -0.00105438312 0.5 p-1 -71089 17
389 542 m2 468188 4.02279784e-06 0.5 p-1 -980738 353
660 544 m2 470131 -7.26723428e-08 0.5 p-1 -310512 88
458 545 m2 471050 0.00629693037 0.5 p-1 -605720 132
1190 546 m2 471311 0.005559335 0.5 p-1 -5568 3
727 547 m2 472176 -0.00549348164 0.5 p-1 -65425 19
366 548 m2 472779 6.09403505e-05 0.5 p-1 -1510755 272
1208 549 m2 473604 -0.00346713536 0.5 p-1 -24877 3
831 551 m2 474243 -0.00130261516 0.5 p-1 -45879 21
898 553 m2 476387 2.74068782e-07 0.5 p-1 -662 6
546 554 m2 477019 4.6393212e-05 0.5 p-1 -294376 142
655 555 m2 478132 0.00686267996 0.5 p-1 -894074 199
67 556 m2 478572 0.0109506175 0.5 p-1 -6152113 1656
790 557 m2 479960 0.00099960377 0.5 p-1 -24307 6
68 558 m2 481303 0.0224067681 0.5 p-1 -3526428 729
498 559 m2 481492 -1.25987287e-09 0.5 p-1 -79208 49
271 560 m2 481965 0.00128488149 0.5 p-1 -1135817 969
1060 562 m2 484019 0.0100270621 0.5 p-1 -22405 3
924 563 m2 490236 0.000129282125 0.5 p-1 -43619 6
69 564 m2 491120 0.000404764054 0.5 p-1 -8863204 861
925 565 m2 491420 -0.00113224646 0.5 p-1 -54875 6
1279 566 m2 493634 -0.0312241241 0.5 p-1 -5748 1
70 567 m2 493833 -0.00283083646 0.5 p-1 -4610476 809
321 568 m2 494067 0.0662470981 0.5 p-1 -1675343 989
840 569 m2 494469 1.33816893e-05 0.5 p-1 -9407 7
200 570 m2 494713 9.46402724e-05 0.5 p-1 -7932496 1093
367 571 m2 498529 -0.0125642279 0.5 p-1 -961439 255
272 573 m2 499118 -0.0183377638 0.5 p-1 -4324299 656
499 574 m2 499482 -0.000455142115 0.5 p-1 -3421551 9
618 575 m2 500087 -0.00341063319 0.5 p-1 -1271205 136
619 576 m2 500286 0.0011647474 0.5 p-1 -322973 110
1221 577 m2 501570 -0.020348724 0.5 p-1 -2079 1
1201 578 m2 502979 -0.00516605563 0.5 p-1 -10104 1
201 579 m2 503698 6.85419291e-05 0.5 p-1 -310936 122
1021 583 m2 507739 0.00039431543 0.5 p-1 -16879 15
661 585 m2 509181 -0.00119164912 0.5 p-1 -936471 136
873 586 m2 509990 7.13345289e-05 0.5 p-1 -432320 45
203 587 m2 510841 -7.14943553e-06 0.5 p-1 -658574 413
74 589 m2 512933 -0.0117752487 0.5 p-1 -1036870 402
368 590 m2 514300 0.000697239069 0.5 p-1 -1403812 675
439 593 m2 519108 -8.83301545e-05 0.5 p-1 -1794240 144
646 594 m2 520163 0.0120673561 0.5 p-1 -17772 16
890 597 m2 522940 0.0131352348 0.5 p-1 -1580 2
205 601 m2 528508 -2.39481869e-05 0.5 p-1 -3578000 793
324 602 m2 528772 -0.00690853409 0.5 p-1 -1574144 1023
206 603 m2 528812 -0.000964535109 0.5 p-1 -1420454 362
647 604 m2 529141 -0.0359826274 0.5 p-1 -15003 19
1045 605 m2 529208 0.000227510856 0.5 p-1 -13222 2
596 606 m2 529992 0.00184966018 0.5 p-1 -375920 125
944 609 m2 530745 -0.000499323127 0.5 p-1 -50006 29
557 610 m2 531434 0.0546323806 0.5 p-1 -357185 261
703 611 m2 531610 -0.000311469572 0.5 p-1 -38058 44
1130 612 m2 531679 0.000262666494 0.5 p-1 -1005 3
1090 613 m2 532246 -0.0151191568 0.5 p-1 -663 5
1236 614 m2 534113 -8.44768074e-05 0.5 p-1 -6889 4
558 615 m2 535934 0.0127253076 0.5 p-1 -3291683 151
75 616 m2 537161 -0.000810174795 0.5 p-1 -4706927 1890
884 617 m2 537695 0.000614239485 0.5 p-1 -153875 58
76 621 m2 540921 -4.48217434e-05 0.5 p-1 -8999223 891
77 622 m2 542259 -0.000954009476 0.5 p-1 -1409483 161
1123 623 m2 543101 0.00303854956 0.5 p-1 -3187 1
79 624 m2 545720 2.08530237e-05 0.5 p-1 -6242950 1437
824 629 m2 549060 2.24980085e-05 0.5 p-1 -1042420 42
709 630 m2 551556 -0.00724377856 0.5 p-1 -38264 37
516 631 m2 551958 -0.00938751362 0.5 p-1 -3066071 564
662 632 m2 552378 0.000316615391 0.5 p-1 -41864 75
207 633 m2 552657 -0.001345973 0.5 p-1 -12128936 1065
80 634 m2 553234 -0.00145979808 0.5 p-1 -3093302 1396
935 636 m2 556731 -0.000362277875 0.5 p-1 -126819 5
81 637 m2 557017 -0.000408189051 0.5 p-1 -1096758 512
1014 638 m2 557672 0.0500693247 0.5 p-1 -258599 6
692 639 m2 558492 -1.9479241e-05 0.5 p-1 -506912 18
460 640 m2 559320 -0.00395346433 0.5 p-1 -439393 4
273 641 m2 560358 0.0119049354 0.5 p-1 -114990 30
82 642 m2 561591 -0.00285371835 0.5 p-1 -78587 12
794 643 m2 565490 -2.73637198e-07 0.5 p-1 -243200 27
370 646 m2 566724 0.00647712825 0.5 p-1 -1869747 648
795 648 m2 567197 -0.0787849277 0.5 p-1 -147089 28
484 649 m2 568629 -3.76010007e-06 0.5 p-1 -452628 192
83 650 m2 570274 -0.0112978304 0.5 p-1 -5856998 529
1218 651 m2 571907 -0.0575339124 0.5 p-1 -40587 2
1285 652 m2 573573 -0.000584075344 0.5 p-1 -24062 1
1128 653 m2 574516 -0.00495765451 0.5 p-1 -11659 2
559 654 m2 574951 0.0131420484 0.5 p-1 -1783294 301
648 655 m2 574988 0.00114318717 0.5 p-1 -2432457 172
1286 657 m2 576718 0.00699442672 0.5 p-1 -171351 1
85 658 m2 579048 0.00265227701 0.5 p-1 -6483731 1220
86 659 m2 579155 -7.06071514e-05 0.5 p-1 -7803817 1237
88 660 m2 583516 -0.000730494969 0.5 p-1 -3043098 992
440 662 m2 586844 -0.0151610989 0.5 p-1 -19719972 460
530 665 m2 588297 0.0541955121 0.5 p-1 -1318138 204
441 666 m2 588564 -0.00462936051 0.5 p-1 -2201932 1468
89 667 m2 589707 0.050582435 0.5 p-1 -3065679 1887
656 670 m2 592202 0.0137156406 0.5 p-1 -36467 9
208 671 m2 592744 0.000201470175 0.5 p-1 -895931 792
90 672 m2 594680 -0.00669589732 0.5 p-1 -1632160 753
1292 673 m2 595352 -9.81484938e-09 0.5 p-1 -13476 1
728 675 m2 597174 -0.0063544591 0.5 p-1 -255248 106
686 676 m2 597843 0.000368759938 0.5 p-1 -59713 37
560 678 m2 599144 -0.000495026936 0.5 p-1 -142894 45
846 681 m2 600268 0.000216918139 0.5 p-1 -27924 37
1000 682 m2 601140 0.00112867833 0.5 p-1 -19711 6
91 683 m2 602384 6.88364598e-05 0.5 p-1 -2971420 1567
371 684 m2 602706 0.00098669494 0.5 p-1 -216750 123
274 685 m2 604119 -0.0543536842 0.5 p-1 -5133883 1348
1136 686 m2 605117 -0.00286204508 0.5 p-1 -3432 1
209 687 m2 605616 -0.00692575984 0.5 p-1 -2399682 620
720 688 m2 607437 -0.0057100351 0.5 p-1 -574418 21
210 689 m2 607902 5.07214145e-06 0.5 p-1 -57634 55
1254 690 m2 608100 -0.0315525793 0.5 p-1 -22715 2
211 691 m2 610515 -4.41699049e-05 0.5 p-1 -1573434 843
716 694 m2 612974 0.000144078353 0.5 p-1 -186505 34
729 695 m2 613353 0.0307694878 0.5 p-1 -183969 10
326 696 m2 613597 0.00209090905 0.5 p-1 -701140 841
693 697 m2 615119 7.91544874e-09 0.5 p-1 -248266 104
837 698 m2 616584 -0.00090374361 0.5 p-1 -86117 13
710 699 m2 616635 -0.0173449405 0.5 p-1 -58718 106
276 700 m2 617981 0.00974608678 0.5 p-1 -6687461 818
94 701 m2 618078 0.00226554787 0.5 p-1 -9182338 1715
1009 702 m2 618441 -0.000248114171 0.5 p-1 -361 1
1103 703 m2 620610 0.00141280703 0.5 p-1 -98738 7
801 705 m2 623271 -0.000733552675 0.5 p-1 -687800 29
96 707 m2 623705 -0.004083612 0.5 p-1 -986752 193
694 708 m2 624161 -0.000381845894 0.5 p-1 -439125 175
597 709 m2 624456 0.000127146472 0.5 p-1 -65597 70
97 711 m2 628041 -0.00717375986 0.5 p-1 -2435725 1161
928 712 m2 628546 -2.06867207e-06 0.5 p-1 -24014 25
1026 713 m2 628980 -1.559474e-05 0.5 p-1 -11127 5
419 714 m2 629708 -0.00762918685 0.5 p-1 -105255 44
500 716 m2 630548 0.000168474973 0.5 p-1 -167837 35
757 717 m2 630861 -0.00323319272 0.5 p-1 -85054 6
841 718 m2 631522 1.64504909e-05 0.5 p-1 -29545 12
1027 721 m2 633848 -0.0496609136 0.5 p-1 -82596 20
98 722 m2 635637 -0.00183592131 0.5 p-1 -3325235 1019
995 723 m2 636535 -0.000151276836 0.5 p-1 -235909 48
547 724 m2 636536 -0.000240989641 0.5 p-1 -6199894 229
758 725 m2 637003 -0.00750360033 0.5 p-1 -325516 5
99 726 m2 637629 0.0599398687 0.5 p-1 -3759543 788
744 727 m2 637717 -0.00620888872 0.5 p-1 -31316 42
100 729 m2 637990 0.00272740726 0.5 p-1 -1555240 581
101 730 m2 639933 2.44975581e-06 0.5 p-1 -7285552 1517
212 731 m2 640966 -4.44907128e-05 0.5 p-1 -653471 146
731 732 m2 642263 -0.0410521589 0.5 p-1 -362221 91
732 733 m2 643267 0.000752940425 0.5 p-1 -582932 99
501 734 m2 643341 0.00828172173 0.5 p-1 -774220 246
1124 736 m2 646631 0.000329155417 0.5 p-1 -70917 5
1230 738 m2 650452 0.0243712608 0.5 p-1 -2379 1
420 740 m2 652166 -0.00834405329 0.5 p-1 -591595 176
327 741 m2 652233 0.00135139958 0.5 p-1 -778059 205
1133 742 m2 652346 4.91720311e-05 0.5 p-1 -5038 8
669 745 m2 654865 -4.84151224e-06 0.5 p-1 -130066 34
956 746 m2 658284 -0.000609501963 0.5 p-1 -9803 10
102 747 m2 658629 -0.000370310765 0.5 p-1 -4126313 1855
670 748 m2 659804 1.85832068e-05 0.5 p-1 -694515 58
485 749 m2 659824 -0.00216050446 0.5 p-1 -159939 53
461 750 m2 660759 -0.00242190063 0.5 p-1 -1924193 373
213 751 m2 660790 -0.00198287028 0.5 p-1 -232731 54
765 752 m2 661390 0.00066364411 0.5 p-1 -118751 104
372 753 m2 662351 0.0160976108 0.5 p-1 -4631132 443
391 754 m2 662688 1.02185304e-05 0.5 p-1 -2617730 348
531 755 m2 663010 0.00399371888 0.5 p-1 -1180741 80
899 758 m2 664097 -5.67673414e-05 0.5 p-1 -21196 19
392 760 m2 665192 0.00200957339 0.5 p-1 -1113925 393
214 762 m2 665847 0.00113721017 0.5 p-1 -1681187 476
945 763 m2 666054 0.00690863421 0.5 p-1 -20335 15
215 764 m2 666382 -7.74668879e-05 0.5 p-1 -212410 87
987 765 m2 667325 -0.000701201148 0.5 p-1 -310930 11
892 766 m2 667932 -0.000669326168 0.5 p-1 -172559 11
1228 767 m2 668175 3.70765779e-10 0.5 p-1 -7495 7
277 768 m2 668203 0.000136039147 0.5 p-1 -1441926 473
1099 769 m2 668307 -0.00693753548 0.5 p-1 -86173 6
843 770 m2 668404 0.00333270943 0.5 p-1 -12783741 107
903 771 m2 668645 -0.0021076405 0.5 p-1 -7892251 66
705 772 m2 669341 0.00177705754 0.5 p-1 -555240 88
532 773 m2 669379 0.0174359456 0.5 p-1 -326663 172
103 774 m2 670660 -0.00212139124 0.5 p-1 -5825919 1371
279 775 m2 673371 0.0351520069 0.5 p-1 -1186457 233
442 777 m2 676529 -0.0245218016 0.5 p-1 -284090 23
105 778 m2 676921 -0.00159137906 0.5 p-1 -2085462 1267
638 779 m2 676981 0.0303795915 0.5 p-1 -336335 20
216 781 m2 677531 0.000725765654 0.5 p-1 -714412 351
486 782 m2 679239 -4.41647644e-05 0.5 p-1 -115456 134
462 783 m2 679360 -0.00151498301 0.5 p-1 -199640 142
1195 784 m2 680083 8.25106254e-05 0.5 p-1 -9644 6
280 785 m2 680168 0.024893228 0.5 p-1 -3496910 548
329 786 m2 680375 0.000370141148 0.5 p-1 -1709111 583
1151 787 m2 681518 0.0148671782 0.5 p-1 -69886 1
639 788 m2 684131 3.11865108e-07 0.5 p-1 -394197 85
281 789 m2 684204 0.014573548 0.5 p-1 -1468226 650
282 790 m2 684374 -0.00564520946 0.5 p-1 -415907 637
330 791 m2 686485 0.00134994602 0.5 p-1 -2566606 567
1149 792 m2 686490 0.00832996424 0.5 p-1 -37260 2
1116 794 m2 687899 0.00657086121 0.5 p-1 -122804 3
1137 795 m2 688075 0.00653983001 0.5 p-1 -604 1
107 796 m2 688275 0.0309284367 0.5 p-1 -642393 130
421 797 m2 688737 0.0210949592 0.5 p-1 -474535 251
808 798 m2 690498 -0.00549466116 0.5 p-1 -369080 26
518 801 m2 692388 0.00045002572 0.5 p-1 -1898115 184
217 802 m2 692492 0.00137667672 0.5 p-1 -2830196 983
930 803 m2 694371 -1.55426196e-08 0.5 p-1 -26007 23
679 804 m2 694961 0.00595460134 0.5 p-1 -290271 88
1071 805 m2 695876 0.000218255795 0.5 p-1 -80848 4
613 806 m2 696309 0.0406943783 0.5 p-1 -55812 60
671 807 m2 697261 0.000462981377 0.5 p-1 -284381 48
393 808 m2 699313 2.29344386e-12 0.5 p-1 -3882233 567
108 809 m2 700363 -0.000901032996 0.5 p-1 -1873400 1073
283 810 m2 701357 -0.0303960871 0.5 p-1 -1304260 1105
649 812 m2 703640 -9.6459451e-05 0.5 p-1 -300448 195
1248 813 m2 703835 0.000156418537 0.5 p-1 -17397 1
1074 814 m2 704183 -0.00345579349 0.5 p-1 -268562 19
948 815 m2 705201 0.00270951679 0.5 p-1 -362202 6
699 816 m2 705401 -0.000322359643 0.5 p-1 -195723 110
110 817 m2 707655 -0.0971243232 0.5 p-1 -7991536 1610
373 818 m2 708461 0.00685966248 0.5 p-1 -523804 145
533 819 m2 709421 -0.0057705855 0.5 p-1 -368653 160
111 822 m2 710454 -0.00630599959 0.5 p-1 -4778044 1606
487 825 m2 711941 0.012634634 0.5 p-1 -260405 92
625 827 m2 715001 -0.00155789754 0.5 p-1 -62549 103
695 829 m2 715259 -0.000580739346 0.5 p-1 -225263 185
443 830 m2 715607 0.00129537308 0.5 p-1 -1991699 267
825 831 m2 716746 0.0173836481 0.5 p-1 -68801 28
832 833 m2 719078 -0.000343647494 0.5 p-1 -93211 25
900 834 m2 719386 0.0133707533 0.5 p-1 -351865 48
599 837 m2 720446 0.0115013681 0.5 p-1 -105024 37
834 838 m2 722353 -5.22721741e-08 0.5 p-1 -268692 12
1203 839 m2 723199 -0.0278419778 0.5 p-1 -15108 2
1269 842 m2 726531 -0.00038615847 0.5 p-1 -9784 1
112 843 m2 728538 0.000774460495 0.5 p-1 -712216 651
114 845 m2 734921 9.36341312e-05 0.5 p-1 -3438707 1498
657 846 m2 735439 -0.0125276502 0.5 p-1 -113805 7
1076 847 m2 738149 -0.000605703506 0.5 p-1 -24512 11
972 848 m2 738640 0.0406764038 0.5 p-1 -25873 33
221 849 m2 739377 -0.0137876598 0.5 p-1 -2510037 251
939 850 m2 742364 0.10322123 0.5 p-1 -964255 13
971 851 m2 742514 -0.00897490699 0.5 p-1 -80404 13
1193 852 m2 742523 -0.00351796346 0.5 p-1 -263 2
1016 853 m2 742546 -0.0243205857 0.5 p-1 -123593 8
549 854 m2 742560 -0.00242404058 0.5 p-1 -307097 130
502 855 m2 743163 0.00142790982 0.5 p-1 -1776754 128
463 856 m2 745217 -0.00166812609 0.5 p-1 -63551 14
422 857 m2 745219 0.00177871902 0.5 p-1 -581576 186
1264 858 m2 745350 0.0302335545 0.5 p-1 -3779 1
116 860 m2 747267 0.000127527281 0.5 p-1 -1570753 1558
222 861 m2 750797 0.00405639969 0.5 p-1 -416018 130
223 862 m2 751201 -0.0023050101 0.5 p-1 -3901096 175
1211 863 m2 751370 -7.34178275e-06 0.5 p-1 -82177 4
117 864 m2 751450 -2.79228333e-12 0.5 p-1 -4742576 814
931 865 m2 751571 -0.00041750152 0.5 p-1 -43237 12
908 866 m2 753797 -0.000304165151 0.5 p-1 -199480 8
464 867 m2 753978 0.0362965427 0.5 p-1 -1799237 51
224 868 m2 754023 0.00828848965 0.5 p-1 -556993 18
119 869 m2 755506 0.000328560011 0.5 p-1 -7763867 1440
1092 870 m2 755925 -0.000943977328 0.5 p-1 -2594 4
519 871 m2 755926 -0.0151589997 0.5 p-1 -438796 262
225 873 m2 760165 0.00170323148 0.5 p-1 -5581806 553
748 874 m2 760193 2.54965507e-05 0.5 p-1 -1749343 32
226 875 m2 760335 -8.81609667e-05 0.5 p-1 -4210668 569
839 876 m2 760709 0.0220171828 0.5 p-1 -577997 29
503 877 m2 762040 -7.42557677e-05 0.5 p-1 -2946647 135
227 878 m2 764077 -0.00261123036 0.5 p-1 -2188474 766
1031 880 m2 767644 0.00221933471 0.5 p-1 -12194 6
994 881 m2 770215 -0.0393816121 0.5 p-1 -98068 43
120 882 m2 771767 -0.0620820038 0.5 p-1 -364669 279
228 883 m2 771806 -0.0233823732 0.5 p-1 -1556220 686
121 884 m2 774235 0.00814906508 0.5 p-1 -1951976 1714
229 885 m2 774756 -0.000340443861 0.5 p-1 -2487021 934
844 888 m2 775850 -0.00986697525 0.5 p-1 -20212 19
1234 889 m2 776233 -0.033003021 0.5 p-1 -35086 4
122 891 m2 777561 -9.99529766e-06 0.5 p-1 -2436443 1049
917 893 m2 781032 -0.0357161053 0.5 p-1 -81028 24
123 894 m2 781365 -0.00148251886 0.5 p-1 -1234263 608
933 895 m2 781447 3.50572445e-05 0.5 p-1 -6914373 21
721 896 m2 781493 0.000233037921 0.5 p-1 -95857 72
600 897 m2 782931 -3.51001503e-08 0.5 p-1 -238555 110
124 898 m2 783471 0.00152023579 0.5 p-1 -1900442 309
885 899 m2 783591 -0.00192814891 0.5 p-1 -306345 62
1153 900 m2 785071 0.0113564106 0.5 p-1 -59144 5
550 901 m2 785691 6.46973319e-07 0.5 p-1 -81396 30
888 902 m2 785705 -0.00723478151 0.5 p-1 -7005 15
706 903 m2 786059 -0.000124799466 0.5 p-1 -4467666 104
983 904 m2 786200 -2.68737986e-05 0.5 p-1 -16913 3
125 905 m2 787792 0.000549742777 0.5 p-1 -5627254 302
1101 906 m2 790106 0.00372383278 0.5 p-1 -5380 5
489 909 m2 792939 0.000261007575 0.5 p-1 -345531 8
813 910 m2 795009 0.00050106697 0.5 p-1 -116489 32
1117 913 m2 796849 -8.51669975e-05 0.5 p-1 -18502 3
465 914 m2 799417 0.000327417685 0.5 p-1 -3246736 261
466 915 m2 800564 -3.7671376e-05 0.5 p-1 -487805 171
734 916 m2 800868 -0.0502105951 0.5 p-1 -71993 21
751 917 m2 801714 -0.00101154845 0.5 p-1 -528016 50
621 918 m2 802854 0.000252320082 0.5 p-1 -2888176 144
1150 919 m2 802987 -0.0125798909 0.5 p-1 -66343 3
768 920 m2 803294 0.0065194713 0.5 p-1 -25361 27
230 921 m2 805380 4.54351139e-05 0.5 p-1 -5719078 987
786 922 m2 805840 -4.68935787e-06 0.5 p-1 -56656 26
680 923 m2 806315 -5.19194873e-05 0.5 p-1 -96067 33
423 927 m2 809349 0.0043890588 0.5 p-1 -5742249 117
285 928 m2 810701 -0.000425030681 0.5 p-1 -509205 252
128 929 m2 811714 0.03591194 0.5 p-1 -1309345 70
396 930 m2 812132 0.0132183405 0.5 p-1 -2879855 168
286 931 m2 812227 1.37832819e-06 0.5 p-1 -3178347 1047
287 934 m2 814516 -0.00999228191 0.5 p-1 -3922719 823
129 935 m2 815700 0.00100500439 0.5 p-1 -1932949 1273
877 936 m2 815945 0.00238986663 0.5 p-1 -50506 6
1093 937 m2 816745 1.10842775e-08 0.5 p-1 -81 1
775 938 m2 818069 0.000135873954 0.5 p-1 -78848 24
905 941 m2 820076 -6.69725068e-06 0.5 p-1 -14743 10
131 943 m2 820704 0.00276121963 0.5 p-1 -1409371 748
332 944 m2 821406 0.00653458992 0.5 p-1 -758765 647
231 945 m2 822632 0.0481834337 0.5 p-1 -1022924 119
683 946 m2 824219 -0.00137220789 0.5 p-1 -289943 37
334 947 m2 825973 0.000220077141 0.5 p-1 -2657777 1495
722 949 m2 827083 -0.0434068032 0.5 p-1 -13951 2
132 950 m2 831379 -0.0408073328 0.5 p-1 -233279 109
335 951 m2 832651 -1.03164575e-06 0.5 p-1 -488542 239
232 952 m2 833397 -6.68040741e-07 0.5 p-1 -970221 223
626 953 m2 834192 6.27782947e-06 0.5 p-1 -75669 53
874 954 m2 834430 -0.1209803 0.5 p-1 -19263 7
133 955 m2 835057 0.000241727481 0.5 p-1 -2521259 1918
1216 956 m2 836330 -0.00024760759 0.5 p-1 -8360 3
134 957 m2 837004 0.0360060707 0.5 p-1 -2867947 1206
1129 958 m2 838105 -0.0236739088 0.5 p-1 -2806 3
445 959 m2 838425 0.000373597577 0.5 p-1 -6903610 163
1134 960 m2 839528 0.0136443088 0.5 p-1 -20964 8
536 961 m2 840236 1.43349725e-05 0.5 p-1 -2092342 312
135 962 m2 842609 -3.0080666e-05 0.5 p-1 -1965800 162
674 963 m2 843410 0.00328148296 0.5 p-1 -580301 98
681 965 m2 843647 -0.000669176574 0.5 p-1 -291081 50
735 966 m2 843825 0.0880964696 0.5 p-1 -31667 23
288 967 m2 843880 -0.000245307805 0.5 p-1 -660345 175
233 968 m2 845231 -0.0107773645 0.5 p-1 -3185709 1389
398 969 m2 845394 3.73053335e-05 0.5 p-1 -51445 19
424 970 m2 845860 -0.00726264296 0.5 p-1 -60932 120
958 971 m2 846412 -1.35127368e-06 0.5 p-1 -45650 8
234 973 m2 847730 -0.000146380742 0.5 p-1 -140852 35
576 975 m2 849142 -0.00126235816 0.5 p-1 -80291 55
289 976 m2 850280 0.00880931783 0.5 p-1 -237877 184
1047 977 m2 850847 -0.0226062518 0.5 p-1 -124746 21
1110 978 m2 855906 7.1355754e-07 0.5 p-1 -9708 3
290 979 m2 856221 0.00136928388 0.5 p-1 -260776 135
136 980 m2 856904 -4.11630793e-07 0.5 p-1 -1717924 935
400 981 m2 858245 0.00764704356 0.5 p-1 -3506797 204
235 982 m2 859010 0.00611418393 0.5 p-1 -2209065 472
1280 983 m2 859443 0.000213680323 0.5 p-1 -241 1
622 984 m2 859493 0.0386810824 0.5 p-1 -106495 74
137 985 m2 859621 0.000636600365 0.5 p-1 -2558600 1989
138 986 m2 859797 -0.000522326096 0.5 p-1 -2470778 1213
922 987 m2 859939 -0.0108748171 0.5 p-1 -347978 31
504 988 m2 860935 0.00958985556 0.5 p-1 -40551 50
336 989 m2 860938 -2.07259617e-07 0.5 p-1 -247660 41
640 990 m2 861632 -0.000438971096 0.5 p-1 -2024012 68
236 991 m2 862084 -7.38472008e-05 0.5 p-1 -589747 345
1089 992 m2 862792 0.0170146357 0.5 p-1 -7924 2
537 993 m2 863026 0.00770060578 0.5 p-1 -206908 45
291 994 m2 863846 -4.485315e-06 0.5 p-1 -2297571 303
1019 996 m2 864500 7.71890996e-08 0.5 p-1 -50222 11
1143 997 m2 865724 -0.000401655125 0.5 p-1 -25228 5
425 999 m2 867255 -0.000772512052 0.5 p-1 -5577946 502
988 1000 m2 872245 -0.000293810037 0.5 p-1 -93 3
991 1002 m2 873607 0.0178190954 0.5 p-1 -18015 5
141 1003 m2 874774 -0.000321067695 0.5 p-1 -5297886 1842
468 1004 m2 875449 0.00535577536 0.5 p-1 -292683 23
1197 1005 m2 877229 -0.023918638 0.5 p-1 -488 1
142 1006 m2 877237 0.000176579633 0.5 p-1 -4610659 1742
237 1007 m2 878322 -0.000320084422 0.5 p-1 -2274928 919
374 1008 m2 878529 0.00137615332 0.5 p-1 -1160969 30
792 1009 m2 879111 0.00223623542 0.5 p-1 -153268 33
577 1010 m2 879274 0.00781548116 0.5 p-1 -160098 72
949 1011 m2 879775 -0.0692190826 0.5 p-1 -66003 10
143 1012 m2 880876 -5.58784159e-05 0.5 p-1 -1428140 880
989 1013 m2 881337 0.000285613496 0.5 p-1 -118793 16
561 1014 m2 881963 8.45760005e-05 0.5 p-1 -510906 139
375 1015 m2 882155 0.00209658989 0.5 p-1 -1286898 184
293 1017 m2 883594 -2.73436181e-05 0.5 p-1 -4887424 721
1205 1020 m2 887254 -0.000633782474 0.5 p-1 -720 1
962 1021 m2 889252 -0.000752247928 0.5 p-1 -722628 3
426 1022 m2 889289 0.0058232462 0.5 p-1 -408291 272
1003 1023 m2 889301 -7.70304105e-05 0.5 p-1 -2139 2
294 1024 m2 892213 -1.65987876e-05 0.5 p-1 -131662 68
145 1025 m2 893310 0.0183425657 0.5 p-1 -3540495 1650
446 1027 m2 895599 0.000740719785 0.5 p-1 -3517385 614
295 1030 m2 896648 0.00214486197 0.5 p-1 -480175 146
337 1031 m2 896704 -1.13725155e-05 0.5 p-1 -648295 268
978 1032 m2 897393 -0.00750661176 0.5 p-1 -83769 5
1212 1033 m2 897555 0.0132610463 0.5 p-1 -32603 3
146 1035 m2 899767 -0.0496893264 0.5 p-1 -3918671 769
990 1036 m2 900520 -0.0156460647 0.5 p-1 -63702 26
520 1037 m2 901461 0.14323917 0.5 p-1 -3688808 611
1032 1038 m2 901793 -0.000425604376 0.5 p-1 -1693 1
376 1039 m2 901821 -0.00118280202 0.5 p-1 -2202747 532
627 1040 m2 901925 5.07617842e-05 0.5 p-1 -840795 115
628 1041 m2 902937 2.04884163e-05 0.5 p-1 -1518103 60
675 1042 m2 903641 -0.0587890856 0.5 p-1 -571872 8
1038 1043 m2 905752 -0.00953845773 0.5 p-1 -330937 11
689 1044 m2 906311 0.00316715264 0.5 p-1 -590806 41
855 1045 m2 906910 0.0143049443 0.5 p-1 -261889 19
819 1046 m2 907342 0.0273111593 0.5 p-1 -3718258 21
1207 1047 m2 907916 -0.0039610751 0.5 p-1 -23198 2
338 1048 m2 909323 0.00734009081 0.5 p-1 -2666804 316
447 1049 m2 910288 -0.00107680715 0.5 p-1 -4045463 180
1036 1050 m2 910791 -0.0151793044 0.5 p-1 -88478 19
906 1055 m2 914901 3.79111516e-05 0.5 p-1 -356787 68
297 1057 m2 917256 4.06106454e-10 0.5 p-1 -1820216 515
298 1058 m2 918487 0.0622220561 0.5 p-1 -2621970 805
150 1059 m2 919364 -0.000735897629 0.5 p-1 -220214 100
1166 1060 m2 919378 0.00376717281 0.5 p-1 -16912 5
629 1062 m2 923117 -0.00143053068 0.5 p-1 -153234 24
1152 1064 m2 924475 -0.0158664044 0.5 p-1 -21652 12
448 1065 m2 925434 -0.00577954995 0.5 p-1 -31245 35
151 1066 m2 925771 -0.00368362572 0.5 p-1 -2747842 1564
562 1068 m2 928795 6.61398662e-05 0.5 p-1 -69173 129
152 1069 m2 929397 -1.13774076e-05 0.5 p-1 -4090818 826
238 1070 m2 929982 -1.43613006e-05 0.5 p-1 -763455 586
1063 1071 m2 930098 -1.65252766e-06 0.5 p-1 -38609 9
664 1072 m2 930157 0.000109725319 0.5 p-1 -79985 65
1154 1073 m2 931559 -0.000242598428 0.5 p-1 -778 3
907 1074 m2 933072 -0.00709150778 0.5 p-1 -1644 3
820 1076 m2 933972 0.00578105962 0.5 p-1 -57091 63
377 1077 m2 934111 0.0100622158 0.5 p-1 -94892 155
796 1078 m2 934858 0.0102004465 0.5 p-1 -7603 3
984 1079 m2 936185 0.00437719794 0.5 p-1 -91520 5
700 1080 m2 936293 0.000285707181 0.5 p-1 -1873 2
153 1081 m2 936510 4.60011188e-06 0.5 p-1 -3974991 719
492 1082 m2 937049 5.50919168e-08 0.5 p-1 -206821 304
493 1084 m2 937892 -0.00761142885 0.5 p-1 -273653 282
521 1085 m2 938682 0.000582606415 0.5 p-1 -1500402 88
957 1086 m2 939398 0.0127086444 0.5 p-1 -15820 13
154 1087 m2 939929 -0.0420485772 0.5 p-1 -5227381 1454
239 1088 m2 941115 -0.00836205855 0.5 p-1 -9071858 921
403 1090 m2 941839 -0.0453147776 0.5 p-1 -2098649 422
339 1091 m2 943038 0.0122650554 0.5 p-1 -2801915 169
585 1093 m2 944797 0.00613810588 0.5 p-1 -558475 126
563 1094 m2 944937 -0.0138354972 0.5 p-1 -422491 87
155 1095 m2 945493 0.0109457402 0.5 p-1 -6871878 1536
340 1096 m2 948102 -3.10095093e-05 0.5 p-1 -10168362 564
300 1097 m2 948144 0.033706408 0.5 p-1 -1761919 970
1258 1098 m2 948391 0.000117816584 0.5 p-1 -1113 1
1260 1101 m2 950439 -0.000221281138 0.5 p-1 -1785 1
741 1103 m2 953792 -0.0404848494 0.5 p-1 -731988 83
240 1104 m2 954219 -0.00168953848 0.5 p-1 -3767953 482
301 1106 m2 955674 0.000453555374 0.5 p-1 -1491555 685
428 1108 m2 957326 0.00167223916 0.5 p-1 -1543740 525
676 1109 m2 958900 -0.024868127 0.5 p-1 -617360 4
1147 1110 m2 960418 -1.36773197e-05 0.5 p-1 -12697 2
156 1112 m2 960881 -0.00773438253 0.5 p-1 -554040 282
1118 1113 m2 961972 2.53393828e-05 0.5 p-1 -6812 1
682 1114 m2 963143 -0.00785879232 0.5 p-1 -36476 43
241 1116 m2 964137 -0.00532088615 0.5 p-1 -1390728 940
342 1117 m2 964224 8.82972836e-06 0.5 p-1 -7455428 895
242 1118 m2 964745 -9.1815331e-05 0.5 p-1 -916100 1095
723 1119 m2 965078 -8.21047288e-05 0.5 p-1 -295752 46
893 1120 m2 968174 0.00832400564 0.5 p-1 -2176531 5
429 1121 m2 968850 -0.000163212506 0.5 p-1 -2531945 261
773 1122 m2 969270 0.00480549224 0.5 p-1 -100887 64
1287 1125 m2 972205 0.00152197294 0.5 p-1 -6876 1
157 1126 m2 972723 0.000284339272 0.5 p-1 -357633 351
1065 1127 m2 972887 0.00014977112 0.5 p-1 -45980 6
774 1128 m2 972892 0.00439914735 0.5 p-1 -58081 19
1226 1129 m2 973331 0.00538401445 0.5 p-1 -6200 1
1227 1130 m2 974680 0.000811879348 0.5 p-1 -7882 1
494 1131 m2 974815 0.000179190072 0.5 p-1 -1368962 549
966 1132 m2 975568 0.010591968 0.5 p-1 -3965 7
969 1133 m2 975655 0.0132252797 0.5 p-1 -634361 11
614 1136 m2 976616 0.0232259892 0.5 p-1 -94790 25
1187 1137 m2 977364 2.04110802e-06 0.5 p-1 -331 2
615 1138 m2 979917 -0.000175879133 0.5 p-1 -2736648 159
955 1139 m2 980310 2.00800041e-05 0.5 p-1 -13388 14
1084 1140 m2 980319 -0.00743987784 0.5 p-1 -527353 17
1039 1141 m2 980442 0.00504422793 0.5 p-1 -37170 11
651 1142 m2 981402 -0.00306939939 0.5 p-1 -75205 19
904 1143 m2 983997 -0.00484688533 0.5 p-1 -227711 11
1252 1144 m2 984379 -5.99015839e-05 0.5 p-1 -3240 1
787 1145 m2 985172 0.000598137034 0.5 p-1 -13282 4
379 1146 m2 986208 0.000558096217 0.5 p-1 -230191 73
244 1147 m2 987314 0.000664506166 0.5 p-1 -406371 105
159 1148 m2 988030 -0.0126537671 0.5 p-1 -1711046 305
160 1149 m2 990081 -0.00068509212 0.5 p-1 -3524502 1893
754 1152 m2 993202 5.0205781e-06 0.5 p-1 -15210 17
302 1153 m2 994194 0.00206486951 0.5 p-1 -1456663 412
303 1155 m2 996302 0.0138524361 0.5 p-1 -8512953 1602
724 1159 m2 997207 0.00836859737 0.5 p-1 -443399 148
1183 1160 m2 998307 5.97161352e-06 0.5 p-1 -5228 1
161 1161 m2 998616 -0.000144171383 0.5 p-1 -1299937 994
1115 1166 m2 956310 -4.46356853e-06 0.5 p0 2 5
1053 1168 m2 438239 0.0558773167 0.5 p0 2 1
1075 1169 m2 306540 0.00342487288 0.5 p0 2 3
1245 1170 m2 667093 -0.000217016102 0.5 p0 2 2
1139 1173 m2 672705 -0.0391695686 0.5 p0 2 1
750 1174 m2 981142 0.00790552981 0.5 p0 2 1
1175 1177 m2 601069 0.000238317414 0.5 p0 2 4
1017 1181 m2 178172 0.0137091316 0.5 p0 2 4
620 1182 m2 553238 -0.00151863962 0.5 p0 2 2
1215 1186 m2 933169 -0.000295536011 0.5 p0 2 1
1157 1187 m2 521955 -0.00665939832 0.5 p0 2 2
791 1188 m2 514663 0.00897235889 0.5 p0 2 2
1261 1193 m2 641172 -0.00179096055 0.5 p0 2 2
1006 1194 m2 104804 -0.0317847058 0.5 p0 2 2
964 1196 m2 53020 0.000449926913 0.5 p0 2 2
1066 1201 m2 55035 -0.00306338421 0.5 p0 2 4
1185 1203 m2 926582 1.28100623e-07 0.5 p0 2 1
1198 1209 m2 257248 -0.0574623793 0.5 p0 2 2
1107 1210 m2 988715 -8.04479726e-07 0.5 p0 2 5
828 1212 m2 775959 0.0026376897 0.5 p0 2 2
1072 1216 m2 632076 1.98824591e-06 0.5 p0 2 3
1272 1220 m2 279975 0.0432487987 0.5 p0 2 1
1223 1222 m2 404464 -0.0737439245 0.5 p0 2 2
1290 1224 m2 264903 -4.9338722e-10 0.5 p0 2 2
690 1226 m2 230626 0.0111911958 0.5 p0 2 2
1041 1227 m2 209929 1.06927223e-06 0.5 p0 2 13
1239 1229 m2 631017 -1.95721605e-05 0.5 p0 2 1
960 1230 m2 777150 -0.000661395141 0.5 p0 2 9
759 1232 m2 160250 0.000284686597 0.5 p0 2 2
1177 1236 m2 305221 0.000944147992 0.5 p0 2 2
920 1239 m2 278041 0.000716219423 0.5 p0 2 2
1069 1243 m2 855790 -0.0746663958 0.5 p0 2 3
1189 1245 m2 878551 0.0128287161 0.5 p0 2 2
1144 1246 m2 826324 -0.0472915806 0.5 p0 2 3
1064 1252 m2 528171 -0.00262200017 0.5 p0 2 4
1284 1253 m2 448921 2.87607254e-05 0.5 p0 2 1
1106 1254 m2 894482 0.000877184561 0.5 p0 2 1
1256 1256 m2 330498 -0.0337085836 0.5 p0 2 2
1176 1257 m2 870969 0.0292591993 0.5 p0 2 2
1178 1260 m2 780992 -0.0101686651 0.5 p0 2 1
999 1261 m2 808204 -0.000368730223 0.5 p0 2 1
1293 1262 m2 505837 -0.00510495063 0.5 p0 2 1
1265 1263 m2 960416 0.00485610776 0.5 p0 2 1
878 1271 m2 950906 0.000206982528 0.5 p0 2 4
879 1272 m2 985901 0.00418542465 0.5 p0 2 4
1196 1274 m2 558678 0.00520783802 0.5 p0 2 1
1102 1279 m2 270658 2.96062876e-06 0.5 p0 2 4
1171 1280 m2 189939 -0.00132701139 0.5 p0 2 2
1111 1283 m2 338120 -0.0265868288 0.5 p0 2 1
1210 1285 m2 894689 0.00568169542 0.5 p0 2 1
1274 1286 m2 162465 -0.0119590433 0.5 p0 2 1
1275 1287 m2 899638 0.0482405089 0.5 p0 2 1
1098 1289 m2 718262 -4.64846899e-08 0.5 p0 2 2
1037 1293 m2 817039 0.00295277685 0.5 p0 2 8
1213 1302 m2 843424 -0.01073959 0.5 p0 2 3
1120 1304 m2 639454 -0.00160526682 0.5 p0 2 5
865 1305 m2 15260 -0.0167165175 0.5 p0 2 1
1127 1306 m2 530027 -0.00125952123 0.5 p0 2 2
1243 1307 m2 148444 0.00329281436 0.5 p0 2 5
1168 1310 m2 602451 0.00396580575 0.5 p0 2 3
1061 1311 m2 510584 -0.012024425 0.5 p0 2 5
975 1313 m2 391114 -0.000354331685 0.5 p0 2 1
1156 1317 m2 783722 0.0055243955 0.5 p0 2 8
1240 1319 m2 639353 -5.13891246e-05 0.5 p0 2 2
733 1320 m2 685855 -0.0540474989 0.5 p0 2 4
1046 1321 m2 464880 0.00293587125 0.5 p0 2 3
1255 1323 m2 153774 9.90723565e-05 0.5 p0 2 1
1225 1324 m2 313891 1.94193262e-06 0.5 p0 2 1
667 1325 m2 374510 2.54781953e-05 0.5 p0 2 3
1283 1327 m2 535990 0.0387022905 0.5 p0 2 1
761 1331 m2 950027 0.00205180258 0.5 p0 2 3
1186 1332 m2 738673 0.000442302757 0.5 p0 2 1
997 1335 m2 331403 0.0228478778 0.5 p0 2 1
804 1337 m2 109081 0.0109832296 0.5 p0 2 3
809 1338 m2 692303 -2.33840456e-06 0.5 p0 2 1
1146 1339 m2 206948 6.99724478e-05 0.5 p0 2 1
1057 1341 m2 319422 -0.0104354769 0.5 p0 2 2
1247 1343 m2 853125 1.79656013e-06 0.5 p0 2 1
1052 1344 m2 933446 1.97996596e-05 0.5 p0 2 4
1095 1347 m2 156091 -0.000898437575 0.5 p0 2 1
1096 1348 m2 239240 -7.82106217e-05 0.5 p0 2 1
1131 1352 m2 179252 -0.0429973342 0.5 p0 2 5
1132 1353 m2 221652 1.23709715e-05 0.5 p0 2 6
1181 1354 m2 302505 -0.000223640964 0.5 p0 2 1
934 1357 m2 193732 1.81479919e-07 0.5 p0 2 1
1224 1359 m2 304624 0.0177813116 0.5 p0 2 2
1172 1366 m2 915223 -0.00779839046 0.5 p0 2 1
1202 1371 m2 402104 0.00714130234 0.5 p0 2 1
1160 1374 m2 174433 4.78521815e-06 0.5 p0 2 1
1162 1375 m2 497410 0.0163904 0.5 p0 2 1
1163 1376 m2 645365 0.00339344004 0.5 p0 2 1
979 1379 m2 584790 -0.00396385603 0.5 p0 2 1
976 1381 m2 205765 0.00427060015 0.5 p0 2 4
1268 1383 m2 601432 -0.00521010067 0.5 p0 2 1
1250 1384 m2 572913 0.000500177033 0.5 p0 2 1
1148 1385 m2 240646 5.18867309e-05 0.5 p0 2 1
1263 1388 m2 189377 -0.00766212912 0.5 p0 2 1
1022 1389 m2 865720 4.75011802e-07 0.5 p0 2 9
996 1398 m2 822044 -0.000211106177 0.5 p0 2 1
1199 1401 m2 568001 0.00397336995 0.5 p0 2 1
1204 1409 m2 464564 0.0001457256 0.5 p0 2 1
982 1410 m2 536159 0.0201557055 0.5 p0 2 3
1209 1413 m2 791651 -0.000543431845 0.5 p0 2 1
1179 1417 m2 289276 -0.0254835151 0.5 p0 2 1
1180 1418 m2 324071 -5.22395567e-05 0.5 p0 2 1
1043 1422 m2 986507 -0.00231795548 0.5 p0 2 7
1104 1423 m2 280978 -9.9250492e-06 0.5 p0 2 7
1242 1424 m2 46231 3.28088532e-07 0.5 p0 2 3
1194 1425 m2 779600 -0.00290710083 0.5 p0 2 2
1267 1426 m2 293787 -0.000137785872 0.5 p0 2 1
1159 1427 m2 666025 -0.000515733962 0.5 p0 2 7
869 1430 m1 175 -0 0.5 p-1 -150443 24
568 1431 m1 3977 -0 0.5 p-1 -30517 21
564 1432 m1 4679 0 0.5 p-1 -111225 34
505 1433 m1 8471 0 0.5 p-1 -2830290 200
923 1434 m1 11796 -0 0.5 p-1 -22025 36
814 1435 m1 13252 -0 0.5 p-1 -1625575 84
587 1436 m1 14234 -0 0.5 p-1 -529409 42
658 1438 m1 23550 -0 0.5 p-1 -417599 157
507 1439 m1 26637 -0 0.5 p-1 -310128 63
803 1440 m1 39631 0 0.5 p-1 -70943 40
1206 1442 m1 49379 0 0.5 p-1 -9920 5
8 1443 m1 55557 -0 0.5 p-1 -1093766 408
1114 1444 m1 55910 0 0.5 p-1 -38157 8
571 1445 m1 61393 -0 0.5 p-1 -785660 323
605 1447 m1 70163 -0 0.5 p-1 -286260 116
1034 1448 m1 72004 -0 0.5 p-1 -5324 4
167 1449 m1 72241 0 0.5 p-1 -788384 157
1229 1452 m1 79475 -0 0.5 p-1 -66096 2
821 1453 m1 80867 -0 0.5 p-1 -9685 9
1222 1454 m1 83283 -0 0.5 p-1 -108707 3
169 1455 m1 83873 -0 0.5 p-1 -1654255 446
867 1456 m1 98939 -0 0.5 p-1 -200445 30
14 1458 m1 107069 -0 0.5 p-1 -4452592 1018
857 1459 m1 109413 -0 0.5 p-1 -733248 12
1105 1460 m1 109498 0 0.5 p-1 -7444 8
937 1461 m1 110115 -0 0.5 p-1 -77968 7
743 1463 m1 112846 0 0.5 p-1 -262120 19
15 1464 m1 114536 -0 0.5 p-1 -6136354 320
16 1465 m1 120336 -0 0.5 p-1 -1765384 1803
305 1467 m1 129957 -0 0.5 p-1 -2672863 1328
175 1469 m1 139304 0 0.5 p-1 -4441159 711
858 1470 m1 142825 0 0.5 p-1 -11363 2
1235 1471 m1 150779 -0 0.5 p-1 -30858 7
1135 1472 m1 154451 -0 0.5 p-1 -22342 7
20 1473 m1 155304 0 0.5 p-1 -51695 51
725 1474 m1 157832 0 0.5 p-1 -490465 39
1244 1475 m1 163688 -0 0.5 p-1 -6916 5
430 1476 m1 163738 -0 0.5 p-1 -537591 202
835 1480 m1 170279 -0 0.5 p-1 -5197 3
894 1481 m1 172932 0 0.5 p-1 -603072 29
871 1482 m1 174087 -0 0.5 p-1 -451344 36
565 1483 m1 176882 0 0.5 p-1 -3739011 151
307 1484 m1 177231 0 0.5 p-1 -453736 289
308 1485 m1 178621 -0 0.5 p-1 -2570274 170
1233 1486 m1 179328 0 0.5 p-1 -5651 3
431 1488 m1 180011 -0 0.5 p-1 -195460 35
26 1489 m1 183847 -0 0.5 p-1 -6953323 812
863 1490 m1 184531 0 0.5 p-1 -270602 25
868 1493 m1 203146 -0 0.5 p-1 -49804 13
1121 1495 m1 210250 -0 0.5 p-1 -17006 4
382 1496 m1 212534 0 0.5 p-1 -2218561 924
309 1497 m1 215456 -0 0.5 p-1 -2604915 533
915 1498 m1 215790 -0 0.5 p-1 -189220 8
1030 1499 m1 216123 -0 0.5 p-1 -185486 17
180 1500 m1 218565 -0 0.5 p-1 -2665914 253
1109 1502 m1 223427 -0 0.5 p-1 -27214 6
798 1503 m1 235626 0 0.5 p-1 -230840 44
310 1504 m1 235941 0 0.5 p-1 -252506 54
609 1505 m1 237391 -0 0.5 p-1 -30925 11
513 1506 m1 243035 -0 0.5 p-1 -494428 148
477 1507 m1 252741 0 0.5 p-1 -10193 21
591 1508 m1 253302 0 0.5 p-1 -212947 229
1113 1509 m1 258385 0 0.5 p-1 -9028 4
1141 1510 m1 258873 0 0.5 p-1 -3760 3
311 1511 m1 261437 0 0.5 p-1 -422472 470
38 1512 m1 268708 0 0.5 p-1 -7619382 1613
39 1513 m1 268934 -0 0.5 p-1 -2844731 1098
383 1514 m1 271081 -0 0.5 p-1 -898680 475
41 1516 m1 273382 -0 0.5 p-1 -46411 13
313 1517 m1 275477 -0 0.5 p-1 -2918539 51
185 1518 m1 277265 -0 0.5 p-1 -1042943 586
451 1519 m1 281277 -0 0.5 p-1 -116066 120
433 1520 m1 285379 -0 0.5 p-1 -232378 108
762 1521 m1 285451 -0 0.5 p-1 -11424 24
684 1522 m1 290171 -0 0.5 p-1 -12838 12
1001 1523 m1 291371 0 0.5 p-1 -170883 5
616 1524 m1 293455 -0 0.5 p-1 -91081 81
1073 1525 m1 295827 0 0.5 p-1 -2353 5
849 1526 m1 299321 0 0.5 p-1 -21616 29
1067 1527 m1 308050 -0 0.5 p-1 -583 16
685 1529 m1 313209 0 0.5 p-1 -543083 186
1266 1530 m1 319303 -0 0.5 p-1 -8322 2
1251 1531 m1 320047 -0 0.5 p-1 -6241 1
187 1532 m1 325057 0 0.5 p-1 -683594 73
263 1533 m1 325825 0 0.5 p-1 -252884 50
554 1535 m1 334856 0 0.5 p-1 -90237 59
452 1536 m1 336788 -0 0.5 p-1 -288245 106
189 1537 m1 336846 -0 0.5 p-1 -2879826 1055
265 1539 m1 342054 0 0.5 p-1 -67027 59
611 1540 m1 344496 0 0.5 p-1 -3099153 140
385 1541 m1 345523 -0 0.5 p-1 -722493 137
479 1542 m1 349216 -0 0.5 p-1 -3358986 237
49 1544 m1 350866 -0 0.5 p-1 -5420168 933
543 1547 m1 362086 0 0.5 p-1 -3490157 411
1259 1549 m1 367053 0 0.5 p-1 -10547 2
573 1550 m1 370646 -0 0.5 p-1 -90906 74
527 1551 m1 373924 -0 0.5 p-1 -75083 9
266 1553 m1 374775 0 0.5 p-1 -1036954 34
594 1554 m1 376014 0 0.5 p-1 -234500 164
51 1555 m1 376203 0 0.5 p-1 -69885 100
1219 1556 m1 376452 -0 0.5 p-1 -16271 2
53 1557 m1 377665 -0 0.5 p-1 -7586039 331
916 1558 m1 379706 -0 0.5 p-1 -6931 21
1158 1559 m1 380303 -0 0.5 p-1 -7015 3
1108 1560 m1 381209 -0 0.5 p-1 -5063 5
361 1561 m1 382234 0 0.5 p-1 -626841 408
195 1565 m1 390376 0 0.5 p-1 -6986964 933
965 1566 m1 392090 -0 0.5 p-1 -280155 9
909 1567 m1 393293 -0 0.5 p-1 -9965 8
653 1568 m1 397202 0 0.5 p-1 -298490 98
418 1570 m1 403173 0 0.5 p-1 -5985637 1000
363 1571 m1 404341 -0 0.5 p-1 -595373 462
267 1572 m1 405170 -0 0.5 p-1 -17017 20
555 1573 m1 415985 0 0.5 p-1 -353181 223
1289 1574 m1 421796 0 0.5 p-1 -3380 1
269 1575 m1 422208 -0 0.5 p-1 -1263120 852
60 1576 m1 424214 0 0.5 p-1 -2178669 371
771 1578 m1 429648 -0 0.5 p-1 -48124 20
270 1579 m1 429665 -0 0.5 p-1 -2617437 1180
882 1580 m1 430065 -0 0.5 p-1 -43035 3
1112 1581 m1 438823 0 0.5 p-1 -4269 1
582 1582 m1 448142 -0 0.5 p-1 -1830369 436
637 1583 m1 449610 0 0.5 p-1 -5068289 68
457 1585 m1 452693 -0 0.5 p-1 -62368 13
738 1586 m1 457460 -0 0.5 p-1 -195409 75
756 1587 m1 460666 0 0.5 p-1 -512353 165
783 1588 m1 464661 -0 0.5 p-1 -78237 41
198 1590 m1 466537 -0 0.5 p-1 -3821472 1018
1086 1591 m1 469736 -0 0.5 p-1 -72985 7
901 1592 m1 473275 0 0.5 p-1 -20991 11
1155 1594 m1 480079 -0 0.5 p-1 -351329 5
199 1597 m1 485316 -0 0.5 p-1 -3309379 1403
459 1599 m1 490567 0 0.5 p-1 -613830 219
853 1600 m1 494686 0 0.5 p-1 -190719 10
678 1601 m1 499502 -0 0.5 p-1 -88777 9
784 1603 m1 502925 0 0.5 p-1 -48293 11
71 1604 m1 506210 -0 0.5 p-1 -6195934 1378
202 1605 m1 506426 -0 0.5 p-1 -1520200 311
72 1607 m1 507035 0 0.5 p-1 -1702657 1488
73 1608 m1 508825 -0 0.5 p-1 -2361778 601
583 1609 m1 511629 0 0.5 p-1 -1767075 152
322 1610 m1 515583 0 0.5 p-1 -50524 117
204 1611 m1 515993 -0 0.5 p-1 -675516 195
921 1612 m1 518661 0 0.5 p-1 -5743 3
323 1613 m1 519842 -0 0.5 p-1 -1640081 414
1191 1614 m1 520716 -0 0.5 p-1 -1941 4
369 1615 m1 521344 0 0.5 p-1 -131829 230
584 1617 m1 523879 0 0.5 p-1 -76128 50
910 1618 m1 527042 -0 0.5 p-1 -57102 10
325 1619 m1 531517 0 0.5 p-1 -174764 237
704 1620 m1 532475 0 0.5 p-1 -484743 108
854 1621 m1 533442 -0 0.5 p-1 -472557 46
812 1623 m1 539869 0 0.5 p-1 -6577 5
1078 1624 m1 542048 0 0.5 p-1 -2338 10
78 1625 m1 543616 -0 0.5 p-1 -2664653 399
1035 1626 m1 549507 -0 0.5 p-1 -13036 5
1278 1630 m1 567875 -0 0.5 p-1 -29492 2
763 1632 m1 570436 0 0.5 p-1 -165129 47
84 1633 m1 570532 -0 0.5 p-1 -3309464 776
1246 1636 m1 579704 0 0.5 p-1 -2821 2
87 1637 m1 582265 -0 0.5 p-1 -2111911 1625
1170 1638 m1 582789 -0 0.5 p-1 -10675 4
967 1641 m1 594271 -0 0.5 p-1 -30931 4
817 1643 m1 600265 -0 0.5 p-1 -152451 32
92 1645 m1 602736 0 0.5 p-1 -3498417 1409
764 1646 m1 609373 -0 0.5 p-1 -200544 63
93 1647 m1 613147 0 0.5 p-1 -855208 397
992 1648 m1 613705 -0 0.5 p-1 -5209 5
275 1649 m1 614388 0 0.5 p-1 -9563876 1206
730 1651 m1 617096 0 0.5 p-1 -155677 18
95 1652 m1 618539 0 0.5 p-1 -408645 456
752 1653 m1 631086 0 0.5 p-1 -135257 66
390 1654 m1 633969 -0 0.5 p-1 -29900 5
598 1655 m1 635249 0 0.5 p-1 -7017326 229
687 1656 m1 636456 0 0.5 p-1 -3031527 113
1040 1661 m1 660194 -0 0.5 p-1 -36561 6
328 1664 m1 670128 0 0.5 p-1 -685934 388
278 1665 m1 670337 -0 0.5 p-1 -2001896 320
104 1666 m1 672473 0 0.5 p-1 -4292679 1460
1282 1667 m1 675189 -0 0.5 p-1 -26297 1
1161 1668 m1 675294 0 0.5 p-1 -972 5
929 1669 m1 676064 -0 0.5 p-1 -186281 38
517 1670 m1 678958 -0 0.5 p-1 -657726 12
106 1672 m1 685415 -0 0.5 p-1 -3285632 1463
807 1673 m1 690440 0 0.5 p-1 -1612932 26
663 1674 m1 691120 0 0.5 p-1 -264811 60
548 1675 m1 691286 0 0.5 p-1 -2638778 150
1015 1677 m1 697023 -0 0.5 p-1 -35077 11
1088 1678 m1 700316 0 0.5 p-1 -57859 8
109 1679 m1 702126 0 0.5 p-1 -11501022 816
218 1681 m1 704615 -0 0.5 p-1 -443231 66
1122 1682 m1 705020 0 0.5 p-1 -8151 15
688 1683 m1 709511 0 0.5 p-1 -309821 22
753 1685 m1 715037 -0 0.5 p-1 -9479 20
331 1686 m1 720716 0 0.5 p-1 -309836 88
1249 1687 m1 721107 0 0.5 p-1 -4264 1
833 1688 m1 721411 0 0.5 p-1 -414138 12
219 1689 m1 722975 -0 0.5 p-1 -5012685 1571
650 1690 m1 728853 -0 0.5 p-1 -40481 9
284 1691 m1 729343 -0 0.5 p-1 -1238007 230
113 1692 m1 733145 -0 0.5 p-1 -2762353 1508
951 1693 m1 733223 -0 0.5 p-1 -201398 43
993 1694 m1 733358 -0 0.5 p-1 -46846 12
220 1695 m1 734395 0 0.5 p-1 -1719504 249
115 1696 m1 736229 -0 0.5 p-1 -3333444 913
1091 1697 m1 737042 -0 0.5 p-1 -18929 22
444 1698 m1 737368 0 0.5 p-1 -1883809 228
1165 1699 m1 748356 0 0.5 p-1 -2604 1
785 1700 m1 750063 0 0.5 p-1 -10056 12
488 1701 m1 754755 0 0.5 p-1 -868664 409
118 1702 m1 755472 -0 0.5 p-1 -8298517 1440
1054 1704 m1 761876 0 0.5 p-1 -11745 13
534 1706 m1 765927 -0 0.5 p-1 -220598 125
711 1707 m1 773978 0 0.5 p-1 -366092 72
394 1710 m1 790796 0 0.5 p-1 -857132 98
672 1711 m1 793647 -0 0.5 p-1 -365084 84
126 1712 m1 798370 0 0.5 p-1 -6353124 1926
535 1713 m1 798736 -0 0.5 p-1 -1301718 187
673 1714 m1 800095 -0 0.5 p-1 -65435 38
1011 1715 m1 802479 0 0.5 p-1 -121538 16
980 1717 m1 804977 -0 0.5 p-1 -40985 4
395 1718 m1 807007 0 0.5 p-1 -1666212 284
1237 1719 m1 809615 -0 0.5 p-1 -9010 4
127 1720 m1 810574 0 0.5 p-1 -3506709 1951
130 1722 m1 820241 0 0.5 p-1 -4606085 757
333 1723 m1 825966 0 0.5 p-1 -1301256 1495
936 1725 m1 827053 -0 0.5 p-1 -34716 32
912 1726 m1 828560 0 0.5 p-1 -153346 76
490 1727 m1 833887 0 0.5 p-1 -1586341 127
397 1728 m1 839594 0 0.5 p-1 -109142 141
601 1729 m1 839884 -0 0.5 p-1 -1001051 91
864 1730 m1 843941 0 0.5 p-1 -37110 39
575 1731 m1 845487 0 0.5 p-1 -84013 118
399 1732 m1 847167 0 0.5 p-1 -1700616 422
736 1733 m1 859883 -0 0.5 p-1 -12765 4
139 1736 m1 866022 -0 0.5 p-1 -1415491 145
467 1737 m1 866412 0 0.5 p-1 -2593751 471
717 1738 m1 868556 -0 0.5 p-1 -171186 31
1273 1739 m1 870933 0 0.5 p-1 -21194 1
292 1740 m1 871442 0 0.5 p-1 -408041 336
749 1741 m1 871509 -0 0.5 p-1 -61366 22
140 1742 m1 871684 -0 0.5 p-1 -5707061 1460
952 1745 m1 884697 0 0.5 p-1 -24551 13
739 1746 m1 885007 0 0.5 p-1 -548287 64
144 1747 m1 885494 0 0.5 p-1 -2368596 746
401 1748 m1 887778 -0 0.5 p-1 -809264 286
427 1750 m1 894765 -0 0.5 p-1 -1656755 425
1062 1751 m1 896385 -0 0.5 p-1 -21017 9
402 1755 m1 900950 0 0.5 p-1 -592069 695
296 1756 m1 904012 0 0.5 p-1 -3481125 738
147 1757 m1 906065 -0 0.5 p-1 -28690 52
148 1758 m1 911220 0 0.5 p-1 -3953460 665
149 1759 m1 911540 -0 0.5 p-1 -237599 90
602 1760 m1 913641 -0 0.5 p-1 -26737 27
1184 1761 m1 914812 -0 0.5 p-1 -3257 1
491 1762 m1 915791 0 0.5 p-1 -29030 10
1049 1763 m1 918586 -0 0.5 p-1 -600508 10
1257 1764 m1 932141 0 0.5 p-1 -4172 1
941 1766 m1 941856 0 0.5 p-1 -16374 12
740 1767 m1 942351 0 0.5 p-1 -1411000 37
299 1768 m1 945174 0 0.5 p-1 -2100114 605
745 1770 m1 948050 -0 0.5 p-1 -61732 94
586 1771 m1 948490 0 0.5 p-1 -114640 109
378 1772 m1 952792 -0 0.5 p-1 -364877 123
341 1773 m1 953715 0 0.5 p-1 -2489483 247
469 1774 m1 954876 -0 0.5 p-1 -1340255 359
1126 1775 m1 957244 0 0.5 p-1 -10889 9
522 1776 m1 965541 -0 0.5 p-1 -72846 28
158 1778 m1 979036 -0 0.5 p-1 -1518958 709
1295 1779 m1 980028 -0 0.5 p-1 -13855 1
243 1781 m1 983717 -0 0.5 p-1 -4167390 1474
641 1782 m1 991612 0 0.5 p-1 -216883 108
1018 1783 m1 993274 -0 0.5 p-1 -33577 4
578 1784 m1 995738 -0 0.5 p-1 -202073 213
1296 1785 m1 999669 0 0.5 p-1 -18158 1
