Temp_ID Permanent_ID Mutation_type Position s h Subpop Tick Number
118 0 m2 355 0.000144699297 0.5 p-1 -803259 376
0 1 m2 371 -0.00335466256 0.5 p-1 -1446090 705
119 2 m2 1931 -0.0209427383 0.5 p-1 -323215 150
797 3 m2 3678 -0.000133276844 0.5 p-1 -14734 4
1 4 m2 4562 5.69942586e-06 0.5 p-1 -969592 528
729 5 m2 4602 -0.00859727431 0.5 p-1 -272391 6
912 6 m2 7569 0.0106033776 0.5 p-1 -2797 3
176 7 m2 10192 -0.0154068843 0.5 p-1 -10118462 538
121 8 m2 11013 0.00706087565 0.5 p-1 -4993688 952
788 9 m2 12866 -1.70431158e-05 0.5 p-1 -16002 7
620 10 m2 15603 -1.64696103e-05 0.5 p-1 -75440 16
622 11 m2 16632 0.00452398555 0.5 p-1 -158739 14
371 13 m2 17035 -0.0237937644 0.5 p-1 -11556 4
646 14 m2 17223 0.000387979613 0.5 p-1 -138949 24
611 15 m2 18875 0.0297651924 0.5 p-1 -22299 22
781 16 m2 19048 0.000370075257 0.5 p-1 -11836 3
714 17 m2 20155 0.059321437 0.5 p-1 -49643 22
398 20 m2 23272 -0.0159443691 0.5 p-1 -325009 129
2 22 m2 25403 0.0132521903 0.5 p-1 -549615 292
635 24 m2 26834 0.0076582008 0.5 p-1 -141241 17
3 25 m2 28078 0.0256222244 0.5 p-1 -451026 420
873 27 m2 31400 6.38610743e-07 0.5 p-1 -15286 1
833 28 m2 32576 7.81639828e-05 0.5 p-1 -11694 1
4 29 m2 32654 0.0323319882 0.5 p-1 -3353192 1581
284 31 m2 35545 0.000466558151 0.5 p-1 -6438457 458
5 33 m2 43183 0.0328293405 0.5 p-1 -5077007 1605
6 34 m2 43351 0.00118432415 0.5 p-1 -4185330 1737
630 35 m2 43359 4.70300802e-05 0.5 p-1 -78269 7
267 36 m2 44022 2.46126683e-06 0.5 p-1 -6402 14
696 37 m2 44331 -0.0296368059 0.5 p-1 -19963 11
122 38 m2 46039 0.00135009631 0.5 p-1 -1359426 506
7 39 m2 49277 0.00019070039 0.5 p-1 -777748 435
8 40 m2 51708 0.0518618114 0.5 p-1 -5096507 821
343 41 m2 52186 -0.00048164482 0.5 p-1 -83337 79
362 42 m2 55899 -0.0501858965 0.5 p-1 -98584 52
123 43 m2 57229 0.00865417533 0.5 p-1 -4744651 934
525 44 m2 57265 0.00117071718 0.5 p-1 -767141 9
743 45 m2 58968 -0.00311084744 0.5 p-1 -17926 3
10 46 m2 59332 0.000165322461 0.5 p-1 -3917600 1533
907 47 m2 59432 2.56060702e-07 0.5 p-1 -4167 1
923 48 m2 59586 3.8912498e-05 0.5 p-1 -3523 2
327 49 m2 66422 7.74968357e-05 0.5 p-1 -2176672 141
528 50 m2 66558 0.00629513804 0.5 p-1 -22548 6
922 52 m2 71144 -0.0332933068 0.5 p-1 -286 1
298 53 m2 71896 0.0168579537 0.5 p-1 -625248 92
11 54 m2 73753 0.0339534767 0.5 p-1 -3097742 659
382 55 m2 74275 0.0021834732 0.5 p-1 -831251 181
215 56 m2 76004 0.00131693389 0.5 p-1 -196810 160
831 57 m2 76254 0.00383776356 0.5 p-1 -2801 3
621 58 m2 76368 0.02557059 0.5 p-1 -656229 41
865 59 m2 78126 0.000128826767 0.5 p-1 -2897 4
409 60 m2 78940 0.0111884503 0.5 p-1 -45184 10
778 61 m2 79542 0.00024708148 0.5 p-1 -5081 2
419 62 m2 80776 4.88063545e-09 0.5 p-1 -836744 109
836 64 m2 89102 -0.0367267653 0.5 p-1 -6051 4
576 65 m2 89652 0.0317198113 0.5 p-1 -27593 5
124 66 m2 92333 0.0457173437 0.5 p-1 -3425411 286
125 67 m2 93878 -0.00153425056 0.5 p-1 -1974153 901
425 68 m2 94644 0.000303559151 0.5 p-1 -382045 292
467 69 m2 95213 0.00604440272 0.5 p-1 -1502 1
651 70 m2 96966 0.00597175024 0.5 p-1 -45864 7
757 71 m2 97651 8.9605428e-06 0.5 p-1 -7527366 1
758 72 m2 97864 2.17800971e-06 0.5 p-1 -297315 1
246 73 m2 99277 -0.000150491862 0.5 p-1 -1959498 295
328 74 m2 102448 -3.15283415e-07 0.5 p-1 -488026 246
731 75 m2 103843 5.66327299e-06 0.5 p-1 -18102 5
596 76 m2 103913 0.000197023895 0.5 p-1 -4862 4
15 77 m2 105172 2.12584808e-07 0.5 p-1 -947782 634
391 78 m2 106828 -0.00711957971 0.5 p-1 -1326849 348
16 79 m2 107111 0.000339358841 0.5 p-1 -4398408 953
813 81 m2 109512 -0.00448200991 0.5 p-1 -201376 2
127 83 m2 111898 -0.00408319756 0.5 p-1 -1414342 722
861 84 m2 112056 -0.0182767808 0.5 p-1 -3706 1
17 85 m2 112689 -0.00382538629 0.5 p-1 -4216697 813
299 86 m2 114177 -0.0207162648 0.5 p-1 -426516 203
128 87 m2 115035 0.00121835957 0.5 p-1 -22331 5
387 89 m2 119682 0.0271940101 0.5 p-1 -3697503 346
790 90 m2 120517 -0.000395865878 0.5 p-1 -15502 3
18 91 m2 123578 0.00176646584 0.5 p-1 -7192404 792
481 92 m2 124734 -0.0187709276 0.5 p-1 -109208 10
312 95 m2 128142 -0.0169065949 0.5 p-1 -417894 180
179 96 m2 128827 1.39585188e-06 0.5 p-1 -471401 339
438 97 m2 131225 -0.0599385314 0.5 p-1 -765723 190
392 98 m2 134119 -4.71221938e-05 0.5 p-1 -141233 37
614 99 m2 134273 -0.000629580871 0.5 p-1 -353543 11
594 100 m2 135329 0.000628318638 0.5 p-1 -517872 5
523 101 m2 135632 -0.00473712618 0.5 p-1 -204226 37
536 102 m2 138573 -9.89040054e-05 0.5 p-1 -2643 2
648 103 m2 143319 -4.17002211e-09 0.5 p-1 -22641 9
682 104 m2 143941 -7.68493828e-06 0.5 p-1 -50304 8
19 105 m2 145000 0.0467614979 0.5 p-1 -4760985 638
509 106 m2 145015 7.93521831e-05 0.5 p-1 -136251 24
514 107 m2 147671 -0.0739393532 0.5 p-1 -17901 17
760 108 m2 149207 -0.0183897223 0.5 p-1 -45967 2
20 109 m2 149564 -0.0104315737 0.5 p-1 -380248 444
841 110 m2 149682 0.00232130033 0.5 p-1 -2190 1
672 111 m2 152745 0.00308758277 0.5 p-1 -214985 5
130 112 m2 154220 0.00479824236 0.5 p-1 -437537 90
21 113 m2 154909 -1.50060728e-08 0.5 p-1 -3254784 226
650 115 m2 158648 1.48393795e-07 0.5 p-1 -80768 24
443 116 m2 161835 7.16533759e-06 0.5 p-1 -196909 63
453 117 m2 163273 4.00287054e-10 0.5 p-1 -236340 83
285 118 m2 165892 -0.000353780459 0.5 p-1 -324516 176
577 119 m2 166390 -0.000177997354 0.5 p-1 -57799 48
131 120 m2 167613 0.000111268149 0.5 p-1 -849624 496
426 121 m2 167625 0.00654416485 0.5 p-1 -55550 17
755 122 m2 168498 0.00709974393 0.5 p-1 -3140 1
634 124 m2 173684 -0.0072401138 0.5 p-1 -22622 1
344 125 m2 173903 0.0134413708 0.5 p-1 -68111 103
592 126 m2 173936 -0.001386669 0.5 p-1 -213748 37
22 127 m2 174659 2.87280891e-05 0.5 p-1 -3145675 1100
603 128 m2 174771 -0.000975652016 0.5 p-1 -199513 46
546 129 m2 175917 -0.00235078274 0.5 p-1 -10441 9
23 130 m2 177877 0.000189222366 0.5 p-1 -535463 737
24 131 m2 179884 -0.000916861114 0.5 p-1 -511302 221
25 132 m2 180454 0.000738341128 0.5 p-1 -4256141 1789
920 133 m2 180945 -0.00954610575 0.5 p-1 -4386 1
899 134 m2 181954 -0.000339236925 0.5 p-1 -8287 3
559 135 m2 182308 -0.0171170365 0.5 p-1 -646336 41
529 136 m2 182676 -0.0205053296 0.5 p-1 -101236 39
301 138 m2 188196 0.00717781857 0.5 p-1 -3419986 835
247 140 m2 189675 -0.0228314754 0.5 p-1 -2489171 521
627 141 m2 190610 0.0197458547 0.5 p-1 -100254 27
458 142 m2 191837 -1.98471344e-06 0.5 p-1 -212924 13
477 143 m2 195107 0.044565551 0.5 p-1 -4133 6
468 144 m2 195329 -0.05243738 0.5 p-1 -133437 11
459 145 m2 196965 -0.00201524631 0.5 p-1 -175835 13
181 146 m2 197043 -0.00131741946 0.5 p-1 -6224148 303
182 147 m2 198168 0.0011688692 0.5 p-1 -2184756 1242
183 148 m2 199628 0.0114987437 0.5 p-1 -6441606 824
27 149 m2 199879 -0.019686332 0.5 p-1 -3739447 1687
184 151 m2 203272 0.0161700938 0.5 p-1 -1277977 439
286 152 m2 203393 0.0140962452 0.5 p-1 -9315909 95
900 153 m2 206434 3.36216181e-05 0.5 p-1 -21752 3
597 154 m2 206498 7.16000727e-07 0.5 p-1 -428534 109
637 155 m2 208847 -0.00273149414 0.5 p-1 -2082969 27
547 156 m2 209394 0.00829305314 0.5 p-1 -50119 30
185 159 m2 212679 -0.00633357884 0.5 p-1 -1890239 943
941 162 m2 215584 1.78993548e-06 0.5 p-1 -426 1
31 163 m2 217566 -0.000253598409 0.5 p-1 -4469344 1557
652 164 m2 218120 1.49684065e-05 0.5 p-1 -100254 5
444 165 m2 219787 0.00153388048 0.5 p-1 -178056 59
504 166 m2 220034 0.00505600637 0.5 p-1 -345 3
587 167 m2 222770 0.0101843467 0.5 p-1 -466587 32
270 168 m2 223105 1.32674913e-07 0.5 p-1 -567182 62
248 172 m2 228329 0.000353015726 0.5 p-1 -1020259 359
32 173 m2 229243 0.0316113643 0.5 p-1 -1112655 865
133 174 m2 233881 0.00988264661 0.5 p-1 -4064529 942
445 175 m2 234465 0.00872247014 0.5 p-1 -4594774 73
33 177 m2 235024 -6.43132007e-05 0.5 p-1 -2218874 1332
330 178 m2 239335 -8.33251906e-05 0.5 p-1 -2537754 88
692 180 m2 240171 7.43754117e-06 0.5 p-1 -9692 14
34 181 m2 243534 -0.011721123 0.5 p-1 -998638 101
420 182 m2 243762 0.0425028689 0.5 p-1 -318139 63
134 183 m2 244182 0.038001921 0.5 p-1 -1735583 964
674 184 m2 247012 -4.29083047e-05 0.5 p-1 -8027 4
684 185 m2 247229 -0.00943173468 0.5 p-1 -74979 11
699 186 m2 247480 -0.000566731789 0.5 p-1 -76283 15
393 187 m2 249356 0.0238633938 0.5 p-1 -160095 59
394 188 m2 251356 6.82812242e-05 0.5 p-1 -133660 49
35 189 m2 254557 0.000426083163 0.5 p-1 -1789227 1558
770 190 m2 255951 0.001132473 0.5 p-1 -6918 1
410 191 m2 258830 -0.000186713558 0.5 p-1 -7302770 196
36 193 m2 259185 0.0401767157 0.5 p-1 -1997109 1093
37 194 m2 260802 -0.00128072116 0.5 p-1 -1729215 1248
216 195 m2 261732 0.0120929061 0.5 p-1 -1443713 852
542 196 m2 262416 0.000650581846 0.5 p-1 -82217 67
725 199 m2 264159 -0.000821738795 0.5 p-1 -52714 37
740 201 m2 269599 -0.0559517704 0.5 p-1 -31707 22
478 202 m2 272256 0.00987600069 0.5 p-1 -142749 164
454 203 m2 272310 0.00186096726 0.5 p-1 -54085 2
653 205 m2 275882 -0.00383103359 0.5 p-1 -35047 25
626 206 m2 278465 2.71828117e-06 0.5 p-1 -4147 1
532 207 m2 278800 -0.014753174 0.5 p-1 -301801 105
135 208 m2 278900 -0.00143971469 0.5 p-1 -3188789 752
533 209 m2 279210 -0.00429207971 0.5 p-1 -362130 105
287 210 m2 280485 9.94029106e-05 0.5 p-1 -426385 257
303 211 m2 281598 0.0020346297 0.5 p-1 -120423 55
217 212 m2 284095 0.000554263766 0.5 p-1 -1334555 514
218 213 m2 285277 -0.000230244535 0.5 p-1 -892665 190
404 215 m2 285370 -0.000381217833 0.5 p-1 -196972 54
345 217 m2 287573 -0.000180002651 0.5 p-1 -701053 106
413 218 m2 288165 -0.00946733449 0.5 p-1 -976387 104
389 220 m2 288857 -0.000182370219 0.5 p-1 -100999 138
567 221 m2 289078 -0.00614917651 0.5 p-1 -14483 22
304 222 m2 290149 -0.019028835 0.5 p-1 -1904322 131
439 223 m2 290512 -0.00461124675 0.5 p-1 -205783 148
479 224 m2 291414 -4.95551785e-06 0.5 p-1 -158912 91
654 225 m2 291467 -0.00943300314 0.5 p-1 -179042 27
186 226 m2 292899 0.00316621852 0.5 p-1 -3300296 762
41 228 m2 295624 0.000769315637 0.5 p-1 -3701917 805
571 229 m2 298069 0.000462428201 0.5 p-1 -1215255 14
845 230 m2 298919 0.0157198869 0.5 p-1 -241490 4
723 231 m2 300578 -0.0183626767 0.5 p-1 -70495 11
43 232 m2 301379 0.000541523914 0.5 p-1 -8593377 1999
544 233 m2 301594 0.00179455383 0.5 p-1 -43475 12
187 234 m2 302463 -1.02510076e-05 0.5 p-1 -295556 14
669 236 m2 303398 -0.00571542978 0.5 p-1 -4603 4
933 237 m2 304155 0.00108921784 0.5 p-1 -26403 1
849 238 m2 304200 -0.000125264763 0.5 p-1 -13527 8
136 239 m2 306217 0.0317039117 0.5 p-1 -1060374 844
746 240 m2 307263 -4.48619576e-05 0.5 p-1 -6390 1
670 241 m2 307688 0.0240377299 0.5 p-1 -87490 16
747 242 m2 307795 2.72848268e-07 0.5 p-1 -9911 1
44 243 m2 308597 -8.57086343e-05 0.5 p-1 -3740018 948
455 247 m2 323087 -0.00075318123 0.5 p-1 -4104074 70
705 248 m2 325152 -0.0127546974 0.5 p-1 -6734 5
137 253 m2 334917 -0.00344742811 0.5 p-1 -291022 56
46 254 m2 335260 0.000274124119 0.5 p-1 -3687499 1319
47 255 m2 337263 0.010894265 0.5 p-1 -5430084 1925
331 257 m2 338919 0.0449984968 0.5 p-1 -519148 59
346 258 m2 339581 0.00904714596 0.5 p-1 -10448 10
272 259 m2 340441 0.00587796839 0.5 p-1 -29758 19
189 260 m2 343632 0.0443593003 0.5 p-1 -469969 232
138 261 m2 345561 -0.0150440792 0.5 p-1 -3331950 1694
190 262 m2 346544 0.0110345175 0.5 p-1 -362166 121
666 263 m2 347193 0.047108911 0.5 p-1 -25090 13
530 265 m2 349763 -0.00771490764 0.5 p-1 -672428 105
49 266 m2 351301 -0.0202738866 0.5 p-1 -2393254 1363
636 267 m2 353780 0.00291495072 0.5 p-1 -39166 12
250 269 m2 354836 0.000262963615 0.5 p-1 -12570909 636
356 270 m2 354855 -2.13369185e-05 0.5 p-1 -72112 11
615 271 m2 355336 0.0026674259 0.5 p-1 -1705 1
631 272 m2 355564 0.0178153757 0.5 p-1 -1284 3
191 273 m2 355715 -0.000411947694 0.5 p-1 -2442181 647
558 274 m2 355993 1.78845748e-05 0.5 p-1 -144701 10
440 275 m2 356468 -0.000413289235 0.5 p-1 -77173 14
569 276 m2 357028 0.0106057227 0.5 p-1 -6887 3
518 277 m2 357665 -0.0263844021 0.5 p-1 -94901 39
305 279 m2 359578 1.3085222e-06 0.5 p-1 -3754118 110
50 280 m2 360035 6.56781485e-05 0.5 p-1 -2967215 1173
572 282 m2 361496 0.000153318673 0.5 p-1 -62116 23
881 283 m2 362110 1.76703506e-05 0.5 p-1 -2336 1
51 284 m2 362794 0.00199300982 0.5 p-1 -2638499 1371
139 286 m2 367023 8.60016953e-05 0.5 p-1 -3359523 845
53 288 m2 367969 -0.01122656 0.5 p-1 -2336265 872
54 289 m2 368439 -4.70864506e-07 0.5 p-1 -1098170 647
815 290 m2 368769 2.11867446e-05 0.5 p-1 -18838 5
686 291 m2 369987 0.00152321171 0.5 p-1 -2602 7
251 292 m2 370302 -0.000279834057 0.5 p-1 -385759 29
560 293 m2 371249 0.00116351643 0.5 p-1 -669440 8
738 295 m2 371862 -0.00284386193 0.5 p-1 -939189 11
288 296 m2 371887 -2.15516593e-05 0.5 p-1 -126541 40
708 297 m2 372667 -0.0209477525 0.5 p-1 -3089 3
357 299 m2 374178 -0.000910908682 0.5 p-1 -29193 7
220 300 m2 374860 -6.37780773e-10 0.5 p-1 -132652 63
756 301 m2 375037 -0.00704581197 0.5 p-1 -368142 9
590 302 m2 375559 0.000154328576 0.5 p-1 -486686 127
56 304 m2 376893 -9.47542321e-06 0.5 p-1 -7667610 1727
685 305 m2 377438 1.0887582e-05 0.5 p-1 -21206 3
140 306 m2 378780 0.000832455757 0.5 p-1 -3118263 1502
414 307 m2 380386 0.000263503724 0.5 p-1 -49457 9
585 308 m2 380529 -0.010954937 0.5 p-1 -3838 6
573 309 m2 382813 2.62209801e-06 0.5 p-1 -36142 11
252 310 m2 385555 -0.0346118137 0.5 p-1 -829549 117
57 311 m2 385581 -0.00373180211 0.5 p-1 -1493118 1074
289 312 m2 388783 0.00549135543 0.5 p-1 -2400530 511
744 313 m2 394866 0.00320732198 0.5 p-1 -26590 12
820 314 m2 397961 -0.00158552267 0.5 p-1 -525 6
832 315 m2 398037 -0.00510093663 0.5 p-1 -5412 3
486 316 m2 399522 0.010775554 0.5 p-1 -295909 136
193 317 m2 399853 0.00297483988 0.5 p-1 -3777137 942
676 318 m2 400301 0.000191941072 0.5 p-1 -5628 3
473 320 m2 401708 0.00258965464 0.5 p-1 -712156 39
506 321 m2 404193 0.0475104749 0.5 p-1 -205214 97
332 322 m2 404862 2.01212206e-05 0.5 p-1 -147570 39
141 323 m2 404939 -0.000301773805 0.5 p-1 -1000872 517
811 324 m2 404972 -0.0284205843 0.5 p-1 -49792 2
586 325 m2 406528 0.0109388148 0.5 p-1 -260044 56
194 326 m2 407590 -0.000865383248 0.5 p-1 -8497560 783
553 327 m2 408366 5.0155613e-09 0.5 p-1 -362825 17
844 328 m2 408668 -0.000280001696 0.5 p-1 -10497 2
365 329 m2 409349 -0.000159075949 0.5 p-1 -25179 45
551 330 m2 409915 -1.42437566e-05 0.5 p-1 -84959 4
911 331 m2 410806 0.000680960424 0.5 p-1 -11621 1
59 332 m2 411670 -0.00448326534 0.5 p-1 -1751830 585
582 333 m2 412290 -0.00303764222 0.5 p-1 -101893 15
372 335 m2 412851 -0.0440836139 0.5 p-1 -5409152 222
350 336 m2 413609 1.83121156e-05 0.5 p-1 -170562 173
693 337 m2 413976 0.00436426187 0.5 p-1 -54661 4
677 338 m2 414078 -1.07305332e-05 0.5 p-1 -159836 26
698 339 m2 414766 0.0052611758 0.5 p-1 -21612 3
60 340 m2 416691 -0.00737265777 0.5 p-1 -1254292 140
497 341 m2 419753 -5.32434541e-09 0.5 p-1 -5356372 82
366 342 m2 419755 1.19554834e-05 0.5 p-1 -1292 13
498 343 m2 421640 0.000273270212 0.5 p-1 -243384 25
734 344 m2 422959 -0.0024263165 0.5 p-1 -30117 14
616 345 m2 423978 -6.03822009e-05 0.5 p-1 -452908 25
254 346 m2 425831 0.0151520194 0.5 p-1 -698848 398
61 347 m2 427644 -0.012938926 0.5 p-1 -2114659 1246
290 348 m2 428095 0.0168694649 0.5 p-1 -64141 75
62 349 m2 429290 -0.0323926546 0.5 p-1 -3292722 1276
142 350 m2 430172 -1.17232403e-05 0.5 p-1 -806470 289
143 351 m2 430775 -0.0219135694 0.5 p-1 -4988727 1170
63 352 m2 432722 0.00966925081 0.5 p-1 -6056875 1964
64 353 m2 432900 -0.00274646259 0.5 p-1 -877090 595
221 354 m2 433941 0.00917350221 0.5 p-1 -3726031 685
255 355 m2 434137 0.00059357693 0.5 p-1 -1187389 192
779 356 m2 435548 0.00189706171 0.5 p-1 -7621 2
144 357 m2 435978 -5.84871123e-05 0.5 p-1 -172668 53
878 358 m2 437340 0.00468811719 0.5 p-1 -11588 3
848 359 m2 438974 0.000402209756 0.5 p-1 -248 3
487 360 m2 439168 0.012991393 0.5 p-1 -883474 87
65 362 m2 439283 0.00205060933 0.5 p-1 -231442 75
719 363 m2 439457 0.0283788554 0.5 p-1 -5457 4
446 364 m2 440837 -0.0019300665 0.5 p-1 -617397 49
333 365 m2 441109 -0.015791839 0.5 p-1 -846660 319
773 366 m2 441737 -0.0179750398 0.5 p-1 -9333 7
66 367 m2 442121 -0.011838547 0.5 p-1 -3961742 446
273 368 m2 442414 0.0112690525 0.5 p-1 -6007645 117
274 369 m2 442731 0.0115890549 0.5 p-1 -340186 77
275 370 m2 443120 0.00276804366 0.5 p-1 -2599679 156
540 371 m2 443482 0.0120599363 0.5 p-1 -17669 7
595 373 m2 446258 0.0387093835 0.5 p-1 -20851 13
742 375 m2 447569 -1.74920769e-05 0.5 p-1 -1919 4
351 376 m2 451653 0.0842199624 0.5 p-1 -325910 15
411 377 m2 455427 -0.00894058403 0.5 p-1 -823691 208
624 378 m2 455638 -0.0027170158 0.5 p-1 -21734 2
516 379 m2 456340 0.00753396703 0.5 p-1 -5559 6
67 380 m2 459814 6.27913978e-05 0.5 p-1 -1125507 932
348 382 m2 461480 0.0102786701 0.5 p-1 -85459 150
906 383 m2 466356 -0.0248225182 0.5 p-1 -3403 1
68 384 m2 467016 -0.0105661759 0.5 p-1 -780607 253
291 385 m2 468834 0.00901856273 0.5 p-1 -2136437 491
862 387 m2 473546 0.000277352723 0.5 p-1 -5833 3
447 389 m2 475484 0.0279071145 0.5 p-1 -116166 32
598 390 m2 476399 0.0223920438 0.5 p-1 -35746 10
480 392 m2 477098 0.000352873118 0.5 p-1 -451802 26
195 394 m2 482659 0.0015281965 0.5 p-1 -916379 189
223 395 m2 485909 0.000292403158 0.5 p-1 -5505304 819
557 396 m2 486915 4.63111428e-05 0.5 p-1 -11766 2
548 397 m2 488662 0.00265534152 0.5 p-1 -6738 12
483 398 m2 489264 -0.00184887962 0.5 p-1 -89182 74
593 399 m2 490496 0.0194879454 0.5 p-1 -24502 11
334 400 m2 490719 -0.00877230149 0.5 p-1 -3842378 333
617 402 m2 493023 -0.0677884668 0.5 p-1 -19930 8
69 404 m2 493613 0.000995676033 0.5 p-1 -1504447 392
70 405 m2 493715 0.000103707476 0.5 p-1 -192879 77
224 406 m2 493717 0.000536849548 0.5 p-1 -29572 14
373 407 m2 496619 -0.00385695673 0.5 p-1 -360780 233
256 408 m2 498907 -0.0293614212 0.5 p-1 -382938 317
739 409 m2 501945 0.0310552809 0.5 p-1 -71665 12
316 410 m2 503725 -0.00444378005 0.5 p-1 -14960 4
456 411 m2 505972 -1.97015493e-06 0.5 p-1 -833 2
750 413 m2 507854 0.000112324415 0.5 p-1 -15951 2
766 414 m2 509151 4.62188791e-06 0.5 p-1 -146184 16
306 415 m2 509795 -0.00572069595 0.5 p-1 -340937 43
226 416 m2 512356 0.0176249128 0.5 p-1 -1112670 267
399 417 m2 513933 -0.00752615463 0.5 p-1 -129383 143
196 418 m2 517165 -0.000191393323 0.5 p-1 -2066468 542
145 419 m2 517994 -0.000301097491 0.5 p-1 -8646866 460
146 420 m2 520546 -0.0246528313 0.5 p-1 -517646 626
874 422 m2 526742 0.104091071 0.5 p-1 -14627 1
367 423 m2 527173 0.000290863594 0.5 p-1 -436390 119
73 424 m2 528407 -0.00364299794 0.5 p-1 -4150220 1387
449 425 m2 530525 -0.0053934739 0.5 p-1 -212401 127
568 426 m2 530836 -0.00244548917 0.5 p-1 -37301 17
791 427 m2 530939 -0.0303012859 0.5 p-1 -44267 2
470 428 m2 531402 0.00962351449 0.5 p-1 -428283 132
197 429 m2 532689 0.00839177333 0.5 p-1 -2334329 593
375 430 m2 532842 0.000379908481 0.5 p-1 -2682161 22
562 431 m2 532856 0.0171631873 0.5 p-1 -16007 19
74 432 m2 532959 -0.000152601977 0.5 p-1 -993452 354
782 434 m2 539061 -0.0116100721 0.5 p-1 -1981981 11
618 435 m2 539104 1.0290363e-06 0.5 p-1 -1526693 34
510 436 m2 539294 -0.00160857767 0.5 p-1 -169212 21
776 438 m2 541142 -0.000429691776 0.5 p-1 -48971 14
317 439 m2 541393 0.00122882577 0.5 p-1 -293501 461
76 441 m2 545204 -0.00065381435 0.5 p-1 -350166 615
318 442 m2 547040 0.00870177336 0.5 p-1 -1578277 63
335 443 m2 548488 -0.00709085632 0.5 p-1 -1207164 345
198 444 m2 552240 3.97535405e-05 0.5 p-1 -7488816 565
664 445 m2 553472 0.00606322801 0.5 p-1 -93803 7
494 447 m2 554231 0.000121453515 0.5 p-1 -6817 9
319 449 m2 559003 0.0302762575 0.5 p-1 -704999 458
199 450 m2 559610 -1.08624572e-05 0.5 p-1 -566551 63
77 451 m2 563325 0.0661299154 0.5 p-1 -5851304 1167
434 452 m2 563693 0.000754664245 0.5 p-1 -340189 47
147 453 m2 564460 -0.0460514575 0.5 p-1 -284738 259
639 454 m2 565552 -0.00181495165 0.5 p-1 -119477 30
368 456 m2 566476 3.26471418e-05 0.5 p-1 -3326931 428
679 457 m2 567197 0.00226736884 0.5 p-1 -107304 13
276 458 m2 567879 1.25872702e-07 0.5 p-1 -278902 134
395 459 m2 567919 0.00231048395 0.5 p-1 -317892 117
680 461 m2 572989 -0.0456090607 0.5 p-1 -143748 11
563 462 m2 573744 0.000201220377 0.5 p-1 -20710 23
519 463 m2 575841 0.00403122464 0.5 p-1 -372245 33
277 468 m2 580239 0.0109687271 0.5 p-1 -913857 153
657 469 m2 587044 -0.0115239816 0.5 p-1 -25808 8
200 470 m2 591181 0.0573977754 0.5 p-1 -3697584 694
412 471 m2 591995 0.00128268031 0.5 p-1 -563031 64
78 472 m2 592032 -0.00196404872 0.5 p-1 -802617 272
681 473 m2 592279 -0.000134141301 0.5 p-1 -4434 3
808 474 m2 592426 -0.00496404152 0.5 p-1 -43101 18
609 475 m2 594602 0.011941175 0.5 p-1 -662851 61
694 476 m2 594676 0.00851929933 0.5 p-1 -18179 12
320 477 m2 595633 0.000399325683 0.5 p-1 -409163 321
819 479 m2 596719 0.0323712677 0.5 p-1 -272 1
337 480 m2 597042 5.8384685e-05 0.5 p-1 -351107 176
633 481 m2 598584 0.00275117089 0.5 p-1 -23920 4
149 482 m2 602249 0.00323495315 0.5 p-1 -1013678 259
925 483 m2 602478 0.00197993428 0.5 p-1 -16208 1
228 484 m2 603120 0.047388982 0.5 p-1 -12900242 940
671 485 m2 605769 -0.0331820659 0.5 p-1 -11806 7
668 487 m2 612514 -0.110282145 0.5 p-1 -314162 13
79 488 m2 613882 -0.0016546679 0.5 p-1 -168312 49
229 489 m2 616824 -0.0196005702 0.5 p-1 -129026 40
915 490 m2 620453 -5.58056399e-07 0.5 p-1 -8340 2
352 491 m2 622947 -0.0639513507 0.5 p-1 -111117 190
580 492 m2 623934 -0.0133982813 0.5 p-1 -1345282 43
80 493 m2 624681 -0.00407379493 0.5 p-1 -6337005 535
81 494 m2 624770 -0.107826598 0.5 p-1 -334073 169
828 496 m2 626390 -0.0553929396 0.5 p-1 -11188 2
260 497 m2 630119 -2.00776586e-08 0.5 p-1 -1402566 66
484 498 m2 631765 0.0350174233 0.5 p-1 -259065 128
500 499 m2 634497 -0.0196862966 0.5 p-1 -865446 86
704 500 m2 635565 0.00297656562 0.5 p-1 -78066 2
753 502 m2 636371 -1.15473504e-05 0.5 p-1 -15836 2
201 503 m2 638337 0.0107614528 0.5 p-1 -915568 729
641 504 m2 639032 -0.00358097279 0.5 p-1 -5646 9
383 505 m2 639092 0.00102708046 0.5 p-1 -260411 23
230 507 m2 641593 0.00780422334 0.5 p-1 -2267362 603
82 508 m2 641755 -0.00505686179 0.5 p-1 -5524919 824
853 509 m2 642629 -9.51995826e-05 0.5 p-1 -4978 1
261 510 m2 644286 0.115615115 0.5 p-1 -262076 170
894 511 m2 645669 0.000347311201 0.5 p-1 -2643 2
945 513 m2 648286 0.00148460991 0.5 p-1 -9067 1
202 514 m2 648368 -1.64776139e-08 0.5 p-1 -699901 285
83 515 m2 648916 0.000533110928 0.5 p-1 -1913788 326
751 516 m2 650521 -0.00411695428 0.5 p-1 -19869 3
84 517 m2 650659 0.00934940018 0.5 p-1 -3557744 1737
707 519 m2 652855 -0.000517984037 0.5 p-1 -7089 2
369 520 m2 653918 -0.00579776894 0.5 p-1 -55905 39
777 522 m2 656997 -0.00137147342 0.5 p-1 -3829 4
377 523 m2 657500 -0.00225206022 0.5 p-1 -352974 138
262 524 m2 660681 0.0281168669 0.5 p-1 -118281 53
427 526 m2 666209 -0.00688749785 0.5 p-1 -107398 54
150 527 m2 668124 -0.0507935546 0.5 p-1 -500552 296
772 528 m2 670350 4.48547477e-10 0.5 p-1 -1837042 3
488 530 m2 673332 2.48935095e-07 0.5 p-1 -72301 42
151 531 m2 673952 -0.00825404748 0.5 p-1 -1114063 279
578 532 m2 675676 -0.000120551354 0.5 p-1 -21063 1
263 534 m2 677913 0.0529253855 0.5 p-1 -124969 77
485 536 m2 679584 -0.0105330423 0.5 p-1 -688455 106
659 537 m2 682969 -0.00464755297 0.5 p-1 -7176 10
152 538 m2 682972 0.0338038467 0.5 p-1 -4051666 1573
787 539 m2 686366 -0.000996697112 0.5 p-1 -3742 2
292 540 m2 687750 0.00145394972 0.5 p-1 -95901 155
204 542 m2 689312 0.00196121493 0.5 p-1 -1001234 326
761 543 m2 690529 -0.00723286672 0.5 p-1 -242148 2
526 544 m2 690546 -1.50247442e-05 0.5 p-1 -2028352 43
86 545 m2 691100 -0.018554572 0.5 p-1 -5769410 1948
321 546 m2 691821 -0.000101240068 0.5 p-1 -24349 7
565 547 m2 692600 -0.000199669113 0.5 p-1 -386512 140
153 548 m2 692752 0.00678763958 0.5 p-1 -790196 154
293 549 m2 698200 0.023737533 0.5 p-1 -2670795 214
87 550 m2 701998 0.000104848674 0.5 p-1 -4656811 1084
154 551 m2 702544 -0.0922250748 0.5 p-1 -30272 73
88 552 m2 703237 -0.00103569834 0.5 p-1 -1571803 1710
231 553 m2 708284 0.0274067018 0.5 p-1 -823738 560
441 554 m2 710672 0.0140309129 0.5 p-1 -24305 39
396 555 m2 715689 -0.00863130018 0.5 p-1 -1467689 45
155 556 m2 716079 5.17359786e-06 0.5 p-1 -4731774 825
914 558 m2 716422 -0.00124053797 0.5 p-1 -19986 1
90 559 m2 721426 -0.0119887637 0.5 p-1 -3405569 1570
91 560 m2 722287 0.0459530316 0.5 p-1 -4821133 1616
279 561 m2 722506 0.0180156473 0.5 p-1 -3538341 337
909 563 m2 723120 0.0004625945 0.5 p-1 -1643 1
156 564 m2 724401 0.000212577419 0.5 p-1 -5893493 767
307 565 m2 725684 0.00287370756 0.5 p-1 -810585 95
157 566 m2 726189 3.92843212e-05 0.5 p-1 -2663490 1048
767 567 m2 727816 0.00246355124 0.5 p-1 -15268 16
452 570 m2 729980 0.0173209514 0.5 p-1 -3209389 80
591 571 m2 730716 0.0229352638 0.5 p-1 -13103 9
408 572 m2 730773 -0.00345508754 0.5 p-1 -3411103 591
522 573 m2 732872 -0.000145070415 0.5 p-1 -212611 88
429 574 m2 735197 0.000250658835 0.5 p-1 -103823 55
92 575 m2 738262 0.0063390173 0.5 p-1 -11650834 1140
158 576 m2 740662 0.00329713034 0.5 p-1 -3198782 466
397 577 m2 743806 -4.36733281e-08 0.5 p-1 -22105 5
338 578 m2 745230 0.0509054065 0.5 p-1 -1314542 757
93 579 m2 746970 0.0180818643 0.5 p-1 -10123525 590
159 580 m2 748410 -0.0230166633 0.5 p-1 -4437519 934
762 581 m2 748651 -0.00193988625 0.5 p-1 -5310 1
160 582 m2 749774 0.00128771726 0.5 p-1 -1428501 632
232 584 m2 750168 0.0210500229 0.5 p-1 -2487582 993
549 586 m2 756936 0.0172652025 0.5 p-1 -116241 39
554 587 m2 758637 -5.62968171e-06 0.5 p-1 -55630 47
821 588 m2 759798 -0.00161645352 0.5 p-1 -26662 3
162 589 m2 760053 -0.0136749838 0.5 p-1 -4068347 1538
339 590 m2 760245 0.0424259044 0.5 p-1 -2035716 71
851 591 m2 761982 2.72501524e-07 0.5 p-1 -90413 4
752 593 m2 770250 0.000508712779 0.5 p-1 -16961 10
264 594 m2 772440 2.79495055e-07 0.5 p-1 -324544 169
465 595 m2 772949 0.000137768584 0.5 p-1 -3100062 84
604 596 m2 774145 -0.00234744791 0.5 p-1 -136245 84
415 597 m2 774820 -0.0301599577 0.5 p-1 -191008 105
471 598 m2 774918 0.00100672129 0.5 p-1 -101656 18
537 599 m2 775745 -0.0817542821 0.5 p-1 -11071 3
610 600 m2 776046 3.09775751e-05 0.5 p-1 -13392 12
715 601 m2 776077 0.0712671205 0.5 p-1 -47664 11
94 603 m2 777200 -0.00548285618 0.5 p-1 -2725916 1544
774 604 m2 778310 0.0307272747 0.5 p-1 -368966 5
450 605 m2 780651 0.00315360655 0.5 p-1 -124155 22
759 606 m2 780813 0.000934984128 0.5 p-1 -311 3
919 607 m2 782274 -0.0342156738 0.5 p-1 -5463 1
535 608 m2 782588 0.00815735757 0.5 p-1 -374374 49
354 609 m2 783225 -5.83113979e-05 0.5 p-1 -1536718 253
689 610 m2 784463 -0.0992061645 0.5 p-1 -95387 23
355 612 m2 787962 2.1133269e-06 0.5 p-1 -104314 84
163 614 m2 788155 0.00538735325 0.5 p-1 -1155125 586
628 615 m2 789126 0.000329788047 0.5 p-1 -58520 34
95 616 m2 789692 0.00178477797 0.5 p-1 -3504629 1711
359 617 m2 790721 0.000513495295 0.5 p-1 -3015274 152
401 618 m2 791082 -0.0123955579 0.5 p-1 -48796 51
96 619 m2 792184 0.0175828319 0.5 p-1 -6018633 1153
97 620 m2 793364 0.000237408633 0.5 p-1 -398973 394
164 621 m2 794391 -0.0060941726 0.5 p-1 -658778 477
207 622 m2 798932 -0.0174666774 0.5 p-1 -430144 114
818 623 m2 800399 0.0920582786 0.5 p-1 -13894 6
423 624 m2 808241 -0.0481091253 0.5 p-1 -58983 34
713 625 m2 808273 0.000702163146 0.5 p-1 -237801 15
294 626 m2 810119 -0.0236178357 0.5 p-1 -92365 41
435 627 m2 813505 7.95966262e-05 0.5 p-1 -4020665 25
690 628 m2 813635 -0.020000888 0.5 p-1 -34361 16
390 629 m2 814897 -0.0827668384 0.5 p-1 -4927 4
208 630 m2 815122 0.00272857235 0.5 p-1 -1144638 580
98 631 m2 816065 0.00049483648 0.5 p-1 -3360901 450
99 632 m2 817804 -6.29866463e-07 0.5 p-1 -4131023 1219
265 633 m2 817838 -0.00656128908 0.5 p-1 -2632234 797
100 635 m2 819253 -3.55389025e-12 0.5 p-1 -783080 213
165 638 m2 827763 -0.0521009825 0.5 p-1 -2229339 484
340 639 m2 828432 -0.0357857682 0.5 p-1 -5580573 193
520 640 m2 829153 0.0216346737 0.5 p-1 -470898 76
233 642 m2 831342 -0.0032992647 0.5 p-1 -1665292 487
673 644 m2 832044 -0.00397004606 0.5 p-1 -572 1
640 645 m2 833265 0.0304327253 0.5 p-1 -25855 14
691 648 m2 838060 -0.0182226039 0.5 p-1 -94 2
600 649 m2 840278 -0.00303537282 0.5 p-1 -549207 6
379 652 m2 843298 -0.0082441289 0.5 p-1 -655785 101
913 654 m2 844607 -0.00436678482 0.5 p-1 -2698 4
102 655 m2 844627 -0.000229706013 0.5 p-1 -826363 300
430 656 m2 846085 -0.00136970275 0.5 p-1 -29569 22
167 657 m2 846288 -0.036646001 0.5 p-1 -1727024 1609
103 658 m2 847823 -0.00166105211 0.5 p-1 -8093286 1696
361 659 m2 849024 1.3350993e-05 0.5 p-1 -1100710 51
543 660 m2 849040 0.0128345983 0.5 p-1 -5253 5
310 661 m2 860998 -4.20944707e-06 0.5 p-1 -4377817 237
280 662 m2 864300 -0.0116571086 0.5 p-1 -468192 113
106 663 m2 864434 0.000328185852 0.5 p-1 -6897268 1058
728 664 m2 864444 -0.03161107 0.5 p-1 -12807 2
780 665 m2 866707 0.00130673847 0.5 p-1 -4986 4
436 667 m2 868948 0.00175590313 0.5 p-1 -5858196 481
437 668 m2 869001 -0.00775211258 0.5 p-1 -758144 481
107 669 m2 871856 -3.99276541e-06 0.5 p-1 -4193401 1223
716 671 m2 874394 -0.000171325213 0.5 p-1 -100548 21
234 672 m2 875992 -0.020594338 0.5 p-1 -4143003 783
235 674 m2 876737 -0.0210819393 0.5 p-1 -2527730 684
370 675 m2 877584 -4.11422398e-08 0.5 p-1 -415153 151
108 676 m2 879386 0.00112709333 0.5 p-1 -2988942 1195
642 677 m2 879521 0.0011413818 0.5 p-1 -112657 15
168 678 m2 880755 -0.000208062556 0.5 p-1 -4046034 1039
236 679 m2 882876 -0.00131565065 0.5 p-1 -1500455 469
323 680 m2 884825 9.13956137e-06 0.5 p-1 -280268 134
649 681 m2 885632 0.00395694608 0.5 p-1 -385966 19
517 682 m2 887745 -0.00976248365 0.5 p-1 -292443 43
295 683 m2 890689 -0.00370073109 0.5 p-1 -3006688 779
210 684 m2 892379 -0.000728779647 0.5 p-1 -886335 504
237 686 m2 894887 0.00626101671 0.5 p-1 -1111709 199
476 687 m2 898000 0.00267620175 0.5 p-1 -161852 41
266 688 m2 898861 -0.00863029901 0.5 p-1 -5422249 585
735 689 m2 899565 -0.0114605883 0.5 p-1 -67306 11
783 690 m2 900473 -0.000741341384 0.5 p-1 -24483 9
531 691 m2 900779 7.57567104e-05 0.5 p-1 -111997 49
579 692 m2 901249 0.0153013756 0.5 p-1 -5889 1
169 693 m2 902650 0.032021679 0.5 p-1 -4488106 1294
296 695 m2 905734 -0.000174056389 0.5 p-1 -113437 10
109 696 m2 906644 0.000266536139 0.5 p-1 -300900 78
794 697 m2 907065 0.0332812406 0.5 p-1 -24679 6
852 699 m2 907381 -0.03925943 0.5 p-1 -7934 3
311 700 m2 907441 0.0264079273 0.5 p-1 -218990 161
211 701 m2 907619 0.00163898396 0.5 p-1 -1065161 523
110 702 m2 909118 4.53511202e-05 0.5 p-1 -2619422 77
212 703 m2 909601 4.55380103e-07 0.5 p-1 -2326629 1691
605 705 m2 910096 0.000388077809 0.5 p-1 -432869 12
238 706 m2 912125 0.00383913517 0.5 p-1 -1105275 580
111 707 m2 912618 0.000840398832 0.5 p-1 -2854600 856
239 708 m2 916109 0.00212681829 0.5 p-1 -309962 105
424 709 m2 916344 0.00116594753 0.5 p-1 -5632 1
170 710 m2 918570 -0.000570568314 0.5 p-1 -2949477 1041
647 711 m2 921186 -3.8334405e-05 0.5 p-1 -159518 15
241 712 m2 923679 -8.74339001e-09 0.5 p-1 -7497582 1077
242 713 m2 924868 -0.00740374951 0.5 p-1 -1777488 482
112 714 m2 925556 0.0455037206 0.5 p-1 -10071181 1483
281 715 m2 929547 -0.00196143449 0.5 p-1 -2564944 333
795 716 m2 930243 -0.00128633541 0.5 p-1 -3956 9
805 717 m2 930414 0.00178917754 0.5 p-1 -124476 5
171 718 m2 930976 0.0339211114 0.5 p-1 -1333283 765
113 719 m2 931139 0.00296067866 0.5 p-1 -10730473 1590
508 720 m2 935349 -0.057598114 0.5 p-1 -12518 16
541 721 m2 937327 9.27033834e-05 0.5 p-1 -435032 68
172 724 m2 940443 0.0001945447 0.5 p-1 -5776644 1000
799 725 m2 940922 0.00288834283 0.5 p-1 -16866 6
213 726 m2 944287 -1.59831779e-06 0.5 p-1 -2016904 472
431 727 m2 945546 0.000198962196 0.5 p-1 -686327 37
867 728 m2 946291 -0.00323700486 0.5 p-1 -11174 1
114 729 m2 947593 0.00734980451 0.5 p-1 -2266363 1046
950 730 m2 948350 -0.00128268637 0.5 p-1 -1763 1
644 731 m2 948882 0.000143563753 0.5 p-1 -217444 12
539 733 m2 951766 -0.0555650853 0.5 p-1 -253354 17
871 735 m2 958936 5.61795287e-06 0.5 p-1 -458 3
869 736 m2 960077 -5.67862662e-06 0.5 p-1 -1371 2
417 738 m2 962724 -0.00795533694 0.5 p-1 -177095 56
115 739 m2 962741 0.0489759222 0.5 p-1 -15691641 967
496 740 m2 965301 -0.0140825175 0.5 p-1 -205334 42
418 742 m2 970278 0.000881676853 0.5 p-1 -13844 16
341 743 m2 970651 0.00147663779 0.5 p-1 -15758324 107
643 744 m2 973770 -0.0170980785 0.5 p-1 -27524 12
381 745 m2 973837 -0.0860891938 0.5 p-1 -85874 46
857 746 m2 974433 0.0143717844 0.5 p-1 -40810 8
575 747 m2 974650 3.68279188e-06 0.5 p-1 -1775 3
174 748 m2 975911 4.14529604e-05 0.5 p-1 -4407978 719
936 749 m2 979804 6.30455179e-05 0.5 p-1 -68100 1
870 750 m2 980908 0.000457407383 0.5 p-1 -196 1
632 751 m2 983035 -0.0284492411 0.5 p-1 -9663 3
552 752 m2 985703 -0.000326738431 0.5 p-1 -89225 47
768 753 m2 985974 -0.012795683 0.5 p-1 -13770 3
892 754 m2 985997 -0.0202017985 0.5 p-1 -255 1
891 756 m2 986139 -4.846519e-05 0.5 p-1 -14110 1
442 757 m2 986158 0.00310462993 0.5 p-1 -5854496 97
466 760 m2 996018 -0.00166051637 0.5 p-1 -71126 20
175 761 m2 997369 -0.00167785853 0.5 p-1 -189013 271
342 762 m2 999535 0.0986904204 0.5 p-1 -262837 17
555 763 m2 999851 0.00419162819 0.5 p-1 -445728 101
908 764 m2 76336 -0.0200081859 0.5 p0 2 1
796 766 m2 679389 -0.0457232967 0.5 p0 2 2
809 767 m2 495014 0.0287580527 0.5 p0 2 1
823 768 m2 511387 0.0153082153 0.5 p0 2 2
932 769 m2 268131 0.00348795624 0.5 p0 2 1
697 770 m2 847892 0.000428410567 0.5 p0 2 2
802 771 m2 351694 -0.00501220021 0.5 p0 2 3
374 772 m2 504089 0.000155271409 0.5 p0 2 3
858 773 m2 377839 -0.000122284357 0.5 p0 2 1
775 774 m2 170554 -8.59037573e-06 0.5 p0 2 4
931 775 m2 275960 0.0134105645 0.5 p0 2 1
854 777 m2 605922 0.00397395995 0.5 p0 2 2
785 778 m2 973752 -0.012582113 0.5 p0 2 2
893 779 m2 980065 0.00765735144 0.5 p0 2 1
929 780 m2 109964 7.55854344e-05 0.5 p0 2 1
868 782 m2 173064 0.000207652469 0.5 p0 2 1
927 783 m2 549645 0.00469429884 0.5 p0 2 1
897 785 m2 547717 0.000610552321 0.5 p0 2 1
656 786 m2 136433 -4.29443717e-05 0.5 p0 2 1
814 788 m2 709691 -0.000446456077 0.5 p0 2 1
928 789 m2 539104 -4.86545068e-05 0.5 p0 2 1
937 792 m2 818751 -0.000787632423 0.5 p0 2 1
905 795 m2 640358 0.00433004368 0.5 p0 2 2
724 796 m2 396022 0.0100605786 0.5 p0 2 2
824 797 m2 702023 -3.50073096e-05 0.5 p0 2 1
825 798 m2 960436 -0.00205749413 0.5 p0 2 1
786 800 m2 317053 -0.000410349545 0.5 p0 2 1
661 803 m2 620771 -4.23275026e-10 0.5 p0 2 3
667 804 m2 372771 -0.0161116645 0.5 p0 2 2
875 805 m2 126077 0.000641629449 0.5 p0 2 2
838 806 m2 26493 -0.000688638189 0.5 p0 2 3
329 808 m2 238720 0.000363849889 0.5 p0 2 1
847 809 m2 258363 -3.48906324e-05 0.5 p0 2 3
406 810 m2 618557 8.59934298e-05 0.5 p0 2 1
924 812 m2 580734 0.0258597806 0.5 p0 2 1
935 813 m2 956534 0.000866689312 0.5 p0 2 2
806 814 m2 270946 0.0351863578 0.5 p0 2 3
886 815 m2 203540 0.000312368793 0.5 p0 2 3
946 816 m2 364033 -0.0120657412 0.5 p0 2 1
816 817 m2 844690 -0.00672846474 0.5 p0 2 2
711 818 m2 34550 -0.00211513112 0.5 p0 2 1
736 819 m2 296311 -0.00168663554 0.5 p0 2 1
859 820 m2 1745 -0.00064480427 0.5 p0 2 2
902 821 m2 419669 0.0203379039 0.5 p0 2 2
860 824 m2 250252 0.000683913298 0.5 p0 2 1
771 825 m2 329989 0.0141963568 0.5 p0 2 2
834 826 m2 958211 -0.0301419534 0.5 p0 2 1
850 827 m2 374988 -0.000694306276 0.5 p0 2 1
940 829 m2 475418 0.000664948428 0.5 p0 2 1
884 832 m2 966811 0.00203328067 0.5 p0 2 1
645 833 m2 470445 -0.00135886017 0.5 p0 2 3
601 834 m2 154988 -0.0025669029 0.5 p0 2 2
718 837 m2 347635 0.0170809999 0.5 p0 2 1
887 838 m2 770989 1.96583678e-05 0.5 p0 2 1
944 840 m2 658357 0.00131369673 0.5 p0 2 1
612 841 m2 680242 -0.00523036998 0.5 p0 2 2
942 845 m2 801258 -0.00515785394 0.5 p0 2 1
792 846 m2 764967 -0.000295543025 0.5 p0 2 4
872 848 m2 368274 -0.00130506302 0.5 p0 2 2
638 849 m2 561050 -0.0367630385 0.5 p0 2 1
712 851 m2 405606 -0.00225345744 0.5 p0 2 1
501 852 m2 940271 0.00807551015 0.5 p0 2 1
826 854 m2 832783 1.18513581e-05 0.5 p0 2 3
461 855 m2 81750 8.53059191e-06 0.5 p0 2 2
876 857 m2 340417 -0.000236534805 0.5 p0 2 1
885 860 m2 986353 0.026260281 0.5 p0 2 2
827 862 m2 744059 -0.00291996682 0.5 p0 2 4
769 863 m2 486141 -6.24358363e-05 0.5 p0 2 4
839 864 m2 180816 0.00757689215 0.5 p0 2 2
880 866 m2 460449 -0.00827975105 0.5 p0 2 1
863 867 m2 718447 -0.0004864191 0.5 p0 2 2
896 868 m2 984565 0.0848608613 0.5 p0 2 1
722 870 m2 280042 -0.00531105278 0.5 p0 2 3
947 873 m2 30424 -0.04628985 0.5 p0 2 1
695 874 m2 932370 -0.0553870909 0.5 p0 2 5
856 876 m2 864059 -0.0167161208 0.5 p0 2 2
745 877 m2 880561 -0.0858182162 0.5 p0 2 1
754 878 m2 998846 -0.00927348435 0.5 p0 2 4
613 880 m2 220043 -0.0464489907 0.5 p0 2 1
910 881 m2 592261 -0.0335142612 0.5 p0 2 1
512 885 m2 602772 0.02127604 0.5 p0 2 3
798 886 m2 804349 0.00356013863 0.5 p0 2 3
812 889 m2 204455 -0.00610631378 0.5 p0 2 1
793 893 m2 52885 0.041412916 0.5 p0 2 3
921 895 m2 236173 -0.0022713209 0.5 p0 2 1
879 896 m2 401589 4.04642506e-08 0.5 p0 2 3
721 901 m2 785279 0.0958140716 0.5 p0 2 1
846 908 m2 512633 0.024492817 0.5 p0 2 1
675 909 m2 360158 0.00357090915 0.5 p0 2 2
901 910 m2 316164 1.48240747e-06 0.5 p0 2 1
934 912 m2 479264 -0.00330039719 0.5 p0 2 1
926 913 m2 61677 -0.00110499782 0.5 p0 2 1
938 914 m2 96987 -0.0153211169 0.5 p0 2 1
855 916 m2 82943 -0.0179624185 0.5 p0 2 1
804 917 m2 7061 2.05167021e-06 0.5 p0 2 1
749 919 m2 424109 -6.50947986e-05 0.5 p0 2 2
623 920 m2 345865 -0.00756854191 0.5 p0 2 2
890 921 m2 718487 3.84255088e-07 0.5 p0 2 1
895 922 m2 582874 -0.0164508261 0.5 p0 2 1
949 924 m2 795260 1.40477113e-07 0.5 p0 2 1
663 925 m2 9922 7.7916593e-05 0.5 p0 2 2
882 926 m2 59075 -0.0034870503 0.5 p0 2 1
883 927 m2 202004 -0.00605715159 0.5 p0 2 1
789 928 m2 147903 -0.0121006584 0.5 p0 2 2
916 929 m2 714151 -0.0198203716 0.5 p0 2 1
917 930 m2 848886 0.00198194548 0.5 p0 2 1
829 932 m2 746505 1.97913806e-07 0.5 p0 2 2
835 933 m2 661570 -0.000459948613 0.5 p0 2 1
903 934 m2 54763 -4.99221596e-06 0.5 p0 2 2
904 935 m2 288308 -0.00427164417 0.5 p0 2 1
840 937 m2 65783 -1.33038029e-07 0.5 p0 2 1
817 938 m2 212000 -0.00859792251 0.5 p0 2 1
889 940 m2 581979 -0.000130147047 0.5 p0 2 1
570 941 m1 2187 0 0.5 p-1 -15464 11
324 942 m1 2458 -0 0.5 p-1 -101974 39
244 943 m1 5119 0 0.5 p-1 -3476 5
120 944 m1 9274 -0 0.5 p-1 -959272 188
177 945 m1 12199 0 0.5 p-1 -950764 471
830 946 m1 16180 -0 0.5 p-1 -8680 7
402 947 m1 22452 0 0.5 p-1 -99840 46
583 948 m1 26799 0 0.5 p-1 -4321 10
505 949 m1 27146 -0 0.5 p-1 -220531 75
888 951 m1 33778 -0 0.5 p-1 -4506 1
283 952 m1 34104 0 0.5 p-1 -1069537 124
178 953 m1 36991 -0 0.5 p-1 -10504351 358
325 954 m1 43775 -0 0.5 p-1 -266911 94
403 955 m1 45605 0 0.5 p-1 -129464 100
842 956 m1 45772 0 0.5 p-1 -1479 3
245 957 m1 50718 -0 0.5 p-1 -4149986 158
9 958 m1 51955 -0 0.5 p-1 -1378180 1184
678 959 m1 54094 0 0.5 p-1 -18954 13
297 960 m1 54223 -0 0.5 p-1 -112529 92
326 961 m1 55156 -0 0.5 p-1 -359208 397
513 962 m1 56897 0 0.5 p-1 -66341 36
527 963 m1 60790 -0 0.5 p-1 -109169 29
12 965 m1 78096 -0 0.5 p-1 -386476 88
574 966 m1 89364 0 0.5 p-1 -297182 70
581 967 m1 90671 0 0.5 p-1 -146039 20
13 968 m1 101953 -0 0.5 p-1 -3401617 1525
14 969 m1 102591 0 0.5 p-1 -1543795 593
545 970 m1 103346 -0 0.5 p-1 -6304 6
268 972 m1 106040 -0 0.5 p-1 -392842 179
126 973 m1 109614 0 0.5 p-1 -2392073 1310
300 975 m1 125120 0 0.5 p-1 -516448 332
524 976 m1 133475 -0 0.5 p-1 -110508 18
943 977 m1 135365 -0 0.5 p-1 -1362 1
683 978 m1 137962 0 0.5 p-1 -25469 20
129 979 m1 138637 -0 0.5 p-1 -2647735 535
763 980 m1 142275 -0 0.5 p-1 -4355 5
803 981 m1 147371 0 0.5 p-1 -186 2
313 982 m1 148551 0 0.5 p-1 -346744 258
492 983 m1 150820 -0 0.5 p-1 -173212 26
843 984 m1 152941 -0 0.5 p-1 -7207 3
741 985 m1 153391 0 0.5 p-1 -12183 7
314 986 m1 155822 -0 0.5 p-1 -839010 113
515 987 m1 156859 0 0.5 p-1 -1507412 52
315 988 m1 157514 0 0.5 p-1 -1110846 124
864 990 m1 160430 0 0.5 p-1 -5943 1
810 993 m1 168490 0 0.5 p-1 -79340 6
132 994 m1 172474 -0 0.5 p-1 -685355 561
26 995 m1 183427 0 0.5 p-1 -3500683 1458
180 996 m1 185563 0 0.5 p-1 -247674 162
737 997 m1 201953 -0 0.5 p-1 -622311 3
28 998 m1 202890 0 0.5 p-1 -4861678 1503
29 1000 m1 214696 0 0.5 p-1 -537191 212
30 1001 m1 215596 0 0.5 p-1 -6796050 731
269 1002 m1 219321 0 0.5 p-1 -658890 408
589 1003 m1 230660 0 0.5 p-1 -328185 34
249 1004 m1 232297 0 0.5 p-1 -985445 201
662 1006 m1 244200 0 0.5 p-1 -79195 13
388 1007 m1 244657 0 0.5 p-1 -188599 180
302 1010 m1 253216 -0 0.5 p-1 -1271142 499
493 1011 m1 254073 -0 0.5 p-1 -52592 6
271 1012 m1 254079 0 0.5 p-1 -376237 171
38 1014 m1 264157 0 0.5 p-1 -1176276 530
39 1015 m1 268564 -0 0.5 p-1 -5188627 1641
40 1016 m1 279151 0 0.5 p-1 -1602925 84
566 1017 m1 288226 -0 0.5 p-1 -156584 23
584 1019 m1 291476 -0 0.5 p-1 -53380 10
556 1021 m1 294407 -0 0.5 p-1 -30162 13
363 1022 m1 295215 -0 0.5 p-1 -898387 249
42 1023 m1 299833 0 0.5 p-1 -2290098 1166
45 1025 m1 323231 0 0.5 p-1 -5362344 1932
726 1026 m1 325308 0 0.5 p-1 -114116 3
188 1027 m1 331080 -0 0.5 p-1 -4202367 754
665 1030 m1 340257 0 0.5 p-1 -39730 13
48 1031 m1 342246 0 0.5 p-1 -967137 186
607 1032 m1 343443 -0 0.5 p-1 -163743 44
219 1033 m1 344393 0 0.5 p-1 -3668273 493
421 1034 m1 347794 0 0.5 p-1 -209846 60
472 1036 m1 363940 -0 0.5 p-1 -45990 73
52 1037 m1 365666 0 0.5 p-1 -6759166 1128
55 1038 m1 373972 -0 0.5 p-1 -8080516 1597
606 1039 m1 378924 -0 0.5 p-1 -47879 13
364 1040 m1 384226 0 0.5 p-1 -300391 349
482 1041 m1 393852 -0 0.5 p-1 -1951817 324
253 1042 m1 394235 -0 0.5 p-1 -3376270 864
192 1043 m1 395280 0 0.5 p-1 -3078418 1079
727 1044 m1 396457 -0 0.5 p-1 -5238 3
58 1046 m1 403427 0 0.5 p-1 -6206402 399
358 1047 m1 414312 -0 0.5 p-1 -1687026 192
687 1048 m1 416642 0 0.5 p-1 -500 4
405 1049 m1 420773 0 0.5 p-1 -127067 49
700 1050 m1 422413 0 0.5 p-1 -111982 8
432 1052 m1 431477 -0 0.5 p-1 -242295 35
347 1053 m1 437151 0 0.5 p-1 -950631 81
222 1054 m1 444683 0 0.5 p-1 -3970815 938
765 1056 m1 448636 0 0.5 p-1 -54991 4
469 1057 m1 454965 0 0.5 p-1 -75778 18
822 1058 m1 455880 0 0.5 p-1 -3100 1
658 1059 m1 470107 -0 0.5 p-1 -99774 3
764 1060 m1 470499 -0 0.5 p-1 -744 3
462 1061 m1 474333 -0 0.5 p-1 -52703 11
521 1063 m1 485384 0 0.5 p-1 -5596 7
608 1065 m1 498189 0 0.5 p-1 -31762 8
225 1067 m1 504628 0 0.5 p-1 -892288 377
71 1068 m1 506474 0 0.5 p-1 -791265 801
561 1069 m1 512345 0 0.5 p-1 -246122 44
72 1071 m1 522509 -0 0.5 p-1 -4238143 926
448 1072 m1 523801 0 0.5 p-1 -41129 26
257 1073 m1 527672 0 0.5 p-1 -2319939 594
474 1075 m1 527822 0 0.5 p-1 -80440 24
619 1076 m1 528482 -0 0.5 p-1 -42188 18
433 1077 m1 529498 0 0.5 p-1 -836306 132
588 1078 m1 531540 0 0.5 p-1 -91819 56
930 1079 m1 531826 -0 0.5 p-1 -6938 1
75 1080 m1 536475 0 0.5 p-1 -2014675 894
948 1081 m1 539940 -0 0.5 p-1 -4960 1
511 1082 m1 553005 -0 0.5 p-1 -3031 9
499 1083 m1 555960 0 0.5 p-1 -873534 92
376 1084 m1 558308 -0 0.5 p-1 -113105 35
706 1085 m1 558834 -0 0.5 p-1 -5825 2
629 1086 m1 560830 -0 0.5 p-1 -28408 13
227 1087 m1 561307 0 0.5 p-1 -1459731 853
349 1088 m1 567543 0 0.5 p-1 -492998 73
898 1089 m1 568501 -0 0.5 p-1 -759 1
258 1090 m1 570151 0 0.5 p-1 -6695968 480
463 1091 m1 577506 0 0.5 p-1 -14940 8
336 1094 m1 585702 0 0.5 p-1 -2188640 231
422 1095 m1 587548 0 0.5 p-1 -125856 38
148 1097 m1 594501 0 0.5 p-1 -741256 168
837 1098 m1 603896 -0 0.5 p-1 -11865 2
918 1100 m1 618225 -0 0.5 p-1 -7323 1
720 1101 m1 619832 0 0.5 p-1 -9391 4
732 1102 m1 622283 -0 0.5 p-1 -15558 2
259 1104 m1 625136 -0 0.5 p-1 -1470523 278
717 1105 m1 631854 0 0.5 p-1 -51718 7
451 1106 m1 633453 -0 0.5 p-1 -30015 40
866 1107 m1 644300 -0 0.5 p-1 -10541 3
495 1108 m1 644544 -0 0.5 p-1 -636902 77
464 1109 m1 647686 -0 0.5 p-1 -905103 39
625 1110 m1 664983 0 0.5 p-1 -154441 19
85 1112 m1 671599 0 0.5 p-1 -85336 50
564 1113 m1 671628 -0 0.5 p-1 -379474 31
203 1114 m1 681045 0 0.5 p-1 -1976619 394
384 1115 m1 690104 -0 0.5 p-1 -281643 85
353 1116 m1 693124 -0 0.5 p-1 -256079 318
688 1117 m1 700592 -0 0.5 p-1 -126496 12
660 1118 m1 700649 -0 0.5 p-1 -255280 22
730 1119 m1 705917 0 0.5 p-1 -61794 7
407 1120 m1 707425 0 0.5 p-1 -736257 102
428 1122 m1 712171 -0 0.5 p-1 -598921 214
89 1123 m1 712245 0 0.5 p-1 -2717753 1837
205 1124 m1 715327 0 0.5 p-1 -249233 195
322 1125 m1 720360 -0 0.5 p-1 -289732 258
278 1126 m1 721755 0 0.5 p-1 -9102605 241
385 1127 m1 726715 0 0.5 p-1 -122277 69
378 1128 m1 738417 0 0.5 p-1 -2986460 125
460 1129 m1 739610 0 0.5 p-1 -2978395 61
206 1130 m1 741988 0 0.5 p-1 -1315540 540
701 1131 m1 756409 0 0.5 p-1 -316535 11
702 1132 m1 758119 -0 0.5 p-1 -118608 11
161 1133 m1 759979 -0 0.5 p-1 -6637579 881
308 1136 m1 770672 -0 0.5 p-1 -467471 223
400 1137 m1 772067 0 0.5 p-1 -59536 62
309 1138 m1 776075 -0 0.5 p-1 -616319 242
416 1139 m1 777546 0 0.5 p-1 -1759227 66
703 1140 m1 782281 -0 0.5 p-1 -5995 1
550 1141 m1 785957 -0 0.5 p-1 -131334 26
710 1142 m1 794216 0 0.5 p-1 -19063 4
489 1143 m1 797410 0 0.5 p-1 -28350 73
939 1145 m1 806110 -0 0.5 p-1 -13918 2
599 1146 m1 809863 -0 0.5 p-1 -6940 6
507 1149 m1 832954 0 0.5 p-1 -534854 89
503 1150 m1 834459 -0 0.5 p-1 -151843 46
807 1151 m1 837490 -0 0.5 p-1 -28827 6
101 1152 m1 839768 -0 0.5 p-1 -5978714 1404
602 1153 m1 841824 0 0.5 p-1 -69643 15
166 1154 m1 843534 -0 0.5 p-1 -1878974 910
360 1155 m1 848889 -0 0.5 p-1 -8283256 54
104 1156 m1 859949 -0 0.5 p-1 -6062324 1730
105 1157 m1 861427 -0 0.5 p-1 -3354662 1681
475 1159 m1 865802 0 0.5 p-1 -182740 65
209 1160 m1 868671 -0 0.5 p-1 -319167 457
877 1162 m1 881696 -0 0.5 p-1 -25905 1
733 1164 m1 888993 -0 0.5 p-1 -26526 5
380 1165 m1 889210 -0 0.5 p-1 -291982 43
709 1166 m1 889393 0 0.5 p-1 -547 4
457 1167 m1 890079 -0 0.5 p-1 -20466 11
801 1168 m1 911949 -0 0.5 p-1 -11453 3
240 1170 m1 920671 -0 0.5 p-1 -255625 162
748 1171 m1 922020 0 0.5 p-1 -1010 3
534 1172 m1 923125 0 0.5 p-1 -62256 12
784 1173 m1 926069 -0 0.5 p-1 -21432 4
490 1174 m1 927676 -0 0.5 p-1 -57736 8
386 1175 m1 928160 -0 0.5 p-1 -3476764 21
538 1177 m1 935859 0 0.5 p-1 -28144 22
655 1178 m1 939561 -0 0.5 p-1 -12857 2
491 1179 m1 939686 -0 0.5 p-1 -39855 19
800 1181 m1 958470 -0 0.5 p-1 -24424 4
116 1182 m1 964214 0 0.5 p-1 -60930 32
117 1183 m1 967702 -0 0.5 p-1 -5580101 1630
173 1184 m1 969386 0 0.5 p-1 -6800266 539
214 1185 m1 978604 0 0.5 p-1 -3151332 631
502 1186 m1 979280 0 0.5 p-1 -664588 78
282 1187 m1 995682 0 0.5 p-1 -684459 169
243 1188 m1 998208 0 0.5 p-1 -2405288 783
