Temp_ID Permanent_ID Mutation_type Position s h Subpop Tick Number
57 0 m2 929 2.71498648e-05 0.5 p-1 -16488 21
253 1 m2 3685 9.03195087e-06 0.5 p-1 -12568 6
177 3 m2 10839 0.00572475931 0.5 p-1 -73754 22
35 4 m2 11273 0.000229154 0.5 p-1 -240026 199
0 5 m2 11767 0.00619344041 0.5 p-1 -3984896 1520
1 6 m2 13351 -0.0172906239 0.5 p-1 -2338554 814
79 7 m2 13744 0.00545600709 0.5 p-1 -175971 105
127 8 m2 20292 -0.000145868296 0.5 p-1 -66966 23
72 9 m2 25410 -0.000132987872 0.5 p-1 -4276476 757
110 10 m2 32527 0.000353188196 0.5 p-1 -92504 22
154 11 m2 37965 0.000810851168 0.5 p-1 -63897 25
275 12 m2 38564 -0.00153091212 0.5 p-1 -137203 9
161 13 m2 41675 0.00695252325 0.5 p-1 -647621 185
180 15 m2 57140 5.82967805e-05 0.5 p-1 -169753 18
250 16 m2 82124 0.0555484779 0.5 p-1 -63604 3
37 17 m2 82613 2.41030102e-05 0.5 p-1 -3930173 913
280 19 m2 85496 -2.27901569e-06 0.5 p-1 -4998 3
3 20 m2 88798 -0.0338704251 0.5 p-1 -4680079 1243
182 21 m2 93370 -0.00106979604 0.5 p-1 -101789 48
242 22 m2 102714 -3.01048954e-06 0.5 p-1 -153486 14
58 23 m2 104066 0.00376566895 0.5 p-1 -1096608 495
4 24 m2 107357 9.29601697e-07 0.5 p-1 -900153 869
205 25 m2 109794 -0.000836366846 0.5 p-1 -12366 7
59 26 m2 110139 -0.00204284978 0.5 p-1 -1534473 117
195 28 m2 116725 0.00583716528 0.5 p-1 -818 3
60 29 m2 117430 -0.0228964239 0.5 p-1 -835072 238
288 30 m2 123751 0.0157668572 0.5 p-1 -33740 3
142 31 m2 125792 0.0342976935 0.5 p-1 -86019 51
73 32 m2 125871 8.7216049e-06 0.5 p-1 -115685 92
187 33 m2 125921 0.00338314846 0.5 p-1 -48065 56
139 34 m2 129272 0.00526176905 0.5 p-1 -130861 59
214 35 m2 131577 5.0728082e-05 0.5 p-1 -234274 7
38 36 m2 133183 0.00235424866 0.5 p-1 -1074124 923
80 37 m2 138357 4.7879854e-07 0.5 p-1 -103622 43
206 38 m2 144334 -0.000570142933 0.5 p-1 -15357 15
143 39 m2 150524 3.37040478e-06 0.5 p-1 -52629 28
5 40 m2 150823 -0.00130823429 0.5 p-1 -184057 171
122 41 m2 156030 0.0121184383 0.5 p-1 -757337 154
39 42 m2 157226 2.95594e-05 0.5 p-1 -1617778 432
6 43 m2 157993 5.4646327e-05 0.5 p-1 -41701 39
233 44 m2 160060 0.00106907566 0.5 p-1 -3306625 4
7 46 m2 170998 -0.00255593401 0.5 p-1 -1801382 181
304 48 m2 178197 -0.00221000682 0.5 p-1 -875 1
61 49 m2 179227 5.74374599e-06 0.5 p-1 -3595157 801
207 50 m2 184372 0.000268251373 0.5 p-1 -426447 20
100 51 m2 187536 -0.0131431343 0.5 p-1 -3828626 490
251 52 m2 192324 0.0224125441 0.5 p-1 -7762 5
81 53 m2 192598 -0.000517021341 0.5 p-1 -2125530 170
123 54 m2 199183 0.0391083546 0.5 p-1 -959195 175
218 57 m2 207790 9.53244671e-06 0.5 p-1 -10007080 27
289 58 m2 208792 0.000125652368 0.5 p-1 -7626 2
9 59 m2 213104 0.00157332816 0.5 p-1 -5542895 1886
169 61 m2 215147 6.45711698e-05 0.5 p-1 -108492 44
166 62 m2 239164 0.00849906728 0.5 p-1 -1419527 55
148 63 m2 240031 0.0149105713 0.5 p-1 -136829 30
92 69 m2 255939 -0.000148928433 0.5 p-1 -278979 211
10 72 m2 267324 -0.0113070579 0.5 p-1 -2845152 1577
266 73 m2 272829 -0.0592885129 0.5 p-1 -11927 3
300 74 m2 273054 -0.000380920654 0.5 p-1 -17353 5
204 75 m2 278265 2.37083459e-05 0.5 p-1 -33210 12
11 76 m2 311774 -0.000491246348 0.5 p-1 -4914675 536
136 78 m2 314353 1.56867543e-07 0.5 p-1 -211193 52
116 79 m2 314427 -1.97578029e-05 0.5 p-1 -2624150 369
147 80 m2 326315 0.00238537951 0.5 p-1 -248207 170
62 81 m2 328418 0.0107181454 0.5 p-1 -5780463 1559
88 82 m2 330607 0.00318581308 0.5 p-1 -420452 174
144 84 m2 338626 1.21870471e-05 0.5 p-1 -303510 171
130 85 m2 346257 0.0184737742 0.5 p-1 -166200 86
246 87 m2 355203 -0.00485141436 0.5 p-1 -18244 4
83 88 m2 355659 0.0252819341 0.5 p-1 -1938515 389
13 89 m2 358958 0.000989955734 0.5 p-1 -6114427 1788
112 90 m2 368161 0.0387012549 0.5 p-1 -391332 84
271 91 m2 374480 -1.41094779e-05 0.5 p-1 -26912 2
42 95 m2 385810 -0.00801628642 0.5 p-1 -1750002 1125
43 96 m2 393368 -2.18359546e-05 0.5 p-1 -9743133 518
189 97 m2 396210 0.00055484398 0.5 p-1 -33370 9
140 98 m2 396852 0.0193199497 0.5 p-1 -51374 36
185 99 m2 396905 -8.37700863e-05 0.5 p-1 -197949 29
44 100 m2 399057 0.0204144828 0.5 p-1 -1867737 388
14 101 m2 399171 -0.00498245331 0.5 p-1 -1316699 443
270 102 m2 399552 -0.00753797824 0.5 p-1 -34848 5
45 104 m2 406728 0.00260422891 0.5 p-1 -645113 778
131 105 m2 414925 -0.0114826635 0.5 p-1 -783500 303
236 106 m2 417123 0.000478964124 0.5 p-1 -39603 24
101 108 m2 420989 0.0183222108 0.5 p-1 -3019594 582
15 110 m2 430086 -0.00810338557 0.5 p-1 -1971914 324
247 111 m2 432626 7.75534209e-05 0.5 p-1 -41717 4
188 112 m2 434245 0.0134741282 0.5 p-1 -94928 9
102 113 m2 442843 -0.00089194061 0.5 p-1 -223388 46
93 115 m2 453094 -0.00129289425 0.5 p-1 -70329 51
105 116 m2 455381 -0.0100605944 0.5 p-1 -315118 54
235 117 m2 459271 -0.0102943685 0.5 p-1 -3320 2
46 118 m2 460913 -0.00996714924 0.5 p-1 -17646 9
287 119 m2 464752 0.00252603833 0.5 p-1 -12706 1
225 120 m2 467826 -0.000884894107 0.5 p-1 -138086 7
283 121 m2 476113 -0.00246647419 0.5 p-1 -2855 2
49 123 m2 487632 0.00488062203 0.5 p-1 -2730706 1204
95 124 m2 495073 0.000107461005 0.5 p-1 -1138369 487
227 125 m2 496203 0.00562869851 0.5 p-1 -506524 34
151 127 m2 497165 -8.39190488e-06 0.5 p-1 -72209 116
179 128 m2 501842 -4.78742868e-06 0.5 p-1 -307863 14
16 129 m2 504830 -0.00611239439 0.5 p-1 -3083302 1413
162 130 m2 512162 0.000996999326 0.5 p-1 -2683495 96
301 132 m2 525293 -8.52808668e-08 0.5 p-1 -7208 1
223 133 m2 530366 -0.00225792825 0.5 p-1 -6005 9
64 134 m2 531112 -0.000663478277 0.5 p-1 -3724688 176
106 135 m2 533057 0.00848673098 0.5 p-1 -1902521 169
202 136 m2 535573 0.00225897646 0.5 p-1 -20443 36
190 137 m2 539138 -9.27484434e-05 0.5 p-1 -52159 57
248 138 m2 539551 -0.000153837696 0.5 p-1 -18012 6
290 139 m2 540388 0.00693558436 0.5 p-1 -53061 5
50 140 m2 542136 0.00692350511 0.5 p-1 -379451 86
286 141 m2 544917 -2.47127249e-11 0.5 p-1 -47874 2
268 142 m2 549698 0.0652457476 0.5 p-1 -5275 1
84 143 m2 554220 0.00105867267 0.5 p-1 -697056 37
234 144 m2 556263 4.93246375e-07 0.5 p-1 -526781 11
186 145 m2 558874 -0.000247532502 0.5 p-1 -3727 8
132 146 m2 561894 0.00245684152 0.5 p-1 -756757 128
219 147 m2 566626 5.40366018e-05 0.5 p-1 -612075 14
113 148 m2 576597 -0.000391551614 0.5 p-1 -265302 30
262 149 m2 595229 -0.0131508708 0.5 p-1 -135964 5
221 150 m2 595771 0.000468979939 0.5 p-1 -43079 11
65 152 m2 598362 0.00370855746 0.5 p-1 -693252 654
284 153 m2 603723 0.0063034147 0.5 p-1 -34029 5
149 154 m2 603770 0.00367276976 0.5 p-1 -369274 126
17 157 m2 612958 -0.000986270374 0.5 p-1 -258204 93
191 158 m2 620204 0.00397274457 0.5 p-1 -30465 33
18 160 m2 622888 -1.27815701e-06 0.5 p-1 -2926648 528
103 161 m2 627240 0.00432990724 0.5 p-1 -2200422 458
66 162 m2 633401 -0.00886728242 0.5 p-1 -287482 37
19 163 m2 647367 0.00200700597 0.5 p-1 -7590194 1569
68 164 m2 647631 -0.00840359088 0.5 p-1 -6771494 485
75 165 m2 648749 -0.00684017921 0.5 p-1 -1150405 152
85 166 m2 651010 0.000213884778 0.5 p-1 -660720 382
128 167 m2 651486 0.0225054137 0.5 p-1 -285889 101
255 168 m2 653243 0.0368040726 0.5 p-1 -10247 19
213 170 m2 658361 0.0109112114 0.5 p-1 -67391 12
69 171 m2 662059 -0.000464921526 0.5 p-1 -1214855 895
76 172 m2 663919 2.72328028e-11 0.5 p-1 -1302370 394
70 174 m2 666718 0.00313508464 0.5 p-1 -3538125 497
220 175 m2 669637 -0.0176869072 0.5 p-1 -22347 8
211 176 m2 671859 -7.89476144e-06 0.5 p-1 -120024 13
240 177 m2 672774 -0.0330382846 0.5 p-1 -6164 10
86 178 m2 674274 -1.40233806e-06 0.5 p-1 -291302 51
107 179 m2 675608 0.00205251761 0.5 p-1 -133825 80
303 180 m2 676530 -0.0217106286 0.5 p-1 -16417 1
52 181 m2 679080 0.0487059653 0.5 p-1 -1303510 1534
108 182 m2 683756 -0.00145770528 0.5 p-1 -836340 288
77 183 m2 687900 0.00541564636 0.5 p-1 -926830 43
152 184 m2 688697 1.32524758e-06 0.5 p-1 -7378 14
141 186 m2 712762 0.000945524895 0.5 p-1 -1899750 233
153 188 m2 719006 -0.0313289501 0.5 p-1 -754105 136
87 189 m2 721188 -0.000404421968 0.5 p-1 -2707593 231
20 190 m2 722177 9.9781173e-05 0.5 p-1 -393993 373
273 191 m2 725077 -0.00990080647 0.5 p-1 -31184 7
138 193 m2 735438 0.00310707628 0.5 p-1 -2570900 138
176 194 m2 735728 0.000241768736 0.5 p-1 -76920 57
21 195 m2 736388 0.000904113171 0.5 p-1 -4549839 724
184 198 m2 753256 -0.000464562123 0.5 p-1 -164147 87
22 199 m2 755087 0.0030841094 0.5 p-1 -469437 289
104 200 m2 756565 0.00179576618 0.5 p-1 -333858 149
172 201 m2 760949 -0.00882574357 0.5 p-1 -137572 24
158 202 m2 763431 -0.000668821333 0.5 p-1 -271787 13
241 203 m2 769467 -1.4569971e-06 0.5 p-1 -66407 20
23 204 m2 773772 3.93475739e-06 0.5 p-1 -3846386 840
156 205 m2 781532 2.72788213e-07 0.5 p-1 -465476 22
292 206 m2 790610 -0.0016620669 0.5 p-1 -20314 2
212 207 m2 792078 0.00298972568 0.5 p-1 -107944 23
24 208 m2 795303 0.000391183072 0.5 p-1 -3510388 1551
181 210 m2 809296 0.00339764799 0.5 p-1 -56263 10
114 211 m2 813232 3.81230564e-07 0.5 p-1 -1601641 194
117 213 m2 817795 -0.00694300374 0.5 p-1 -299016 276
25 214 m2 818605 0.000451784872 0.5 p-1 -1409715 1087
109 215 m2 826187 0.0442890674 0.5 p-1 -166882 142
231 216 m2 826591 0.0259183347 0.5 p-1 -5336 5
263 218 m2 834775 0.000150276799 0.5 p-1 -18442 3
126 219 m2 838669 0.00320180575 0.5 p-1 -389517 74
26 220 m2 838786 -0.00481724134 0.5 p-1 -10700042 740
27 221 m2 844824 -0.0760867372 0.5 p-1 -6365457 1358
209 222 m2 846400 0.00807003118 0.5 p-1 -6646 5
174 223 m2 848174 0.00144030922 0.5 p-1 -801771 93
121 225 m2 853190 -0.0287270062 0.5 p-1 -229993 31
28 226 m2 853449 3.19146238e-08 0.5 p-1 -505847 100
237 229 m2 859604 0.00876246672 0.5 p-1 -15950 8
260 230 m2 863630 -2.6946429e-05 0.5 p-1 -3570 4
297 231 m2 865735 -0.000266819145 0.5 p-1 -5801 1
222 232 m2 866666 -0.0104573518 0.5 p-1 -25626 11
254 233 m2 867953 0.0166954082 0.5 p-1 -21468 10
256 235 m2 872804 0.00400582608 0.5 p-1 -54389 7
243 236 m2 876920 1.44447167e-05 0.5 p-1 -401140 5
274 238 m2 882280 -0.000257270789 0.5 p-1 -31085 5
90 239 m2 883986 -0.00597750349 0.5 p-1 -658030 306
29 240 m2 884199 -0.000134069953 0.5 p-1 -1528554 313
167 241 m2 885128 0.00545803318 0.5 p-1 -170347 18
168 242 m2 889388 0.0198554955 0.5 p-1 -211795 2
30 243 m2 890250 0.0207419302 0.5 p-1 -4829258 843
267 244 m2 899067 0.00625816174 0.5 p-1 -466279 4
171 245 m2 903053 0.00419911649 0.5 p-1 -86029 30
163 247 m2 912387 -0.000483612443 0.5 p-1 -646453 218
54 248 m2 914871 0.0249110758 0.5 p-1 -371790 203
55 249 m2 923422 1.72661746e-10 0.5 p-1 -2649834 121
175 252 m2 937960 -0.00576030323 0.5 p-1 -939329 146
210 253 m2 938656 -0.00194414263 0.5 p-1 -24058 7
56 254 m2 940309 0.00264860247 0.5 p-1 -543755 51
224 255 m2 940659 0.0125587089 0.5 p-1 -5628 5
261 256 m2 940944 0.00142059044 0.5 p-1 -12101 7
71 257 m2 953088 -0.00100559974 0.5 p-1 -4672210 472
159 258 m2 959371 0.00014106372 0.5 p-1 -370329 58
98 259 m2 962501 -0.0221248008 0.5 p-1 -498534 190
217 260 m2 965591 0.0181194041 0.5 p-1 -156478 10
193 261 m2 970804 -0.00013787116 0.5 p-1 -34216 18
293 262 m2 971386 0.000902049127 0.5 p-1 -32413 2
272 263 m2 972200 -2.42565766e-05 0.5 p-1 -3615 10
33 264 m2 972383 -0.0208139345 0.5 p-1 -2841503 914
91 267 m2 979968 -8.56643146e-06 0.5 p-1 -326229 40
198 268 m2 986107 -0.00332556223 0.5 p-1 -36978 25
34 270 m2 995425 0.00241437997 0.5 p-1 -3221017 1828
203 271 m2 996531 -0.0211972836 0.5 p-1 -21850 1
295 273 m2 108715 -0.000363306724 0.5 p0 2 1
259 276 m2 457535 -0.0117562618 0.5 p0 2 3
199 277 m2 465559 -0.0105012348 0.5 p0 2 7
238 279 m2 922248 -0.000204651136 0.5 p0 2 3
196 282 m2 187968 0.000183445867 0.5 p0 2 1
129 283 m2 76298 -0.0134086674 0.5 p0 2 8
216 285 m2 331811 0.00230841991 0.5 p0 2 6
249 286 m2 946800 0.00155534199 0.5 p0 2 5
194 291 m2 101079 -0.0051199398 0.5 p0 2 4
257 292 m2 227856 0.00762890559 0.5 p0 2 1
296 293 m2 104817 7.00748351e-05 0.5 p0 2 1
291 295 m2 266556 -7.64278593e-06 0.5 p0 2 4
305 303 m2 411740 0.0511038043 0.5 p0 2 1
299 310 m2 808533 -0.000890595838 0.5 p0 2 2
294 312 m2 514544 0.0386454165 0.5 p0 2 1
285 316 m2 255405 -0.00121172192 0.5 p0 2 3
302 323 m2 165565 -0.00614517601 0.5 p0 2 1
282 326 m2 767343 0.000324801658 0.5 p0 2 2
197 327 m2 921648 0.006841789 0.5 p0 2 4
258 328 m2 69408 -0.000121414036 0.5 p0 2 2
281 333 m2 889862 0.000289985561 0.5 p0 2 3
298 335 m2 726204 0.000602003594 0.5 p0 2 1
192 336 m1 4158 -0 0.5 p-1 -51430 12
178 337 m1 16454 -0 0.5 p-1 -281320 25
146 338 m1 42021 0 0.5 p-1 -554623 245
36 339 m1 45251 -0 0.5 p-1 -3127384 702
2 340 m1 67926 0 0.5 p-1 -1712754 293
226 341 m1 89862 0 0.5 p-1 -2713 1
277 342 m1 93345 0 0.5 p-1 -9953 5
157 343 m1 101385 -0 0.5 p-1 -446947 97
115 344 m1 107365 -0 0.5 p-1 -27641 80
118 345 m1 109628 -0 0.5 p-1 -3738211 95
200 348 m1 134361 0 0.5 p-1 -133140 37
155 349 m1 142992 -0 0.5 p-1 -137150 3
173 350 m1 146460 0 0.5 p-1 -162638 15
8 351 m1 171949 -0 0.5 p-1 -5640555 1129
111 352 m1 198015 0 0.5 p-1 -271555 82
135 353 m1 211951 -0 0.5 p-1 -31659 43
40 355 m1 226438 -0 0.5 p-1 -31735 15
82 356 m1 228263 0 0.5 p-1 -15986 23
41 357 m1 231584 -0 0.5 p-1 -881756 363
245 358 m1 234666 -0 0.5 p-1 -20021 5
279 359 m1 255548 -0 0.5 p-1 -347 2
230 360 m1 257072 -0 0.5 p-1 -2193 10
124 363 m1 310980 0 0.5 p-1 -203369 23
278 364 m1 316320 -0 0.5 p-1 -269 2
12 365 m1 318843 -0 0.5 p-1 -11326978 1888
183 366 m1 319284 -0 0.5 p-1 -345653 24
269 367 m1 348771 -0 0.5 p-1 -2254 5
137 368 m1 397926 -0 0.5 p-1 -276473 93
170 369 m1 403356 0 0.5 p-1 -63020 96
47 373 m1 464878 -0 0.5 p-1 -3532327 1379
165 374 m1 467951 -0 0.5 p-1 -116770 22
48 375 m1 469067 0 0.5 p-1 -5211199 703
94 376 m1 486177 0 0.5 p-1 -8237966 160
63 377 m1 497362 -0 0.5 p-1 -4969 10
208 378 m1 529779 -0 0.5 p-1 -24622 20
215 380 m1 555052 -0 0.5 p-1 -6504 3
133 382 m1 565722 -0 0.5 p-1 -276824 66
74 383 m1 585479 -0 0.5 p-1 -6221001 517
264 384 m1 596775 0 0.5 p-1 -5803 4
67 388 m1 637467 -0 0.5 p-1 -1004408 513
145 389 m1 640290 0 0.5 p-1 -476817 87
134 391 m1 651983 0 0.5 p-1 -1043127 77
51 392 m1 659084 0 0.5 p-1 -6209953 1198
125 393 m1 705270 -0 0.5 p-1 -5650 24
265 395 m1 726541 -0 0.5 p-1 -24784 2
89 396 m1 726771 -0 0.5 p-1 -870196 394
164 397 m1 733783 0 0.5 p-1 -44929 47
119 398 m1 753173 0 0.5 p-1 -270971 54
201 401 m1 767803 -0 0.5 p-1 -16042 12
252 402 m1 780725 0 0.5 p-1 -7001 1
78 403 m1 799694 0 0.5 p-1 -1853041 771
96 404 m1 801705 -0 0.5 p-1 -982396 79
97 405 m1 822703 0 0.5 p-1 -675258 612
276 406 m1 825605 -0 0.5 p-1 -19114 2
244 407 m1 832847 -0 0.5 p-1 -213452 14
120 408 m1 841794 0 0.5 p-1 -2742448 65
53 409 m1 851407 0 0.5 p-1 -3141135 1430
239 410 m1 866609 0 0.5 p-1 -19051 2
229 411 m1 874730 -0 0.5 p-1 -9289 13
228 412 m1 876883 -0 0.5 p-1 -45142 18
160 413 m1 881824 0 0.5 p-1 -44736 71
31 414 m1 921510 0 0.5 p-1 -3121263 665
232 417 m1 943057 0 0.5 p-1 -41499 5
32 418 m1 971631 -0 0.5 p-1 -1754516 844
150 419 m1 973901 -0 0.5 p-1 -11495 18
99 420 m1 992002 -0 0.5 p-1 -502917 43
