Temp_ID Permanent_ID Mutation_type Position s h Subpop Tick Number
474 0 m2 2733 0.011409116 0.5 p-1 -316850 152
0 2 m2 3763 0.000877694343 0.5 p-1 -3440952 296
626 3 m2 4307 5.70169577e-05 0.5 p-1 -297330 27
789 6 m2 6071 -0.000129452019 0.5 p-1 -7846 4
602 7 m2 7733 0.0395405218 0.5 p-1 -516992 52
1 9 m2 9239 2.77714498e-05 0.5 p-1 -2500900 800
1182 10 m2 9898 0.00115330168 0.5 p-1 -835 1
2 11 m2 11216 -0.000954528863 0.5 p-1 -6180673 236
139 12 m2 11462 0.000482366479 0.5 p-1 -813776 63
203 13 m2 11680 0.00119889888 0.5 p-1 -265600 305
140 14 m2 11754 -1.62098859e-05 0.5 p-1 -6934195 137
546 15 m2 12194 -0.000336386845 0.5 p-1 -560310 241
776 16 m2 12806 -0.0123175457 0.5 p-1 -4164 5
682 17 m2 12818 0.000109705012 0.5 p-1 -505262 25
977 18 m2 14759 0.00787216425 0.5 p-1 -5681 3
4 20 m2 16458 -1.77739441e-08 0.5 p-1 -645413 852
304 21 m2 16861 -0.0291974116 0.5 p-1 -578163 23
305 22 m2 17481 -1.54984064e-05 0.5 p-1 -84043 23
356 23 m2 18141 -1.61252615e-06 0.5 p-1 -1090913 139
849 25 m2 18631 -0.000607556198 0.5 p-1 -494 2
371 27 m2 20229 2.21787741e-05 0.5 p-1 -1612123 900
797 29 m2 20971 0.00943990797 0.5 p-1 -11629 6
5 30 m2 21164 -0.00763435569 0.5 p-1 -1846636 514
411 31 m2 21199 -0.0019359485 0.5 p-1 -718620 221
865 32 m2 21704 -0.00324392645 0.5 p-1 -212372 36
769 33 m2 21778 0.00144178991 0.5 p-1 -72528 39
141 34 m2 24715 2.04250555e-05 0.5 p-1 -1840844 571
7 35 m2 25658 0.00465765316 0.5 p-1 -2753727 338
258 36 m2 26319 -0.000646097993 0.5 p-1 -5518886 656
357 37 m2 26855 -0.000222700968 0.5 p-1 -3617679 376
420 38 m2 27699 -0.00245747413 0.5 p-1 -1751556 199
358 41 m2 30548 -0.000162386146 0.5 p-1 -101336 182
955 42 m2 31240 -0.0263226423 0.5 p-1 -3071 3
680 43 m2 31789 0.00968882255 0.5 p-1 -219610 29
876 44 m2 32081 -1.32632549e-05 0.5 p-1 -50604 27
391 45 m2 33342 0.000114636918 0.5 p-1 -2445501 421
1014 46 m2 33853 -0.0199033991 0.5 p-1 -11217 4
142 47 m2 33907 0.0152705163 0.5 p-1 -5768281 925
994 48 m2 34688 0.00531820813 0.5 p-1 -23218 7
685 50 m2 35375 0.0039409278 0.5 p-1 -192643 29
464 52 m2 36715 0.0290985759 0.5 p-1 -5065 17
686 53 m2 37308 0.00612213416 0.5 p-1 -37681 26
1065 54 m2 38175 0.0263569392 0.5 p-1 -12471 1
1027 55 m2 38290 -0.0202817954 0.5 p-1 -280807 7
8 56 m2 39382 0.0726653263 0.5 p-1 -2817437 1354
710 57 m2 39657 -0.0108462851 0.5 p-1 -195122 21
1194 58 m2 39901 -0.00304447766 0.5 p-1 -13813 1
9 59 m2 40848 -0.0110787917 0.5 p-1 -6663828 1652
995 60 m2 41267 -0.0807873458 0.5 p-1 -6739 6
143 61 m2 42726 -0.0455099009 0.5 p-1 -1940967 1212
850 63 m2 43972 0.000147861443 0.5 p-1 -1229 3
260 64 m2 45330 0.0120786559 0.5 p-1 -287184 241
970 65 m2 45446 -0.0252571758 0.5 p-1 -4920 6
261 67 m2 46493 0.000319999002 0.5 p-1 -754642 304
519 68 m2 46796 0.021318879 0.5 p-1 -7854 3
540 69 m2 48286 0.000333375152 0.5 p-1 -131297 58
547 71 m2 52270 -6.03494072e-07 0.5 p-1 -5743626 80
902 72 m2 52760 -0.00978651736 0.5 p-1 -26857 10
393 73 m2 53907 -0.00146980875 0.5 p-1 -155236 26
1040 74 m2 55826 -0.0448808484 0.5 p-1 -53765 1
616 76 m2 57101 -0.00794167537 0.5 p-1 -696031 80
438 77 m2 57212 1.71900263e-06 0.5 p-1 -292827 70
737 78 m2 58653 -0.00323310145 0.5 p-1 -2530 2
204 79 m2 59648 8.43494519e-09 0.5 p-1 -5464852 696
572 81 m2 62343 -0.0185405035 0.5 p-1 -901552 42
395 82 m2 62792 -0.00749023911 0.5 p-1 -3399133 227
909 83 m2 63241 0.0077798767 0.5 p-1 -52818 10
913 84 m2 65258 0.0372630097 0.5 p-1 -146229 14
1170 85 m2 65423 0.000120230783 0.5 p-1 -4020 2
205 86 m2 65534 0.00128256448 0.5 p-1 -2593746 982
145 87 m2 66039 -0.00925154518 0.5 p-1 -182872 168
10 88 m2 66554 -1.90344804e-06 0.5 p-1 -772145 717
263 89 m2 66690 -4.71939848e-06 0.5 p-1 -921564 65
957 90 m2 68264 0.0006411348 0.5 p-1 -79655 16
944 91 m2 69188 0.0153242955 0.5 p-1 -77051 8
146 92 m2 71452 1.2712545e-05 0.5 p-1 -2321940 312
1146 93 m2 72600 -0.038171038 0.5 p-1 -4545 1
466 94 m2 73722 0.00555013958 0.5 p-1 -2377731 81
206 95 m2 73801 -0.00114562549 0.5 p-1 -4011859 634
11 96 m2 74498 0.0374698602 0.5 p-1 -5502619 1506
555 97 m2 77246 -2.40882255e-05 0.5 p-1 -16845 8
207 98 m2 80991 -6.73352531e-07 0.5 p-1 -638904 151
943 99 m2 82032 0.00175684283 0.5 p-1 -9687 6
1036 100 m2 85331 0.00200707559 0.5 p-1 -27600 10
330 101 m2 85794 -0.000815011037 0.5 p-1 -1323780 386
658 102 m2 87008 -0.0218161903 0.5 p-1 -111385 56
208 103 m2 87811 0.00163627241 0.5 p-1 -401339 398
484 104 m2 88949 3.42753192e-05 0.5 p-1 -2987741 169
12 105 m2 89114 0.00398334442 0.5 p-1 -2353810 536
783 106 m2 90748 -0.0128996698 0.5 p-1 -99250 13
866 107 m2 91125 0.0221622828 0.5 p-1 -4559 7
475 108 m2 91351 -1.77203237e-05 0.5 p-1 -509058 60
975 109 m2 91685 0.00279325526 0.5 p-1 -2575 1
210 110 m2 93146 0.000282718596 0.5 p-1 -3580048 1126
13 112 m2 93672 -0.00651132874 0.5 p-1 -1776373 260
211 114 m2 95621 0.00322825531 0.5 p-1 -3463603 476
212 115 m2 95798 0.000176362591 0.5 p-1 -5488946 486
306 116 m2 96617 -0.0628060848 0.5 p-1 -359932 389
536 117 m2 96984 9.8212302e-05 0.5 p-1 -767226 255
777 118 m2 97839 -1.45567196e-06 0.5 p-1 -3086 4
14 120 m2 99409 -0.00952763855 0.5 p-1 -6359223 1925
149 122 m2 102642 0.00103711523 0.5 p-1 -1075413 1029
16 123 m2 104690 0.0111984452 0.5 p-1 -7277970 1695
372 125 m2 105941 0.00152538053 0.5 p-1 -3599293 76
548 126 m2 106289 -0.00165790739 0.5 p-1 -451798 43
331 127 m2 106844 -0.0182959288 0.5 p-1 -598669 51
17 128 m2 110399 0.00367085193 0.5 p-1 -4363506 721
798 130 m2 111153 -0.00639407011 0.5 p-1 -118 4
820 131 m2 113338 0.000561347639 0.5 p-1 -53320 4
18 132 m2 113647 -0.0117616756 0.5 p-1 -779122 242
421 133 m2 114952 0.00164174533 0.5 p-1 -225356 60
422 134 m2 116629 0.0047180308 0.5 p-1 -42853 31
19 135 m2 117583 0.0205384418 0.5 p-1 -6399489 1314
21 137 m2 118210 0.00739080459 0.5 p-1 -800348 217
1136 138 m2 119227 -0.000375893316 0.5 p-1 -10389 2
22 139 m2 119763 0.0662101656 0.5 p-1 -1709849 642
23 140 m2 121924 0.0131990658 0.5 p-1 -6000577 859
649 141 m2 123301 0.000819553214 0.5 p-1 -276889 49
467 143 m2 124472 0.0124955988 0.5 p-1 -1176837 176
775 144 m2 128373 0.0632946268 0.5 p-1 -82576 6
307 145 m2 129199 -0.00604721764 0.5 p-1 -179307 50
531 146 m2 129564 0.000123683116 0.5 p-1 -99207 14
215 149 m2 130791 0.0262781344 0.5 p-1 -5530748 695
843 150 m2 135770 -0.000574750942 0.5 p-1 -39380 13
25 152 m2 136193 0.000227993602 0.5 p-1 -13088126 1851
971 154 m2 138413 -0.0338858664 0.5 p-1 -4080 2
334 155 m2 138965 -7.457425e-06 0.5 p-1 -1521523 385
560 157 m2 140213 6.18445702e-05 0.5 p-1 -74712 61
1119 158 m2 140313 0.10227406 0.5 p-1 -4709 1
359 160 m2 144956 0.00184358144 0.5 p-1 -532033 214
801 162 m2 147137 -0.0218355339 0.5 p-1 -4693 1
945 163 m2 148554 -3.33555909e-05 0.5 p-1 -1838 7
576 164 m2 149416 -0.0138486009 0.5 p-1 -41199 5
1012 165 m2 149793 -0.0163932424 0.5 p-1 -1917 3
520 166 m2 150709 -2.58180808e-06 0.5 p-1 -187468 2
217 167 m2 152464 0.00236012042 0.5 p-1 -2698710 786
26 168 m2 153969 0.0275094826 0.5 p-1 -9169909 1411
476 169 m2 154802 -5.22270857e-05 0.5 p-1 -16359 6
27 171 m2 155224 0.0365222283 0.5 p-1 -100018 56
714 172 m2 155339 0.0059819459 0.5 p-1 -146163 26
374 174 m2 159227 0.0243655965 0.5 p-1 -104551 78
923 176 m2 160946 0.0185310412 0.5 p-1 -39040 7
924 177 m2 162186 -0.00100430881 0.5 p-1 -11347 1
1003 178 m2 163120 0.00753549766 0.5 p-1 -17938 5
1137 179 m2 163158 1.70897216e-08 0.5 p-1 -40446 3
719 180 m2 164106 -0.0017670833 0.5 p-1 -508 4
603 181 m2 164511 -0.00169169845 0.5 p-1 -6548 5
151 182 m2 168333 0.0013262491 0.5 p-1 -514905 456
702 183 m2 168387 0.0221897792 0.5 p-1 -53155 5
1106 184 m2 169428 -1.23263288e-10 0.5 p-1 -86721 3
152 185 m2 169500 1.73206706e-06 0.5 p-1 -6349872 1290
218 186 m2 170033 0.00100633455 0.5 p-1 -2166707 1363
762 187 m2 170849 0.00121002819 0.5 p-1 -33423 30
692 188 m2 171163 -1.82271069e-08 0.5 p-1 -60560 18
854 189 m2 171964 0.00695588253 0.5 p-1 -9870 2
153 190 m2 171969 -0.000370204099 0.5 p-1 -663044 307
527 191 m2 172404 -0.00131567521 0.5 p-1 -807170 184
28 192 m2 173100 0.0234607067 0.5 p-1 -2367126 395
793 193 m2 175076 0.000369363464 0.5 p-1 -143904 13
946 194 m2 176137 -0.000251996215 0.5 p-1 -7982 7
29 196 m2 180348 -3.6052262e-07 0.5 p-1 -9501530 1205
264 197 m2 180846 0.00091482565 0.5 p-1 -2480768 943
766 198 m2 181366 -0.0276038665 0.5 p-1 -187185 24
308 199 m2 183107 0.00863020029 0.5 p-1 -2590892 692
634 200 m2 183124 0.000810116995 0.5 p-1 -139415 30
898 201 m2 183629 -0.00781058939 0.5 p-1 -38064 4
1097 202 m2 185177 0.000834456878 0.5 p-1 -14609 2
220 203 m2 185737 -0.0816929266 0.5 p-1 -807537 131
30 204 m2 188614 1.52920123e-07 0.5 p-1 -2208163 776
949 205 m2 189371 -0.00492935209 0.5 p-1 -13743 3
221 206 m2 190123 -0.0136568146 0.5 p-1 -1185874 498
1026 207 m2 191695 -0.0246065464 0.5 p-1 -36268 6
653 208 m2 192148 2.54709032e-09 0.5 p-1 -197736 28
1042 209 m2 192464 -0.0332100354 0.5 p-1 -21998 3
459 210 m2 193766 -0.0194761194 0.5 p-1 -1712274 855
397 212 m2 199053 -0.000182663178 0.5 p-1 -655360 225
31 213 m2 200428 -0.0331708156 0.5 p-1 -3914795 753
561 214 m2 202457 8.99367751e-06 0.5 p-1 -2061821 164
33 216 m2 207474 -0.000329993811 0.5 p-1 -173482 100
705 217 m2 209796 2.72402795e-05 0.5 p-1 -82432 28
154 218 m2 210564 -0.0003764625 0.5 p-1 -329195 212
677 219 m2 211225 0.00052173686 0.5 p-1 -20343 10
1117 220 m2 211758 -1.45909596e-07 0.5 p-1 -647 2
34 221 m2 212772 -0.000215436579 0.5 p-1 -2013025 759
763 222 m2 213023 -0.0128805386 0.5 p-1 -14188 9
1111 224 m2 214470 0.0301214997 0.5 p-1 -16260 1
720 225 m2 216005 -6.04223214e-06 0.5 p-1 -5483 8
35 226 m2 216091 0.00341291004 0.5 p-1 -496619 409
36 228 m2 216882 -0.00017279078 0.5 p-1 -238067 92
864 230 m2 225407 0.0116837025 0.5 p-1 -41713 11
37 231 m2 226112 0.0015782048 0.5 p-1 -4703216 1022
398 232 m2 226805 -0.00447926717 0.5 p-1 -50541 10
1153 234 m2 229626 -0.0438066572 0.5 p-1 -6311 1
764 235 m2 231678 6.50842685e-06 0.5 p-1 -131987 7
155 236 m2 231790 1.53264864e-06 0.5 p-1 -78922 26
857 237 m2 232581 0.00710115535 0.5 p-1 -36385 11
749 238 m2 233853 -0.0284370445 0.5 p-1 -180754 24
376 242 m2 236952 0.0338531174 0.5 p-1 -1936393 242
223 243 m2 238573 -0.000382260972 0.5 p-1 -78170 20
611 244 m2 238878 0.00614395179 0.5 p-1 -25736 17
750 245 m2 239416 7.53584484e-09 0.5 p-1 -40899 3
266 246 m2 239705 -4.44501438e-06 0.5 p-1 -1126349 843
754 247 m2 241374 0.00332469726 0.5 p-1 -23089 20
948 248 m2 242054 2.34762592e-06 0.5 p-1 -4952 2
38 249 m2 242432 0.000180310395 0.5 p-1 -2082674 580
851 250 m2 243470 0.00310677895 0.5 p-1 -40736 19
568 251 m2 244075 -0.000162687691 0.5 p-1 -1245418 62
965 252 m2 244267 -0.00415881164 0.5 p-1 -35996 13
156 253 m2 245114 -2.49592563e-06 0.5 p-1 -2983955 959
926 254 m2 246163 2.58815261e-11 0.5 p-1 -38651 15
309 255 m2 246720 -0.0137406448 0.5 p-1 -393141 250
336 256 m2 247888 3.93827322e-05 0.5 p-1 -2358893 776
399 257 m2 248418 0.000948588713 0.5 p-1 -2594799 549
723 258 m2 250743 -0.000267446536 0.5 p-1 -589427 29
960 261 m2 252681 0.000890830241 0.5 p-1 -27153 10
952 262 m2 253239 -0.020112792 0.5 p-1 -12288 9
699 263 m2 253412 0.00244270056 0.5 p-1 -8668 13
982 264 m2 253415 4.14968672e-05 0.5 p-1 -544 1
839 266 m2 253956 -0.00936031342 0.5 p-1 -11697 9
1069 267 m2 255149 7.26574808e-06 0.5 p-1 -39475 1
589 268 m2 258400 -0.00102801248 0.5 p-1 -17257 13
400 269 m2 258849 0.00136012351 0.5 p-1 -4183838 1083
774 270 m2 259465 0.000132180227 0.5 p-1 -10353 10
927 272 m2 263979 0.00251649437 0.5 p-1 -13924 7
703 273 m2 264435 -0.0183049757 0.5 p-1 -1173213 45
40 274 m2 265121 -0.0046279938 0.5 p-1 -2568639 1847
157 275 m2 269899 -0.000317022728 0.5 p-1 -3821532 1462
267 276 m2 270763 -0.00300812139 0.5 p-1 -326420 195
310 277 m2 271037 0.0116819954 0.5 p-1 -269630 28
537 279 m2 273219 0.000219564521 0.5 p-1 -1041852 234
639 282 m2 274116 -4.08394335e-05 0.5 p-1 -219512 80
642 283 m2 278486 8.71672182e-06 0.5 p-1 -67575 47
882 284 m2 278493 -1.91724866e-05 0.5 p-1 -167227 1
41 285 m2 278825 -0.0474157557 0.5 p-1 -755321 577
224 286 m2 279257 0.00844830927 0.5 p-1 -1454453 253
158 287 m2 280229 -2.6687735e-07 0.5 p-1 -1149626 156
1100 288 m2 281289 0.00187447795 0.5 p-1 -22 5
647 290 m2 283697 1.19970741e-06 0.5 p-1 -10196 10
337 291 m2 284135 -0.0206011962 0.5 p-1 -475985 183
268 292 m2 285774 -0.00332982047 0.5 p-1 -3181563 742
830 294 m2 287598 -0.00208429969 0.5 p-1 -130393 8
859 296 m2 290735 -0.00168301933 0.5 p-1 -5454 4
700 298 m2 291306 -0.0234923791 0.5 p-1 -261596 24
1192 299 m2 294980 3.22648617e-07 0.5 p-1 -4563 1
424 300 m2 295463 -0.00351430895 0.5 p-1 -1968507 293
226 301 m2 295711 0.040438436 0.5 p-1 -1593050 854
521 302 m2 295758 0.00195812248 0.5 p-1 -242550 43
425 303 m2 296276 -4.9590094e-06 0.5 p-1 -1630447 136
1079 304 m2 296744 0.0161158275 0.5 p-1 -77786 3
787 305 m2 298935 0.0048434427 0.5 p-1 -19274 6
706 306 m2 299202 3.23309344e-08 0.5 p-1 -113473 12
441 307 m2 299695 -0.0193848107 0.5 p-1 -149447 51
43 308 m2 300084 -0.000102932929 0.5 p-1 -1603922 150
623 309 m2 301076 0.0113645047 0.5 p-1 -1471 4
44 310 m2 303142 -0.00348963053 0.5 p-1 -4475419 1719
45 311 m2 303652 0.0135817062 0.5 p-1 -3139118 1481
412 312 m2 303824 0.00256136386 0.5 p-1 -44699 25
848 314 m2 308668 0.00179996167 0.5 p-1 -6881 4
159 316 m2 309581 0.0293374248 0.5 p-1 -1832148 650
46 317 m2 311032 -0.0008288885 0.5 p-1 -1484264 777
47 318 m2 312105 7.49399769e-05 0.5 p-1 -337416 259
48 320 m2 313220 0.0528470129 0.5 p-1 -1792584 1879
161 321 m2 316109 -0.00606174069 0.5 p-1 -712246 302
162 322 m2 318429 -0.000846028386 0.5 p-1 -8390409 1179
227 323 m2 318974 0.00214990764 0.5 p-1 -981333 306
49 324 m2 320215 0.000379777048 0.5 p-1 -7848106 1884
50 325 m2 323025 -0.000573661877 0.5 p-1 -2897915 1429
1110 326 m2 323289 0.00305528753 0.5 p-1 -5862 1
270 327 m2 326555 -4.11204128e-05 0.5 p-1 -832970 91
631 328 m2 330021 0.00610688655 0.5 p-1 -61117 10
759 329 m2 330495 -0.0033646042 0.5 p-1 -2530 4
163 330 m2 332473 -0.00157085515 0.5 p-1 -1186415 1138
272 331 m2 334128 -0.000213001229 0.5 p-1 -4449919 852
1018 332 m2 335499 0.000153589805 0.5 p-1 -3388 3
856 334 m2 337208 -1.59284755e-05 0.5 p-1 -7401 2
164 335 m2 337321 0.0115676438 0.5 p-1 -7213368 967
460 336 m2 341824 -0.000918260019 0.5 p-1 -651781 99
696 338 m2 346083 0.00341682625 0.5 p-1 -1677962 37
628 339 m2 346435 0.000986788538 0.5 p-1 -74975 26
273 340 m2 346705 -0.000801372284 0.5 p-1 -341683 284
721 342 m2 348939 0.00799590442 0.5 p-1 -10557 6
1145 343 m2 350443 -7.96554377e-06 0.5 p-1 -256535 1
1029 344 m2 352712 0.000535439525 0.5 p-1 -3649 2
54 345 m2 353156 -0.00622931588 0.5 p-1 -239280 60
55 346 m2 354377 0.00327665335 0.5 p-1 -7268864 1846
707 347 m2 354630 0.000805817428 0.5 p-1 -452646 31
724 348 m2 354956 -0.0434615649 0.5 p-1 -7247 4
698 349 m2 354980 0.00678367354 0.5 p-1 -109228 19
514 350 m2 355936 -0.00908090174 0.5 p-1 -194791 146
668 351 m2 360030 -0.0132273966 0.5 p-1 -720516 55
56 352 m2 360760 -0.0276875496 0.5 p-1 -1867269 345
1039 353 m2 361700 -0.00115484453 0.5 p-1 -5532 4
640 354 m2 363450 0.000930686831 0.5 p-1 -24505 5
832 356 m2 368347 -0.0150450226 0.5 p-1 -117607 15
57 357 m2 368960 -9.94432121e-05 0.5 p-1 -275969 57
339 359 m2 370877 1.75344965e-07 0.5 p-1 -1026976 155
711 360 m2 371611 -0.000951295777 0.5 p-1 -100660 53
892 361 m2 373044 -0.0538488589 0.5 p-1 -27813 12
1152 362 m2 374524 0.00947205722 0.5 p-1 -5140 2
1008 363 m2 375638 0.00459105987 0.5 p-1 -1155 2
799 364 m2 377475 -0.000168736326 0.5 p-1 -21732 9
461 366 m2 380710 -0.0164647512 0.5 p-1 -308022 34
732 368 m2 384315 0.00753063615 0.5 p-1 -1766111 14
1093 370 m2 388870 -0.0707843676 0.5 p-1 -11113 3
167 371 m2 389587 -0.00344466488 0.5 p-1 -216300 143
168 373 m2 392756 0.011939357 0.5 p-1 -863397 211
664 374 m2 393594 1.3466336e-05 0.5 p-1 -48391 29
875 376 m2 397462 0.0228050873 0.5 p-1 -313605 38
953 378 m2 397765 -2.73195164e-05 0.5 p-1 -14100 3
486 379 m2 399307 0.0104934433 0.5 p-1 -10502 2
822 380 m2 399744 -0.00547238719 0.5 p-1 -26766 1
675 382 m2 400670 -0.0183801632 0.5 p-1 -263171 48
1143 384 m2 401654 0.00659902161 0.5 p-1 -5121 3
1066 387 m2 404708 0.000254026731 0.5 p-1 -748971 5
275 388 m2 406549 0.0171784088 0.5 p-1 -16077 15
964 389 m2 407670 0.0207008775 0.5 p-1 -750489 8
169 390 m2 407753 0.00134089764 0.5 p-1 -3307171 1216
311 391 m2 408104 -0.0232908484 0.5 p-1 -56407 55
978 393 m2 410103 -0.00126964226 0.5 p-1 -42296 10
695 394 m2 410903 -0.00826306269 0.5 p-1 -125719 43
690 397 m2 413340 -0.0130104022 0.5 p-1 -66012 33
60 398 m2 413403 0.00337931653 0.5 p-1 -1276515 731
637 400 m2 415520 0.000164149606 0.5 p-1 -155919 30
442 401 m2 416653 0.000460197625 0.5 p-1 -672590 86
635 402 m2 418352 0.0188034587 0.5 p-1 -116933 64
756 403 m2 418604 -0.000811746868 0.5 p-1 -24293 31
340 404 m2 419080 -0.00389749417 0.5 p-1 -1453816 360
515 405 m2 419987 -0.029021414 0.5 p-1 -173588 11
725 407 m2 428193 -0.0248648543 0.5 p-1 -818 4
378 408 m2 430414 -0.000990826986 0.5 p-1 -1413292 203
61 409 m2 431621 -0.000136254384 0.5 p-1 -6977541 255
788 410 m2 432897 0.00750885252 0.5 p-1 -1446563 6
487 411 m2 436617 4.08251992e-07 0.5 p-1 -242830 40
427 412 m2 437873 -0.000223378636 0.5 p-1 -44833 51
656 413 m2 438331 0.0191594958 0.5 p-1 -85428 61
733 414 m2 438381 -0.0129978601 0.5 p-1 -22681 11
645 415 m2 438523 -0.00129487854 0.5 p-1 -138372 47
360 416 m2 439585 0.000503074029 0.5 p-1 -1038300 145
900 417 m2 439973 -0.0116956271 0.5 p-1 -58825 6
341 418 m2 442829 -0.0124219675 0.5 p-1 -2624941 485
314 420 m2 447811 -0.0189819299 0.5 p-1 -927241 196
380 421 m2 450426 0.00896577258 0.5 p-1 -67423 66
744 422 m2 451044 -3.80637721e-05 0.5 p-1 -127452 29
170 423 m2 452255 2.74941613e-05 0.5 p-1 -2984665 317
716 424 m2 453329 0.0437704585 0.5 p-1 -355643 49
940 425 m2 455066 -0.00206227298 0.5 p-1 -4166 3
516 426 m2 455806 0.000633746269 0.5 p-1 -75782 38
403 427 m2 458337 4.5988906e-09 0.5 p-1 -491421 65
62 428 m2 459359 -0.0270289797 0.5 p-1 -3256977 1853
1173 429 m2 461676 3.82603102e-05 0.5 p-1 -5178 2
228 430 m2 461822 -0.00724821212 0.5 p-1 -2425821 447
712 432 m2 463170 0.00412501441 0.5 p-1 -382777 11
443 433 m2 465038 0.0054208925 0.5 p-1 -49421 63
63 435 m2 465420 -0.0242811646 0.5 p-1 -1761060 1766
414 437 m2 468050 -5.29997706e-05 0.5 p-1 -24240 14
590 438 m2 469154 0.057031326 0.5 p-1 -161827 52
939 440 m2 469638 -0.000179254726 0.5 p-1 -1678 3
277 441 m2 470237 -0.00225866633 0.5 p-1 -4511527 400
171 442 m2 470300 -0.00578032294 0.5 p-1 -3151093 686
342 443 m2 470534 -0.0399419107 0.5 p-1 -266902 217
343 444 m2 470908 0.092285648 0.5 p-1 -1700477 205
1186 445 m2 471453 -0.00180341676 0.5 p-1 -832 1
1116 446 m2 473231 0.000136607865 0.5 p-1 -86699 1
1115 447 m2 474680 0.0263436288 0.5 p-1 -638 2
542 448 m2 474716 0.0124069294 0.5 p-1 -251416 105
562 449 m2 478883 0.00336553552 0.5 p-1 -12249 23
64 450 m2 480452 0.0208507534 0.5 p-1 -6829841 1519
278 451 m2 481867 -0.0265835151 0.5 p-1 -3662443 974
523 453 m2 483073 -1.63304253e-06 0.5 p-1 -230718 55
755 454 m2 483250 0.000433654001 0.5 p-1 -65756 12
1193 455 m2 487860 0.0401111506 0.5 p-1 -1284 1
172 456 m2 488262 0.0179942753 0.5 p-1 -3421864 1561
65 457 m2 489863 0.0218505021 0.5 p-1 -844634 845
817 459 m2 491266 0.000145744954 0.5 p-1 -6079 2
717 460 m2 491668 0.00233774795 0.5 p-1 -63121 47
879 461 m2 494694 -0.00724331336 0.5 p-1 -54668 25
230 462 m2 495334 0.000252813916 0.5 p-1 -1054809 189
1006 463 m2 495485 -0.00858822837 0.5 p-1 -100 1
672 464 m2 496016 4.01713078e-05 0.5 p-1 -88981 52
231 466 m2 496812 0.00346389506 0.5 p-1 -2031944 59
66 467 m2 496840 0.000198444468 0.5 p-1 -3509341 1941
524 468 m2 497736 0.0458887294 0.5 p-1 -812249 84
232 469 m2 499647 0.000212692248 0.5 p-1 -173378 176
1025 471 m2 499920 0.00447421288 0.5 p-1 -9313 2
1128 472 m2 500229 0.000108229891 0.5 p-1 -9287 2
67 473 m2 503312 -0.00126682315 0.5 p-1 -2381886 1540
973 474 m2 503674 -0.0080655301 0.5 p-1 -14347 12
673 475 m2 505007 -3.25442966e-06 0.5 p-1 -296410 78
741 476 m2 507062 0.000465931778 0.5 p-1 -23417 3
444 477 m2 508427 -0.00011962853 0.5 p-1 -1004740 208
1022 478 m2 508502 -1.59969422e-05 0.5 p-1 -23890 4
596 480 m2 509536 -0.00052212656 0.5 p-1 -1114365 326
404 481 m2 510694 3.891505e-06 0.5 p-1 -42737 2
445 482 m2 513383 -0.0185303129 0.5 p-1 -156635 60
773 484 m2 514370 0.000326370937 0.5 p-1 -269800 52
897 485 m2 514703 -0.0179765392 0.5 p-1 -756 2
361 488 m2 515304 -0.00666274549 0.5 p-1 -2385024 163
581 489 m2 516334 1.53683668e-05 0.5 p-1 -91760 219
928 490 m2 519432 0.00127601984 0.5 p-1 -156086 23
280 491 m2 519711 -0.0214302298 0.5 p-1 -533827 271
1059 492 m2 520276 -0.00609888881 0.5 p-1 -11535 6
468 493 m2 520457 0.0233902726 0.5 p-1 -1149640 470
591 494 m2 521846 0.000492386986 0.5 p-1 -49162 18
362 495 m2 522384 -0.00662560761 0.5 p-1 -1925014 670
770 496 m2 522460 -0.000172558037 0.5 p-1 -15087 16
563 497 m2 523677 -1.66002337e-05 0.5 p-1 -1450600 70
428 499 m2 525074 -0.0118630752 0.5 p-1 -60360 108
69 501 m2 528384 0.0170648862 0.5 p-1 -1863877 469
868 502 m2 528651 0.0091086328 0.5 p-1 -68478 17
577 503 m2 529086 -0.000943873078 0.5 p-1 -2302551 51
932 504 m2 529516 -0.0226460136 0.5 p-1 -156421 1
489 505 m2 529757 -3.61830425e-05 0.5 p-1 -304123 164
174 506 m2 530126 -1.0044042e-05 0.5 p-1 -1641296 323
282 507 m2 532611 0.0134829162 0.5 p-1 -1626592 174
968 508 m2 533331 0.00036081014 0.5 p-1 -13253 9
70 509 m2 533920 4.93446714e-05 0.5 p-1 -725598 319
722 510 m2 539195 0.000249848963 0.5 p-1 -11832 12
674 512 m2 539644 0.00210192427 0.5 p-1 -113846 9
643 515 m2 541021 0.0351744518 0.5 p-1 -66591 17
71 516 m2 541194 -2.60029628e-05 0.5 p-1 -1745906 1009
234 518 m2 542592 0.000920110964 0.5 p-1 -2896965 1268
632 519 m2 542884 -0.0112457732 0.5 p-1 -2398 4
72 520 m2 543344 4.81993254e-07 0.5 p-1 -1697510 514
175 521 m2 544057 -6.54263131e-05 0.5 p-1 -9430907 517
73 522 m2 544205 0.000416584691 0.5 p-1 -4204161 425
1156 523 m2 545048 2.88717992e-08 0.5 p-1 -3667 1
742 524 m2 545315 -0.00844345614 0.5 p-1 -51767 15
617 525 m2 545398 0.0030311069 0.5 p-1 -1245638 76
633 526 m2 546393 0.000496530265 0.5 p-1 -3139 4
235 527 m2 546643 5.95949859e-05 0.5 p-1 -1170513 327
618 528 m2 546947 0.00371795497 0.5 p-1 -225373 63
363 529 m2 549759 0.020041436 0.5 p-1 -291197 18
860 530 m2 551161 -0.00595295522 0.5 p-1 -28988 1
821 531 m2 552051 -0.00466594286 0.5 p-1 -13183 3
74 532 m2 552209 5.41770751e-05 0.5 p-1 -175485 40
958 533 m2 552657 -0.00211809971 0.5 p-1 -10429 3
429 534 m2 553944 -4.78201036e-05 0.5 p-1 -892634 210
693 537 m2 557800 0.00131352956 0.5 p-1 -2431504 103
176 538 m2 559344 0.0112913167 0.5 p-1 -7192301 1454
1132 539 m2 559392 -0.000426823884 0.5 p-1 -221 1
75 540 m2 559865 -7.10777458e-05 0.5 p-1 -365506 238
285 541 m2 560027 6.65426205e-06 0.5 p-1 -4773371 1289
942 542 m2 561108 0.00954204705 0.5 p-1 -3233 1
629 543 m2 561162 -0.000161798409 0.5 p-1 -126977 11
455 544 m2 563801 -0.00155636144 0.5 p-1 -150280 68
630 545 m2 564495 0.00061398797 0.5 p-1 -11168 3
1082 547 m2 565746 -0.00788598973 0.5 p-1 -4612 2
236 548 m2 566040 1.28710394e-06 0.5 p-1 -1506361 498
1010 549 m2 566358 0.00389267481 0.5 p-1 -13522 4
77 550 m2 566613 2.95576683e-05 0.5 p-1 -7951810 1755
708 551 m2 568491 -0.00128102896 0.5 p-1 -51131 19
78 552 m2 569921 0.000774007698 0.5 p-1 -1759565 1216
844 553 m2 570820 4.09450642e-08 0.5 p-1 -651607 19
585 554 m2 573720 -0.00938951317 0.5 p-1 -91547 25
604 555 m2 574952 -0.00708917808 0.5 p-1 -106657 82
872 556 m2 575248 2.22530289e-05 0.5 p-1 -6465 11
237 557 m2 576532 0.000280563923 0.5 p-1 -3038258 643
286 559 m2 576909 -0.00519754319 0.5 p-1 -1163676 687
1057 561 m2 579835 5.84956724e-05 0.5 p-1 -6739 6
1071 563 m2 583590 0.00159927807 0.5 p-1 -28608 4
1032 564 m2 584053 0.00170894735 0.5 p-1 -14019 2
855 565 m2 584460 -0.0328705236 0.5 p-1 -7720 5
80 567 m2 585952 0.0150686018 0.5 p-1 -173348 144
796 569 m2 588427 -0.0092255557 0.5 p-1 -6361 2
598 570 m2 588588 -1.04538071e-06 0.5 p-1 -1057743 32
1129 571 m2 589787 0.00649147248 0.5 p-1 -13612 1
745 572 m2 591751 -0.00523560029 0.5 p-1 -32774 13
238 573 m2 593599 -0.00707698241 0.5 p-1 -1257995 508
1089 574 m2 595198 0.00488949381 0.5 p-1 -7028 1
81 575 m2 599315 -0.00410773978 0.5 p-1 -1141704 350
578 577 m2 600428 -0.0010218306 0.5 p-1 -56043 69
1126 578 m2 600559 -1.54297704e-05 0.5 p-1 -2899 1
82 579 m2 603438 -5.15819784e-06 0.5 p-1 -1126591 783
1048 580 m2 603528 -0.00028988297 0.5 p-1 -332 1
874 581 m2 604035 -2.47288899e-05 0.5 p-1 -322193 7
83 582 m2 604369 -1.67398861e-09 0.5 p-1 -3942833 446
84 583 m2 605647 -0.00193611439 0.5 p-1 -2662810 1866
85 584 m2 605847 9.7157681e-08 0.5 p-1 -530201 125
177 586 m2 609596 -4.68367123e-10 0.5 p-1 -346327 431
178 588 m2 613327 -0.00765424455 0.5 p-1 -4436829 1002
781 589 m2 613356 -0.000290005468 0.5 p-1 -402947 27
804 590 m2 614135 -0.00125319336 0.5 p-1 -8659 2
963 591 m2 617626 -0.00333782984 0.5 p-1 -6389 6
1124 592 m2 617756 -0.000156274356 0.5 p-1 -1710 1
86 593 m2 618132 -0.00296905893 0.5 p-1 -8214383 1731
772 594 m2 619400 -0.0421954505 0.5 p-1 -56628 11
179 595 m2 619849 -0.019916568 0.5 p-1 -666291 589
1067 596 m2 620700 0.000364742853 0.5 p-1 -5279 1
678 597 m2 624559 0.000143003694 0.5 p-1 -73456 50
983 598 m2 626770 -0.000662653591 0.5 p-1 -6406 2
569 599 m2 627834 0.000914142583 0.5 p-1 -83051 55
88 602 m2 628276 -0.0341329388 0.5 p-1 -8262894 1512
828 603 m2 630920 4.30967928e-09 0.5 p-1 -13202 2
89 604 m2 632040 0.000354535587 0.5 p-1 -1942168 629
1130 608 m2 636171 -7.17500661e-05 0.5 p-1 -6476 1
1045 609 m2 637135 -0.00362875452 0.5 p-1 -23225 8
1183 610 m2 637991 0.00868494064 0.5 p-1 -1152 1
815 611 m2 638024 -0.000408044347 0.5 p-1 -651 1
609 612 m2 638647 -0.020813942 0.5 p-1 -737567 173
852 613 m2 638729 0.0012577048 0.5 p-1 -21256 5
998 615 m2 640103 -0.0265656617 0.5 p-1 -28408 7
381 616 m2 640503 0.00178201566 0.5 p-1 -1448048 445
91 617 m2 640781 1.04443309e-07 0.5 p-1 -6348738 1124
92 618 m2 640933 0.0467551351 0.5 p-1 -5771614 1623
180 619 m2 641767 -0.0091886837 0.5 p-1 -2289010 1443
786 621 m2 642599 2.72921682e-07 0.5 p-1 -197992 8
808 622 m2 645219 -0.00732501131 0.5 p-1 -301937 18
896 623 m2 646369 -0.000557106512 0.5 p-1 -32553 4
529 624 m2 646479 2.00258619e-05 0.5 p-1 -429688 139
508 625 m2 648067 -0.00229478604 0.5 p-1 -188572 28
610 626 m2 649065 -0.0502193384 0.5 p-1 -61411 9
1021 627 m2 649293 0.00147516595 0.5 p-1 -6262 4
771 628 m2 649321 -0.0143396137 0.5 p-1 -3029 3
912 629 m2 649345 0.000792732462 0.5 p-1 -69283 21
1184 630 m2 650814 2.53727399e-06 0.5 p-1 -8895 1
834 633 m2 653463 -0.000718894706 0.5 p-1 -52491 13
448 634 m2 654618 -0.000494922162 0.5 p-1 -742930 241
287 635 m2 654935 -0.0211215541 0.5 p-1 -4668382 853
94 636 m2 656141 0.00390347349 0.5 p-1 -1775374 766
405 637 m2 656800 1.02937679e-06 0.5 p-1 -1624295 187
490 638 m2 658014 -1.03977463e-05 0.5 p-1 -10374 5
499 639 m2 660468 0.0509819649 0.5 p-1 -55894 17
981 641 m2 661160 0.00200558361 0.5 p-1 -8735 2
415 642 m2 661345 0.000276079547 0.5 p-1 -1631243 369
1198 643 m2 663920 0.000114164766 0.5 p-1 -8473 1
564 644 m2 665206 -1.88047397e-05 0.5 p-1 -67393 28
746 645 m2 666959 0.0422285497 0.5 p-1 -41076 32
491 648 m2 669538 -0.0111716613 0.5 p-1 -732361 108
364 650 m2 677256 0.0210260376 0.5 p-1 -249306 32
709 651 m2 677311 0.00237888983 0.5 p-1 -29615 19
406 652 m2 678431 -0.00967628602 0.5 p-1 -474899 32
96 653 m2 678894 1.93740707e-05 0.5 p-1 -6312897 1011
431 654 m2 680240 -0.0250930469 0.5 p-1 -392521 278
556 655 m2 680770 -0.00156975258 0.5 p-1 -1836607 110
242 656 m2 682180 0.0133458972 0.5 p-1 -153159 126
974 657 m2 682967 -0.0019324614 0.5 p-1 -30526 6
622 658 m2 683889 1.40571592e-06 0.5 p-1 -279248 18
479 659 m2 684010 -0.0155678857 0.5 p-1 -1557 8
840 660 m2 684529 0.00141455024 0.5 p-1 -8334 3
884 661 m2 684646 3.77252945e-06 0.5 p-1 -158517 1
901 663 m2 685798 -0.00521055516 0.5 p-1 -8124 3
492 664 m2 687516 0.0116677079 0.5 p-1 -694504 30
818 665 m2 688403 -0.016267065 0.5 p-1 -1906 4
809 666 m2 690015 -0.00154298963 0.5 p-1 -27386 14
905 667 m2 690695 0.038022574 0.5 p-1 -45984 13
182 668 m2 693473 3.64326697e-05 0.5 p-1 -4486280 676
98 669 m2 695103 0.0342869796 0.5 p-1 -221607 151
243 671 m2 695390 -0.0135274064 0.5 p-1 -11104626 594
318 672 m2 695629 -0.0468397886 0.5 p-1 -160033 44
1068 673 m2 696519 0.000466369151 0.5 p-1 -55864 3
345 674 m2 697467 -0.0396121182 0.5 p-1 -196946 162
1185 675 m2 700015 -0.000214881031 0.5 p-1 -12098 2
1084 676 m2 701127 0.0188568719 0.5 p-1 -13381 4
550 677 m2 701308 0.000200165174 0.5 p-1 -115141 25
99 679 m2 702906 -0.000451615517 0.5 p-1 -5023432 993
888 681 m2 703828 -1.51726772e-06 0.5 p-1 -133901 7
704 685 m2 707892 0.00547308289 0.5 p-1 -10577 3
346 686 m2 709481 0.00986170117 0.5 p-1 -3935873 645
826 687 m2 710588 0.0136390794 0.5 p-1 -9114 2
183 688 m2 711392 0.000964233594 0.5 p-1 -1157355 908
289 690 m2 712948 -0.000583995774 0.5 p-1 -319774 202
100 691 m2 714091 0.00808637775 0.5 p-1 -8022084 1814
504 692 m2 718129 0.0247128196 0.5 p-1 -1188805 213
365 694 m2 721349 -0.00450715842 0.5 p-1 -4379689 245
612 695 m2 722578 -0.000738305622 0.5 p-1 -520892 110
525 696 m2 723261 0.000190611987 0.5 p-1 -391944 81
544 697 m2 723834 3.39041217e-09 0.5 p-1 -285665 30
599 698 m2 724031 -0.00425077369 0.5 p-1 -473970 44
551 699 m2 724451 -0.0418340638 0.5 p-1 -421004 133
185 700 m2 725278 -0.000341991312 0.5 p-1 -4711882 307
103 701 m2 727878 -0.000244177587 0.5 p-1 -1481577 886
290 702 m2 727931 0.0719712153 0.5 p-1 -2773324 299
105 705 m2 729471 -6.51956507e-05 0.5 p-1 -1144284 401
593 706 m2 729564 0.003802252 0.5 p-1 -283788 51
605 709 m2 730693 0.0108861402 0.5 p-1 -28011 6
1104 710 m2 731187 -0.00691362051 0.5 p-1 -11200 1
697 711 m2 731427 -0.00293906289 0.5 p-1 -38381 26
456 712 m2 732603 -1.98794908e-07 0.5 p-1 -172142 86
600 713 m2 733779 5.60566223e-05 0.5 p-1 -260659 52
1158 714 m2 733982 0.0016650795 0.5 p-1 -928 3
186 715 m2 735727 -0.00290145306 0.5 p-1 -121250 8
870 716 m2 736038 0.00994836539 0.5 p-1 -6333 9
319 719 m2 738642 -0.0177562647 0.5 p-1 -4555444 486
449 720 m2 738879 -6.52884555e-05 0.5 p-1 -3847711 309
320 721 m2 739219 0.0158553887 0.5 p-1 -66004 32
106 722 m2 740737 -6.01187785e-05 0.5 p-1 -5116625 1803
595 723 m2 740976 0.000468891114 0.5 p-1 -14654 6
450 724 m2 741223 -0.0165199675 0.5 p-1 -196088 77
565 725 m2 742053 -0.0048453263 0.5 p-1 -363576 82
107 726 m2 742476 9.7671915e-09 0.5 p-1 -2052567 531
1058 727 m2 742589 -2.31253008e-08 0.5 p-1 -7438 1
718 728 m2 743009 -0.000999826705 0.5 p-1 -395251 14
806 729 m2 743714 0.00102290115 0.5 p-1 -41095 10
188 730 m2 743889 -0.00268483581 0.5 p-1 -1269553 807
244 731 m2 745391 5.64562652e-05 0.5 p-1 -2895932 1016
885 732 m2 746446 -0.0338704586 0.5 p-1 -68474 4
321 733 m2 747487 0.000812527898 0.5 p-1 -798700 374
526 734 m2 748824 -0.00894268509 0.5 p-1 -680089 42
889 735 m2 749808 -0.00160445925 0.5 p-1 -12349 2
108 736 m2 749940 6.37133581e-08 0.5 p-1 -6152355 1500
109 737 m2 750605 -0.000182490025 0.5 p-1 -2348686 491
291 738 m2 751436 0.00127815129 0.5 p-1 -4997494 463
292 739 m2 751472 0.0220219176 0.5 p-1 -4577932 361
110 740 m2 751777 -0.00978808384 0.5 p-1 -2887191 705
886 741 m2 754403 0.0821118504 0.5 p-1 -37173 4
469 743 m2 755669 0.000107633336 0.5 p-1 -31261 8
667 745 m2 756600 0.000559688779 0.5 p-1 -533759 119
1095 746 m2 756839 -0.00170737307 0.5 p-1 -7068 1
557 748 m2 759501 -1.35420241e-05 0.5 p-1 -7260193 37
1033 750 m2 760820 -0.0489089116 0.5 p-1 -957 2
111 751 m2 760848 -0.0167377405 0.5 p-1 -3054731 1825
606 752 m2 761859 -0.012881442 0.5 p-1 -2304920 88
910 753 m2 762018 -0.010558458 0.5 p-1 -565 2
669 754 m2 762837 0.00367697468 0.5 p-1 -442453 52
112 755 m2 762840 0.0164361019 0.5 p-1 -4624374 789
894 756 m2 763153 -0.000503230316 0.5 p-1 -24283 2
1074 757 m2 763490 0.00257058349 0.5 p-1 -148037 4
607 758 m2 764816 0.000146900536 0.5 p-1 -256768 68
800 759 m2 765942 0.00215246389 0.5 p-1 -3236 2
1188 760 m2 766143 0.0103825899 0.5 p-1 -77350 1
1155 761 m2 767038 -0.000770234969 0.5 p-1 -2913 1
1157 762 m2 767475 -1.16005638e-09 0.5 p-1 -141 1
114 763 m2 767982 0.00067749602 0.5 p-1 -217910 121
916 764 m2 768836 -0.00166917476 0.5 p-1 -489197 6
613 765 m2 770294 0.00382739818 0.5 p-1 -2530 2
586 766 m2 770344 -0.000535166881 0.5 p-1 -461478 126
294 767 m2 770701 -0.00826862734 0.5 p-1 -212732 12
1064 768 m2 771261 -7.98490692e-06 0.5 p-1 -4604 1
470 769 m2 771315 -0.00068545586 0.5 p-1 -291269 300
1062 770 m2 772669 1.64042967e-06 0.5 p-1 -50208 8
246 771 m2 773355 0.000143825542 0.5 p-1 -1407950 149
837 772 m2 774049 0.0561411716 0.5 p-1 -88996 2
509 773 m2 774111 0.0196008384 0.5 p-1 -98422 41
934 774 m2 774493 -0.00598486932 0.5 p-1 -70033 6
816 775 m2 774879 0.00406684494 0.5 p-1 -1316 2
726 776 m2 775153 -0.00948719587 0.5 p-1 -553774 10
432 778 m2 778463 0.108485639 0.5 p-1 -135723 133
1015 779 m2 778501 0.000303456356 0.5 p-1 -1045 3
747 780 m2 783351 0.0014307939 0.5 p-1 -6418 6
495 781 m2 783823 -0.00255253655 0.5 p-1 -543290 431
1195 782 m2 783921 -0.00627761567 0.5 p-1 -14319 1
248 783 m2 784179 -0.0351620018 0.5 p-1 -239271 123
190 784 m2 792737 -0.000158520852 0.5 p-1 -2048530 718
735 785 m2 794006 -0.0445655733 0.5 p-1 -24726 6
115 786 m2 794192 9.41804103e-07 0.5 p-1 -1382169 963
480 788 m2 796916 -0.00661902782 0.5 p-1 -73890 42
322 789 m2 797860 0.0983862802 0.5 p-1 -1072659 17
295 790 m2 799524 0.0175337326 0.5 p-1 -1952245 412
349 791 m2 799691 -0.00513096293 0.5 p-1 -3132 2
570 793 m2 800242 7.32799754e-06 0.5 p-1 -137096 85
997 794 m2 800835 -0.000248721801 0.5 p-1 -11439 2
457 795 m2 802288 -0.0360546485 0.5 p-1 -772626 157
1086 796 m2 803034 0.000156879643 0.5 p-1 -17828 2
116 797 m2 803359 -3.64523294e-06 0.5 p-1 -561927 104
1061 798 m2 804483 -5.08299024e-07 0.5 p-1 -353 2
1028 799 m2 805447 -1.1896891e-05 0.5 p-1 -19849 3
383 800 m2 805487 0.000171822219 0.5 p-1 -374918 180
249 801 m2 805936 0.0151943043 0.5 p-1 -299046 90
451 802 m2 805960 -0.00254599773 0.5 p-1 -548450 66
533 803 m2 806478 -0.00405433122 0.5 p-1 -22464 8
681 804 m2 807365 -0.0248773862 0.5 p-1 -566579 18
627 805 m2 807897 0.0666253939 0.5 p-1 -1404856 81
1009 806 m2 808699 0.0150679769 0.5 p-1 -9458 1
841 807 m2 808944 7.00330784e-05 0.5 p-1 -394330 7
778 808 m2 811305 -3.93256386e-07 0.5 p-1 -113873 32
862 809 m2 813882 0.0152647849 0.5 p-1 -84531 1
117 810 m2 815146 0.000362620398 0.5 p-1 -73622 14
481 811 m2 815703 7.18969068e-06 0.5 p-1 -3075893 339
192 812 m2 817167 0.00170039106 0.5 p-1 -11912 4
684 813 m2 817227 -5.86167371e-05 0.5 p-1 -102055 42
1090 814 m2 820734 -0.00106750964 0.5 p-1 -6743 4
119 815 m2 821836 0.00180066214 0.5 p-1 -3402906 942
743 816 m2 826897 -0.0421794578 0.5 p-1 -14557 9
193 817 m2 827338 -0.000498951413 0.5 p-1 -1186359 297
194 818 m2 828206 5.80834183e-07 0.5 p-1 -376144 202
384 819 m2 828448 -0.0130137661 0.5 p-1 -956067 198
858 821 m2 829897 0.000167033591 0.5 p-1 -60516 10
350 822 m2 830174 -0.032024011 0.5 p-1 -2242036 755
351 823 m2 831213 0.0425222665 0.5 p-1 -1051999 497
1103 824 m2 831700 -0.000182963471 0.5 p-1 -5386 3
919 825 m2 833301 1.21769363e-05 0.5 p-1 -32302 4
366 826 m2 834262 -0.00121649588 0.5 p-1 -516179 87
930 827 m2 834277 -0.000705254846 0.5 p-1 -5484 10
120 828 m2 836057 -1.99537444e-05 0.5 p-1 -2450072 808
728 829 m2 836359 2.68897429e-06 0.5 p-1 -42818 20
122 831 m2 837178 0.00792334601 0.5 p-1 -1315665 266
652 832 m2 837249 0.013825885 0.5 p-1 -32138 26
352 834 m2 837337 6.05493187e-06 0.5 p-1 -149223 110
123 835 m2 837845 0.000527725904 0.5 p-1 -8098656 863
534 836 m2 839512 0.0173488129 0.5 p-1 -17615 6
416 837 m2 839640 0.00858117919 0.5 p-1 -729582 201
688 839 m2 840380 -0.0428453796 0.5 p-1 -13111 12
324 840 m2 841569 0.00286909915 0.5 p-1 -148055 99
539 841 m2 841720 -0.00407837471 0.5 p-1 -74019 73
367 843 m2 843989 -0.0544229709 0.5 p-1 -121106 60
471 844 m2 844041 0.00062966533 0.5 p-1 -1354483 235
1051 845 m2 844214 2.48478329e-07 0.5 p-1 -2734 2
124 846 m2 845476 0.000191635729 0.5 p-1 -2320162 1645
125 848 m2 847414 1.72712225e-05 0.5 p-1 -6091874 1673
325 849 m2 849080 -0.00781025644 0.5 p-1 -1813292 199
530 850 m2 849081 9.71135887e-05 0.5 p-1 -13148 10
863 851 m2 849629 0.000283470319 0.5 p-1 -17088 9
962 853 m2 849758 -0.00930148177 0.5 p-1 -18827 1
196 855 m2 852013 0.000930215872 0.5 p-1 -1064317 573
1125 856 m2 853423 -1.15548264e-05 0.5 p-1 -52969 1
729 857 m2 857691 -0.00307870377 0.5 p-1 -93779 46
566 858 m2 859196 -0.000191758314 0.5 p-1 -19982 19
296 859 m2 859789 6.74325929e-05 0.5 p-1 -5137450 115
715 860 m2 863472 -8.98420785e-06 0.5 p-1 -16596 7
434 861 m2 865034 0.00104057894 0.5 p-1 -108176 84
387 862 m2 865431 0.0110280924 0.5 p-1 -341953 142
931 863 m2 866269 -0.00955461245 0.5 p-1 -2812 8
407 864 m2 867292 0.0230204277 0.5 p-1 -213699 61
986 866 m2 868845 -0.0229203887 0.5 p-1 -977 1
408 868 m2 869528 0.0159843154 0.5 p-1 -310145 153
636 870 m2 871938 -0.000460804382 0.5 p-1 -14268 4
768 871 m2 876171 6.27804475e-05 0.5 p-1 -105701 8
779 872 m2 877714 1.27630728e-05 0.5 p-1 -19723 13
128 873 m2 877744 0.0011800041 0.5 p-1 -3606765 302
368 874 m2 879199 -0.00471645873 0.5 p-1 -825723 305
1200 875 m2 879625 -0.0106085651 0.5 p-1 -5810 1
298 876 m2 880438 0.0304677114 0.5 p-1 -733657 173
197 877 m2 881725 -0.0276487432 0.5 p-1 -630451 499
472 878 m2 882934 -0.000342270796 0.5 p-1 -1152786 131
250 879 m2 885335 -0.00180646044 0.5 p-1 -29984 31
299 880 m2 886471 0.000967013068 0.5 p-1 -248794 301
301 881 m2 888496 -0.0205877032 0.5 p-1 -831916 294
417 883 m2 889545 -0.000463931821 0.5 p-1 -30206 6
435 884 m2 889858 -0.051918298 0.5 p-1 -300785 93
545 887 m2 891240 4.56213966e-05 0.5 p-1 -678669 85
497 888 m2 892988 0.00201863586 0.5 p-1 -132296 42
908 889 m2 893772 9.20776273e-08 0.5 p-1 -4218 11
655 890 m2 894743 -0.000396572374 0.5 p-1 -283431 20
129 891 m2 895113 -0.000614397461 0.5 p-1 -1527547 256
785 893 m2 895408 -0.00664985087 0.5 p-1 -3099 7
510 894 m2 896154 0.000766488491 0.5 p-1 -818707 213
130 895 m2 897149 -0.0318581462 0.5 p-1 -844145 1024
552 896 m2 900112 6.35637036e-07 0.5 p-1 -1385161 202
961 897 m2 900181 -3.11600779e-05 0.5 p-1 -131414 6
251 899 m2 902920 -0.00183100381 0.5 p-1 -118556 94
353 900 m2 903423 -0.000573706347 0.5 p-1 -1257400 663
463 902 m2 904548 -0.00750722084 0.5 p-1 -43246 61
588 905 m2 909664 0.00270631956 0.5 p-1 -175077 70
891 907 m2 912123 -0.00202256883 0.5 p-1 -17175 5
646 908 m2 912223 0.000563724549 0.5 p-1 -202957 20
418 909 m2 914311 -1.44338073e-05 0.5 p-1 -1939798 638
1000 911 m2 914942 -0.00141708809 0.5 p-1 -161329 17
979 912 m2 916698 0.00132542744 0.5 p-1 -2970 1
739 913 m2 917239 -0.00485343253 0.5 p-1 -12096 2
1197 914 m2 918198 -0.00028942377 0.5 p-1 -3108 1
691 915 m2 920201 0.00178450707 0.5 p-1 -6336 6
388 916 m2 922214 0.00723737152 0.5 p-1 -5592870 231
1202 917 m2 924336 -0.00626685657 0.5 p-1 -294 1
132 918 m2 924663 0.074965179 0.5 p-1 -46340 32
903 919 m2 925543 -0.00117777579 0.5 p-1 -18090 12
950 920 m2 926878 -0.000567150302 0.5 p-1 -7126 6
452 922 m2 930853 0.00932572782 0.5 p-1 -72116 50
419 923 m2 933731 5.8347021e-05 0.5 p-1 -322862 173
409 924 m2 934244 0.0134467287 0.5 p-1 -289528 93
1179 926 m2 936772 0.0184382237 0.5 p-1 -36783 1
133 927 m2 937021 0.0343830809 0.5 p-1 -8345109 832
252 928 m2 938088 0.0118180811 0.5 p-1 -893532 505
657 929 m2 938581 -0.00138809835 0.5 p-1 -246 1
662 930 m2 939352 0.00370102446 0.5 p-1 -8953 17
482 931 m2 942259 -0.000340520026 0.5 p-1 -253693 85
1046 932 m2 942526 -0.0068564075 0.5 p-1 -804 1
390 933 m2 942594 -0.000276429579 0.5 p-1 -1978198 614
134 934 m2 943057 0.00103812339 0.5 p-1 -4823949 1677
354 935 m2 943560 0.0201419946 0.5 p-1 -3453586 767
1005 937 m2 946956 0.00859988295 0.5 p-1 -9297 2
615 938 m2 947620 -5.62172572e-05 0.5 p-1 -11460 13
1037 940 m2 949916 -0.00731457677 0.5 p-1 -9909 6
740 941 m2 949969 2.59463086e-05 0.5 p-1 -43032 10
369 942 m2 950093 -0.000252363243 0.5 p-1 -543421 113
559 944 m2 951034 -0.000153926871 0.5 p-1 -26253 4
453 946 m2 954684 0.00709039671 0.5 p-1 -243015 93
198 947 m2 955162 -0.00711756526 0.5 p-1 -752326 361
956 948 m2 956892 0.00375434104 0.5 p-1 -8910 4
199 949 m2 957918 0.00228299759 0.5 p-1 -542463 110
922 950 m2 958245 0.00128191768 0.5 p-1 -80682 1
200 951 m2 959011 0.00881417189 0.5 p-1 -3206969 1171
326 952 m2 959319 0.000525960582 0.5 p-1 -74749 83
253 953 m2 959356 0.00359025947 0.5 p-1 -410882 519
823 954 m2 959401 0.0214911047 0.5 p-1 -72826 18
201 955 m2 961220 0.00976905506 0.5 p-1 -76716 31
302 956 m2 965126 -0.000624185486 0.5 p-1 -529185 201
824 958 m2 965391 -0.0916773528 0.5 p-1 -93512 21
670 959 m2 968356 1.82869262e-05 0.5 p-1 -1365751 21
327 960 m2 968715 -0.000295287027 0.5 p-1 -214942 83
671 961 m2 969774 -0.0260592233 0.5 p-1 -164764 21
780 962 m2 969993 1.10108786e-05 0.5 p-1 -929642 8
518 964 m2 971527 -0.00629193382 0.5 p-1 -86632 29
1007 965 m2 971578 0.0974180698 0.5 p-1 -129379 13
1053 966 m2 972314 -0.0235059019 0.5 p-1 -1782 1
835 967 m2 975764 -0.00291705737 0.5 p-1 -605 2
951 968 m2 979856 0.0137322005 0.5 p-1 -65420 14
254 969 m2 981173 -0.000825286028 0.5 p-1 -1050677 402
255 971 m2 985418 0.000181003255 0.5 p-1 -1455446 968
1091 972 m2 987860 -0.00705652917 0.5 p-1 -62137 2
473 973 m2 988028 0.0124388346 0.5 p-1 -6308 18
135 975 m2 990019 -0.000943881809 0.5 p-1 -6962693 362
666 976 m2 991009 3.22726166e-08 0.5 p-1 -58684 9
625 977 m2 991079 0.00763781229 0.5 p-1 -278655 29
137 979 m2 992767 0.00638918113 0.5 p-1 -6112950 834
790 981 m2 993875 -0.0136353783 0.5 p-1 -69038 9
328 984 m2 997084 -0.0099932244 0.5 p-1 -32263 14
498 985 m2 997565 -0.00699726446 0.5 p-1 -78461 43
753 986 m2 997917 -3.64128391e-06 0.5 p-1 -88731 19
257 987 m2 998586 0.011211602 0.5 p-1 -3581777 43
329 988 m2 999437 0.000282028428 0.5 p-1 -19653 14
1060 989 m2 809751 0.0336208269 0.5 p0 2 1
1160 990 m2 12693 -0.00741733238 0.5 p0 2 1
873 992 m2 654386 0.00103931327 0.5 p0 2 2
1038 993 m2 42089 0.00851499569 0.5 p0 2 1
1172 995 m2 225046 0.000834599545 0.5 p0 2 1
827 996 m2 626758 -1.21931826e-05 0.5 p0 2 2
1123 997 m2 385325 0.00446799165 0.5 p0 2 1
1180 998 m2 359408 -0.0088016279 0.5 p0 2 1
836 1000 m2 427129 0.000906808302 0.5 p0 2 1
887 1001 m2 102830 0.047269173 0.5 p0 2 2
1070 1003 m2 531661 -0.00286353752 0.5 p0 2 4
899 1004 m2 840244 0.0159715489 0.5 p0 2 3
1076 1008 m2 586505 0.0114550078 0.5 p0 2 1
904 1014 m2 206639 -0.00801322237 0.5 p0 2 4
1142 1015 m2 264917 -4.34026617e-07 0.5 p0 2 1
1055 1016 m2 181018 0.00139743078 0.5 p0 2 2
1024 1020 m2 162570 0.0349767655 0.5 p0 2 2
1114 1022 m2 160585 0.00284575857 0.5 p0 2 1
1164 1023 m2 532909 -0.000427386549 0.5 p0 2 1
1049 1024 m2 416326 0.00659134053 0.5 p0 2 2
1050 1025 m2 584822 -9.93986907e-11 0.5 p0 2 1
1030 1028 m2 727528 -2.65530052e-05 0.5 p0 2 1
1191 1031 m2 621893 0.0141658839 0.5 p0 2 1
1177 1032 m2 281248 2.75553321e-05 0.5 p0 2 1
1178 1033 m2 684415 1.73779688e-06 0.5 p0 2 1
1140 1035 m2 644000 -0.00524758408 0.5 p0 2 1
803 1036 m2 512669 -0.00222871243 0.5 p0 2 2
871 1037 m2 763823 0.000304681103 0.5 p0 2 1
1190 1038 m2 118380 -3.35153782e-05 0.5 p0 2 1
1078 1039 m2 381814 1.82796139e-05 0.5 p0 2 2
1138 1043 m2 105798 -0.000537248619 0.5 p0 2 1
1121 1044 m2 445367 0.00188259047 0.5 p0 2 2
1004 1045 m2 432464 -0.0265119001 0.5 p0 2 1
1017 1047 m2 686253 -8.34586626e-06 0.5 p0 2 1
765 1048 m2 732069 3.35182199e-06 0.5 p0 2 3
1165 1050 m2 179310 -0.0509735495 0.5 p0 2 1
1166 1051 m2 895390 -0.040007621 0.5 p0 2 1
1144 1052 m2 74849 -0.0299116038 0.5 p0 2 1
1118 1053 m2 143308 -6.31919756e-05 0.5 p0 2 2
760 1054 m2 872163 -0.0218371246 0.5 p0 2 1
1108 1056 m2 837745 -0.0123047363 0.5 p0 2 2
1107 1057 m2 769771 0.00619239965 0.5 p0 2 2
601 1058 m2 949962 0.00410842802 0.5 p0 2 2
1031 1060 m2 851113 3.37191705e-06 0.5 p0 2 3
1159 1062 m2 312883 -0.0384231471 0.5 p0 2 1
1171 1064 m2 924018 0.000324136665 0.5 p0 2 2
1112 1065 m2 897660 -0.00406029169 0.5 p0 2 1
1150 1066 m2 168251 0.0016476023 0.5 p0 2 1
1189 1069 m2 524940 -0.0165769663 0.5 p0 2 1
792 1071 m2 969518 6.86314408e-11 0.5 p0 2 1
967 1072 m2 505788 -0.000452145323 0.5 p0 2 1
1092 1073 m2 9064 0.00700835977 0.5 p0 2 1
1099 1076 m2 985479 0.0174825322 0.5 p0 2 3
1043 1080 m2 204243 -0.00341008836 0.5 p0 2 1
1187 1082 m2 645726 0.00208764197 0.5 p0 2 1
1169 1083 m2 456049 -6.0853381e-06 0.5 p0 2 1
1174 1085 m2 219120 4.17482943e-06 0.5 p0 2 1
984 1090 m2 648242 9.61222904e-05 0.5 p0 2 2
1154 1091 m2 67476 0.0153540494 0.5 p0 2 1
1161 1092 m2 558939 0.0494518541 0.5 p0 2 1
1162 1093 m2 634161 -0.000117276155 0.5 p0 2 1
1163 1094 m2 699950 0.0259349458 0.5 p0 2 1
938 1095 m2 531369 0.000249582605 0.5 p0 2 1
1113 1096 m2 869276 0.000202762923 0.5 p0 2 1
1072 1098 m2 618180 0.0352835096 0.5 p0 2 1
1063 1099 m2 3902 0.000192332198 0.5 p0 2 2
906 1102 m2 375377 0.000301888998 0.5 p0 2 3
1073 1103 m2 498350 -0.0530307367 0.5 p0 2 1
941 1105 m2 655932 -0.0114873787 0.5 p0 2 3
847 1107 m2 778151 0.0166728254 0.5 p0 2 3
1175 1109 m2 495749 0.000320601423 0.5 p0 2 2
679 1110 m2 893255 0.0333101302 0.5 p0 2 2
935 1111 m2 370391 0.0128193991 0.5 p0 2 2
999 1112 m2 47045 -0.00145341922 0.5 p0 2 1
996 1116 m2 549251 -0.00712456461 0.5 p0 2 1
1101 1117 m2 918258 -0.00641791103 0.5 p0 2 1
665 1118 m2 738632 0.0031235416 0.5 p0 2 3
1120 1121 m2 86650 4.42662576e-06 0.5 p0 2 1
914 1124 m2 877003 -6.51994753e-07 0.5 p0 2 4
1139 1125 m2 711486 1.43401885e-05 0.5 p0 2 1
1083 1126 m2 697887 0.000132810805 0.5 p0 2 1
918 1127 m2 597659 0.000500291353 0.5 p0 2 1
1168 1128 m2 16142 0.021085754 0.5 p0 2 1
890 1130 m2 286887 -0.0217879917 0.5 p0 2 2
880 1134 m2 132222 -0.00183797267 0.5 p0 2 2
992 1135 m2 92663 -1.3011956e-08 0.5 p0 2 2
993 1136 m2 287767 -0.00242214534 0.5 p0 2 1
608 1137 m2 967079 2.21837968e-06 0.5 p0 2 2
980 1138 m2 987409 -0.00981758814 0.5 p0 2 2
883 1140 m2 855340 5.76673483e-06 0.5 p0 2 3
915 1141 m2 474072 0.00800457969 0.5 p0 2 2
1176 1142 m2 143826 0.000475249428 0.5 p0 2 1
1127 1144 m2 682354 -0.018827226 0.5 p0 2 1
1102 1145 m2 489350 -0.0266774315 0.5 p0 2 1
811 1146 m2 216035 -0.0454839393 0.5 p0 2 1
813 1147 m2 860648 1.24214184e-05 0.5 p0 2 2
644 1151 m2 216402 -0.00794350728 0.5 p0 2 1
1135 1152 m2 394351 0.0428814888 0.5 p0 2 1
989 1154 m2 683904 0.00129431591 0.5 p0 2 2
1016 1155 m2 408386 0.0202288907 0.5 p0 2 1
1109 1157 m2 891690 -0.000260378496 0.5 p0 2 1
911 1159 m2 732678 0.000111652094 0.5 p0 2 2
845 1160 m2 683236 5.51232406e-05 0.5 p0 2 4
1167 1163 m2 773685 -0.0096488893 0.5 p0 2 1
1201 1164 m2 358926 0.0120125562 0.5 p0 2 1
1002 1165 m2 180000 -0.000504256983 0.5 p0 2 2
1080 1166 m2 332072 0.0237849746 0.5 p0 2 2
1133 1167 m2 926108 -1.37796815e-06 0.5 p0 2 1
805 1168 m2 734645 -0.00903917942 0.5 p0 2 1
1147 1169 m2 262464 0.00138358364 0.5 p0 2 1
1141 1170 m2 62810 0.0241454225 0.5 p0 2 1
990 1172 m2 513134 0.000301762688 0.5 p0 2 3
1023 1173 m2 833852 -6.22775269e-06 0.5 p0 2 2
954 1175 m2 30787 2.34938489e-06 0.5 p0 2 1
1122 1176 m2 337719 -3.93749389e-07 0.5 p0 2 1
1098 1177 m2 933047 -0.000239756395 0.5 p0 2 1
917 1178 m2 141152 -0.0036059292 0.5 p0 2 1
138 1180 m1 961 0 0.5 p-1 -4279749 1186
535 1181 m1 1198 0 0.5 p-1 -553438 39
1148 1183 m1 8302 0 0.5 p-1 -5641 3
3 1185 m1 12507 0 0.5 p-1 -7310688 1926
1149 1186 m1 13754 0 0.5 p-1 -6117 2
437 1188 m1 20866 -0 0.5 p-1 -145730 219
1020 1189 m1 23113 0 0.5 p-1 -120 2
6 1190 m1 24032 0 0.5 p-1 -5301584 1465
259 1191 m1 28330 -0 0.5 p-1 -4409389 555
511 1192 m1 29069 0 0.5 p-1 -2116785 249
784 1193 m1 30106 -0 0.5 p-1 -7849 8
819 1194 m1 31508 0 0.5 p-1 -5414 3
641 1195 m1 32554 -0 0.5 p-1 -161170 68
512 1196 m1 35378 -0 0.5 p-1 -464649 72
392 1197 m1 38817 -0 0.5 p-1 -707867 345
513 1198 m1 40059 -0 0.5 p-1 -200556 37
144 1199 m1 47189 -0 0.5 p-1 -3384023 1094
262 1200 m1 48713 0 0.5 p-1 -911938 215
1035 1201 m1 56008 -0 0.5 p-1 -4602 2
571 1202 m1 56333 0 0.5 p-1 -2709584 19
394 1203 m1 56979 -0 0.5 p-1 -307092 17
1077 1204 m1 57746 -0 0.5 p-1 -1494 4
1094 1205 m1 61257 0 0.5 p-1 -1194 3
869 1206 m1 63395 -0 0.5 p-1 -34922 12
465 1207 m1 64474 0 0.5 p-1 -1260666 308
991 1208 m1 66328 -0 0.5 p-1 -30501 1
483 1209 m1 67791 -0 0.5 p-1 -93212 63
147 1210 m1 75979 -0 0.5 p-1 -133397 123
567 1211 m1 76900 -0 0.5 p-1 -197762 53
209 1214 m1 89611 0 0.5 p-1 -2461047 257
148 1215 m1 89975 0 0.5 p-1 -1435674 1333
458 1216 m1 93326 -0 0.5 p-1 -702806 122
838 1217 m1 95080 0 0.5 p-1 -1737 3
881 1218 m1 99723 0 0.5 p-1 -83183 5
877 1219 m1 101331 0 0.5 p-1 -138181 12
15 1220 m1 103333 -0 0.5 p-1 -3763992 1650
1199 1221 m1 110507 -0 0.5 p-1 -667196 1
541 1222 m1 111134 0 0.5 p-1 -263753 35
947 1224 m1 112460 -0 0.5 p-1 -7191 4
663 1225 m1 113314 0 0.5 p-1 -4811 10
213 1226 m1 113907 -0 0.5 p-1 -334316 246
20 1228 m1 117759 -0 0.5 p-1 -11591052 1053
214 1229 m1 117905 -0 0.5 p-1 -168001 69
150 1230 m1 118204 0 0.5 p-1 -4973642 694
505 1232 m1 125330 -0 0.5 p-1 -35067 29
332 1233 m1 125467 0 0.5 p-1 -823382 764
846 1235 m1 126467 0 0.5 p-1 -4833 4
439 1236 m1 126643 -0 0.5 p-1 -2807903 33
767 1237 m1 126935 0 0.5 p-1 -70189 7
24 1238 m1 130047 0 0.5 p-1 -203366 69
333 1239 m1 132855 0 0.5 p-1 -1357720 52
501 1240 m1 133152 0 0.5 p-1 -326691 250
216 1242 m1 139991 0 0.5 p-1 -3690761 380
373 1244 m1 147009 -0 0.5 p-1 -1410374 274
335 1246 m1 153938 -0 0.5 p-1 -284717 117
933 1247 m1 154084 0 0.5 p-1 -19613 4
1001 1248 m1 154128 0 0.5 p-1 -1532 2
687 1251 m1 155735 -0 0.5 p-1 -7445 1
396 1252 m1 161788 0 0.5 p-1 -191524 136
1011 1254 m1 172013 0 0.5 p-1 -74 4
925 1255 m1 181094 -0 0.5 p-1 -57794 13
219 1256 m1 182736 0 0.5 p-1 -4831374 743
573 1257 m1 191189 0 0.5 p-1 -2576198 71
553 1259 m1 196216 -0 0.5 p-1 -2802901 63
1075 1260 m1 205039 -0 0.5 p-1 -4616 2
32 1262 m1 207142 0 0.5 p-1 -1057854 1078
810 1263 m1 207350 0 0.5 p-1 -13151 1
265 1265 m1 210128 -0 0.5 p-1 -83326 27
222 1267 m1 217797 -0 0.5 p-1 -126137 38
485 1268 m1 220829 0 0.5 p-1 -720016 56
807 1269 m1 223047 0 0.5 p-1 -193584 6
502 1270 m1 223639 0 0.5 p-1 -151763 19
1034 1271 m1 229756 -0 0.5 p-1 -3664 6
375 1272 m1 236695 0 0.5 p-1 -6138717 193
1181 1273 m1 237611 -0 0.5 p-1 -1156 1
1105 1274 m1 242875 -0 0.5 p-1 -2640 1
1047 1276 m1 246214 0 0.5 p-1 -4919 1
761 1277 m1 251523 0 0.5 p-1 -52274 56
549 1278 m1 258992 0 0.5 p-1 -648494 268
39 1279 m1 260480 0 0.5 p-1 -2208997 481
528 1282 m1 272400 0 0.5 p-1 -342755 69
42 1283 m1 283973 -0 0.5 p-1 -160887 114
225 1284 m1 287706 0 0.5 p-1 -2582344 729
269 1285 m1 287938 0 0.5 p-1 -1632864 137
1013 1286 m1 292275 -0 0.5 p-1 -25323 6
802 1287 m1 293373 0 0.5 p-1 -46921 39
423 1288 m1 294647 -0 0.5 p-1 -121215 128
440 1289 m1 299682 0 0.5 p-1 -258781 69
976 1290 m1 305571 -0 0.5 p-1 -19898 5
160 1291 m1 313709 -0 0.5 p-1 -2305648 374
377 1292 m1 322258 -0 0.5 p-1 -96218 62
51 1295 m1 332139 -0 0.5 p-1 -1752247 1399
271 1296 m1 332456 -0 0.5 p-1 -1421899 321
52 1297 m1 335509 0 0.5 p-1 -6338236 1368
165 1298 m1 338427 0 0.5 p-1 -5217586 1403
1151 1299 m1 339694 0 0.5 p-1 -7966 2
620 1300 m1 340363 0 0.5 p-1 -361431 53
53 1301 m1 342599 -0 0.5 p-1 -4674636 942
274 1303 m1 353698 0 0.5 p-1 -1390380 382
972 1306 m1 362802 0 0.5 p-1 -414963 6
413 1307 m1 363518 0 0.5 p-1 -762966 313
701 1308 m1 363736 0 0.5 p-1 -527418 38
338 1309 m1 364870 0 0.5 p-1 -386718 334
659 1311 m1 369788 0 0.5 p-1 -95949 47
650 1312 m1 372554 0 0.5 p-1 -2027070 50
895 1314 m1 376977 0 0.5 p-1 -63231 2
833 1315 m1 377799 -0 0.5 p-1 -11558 13
58 1317 m1 385372 0 0.5 p-1 -4702057 1963
401 1318 m1 385626 -0 0.5 p-1 -117012 128
166 1319 m1 386784 0 0.5 p-1 -33098 24
574 1320 m1 387702 0 0.5 p-1 -139486 34
506 1322 m1 397300 -0 0.5 p-1 -154462 32
426 1323 m1 400979 -0 0.5 p-1 -1799957 93
59 1324 m1 401420 -0 0.5 p-1 -2169951 1642
651 1325 m1 406579 0 0.5 p-1 -113900 3
402 1326 m1 406782 -0 0.5 p-1 -15174 2
477 1327 m1 415245 0 0.5 p-1 -184097 149
638 1328 m1 420774 -0 0.5 p-1 -133262 25
1081 1329 m1 422835 -0 0.5 p-1 -1284 4
731 1330 m1 430097 0 0.5 p-1 -153980 54
379 1331 m1 430892 0 0.5 p-1 -623333 104
814 1332 m1 433051 -0 0.5 p-1 -31389 26
312 1333 m1 434396 0 0.5 p-1 -1229291 520
1087 1334 m1 435190 0 0.5 p-1 -19519 5
313 1335 m1 435371 0 0.5 p-1 -235285 195
276 1336 m1 440659 -0 0.5 p-1 -7457259 853
478 1338 m1 449337 0 0.5 p-1 -432162 50
985 1339 m1 449826 0 0.5 p-1 -7707 6
831 1340 m1 450031 0 0.5 p-1 -1730 4
488 1342 m1 455928 -0 0.5 p-1 -77190 17
522 1343 m1 459723 -0 0.5 p-1 -88988 12
229 1344 m1 462060 -0 0.5 p-1 -3283653 461
1096 1345 m1 468485 0 0.5 p-1 -28472 8
1088 1346 m1 469928 -0 0.5 p-1 -4273 1
454 1347 m1 474949 -0 0.5 p-1 -1031796 32
654 1348 m1 475370 0 0.5 p-1 -217563 36
920 1349 m1 483803 0 0.5 p-1 -1004661 32
921 1350 m1 484397 0 0.5 p-1 -249167 25
867 1351 m1 484453 0 0.5 p-1 -247744 5
676 1353 m1 489566 -0 0.5 p-1 -5520 3
507 1355 m1 498036 0 0.5 p-1 -427512 243
315 1356 m1 508350 -0 0.5 p-1 -915336 607
758 1357 m1 508397 -0 0.5 p-1 -12956 12
446 1359 m1 513881 0 0.5 p-1 -2440390 233
68 1361 m1 516966 -0 0.5 p-1 -1338612 659
279 1362 m1 519286 -0 0.5 p-1 -3456574 1306
1134 1363 m1 520539 0 0.5 p-1 -2884 1
648 1364 m1 525135 -0 0.5 p-1 -34883 12
173 1365 m1 525383 -0 0.5 p-1 -154386 142
233 1366 m1 525917 -0 0.5 p-1 -488271 147
988 1367 m1 526428 0 0.5 p-1 -18617 10
281 1368 m1 528768 0 0.5 p-1 -701570 640
1044 1369 m1 530252 0 0.5 p-1 -5390 2
517 1370 m1 534295 0 0.5 p-1 -539118 58
283 1372 m1 537645 0 0.5 p-1 -1363582 313
1085 1373 m1 541051 0 0.5 p-1 -15504 3
621 1374 m1 545284 -0 0.5 p-1 -40152 6
597 1375 m1 546533 0 0.5 p-1 -250978 80
694 1376 m1 546721 0 0.5 p-1 -4387 14
284 1377 m1 547602 -0 0.5 p-1 -2764623 909
503 1380 m1 552038 -0 0.5 p-1 -855830 128
76 1381 m1 562089 -0 0.5 p-1 -3928034 1014
751 1382 m1 563017 -0 0.5 p-1 -1169099 30
748 1383 m1 564055 0 0.5 p-1 -36168 1
752 1384 m1 565225 -0 0.5 p-1 -102742 30
853 1385 m1 569888 -0 0.5 p-1 -1631 7
861 1386 m1 573573 -0 0.5 p-1 -141537 5
79 1387 m1 575799 -0 0.5 p-1 -3740379 970
582 1389 m1 586515 0 0.5 p-1 -39309 8
316 1390 m1 595920 0 0.5 p-1 -474775 243
430 1391 m1 596610 -0 0.5 p-1 -652303 264
447 1393 m1 598309 0 0.5 p-1 -1478445 262
1196 1395 m1 615520 -0 0.5 p-1 -2350 1
713 1396 m1 615975 -0 0.5 p-1 -28006 4
660 1398 m1 618636 -0 0.5 p-1 -281175 7
239 1399 m1 619002 0 0.5 p-1 -4741850 394
87 1400 m1 619938 -0 0.5 p-1 -2242837 1158
240 1401 m1 623587 0 0.5 p-1 -1961539 306
317 1402 m1 633138 0 0.5 p-1 -1268007 47
241 1403 m1 635238 0 0.5 p-1 -3691865 669
1131 1404 m1 637583 -0 0.5 p-1 -707 1
344 1405 m1 637970 0 0.5 p-1 -872200 337
90 1406 m1 640670 0 0.5 p-1 -5188403 1367
93 1407 m1 643410 -0 0.5 p-1 -1313886 657
757 1408 m1 645018 0 0.5 p-1 -174777 17
181 1409 m1 646007 -0 0.5 p-1 -4451287 694
937 1410 m1 650021 0 0.5 p-1 -6044 9
288 1411 m1 660141 -0 0.5 p-1 -8006807 93
583 1412 m1 663279 0 0.5 p-1 -581013 110
95 1413 m1 666769 -0 0.5 p-1 -1179683 1276
543 1414 m1 668628 0 0.5 p-1 -45819 16
661 1415 m1 673164 0 0.5 p-1 -122431 2
929 1416 m1 674199 -0 0.5 p-1 -84816 13
825 1417 m1 684534 0 0.5 p-1 -43964 2
97 1418 m1 688855 0 0.5 p-1 -2425765 1015
592 1420 m1 700426 0 0.5 p-1 -787192 116
493 1421 m1 703685 0 0.5 p-1 -161029 18
987 1422 m1 704025 0 0.5 p-1 -2677 2
584 1423 m1 709908 0 0.5 p-1 -117016 52
184 1424 m1 713155 -0 0.5 p-1 -384244 359
101 1425 m1 719171 0 0.5 p-1 -1731584 1212
1052 1426 m1 724283 -0 0.5 p-1 -153182 4
494 1427 m1 725267 0 0.5 p-1 -282622 218
102 1428 m1 726076 -0 0.5 p-1 -2649928 1336
893 1429 m1 726306 0 0.5 p-1 -3889 4
104 1431 m1 729423 0 0.5 p-1 -5992447 569
500 1432 m1 730728 -0 0.5 p-1 -86106 77
594 1434 m1 731289 -0 0.5 p-1 -6924 5
969 1435 m1 736322 0 0.5 p-1 -1856 2
619 1436 m1 736566 0 0.5 p-1 -11006 2
187 1437 m1 739935 0 0.5 p-1 -15606785 1008
1056 1438 m1 741344 -0 0.5 p-1 -1308 2
382 1439 m1 744072 -0 0.5 p-1 -251017 109
1019 1440 m1 744686 -0 0.5 p-1 -111722 3
575 1441 m1 745708 0 0.5 p-1 -63674 35
347 1442 m1 750024 -0 0.5 p-1 -443481 141
532 1443 m1 755519 0 0.5 p-1 -9700 17
245 1444 m1 755564 0 0.5 p-1 -1974195 163
293 1445 m1 764211 -0 0.5 p-1 -228904 85
113 1446 m1 765771 0 0.5 p-1 -2510737 1504
247 1448 m1 773702 0 0.5 p-1 -5615777 246
538 1449 m1 775160 0 0.5 p-1 -35003 21
348 1450 m1 777852 -0 0.5 p-1 -334144 154
734 1451 m1 777904 -0 0.5 p-1 -1010354 19
812 1452 m1 780472 0 0.5 p-1 -109745 24
738 1453 m1 786834 0 0.5 p-1 -317209 18
433 1454 m1 788670 0 0.5 p-1 -279335 49
189 1456 m1 791063 0 0.5 p-1 -1162341 329
191 1457 m1 793929 -0 0.5 p-1 -701663 134
791 1460 m1 799773 0 0.5 p-1 -4997 4
966 1462 m1 803971 0 0.5 p-1 -5266 1
683 1463 m1 809062 0 0.5 p-1 -55695 60
323 1466 m1 814266 0 0.5 p-1 -501654 108
587 1467 m1 817204 -0 0.5 p-1 -19094 12
558 1469 m1 820725 -0 0.5 p-1 -3251190 260
118 1470 m1 821299 -0 0.5 p-1 -5528158 1783
1054 1471 m1 821541 -0 0.5 p-1 -212523 8
554 1472 m1 823979 0 0.5 p-1 -78856 81
1041 1473 m1 828889 -0 0.5 p-1 -1173 2
385 1474 m1 829531 -0 0.5 p-1 -204498 34
386 1475 m1 830442 -0 0.5 p-1 -2213530 57
195 1476 m1 834949 0 0.5 p-1 -1995206 338
121 1477 m1 836262 -0 0.5 p-1 -1829839 1172
462 1478 m1 839165 0 0.5 p-1 -261547 81
936 1480 m1 844333 -0 0.5 p-1 -1402 3
614 1481 m1 848366 -0 0.5 p-1 -2858187 59
907 1482 m1 851906 -0 0.5 p-1 -8077 13
689 1484 m1 859675 -0 0.5 p-1 -45490 12
126 1486 m1 870169 0 0.5 p-1 -1963375 854
297 1488 m1 872819 0 0.5 p-1 -1170555 467
730 1489 m1 873165 0 0.5 p-1 -17353 19
127 1490 m1 874376 0 0.5 p-1 -4038060 859
842 1491 m1 878236 0 0.5 p-1 -14408 10
794 1493 m1 885331 0 0.5 p-1 -138858 11
300 1494 m1 887739 0 0.5 p-1 -1714514 1395
959 1496 m1 888986 -0 0.5 p-1 -21755 24
496 1498 m1 889388 0 0.5 p-1 -390768 129
436 1499 m1 890089 0 0.5 p-1 -159360 93
782 1500 m1 893868 -0 0.5 p-1 -6927 6
131 1503 m1 905580 0 0.5 p-1 -1174403 424
579 1505 m1 925063 0 0.5 p-1 -153269 59
389 1506 m1 935731 0 0.5 p-1 -355647 187
795 1507 m1 936072 -0 0.5 p-1 -41625 32
410 1508 m1 949414 0 0.5 p-1 -369495 110
727 1509 m1 953303 0 0.5 p-1 -1424 3
829 1510 m1 956621 0 0.5 p-1 -27225 9
878 1511 m1 961286 -0 0.5 p-1 -17941 16
303 1512 m1 967930 0 0.5 p-1 -2062661 293
736 1513 m1 967932 -0 0.5 p-1 -46910 24
624 1515 m1 972453 -0 0.5 p-1 -5203 7
580 1517 m1 976809 -0 0.5 p-1 -97361 30
256 1519 m1 988360 0 0.5 p-1 -2857295 1519
370 1520 m1 991900 -0 0.5 p-1 -328557 247
202 1521 m1 992073 0 0.5 p-1 -43506 9
136 1522 m1 992166 -0 0.5 p-1 -7233245 1055
355 1523 m1 995830 0 0.5 p-1 -197198 298
