Temp_ID Permanent_ID Mutation_type Position s h Subpop Tick Number
131 1 m2 3041 -0.0163678713 0.5 p-1 -142331 59
174 2 m2 9299 -1.9712299e-05 0.5 p-1 -257632 63
223 3 m2 12311 -1.59969222e-05 0.5 p-1 -109312 19
102 4 m2 33579 -0.00149274606 0.5 p-1 -6501 23
36 7 m2 46181 -0.0102143716 0.5 p-1 -3155127 304
81 8 m2 47679 -0.00645942846 0.5 p-1 -480417 191
122 9 m2 57693 -5.9381382e-06 0.5 p-1 -162190 29
234 10 m2 60271 -0.0722407773 0.5 p-1 -10283 7
268 11 m2 60440 -0.000889542396 0.5 p-1 -11898 2
119 13 m2 65770 -0.00172389031 0.5 p-1 -19142 5
134 14 m2 71189 -0.00728557399 0.5 p-1 -9065 2
137 15 m2 74624 -0.000628877373 0.5 p-1 -106142 59
259 17 m2 77388 -0.0270828698 0.5 p-1 -22553 1
94 18 m2 79299 -0.00431026751 0.5 p-1 -1016712 772
227 19 m2 83118 -0.0133197736 0.5 p-1 -28881 5
88 20 m2 86455 -0.0239300448 0.5 p-1 -867639 632
210 21 m2 90091 -0.00682617258 0.5 p-1 -10040 1
123 23 m2 97956 -0.00054203195 0.5 p-1 -1492640 64
245 25 m2 110664 -0.00251362473 0.5 p-1 -13188 3
269 26 m2 112574 -0.00703755161 0.5 p-1 -7849 2
60 27 m2 118198 -3.50163173e-05 0.5 p-1 -1402820 733
262 28 m2 119839 -0.0887628049 0.5 p-1 -2800 1
89 30 m2 124605 -0.00105361594 0.5 p-1 -823579 421
52 31 m2 126853 -0.0223185569 0.5 p-1 -141268 41
53 32 m2 128821 -0.00961483642 0.5 p-1 -1812574 393
37 34 m2 145218 -0.0120377662 0.5 p-1 -135436 17
217 37 m2 158152 -0.00156060362 0.5 p-1 -54534 18
135 38 m2 162075 -0.0152458465 0.5 p-1 -33088 4
61 39 m2 164140 -0.0192486439 0.5 p-1 -3139681 777
192 40 m2 167772 -0.00421250612 0.5 p-1 -85433 22
229 41 m2 170656 -0.0068381927 0.5 p-1 -30941 6
0 43 m2 182080 -0.0299045574 0.5 p-1 -509233 195
105 45 m2 186115 -2.95771834e-08 0.5 p-1 -574262 48
207 46 m2 187432 -0.000557751337 0.5 p-1 -103006 9
40 48 m2 202884 -0.00180545647 0.5 p-1 -54369 63
4 49 m2 207857 -0.0788451284 0.5 p-1 -1303391 1250
5 50 m2 212843 -7.80865867e-06 0.5 p-1 -1905240 328
228 53 m2 222408 -0.0209738407 0.5 p-1 -9747 9
120 54 m2 226764 -0.000226915232 0.5 p-1 -950708 29
109 55 m2 227380 -0.00531880651 0.5 p-1 -94043 96
189 57 m2 232991 -0.0153069831 0.5 p-1 -3163 7
264 58 m2 234043 -0.00989817921 0.5 p-1 -51480 1
244 59 m2 238243 -3.93654673e-08 0.5 p-1 -9552 2
216 60 m2 263555 -0.000842869747 0.5 p-1 -23359 12
6 61 m2 265288 -0.0194759294 0.5 p-1 -5525334 731
64 62 m2 271910 -0.0258592665 0.5 p-1 -299988 81
142 68 m2 288849 -0.000207245626 0.5 p-1 -58174 49
150 69 m2 304287 -0.00332840672 0.5 p-1 -349104 14
7 70 m2 305896 -0.0259001963 0.5 p-1 -1976955 985
73 71 m2 310938 -9.47896333e-05 0.5 p-1 -835879 587
251 72 m2 317640 -0.000693815062 0.5 p-1 -373 7
239 73 m2 322055 -0.000825274561 0.5 p-1 -29083 3
8 74 m2 322616 -0.0252362136 0.5 p-1 -2594776 1149
54 75 m2 326124 -2.49538251e-10 0.5 p-1 -3267257 706
151 76 m2 326791 -0.00769248046 0.5 p-1 -74352 85
9 77 m2 327770 -0.000303359411 0.5 p-1 -2278374 1242
224 78 m2 334503 -0.0128214145 0.5 p-1 -31026 1
129 79 m2 335935 -0.0137818614 0.5 p-1 -5180 17
10 80 m2 339530 -0.00234649167 0.5 p-1 -6744742 1341
201 81 m2 341681 -0.0314542092 0.5 p-1 -21795 15
42 82 m2 348191 -0.0035895831 0.5 p-1 -5110440 815
65 83 m2 360665 -3.48512295e-11 0.5 p-1 -2771329 453
272 85 m2 371169 -0.00831984915 0.5 p-1 -8258 1
11 86 m2 374859 -5.83356705e-05 0.5 p-1 -4858496 1862
43 87 m2 379170 -0.0684549809 0.5 p-1 -2134012 686
218 88 m2 385145 -0.000234748091 0.5 p-1 -62345 20
232 89 m2 388219 -5.75294325e-06 0.5 p-1 -4309 12
66 90 m2 390560 -0.00180765789 0.5 p-1 -861893 250
260 91 m2 395551 -0.0023764472 0.5 p-1 -597840 1
144 94 m2 415223 -5.52491547e-05 0.5 p-1 -77412 75
117 95 m2 417289 -0.0464368649 0.5 p-1 -500013 172
62 96 m2 419572 -0.0527321063 0.5 p-1 -777035 292
97 97 m2 422405 -0.00245212438 0.5 p-1 -229591 313
63 98 m2 427163 -0.00404797541 0.5 p-1 -415067 118
248 99 m2 429596 -0.0513062663 0.5 p-1 -1153761 2
74 100 m2 431144 -0.0065234215 0.5 p-1 -383370 81
252 103 m2 438763 -0.00069342216 0.5 p-1 -7364 3
235 104 m2 439888 -0.00615208736 0.5 p-1 -7350 5
14 105 m2 442821 -0.00214424846 0.5 p-1 -14147505 1931
206 106 m2 448644 -0.0169353914 0.5 p-1 -1456 8
240 107 m2 452334 -0.00262863026 0.5 p-1 -31779 7
158 108 m2 459499 -0.0228266437 0.5 p-1 -119583 7
124 109 m2 460945 -0.00146790664 0.5 p-1 -325311 171
214 110 m2 463782 -1.11368026e-10 0.5 p-1 -16032 35
255 111 m2 464458 -0.0201017391 0.5 p-1 -52279 2
75 112 m2 470669 -0.00103765971 0.5 p-1 -1790691 640
111 114 m2 486152 -0.00172593491 0.5 p-1 -151309 56
44 115 m2 486503 -0.00163963332 0.5 p-1 -1909875 612
256 117 m2 499315 -0.00689326879 0.5 p-1 -11866 4
15 118 m2 499661 -0.000240296373 0.5 p-1 -3525723 981
106 119 m2 503636 -0.108150095 0.5 p-1 -347692 33
77 120 m2 503663 -0.000410679379 0.5 p-1 -654948 244
112 121 m2 504261 -1.25153619e-07 0.5 p-1 -382638 53
16 123 m2 506680 -0.00908523425 0.5 p-1 -4008868 538
169 124 m2 507613 -4.73807586e-06 0.5 p-1 -115365 52
45 125 m2 514939 -0.00339954416 0.5 p-1 -5889977 1153
143 127 m2 519786 -0.0634114891 0.5 p-1 -516726 87
202 128 m2 526557 -1.35506695e-09 0.5 p-1 -304505 37
172 131 m2 534032 -0.0322792195 0.5 p-1 -333920 104
107 133 m2 538594 -0.000247811811 0.5 p-1 -1940709 28
177 134 m2 543991 -0.00129835075 0.5 p-1 -61014 7
184 137 m2 550992 -0.0206666365 0.5 p-1 -97835 82
56 138 m2 553336 -0.000187874117 0.5 p-1 -51044 95
242 139 m2 558151 -0.00795525406 0.5 p-1 -2595 1
265 140 m2 564244 -0.004339498 0.5 p-1 -2654 4
18 142 m2 571012 -0.00874365028 0.5 p-1 -6058928 459
46 143 m2 577233 -0.00151153211 0.5 p-1 -1645118 793
101 144 m2 581289 -0.00888052583 0.5 p-1 -81032 77
47 145 m2 585052 -0.00126923271 0.5 p-1 -4904577 612
140 146 m2 592989 -0.042808339 0.5 p-1 -1768320 113
125 148 m2 594578 -0.0219762214 0.5 p-1 -6416020 236
19 149 m2 603383 -0.00505756075 0.5 p-1 -4877857 1158
196 150 m2 605362 -0.00183394668 0.5 p-1 -19764 17
267 151 m2 608719 -2.19068647e-06 0.5 p-1 -1295 1
211 153 m2 614890 -0.000649038062 0.5 p-1 -273878 1
108 154 m2 619494 -9.52795672e-05 0.5 p-1 -291738 175
118 155 m2 620063 -0.00125832111 0.5 p-1 -41597 58
204 157 m2 629523 -0.00201802026 0.5 p-1 -60852 48
254 158 m2 630542 -0.00822643284 0.5 p-1 -9792 4
20 162 m2 652664 -0.000229393845 0.5 p-1 -4343262 1947
198 163 m2 659586 -0.00235070405 0.5 p-1 -16353 5
133 165 m2 671350 -0.0121311182 0.5 p-1 -144816 43
79 166 m2 674384 -0.000483685377 0.5 p-1 -430369 181
115 167 m2 675762 -0.00767036295 0.5 p-1 -252586 182
136 168 m2 676347 -1.07589221e-05 0.5 p-1 -9610 7
166 169 m2 679426 -0.00710414397 0.5 p-1 -168086 66
90 170 m2 691687 -0.000144041638 0.5 p-1 -181843 350
180 171 m2 698917 -0.00682958635 0.5 p-1 -144168 46
57 174 m2 710066 -0.0196941588 0.5 p-1 -3262395 329
160 175 m2 713299 -0.00597693864 0.5 p-1 -161210 64
241 176 m2 724233 -0.00336778467 0.5 p-1 -4637 5
155 177 m2 729621 -0.00185560109 0.5 p-1 -76320 35
24 178 m2 731098 -0.0123924604 0.5 p-1 -2525588 1582
190 179 m2 731441 -0.000181879645 0.5 p-1 -67050 26
91 180 m2 739421 -0.0174308158 0.5 p-1 -91951 35
99 181 m2 743355 -0.0143215051 0.5 p-1 -406797 121
191 182 m2 753997 -0.0191282444 0.5 p-1 -117785 77
80 183 m2 754568 -0.00302876718 0.5 p-1 -521060 342
173 185 m2 760639 -0.016603021 0.5 p-1 -3239 8
215 186 m2 760779 -0.0538559854 0.5 p-1 -730 5
25 187 m2 765883 -0.0606064983 0.5 p-1 -4567412 721
26 190 m2 771309 -0.0735459849 0.5 p-1 -427187 297
145 191 m2 775396 -0.00563115161 0.5 p-1 -54504 17
121 192 m2 776084 -0.00474367384 0.5 p-1 -353793 106
48 193 m2 777547 -0.000197321569 0.5 p-1 -845376 283
67 195 m2 783133 -0.00447924715 0.5 p-1 -358880 84
266 196 m2 789439 -0.000722262776 0.5 p-1 -158 2
212 197 m2 790236 -0.00602641981 0.5 p-1 -84229 64
85 198 m2 793025 -4.86530195e-13 0.5 p-1 -4035240 431
68 199 m2 797961 -0.00469418988 0.5 p-1 -2505507 127
203 200 m2 798519 -0.0132913124 0.5 p-1 -59248 32
29 201 m2 801567 -0.00125923532 0.5 p-1 -2266344 1480
237 202 m2 803406 -5.62171699e-05 0.5 p-1 -61708 9
167 203 m2 806428 -0.0156480763 0.5 p-1 -38939 15
59 204 m2 807195 -0.000489523169 0.5 p-1 -1284674 1168
225 206 m2 814576 -0.00779248588 0.5 p-1 -51452 6
243 207 m2 814764 -0.000843598391 0.5 p-1 -5506 3
116 208 m2 816316 -1.01060346e-06 0.5 p-1 -174534 7
195 210 m2 819449 -0.0104951551 0.5 p-1 -54358 25
103 211 m2 821380 -0.000579144456 0.5 p-1 -216504 41
163 212 m2 822569 -0.00202522846 0.5 p-1 -145371 8
246 213 m2 825718 -2.73325122e-06 0.5 p-1 -23750 1
138 214 m2 825989 -2.27555286e-09 0.5 p-1 -5921 10
49 217 m2 833286 -0.0470191501 0.5 p-1 -2123507 104
161 218 m2 843912 -0.0397894904 0.5 p-1 -686852 29
247 219 m2 847663 -0.000172418979 0.5 p-1 -33153 10
231 221 m2 857997 -2.82016822e-06 0.5 p-1 -377406 7
126 222 m2 859913 -0.000280277338 0.5 p-1 -4693505 278
104 223 m2 863004 -0.00193702721 0.5 p-1 -681246 169
171 224 m2 867656 -0.00215340429 0.5 p-1 -21863 6
221 225 m2 874466 -0.000184159464 0.5 p-1 -57001 3
183 226 m2 876886 -0.0758128762 0.5 p-1 -51077 8
139 227 m2 880194 -0.00563415 0.5 p-1 -235861 157
113 229 m2 908097 -1.29725349e-05 0.5 p-1 -286007 102
209 232 m2 913156 -0.000424680067 0.5 p-1 -19312 18
31 233 m2 913989 -0.000807170814 0.5 p-1 -919835 438
147 234 m2 919460 -0.00542482967 0.5 p-1 -7868 16
168 235 m2 920026 -0.000265807612 0.5 p-1 -12169 7
222 238 m2 925767 -0.00321016228 0.5 p-1 -1734 3
236 239 m2 927072 -0.0468941033 0.5 p-1 -69597 9
86 240 m2 929723 -0.00361139094 0.5 p-1 -77828 21
141 242 m2 943116 -0.00157562969 0.5 p-1 -121495 18
226 243 m2 945727 -0.0383012444 0.5 p-1 -265488 4
187 244 m2 946157 -0.0178011432 0.5 p-1 -109290 41
32 245 m2 946224 -0.0299958214 0.5 p-1 -929760 764
70 246 m2 946428 -0.0159680825 0.5 p-1 -1237991 130
50 247 m2 951148 -0.0126694422 0.5 p-1 -2666963 1163
233 248 m2 955765 -0.0105296085 0.5 p-1 -4941 10
51 249 m2 958193 -1.63297773e-06 0.5 p-1 -1076060 614
162 250 m2 960271 -0.0113238245 0.5 p-1 -47975 12
148 251 m2 962930 -5.30547513e-05 0.5 p-1 -32808 19
170 253 m2 971574 -0.000471002539 0.5 p-1 -507992 45
92 254 m2 975873 -1.88146914e-05 0.5 p-1 -4367827 300
156 255 m2 976562 -0.0153702619 0.5 p-1 -365596 38
128 256 m2 977443 -0.015754642 0.5 p-1 -3458490 196
213 257 m2 979953 -6.23947053e-05 0.5 p-1 -23437 25
72 259 m2 983909 -6.40826556e-06 0.5 p-1 -152841 78
188 260 m2 989531 -9.02868996e-05 0.5 p-1 -24216 28
182 261 m2 995559 -0.00642163353 0.5 p-1 -11211 6
35 262 m2 998495 -0.00162605778 0.5 p-1 -8696379 1626
273 264 m2 630683 -0.000320847961 0.5 p0 2 1
238 265 m2 52801 -2.55852265e-05 0.5 p0 2 4
263 274 m2 810866 -0.0042562834 0.5 p0 2 1
78 283 m2 588436 -0.120842218 0.5 p0 2 8
261 287 m2 335493 -0.00917660724 0.5 p0 2 2
253 292 m2 857092 -0.00899466779 0.5 p0 2 1
271 297 m2 382934 -8.85458212e-05 0.5 p0 2 1
181 299 m2 383506 -0.0672009736 0.5 p0 2 6
249 309 m2 887167 -0.000293936959 0.5 p0 2 1
87 310 m1 12369 0 0.5 p-1 -722978 60
208 311 m1 18840 0 0.5 p-1 -18945 1
149 312 m1 34596 0 0.5 p-1 -261820 64
93 315 m1 68967 0 0.5 p-1 -517358 212
200 316 m1 70493 0 0.5 p-1 -228542 32
230 320 m1 135142 0 0.5 p-1 -50016 2
1 323 m1 186050 0 0.5 p-1 -1724598 1759
38 324 m1 187486 0 0.5 p-1 -3242587 429
2 325 m1 189084 0 0.5 p-1 -435499 674
82 326 m1 194438 0 0.5 p-1 -2300732 492
3 328 m1 198995 0 0.5 p-1 -833790 154
83 329 m1 200446 0 0.5 p-1 -909336 568
39 330 m1 201132 0 0.5 p-1 -602297 723
41 331 m1 219156 0 0.5 p-1 -1993295 663
110 332 m1 249046 0 0.5 p-1 -61069 32
100 334 m1 320374 0 0.5 p-1 -287274 17
199 335 m1 353414 0 0.5 p-1 -42245 5
205 336 m1 358379 0 0.5 p-1 -126456 8
95 337 m1 375149 0 0.5 p-1 -133148 117
130 339 m1 386985 0 0.5 p-1 -204373 237
84 340 m1 392927 0 0.5 p-1 -1428136 345
12 342 m1 404124 0 0.5 p-1 -3565478 1914
13 343 m1 426671 0 0.5 p-1 -41554 50
157 345 m1 449078 0 0.5 p-1 -6219 4
219 347 m1 468636 0 0.5 p-1 -6131 2
193 348 m1 475958 0 0.5 p-1 -556529 52
98 349 m1 485103 0 0.5 p-1 -5929256 113
179 350 m1 488437 0 0.5 p-1 -10679 10
76 352 m1 495925 0 0.5 p-1 -297126 431
17 353 m1 513318 0 0.5 p-1 -145927 82
55 354 m1 517726 0 0.5 p-1 -3543138 186
154 355 m1 520806 0 0.5 p-1 -693465 47
176 356 m1 548961 0 0.5 p-1 -307514 28
132 357 m1 553046 0 0.5 p-1 -1204382 88
114 358 m1 568375 0 0.5 p-1 -3662244 186
96 359 m1 575665 0 0.5 p-1 -215800 191
258 360 m1 584753 0 0.5 p-1 -6954 3
159 362 m1 627429 0 0.5 p-1 -225446 9
220 363 m1 648322 0 0.5 p-1 -2582 2
197 365 m1 655730 0 0.5 p-1 -164184 20
185 366 m1 663002 0 0.5 p-1 -76883 15
21 367 m1 667163 0 0.5 p-1 -3291043 626
22 368 m1 671051 0 0.5 p-1 -8763404 1271
23 369 m1 701035 0 0.5 p-1 -1344246 1114
152 370 m1 716166 0 0.5 p-1 -29297 19
175 371 m1 723557 0 0.5 p-1 -1062317 67
58 374 m1 777176 0 0.5 p-1 -3794047 234
270 375 m1 778587 0 0.5 p-1 -11177 4
194 376 m1 781692 0 0.5 p-1 -125711 26
164 377 m1 784482 0 0.5 p-1 -8645 3
27 379 m1 794001 0 0.5 p-1 -31958 11
28 380 m1 800600 0 0.5 p-1 -3589909 1254
178 381 m1 833978 0 0.5 p-1 -25070 63
69 382 m1 840834 0 0.5 p-1 -1053542 402
30 384 m1 863231 0 0.5 p-1 -7006415 1973
146 387 m1 909009 0 0.5 p-1 -272688 142
186 388 m1 912940 0 0.5 p-1 -10307 1
250 389 m1 921974 0 0.5 p-1 -12718 3
33 392 m1 954438 0 0.5 p-1 -9277586 1909
257 393 m1 958670 0 0.5 p-1 -8785 1
127 394 m1 965076 0 0.5 p-1 -163649 41
71 395 m1 970637 0 0.5 p-1 -4770189 478
165 396 m1 974618 0 0.5 p-1 -148833 35
34 397 m1 987803 0 0.5 p-1 -7934994 1684
153 398 m1 991859 0 0.5 p-1 -372590 46
