Temp_ID Permanent_ID Mutation_type Position s h Subpop Tick Number
615 0 m2 610 -0.023627568 0.5 p-1 -631785 459
575 1 m2 1427 0.0288162995 0.5 p-1 -429257 116
252 2 m2 1736 -0.0286012627 0.5 p-1 -163520 50
0 4 m2 3676 -3.02538683e-05 0.5 p-1 -1659255 412
253 6 m2 4603 -0.00188281306 0.5 p-1 -572662 576
1082 7 m2 4701 -0.00788730104 0.5 p-1 -459283 31
936 8 m2 4777 -0.000939420017 0.5 p-1 -38262 41
1135 12 m2 8064 9.393238e-05 0.5 p-1 -92162 26
826 13 m2 9475 -7.2426833e-06 0.5 p-1 -137337 115
775 15 m2 11130 0.000287439092 0.5 p-1 -4658395 74
1 16 m2 11223 -0.00169749372 0.5 p-1 -2942598 1763
1156 17 m2 11909 0.00164544163 0.5 p-1 -119785 34
616 18 m2 12300 -0.0111264419 0.5 p-1 -1249911 412
2 19 m2 13122 -0.00644292729 0.5 p-1 -5922655 1275
745 20 m2 13171 -0.000606830057 0.5 p-1 -9725598 681
724 21 m2 14133 0.0270803925 0.5 p-1 -53251 18
363 22 m2 15802 -0.00131370651 0.5 p-1 -2219441 1380
1445 23 m2 16064 0.00186968711 0.5 p-1 -54035 7
1387 24 m2 16387 1.53019153e-06 0.5 p-1 -1687893 22
1223 27 m2 17961 -0.0445052199 0.5 p-1 -4335 8
3 28 m2 18265 1.51568497e-06 0.5 p-1 -2240818 566
1251 29 m2 18771 -0.00265623326 0.5 p-1 -188821 14
1282 31 m2 20791 0.00454919226 0.5 p-1 -27802 29
492 34 m2 25596 0.0346232839 0.5 p-1 -85543 103
5 36 m2 27127 -0.00716391113 0.5 p-1 -222096 22
493 37 m2 27904 -0.00926055759 0.5 p-1 -599096 81
1071 38 m2 28361 -0.000377499178 0.5 p-1 -81377 79
1558 41 m2 29478 0.000156570299 0.5 p-1 -30140 3
1606 42 m2 29749 -0.00162612204 0.5 p-1 -75032 1
1374 43 m2 29975 0.0140572796 0.5 p-1 -10068 6
854 45 m2 30609 0.018753415 0.5 p-1 -164980 53
1002 46 m2 31179 -0.00919711404 0.5 p-1 -144768 8
6 48 m2 31810 -0.00122337264 0.5 p-1 -2519539 924
7 49 m2 31980 -0.0162561014 0.5 p-1 -13753546 776
1390 51 m2 33368 -0.00386264175 0.5 p-1 -39188 7
8 52 m2 34070 -1.02178674e-05 0.5 p-1 -364290 124
436 54 m2 34661 -0.000937643461 0.5 p-1 -797944 61
1049 55 m2 35304 -0.0182899702 0.5 p-1 -156335 57
576 56 m2 35817 -0.00880211033 0.5 p-1 -217735 101
437 57 m2 40440 0.0206245519 0.5 p-1 -891700 102
1193 60 m2 40739 0.0304421913 0.5 p-1 -11191 21
915 61 m2 41285 0.00348015246 0.5 p-1 -58504 22
542 62 m2 41347 -3.51633389e-06 0.5 p-1 -792265 359
1104 63 m2 42867 0.0111574922 0.5 p-1 -189924 23
746 65 m2 43299 0.00167747249 0.5 p-1 -1541344 215
11 66 m2 43367 -0.000208148587 0.5 p-1 -5615284 1664
793 67 m2 44652 -0.000192218518 0.5 p-1 -23284 43
12 68 m2 45378 -0.0340292491 0.5 p-1 -2217526 175
1402 69 m2 45567 0.00140957558 0.5 p-1 -181512 8
654 70 m2 46887 -0.0207019709 0.5 p-1 -2254982 114
14 71 m2 47716 0.0117692444 0.5 p-1 -3200022 1023
1111 73 m2 49233 0.003841097 0.5 p-1 -62197 49
494 75 m2 49400 0.0215872135 0.5 p-1 -328604 40
998 77 m2 50616 0.0509229377 0.5 p-1 -268167 71
577 79 m2 50851 0.00166807603 0.5 p-1 -356878 107
16 81 m2 50927 -0.0140305394 0.5 p-1 -2364698 339
847 83 m2 51544 0.000538898865 0.5 p-1 -1401814 117
680 84 m2 52010 -0.00286135101 0.5 p-1 -203493 150
1429 85 m2 52034 -0.00805027783 0.5 p-1 -191613 1
17 86 m2 52634 -0.00101769622 0.5 p-1 -3767164 1060
655 87 m2 53090 -0.0158840418 0.5 p-1 -1086308 366
1389 88 m2 53470 -0.00159688736 0.5 p-1 -11550 4
1517 89 m2 53721 0.000225455529 0.5 p-1 -26796 1
20 91 m2 54912 -0.000571599172 0.5 p-1 -3764962 1288
256 92 m2 55235 5.00140004e-06 0.5 p-1 -1809554 617
888 94 m2 55441 0.0047193747 0.5 p-1 -1794436 231
21 95 m2 56591 0.00361801358 0.5 p-1 -4568891 802
364 96 m2 57786 0.00216300087 0.5 p-1 -641556 127
22 97 m2 58079 0.0257319007 0.5 p-1 -6718073 1890
1166 98 m2 58327 -0.000146737366 0.5 p-1 -898024 40
23 99 m2 58421 0.00191817572 0.5 p-1 -1079036 1050
257 101 m2 61538 0.00335320551 0.5 p-1 -1275467 413
1245 102 m2 62132 0.00874195155 0.5 p-1 -41350 3
1076 103 m2 63271 0.0113022132 0.5 p-1 -9449 10
438 104 m2 65043 0.013531778 0.5 p-1 -735433 458
1332 105 m2 66303 0.00371036609 0.5 p-1 -68742 6
1136 106 m2 66377 0.0452763736 0.5 p-1 -18435 66
543 107 m2 66832 0.00829625688 0.5 p-1 -7843318 623
1403 108 m2 67197 0.000657129916 0.5 p-1 -2259 3
258 109 m2 67429 -0.0130495131 0.5 p-1 -1943871 132
1055 111 m2 68414 -0.0270478558 0.5 p-1 -190019 55
24 112 m2 69241 -0.0100260498 0.5 p-1 -1563050 897
1312 113 m2 69883 0.000486778939 0.5 p-1 -259635 10
988 114 m2 70151 0.000143083773 0.5 p-1 -288916 22
617 117 m2 72462 0.0399699435 0.5 p-1 -3655849 346
618 118 m2 72738 0.0213079527 0.5 p-1 -677955 169
1450 119 m2 73523 -0.0263456032 0.5 p-1 -14024 3
365 120 m2 73812 -0.0531654246 0.5 p-1 -316268 232
1004 121 m2 74018 -9.23638945e-05 0.5 p-1 -17784 6
1476 123 m2 74210 -0.000585129193 0.5 p-1 -121092 8
1056 124 m2 74380 -0.000454006338 0.5 p-1 -57660 17
1300 125 m2 74888 -0.00284712994 0.5 p-1 -16877 2
1072 126 m2 74972 0.0764184818 0.5 p-1 -47682 18
25 127 m2 75311 -7.54008806e-06 0.5 p-1 -6010687 1291
749 129 m2 77133 0.00280067185 0.5 p-1 -420627 152
750 130 m2 77821 0.0835088119 0.5 p-1 -810290 218
776 131 m2 79097 0.00346865458 0.5 p-1 -2619994 123
495 132 m2 79717 -0.00524761574 0.5 p-1 -1176717 257
544 133 m2 79848 -0.00110104203 0.5 p-1 -371057 152
1220 134 m2 80629 -0.000920425984 0.5 p-1 -4666 11
259 135 m2 82619 -0.0119569385 0.5 p-1 -947942 656
26 136 m2 83065 0.0273875427 0.5 p-1 -4257876 1351
27 137 m2 83106 1.63441776e-08 0.5 p-1 -1352440 505
496 139 m2 84952 0.000698252174 0.5 p-1 -1061560 678
1507 140 m2 85060 0.00245082006 0.5 p-1 -143262 4
725 141 m2 86513 -0.000242028516 0.5 p-1 -28616 7
580 143 m2 89256 0.0068266145 0.5 p-1 -738224 159
1349 144 m2 91162 0.000690499204 0.5 p-1 -245729 15
28 145 m2 91638 0.00331429392 0.5 p-1 -3303201 605
261 146 m2 91811 7.19329109e-05 0.5 p-1 -1462470 536
794 148 m2 92679 -0.0102795232 0.5 p-1 -69591 78
1039 150 m2 93505 -0.00176346244 0.5 p-1 -71661 56
777 151 m2 94806 0.000335117744 0.5 p-1 -574366 232
795 152 m2 95504 -0.00411660224 0.5 p-1 -214179 98
545 154 m2 96931 0.000598004786 0.5 p-1 -354194 137
656 155 m2 97748 1.77596942e-08 0.5 p-1 -403111 69
619 156 m2 100095 -0.00638435502 0.5 p-1 -1839380 170
546 158 m2 100596 0.000202519514 0.5 p-1 -180595 221
366 159 m2 101914 -2.8090215e-05 0.5 p-1 -181825 97
1015 160 m2 101932 0.0323459804 0.5 p-1 -126255 52
1556 161 m2 102747 -0.0358638167 0.5 p-1 -18170 1
439 162 m2 103529 -7.38194794e-05 0.5 p-1 -1126996 841
1331 163 m2 104334 -1.63447166e-05 0.5 p-1 -2014 4
1599 166 m2 105070 5.83881699e-09 0.5 p-1 -70206 4
547 167 m2 105912 0.000155568603 0.5 p-1 -422092 182
959 168 m2 106336 3.21799348e-07 0.5 p-1 -232660 95
498 169 m2 107474 9.5350937e-05 0.5 p-1 -6104434 1301
796 170 m2 107718 -0.00715225562 0.5 p-1 -144281 102
1167 171 m2 107722 0.00904668868 0.5 p-1 -306245 24
499 174 m2 109211 0.000799949572 0.5 p-1 -4337644 1484
620 175 m2 109848 0.00523608131 0.5 p-1 -50860 15
367 178 m2 111124 0.00499739684 0.5 p-1 -271023 111
1158 179 m2 111459 -0.000399302487 0.5 p-1 -119766 26
32 181 m2 113922 -8.76633567e-05 0.5 p-1 -1305567 782
1079 182 m2 114068 -0.00114477647 0.5 p-1 -135395 15
1617 183 m2 116114 0.00577218644 0.5 p-1 -2282 1
778 185 m2 117071 -0.00849940162 0.5 p-1 -61214 121
621 187 m2 120108 -3.74904334e-06 0.5 p-1 -50273 37
1451 189 m2 120931 0.00152634189 0.5 p-1 -8748 19
1067 190 m2 121826 -0.00538534764 0.5 p-1 -1152 51
1345 192 m2 122493 -0.00420463784 0.5 p-1 -390222 15
979 194 m2 124349 -0.00155711034 0.5 p-1 -7988 32
1221 195 m2 124741 -0.020862516 0.5 p-1 -45581 29
34 196 m2 125104 -0.00791815668 0.5 p-1 -3069845 1213
623 197 m2 125838 -0.010338095 0.5 p-1 -2958143 761
1017 198 m2 126390 0.00139728351 0.5 p-1 -162624 10
899 199 m2 126722 0.00528348517 0.5 p-1 -113868 19
1449 200 m2 127141 -9.29660091e-05 0.5 p-1 -50483 8
657 202 m2 127494 -2.80403789e-09 0.5 p-1 -9477683 1006
1263 203 m2 127652 -0.00111711968 0.5 p-1 -13427 12
440 204 m2 127789 -0.0213384256 0.5 p-1 -3396034 1285
441 205 m2 128898 -0.00138622057 0.5 p-1 -3432486 1066
1372 207 m2 129774 0.0120241437 0.5 p-1 -45788 12
822 208 m2 129868 0.050726518 0.5 p-1 -221609 231
1068 210 m2 130668 0.00283677597 0.5 p-1 -39983 52
1216 211 m2 130819 3.36639278e-05 0.5 p-1 -7321 16
895 212 m2 133459 -0.000659359968 0.5 p-1 -235643 50
779 213 m2 133590 -1.61827541e-06 0.5 p-1 -22956 36
442 214 m2 134152 -0.000490148843 0.5 p-1 -740324 204
443 215 m2 134496 -0.0063597206 0.5 p-1 -30116 52
939 216 m2 134567 0.000459085713 0.5 p-1 -32116 4
849 217 m2 134664 -1.1303315e-06 0.5 p-1 -45231 7
1618 219 m2 136091 -0.0222625379 0.5 p-1 -9132 1
581 221 m2 139096 -0.000695609953 0.5 p-1 -2107475 167
797 223 m2 139398 0.00891896617 0.5 p-1 -1606388 408
1121 224 m2 139842 -0.00288480078 0.5 p-1 -208747 64
1608 225 m2 140145 0.00400826195 0.5 p-1 -23668 2
684 226 m2 141258 -0.00427058665 0.5 p-1 -6465927 423
706 227 m2 141367 -0.0195353534 0.5 p-1 -151269 345
827 229 m2 142480 4.16869419e-08 0.5 p-1 -157731 60
1436 233 m2 145727 -0.00889064558 0.5 p-1 -15729 11
35 236 m2 147412 0.0294863041 0.5 p-1 -5078115 1012
726 238 m2 147680 -1.30881199e-05 0.5 p-1 -23657589 180
369 239 m2 147768 2.45819465e-05 0.5 p-1 -319023 301
727 241 m2 152754 -0.000267705909 0.5 p-1 -2469275 65
707 242 m2 153603 2.35145417e-05 0.5 p-1 -487491 120
828 243 m2 153690 -0.00974354986 0.5 p-1 -621958 308
1370 245 m2 155678 -2.50090899e-08 0.5 p-1 -23080 2
946 246 m2 156652 -0.0147865294 0.5 p-1 -24472 19
916 247 m2 158008 0.00086087489 0.5 p-1 -239959 190
686 249 m2 158456 0.0192933157 0.5 p-1 -777779 604
708 250 m2 158945 2.59485805e-05 0.5 p-1 -838259 190
1609 252 m2 159378 -0.0129851038 0.5 p-1 -21694 1
658 253 m2 159453 0.0156611521 0.5 p-1 -1352525 474
444 254 m2 159687 0.00485150563 0.5 p-1 -333255 157
1007 255 m2 160700 1.04887431e-05 0.5 p-1 -591217 60
900 258 m2 162446 -0.00666784262 0.5 p-1 -150722 90
548 259 m2 162565 0.00138580659 0.5 p-1 -480126 209
549 261 m2 164644 4.93190964e-05 0.5 p-1 -64335 62
811 262 m2 164880 3.58636062e-05 0.5 p-1 -73965 171
1112 263 m2 165317 -4.08836131e-05 0.5 p-1 -567564 11
1321 264 m2 167254 3.80846842e-07 0.5 p-1 -38274 16
812 265 m2 167712 -4.03601225e-05 0.5 p-1 -75409 120
1206 267 m2 168201 6.08879309e-05 0.5 p-1 -36826 12
917 268 m2 168456 -0.0209237356 0.5 p-1 -456662 98
262 269 m2 168690 0.00770270452 0.5 p-1 -8883423 1108
39 272 m2 171052 -0.0169074144 0.5 p-1 -3751082 699
1113 275 m2 171730 -0.000654474308 0.5 p-1 -374328 103
659 280 m2 174766 0.000591184653 0.5 p-1 -7385 10
263 281 m2 177290 -0.0035692614 0.5 p-1 -3761696 1413
550 282 m2 178769 0.0275869463 0.5 p-1 -2004830 483
264 283 m2 178905 -0.000475981913 0.5 p-1 -257987 84
1181 284 m2 179131 5.56877421e-05 0.5 p-1 -19858 10
445 285 m2 179230 0.00238971016 0.5 p-1 -3692881 1113
913 286 m2 180347 0.000343657099 0.5 p-1 -139644 45
624 288 m2 181860 -0.00123021263 0.5 p-1 -812503 281
265 289 m2 182385 0.0016061865 0.5 p-1 -6885871 96
940 290 m2 183624 0.0411626622 0.5 p-1 -16036 22
1622 292 m2 183948 0.0171639435 0.5 p-1 -4364 1
582 295 m2 187031 0.013086549 0.5 p-1 -100327 124
371 297 m2 188071 -1.18635389e-05 0.5 p-1 -466949 69
1232 298 m2 188974 -0.000935507123 0.5 p-1 -66821 20
980 299 m2 189032 0.00120743958 0.5 p-1 -220547 85
687 302 m2 191440 -0.000400000485 0.5 p-1 -3967792 241
941 303 m2 191666 -8.45750546e-05 0.5 p-1 -58487 70
850 304 m2 192930 -0.00459220493 0.5 p-1 -248969 66
372 307 m2 194244 -0.000953322742 0.5 p-1 -6533364 66
780 309 m2 195497 3.7298862e-06 0.5 p-1 -4635470 279
625 310 m2 195642 -0.001329483 0.5 p-1 -252177 31
1421 312 m2 195887 0.000733400055 0.5 p-1 -4440 8
373 313 m2 196292 -0.000314156903 0.5 p-1 -4938698 1089
1315 314 m2 196355 -0.000800090202 0.5 p-1 -89159 25
40 315 m2 196665 -0.00215071253 0.5 p-1 -1918079 950
1437 316 m2 197170 0.148212761 0.5 p-1 -129313 2
500 317 m2 197415 0.000264796603 0.5 p-1 -165811 7
1344 319 m2 199456 0.00205735909 0.5 p-1 -200100 3
374 320 m2 199479 0.0149702942 0.5 p-1 -100391 89
1602 322 m2 201764 0.0270856246 0.5 p-1 -5933 3
947 324 m2 203395 0.000361460698 0.5 p-1 -266252 152
709 325 m2 203682 0.0942112505 0.5 p-1 -25465 46
41 326 m2 204175 0.00198649475 0.5 p-1 -2001950 479
42 330 m2 207335 -1.29123391e-05 0.5 p-1 -869963 102
1279 332 m2 208343 -0.0021908863 0.5 p-1 -3765 5
1296 334 m2 208803 0.00868682005 0.5 p-1 -17423 8
1243 336 m2 209796 -5.1472025e-06 0.5 p-1 -3936045 28
376 337 m2 210861 -0.00126329763 0.5 p-1 -5683105 1160
1244 339 m2 212518 0.00459882477 0.5 p-1 -96683 10
1247 340 m2 213154 0.00011116518 0.5 p-1 -426275 36
889 342 m2 213527 -0.00151674286 0.5 p-1 -38724 6
446 343 m2 213684 0.0118298251 0.5 p-1 -473984 496
1040 344 m2 214074 -0.0218369924 0.5 p-1 -1550939 87
266 345 m2 214486 0.022325974 0.5 p-1 -2759068 733
1368 346 m2 215382 -3.00497732e-06 0.5 p-1 -40172 4
1512 347 m2 215641 0.000460207986 0.5 p-1 -127917 4
1008 349 m2 218009 0.0246069133 0.5 p-1 -8236017 20
855 350 m2 220175 -0.00405646954 0.5 p-1 -146725 40
45 351 m2 220260 4.69403858e-07 0.5 p-1 -4231230 1043
377 352 m2 220655 -0.00162258255 0.5 p-1 -984672 204
378 353 m2 221787 0.00700486964 0.5 p-1 -1471098 561
46 355 m2 222994 -4.18583124e-09 0.5 p-1 -2938610 123
712 358 m2 224349 0.00449809479 0.5 p-1 -2111022 479
447 359 m2 224492 -0.0328591652 0.5 p-1 -487577 408
830 360 m2 225165 -0.0167971645 0.5 p-1 -104167 19
1210 363 m2 226077 0.000304874586 0.5 p-1 -59944 15
267 365 m2 227613 -0.0185699444 0.5 p-1 -3681476 1226
1077 366 m2 228812 0.00723041315 0.5 p-1 -129624 33
1600 367 m2 229199 -0.000274368067 0.5 p-1 -6928 4
901 368 m2 229835 -0.014962188 0.5 p-1 -258546 61
902 370 m2 233807 0.0199413132 0.5 p-1 -1380900 79
502 372 m2 234640 0.0125469724 0.5 p-1 -2174723 685
751 373 m2 234730 -1.72748059e-05 0.5 p-1 -3940 42
583 374 m2 234921 0.0050936006 0.5 p-1 -232135 36
688 375 m2 235065 -0.00530612469 0.5 p-1 -260704 141
49 376 m2 235733 2.45419506e-05 0.5 p-1 -3727051 264
1172 377 m2 235756 3.98143929e-05 0.5 p-1 -38853 40
851 378 m2 236046 0.000445271784 0.5 p-1 -2595486 56
1114 379 m2 236212 0.00455071591 0.5 p-1 -20678 9
584 380 m2 236653 -4.16206731e-08 0.5 p-1 -2926321 981
814 381 m2 237402 -0.0024297249 0.5 p-1 -314142 115
1457 382 m2 237927 9.65991057e-06 0.5 p-1 -36289 9
50 383 m2 238942 0.00171719259 0.5 p-1 -1464688 1747
925 384 m2 239556 0.00869682338 0.5 p-1 -303093 43
1264 385 m2 240538 2.29102243e-05 0.5 p-1 -50732 5
51 386 m2 240992 -8.81668748e-05 0.5 p-1 -1948176 1481
1635 387 m2 241014 0.00655789999 0.5 p-1 -8642 1
1341 388 m2 241643 -1.17200727e-06 0.5 p-1 -180381 11
1246 391 m2 246387 -0.00517838588 0.5 p-1 -34704 21
660 392 m2 247268 -1.47149503e-05 0.5 p-1 -779558 275
269 393 m2 247863 0.0413497351 0.5 p-1 -11319211 1296
53 398 m2 251780 2.15632008e-05 0.5 p-1 -1515397 688
1217 399 m2 252293 0.046597708 0.5 p-1 -88768 73
1509 400 m2 252620 -0.0192625169 0.5 p-1 -1441 1
1439 402 m2 253370 -0.0113809872 0.5 p-1 -79183 6
270 403 m2 253380 4.30997349e-10 0.5 p-1 -273588 161
1041 407 m2 256068 0.000298552593 0.5 p-1 -42663 48
1543 408 m2 256450 9.61224287e-05 0.5 p-1 -180641 5
56 409 m2 257018 -0.000467580918 0.5 p-1 -4015598 1776
57 413 m2 259540 -0.0349135101 0.5 p-1 -2320121 710
1152 414 m2 259734 4.21376795e-10 0.5 p-1 -203659 41
58 415 m2 263764 -0.000851764868 0.5 p-1 -2391793 1198
59 417 m2 264483 0.00110351469 0.5 p-1 -1129575 588
1601 418 m2 265060 0.00122414844 0.5 p-1 -6710 4
60 419 m2 266128 0.000923832471 0.5 p-1 -1547612 688
800 420 m2 266312 -0.00561389094 0.5 p-1 -333974 95
1115 422 m2 266618 0.00205598213 0.5 p-1 -72975 6
448 423 m2 267387 -0.00081680523 0.5 p-1 -2132786 1230
1610 424 m2 267567 -6.62337106e-06 0.5 p-1 -13228 1
1623 425 m2 268278 0.00435668882 0.5 p-1 -8016 2
273 428 m2 269612 -0.0174695831 0.5 p-1 -2237786 554
948 429 m2 269825 1.1713658e-07 0.5 p-1 -308930 32
1280 430 m2 270291 -8.00008129e-05 0.5 p-1 -242430 19
61 431 m2 270332 0.00253960909 0.5 p-1 -5242303 573
1027 433 m2 271233 -0.0265297368 0.5 p-1 -517998 11
274 434 m2 271562 -0.0232342575 0.5 p-1 -303375 198
1128 436 m2 273240 0.000263011869 0.5 p-1 -227946 56
752 440 m2 273816 0.00121343846 0.5 p-1 -178338 158
62 443 m2 274238 -0.000678196142 0.5 p-1 -285653 22
1059 444 m2 274398 0.00392265525 0.5 p-1 -11727 16
949 446 m2 274934 0.000161083735 0.5 p-1 -39001 16
831 447 m2 275678 -1.18162143e-06 0.5 p-1 -19397 1
1028 448 m2 275697 5.89948359e-05 0.5 p-1 -792106 47
661 449 m2 276481 -0.00324521307 0.5 p-1 -459735 52
275 451 m2 278726 -1.11919034e-08 0.5 p-1 -476079 649
950 452 m2 279181 0.00244370219 0.5 p-1 -23382 20
64 453 m2 279973 0.0243646409 0.5 p-1 -5250050 752
65 454 m2 280178 2.18788991e-05 0.5 p-1 -908260 283
1274 455 m2 281327 -0.0136433542 0.5 p-1 -586705 17
66 456 m2 282170 4.97080364e-05 0.5 p-1 -7038201 299
1029 457 m2 282795 -0.0738074481 0.5 p-1 -76346 79
1250 458 m2 283174 -0.00188891287 0.5 p-1 -48093 1
1311 459 m2 283404 -8.9154637e-05 0.5 p-1 -73164 10
1410 460 m2 283535 0.00511828298 0.5 p-1 -10433 4
942 461 m2 283555 -8.46604871e-06 0.5 p-1 -28810 39
67 462 m2 283560 0.00866774097 0.5 p-1 -3944120 1609
1363 463 m2 283932 -0.00468361983 0.5 p-1 -1534 1
68 464 m2 285074 0.0269467141 0.5 p-1 -1661806 1698
69 465 m2 286166 0.000276912353 0.5 p-1 -1203718 1236
379 466 m2 286178 0.0244169813 0.5 p-1 -2656828 618
276 467 m2 286438 0.000105549319 0.5 p-1 -502016 265
277 468 m2 286886 0.000264450879 0.5 p-1 -1558348 1017
1364 470 m2 287153 0.000117569245 0.5 p-1 -29121 4
1624 471 m2 289982 -2.66844154e-06 0.5 p-1 -25420 1
70 472 m2 291093 -6.83760591e-05 0.5 p-1 -268474 180
278 473 m2 291210 0.0251969676 0.5 p-1 -570114 143
627 475 m2 291928 0.00337253883 0.5 p-1 -2865242 1066
628 476 m2 293439 0.0220798273 0.5 p-1 -27159 21
629 477 m2 293671 0.00142545695 0.5 p-1 -2671041 268
380 478 m2 294103 -0.00379997282 0.5 p-1 -885373 1022
1350 479 m2 294612 -0.000424362574 0.5 p-1 -111656 10
72 480 m2 295381 -0.0013291717 0.5 p-1 -8158799 973
1238 481 m2 296081 -0.0260229371 0.5 p-1 -655452 24
73 482 m2 296131 -0.000410333218 0.5 p-1 -449527 157
1447 483 m2 298154 0.020191649 0.5 p-1 -5504 14
381 484 m2 298403 -0.00388820912 0.5 p-1 -1164633 640
280 485 m2 299495 6.22042062e-05 0.5 p-1 -7929957 1369
1595 487 m2 303587 0.00319439895 0.5 p-1 -53609 6
1361 488 m2 304050 3.19013707e-05 0.5 p-1 -6905 1
832 489 m2 304157 0.00265394803 0.5 p-1 -96084 19
1148 491 m2 304451 0.000884508074 0.5 p-1 -399365 23
713 492 m2 305236 -0.00620500371 0.5 p-1 -815366 106
825 493 m2 305572 2.73431106e-05 0.5 p-1 -1504817 176
281 495 m2 308515 -0.00551423477 0.5 p-1 -663246 522
74 496 m2 309144 0.000367408647 0.5 p-1 -1870187 281
1224 497 m2 310705 -0.0148780541 0.5 p-1 -188170 19
76 500 m2 313230 -5.70325369e-08 0.5 p-1 -2855054 718
1365 501 m2 315578 1.63051403e-08 0.5 p-1 -30044 1
77 502 m2 315633 -0.0333037972 0.5 p-1 -4972833 1262
78 503 m2 315746 0.000415603165 0.5 p-1 -10193044 1831
450 504 m2 316335 -0.0109645734 0.5 p-1 -718103 395
1473 506 m2 317930 0.0328036584 0.5 p-1 -133989 7
1549 507 m2 318621 7.31797218e-06 0.5 p-1 -5268 5
504 512 m2 321823 0.0562411509 0.5 p-1 -215192 61
1195 513 m2 322814 0.00193348539 0.5 p-1 -12628 5
852 514 m2 322996 -1.26390532e-05 0.5 p-1 -350302 205
731 516 m2 324384 0.00835235696 0.5 p-1 -760687 448
383 517 m2 324545 -0.000112227266 0.5 p-1 -90571 31
782 518 m2 324768 -0.0106506106 0.5 p-1 -499029 179
853 519 m2 325491 0.00213884679 0.5 p-1 -870436 117
585 521 m2 325842 -0.000894662284 0.5 p-1 -42307 77
283 522 m2 326479 0.00275836559 0.5 p-1 -605045 42
833 524 m2 327624 0.00100737519 0.5 p-1 -3443705 461
1417 525 m2 328949 0.000758670154 0.5 p-1 -3144 4
714 527 m2 329425 0.00143132289 0.5 p-1 -81561 78
1399 528 m2 330459 0.0897365138 0.5 p-1 -3144 7
951 531 m2 330810 -0.00452784216 0.5 p-1 -1803024 407
783 532 m2 331023 -5.25161013e-05 0.5 p-1 -7852053 158
784 533 m2 331065 -0.000100562975 0.5 p-1 -2824646 158
1149 534 m2 332473 -0.0125040347 0.5 p-1 -132404 74
753 536 m2 332974 6.54175674e-05 0.5 p-1 -1789644 180
1018 538 m2 334182 -0.0445001312 0.5 p-1 -218601 41
82 540 m2 336154 0.000476907386 0.5 p-1 -5874528 876
1594 543 m2 338039 -0.000850807584 0.5 p-1 -3206 2
754 544 m2 340730 -0.0181585737 0.5 p-1 -119957 93
385 545 m2 341140 3.94387826e-05 0.5 p-1 -5517663 55
801 547 m2 341485 -0.0017161771 0.5 p-1 -467741 140
505 548 m2 341709 5.21338848e-07 0.5 p-1 -1039278 169
1019 549 m2 341740 -3.44826149e-05 0.5 p-1 -47193 3
1385 550 m2 341792 -2.75537241e-05 0.5 p-1 -66983 22
1343 551 m2 342389 8.5640313e-05 0.5 p-1 -6599 12
451 553 m2 342529 0.00634970283 0.5 p-1 -3884 31
1335 555 m2 343001 -0.00148638908 0.5 p-1 -149717 4
1316 556 m2 343491 -0.0119794002 0.5 p-1 -24762 4
715 557 m2 343825 -0.000680726778 0.5 p-1 -326361 176
83 558 m2 343969 0.00213325769 0.5 p-1 -4791230 1789
84 560 m2 344868 0.000350124523 0.5 p-1 -2207914 1777
1386 561 m2 345622 -0.0478222929 0.5 p-1 -46796 6
1294 565 m2 347036 -0.0544709377 0.5 p-1 -2518 4
85 566 m2 347539 0.0221350715 0.5 p-1 -2788335 505
86 567 m2 347670 3.98228758e-06 0.5 p-1 -4922340 1736
587 568 m2 347974 0.000211556442 0.5 p-1 -498106 48
87 569 m2 348118 -0.00311766495 0.5 p-1 -1248560 608
284 570 m2 349026 1.5921033e-07 0.5 p-1 -13563206 1167
1504 572 m2 349142 -0.000370029476 0.5 p-1 -106557 5
1328 573 m2 349167 -0.00168550806 0.5 p-1 -66280 31
88 574 m2 349678 -0.0137398904 0.5 p-1 -1096825 996
285 575 m2 350978 0.0422833934 0.5 p-1 -3284033 479
690 576 m2 351621 0.00604339503 0.5 p-1 -525252 106
732 577 m2 352193 0.000401528698 0.5 p-1 -2425667 419
588 578 m2 352826 -6.72672613e-05 0.5 p-1 -185606 26
816 580 m2 353880 0.0236744341 0.5 p-1 -1032504 93
733 583 m2 356101 -0.00684725307 0.5 p-1 -86136 59
387 585 m2 358604 -0.0110089872 0.5 p-1 -1002792 614
1009 588 m2 359061 -0.00472944789 0.5 p-1 -382278 14
663 589 m2 359903 -0.000995903625 0.5 p-1 -3056068 433
1098 590 m2 359943 0.0318426415 0.5 p-1 -67402 13
1010 592 m2 360627 0.0131707434 0.5 p-1 -1076764 51
388 593 m2 361677 9.29566379e-09 0.5 p-1 -2637637 458
1572 594 m2 362407 4.09055028e-05 0.5 p-1 -76407 1
1306 596 m2 362877 -0.00942498911 0.5 p-1 -38690 8
734 597 m2 364457 1.18040555e-06 0.5 p-1 -263318 176
286 598 m2 366075 9.40117534e-05 0.5 p-1 -1765956 1154
91 599 m2 366190 2.55289183e-06 0.5 p-1 -11010056 1294
961 600 m2 366597 0.00028916329 0.5 p-1 -210614 43
287 601 m2 370028 -0.0825004429 0.5 p-1 -872065 476
93 603 m2 371232 7.09869028e-06 0.5 p-1 -5617147 1160
94 604 m2 371268 -0.0126659423 0.5 p-1 -1906937 1703
1031 605 m2 371314 9.58111268e-05 0.5 p-1 -76606 14
589 606 m2 371320 -0.000158094772 0.5 p-1 -172518 108
95 607 m2 371382 -0.0140896291 0.5 p-1 -1806168 1723
389 608 m2 372131 0.0379663929 0.5 p-1 -2145119 849
716 609 m2 373087 -0.000135330949 0.5 p-1 -121627 62
97 612 m2 375379 0.00396992685 0.5 p-1 -2793964 1505
390 613 m2 376293 0.000637641002 0.5 p-1 -4726843 639
288 614 m2 376437 -0.00649264455 0.5 p-1 -1128340 46
289 615 m2 377150 -0.00174444611 0.5 p-1 -4911688 223
1563 616 m2 377798 -0.000371633127 0.5 p-1 -1270 1
1215 617 m2 378479 1.97049594e-05 0.5 p-1 -52677 35
506 618 m2 378860 -0.00779057434 0.5 p-1 -3158816 325
1032 621 m2 383546 -0.00979010295 0.5 p-1 -185185 28
919 622 m2 384031 -0.00321118208 0.5 p-1 -71880 10
98 623 m2 385712 -0.00534743024 0.5 p-1 -323332 247
802 626 m2 386345 0.00102663634 0.5 p-1 -209267 42
691 627 m2 386844 0.0379932597 0.5 p-1 -256255 163
553 630 m2 388504 -0.000561635417 0.5 p-1 -2554207 645
1091 631 m2 388602 -0.0352840498 0.5 p-1 -284639 83
1179 632 m2 388810 -0.00254651206 0.5 p-1 -776513 100
99 633 m2 388830 0.000174714543 0.5 p-1 -3238246 1900
1060 634 m2 388936 2.93136821e-08 0.5 p-1 -471635 192
785 635 m2 388979 0.00319385412 0.5 p-1 -3840668 282
1184 637 m2 391151 0.00443881284 0.5 p-1 -554273 17
1239 638 m2 391552 0.00136869634 0.5 p-1 -7489 7
391 639 m2 391985 3.42076987e-06 0.5 p-1 -249058 198
943 642 m2 393156 0.000409377157 0.5 p-1 -1242530 276
903 643 m2 393519 -0.00479312288 0.5 p-1 -67949 68
1348 645 m2 393955 -0.00843663514 0.5 p-1 -325024 10
1011 646 m2 394291 0.0445679128 0.5 p-1 -38579 58
392 647 m2 394415 0.00972515065 0.5 p-1 -71285 19
665 648 m2 394419 -0.00464055547 0.5 p-1 -294819 60
100 649 m2 394462 -3.2245418e-05 0.5 p-1 -2913952 1929
1259 653 m2 396336 0.00447338028 0.5 p-1 -18974 3
452 655 m2 398011 0.00443728315 0.5 p-1 -791585 444
1050 656 m2 398832 -0.00073331286 0.5 p-1 -141717 28
1559 657 m2 400026 0.0001644734 0.5 p-1 -6085 7
102 658 m2 400293 -0.016232606 0.5 p-1 -2720708 684
103 659 m2 400822 -0.00947704352 0.5 p-1 -2439636 1473
1630 660 m2 401144 -0.0016201681 0.5 p-1 -147441 2
856 661 m2 401808 -0.0202516634 0.5 p-1 -459893 181
755 662 m2 401838 0.0317017548 0.5 p-1 -93733 72
1492 663 m2 402322 -0.00070676388 0.5 p-1 -77910 8
786 664 m2 402492 0.00259909942 0.5 p-1 -198136 108
509 665 m2 402979 0.0428363718 0.5 p-1 -56180 28
1213 666 m2 403681 0.0621336699 0.5 p-1 -20098 4
1137 667 m2 404419 0.00710120006 0.5 p-1 -17846 17
554 668 m2 405116 0.00674418267 0.5 p-1 -1226152 433
393 669 m2 407558 4.15898533e-08 0.5 p-1 -2983839 209
394 670 m2 408068 -0.00106726296 0.5 p-1 -757658 209
453 672 m2 409957 1.10024193e-05 0.5 p-1 -154621 206
693 673 m2 410151 0.00348485564 0.5 p-1 -160052 126
510 675 m2 411663 0.00383911864 0.5 p-1 -1769881 223
904 677 m2 411956 0.0337261111 0.5 p-1 -20060 60
1515 678 m2 411975 5.211038e-07 0.5 p-1 -18275 3
590 679 m2 412346 -0.00656546839 0.5 p-1 -953803 510
591 680 m2 412884 0.0144607676 0.5 p-1 -2492931 382
1180 682 m2 416416 -0.00600452814 0.5 p-1 -90191 94
824 685 m2 418138 0.000244894356 0.5 p-1 -2915885 361
1567 686 m2 418345 0.0322666094 0.5 p-1 -59233 1
1289 687 m2 418415 -0.0412291363 0.5 p-1 -17688 5
592 688 m2 418719 0.00220868411 0.5 p-1 -416738 10
1452 689 m2 419441 -3.11453477e-05 0.5 p-1 -7036 7
1371 691 m2 419909 0.00445069233 0.5 p-1 -384862 21
927 694 m2 422170 0.00662870053 0.5 p-1 -254183 127
928 695 m2 422213 -0.000138938747 0.5 p-1 -200781 127
106 697 m2 425342 -5.61349689e-10 0.5 p-1 -2030549 1009
1272 700 m2 426738 6.94713509e-10 0.5 p-1 -329848 45
555 701 m2 427561 0.00943131745 0.5 p-1 -396729 167
593 702 m2 429089 -0.000329104252 0.5 p-1 -37391 24
556 703 m2 430143 -4.03253762e-05 0.5 p-1 -530975 123
395 705 m2 431594 -0.00950044207 0.5 p-1 -4942784 357
396 706 m2 431642 -0.00941618532 0.5 p-1 -448346 238
511 709 m2 432995 0.000701524899 0.5 p-1 -2309077 423
633 710 m2 433833 -0.0222565141 0.5 p-1 -230477 71
634 712 m2 435634 0.000820369809 0.5 p-1 -2219183 303
1470 714 m2 436661 2.58230193e-06 0.5 p-1 -15508 7
397 716 m2 436811 0.0286619347 0.5 p-1 -273402 191
835 717 m2 439088 0.0203610957 0.5 p-1 -528549 239
107 718 m2 439503 0.000581865606 0.5 p-1 -3279753 1431
108 719 m2 439511 1.0696358e-05 0.5 p-1 -6890165 1431
109 720 m2 439684 0.00449581072 0.5 p-1 -3425700 1203
1565 721 m2 440066 -4.36879054e-05 0.5 p-1 -46262 3
1105 722 m2 440557 -0.00379474461 0.5 p-1 -49076 65
694 723 m2 440901 0.0103981076 0.5 p-1 -266491 167
1629 724 m2 440934 -0.00217552041 0.5 p-1 -22939 1
787 725 m2 441081 -0.0141561711 0.5 p-1 -664522 70
110 726 m2 443595 -0.0117586153 0.5 p-1 -8133789 1474
1196 727 m2 445132 -0.00963906571 0.5 p-1 -157477 18
292 728 m2 445772 -0.00103195081 0.5 p-1 -12310 23
111 729 m2 446633 -0.00298445835 0.5 p-1 -2275422 1037
399 733 m2 448232 -4.43197314e-05 0.5 p-1 -2216447 625
1586 734 m2 448767 -0.00500080781 0.5 p-1 -98443 5
454 735 m2 449257 3.28288188e-05 0.5 p-1 -1770370 420
513 736 m2 449754 -2.44031799e-05 0.5 p-1 -18647 7
557 737 m2 450604 0.0106703434 0.5 p-1 -113157 82
112 739 m2 451365 -7.63517892e-05 0.5 p-1 -2571743 823
1493 742 m2 452101 0.0027403445 0.5 p-1 -12098 9
906 743 m2 452237 0.00805722829 0.5 p-1 -2091404 133
400 745 m2 453966 -5.96554564e-05 0.5 p-1 -804549 207
1497 746 m2 454015 3.21227089e-05 0.5 p-1 -206580 10
836 747 m2 454077 -2.30964069e-05 0.5 p-1 -482691 127
1603 750 m2 456534 -0.0097399205 0.5 p-1 -95042 3
294 751 m2 457202 2.05348588e-05 0.5 p-1 -10152808 1706
113 752 m2 457364 -0.000516263186 0.5 p-1 -6648050 295
1333 753 m2 457679 -0.000710198947 0.5 p-1 -147571 13
756 758 m2 459418 -0.000536961074 0.5 p-1 -2589 52
1480 759 m2 460056 -3.03729612e-05 0.5 p-1 -34699 2
114 761 m2 460559 0.022574313 0.5 p-1 -680930 224
1369 762 m2 461998 0.0311171375 0.5 p-1 -238558 9
115 763 m2 463393 0.0217978992 0.5 p-1 -2563915 815
1466 764 m2 463808 -0.000159813935 0.5 p-1 -70786 6
1214 767 m2 465940 -0.0227703322 0.5 p-1 -31706 15
963 769 m2 467051 -0.0293129813 0.5 p-1 -143750 72
1505 770 m2 469166 0.000655061333 0.5 p-1 -67648 4
1375 772 m2 469671 0.0302062556 0.5 p-1 -31467 9
1194 773 m2 469797 -0.00599506963 0.5 p-1 -64027 15
1051 774 m2 470035 0.101025641 0.5 p-1 -366832 85
837 775 m2 470770 -0.00830064993 0.5 p-1 -318795 205
1096 776 m2 476155 -0.000691028894 0.5 p-1 -171597 82
117 778 m2 478335 -0.00452916184 0.5 p-1 -3369605 1531
1448 779 m2 478626 -0.000177996029 0.5 p-1 -10315 7
1258 781 m2 480255 -0.0122554246 0.5 p-1 -16299 13
921 783 m2 482485 -0.00718557835 0.5 p-1 -190178 128
718 784 m2 482876 0.0069987704 0.5 p-1 -596385 197
119 786 m2 483585 0.0100450637 0.5 p-1 -2228082 1686
635 787 m2 483660 -7.17242292e-05 0.5 p-1 -452094 211
1138 788 m2 484020 0.000178835704 0.5 p-1 -32198 12
1491 789 m2 484549 1.68855433e-06 0.5 p-1 -81530 9
636 790 m2 484737 -7.30706379e-05 0.5 p-1 -882609 471
696 791 m2 485248 6.98676013e-05 0.5 p-1 -294325 125
952 793 m2 485936 0.00154962821 0.5 p-1 -234882 50
953 794 m2 486493 -2.05078668e-05 0.5 p-1 -244052 46
402 795 m2 486620 -0.0229568798 0.5 p-1 -541485 183
954 797 m2 486714 0.000412394438 0.5 p-1 -361323 210
514 800 m2 488087 0.0303961933 0.5 p-1 -2312179 1197
981 803 m2 488918 -5.49934384e-06 0.5 p-1 -317070 110
121 804 m2 490334 -0.052490104 0.5 p-1 -1676231 1418
403 805 m2 491117 -0.014751981 0.5 p-1 -2199857 830
697 806 m2 491162 5.28124328e-05 0.5 p-1 -354713 174
757 808 m2 491561 0.0114807906 0.5 p-1 -604979 67
1516 811 m2 492469 0.0393912047 0.5 p-1 -120746 3
982 812 m2 492522 0.0207342599 0.5 p-1 -52651 65
122 813 m2 492659 3.47489348e-09 0.5 p-1 -9949221 1649
1062 814 m2 493849 5.25562973e-05 0.5 p-1 -162154 49
1169 815 m2 494527 9.75974544e-05 0.5 p-1 -129893 48
1092 816 m2 495459 -0.00222628727 0.5 p-1 -127755 30
404 818 m2 499014 0.00125041674 0.5 p-1 -8565206 440
929 819 m2 499178 0.0286524948 0.5 p-1 -311833 303
123 820 m2 500526 0.00673968066 0.5 p-1 -960593 606
124 821 m2 500828 0.000878756575 0.5 p-1 -784354 291
125 822 m2 500921 -0.00475225458 0.5 p-1 -492450 117
735 823 m2 502070 2.59268404e-06 0.5 p-1 -5624179 254
736 824 m2 502070 0.00793340057 0.5 p-1 -3781192 254
737 825 m2 502079 -0.0144963562 0.5 p-1 -4870702 254
295 828 m2 503007 3.16625574e-07 0.5 p-1 -213760 83
1536 830 m2 504503 -0.00689888187 0.5 p-1 -135592 5
455 831 m2 504532 0.00670993933 0.5 p-1 -46223 25
456 832 m2 504703 0.00198438275 0.5 p-1 -475854 390
758 834 m2 504982 -1.4956322e-07 0.5 p-1 -3332693 497
1409 835 m2 505345 0.0138018429 0.5 p-1 -67887 14
405 836 m2 506457 -0.000666649081 0.5 p-1 -13166114 753
126 837 m2 506503 0.00226621353 0.5 p-1 -2675371 1287
127 838 m2 506531 0.00186237588 0.5 p-1 -1871687 1414
1042 840 m2 507850 -0.010458976 0.5 p-1 -165022 32
1526 843 m2 509643 6.9150019e-06 0.5 p-1 -20277 3
817 844 m2 510430 0.00018694943 0.5 p-1 -208411 25
558 846 m2 513396 -9.52866159e-08 0.5 p-1 -888079 152
991 847 m2 513791 -0.0868337303 0.5 p-1 -406220 181
1412 848 m2 515147 0.00100959395 0.5 p-1 -287817 15
129 849 m2 515916 -0.000216656685 0.5 p-1 -2832586 1685
1052 850 m2 516191 1.7800071e-06 0.5 p-1 -1197645 74
992 852 m2 516830 0.00221803156 0.5 p-1 -7641 6
457 853 m2 517874 -0.00104066578 0.5 p-1 -76499 29
1546 854 m2 518128 -0.00017549003 0.5 p-1 -13723 1
130 855 m2 518973 0.00137141114 0.5 p-1 -386090 55
1207 856 m2 519444 -8.66501887e-06 0.5 p-1 -13250 13
296 857 m2 520091 -0.0176717378 0.5 p-1 -638742 1073
559 858 m2 521119 0.00138920941 0.5 p-1 -676830 229
839 860 m2 522381 -0.00172286609 0.5 p-1 -13247 20
1413 862 m2 523309 -0.00492913555 0.5 p-1 -1420 10
1520 863 m2 525434 0.00290139252 0.5 p-1 -4335 3
870 864 m2 525831 -0.00119005982 0.5 p-1 -626927 120
1285 865 m2 525859 -0.00118571369 0.5 p-1 -28254 4
840 866 m2 527247 -0.0155391116 0.5 p-1 -264504 186
983 868 m2 528944 -0.00228761672 0.5 p-1 -864319 208
930 869 m2 529798 2.49763474e-07 0.5 p-1 -460727 146
516 870 m2 530345 -0.0153298927 0.5 p-1 -1315809 256
132 871 m2 532024 9.32310504e-05 0.5 p-1 -1563708 891
133 872 m2 532319 0.00694918353 0.5 p-1 -1179017 151
818 874 m2 535359 5.12300576e-05 0.5 p-1 -83049 37
134 875 m2 535986 -0.00023437952 0.5 p-1 -260484 220
667 876 m2 536538 -2.83248792e-05 0.5 p-1 -2405815 534
668 877 m2 536988 -0.0348183848 0.5 p-1 -427599 80
135 879 m2 538179 0.0396692716 0.5 p-1 -4959262 930
969 880 m2 540577 -0.0362292305 0.5 p-1 -1690 16
1354 881 m2 541107 -1.47825085e-06 0.5 p-1 -44040 4
803 882 m2 541959 0.000484311837 0.5 p-1 -357438 232
804 883 m2 542804 -0.000154947833 0.5 p-1 -280262 96
406 884 m2 544010 0.000476123067 0.5 p-1 -1005168 108
1411 886 m2 544787 0.0339551605 0.5 p-1 -27317 5
1188 887 m2 546158 0.00324828713 0.5 p-1 -79829 11
137 888 m2 546269 0.000169942417 0.5 p-1 -8907626 1177
1560 889 m2 547003 2.0808759e-06 0.5 p-1 -26718 4
298 890 m2 547198 -1.48447243e-05 0.5 p-1 -1343821 544
738 891 m2 548910 -0.000694315182 0.5 p-1 -1491919 197
1078 894 m2 549823 -0.000483153068 0.5 p-1 -1220376 28
458 895 m2 550653 -0.00672341045 0.5 p-1 -952299 711
299 896 m2 550910 0.000927664281 0.5 p-1 -3808776 384
789 897 m2 552326 0.0116875041 0.5 p-1 -13589 5
1573 898 m2 553006 0.00244825077 0.5 p-1 -482 3
139 899 m2 553641 -5.47648051e-05 0.5 p-1 -4144 4
140 902 m2 554801 0.0216981601 0.5 p-1 -2071123 1986
407 904 m2 556563 -0.0048571066 0.5 p-1 -10750491 783
1083 905 m2 558107 -0.0102359764 0.5 p-1 -88451 33
301 908 m2 560008 -2.86250797e-05 0.5 p-1 -2838782 68
1292 911 m2 561703 0.00110060954 0.5 p-1 -8315 9
142 912 m2 561919 -0.00692864461 0.5 p-1 -3749149 1125
408 914 m2 563151 0.00605628593 0.5 p-1 -6800162 700
302 915 m2 564008 -0.0291553531 0.5 p-1 -3124582 968
1254 916 m2 564882 0.00502240844 0.5 p-1 -81470 22
143 917 m2 565361 1.38627356e-05 0.5 p-1 -2413264 870
1582 918 m2 566276 0.00256650941 0.5 p-1 -33997 1
409 920 m2 566909 0.00547205936 0.5 p-1 -3909002 161
144 922 m2 569820 -0.0329371095 0.5 p-1 -1122779 694
955 923 m2 570061 0.00224451115 0.5 p-1 -600229 63
858 924 m2 571113 2.91616871e-05 0.5 p-1 -66620 37
459 925 m2 574239 -0.0066400608 0.5 p-1 -1898871 525
410 926 m2 575521 -0.000400932797 0.5 p-1 -125851 51
145 927 m2 576207 0.00051883416 0.5 p-1 -5042931 1830
146 928 m2 576376 -0.000130719956 0.5 p-1 -1627514 900
1400 930 m2 577777 0.000403105078 0.5 p-1 -11426 7
595 932 m2 581329 0.000613760843 0.5 p-1 -554340 406
303 933 m2 581430 0.0037491105 0.5 p-1 -1786192 659
304 934 m2 581758 -0.0156337339 0.5 p-1 -2145830 454
147 935 m2 581982 -0.00331807882 0.5 p-1 -6292728 1830
897 937 m2 584364 0.0743476376 0.5 p-1 -7765 29
1545 938 m2 584906 -5.86012766e-06 0.5 p-1 -18275 4
149 939 m2 584966 -0.00421395572 0.5 p-1 -7147744 1307
150 942 m2 585332 -0.0394200161 0.5 p-1 -1614759 1350
596 945 m2 587430 0.00403555157 0.5 p-1 -2848594 484
1346 946 m2 587599 0.00032689498 0.5 p-1 -3901 11
151 948 m2 587874 0.0109828115 0.5 p-1 -1757406 764
740 950 m2 589809 -0.00446718931 0.5 p-1 -926121 73
741 951 m2 590004 -0.00760269212 0.5 p-1 -233096 49
411 952 m2 590089 -0.00253753667 0.5 p-1 -302663 110
1347 953 m2 590091 3.05041085e-05 0.5 p-1 -4553218 32
1460 954 m2 590577 0.0114563322 0.5 p-1 -277714 10
956 955 m2 591314 0.00701264152 0.5 p-1 -4556 34
305 957 m2 591895 -0.00457678037 0.5 p-1 -882293 213
152 958 m2 592019 -2.541916e-05 0.5 p-1 -1052843 290
1474 959 m2 592248 -0.000299652689 0.5 p-1 -113327 3
306 960 m2 592660 -2.23373036e-06 0.5 p-1 -2850584 880
307 961 m2 593044 0.00268213521 0.5 p-1 -2578968 1274
819 962 m2 593534 3.55105039e-05 0.5 p-1 -159351 73
984 963 m2 594016 -0.000324570137 0.5 p-1 -42025 26
412 967 m2 597534 0.00230729929 0.5 p-1 -187980 31
670 968 m2 597615 0.0390858315 0.5 p-1 -392866 10
153 969 m2 597874 -0.000884174369 0.5 p-1 -2988747 1893
308 970 m2 599815 0.00161412929 0.5 p-1 -1148953 505
922 972 m2 603017 0.000932934869 0.5 p-1 -1047244 75
154 973 m2 603716 -0.000286625553 0.5 p-1 -9511998 593
994 974 m2 604118 -8.98231592e-05 0.5 p-1 -5291 7
155 977 m2 606142 0.00396836177 0.5 p-1 -1409836 72
1265 978 m2 606513 -0.0103387646 0.5 p-1 -29019 9
1084 979 m2 607574 -0.0405755304 0.5 p-1 -8021348 21
597 982 m2 608194 -8.25391098e-08 0.5 p-1 -1667893 250
1240 983 m2 608396 0.00947650895 0.5 p-1 -60768 25
413 984 m2 609174 -0.00470727636 0.5 p-1 -428914 450
1153 985 m2 611970 0.0240953024 0.5 p-1 -35818 36
156 988 m2 618602 -0.00198519952 0.5 p-1 -1966070 220
157 990 m2 618870 0.0204521883 0.5 p-1 -4213223 467
1307 991 m2 621280 -0.00558625115 0.5 p-1 -33343 5
310 995 m2 623326 -1.29283162e-05 0.5 p-1 -858993 709
1318 997 m2 623945 -1.01154756e-05 0.5 p-1 -3740 6
562 998 m2 624616 1.25956403e-05 0.5 p-1 -45982 21
159 999 m2 624708 -2.38872303e-06 0.5 p-1 -1081486 882
1329 1000 m2 626607 0.000337898993 0.5 p-1 -128915 33
517 1001 m2 626833 0.0282177757 0.5 p-1 -417655 147
414 1002 m2 626926 0.0152559411 0.5 p-1 -561085 429
1074 1004 m2 628859 -0.00224804762 0.5 p-1 -91294 21
312 1005 m2 628879 -0.000677708129 0.5 p-1 -6543889 1513
1295 1006 m2 628933 0.0144386711 0.5 p-1 -634720 27
760 1007 m2 630562 0.00506584439 0.5 p-1 -303908 136
637 1008 m2 630643 -0.000624348701 0.5 p-1 -661516 151
1401 1009 m2 630738 5.95915708e-07 0.5 p-1 -90397 7
671 1011 m2 631661 -0.00332720042 0.5 p-1 -660518 376
518 1013 m2 632972 2.41583275e-05 0.5 p-1 -2521627 510
1495 1014 m2 633414 -0.0219210032 0.5 p-1 -147069 7
520 1016 m2 635037 -0.0412623398 0.5 p-1 -4128428 792
698 1018 m2 637127 0.0396305919 0.5 p-1 -553228 30
161 1023 m2 641326 0.0820606127 0.5 p-1 -7819812 993
672 1025 m2 642211 0.0166397523 0.5 p-1 -321327 156
986 1026 m2 642213 -0.0017103923 0.5 p-1 -164370 71
313 1027 m2 642529 -0.00658154069 0.5 p-1 -15443296 1482
1502 1029 m2 644829 -0.00105434016 0.5 p-1 -147157 3
1423 1030 m2 645765 -0.00182572391 0.5 p-1 -3129 4
1362 1034 m2 647295 0.000146491788 0.5 p-1 -138227 3
1302 1036 m2 649058 -0.00322452304 0.5 p-1 -806516 18
162 1037 m2 649210 -0.00524621457 0.5 p-1 -1040081 614
163 1038 m2 649534 0.00957126264 0.5 p-1 -924219 452
1197 1040 m2 650753 4.74869994e-05 0.5 p-1 -261672 30
461 1041 m2 650949 5.20918038e-05 0.5 p-1 -743458 261
565 1044 m2 653339 0.00365455518 0.5 p-1 -4163 18
872 1045 m2 655048 0.0457079001 0.5 p-1 -75080 55
761 1046 m2 655832 0.00485490076 0.5 p-1 -1409364 115
1081 1047 m2 659069 0.0273611546 0.5 p-1 -16783 26
1585 1048 m2 659948 -0.000362132851 0.5 p-1 -15115 4
1326 1049 m2 660386 -9.2453156e-05 0.5 p-1 -21018 26
1533 1050 m2 660617 -0.00464726705 0.5 p-1 -57819 2
1478 1051 m2 660727 -0.0138393724 0.5 p-1 -101447 4
820 1052 m2 661135 0.00589171145 0.5 p-1 -225987 289
971 1053 m2 661161 -0.0280728582 0.5 p-1 -1120369 90
638 1054 m2 661181 -0.00189714693 0.5 p-1 -490987 175
1541 1058 m2 662657 1.93908068e-06 0.5 p-1 -1257 3
166 1060 m2 664160 -0.0198174343 0.5 p-1 -2139695 1827
598 1062 m2 667256 0.0344788767 0.5 p-1 -486399 145
168 1063 m2 667322 -0.0328263193 0.5 p-1 -9517436 1252
599 1065 m2 668000 -0.0413710773 0.5 p-1 -1603798 68
1126 1066 m2 668781 -1.12461225e-06 0.5 p-1 -180360 78
1339 1067 m2 669703 9.46067757e-06 0.5 p-1 -12515 9
1455 1068 m2 670440 0.003232294 0.5 p-1 -27833 13
909 1069 m2 670534 0.0015640381 0.5 p-1 -531914 132
1613 1070 m2 671026 0.040601071 0.5 p-1 -681536 1
169 1071 m2 671559 -1.02826334e-05 0.5 p-1 -3559335 998
673 1073 m2 674581 -0.0298855659 0.5 p-1 -69963 94
1044 1074 m2 674859 -2.05085146e-12 0.5 p-1 -9290166 103
1150 1076 m2 677290 -4.61794953e-05 0.5 p-1 -20118 19
1252 1077 m2 678196 -0.0594706312 0.5 p-1 -7764 25
762 1078 m2 679525 -0.000527440745 0.5 p-1 -590265 269
1045 1079 m2 682610 -0.0214666985 0.5 p-1 -741941 112
923 1080 m2 683564 0.012145428 0.5 p-1 -118979 10
1286 1081 m2 684279 -2.04829036e-07 0.5 p-1 -10239 9
1046 1082 m2 685511 0.000467831851 0.5 p-1 -316505 83
416 1083 m2 685590 -0.00388339791 0.5 p-1 -207504 119
566 1084 m2 686439 -0.0075585926 0.5 p-1 -4989081 689
1261 1085 m2 686481 -7.74050568e-05 0.5 p-1 -58658 2
600 1086 m2 688236 -0.00322976639 0.5 p-1 -434465 134
1033 1087 m2 688629 0.0227854419 0.5 p-1 -356159 34
417 1088 m2 688650 0.00405188324 0.5 p-1 -1949595 979
1154 1089 m2 688806 -0.00121766177 0.5 p-1 -138394 72
1020 1090 m2 689056 2.82287001e-05 0.5 p-1 -3179 12
674 1092 m2 691132 0.00302461348 0.5 p-1 -6020450 215
1308 1093 m2 692453 0.0136570968 0.5 p-1 -1966032 27
316 1094 m2 692502 0.000597996695 0.5 p-1 -722321 637
1366 1096 m2 693157 0.000382283033 0.5 p-1 -107620 21
601 1098 m2 695351 0.000159801333 0.5 p-1 -379913 306
171 1099 m2 695775 -0.00206966046 0.5 p-1 -5066462 291
1435 1101 m2 695977 0.00430186745 0.5 p-1 -23102 4
602 1102 m2 696574 0.00253730942 0.5 p-1 -340294 436
1034 1103 m2 697576 9.71092886e-05 0.5 p-1 -20895 17
1129 1104 m2 698193 0.00965910032 0.5 p-1 -79334 12
1523 1105 m2 698384 5.4702009e-06 0.5 p-1 -17176 2
1107 1106 m2 698436 -0.0140401972 0.5 p-1 -4663830 66
318 1108 m2 698992 -0.057206288 0.5 p-1 -1182139 693
1483 1111 m2 702330 -0.000689953973 0.5 p-1 -51519 4
1433 1113 m2 702775 0.0116822636 0.5 p-1 -1550 6
1093 1114 m2 702862 0.00967320334 0.5 p-1 -27923 8
418 1115 m2 702868 -5.37573942e-05 0.5 p-1 -5389475 1109
1456 1117 m2 703369 -0.0316209793 0.5 p-1 -65158 13
1035 1118 m2 703772 -4.82689844e-09 0.5 p-1 -16962 13
1053 1119 m2 705424 -0.00118067197 0.5 p-1 -5151 9
173 1120 m2 706007 0.0105961049 0.5 p-1 -190529 406
1500 1121 m2 706965 -1.46240463e-05 0.5 p-1 -1191 2
1511 1123 m2 707397 -0.00139836548 0.5 p-1 -438453 1
1123 1125 m2 707857 -0.00173825538 0.5 p-1 -44846 26
522 1126 m2 708359 -0.000724085257 0.5 p-1 -849872 121
1614 1129 m2 710199 -0.0364117399 0.5 p-1 -2445 1
1185 1130 m2 710249 -0.0128824636 0.5 p-1 -91 10
1355 1132 m2 710705 0.0332451798 0.5 p-1 -321461 11
931 1133 m2 710806 0.030194493 0.5 p-1 -461194 96
1241 1134 m2 711073 4.33373017e-08 0.5 p-1 -60985 23
1130 1135 m2 711816 -0.00900974032 0.5 p-1 -60011 14
1414 1136 m2 713119 -0.0316734686 0.5 p-1 -93611 20
319 1137 m2 713181 0.00460929004 0.5 p-1 -1835584 1089
420 1138 m2 713292 -0.0365720652 0.5 p-1 -3396565 471
176 1141 m2 715033 -0.0683931261 0.5 p-1 -10277279 1834
463 1143 m2 716889 0.0119805746 0.5 p-1 -159121 95
603 1144 m2 717513 -3.2099997e-05 0.5 p-1 -736618 81
421 1145 m2 718301 0.00818848796 0.5 p-1 -860388 261
763 1146 m2 718306 -0.00186404877 0.5 p-1 -40518 5
1066 1148 m2 719237 0.0269812476 0.5 p-1 -3387 19
1482 1149 m2 720891 0.0156207755 0.5 p-1 -114165 3
1178 1150 m2 721757 0.000876841485 0.5 p-1 -131123 35
464 1151 m2 721832 -0.0138167031 0.5 p-1 -1580226 571
764 1152 m2 721967 -0.00023227674 0.5 p-1 -393292 7
1443 1153 m2 722212 -1.68393417e-05 0.5 p-1 -138274 5
1615 1155 m2 723139 0.00295563717 0.5 p-1 -2692 1
1485 1156 m2 725381 0.00155265909 0.5 p-1 -315211 10
422 1158 m2 726178 -0.0155239198 0.5 p-1 -3279375 967
1108 1159 m2 727791 -8.2458173e-06 0.5 p-1 -51661 37
883 1160 m2 729496 0.023986185 0.5 p-1 -6182760 221
320 1162 m2 731303 -2.65092444e-06 0.5 p-1 -1938129 1420
995 1163 m2 731438 -0.00533596566 0.5 p-1 -240978 93
884 1164 m2 732627 -4.1812811e-09 0.5 p-1 -456472 110
1287 1165 m2 734368 -0.0342932716 0.5 p-1 -19508 7
1109 1167 m2 735308 0.00373101863 0.5 p-1 -59125 51
321 1169 m2 737040 0.0139477635 0.5 p-1 -245428 48
179 1170 m2 738469 8.8499728e-06 0.5 p-1 -3457625 943
180 1171 m2 739493 -0.00965752918 0.5 p-1 -3346634 1793
1100 1172 m2 739644 4.00049451e-08 0.5 p-1 -202176 69
322 1174 m2 742133 -3.10164592e-06 0.5 p-1 -4561709 967
1021 1175 m2 742205 -1.43055322e-05 0.5 p-1 -343187 33
1075 1176 m2 743069 -0.00322726439 0.5 p-1 -3663 13
181 1178 m2 743429 -0.0631802008 0.5 p-1 -2359389 768
874 1179 m2 744032 -2.02145438e-05 0.5 p-1 -90117 74
640 1180 m2 744294 -0.0245459788 0.5 p-1 -131857 4
765 1181 m2 744425 0.00380717916 0.5 p-1 -2005307 226
1471 1182 m2 745566 0.0165227521 0.5 p-1 -62634 7
1131 1184 m2 745926 -0.000912473013 0.5 p-1 -109426 88
885 1185 m2 746100 -0.000661465223 0.5 p-1 -76695 9
465 1187 m2 747543 0.00102510303 0.5 p-1 -9740374 463
742 1188 m2 748260 -0.000310515083 0.5 p-1 -217565 140
1273 1189 m2 748400 0.0317635648 0.5 p-1 -17826 16
719 1190 m2 748756 0.00769465463 0.5 p-1 -148417 139
1293 1191 m2 748781 -1.48913728e-07 0.5 p-1 -30305 5
910 1194 m2 749865 0.00202135276 0.5 p-1 -285506 139
523 1195 m2 749928 -0.00336878747 0.5 p-1 -1826097 762
1209 1196 m2 750747 -0.000678908662 0.5 p-1 -1299 5
182 1199 m2 753422 0.00316724344 0.5 p-1 -2084396 1809
1513 1200 m2 754434 3.49908253e-12 0.5 p-1 -9929 3
323 1201 m2 755147 0.00298189768 0.5 p-1 -1268931 899
1538 1202 m2 755187 -1.0196711e-07 0.5 p-1 -64807 3
1145 1203 m2 755334 -0.000522748975 0.5 p-1 -561976 15
844 1204 m2 755655 0.000258601649 0.5 p-1 -293852 23
604 1205 m2 756376 -2.20444736e-06 0.5 p-1 -211102 423
767 1206 m2 756918 -0.000542844587 0.5 p-1 -198591 58
1360 1208 m2 757913 -0.000326580048 0.5 p-1 -50831 6
568 1209 m2 758384 6.35113174e-05 0.5 p-1 -3508543 889
1607 1210 m2 758404 0.00486984011 0.5 p-1 -20834 1
423 1211 m2 759917 -0.000321262749 0.5 p-1 -1411099 319
875 1212 m2 760389 -0.00831599347 0.5 p-1 -177299 172
1626 1213 m2 761093 0.0234634373 0.5 p-1 -4049 2
184 1215 m2 763189 0.0103900284 0.5 p-1 -5348259 613
911 1216 m2 763233 -0.0172284301 0.5 p-1 -719167 15
1391 1217 m2 763389 -0.00558537245 0.5 p-1 -49667 23
185 1218 m2 763718 0.00487428345 0.5 p-1 -6699601 1622
720 1219 m2 765404 0.00157796207 0.5 p-1 -238593 37
1175 1220 m2 766101 0.000800349226 0.5 p-1 -86089 21
1529 1221 m2 767639 -0.000147621628 0.5 p-1 -3432 4
721 1222 m2 767795 0.00929533597 0.5 p-1 -430456 71
1578 1223 m2 768042 -9.60975522e-05 0.5 p-1 -4665 4
1519 1224 m2 768505 0.0184010435 0.5 p-1 -21253 3
1160 1225 m2 769500 -8.99259539e-05 0.5 p-1 -32026 2
1454 1226 m2 769804 -0.042695798 0.5 p-1 -2399 6
996 1227 m2 771221 0.000262248068 0.5 p-1 -1991283 165
524 1228 m2 771625 0.0387319177 0.5 p-1 -474707 407
187 1229 m2 772207 -0.0162431654 0.5 p-1 -3147089 696
324 1231 m2 773390 -7.47517743e-06 0.5 p-1 -43938 77
898 1232 m2 774063 -0.00286908867 0.5 p-1 -12818 27
1336 1234 m2 775024 -0.0274627656 0.5 p-1 -92028 19
1465 1235 m2 776268 -0.00258083339 0.5 p-1 -33473 2
1013 1236 m2 776816 0.000123076417 0.5 p-1 -79880 24
325 1238 m2 778039 -0.00333409198 0.5 p-1 -9354551 1437
791 1240 m2 779170 -0.000437890092 0.5 p-1 -102948 31
467 1241 m2 779172 -0.00833758526 0.5 p-1 -3558653 1327
1026 1242 m2 779236 0.000454878842 0.5 p-1 -112915 17
326 1243 m2 779617 0.000175688081 0.5 p-1 -3076141 317
957 1244 m2 780878 -0.00132971536 0.5 p-1 -507273 30
327 1245 m2 780967 4.10521279e-05 0.5 p-1 -461339 343
526 1247 m2 783534 -0.000385191001 0.5 p-1 -1120050 139
188 1250 m2 785183 0.035387855 0.5 p-1 -1203332 986
808 1251 m2 786455 0.000666203676 0.5 p-1 -538595 124
425 1253 m2 786927 0.0107234763 0.5 p-1 -347101 326
860 1255 m2 788410 0.00727875438 0.5 p-1 -183484 58
468 1256 m2 788533 3.81763784e-05 0.5 p-1 -354624 597
189 1258 m2 790169 0.000455510279 0.5 p-1 -2705229 1397
1176 1259 m2 791148 0.0272563864 0.5 p-1 -46510 5
190 1260 m2 792182 -0.0150053436 0.5 p-1 -2591277 1761
642 1261 m2 792339 -0.000159890289 0.5 p-1 -1022471 296
964 1262 m2 792358 -0.000296626502 0.5 p-1 -114930 63
972 1263 m2 792605 0.00306949019 0.5 p-1 -194539 115
1407 1264 m2 792688 -1.09779021e-05 0.5 p-1 -24917 3
643 1266 m2 792916 -0.000360971637 0.5 p-1 -303673 140
768 1267 m2 793517 1.64377379e-05 0.5 p-1 -2883073 77
1539 1268 m2 794171 0.0028014665 0.5 p-1 -42800 3
1125 1269 m2 795672 0.00251484732 0.5 p-1 -41061 13
1299 1270 m2 797131 -0.0185229573 0.5 p-1 -28897 2
469 1271 m2 799354 -0.000729126914 0.5 p-1 -4612649 182
700 1273 m2 800233 -0.000292817276 0.5 p-1 -238404 117
1632 1276 m2 802262 0.00708599761 0.5 p-1 -1162 1
191 1279 m2 803988 1.09405628e-05 0.5 p-1 -6090586 1072
192 1280 m2 804603 2.56707864e-07 0.5 p-1 -891430 1119
644 1283 m2 806317 -0.00923729036 0.5 p-1 -373799 161
1064 1284 m2 806445 -2.25110816e-05 0.5 p-1 -508650 24
1352 1285 m2 806503 0.0220243074 0.5 p-1 -3675 11
1255 1287 m2 807538 -4.24007567e-07 0.5 p-1 -118019 50
193 1288 m2 808017 -0.00103268097 0.5 p-1 -4008562 1618
605 1291 m2 808294 -0.0772427469 0.5 p-1 -591157 191
876 1292 m2 809386 0.026836792 0.5 p-1 -916558 99
645 1293 m2 809562 0.0175046753 0.5 p-1 -38373 35
194 1294 m2 810193 4.68492954e-06 0.5 p-1 -40791 46
195 1295 m2 811021 1.97066854e-07 0.5 p-1 -2369941 1611
646 1296 m2 811374 -0.013698197 0.5 p-1 -254892 197
527 1299 m2 813916 6.31834555e-05 0.5 p-1 -1638061 117
886 1300 m2 813950 -0.0109757055 0.5 p-1 -178998 4
528 1301 m2 814242 0.0040540332 0.5 p-1 -1975561 314
1256 1302 m2 814512 -0.0457023531 0.5 p-1 -18716 22
861 1303 m2 815039 0.00307661504 0.5 p-1 -20895 3
676 1305 m2 815345 0.00296791061 0.5 p-1 -367493 45
976 1306 m2 816634 -0.0259852447 0.5 p-1 -49491 21
1327 1307 m2 817517 0.000793440209 0.5 p-1 -1298 13
1271 1308 m2 817903 -0.00667530531 0.5 p-1 -9334 4
1161 1310 m2 818181 0.001216106 0.5 p-1 -13316 2
1142 1311 m2 818805 -0.00331221451 0.5 p-1 -201632 48
1249 1315 m2 821246 -2.24821561e-05 0.5 p-1 -63470 29
198 1318 m2 821887 4.0913641e-05 0.5 p-1 -799122 301
471 1319 m2 823154 -0.00590340095 0.5 p-1 -7310216 143
199 1320 m2 824546 0.000314843608 0.5 p-1 -13708318 1164
529 1322 m2 828174 -8.71780048e-06 0.5 p-1 -1473038 407
331 1323 m2 829692 -0.00302920048 0.5 p-1 -7408917 881
934 1324 m2 830715 0.018467186 0.5 p-1 -223544 26
333 1326 m2 832895 -0.00523692323 0.5 p-1 -5379262 1195
334 1327 m2 833003 0.009348155 0.5 p-1 -4722490 1466
1290 1328 m2 833489 -0.0916214734 0.5 p-1 -53855 33
570 1329 m2 834313 0.00367836002 0.5 p-1 -9748909 200
1373 1330 m2 836179 2.05308443e-05 0.5 p-1 -290819 11
701 1332 m2 836796 -0.00326782605 0.5 p-1 -195668 156
335 1333 m2 836939 0.0167337637 0.5 p-1 -12375604 1091
769 1334 m2 837881 -0.0437900908 0.5 p-1 -49275 24
201 1335 m2 837996 0.0135287922 0.5 p-1 -9303223 662
202 1336 m2 838646 -0.0129759051 0.5 p-1 -2858432 1323
1357 1337 m2 839112 -0.00864094123 0.5 p-1 -11970 13
203 1338 m2 839141 -0.00389647414 0.5 p-1 -713196 1004
204 1339 m2 840600 8.5622094e-05 0.5 p-1 -426155 82
472 1340 m2 840605 4.59659168e-05 0.5 p-1 -506754 494
336 1341 m2 840684 -8.18898684e-07 0.5 p-1 -3144758 811
678 1342 m2 841409 -0.0131356986 0.5 p-1 -988304 474
1268 1343 m2 842275 0.0129031045 0.5 p-1 -53322 59
1069 1344 m2 842925 -3.07133337e-06 0.5 p-1 -163613 43
337 1345 m2 843486 4.64931964e-06 0.5 p-1 -1926627 868
1420 1346 m2 843675 0.0166188609 0.5 p-1 -180072 4
606 1347 m2 844125 0.0193017125 0.5 p-1 -1153512 138
607 1348 m2 844191 -0.000538304215 0.5 p-1 -2068409 138
608 1349 m2 845229 -0.0232962463 0.5 p-1 -489761 353
206 1350 m2 845776 0.0024475609 0.5 p-1 -4034333 1240
339 1351 m2 845844 -0.00154709257 0.5 p-1 -992669 322
207 1352 m2 846821 -0.0102827344 0.5 p-1 -8706126 1011
648 1353 m2 847042 3.76507596e-05 0.5 p-1 -835799 239
340 1354 m2 847178 -0.0413270891 0.5 p-1 -528830 207
208 1355 m2 847459 -0.0295709278 0.5 p-1 -282279 178
1143 1356 m2 847548 1.91269428e-05 0.5 p-1 -448536 52
1230 1357 m2 847930 0.00244940771 0.5 p-1 -55834 8
473 1359 m2 848780 0.000690322777 0.5 p-1 -226026 271
649 1362 m2 850506 -0.00469966885 0.5 p-1 -833833 504
474 1363 m2 850606 -0.00159306359 0.5 p-1 -2543347 1207
1103 1364 m2 852472 -0.00366736343 0.5 p-1 -15085 37
1110 1365 m2 852849 0.0010878942 0.5 p-1 -100093 66
1086 1366 m2 853837 8.9651192e-05 0.5 p-1 -315372 109
965 1368 m2 854202 -0.0163930096 0.5 p-1 -109519 43
743 1369 m2 854506 -0.00101551658 0.5 p-1 -386245 219
1591 1370 m2 854697 0.0077187065 0.5 p-1 -53369 5
744 1371 m2 855923 -0.000978564611 0.5 p-1 -410100 44
609 1373 m2 858183 0.0308111235 0.5 p-1 -927099 340
893 1374 m2 858515 0.105335012 0.5 p-1 -551389 96
210 1375 m2 859165 5.37743763e-05 0.5 p-1 -4696458 1811
211 1376 m2 859179 -0.00102449651 0.5 p-1 -13478914 1800
341 1377 m2 859317 4.41587545e-05 0.5 p-1 -1060802 305
1233 1379 m2 860433 -0.0101697631 0.5 p-1 -32608 35
877 1380 m2 860449 0.0109777479 0.5 p-1 -1204015 160
878 1381 m2 860511 0.00028586539 0.5 p-1 -778275 160
342 1382 m2 860902 2.68722687e-07 0.5 p-1 -1318866 930
862 1383 m2 864829 0.00418948755 0.5 p-1 -698776 226
1297 1384 m2 864860 0.000113057242 0.5 p-1 -27399 13
476 1385 m2 865280 0.000116899748 0.5 p-1 -8808247 392
770 1386 m2 865401 -0.000860876346 0.5 p-1 -944248 76
213 1387 m2 865510 -0.000211858103 0.5 p-1 -2762016 1605
343 1388 m2 866343 -0.00630166847 0.5 p-1 -7299556 469
1553 1389 m2 866744 0.000502363255 0.5 p-1 -4870 1
973 1390 m2 867608 -7.81640992e-05 0.5 p-1 -322231 97
344 1391 m2 867945 0.000825185212 0.5 p-1 -84999 44
214 1392 m2 867994 -0.0132868085 0.5 p-1 -59505 47
1132 1395 m2 868900 -0.0110418713 0.5 p-1 -103942 30
1337 1396 m2 868943 0.0031729464 0.5 p-1 -1426225 25
215 1397 m2 869048 -3.22981508e-09 0.5 p-1 -6124843 1941
216 1399 m2 870580 0.000928975933 0.5 p-1 -4261673 562
1305 1400 m2 871024 -0.085310258 0.5 p-1 -201210 14
530 1401 m2 871142 0.00146457716 0.5 p-1 -361346 195
1222 1404 m2 874051 2.81964645e-07 0.5 p-1 -3999 22
345 1405 m2 874225 0.0328495577 0.5 p-1 -1305179 569
218 1406 m2 874595 0.00794838555 0.5 p-1 -1134035 1258
219 1410 m2 878251 -0.000147623054 0.5 p-1 -7438591 1640
1119 1412 m2 879898 -0.000935555901 0.5 p-1 -141192 43
702 1413 m2 879921 -0.0119335698 0.5 p-1 -78391 41
220 1414 m2 880450 0.0169219151 0.5 p-1 -1812028 241
1014 1415 m2 880834 -0.00433023041 0.5 p-1 -165324 23
1503 1419 m2 882369 0.00038514589 0.5 p-1 -340040 1
221 1420 m2 884386 -0.000176181551 0.5 p-1 -1064717 929
610 1421 m2 884833 -0.00822343584 0.5 p-1 -3571248 353
346 1422 m2 885447 0.036254216 0.5 p-1 -3169398 268
347 1423 m2 886146 0.0309315287 0.5 p-1 -697991 259
879 1424 m2 886712 0.00516670756 0.5 p-1 -147032 92
650 1425 m2 887331 0.000230651043 0.5 p-1 -2908330 269
966 1426 m2 888192 0.00703323912 0.5 p-1 -865522 240
348 1427 m2 889126 -0.000151369488 0.5 p-1 -1249649 433
1320 1429 m2 890154 -0.0020114535 0.5 p-1 -275388 6
1269 1430 m2 890323 -0.0191084687 0.5 p-1 -362229 31
880 1433 m2 892228 0.00120261405 0.5 p-1 -224000 131
1054 1434 m2 892426 -0.000212918152 0.5 p-1 -98057 87
1182 1435 m2 892592 -0.0001037978 0.5 p-1 -41616 8
1303 1436 m2 892598 1.91765921e-05 0.5 p-1 -169559 14
1037 1438 m2 896868 0.0593254827 0.5 p-1 -1445 10
771 1439 m2 897230 -0.00170491182 0.5 p-1 -3505 3
863 1440 m2 897248 -0.00469059357 0.5 p-1 -653906 62
935 1443 m2 898790 0.00498746708 0.5 p-1 -364152 101
1022 1446 m2 899679 -0.000681140984 0.5 p-1 -65366 10
222 1447 m2 900532 -0.00347526674 0.5 p-1 -2661109 841
351 1450 m2 901493 -3.35581035e-06 0.5 p-1 -1934396 996
1157 1451 m2 901745 -0.000102461861 0.5 p-1 -568 1
611 1452 m2 901910 -0.00697213877 0.5 p-1 -1068093 166
478 1453 m2 902679 -0.00259138085 0.5 p-1 -492437 156
223 1457 m2 907860 0.0250899233 0.5 p-1 -5452084 1691
612 1458 m2 908154 -0.0253704321 0.5 p-1 -141697 72
534 1459 m2 910132 -0.0127330134 0.5 p-1 -684984 180
224 1460 m2 910759 0.0567474701 0.5 p-1 -2170483 574
480 1461 m2 912190 -0.00865128357 0.5 p-1 -9688419 224
703 1462 m2 912890 0.00169752969 0.5 p-1 -74646 135
535 1464 m2 913131 0.000144399761 0.5 p-1 -1566891 328
481 1466 m2 914349 0.000617407786 0.5 p-1 -904410 218
353 1469 m2 915665 -0.010116688 0.5 p-1 -222758 118
225 1470 m2 915747 -0.00408135401 0.5 p-1 -351437 326
227 1472 m2 917177 4.03426611e-06 0.5 p-1 -2338519 1282
1225 1474 m2 917758 0.0521021709 0.5 p-1 -96523 51
792 1476 m2 920367 -0.000845891656 0.5 p-1 -328077 91
1191 1477 m2 920603 -0.000555207604 0.5 p-1 -3823 16
1133 1478 m2 923204 -0.00454335054 0.5 p-1 -116629 93
613 1480 m2 924010 0.00566299399 0.5 p-1 -543629 224
354 1481 m2 924763 0.000411193323 0.5 p-1 -649024 119
864 1482 m2 924859 -2.36109372e-05 0.5 p-1 -707576 19
228 1483 m2 925860 0.011128461 0.5 p-1 -2285131 1514
1088 1484 m2 926735 0.000404717372 0.5 p-1 -64330 23
1270 1485 m2 929657 0.00251630065 0.5 p-1 -56739 9
1628 1486 m2 930208 -0.00645261304 0.5 p-1 -73738 3
355 1487 m2 930550 -0.0013314049 0.5 p-1 -3171703 1022
1593 1488 m2 930752 -9.41489561e-05 0.5 p-1 -3734 1
1459 1489 m2 931355 -5.1378338e-05 0.5 p-1 -17170 5
1577 1490 m2 933544 -4.95052191e-05 0.5 p-1 -20530 2
1325 1491 m2 933766 0.000150514257 0.5 p-1 -31581 18
1101 1492 m2 934055 0.0238108598 0.5 p-1 -17153 37
229 1493 m2 934126 0.000499160145 0.5 p-1 -7719767 1334
1070 1494 m2 934507 -0.0846883804 0.5 p-1 -1423989 27
483 1495 m2 935456 0.000242379014 0.5 p-1 -564887 779
230 1496 m2 937019 -0.0111487536 0.5 p-1 -1590202 1238
1048 1497 m2 937900 5.37636661e-05 0.5 p-1 -67350 32
1440 1498 m2 939019 0.000719857751 0.5 p-1 -41093 2
958 1499 m2 940157 0.000127158375 0.5 p-1 -93740 20
1441 1500 m2 941250 0.00129159121 0.5 p-1 -78829 2
231 1501 m2 941387 0.00172394596 0.5 p-1 -957838 111
356 1502 m2 942245 -0.00260545523 0.5 p-1 -789201 174
1234 1503 m2 942581 0.00705778925 0.5 p-1 -731573 67
1120 1509 m2 945348 -0.00311650988 0.5 p-1 -45146 1
1089 1510 m2 946333 -0.0322904624 0.5 p-1 -1622123 88
652 1511 m2 946535 4.26140696e-06 0.5 p-1 -5078559 570
426 1513 m2 947922 0.0055551785 0.5 p-1 -1373693 862
232 1514 m2 948802 -0.00193348178 0.5 p-1 -268716 248
1200 1515 m2 949312 -0.000105404302 0.5 p-1 -62212 3
357 1518 m2 951305 -0.0200678203 0.5 p-1 -2267658 1098
358 1521 m2 952380 0.00950487703 0.5 p-1 -2694925 807
1231 1523 m2 953625 0.000111980684 0.5 p-1 -159486 10
428 1524 m2 956169 0.0107384762 0.5 p-1 -568643 253
538 1526 m2 956538 -0.00272823032 0.5 p-1 -795798 284
1596 1527 m2 956619 1.24195674e-06 0.5 p-1 -12326 3
572 1529 m2 958303 -0.00757305603 0.5 p-1 -3438775 102
234 1530 m2 958350 -3.71815645e-06 0.5 p-1 -4806976 1160
887 1534 m2 960917 -0.0220005754 0.5 p-1 -1062168 109
235 1535 m2 961120 -2.22971594e-05 0.5 p-1 -1526622 229
236 1537 m2 963018 2.99865169e-05 0.5 p-1 -282638 8
238 1538 m2 963750 0.00820371322 0.5 p-1 -262447 8
773 1539 m2 963978 1.72714533e-06 0.5 p-1 -847743 68
240 1540 m2 964965 0.0463870466 0.5 p-1 -3176658 372
360 1541 m2 965112 -0.0407126509 0.5 p-1 -2391224 862
361 1542 m2 965130 0.00124602462 0.5 p-1 -2127604 862
241 1543 m2 965190 -0.000759593444 0.5 p-1 -994411 372
1235 1546 m2 966514 -0.0704112649 0.5 p-1 -133917 14
1625 1548 m2 966830 -0.00584068103 0.5 p-1 -3321 1
1099 1549 m2 967483 0.0239114463 0.5 p-1 -1290 91
1432 1550 m2 967727 -0.000181063282 0.5 p-1 -139439 10
1187 1551 m2 968338 -0.0285850596 0.5 p-1 -653178 9
924 1554 m2 970481 0.0741978958 0.5 p-1 -868355 165
1192 1556 m2 971001 0.000691696885 0.5 p-1 -42850 37
242 1557 m2 972044 -0.0113902511 0.5 p-1 -822252 228
1162 1559 m2 972501 -0.000480155606 0.5 p-1 -110366 5
1395 1560 m2 973158 -0.0105121834 0.5 p-1 -24950 10
243 1561 m2 973215 -0.000388165325 0.5 p-1 -13302122 712
1205 1562 m2 973765 -0.0286022015 0.5 p-1 -27050 21
894 1563 m2 973908 0.000412713067 0.5 p-1 -49971 19
723 1564 m2 974390 -0.049885653 0.5 p-1 -2388240 231
244 1565 m2 974870 0.00044344872 0.5 p-1 -3133728 926
1275 1567 m2 976693 -0.00201780722 0.5 p-1 -95142 14
1616 1568 m2 977172 8.80081998e-08 0.5 p-1 -240641 1
1090 1569 m2 977479 -0.0165185016 0.5 p-1 -3322598 32
245 1570 m2 977530 4.60020317e-07 0.5 p-1 -4619066 1025
486 1571 m2 977718 -0.00107501133 0.5 p-1 -1987377 337
774 1572 m2 977978 -0.000443306082 0.5 p-1 -4341288 463
1134 1573 m2 977984 -3.26987793e-05 0.5 p-1 -334961 4
1544 1574 m2 978598 1.76667743e-06 0.5 p-1 -42136 3
1174 1575 m2 978690 -0.00806971453 0.5 p-1 -676 4
246 1576 m2 978954 0.000198432477 0.5 p-1 -2302273 860
247 1577 m2 979376 0.0445914604 0.5 p-1 -2413665 575
487 1578 m2 979394 0.0020060828 0.5 p-1 -4328423 462
248 1579 m2 979435 9.3311337e-06 0.5 p-1 -8243460 1407
431 1580 m2 979684 -0.022103196 0.5 p-1 -924670 126
1633 1582 m2 979884 -0.0197537914 0.5 p-1 -6206 1
1534 1583 m2 980606 8.99994939e-06 0.5 p-1 -475 10
1242 1584 m2 981090 -0.000177913636 0.5 p-1 -48334 24
539 1585 m2 981462 3.36743597e-06 0.5 p-1 -2852343 649
1484 1586 m2 982470 -0.0113623179 0.5 p-1 -64134 2
249 1587 m2 983869 -6.61813965e-06 0.5 p-1 -2593508 1634
432 1588 m2 985288 -4.06891741e-05 0.5 p-1 -2991677 1062
944 1589 m2 985478 -0.00665620295 0.5 p-1 -218347 162
433 1592 m2 987220 0.00745427189 0.5 p-1 -417982 459
488 1593 m2 987917 -0.023363689 0.5 p-1 -179310 129
704 1594 m2 989397 -0.00253743329 0.5 p-1 -322701 145
679 1596 m2 991378 5.39847952e-06 0.5 p-1 -72371 92
810 1599 m2 994072 4.79145774e-06 0.5 p-1 -4940633 195
434 1600 m2 994699 0.0545753799 0.5 p-1 -3416124 1404
653 1604 m2 996474 -0.0843570605 0.5 p-1 -1887617 144
1581 1605 m2 996557 -0.0762644559 0.5 p-1 -2816 1
614 1606 m2 996720 4.9805345e-05 0.5 p-1 -432465 110
250 1608 m2 997349 -0.0296599176 0.5 p-1 -8409018 1008
1406 1609 m2 997830 8.95841731e-05 0.5 p-1 -445 8
251 1610 m2 998034 -0.00108898117 0.5 p-1 -2924095 776
540 1611 m2 998338 -0.0132172825 0.5 p-1 -835666 362
1425 1613 m2 999356 -8.259222e-07 0.5 p-1 -103957 14
435 1614 m2 999637 -0.00206244178 0.5 p-1 -1433846 1302
1469 1631 m2 639295 0.00264273956 0.5 p0 2 1
1587 1634 m2 513690 -2.2217353e-05 0.5 p0 2 4
1588 1635 m2 524116 -0.0143428994 0.5 p0 2 4
1227 1637 m2 302861 0.00952280127 0.5 p0 2 4
1562 1639 m2 755032 8.67578478e-07 0.5 p0 2 2
1319 1642 m2 281560 0.000384395535 0.5 p0 2 2
1367 1656 m2 897923 0.000613248034 0.5 p0 2 9
1442 1658 m2 965050 8.9162377e-08 0.5 p0 2 3
1438 1669 m2 253869 0.000426124665 0.5 p0 2 2
1479 1670 m2 168122 -0.00974029023 0.5 p0 2 4
1095 1679 m2 51589 -0.0360836014 0.5 p0 2 16
1522 1687 m2 472262 -1.53295184e-06 0.5 p0 2 3
1561 1690 m2 894567 -1.70233452e-05 0.5 p0 2 2
1532 1691 m2 414482 0.00681005744 0.5 p0 2 1
1426 1692 m2 406639 1.78533701e-05 0.5 p0 2 9
1430 1693 m2 225309 -0.000334962184 0.5 p0 2 1
1418 1699 m2 373575 -0.00175579684 0.5 p0 2 4
1508 1711 m2 127645 -0.00433772756 0.5 p0 2 1
1597 1731 m2 19337 0.000545361021 0.5 p0 2 2
1338 1733 m2 284996 0.00582297845 0.5 p0 2 2
1592 1737 m2 601388 -0.00221446832 0.5 p0 2 4
1531 1741 m2 623469 -0.017941013 0.5 p0 2 4
1204 1755 m2 260788 4.14017995e-06 0.5 p0 2 12
1627 1758 m2 202626 2.00724808e-05 0.5 p0 2 1
1458 1763 m2 776125 0.000241606976 0.5 p0 2 11
1631 1765 m2 809082 -0.00161936809 0.5 p0 2 1
1424 1768 m2 153344 -0.00279921154 0.5 p0 2 8
1552 1770 m2 392610 -1.23733034e-05 0.5 p0 2 1
1310 1771 m2 838925 -0.000499338377 0.5 p0 2 4
1574 1785 m2 289515 0.00475631189 0.5 p0 2 3
1527 1791 m2 808218 0.00321328593 0.5 p0 2 4
1554 1797 m2 410903 0.00155819906 0.5 p0 2 1
1431 1798 m2 311592 -0.00114649453 0.5 p0 2 5
1301 1807 m2 487400 0.0761726201 0.5 p0 2 4
1378 1809 m2 207740 -0.0575163923 0.5 p0 2 6
846 1813 m2 955928 0.00173463207 0.5 p0 2 10
1488 1816 m2 584280 -0.0227117501 0.5 p0 2 4
1313 1818 m2 75348 -4.51881133e-05 0.5 p0 2 5
1304 1821 m2 306133 0.00796120614 0.5 p0 2 11
1394 1822 m2 950449 -1.89083348e-05 0.5 p0 2 6
1611 1828 m2 243239 -0.00378982141 0.5 p0 2 1
1446 1833 m2 140747 -0.00455002207 0.5 p0 2 2
1487 1834 m2 676171 0.00229819049 0.5 p0 2 2
1139 1835 m2 542657 -0.000324262481 0.5 p0 2 3
1550 1837 m2 421059 -2.41370089e-05 0.5 p0 2 3
1419 1848 m2 429851 0.0193489213 0.5 p0 2 2
1494 1849 m2 651217 -0.0184701718 0.5 p0 2 4
1620 1853 m2 403758 -0.00149035675 0.5 p0 2 1
1463 1857 m2 382862 -0.00265937694 0.5 p0 2 6
960 1859 m2 265936 4.39219747e-07 0.5 p0 2 4
1518 1861 m2 345843 0.000916050747 0.5 p0 2 1
1464 1863 m2 408700 7.95395754e-05 0.5 p0 2 12
1164 1864 m2 12343 -0.000921113242 0.5 p0 2 3
1276 1872 m2 531222 0.000102451006 0.5 p0 2 2
1535 1873 m2 451050 0.00951159745 0.5 p0 2 1
1499 1885 m2 220801 0.00498245098 0.5 p0 2 1
1571 1890 m2 702812 0.00339811691 0.5 p0 2 5
1199 1898 m2 982170 0.00115692872 0.5 p0 2 1
1330 1899 m2 714836 -1.06839962e-05 0.5 p0 2 5
962 1900 m2 439598 1.40636757e-05 0.5 p0 2 3
1229 1901 m2 399197 -0.040138673 0.5 p0 2 4
1102 1910 m2 888558 -0.0635708421 0.5 p0 2 7
1568 1917 m2 976154 6.82306345e-05 0.5 p0 2 1
1416 1936 m2 65344 9.53265771e-06 0.5 p0 2 2
1576 1938 m2 436203 0.00609743968 0.5 p0 2 3
868 1946 m2 250113 0.000216406028 0.5 p0 2 63
1540 1947 m2 854932 -0.000383885432 0.5 p0 2 2
1486 1950 m2 784857 -0.00378941582 0.5 p0 2 9
1619 1961 m2 658648 -0.0023566233 0.5 p0 2 1
1422 1965 m2 482289 -0.00137194723 0.5 p0 2 12
1288 1967 m2 871906 3.02968317e-08 0.5 p0 2 3
1472 1968 m2 181852 0.00145837921 0.5 p0 2 4
1277 1975 m2 576659 0.00374259031 0.5 p0 2 2
1583 1979 m2 20947 -0.00107864535 0.5 p0 2 1
1589 1980 m2 500047 -7.17843385e-09 0.5 p0 2 3
1383 1981 m2 908348 5.01573197e-07 0.5 p0 2 24
1555 1985 m2 609451 -0.0153893819 0.5 p0 2 2
1564 1986 m2 396457 8.27284966e-05 0.5 p0 2 1
705 1998 m1 5328 -0 0.5 p-1 -7560278 145
489 2000 m1 8094 0 0.5 p-1 -52819 17
1490 2001 m1 10983 -0 0.5 p-1 -5768 13
490 2003 m1 18480 -0 0.5 p-1 -100892 72
978 2004 m1 21148 -0 0.5 p-1 -5262469 45
4 2005 m1 21404 -0 0.5 p-1 -2248482 1197
491 2006 m1 22149 0 0.5 p-1 -2695516 724
1514 2007 m1 24126 -0 0.5 p-1 -26160 3
541 2008 m1 33199 -0 0.5 p-1 -1360865 182
9 2011 m1 36515 0 0.5 p-1 -7766069 1512
254 2013 m1 38637 -0 0.5 p-1 -2685814 1125
1393 2014 m1 39071 0 0.5 p-1 -163747 17
10 2015 m1 40023 -0 0.5 p-1 -2330152 418
1388 2016 m1 44330 0 0.5 p-1 -2370 4
13 2017 m1 47388 -0 0.5 p-1 -5019254 1593
1165 2018 m1 47569 0 0.5 p-1 -3335 4
1397 2019 m1 48648 0 0.5 p-1 -9126 7
15 2020 m1 49240 0 0.5 p-1 -827078 552
987 2021 m1 50609 -0 0.5 p-1 -239987 118
18 2022 m1 53355 -0 0.5 p-1 -7405653 1864
19 2023 m1 53736 0 0.5 p-1 -3734317 1019
255 2024 m1 54838 0 0.5 p-1 -3974976 766
578 2026 m1 59594 -0 0.5 p-1 -3435814 333
1324 2027 m1 60220 -0 0.5 p-1 -55082 11
747 2028 m1 60452 0 0.5 p-1 -3179937 369
1003 2030 m1 60986 0 0.5 p-1 -177273 14
748 2031 m1 62207 0 0.5 p-1 -215067 144
848 2034 m1 66115 -0 0.5 p-1 -511954 19
579 2036 m1 67041 -0 0.5 p-1 -126841 130
1038 2037 m1 67599 -0 0.5 p-1 -8030020 44
1023 2038 m1 69130 -0 0.5 p-1 -2733047 81
945 2039 m1 74377 -0 0.5 p-1 -74540 124
1380 2041 m1 77901 -0 0.5 p-1 -37317 2
1521 2042 m1 78530 -0 0.5 p-1 -1816146 3
681 2043 m1 80055 0 0.5 p-1 -308745 188
682 2044 m1 80275 -0 0.5 p-1 -764492 481
1170 2045 m1 81749 0 0.5 p-1 -654296 86
1384 2046 m1 83591 0 0.5 p-1 -11913 10
1171 2048 m1 84555 -0 0.5 p-1 -5062581 43
497 2049 m1 85299 -0 0.5 p-1 -2719786 481
260 2050 m1 85899 -0 0.5 p-1 -1685739 774
1381 2054 m1 90728 -0 0.5 p-1 -11478 2
29 2056 m1 91768 0 0.5 p-1 -4093927 1226
1498 2057 m1 94101 0 0.5 p-1 -1431 5
1444 2059 m1 98254 0 0.5 p-1 -40620 12
30 2060 m1 103781 -0 0.5 p-1 -2252764 1032
31 2061 m1 105101 -0 0.5 p-1 -1676181 285
1005 2063 m1 108911 -0 0.5 p-1 -853764 71
1006 2064 m1 109194 0 0.5 p-1 -1270964 66
937 2065 m1 109289 0 0.5 p-1 -408531 92
368 2066 m1 111173 -0 0.5 p-1 -759020 145
33 2068 m1 114458 -0 0.5 p-1 -637297 458
622 2070 m1 122313 0 0.5 p-1 -845484 873
1376 2071 m1 123975 -0 0.5 p-1 -22387 1
1283 2072 m1 126271 -0 0.5 p-1 -3035 11
683 2073 m1 129887 -0 0.5 p-1 -2609050 794
938 2074 m1 130125 -0 0.5 p-1 -78482 4
1557 2076 m1 132378 0 0.5 p-1 -142382 1
865 2077 m1 137177 0 0.5 p-1 -384628 83
1453 2078 m1 137247 -0 0.5 p-1 -443186 17
1537 2083 m1 147518 -0 0.5 p-1 -34402 4
36 2084 m1 147691 -0 0.5 p-1 -205929 222
1467 2086 m1 149668 0 0.5 p-1 -25423 6
685 2088 m1 151342 -0 0.5 p-1 -19165 55
1203 2090 m1 152361 -0 0.5 p-1 -12029 17
896 2091 m1 152721 -0 0.5 p-1 -360365 25
37 2092 m1 154081 0 0.5 p-1 -175341 57
38 2093 m1 155823 -0 0.5 p-1 -4901949 1799
1097 2094 m1 164004 -0 0.5 p-1 -79572 10
1322 2100 m1 179244 -0 0.5 p-1 -35314 15
866 2101 m1 183362 0 0.5 p-1 -137328 129
370 2102 m1 186809 0 0.5 p-1 -4726472 835
1057 2103 m1 188878 0 0.5 p-1 -156527 41
1058 2105 m1 191129 0 0.5 p-1 -62749 21
1219 2106 m1 191797 -0 0.5 p-1 -241997 18
829 2107 m1 192066 0 0.5 p-1 -967212 425
798 2108 m1 195929 -0 0.5 p-1 -480352 22
1621 2109 m1 196613 0 0.5 p-1 -6022 1
551 2110 m1 197745 0 0.5 p-1 -4957466 274
867 2112 m1 198001 -0 0.5 p-1 -102716 67
375 2113 m1 202771 -0 0.5 p-1 -893994 489
813 2114 m1 204607 -0 0.5 p-1 -73253 72
43 2116 m1 208077 0 0.5 p-1 -2328030 321
710 2117 m1 210502 -0 0.5 p-1 -2978295 90
552 2118 m1 210644 0 0.5 p-1 -57992 32
1218 2121 m1 215382 -0 0.5 p-1 -10315 15
711 2122 m1 215830 -0 0.5 p-1 -80034 28
44 2124 m1 217183 -0 0.5 p-1 -4458009 1405
799 2125 m1 223573 0 0.5 p-1 -409228 131
823 2126 m1 225646 -0 0.5 p-1 -920581 260
1122 2127 m1 227498 0 0.5 p-1 -208080 75
47 2128 m1 229021 0 0.5 p-1 -1456758 233
1211 2129 m1 229368 0 0.5 p-1 -63432 15
268 2130 m1 229803 0 0.5 p-1 -2035141 1062
728 2131 m1 231274 0 0.5 p-1 -21188 9
501 2132 m1 231339 0 0.5 p-1 -2604925 97
48 2133 m1 231633 0 0.5 p-1 -11708429 203
781 2134 m1 235341 0 0.5 p-1 -2020473 168
729 2135 m1 247558 -0 0.5 p-1 -74774 79
626 2136 m1 247787 -0 0.5 p-1 -265596 49
1278 2139 m1 249235 0 0.5 p-1 -8426 6
52 2141 m1 249971 0 0.5 p-1 -2639367 1910
54 2142 m1 253585 0 0.5 p-1 -5788343 1659
55 2144 m1 256598 -0 0.5 p-1 -5236695 1246
271 2145 m1 258340 0 0.5 p-1 -11485388 1058
1475 2147 m1 261933 0 0.5 p-1 -56400 4
882 2148 m1 262212 -0 0.5 p-1 -494440 50
503 2150 m1 263672 0 0.5 p-1 -4086689 75
1598 2151 m1 265862 0 0.5 p-1 -38997 1
1428 2152 m1 266417 0 0.5 p-1 -16912 15
272 2153 m1 266779 -0 0.5 p-1 -2241374 1275
989 2154 m1 266801 0 0.5 p-1 -1388171 36
1605 2156 m1 270708 0 0.5 p-1 -12683 3
63 2158 m1 274970 0 0.5 p-1 -9710207 1736
1323 2159 m1 279463 0 0.5 p-1 -37814 9
662 2161 m1 282391 0 0.5 p-1 -262237 158
1226 2163 m1 285406 0 0.5 p-1 -543 4
71 2165 m1 292232 0 0.5 p-1 -468557 62
449 2166 m1 294819 0 0.5 p-1 -8287827 199
1404 2167 m1 294984 -0 0.5 p-1 -77122 24
1575 2168 m1 295365 0 0.5 p-1 -12360 1
1342 2169 m1 295823 0 0.5 p-1 -1595 9
279 2170 m1 298951 -0 0.5 p-1 -29056 29
869 2171 m1 300851 0 0.5 p-1 -1015099 162
1334 2172 m1 304427 -0 0.5 p-1 -23041 2
815 2173 m1 307552 0 0.5 p-1 -89677 92
282 2174 m1 308585 0 0.5 p-1 -1815777 1385
630 2175 m1 308744 -0 0.5 p-1 -1890798 315
382 2177 m1 311466 0 0.5 p-1 -67219 80
1016 2180 m1 311801 -0 0.5 p-1 -831141 46
1228 2182 m1 312023 -0 0.5 p-1 -1348 4
75 2183 m1 313171 0 0.5 p-1 -4536792 731
1542 2184 m1 314412 -0 0.5 p-1 -50471 2
730 2185 m1 315429 0 0.5 p-1 -197199 158
79 2186 m1 318792 -0 0.5 p-1 -531054 175
689 2187 m1 326943 0 0.5 p-1 -93900 41
80 2189 m1 329652 0 0.5 p-1 -4926891 1907
586 2190 m1 329746 0 0.5 p-1 -605996 234
918 2191 m1 330318 -0 0.5 p-1 -156391 129
631 2192 m1 330732 -0 0.5 p-1 -4618056 352
384 2193 m1 331430 0 0.5 p-1 -429769 100
968 2194 m1 333233 0 0.5 p-1 -469989 108
81 2195 m1 334932 0 0.5 p-1 -5198948 470
386 2197 m1 343700 -0 0.5 p-1 -378731 609
632 2199 m1 346441 0 0.5 p-1 -1059216 111
1030 2200 m1 346974 -0 0.5 p-1 -374322 54
990 2201 m1 348878 -0 0.5 p-1 -64654 82
1024 2202 m1 350743 0 0.5 p-1 -133956 11
1351 2203 m1 351884 0 0.5 p-1 -192 1
1183 2204 m1 352715 -0 0.5 p-1 -24273 29
89 2205 m1 354262 -0 0.5 p-1 -2009920 1289
90 2206 m1 356170 0 0.5 p-1 -7026794 1794
1501 2207 m1 361710 -0 0.5 p-1 -73477 2
999 2208 m1 362215 0 0.5 p-1 -984122 26
92 2212 m1 371099 -0 0.5 p-1 -858876 958
96 2214 m1 374294 -0 0.5 p-1 -8365721 1368
1291 2217 m1 379088 0 0.5 p-1 -12530 8
664 2218 m1 380333 0 0.5 p-1 -464408 408
290 2220 m1 383368 -0 0.5 p-1 -2203599 908
507 2221 m1 385466 -0 0.5 p-1 -2543828 445
1551 2223 m1 387814 -0 0.5 p-1 -9637 3
1634 2224 m1 387930 -0 0.5 p-1 -462 1
1061 2227 m1 392212 0 0.5 p-1 -71272 89
1186 2228 m1 393061 -0 0.5 p-1 -420574 24
291 2229 m1 393894 -0 0.5 p-1 -737695 91
1025 2231 m1 394204 0 0.5 p-1 -759676 101
101 2232 m1 396520 -0 0.5 p-1 -5923627 1126
1248 2233 m1 399929 0 0.5 p-1 -18354 15
692 2234 m1 401247 0 0.5 p-1 -27653 12
508 2236 m1 402245 0 0.5 p-1 -717747 148
104 2237 m1 402922 -0 0.5 p-1 -134708 29
1580 2238 m1 406481 0 0.5 p-1 -1674 2
1528 2239 m1 407152 0 0.5 p-1 -2454 4
1584 2240 m1 409647 -0 0.5 p-1 -4765 3
1106 2241 m1 410143 -0 0.5 p-1 -577479 96
926 2243 m1 416270 0 0.5 p-1 -625461 16
105 2247 m1 424692 -0 0.5 p-1 -2900281 796
1496 2248 m1 424890 -0 0.5 p-1 -203189 16
717 2249 m1 424902 0 0.5 p-1 -113806 68
512 2253 m1 436171 0 0.5 p-1 -646914 578
834 2254 m1 438491 -0 0.5 p-1 -2235417 143
666 2256 m1 439693 0 0.5 p-1 -357273 245
398 2257 m1 440969 0 0.5 p-1 -722947 246
905 2258 m1 443871 0 0.5 p-1 -45323 10
293 2259 m1 446576 -0 0.5 p-1 -714918 615
1159 2261 m1 451318 -0 0.5 p-1 -39486 15
985 2262 m1 457968 -0 0.5 p-1 -17445 33
1163 2264 m1 460896 0 0.5 p-1 -6304 5
1317 2268 m1 468538 0 0.5 p-1 -87990 14
116 2269 m1 471766 0 0.5 p-1 -2755211 1486
907 2270 m1 472072 0 0.5 p-1 -862819 284
1073 2271 m1 474217 -0 0.5 p-1 -717103 40
401 2274 m1 475789 -0 0.5 p-1 -350933 144
920 2275 m1 476708 0 0.5 p-1 -146648 75
1510 2276 m1 477383 0 0.5 p-1 -13422 1
788 2277 m1 478607 0 0.5 p-1 -291348 96
1168 2279 m1 482019 -0 0.5 p-1 -112440 41
118 2280 m1 483512 0 0.5 p-1 -5212762 1719
695 2282 m1 484338 0 0.5 p-1 -2248887 28
120 2283 m1 487502 -0 0.5 p-1 -2637199 1067
1382 2285 m1 489567 -0 0.5 p-1 -247939 27
515 2287 m1 491359 0 0.5 p-1 -26241 7
1236 2288 m1 492894 0 0.5 p-1 -33009 14
1408 2289 m1 493320 -0 0.5 p-1 -60961 14
1398 2290 m1 494071 -0 0.5 p-1 -108693 7
1481 2291 m1 498639 -0 0.5 p-1 -1288 2
1147 2292 m1 499573 -0 0.5 p-1 -46983 16
1173 2293 m1 502317 -0 0.5 p-1 -5273 3
1566 2294 m1 502910 -0 0.5 p-1 -19304 2
1043 2298 m1 509361 0 0.5 p-1 -319957 32
128 2299 m1 511671 -0 0.5 p-1 -2436284 838
1237 2300 m1 515459 0 0.5 p-1 -186260 12
838 2301 m1 518474 -0 0.5 p-1 -1293920 37
1434 2302 m1 519856 -0 0.5 p-1 -13454 8
1260 2303 m1 520367 -0 0.5 p-1 -10394 19
1116 2304 m1 523751 -0 0.5 p-1 -57895 1
1569 2305 m1 524479 0 0.5 p-1 -19912 1
993 2306 m1 524602 -0 0.5 p-1 -48171 11
594 2309 m1 526219 0 0.5 p-1 -43564 31
1314 2310 m1 526706 -0 0.5 p-1 -227189 7
131 2311 m1 527730 0 0.5 p-1 -2558407 1448
1570 2313 m1 533605 -0 0.5 p-1 -19934 5
1117 2314 m1 534694 0 0.5 p-1 -93377 9
1506 2315 m1 537233 -0 0.5 p-1 -24418 4
136 2316 m1 538202 -0 0.5 p-1 -1035526 859
974 2321 m1 542709 0 0.5 p-1 -17449 15
857 2323 m1 543365 -0 0.5 p-1 -11737 26
297 2325 m1 544616 -0 0.5 p-1 -5092251 470
914 2327 m1 547471 -0 0.5 p-1 -310834 166
739 2328 m1 550186 0 0.5 p-1 -866428 480
138 2329 m1 550341 0 0.5 p-1 -10335750 1595
300 2331 m1 554508 0 0.5 p-1 -268151 224
141 2332 m1 555014 -0 0.5 p-1 -210365 44
560 2333 m1 555887 -0 0.5 p-1 -3083780 307
759 2335 m1 560121 -0 0.5 p-1 -11199732 17
841 2338 m1 563747 0 0.5 p-1 -362103 284
1208 2339 m1 565137 0 0.5 p-1 -30616 17
561 2340 m1 565211 -0 0.5 p-1 -774963 164
1468 2341 m1 567472 -0 0.5 p-1 -17539 2
970 2342 m1 568530 -0 0.5 p-1 -161412 51
1462 2343 m1 569612 0 0.5 p-1 -161817 3
1427 2344 m1 574703 -0 0.5 p-1 -17452 7
859 2345 m1 576245 0 0.5 p-1 -971341 189
790 2347 m1 580523 0 0.5 p-1 -613856 247
1353 2348 m1 581898 -0 0.5 p-1 -115398 11
148 2349 m1 582898 0 0.5 p-1 -410097 93
669 2350 m1 587049 -0 0.5 p-1 -78224 10
1140 2351 m1 587882 -0 0.5 p-1 -595483 94
1612 2352 m1 592775 0 0.5 p-1 -2634 1
1477 2353 m1 599525 0 0.5 p-1 -5188 6
1012 2354 m1 600563 0 0.5 p-1 -33569 34
460 2355 m1 601897 0 0.5 p-1 -44686 28
1461 2357 m1 602363 0 0.5 p-1 -33791 9
908 2359 m1 614212 -0 0.5 p-1 -335021 50
309 2362 m1 621292 0 0.5 p-1 -460208 740
158 2365 m1 623432 0 0.5 p-1 -4054184 1371
871 2366 m1 627478 0 0.5 p-1 -444641 119
311 2367 m1 628097 -0 0.5 p-1 -3616695 1210
563 2368 m1 628530 -0 0.5 p-1 -197558 129
519 2371 m1 634434 -0 0.5 p-1 -29071 32
1548 2372 m1 636385 0 0.5 p-1 -14365 3
160 2373 m1 637267 -0 0.5 p-1 -2100575 778
699 2374 m1 638363 -0 0.5 p-1 -85443 19
1080 2378 m1 644613 -0 0.5 p-1 -88212 60
842 2380 m1 645365 0 0.5 p-1 -459767 26
415 2381 m1 646247 0 0.5 p-1 -417233 188
564 2382 m1 650085 0 0.5 p-1 -129959 74
873 2385 m1 657795 -0 0.5 p-1 -1484733 80
164 2386 m1 658315 -0 0.5 p-1 -1619460 280
165 2387 m1 659225 -0 0.5 p-1 -2627595 165
314 2388 m1 664343 -0 0.5 p-1 -3574882 1405
167 2390 m1 666084 -0 0.5 p-1 -3532318 1510
975 2391 m1 668773 0 0.5 p-1 -178106 64
170 2393 m1 672484 0 0.5 p-1 -2106544 661
315 2394 m1 673618 0 0.5 p-1 -536536 186
805 2395 m1 673730 -0 0.5 p-1 -25159 12
890 2397 m1 676111 0 0.5 p-1 -1623633 108
1212 2398 m1 678624 0 0.5 p-1 -33486 16
521 2400 m1 682155 -0 0.5 p-1 -636326 102
806 2402 m1 686133 0 0.5 p-1 -1949856 299
1000 2403 m1 686856 0 0.5 p-1 -384851 146
1001 2404 m1 688869 0 0.5 p-1 -7161 26
1253 2406 m1 692020 0 0.5 p-1 -20532834 84
1189 2407 m1 693568 -0 0.5 p-1 -180171 8
1047 2408 m1 694280 -0 0.5 p-1 -170099 85
317 2409 m1 697579 -0 0.5 p-1 -1232476 651
807 2410 m1 699153 0 0.5 p-1 -558583 198
1298 2412 m1 705692 0 0.5 p-1 -13534 1
172 2413 m1 705943 -0 0.5 p-1 -6656780 960
1198 2414 m1 707865 0 0.5 p-1 -521373 29
174 2415 m1 708047 -0 0.5 p-1 -3600150 1525
175 2417 m1 708709 0 0.5 p-1 -2094501 450
419 2419 m1 710042 0 0.5 p-1 -2491377 393
1141 2420 m1 715381 0 0.5 p-1 -8785 3
1379 2421 m1 716235 0 0.5 p-1 -82406 2
462 2422 m1 716688 0 0.5 p-1 -5409864 178
1127 2424 m1 720315 0 0.5 p-1 -375682 59
1124 2425 m1 724369 0 0.5 p-1 -1412453 46
177 2426 m1 726719 -0 0.5 p-1 -8205061 1672
1309 2427 m1 727096 0 0.5 p-1 -25823 7
843 2428 m1 728665 0 0.5 p-1 -400930 228
178 2429 m1 729044 -0 0.5 p-1 -72442 73
1094 2431 m1 732305 -0 0.5 p-1 -241179 30
567 2432 m1 739782 0 0.5 p-1 -289654 231
639 2434 m1 743382 -0 0.5 p-1 -95203 4
1358 2435 m1 743578 -0 0.5 p-1 -38638 17
1262 2436 m1 743844 -0 0.5 p-1 -61230 4
766 2438 m1 745699 -0 0.5 p-1 -388538 38
891 2439 m1 747142 0 0.5 p-1 -161292 54
183 2441 m1 754299 0 0.5 p-1 -3857339 1145
1146 2442 m1 756176 0 0.5 p-1 -1083839 15
1118 2444 m1 763562 0 0.5 p-1 -121492 30
466 2445 m1 765486 -0 0.5 p-1 -1277175 386
424 2446 m1 765550 -0 0.5 p-1 -1657 35
186 2447 m1 767970 0 0.5 p-1 -433040 55
675 2448 m1 769900 0 0.5 p-1 -629056 201
1524 2449 m1 770623 -0 0.5 p-1 -3685300 3
525 2450 m1 772253 -0 0.5 p-1 -110031 227
1284 2451 m1 772585 0 0.5 p-1 -94526 17
641 2452 m1 775963 0 0.5 p-1 -131682 110
1415 2455 m1 778934 -0 0.5 p-1 -23946 4
1359 2456 m1 780799 0 0.5 p-1 -68622 15
722 2457 m1 783511 -0 0.5 p-1 -23409 42
1063 2459 m1 787089 -0 0.5 p-1 -1882775 52
328 2463 m1 795115 0 0.5 p-1 -688692 147
1266 2465 m1 797626 -0 0.5 p-1 -10385 13
1392 2466 m1 797929 0 0.5 p-1 -16522 12
1579 2467 m1 800625 -0 0.5 p-1 -19931 3
1281 2468 m1 801733 0 0.5 p-1 -17634 5
470 2469 m1 803939 -0 0.5 p-1 -1671103 294
1396 2471 m1 807316 0 0.5 p-1 -495159 6
892 2474 m1 811740 0 0.5 p-1 -297179 58
647 2476 m1 814130 -0 0.5 p-1 -954770 460
912 2477 m1 814217 -0 0.5 p-1 -16216 40
329 2478 m1 815014 -0 0.5 p-1 -990719 1102
196 2479 m1 815082 -0 0.5 p-1 -7394155 1752
932 2480 m1 815797 -0 0.5 p-1 -230163 154
197 2481 m1 816313 -0 0.5 p-1 -1762530 1193
1267 2482 m1 818476 0 0.5 p-1 -535 5
977 2484 m1 822066 -0 0.5 p-1 -112721 20
1151 2485 m1 822808 -0 0.5 p-1 -117323 28
933 2487 m1 826632 -0 0.5 p-1 -391320 160
330 2488 m1 829184 -0 0.5 p-1 -5369208 135
569 2489 m1 830774 -0 0.5 p-1 -544715 41
332 2491 m1 831458 0 0.5 p-1 -8960332 179
200 2492 m1 834914 0 0.5 p-1 -6456170 1877
677 2493 m1 837507 0 0.5 p-1 -681558 549
1085 2495 m1 838209 -0 0.5 p-1 -40114 68
1604 2496 m1 838326 0 0.5 p-1 -21320 4
809 2499 m1 843219 0 0.5 p-1 -1704136 323
338 2500 m1 844166 -0 0.5 p-1 -785576 37
205 2501 m1 845280 -0 0.5 p-1 -5033022 1601
1155 2502 m1 845885 -0 0.5 p-1 -268748 18
209 2504 m1 849192 0 0.5 p-1 -1218444 1698
1530 2507 m1 852163 -0 0.5 p-1 -6940 2
475 2510 m1 859184 0 0.5 p-1 -12664460 200
212 2511 m1 864354 -0 0.5 p-1 -486905 467
1190 2512 m1 865995 0 0.5 p-1 -36555 39
217 2513 m1 873125 0 0.5 p-1 -3453494 1698
997 2514 m1 882330 0 0.5 p-1 -5832 10
1087 2515 m1 883133 -0 0.5 p-1 -32428 38
845 2516 m1 884242 -0 0.5 p-1 -266003 183
1036 2518 m1 886111 -0 0.5 p-1 -33761 15
1405 2519 m1 887443 -0 0.5 p-1 -23565 1
531 2520 m1 887939 0 0.5 p-1 -2856839 517
477 2521 m1 888496 -0 0.5 p-1 -3416395 619
349 2524 m1 893999 0 0.5 p-1 -377634 453
1377 2526 m1 897306 0 0.5 p-1 -20485 8
532 2527 m1 898118 -0 0.5 p-1 -1791756 256
967 2528 m1 899430 0 0.5 p-1 -25260 25
651 2529 m1 900003 -0 0.5 p-1 -468279 128
533 2530 m1 900357 0 0.5 p-1 -130523 130
350 2531 m1 900876 0 0.5 p-1 -1168699 456
352 2532 m1 902729 -0 0.5 p-1 -1599148 704
1525 2533 m1 902788 0 0.5 p-1 -248468 1
772 2535 m1 910504 -0 0.5 p-1 -143450 120
479 2536 m1 910960 -0 0.5 p-1 -1624131 1116
571 2539 m1 915888 0 0.5 p-1 -300496 124
226 2540 m1 916607 -0 0.5 p-1 -4373750 1689
1340 2541 m1 918049 -0 0.5 p-1 -65397 19
1144 2542 m1 924053 -0 0.5 p-1 -698 14
1356 2543 m1 924856 -0 0.5 p-1 -18123 7
821 2544 m1 925136 -0 0.5 p-1 -75684 111
1177 2546 m1 926299 -0 0.5 p-1 -44731 24
536 2547 m1 926617 -0 0.5 p-1 -246758 146
482 2548 m1 930840 -0 0.5 p-1 -46087 100
537 2551 m1 940451 -0 0.5 p-1 -5199044 339
1590 2554 m1 947875 -0 0.5 p-1 -86716 2
427 2555 m1 952519 0 0.5 p-1 -5462981 472
233 2556 m1 953505 0 0.5 p-1 -2122388 634
484 2557 m1 954947 0 0.5 p-1 -2306719 58
573 2561 m1 960162 0 0.5 p-1 -4500218 650
429 2562 m1 960800 0 0.5 p-1 -248085 77
359 2563 m1 963142 0 0.5 p-1 -574066 267
237 2564 m1 963145 0 0.5 p-1 -3730943 1000
239 2565 m1 964039 -0 0.5 p-1 -605504 8
362 2566 m1 965257 0 0.5 p-1 -686133 325
1201 2567 m1 966933 -0 0.5 p-1 -169832 1
1065 2569 m1 967403 0 0.5 p-1 -57599 15
430 2570 m1 969094 0 0.5 p-1 -982771 417
1202 2572 m1 971718 -0 0.5 p-1 -468715 6
485 2573 m1 972034 -0 0.5 p-1 -1452254 266
574 2574 m1 972550 0 0.5 p-1 -1628432 322
881 2579 m1 987500 -0 0.5 p-1 -534264 94
1547 2580 m1 987998 0 0.5 p-1 -9213 2
1257 2581 m1 994333 0 0.5 p-1 -87175 36
1489 2583 m1 998995 -0 0.5 p-1 -42943 1
