Temp_ID Permanent_ID Mutation_type Position s h Subpop Tick Number
367 0 m2 721 0.0367672369 0.5 p-1 -59839 123
530 2 m2 2225 0.00310679059 0.5 p-1 -4150 2
464 3 m2 5792 -0.0378723927 0.5 p-1 -71261 28
205 5 m2 7084 0.00466344226 0.5 p-1 -7334029 1262
257 6 m2 7394 0.00128649233 0.5 p-1 -1820153 681
297 12 m2 17223 -0.0348559618 0.5 p-1 -1274681 184
0 13 m2 17458 0.0204343982 0.5 p-1 -33573 61
1 14 m2 17647 -0.000272352598 0.5 p-1 -171902 162
258 15 m2 18623 -0.00830623228 0.5 p-1 -571404 19
654 18 m2 24841 -0.0105093149 0.5 p-1 -13025 5
137 20 m2 26571 5.17327462e-05 0.5 p-1 -132844 97
410 21 m2 28713 -2.98086998e-05 0.5 p-1 -11782 22
658 22 m2 28949 -0.0188336838 0.5 p-1 -23221 2
2 23 m2 29118 0.000506775454 0.5 p-1 -5989140 1483
629 24 m2 29796 -0.0447091348 0.5 p-1 -3299 2
266 26 m2 43230 0.000607388385 0.5 p-1 -220521 23
396 27 m2 44508 0.0125428271 0.5 p-1 -139150 31
5 28 m2 44785 0.00472816639 0.5 p-1 -16600849 1611
229 29 m2 47269 -0.0019915523 0.5 p-1 -2304406 443
490 32 m2 54447 -0.0221719425 0.5 p-1 -25482 11
414 33 m2 58356 -0.00826273579 0.5 p-1 -38119 12
317 34 m2 59562 -5.66541894e-06 0.5 p-1 -152835 60
664 36 m2 61265 -0.00155333139 0.5 p-1 -73150 1
661 37 m2 62576 -0.00984135922 0.5 p-1 -8256 1
176 38 m2 63262 1.49645167e-08 0.5 p-1 -273291 225
430 40 m2 74205 -0.000530584948 0.5 p-1 -946058 8
243 41 m2 74583 0.000818812987 0.5 p-1 -1600725 447
578 44 m2 86712 -4.21353434e-06 0.5 p-1 -131087 15
370 45 m2 87073 0.00605573272 0.5 p-1 -5251554 83
177 46 m2 88887 0.0220702291 0.5 p-1 -918360 488
635 47 m2 90281 -0.00211857748 0.5 p-1 -11246 1
454 49 m2 92965 -0.00720075704 0.5 p-1 -1054093 16
92 50 m2 93262 0.000120198762 0.5 p-1 -2229720 1186
583 51 m2 93480 -0.00015045637 0.5 p-1 -104266 8
644 52 m2 93614 -0.000375578151 0.5 p-1 -5886 2
596 53 m2 95604 0.00259308773 0.5 p-1 -11485 9
514 54 m2 97381 -0.00484563364 0.5 p-1 -62133 12
6 55 m2 97416 -7.93795771e-05 0.5 p-1 -4220411 1791
299 56 m2 99758 0.0139321908 0.5 p-1 -465327 89
465 57 m2 102182 0.0016249154 0.5 p-1 -15743 18
259 58 m2 104469 -0.0427611731 0.5 p-1 -323749 34
392 59 m2 104918 0.005927525 0.5 p-1 -98781 56
138 60 m2 108248 -0.0090210028 0.5 p-1 -1177064 497
479 61 m2 112563 -0.00235146191 0.5 p-1 -30502 9
404 62 m2 117085 0.0597604699 0.5 p-1 -24664 52
93 63 m2 122001 -0.00793132652 0.5 p-1 -5048728 540
536 64 m2 125411 -0.0204633828 0.5 p-1 -1805 2
407 66 m2 128359 0.00459732208 0.5 p-1 -730293 40
651 67 m2 129215 0.0139438417 0.5 p-1 -9122 2
140 68 m2 129377 -0.0866003484 0.5 p-1 -733583 527
408 69 m2 129521 0.0074256286 0.5 p-1 -411606 42
671 70 m2 129664 -0.144271508 0.5 p-1 -9193 2
7 71 m2 133074 0.00590852555 0.5 p-1 -2213440 1367
362 72 m2 134240 0.00268957904 0.5 p-1 -18912 11
670 73 m2 134852 -0.0190713387 0.5 p-1 -3069 1
141 74 m2 135172 0.000944228843 0.5 p-1 -101747 40
142 75 m2 135384 -0.00490237074 0.5 p-1 -1334634 128
94 76 m2 138890 -0.000366901222 0.5 p-1 -1562415 710
267 77 m2 140290 -0.00294989371 0.5 p-1 -2456679 278
460 79 m2 141220 0.000331641932 0.5 p-1 -16360 8
350 80 m2 141307 0.026826987 0.5 p-1 -105315 69
562 81 m2 144608 0.0169158913 0.5 p-1 -752 3
331 82 m2 147058 0.0675093234 0.5 p-1 -240377 14
534 83 m2 148825 -0.01273097 0.5 p-1 -1238539 11
397 86 m2 157308 0.000733451569 0.5 p-1 -2637298 31
605 87 m2 158768 -0.031358283 0.5 p-1 -165451 2
577 88 m2 160637 -0.000346645305 0.5 p-1 -31639 13
96 89 m2 161419 -0.000204856944 0.5 p-1 -2528341 363
10 90 m2 161428 -0.000313316908 0.5 p-1 -734068 386
610 91 m2 161479 -0.0639886707 0.5 p-1 -96941 23
368 92 m2 165134 -0.00160223013 0.5 p-1 -520576 173
482 94 m2 165393 0.00232551526 0.5 p-1 -711 6
369 95 m2 166169 -1.29232767e-05 0.5 p-1 -62161 165
179 96 m2 168709 -6.71046837e-06 0.5 p-1 -620038 449
351 98 m2 173653 -0.000843196467 0.5 p-1 -1986980 28
385 99 m2 175285 0.00224344572 0.5 p-1 -70282 43
268 100 m2 175414 0.0173299089 0.5 p-1 -234952 33
450 101 m2 175842 -0.0359143019 0.5 p-1 -442356 48
565 102 m2 177308 0.000160842086 0.5 p-1 -1322717 21
509 103 m2 179200 -0.0020864394 0.5 p-1 -48487 8
280 104 m2 183747 -0.000207398625 0.5 p-1 -855511 600
180 105 m2 184727 -2.44889579e-05 0.5 p-1 -3952516 761
332 107 m2 185409 -0.00150570658 0.5 p-1 -101455 44
669 110 m2 189405 -0.00272031757 0.5 p-1 -35037 2
181 111 m2 190886 0.0064944895 0.5 p-1 -692062 291
409 113 m2 193638 0.00522919698 0.5 p-1 -125284 56
594 114 m2 195215 0.00142817991 0.5 p-1 -11038 7
13 115 m2 199508 -0.000497973058 0.5 p-1 -2259260 1158
458 116 m2 202996 0.0028136184 0.5 p-1 -49129 24
447 117 m2 204992 -0.0090745464 0.5 p-1 -344318 50
526 119 m2 209965 0.00153324602 0.5 p-1 -340113 29
15 120 m2 211936 1.82917756e-05 0.5 p-1 -2521425 1609
473 122 m2 214214 -0.00824661553 0.5 p-1 -5128 15
373 123 m2 214217 0.00162692659 0.5 p-1 -70514 104
144 125 m2 218844 0.00124962488 0.5 p-1 -5262129 1260
97 126 m2 221075 -0.0324956253 0.5 p-1 -2197818 277
655 128 m2 226113 0.000213952677 0.5 p-1 -342 4
576 129 m2 226648 -4.92495246e-07 0.5 p-1 -72355 7
183 130 m2 228866 0.000285357732 0.5 p-1 -1777119 759
231 133 m2 230892 -0.00566951279 0.5 p-1 -199062 224
98 134 m2 231045 -2.80614334e-11 0.5 p-1 -50008 33
517 136 m2 231539 -0.0106886961 0.5 p-1 -143211 11
313 137 m2 233825 -0.022484567 0.5 p-1 -432915 13
602 138 m2 234913 0.000505438307 0.5 p-1 -32048 7
207 139 m2 236786 -0.00348043372 0.5 p-1 -6639633 220
208 144 m2 245713 -0.00231324928 0.5 p-1 -197730 298
574 145 m2 246320 0.0028417299 0.5 p-1 -416220 21
445 146 m2 246339 -0.00436365884 0.5 p-1 -57364 19
548 148 m2 253086 5.46503259e-07 0.5 p-1 -6086 1
232 149 m2 253835 6.72675305e-05 0.5 p-1 -451096 227
100 150 m2 255068 0.00212018937 0.5 p-1 -547184 379
17 151 m2 255536 -0.0619043037 0.5 p-1 -15601236 1417
386 152 m2 256177 -5.7376343e-07 0.5 p-1 -2070262 127
145 153 m2 260663 -0.00490918523 0.5 p-1 -167290 35
245 154 m2 261811 0.00289403927 0.5 p-1 -3120079 338
307 155 m2 265241 0.06892775 0.5 p-1 -1057662 229
146 156 m2 265630 -0.000662966573 0.5 p-1 -282812 93
210 157 m2 265848 0.00940385275 0.5 p-1 -285025 165
489 158 m2 268553 0.229444295 0.5 p-1 -4964 14
606 159 m2 276686 -0.0659261718 0.5 p-1 -27070 13
211 160 m2 278344 2.05297401e-05 0.5 p-1 -657743 333
20 161 m2 278354 0.0238216296 0.5 p-1 -433471 301
21 162 m2 278562 -0.00018775824 0.5 p-1 -772118 761
147 164 m2 280194 -0.000755497196 0.5 p-1 -4415061 554
436 165 m2 280571 5.42571797e-05 0.5 p-1 -103181 67
541 167 m2 283331 -0.0128542148 0.5 p-1 -17854 15
101 168 m2 283579 0.000346718967 0.5 p-1 -1662647 429
542 169 m2 285482 -0.00502041215 0.5 p-1 -19494 14
22 170 m2 285826 0.0299567468 0.5 p-1 -2341724 1897
474 171 m2 286479 0.0111050634 0.5 p-1 -39206 13
23 172 m2 286819 -0.00552818691 0.5 p-1 -9082459 441
102 173 m2 287710 0.00639738515 0.5 p-1 -8572589 1625
24 174 m2 292246 -0.00644627586 0.5 p-1 -6275030 1814
472 175 m2 293507 0.0119308196 0.5 p-1 -16572 14
281 176 m2 296959 -0.0240487121 0.5 p-1 -91114 130
438 177 m2 297802 -0.000571624667 0.5 p-1 -128152 37
487 178 m2 298481 -0.00150326302 0.5 p-1 -127197 33
25 179 m2 303480 0.00247535785 0.5 p-1 -895303 101
364 180 m2 303839 0.0190662574 0.5 p-1 -150713 31
672 182 m2 307310 -0.000455596164 0.5 p-1 -1211 1
148 183 m2 308487 0.00699533336 0.5 p-1 -664792 349
393 184 m2 309021 -2.87946095e-05 0.5 p-1 -139211 74
103 185 m2 310751 2.29070374e-05 0.5 p-1 -441140 161
420 186 m2 313983 0.000460850366 0.5 p-1 -706942 14
26 187 m2 316819 -0.0728703588 0.5 p-1 -3587424 1775
27 188 m2 317227 0.00506517058 0.5 p-1 -154236 72
213 189 m2 318367 -0.0215729009 0.5 p-1 -497798 327
308 191 m2 323398 -5.40482797e-05 0.5 p-1 -143144 60
432 195 m2 329082 0.000618495978 0.5 p-1 -386310 43
616 196 m2 329869 0.00011880252 0.5 p-1 -42674 6
151 197 m2 331770 -0.0185672864 0.5 p-1 -705532 1043
340 199 m2 334490 0.0359217599 0.5 p-1 -116496 147
570 200 m2 337137 6.86985322e-06 0.5 p-1 -738 10
28 201 m2 337413 -0.00990344584 0.5 p-1 -3441177 1703
246 202 m2 338795 -0.000670476293 0.5 p-1 -186328 228
185 203 m2 346545 -0.00371966325 0.5 p-1 -9381647 593
493 204 m2 347096 -0.00334043126 0.5 p-1 -46478 13
247 206 m2 348473 -0.00245655444 0.5 p-1 -43554 47
615 207 m2 349950 -0.0377432555 0.5 p-1 -6709 7
29 209 m2 351300 0.00174388057 0.5 p-1 -3495435 317
214 210 m2 352476 0.0540271811 0.5 p-1 -2507065 705
30 211 m2 352642 0.000240470094 0.5 p-1 -5479257 1526
32 213 m2 355105 0.000180674586 0.5 p-1 -6664238 397
33 214 m2 355633 0.0834630579 0.5 p-1 -2337767 553
215 215 m2 357430 -0.00930308364 0.5 p-1 -1517495 472
34 217 m2 363231 0.00123964809 0.5 p-1 -2246296 1767
186 218 m2 363973 0.00828250404 0.5 p-1 -74017 15
152 219 m2 366147 -0.0354698747 0.5 p-1 -3205284 176
35 220 m2 367685 -0.000376205979 0.5 p-1 -6252738 858
153 221 m2 368220 0.00455844542 0.5 p-1 -1062300 113
309 222 m2 377667 -0.00940978061 0.5 p-1 -76730 3
642 223 m2 378089 -0.000105447405 0.5 p-1 -825 1
649 225 m2 379598 -0.00482107559 0.5 p-1 -1590 4
477 226 m2 379608 7.25132995e-05 0.5 p-1 -77207 77
37 227 m2 379687 0.000148729145 0.5 p-1 -4108571 1812
533 228 m2 380780 -0.0138614913 0.5 p-1 -319500 10
586 229 m2 382729 0.000626471185 0.5 p-1 -70228 6
483 231 m2 383826 -0.00118271087 0.5 p-1 -21858 4
439 232 m2 385157 -0.000816640153 0.5 p-1 -197860 66
513 234 m2 388706 0.0182805005 0.5 p-1 -29572 3
155 235 m2 389212 0.0891478658 0.5 p-1 -8517580 1394
38 236 m2 390181 0.00548579916 0.5 p-1 -1948135 1296
39 237 m2 391776 0.00808022171 0.5 p-1 -2202049 730
352 238 m2 392653 -0.0107064182 0.5 p-1 -340513 57
478 240 m2 397915 0.000227462646 0.5 p-1 -1519014 51
455 241 m2 398019 -0.000208467216 0.5 p-1 -35464 21
156 242 m2 401939 0.00745136989 0.5 p-1 -2262423 587
416 244 m2 408033 2.24218957e-06 0.5 p-1 -296956 45
216 245 m2 409858 0.0653221533 0.5 p-1 -1021678 159
157 246 m2 410364 -0.000155691348 0.5 p-1 -340972 192
233 248 m2 412861 -0.0475163162 0.5 p-1 -2444133 684
269 249 m2 414977 -0.00220697513 0.5 p-1 -620331 109
328 250 m2 415534 -0.000366445922 0.5 p-1 -106657 55
611 253 m2 417719 0.00121877016 0.5 p-1 -3604 2
106 254 m2 418086 0.00276125548 0.5 p-1 -915164 296
363 255 m2 418638 -0.057972949 0.5 p-1 -1364195 57
663 256 m2 419725 -0.00135352893 0.5 p-1 -30770 2
398 257 m2 420257 -8.89698858e-05 0.5 p-1 -70352 89
217 262 m2 427353 0.0128747365 0.5 p-1 -2293626 367
107 263 m2 428704 -7.51359985e-05 0.5 p-1 -2216204 1107
433 264 m2 429515 -0.00571175199 0.5 p-1 -225819 20
355 266 m2 430737 0.00413258933 0.5 p-1 -93125 47
108 268 m2 432897 -0.0109374039 0.5 p-1 -1570316 1297
283 269 m2 434312 0.0118551394 0.5 p-1 -52268 200
109 270 m2 438562 0.00950088259 0.5 p-1 -1683955 722
187 271 m2 438720 -0.0140495272 0.5 p-1 -495062 233
234 272 m2 439066 -0.0130756842 0.5 p-1 -494232 123
424 273 m2 439332 -0.0766064674 0.5 p-1 -158224 60
40 274 m2 440106 0.0367017239 0.5 p-1 -8860294 1963
660 275 m2 440377 -0.00137176062 0.5 p-1 -695 3
42 279 m2 448475 1.19148854e-05 0.5 p-1 -2535504 852
270 282 m2 456402 -0.000424035767 0.5 p-1 -410507 383
320 283 m2 456513 -1.27886415e-06 0.5 p-1 -1154877 77
680 284 m2 459908 -0.00219426746 0.5 p-1 -1434 1
582 285 m2 460122 -0.00932881702 0.5 p-1 -3952 7
160 287 m2 465190 -0.00947138947 0.5 p-1 -267456 157
323 288 m2 466129 -6.84756305e-05 0.5 p-1 -305136 169
484 289 m2 466772 0.0015648104 0.5 p-1 -139671 52
314 290 m2 469753 0.0129335113 0.5 p-1 -101675 92
310 291 m2 470061 -0.00819658209 0.5 p-1 -673284 87
389 293 m2 474272 0.0205019787 0.5 p-1 -86470 35
626 294 m2 475428 -0.0219421778 0.5 p-1 -38782 3
545 295 m2 479595 -0.00348484889 0.5 p-1 -163547 7
525 298 m2 485775 -0.0193070881 0.5 p-1 -210081 24
236 299 m2 485810 -0.00219390611 0.5 p-1 -412880 645
399 300 m2 487674 0.000231060927 0.5 p-1 -467232 62
491 301 m2 491497 0.0182133522 0.5 p-1 -642171 59
417 302 m2 491761 -0.00228589843 0.5 p-1 -692562 42
44 304 m2 492624 -0.0010737764 0.5 p-1 -3159029 1756
271 307 m2 497982 -7.02286634e-05 0.5 p-1 -1863885 363
357 308 m2 498062 -8.54259179e-06 0.5 p-1 -432667 46
325 309 m2 499368 0.0165479407 0.5 p-1 -399902 58
218 310 m2 501219 0.00146146084 0.5 p-1 -1653283 315
219 312 m2 501459 0.000206219542 0.5 p-1 -1004344 334
110 313 m2 502080 -2.24156679e-07 0.5 p-1 -2033266 801
678 314 m2 502778 -0.000405988045 0.5 p-1 -66496 1
161 315 m2 504041 -0.015747847 0.5 p-1 -1667900 804
402 316 m2 505650 -0.00287163258 0.5 p-1 -822619 115
237 317 m2 508575 -0.00128152943 0.5 p-1 -1243633 371
238 319 m2 512653 0.01197288 0.5 p-1 -5579403 220
607 321 m2 516932 0.00677417405 0.5 p-1 -30367 5
111 322 m2 517099 0.000395474548 0.5 p-1 -3522227 1378
45 323 m2 518127 0.000467627397 0.5 p-1 -3023740 1596
249 324 m2 518215 -0.00189840398 0.5 p-1 -2756789 216
358 325 m2 520321 -0.000764393946 0.5 p-1 -197397 259
46 326 m2 523966 0.000767801946 0.5 p-1 -392813 99
531 328 m2 525302 0.000866621616 0.5 p-1 -280424 7
528 329 m2 526769 -0.00268664397 0.5 p-1 -836545 43
342 330 m2 527112 0.0130593376 0.5 p-1 -21292 23
639 331 m2 527830 0.00551748322 0.5 p-1 -277 2
462 332 m2 528148 2.60382915e-08 0.5 p-1 -37129 25
47 333 m2 529630 0.0444671325 0.5 p-1 -836587 527
662 334 m2 532420 -0.000656859018 0.5 p-1 -1415 1
48 335 m2 534078 1.58926214e-05 0.5 p-1 -591033 1337
311 336 m2 534309 0.000919557177 0.5 p-1 -4237597 17
617 337 m2 534804 0.0386977531 0.5 p-1 -2437 3
551 338 m2 536973 0.00201330567 0.5 p-1 -294967 1
453 340 m2 537501 0.0217628926 0.5 p-1 -75077 29
564 342 m2 539065 -2.16000831e-06 0.5 p-1 -355310 8
49 343 m2 539183 -6.38573983e-05 0.5 p-1 -4148488 1216
272 346 m2 543054 -0.00861125905 0.5 p-1 -119862 14
682 347 m2 544107 -4.88389276e-08 0.5 p-1 -9686 1
374 348 m2 544489 0.0191723406 0.5 p-1 -280391 255
492 349 m2 545272 0.00851268973 0.5 p-1 -52069 16
50 351 m2 551709 0.000194581124 0.5 p-1 -3254930 1522
51 354 m2 558157 -0.00237179897 0.5 p-1 -3005076 1761
52 355 m2 558210 9.1853457e-05 0.5 p-1 -2131109 1479
53 358 m2 564279 -0.0229032896 0.5 p-1 -2573421 1530
418 359 m2 565036 0.0323526263 0.5 p-1 -50984 43
633 360 m2 571315 -0.0091728894 0.5 p-1 -19055 7
343 361 m2 571901 0.00335676968 0.5 p-1 -70529 77
190 362 m2 573864 0.00665109651 0.5 p-1 -223775 32
620 363 m2 574019 -4.88449565e-08 0.5 p-1 -23701 9
301 364 m2 574906 -0.00723615289 0.5 p-1 -702051 260
519 365 m2 575707 0.00306757074 0.5 p-1 -86947 30
54 366 m2 576120 -0.000810972997 0.5 p-1 -6042624 1989
614 367 m2 580421 0.0141078653 0.5 p-1 -93697 13
285 368 m2 580523 -0.00137608906 0.5 p-1 -121916 127
250 369 m2 582614 0.000392654503 0.5 p-1 -4765198 544
318 370 m2 583156 -2.55437751e-08 0.5 p-1 -138619 37
579 371 m2 583498 -3.48229332e-05 0.5 p-1 -803 8
162 373 m2 587385 0.0115199536 0.5 p-1 -1274294 888
112 374 m2 588263 1.20171208e-05 0.5 p-1 -4006837 34
302 375 m2 590592 -0.000161830962 0.5 p-1 -199064 113
518 377 m2 591660 0.0253279824 0.5 p-1 -15283 15
537 378 m2 592529 -0.000298036146 0.5 p-1 -81559 4
601 379 m2 592692 0.00107160723 0.5 p-1 -60363 12
400 380 m2 594512 0.0257553309 0.5 p-1 -31659 18
516 383 m2 596108 0.0156774074 0.5 p-1 -210159 34
163 384 m2 597008 0.0386887342 0.5 p-1 -362492 358
164 385 m2 597123 0.00157286599 0.5 p-1 -950852 366
621 387 m2 599320 0.000729140418 0.5 p-1 -102871 2
507 389 m2 601328 -0.000163592253 0.5 p-1 -99060 14
419 390 m2 603443 0.0111176446 0.5 p-1 -413259 108
632 392 m2 605491 -0.0179729294 0.5 p-1 -15061 2
622 393 m2 606955 -0.000637293444 0.5 p-1 -2144 3
273 395 m2 607448 0.00153737154 0.5 p-1 -2782776 499
581 397 m2 608965 1.4690256e-10 0.5 p-1 -6279 3
403 398 m2 609597 -5.40695844e-09 0.5 p-1 -203267 20
353 399 m2 618571 0.010104469 0.5 p-1 -525624 135
165 401 m2 625893 0.000185496494 0.5 p-1 -34011 48
113 402 m2 626697 0.000317423779 0.5 p-1 -1469510 1049
58 404 m2 631167 -1.70833676e-08 0.5 p-1 -622426 543
345 406 m2 638237 0.00605017412 0.5 p-1 -138039 24
683 407 m2 641382 -1.31747302e-05 0.5 p-1 -31766 1
567 408 m2 645871 -3.72515494e-08 0.5 p-1 -32288 4
59 409 m2 646139 0.0011422867 0.5 p-1 -6541699 1672
380 410 m2 648340 -1.0559952e-08 0.5 p-1 -5358 4
668 411 m2 648347 -0.00392212206 0.5 p-1 -41100 2
381 412 m2 648486 1.17100751e-09 0.5 p-1 -1528049 114
500 413 m2 648599 0.0140737565 0.5 p-1 -7233 3
347 415 m2 650776 0.0843149424 0.5 p-1 -455205 221
286 420 m2 662068 0.0188297555 0.5 p-1 -361990 259
114 424 m2 665970 0.000389410037 0.5 p-1 -1859424 1350
252 425 m2 669742 -0.023469219 0.5 p-1 -353747 116
348 427 m2 670837 0.01069686 0.5 p-1 -37761 46
253 428 m2 670887 1.55232792e-05 0.5 p-1 -7965243 847
540 429 m2 671755 0.00036031616 0.5 p-1 -6024 3
425 430 m2 675555 -0.0165986437 0.5 p-1 -1145903 9
61 432 m2 677627 0.00176119048 0.5 p-1 -2361518 741
193 433 m2 678596 0.00375550799 0.5 p-1 -415866 106
498 434 m2 678725 0.00984909385 0.5 p-1 -15492 10
630 436 m2 684857 -0.000946426531 0.5 p-1 -46144 8
394 437 m2 685202 0.00537781185 0.5 p-1 -85259 62
421 438 m2 685484 -0.00169832399 0.5 p-1 -205144 53
554 440 m2 687521 0.0216193143 0.5 p-1 -8649 2
287 441 m2 689034 0.00530206552 0.5 p-1 -1209606 246
426 443 m2 690331 3.32786132e-10 0.5 p-1 -16168 7
387 445 m2 695368 -0.0484735593 0.5 p-1 -4495043 119
115 446 m2 695817 -0.0111675989 0.5 p-1 -745558 281
265 447 m2 695867 8.44616079e-06 0.5 p-1 -1525810 323
221 448 m2 697067 -0.000164871002 0.5 p-1 -1513328 305
435 450 m2 698143 0.000714439666 0.5 p-1 -67517 18
288 451 m2 699477 -1.18955018e-06 0.5 p-1 -540772 395
64 452 m2 700856 0.000853136356 0.5 p-1 -1025530 184
289 453 m2 702431 -0.00126588799 0.5 p-1 -2109731 318
290 454 m2 703487 -0.000489730795 0.5 p-1 -745057 188
336 456 m2 703872 -0.000659480516 0.5 p-1 -2355946 256
388 457 m2 703956 0.00108484935 0.5 p-1 -36012 1
65 458 m2 707049 -0.0036483265 0.5 p-1 -2449163 1209
568 459 m2 714078 -0.0067054173 0.5 p-1 -81778 5
467 460 m2 716072 -0.0102118114 0.5 p-1 -118031 35
375 462 m2 721035 2.21569274e-09 0.5 p-1 -90974 96
194 464 m2 723527 -0.00875707157 0.5 p-1 -321763 94
485 465 m2 726255 0.0478486009 0.5 p-1 -3960 16
641 466 m2 727850 -0.00490943063 0.5 p-1 -28527 9
66 467 m2 730847 -0.000664375024 0.5 p-1 -3014822 1967
520 468 m2 731208 -7.36664588e-05 0.5 p-1 -45149 32
371 469 m2 731685 -0.00175143266 0.5 p-1 -17985 22
338 470 m2 732724 6.25763932e-05 0.5 p-1 -726573 195
195 472 m2 736258 -0.0190322064 0.5 p-1 -5048043 1167
166 474 m2 738150 0.0127267698 0.5 p-1 -2872269 479
676 475 m2 738405 7.03978949e-05 0.5 p-1 -10938 1
67 477 m2 740963 -0.0100335665 0.5 p-1 -3120911 1384
561 478 m2 745746 -0.00841494184 0.5 p-1 -2241 2
303 479 m2 746207 -0.00914682727 0.5 p-1 -2641400 310
623 480 m2 746854 -0.000904573128 0.5 p-1 -1189 2
68 483 m2 747821 -6.60991718e-05 0.5 p-1 -1962493 1498
499 484 m2 749613 -3.63834297e-05 0.5 p-1 -65639 3
667 485 m2 751171 -0.000736475631 0.5 p-1 -37540 1
585 486 m2 751317 -0.0170185324 0.5 p-1 -610322 18
291 487 m2 752090 -2.39130732e-05 0.5 p-1 -230947 174
69 488 m2 752444 0.0119851194 0.5 p-1 -578870 17
656 489 m2 753752 -0.00726637058 0.5 p-1 -88977 7
118 490 m2 754106 -0.00122712948 0.5 p-1 -1686865 250
549 491 m2 754254 -0.0014127891 0.5 p-1 -203822 19
377 492 m2 754505 8.4647418e-08 0.5 p-1 -132269 34
486 493 m2 755496 0.00808463711 0.5 p-1 -317498 19
365 494 m2 761474 4.38344068e-06 0.5 p-1 -934003 101
119 495 m2 766856 0.00108844216 0.5 p-1 -2491168 992
120 496 m2 767143 -0.00616047345 0.5 p-1 -1551746 797
645 497 m2 768855 -5.83671645e-05 0.5 p-1 -584 1
254 499 m2 773753 1.24660369e-06 0.5 p-1 -193034 46
240 500 m2 779542 -0.00206690701 0.5 p-1 -1075038 798
319 501 m2 781491 -0.00080143183 0.5 p-1 -214475 23
72 502 m2 782966 -0.0009845366 0.5 p-1 -2138065 1851
167 503 m2 784303 4.39536102e-10 0.5 p-1 -1272699 401
73 504 m2 785652 0.000103048522 0.5 p-1 -2469119 1201
469 506 m2 789214 0.000326337788 0.5 p-1 -210467 46
608 508 m2 790310 0.00810601935 0.5 p-1 -17584 2
121 509 m2 790793 0.000134060436 0.5 p-1 -4119984 437
501 513 m2 796721 -0.0108546335 0.5 p-1 -152775 23
339 514 m2 797075 0.0866204873 0.5 p-1 -631167 240
196 515 m2 799449 0.0746917725 0.5 p-1 -882526 1302
544 516 m2 800148 1.68458483e-10 0.5 p-1 -16948 9
197 517 m2 801345 0.00563838053 0.5 p-1 -1180569 997
122 520 m2 803058 0.000647892884 0.5 p-1 -6222079 1142
316 521 m2 804577 0.0253079776 0.5 p-1 -1252325 155
292 522 m2 804784 -0.000760503113 0.5 p-1 -8551 112
223 524 m2 806128 6.88752407e-05 0.5 p-1 -37002 24
198 525 m2 813395 0.00274679181 0.5 p-1 -1514982 345
627 526 m2 813782 -1.02901785e-08 0.5 p-1 -16432 3
446 527 m2 816199 -0.000187109705 0.5 p-1 -107953 15
75 528 m2 816697 -0.00952365249 0.5 p-1 -6002182 1847
556 529 m2 817648 -0.000671456684 0.5 p-1 -153708 37
199 531 m2 820157 8.12842518e-06 0.5 p-1 -885836 112
599 532 m2 821117 0.000494694337 0.5 p-1 -11883 6
77 533 m2 821281 -0.0110253431 0.5 p-1 -3509253 1217
466 535 m2 829355 -0.00961565971 0.5 p-1 -28146 13
304 536 m2 831400 -0.00040661986 0.5 p-1 -736135 453
241 537 m2 832322 0.000318078091 0.5 p-1 -10254818 256
168 538 m2 833273 3.09228221e-06 0.5 p-1 -896124 470
293 539 m2 833360 0.000293554738 0.5 p-1 -75311 115
169 541 m2 833956 -0.0220490582 0.5 p-1 -1499953 453
200 544 m2 843136 0.00788052008 0.5 p-1 -13895249 154
604 545 m2 843282 -0.00803165138 0.5 p-1 -29382 7
580 546 m2 843833 5.77816172e-05 0.5 p-1 -2551 3
451 547 m2 847090 -0.00319584389 0.5 p-1 -1381759 28
276 548 m2 849390 0.00344906002 0.5 p-1 -734575 349
124 549 m2 849613 0.000114959817 0.5 p-1 -1305145 11
277 552 m2 859257 -0.00302182534 0.5 p-1 -2153443 47
552 553 m2 860048 -0.0210795421 0.5 p-1 -276605 15
653 554 m2 860972 0.000185816345 0.5 p-1 -6535 1
359 555 m2 861903 0.00163657148 0.5 p-1 -325192 97
360 556 m2 862197 -0.00401427085 0.5 p-1 -243069 98
79 559 m2 868131 1.89990203e-06 0.5 p-1 -8826292 1961
550 560 m2 868783 4.43240679e-05 0.5 p-1 -4913 4
80 563 m2 870022 -0.000164082478 0.5 p-1 -2593385 1639
406 564 m2 870712 -1.43897364e-06 0.5 p-1 -120001 58
557 565 m2 873836 -0.00781272445 0.5 p-1 -16583 1
225 566 m2 874740 -0.00449644262 0.5 p-1 -1773276 313
305 568 m2 879596 2.33261653e-05 0.5 p-1 -12234642 399
379 569 m2 879918 0.00013684752 0.5 p-1 -100396 80
226 570 m2 884534 -0.0696520656 0.5 p-1 -11950600 453
349 572 m2 887847 0.0233321488 0.5 p-1 -960358 281
390 573 m2 888974 -5.0941806e-05 0.5 p-1 -836235 29
295 574 m2 897736 -0.0218317937 0.5 p-1 -1152985 414
413 575 m2 900844 0.000899236999 0.5 p-1 -41449 13
127 576 m2 901069 -6.4215601e-06 0.5 p-1 -1565473 1483
457 577 m2 901995 0.00172610243 0.5 p-1 -2443 4
256 578 m2 904417 0.000126512721 0.5 p-1 -2223453 53
227 581 m2 908476 0.00175224349 0.5 p-1 -2164618 393
128 582 m2 908885 2.6202928e-05 0.5 p-1 -748961 44
228 584 m2 914544 -7.0405702e-05 0.5 p-1 -387373 145
171 585 m2 918914 0.00353322108 0.5 p-1 -2317412 995
201 586 m2 919769 -0.000113122842 0.5 p-1 -3080220 196
452 587 m2 919811 0.00107513706 0.5 p-1 -1576 10
337 588 m2 921854 3.79658047e-07 0.5 p-1 -306940 119
83 590 m2 927265 -0.0153820077 0.5 p-1 -2047237 1746
172 591 m2 929857 0.000628216891 0.5 p-1 -535275 693
296 592 m2 930180 2.61163018e-06 0.5 p-1 -4788 110
505 593 m2 930421 -0.00186973973 0.5 p-1 -75298 27
444 596 m2 934055 0.00842841063 0.5 p-1 -27880 8
84 597 m2 936085 -0.000446648221 0.5 p-1 -6217358 573
306 598 m2 937220 3.21697735e-05 0.5 p-1 -290569 212
242 599 m2 937594 0.00920492318 0.5 p-1 -132151 25
202 601 m2 941364 0.00168259616 0.5 p-1 -1098821 465
86 602 m2 943511 -1.34360007e-05 0.5 p-1 -1195572 567
470 603 m2 947863 -0.000578225648 0.5 p-1 -8120 7
449 604 m2 950683 5.95986567e-05 0.5 p-1 -76234 24
382 605 m2 951162 -0.0364961885 0.5 p-1 -699806 99
87 607 m2 955278 0.0112323659 0.5 p-1 -2228468 27
203 608 m2 955374 -1.45850381e-05 0.5 p-1 -469603 113
129 609 m2 956060 0.0164365023 0.5 p-1 -6645651 1428
173 611 m2 959225 0.000114482944 0.5 p-1 -201791 62
204 614 m2 963205 -0.00648837583 0.5 p-1 -1728366 209
471 615 m2 963585 0.081115514 0.5 p-1 -93548 49
383 616 m2 965616 -0.0512251891 0.5 p-1 -1004627 53
89 617 m2 966822 -6.19128259e-05 0.5 p-1 -5242349 624
508 618 m2 968345 0.000150100241 0.5 p-1 -2753 10
132 619 m2 970299 0.0502944067 0.5 p-1 -535035 158
558 621 m2 972886 1.16836827e-05 0.5 p-1 -347223 17
174 622 m2 973554 -0.000906316563 0.5 p-1 -3120302 1652
133 623 m2 976627 0.0158718061 0.5 p-1 -6593993 1036
134 624 m2 981259 2.61769655e-05 0.5 p-1 -1940429 349
659 626 m2 988830 -0.0226538759 0.5 p-1 -24484 5
476 627 m2 989541 -0.00127934688 0.5 p-1 -6533628 147
609 646 m2 305088 0.00359705673 0.5 p0 2 1
637 649 m2 851321 0.00608590199 0.5 p0 2 1
523 652 m2 7854 -0.0159257781 0.5 p0 2 6
666 662 m2 829467 0.000976012205 0.5 p0 2 3
675 665 m2 490365 -0.00194129767 0.5 p0 2 1
497 667 m2 633909 -0.0139158797 0.5 p0 2 3
502 669 m2 203296 0.00356599456 0.5 p0 2 4
643 670 m2 637968 -0.0147522241 0.5 p0 2 1
684 672 m2 29274 -0.000505619159 0.5 p0 2 1
625 680 m2 593839 -0.0043230122 0.5 p0 2 2
648 681 m2 854674 0.0333018713 0.5 p0 2 3
547 683 m2 825995 -0.0241307598 0.5 p0 2 2
600 685 m2 542260 -0.000104323117 0.5 p0 2 2
504 689 m2 798971 -0.0514191873 0.5 p0 2 1
665 692 m2 138699 -0.000355790515 0.5 p0 2 1
555 693 m2 948964 0.000678729499 0.5 p0 2 4
543 694 m2 471826 0.00198573712 0.5 p0 2 2
677 700 m2 43972 0.00754252216 0.5 p0 2 1
619 703 m2 731652 0.000576529361 0.5 p0 2 2
560 707 m2 172415 0.000542514492 0.5 p0 2 2
588 709 m2 368222 -0.00177452038 0.5 p0 2 1
673 713 m2 247284 9.93916615e-07 0.5 p0 2 1
575 724 m2 497567 0.000826749718 0.5 p0 2 1
593 725 m2 246856 -0.0129591497 0.5 p0 2 2
589 727 m2 498653 -8.65023893e-08 0.5 p0 2 2
679 728 m2 93641 0.00550502678 0.5 p0 2 1
657 729 m2 165558 0.0207070634 0.5 p0 2 1
563 730 m2 692667 0.0436610729 0.5 p0 2 1
527 731 m2 278371 0.0100792013 0.5 p0 2 2
650 732 m2 589117 1.46407538e-05 0.5 p0 2 5
361 738 m2 952576 -0.0355659463 0.5 p0 2 3
324 742 m2 486266 0.00319179124 0.5 p0 2 2
592 743 m2 690791 -0.0178342946 0.5 p0 2 2
674 744 m2 448976 3.5548253e-06 0.5 p0 2 1
448 748 m2 601787 -0.013716395 0.5 p0 2 7
647 749 m2 144702 0.000516771921 0.5 p0 2 1
613 751 m2 755909 -0.0384546779 0.5 p0 2 1
681 752 m2 585047 0.0077786711 0.5 p0 2 2
646 753 m2 488299 9.02502579e-05 0.5 p0 2 1
91 755 m1 47 0 0.5 p-1 -162237 48
175 756 m1 8605 0 0.5 p-1 -5819360 1117
135 757 m1 19094 0 0.5 p-1 -755340 345
136 758 m1 20341 0 0.5 p-1 -633434 122
573 759 m1 20765 -0 0.5 p-1 -22127 6
3 760 m1 30585 -0 0.5 p-1 -531422 293
4 761 m1 34026 -0 0.5 p-1 -3491227 764
638 762 m1 35165 0 0.5 p-1 -20245 2
423 763 m1 52184 -0 0.5 p-1 -9141 27
230 764 m1 53505 -0 0.5 p-1 -186671 85
598 765 m1 54452 0 0.5 p-1 -2158 3
278 766 m1 58383 0 0.5 p-1 -275522 234
571 767 m1 61924 0 0.5 p-1 -119986 13
522 768 m1 68002 -0 0.5 p-1 -45760 18
524 769 m1 69618 0 0.5 p-1 -69825 10
322 770 m1 70042 -0 0.5 p-1 -156848 243
427 771 m1 73646 -0 0.5 p-1 -347368 18
384 772 m1 79730 -0 0.5 p-1 -153805 29
391 773 m1 86010 0 0.5 p-1 -62381 54
298 775 m1 88849 -0 0.5 p-1 -125568 25
572 777 m1 91410 0 0.5 p-1 -7692 10
279 778 m1 91650 0 0.5 p-1 -1815808 418
481 780 m1 103504 0 0.5 p-1 -70526 22
139 782 m1 111332 -0 0.5 p-1 -550162 385
300 783 m1 113100 -0 0.5 p-1 -2056894 65
488 784 m1 120197 -0 0.5 p-1 -55044 32
244 785 m1 140198 -0 0.5 p-1 -573315 361
326 786 m1 142503 0 0.5 p-1 -36476 40
95 787 m1 152740 0 0.5 p-1 -2211652 1961
327 788 m1 153793 -0 0.5 p-1 -78206 38
559 789 m1 154450 0 0.5 p-1 -43011 2
8 790 m1 154988 0 0.5 p-1 -4521473 1297
178 791 m1 158999 -0 0.5 p-1 -11442 6
9 792 m1 160825 0 0.5 p-1 -1130210 381
143 795 m1 166880 0 0.5 p-1 -1299676 1212
11 797 m1 171199 0 0.5 p-1 -2688782 323
206 798 m1 174353 -0 0.5 p-1 -739336 204
428 799 m1 187455 0 0.5 p-1 -194495 34
429 800 m1 189712 0 0.5 p-1 -326773 15
12 802 m1 197912 -0 0.5 p-1 -4639842 266
14 804 m1 205997 -0 0.5 p-1 -1133179 455
553 806 m1 226658 -0 0.5 p-1 -65255 23
333 807 m1 227042 -0 0.5 p-1 -440167 84
182 808 m1 228362 -0 0.5 p-1 -72928 54
99 809 m1 243049 0 0.5 p-1 -1834321 670
16 811 m1 249486 -0 0.5 p-1 -1055208 691
260 812 m1 259720 -0 0.5 p-1 -151756 58
209 813 m1 261315 0 0.5 p-1 -1215863 449
415 814 m1 265569 -0 0.5 p-1 -116035 39
18 815 m1 266009 -0 0.5 p-1 -1472947 86
19 816 m1 271236 -0 0.5 p-1 -7575229 1300
405 818 m1 280182 0 0.5 p-1 -55503 19
597 819 m1 289103 -0 0.5 p-1 -20409 5
437 821 m1 291937 -0 0.5 p-1 -164405 36
334 822 m1 292308 -0 0.5 p-1 -6470319 186
212 824 m1 304978 -0 0.5 p-1 -2315746 31
535 826 m1 309297 -0 0.5 p-1 -126176 5
184 828 m1 315994 0 0.5 p-1 -3232281 503
149 829 m1 318685 -0 0.5 p-1 -483002 123
104 830 m1 322985 0 0.5 p-1 -3653578 1322
150 831 m1 331752 0 0.5 p-1 -1825717 1053
31 833 m1 354346 0 0.5 p-1 -1423802 129
261 834 m1 358261 -0 0.5 p-1 -526518 280
628 838 m1 363182 0 0.5 p-1 -41869 3
105 839 m1 366939 -0 0.5 p-1 -983080 447
36 840 m1 378971 0 0.5 p-1 -539299 63
401 842 m1 383947 0 0.5 p-1 -1400438 89
154 843 m1 389130 -0 0.5 p-1 -602057 927
376 844 m1 390105 0 0.5 p-1 -792053 204
282 845 m1 394264 -0 0.5 p-1 -111502 402
591 846 m1 397892 -0 0.5 p-1 -143877 17
566 847 m1 400823 -0 0.5 p-1 -12615 11
262 848 m1 403708 0 0.5 p-1 -6124 9
248 849 m1 413598 0 0.5 p-1 -949390 154
495 850 m1 414575 -0 0.5 p-1 -117029 20
440 851 m1 414598 0 0.5 p-1 -5625465 75
158 852 m1 418504 -0 0.5 p-1 -862863 73
506 853 m1 420592 -0 0.5 p-1 -146513 62
441 854 m1 423763 0 0.5 p-1 -4537 4
434 855 m1 437203 0 0.5 p-1 -313161 57
41 857 m1 447080 -0 0.5 p-1 -7432540 1801
595 858 m1 451462 -0 0.5 p-1 -2483 4
43 859 m1 456150 -0 0.5 p-1 -10019309 1485
159 860 m1 461010 -0 0.5 p-1 -3196533 659
235 861 m1 475819 0 0.5 p-1 -1048995 559
188 863 m1 477768 -0 0.5 p-1 -30375 39
189 864 m1 478768 0 0.5 p-1 -178732 316
329 865 m1 480727 0 0.5 p-1 -1824571 484
584 866 m1 489100 0 0.5 p-1 -15952 2
456 867 m1 489241 0 0.5 p-1 -48525 21
341 868 m1 493219 0 0.5 p-1 -112453 53
356 869 m1 497682 0 0.5 p-1 -103055 37
459 871 m1 511487 -0 0.5 p-1 -28934 20
461 872 m1 514784 0 0.5 p-1 -134837 8
263 873 m1 532263 -0 0.5 p-1 -303943 51
431 874 m1 536145 0 0.5 p-1 -66768 62
529 875 m1 547944 0 0.5 p-1 -107731 32
496 876 m1 551324 -0 0.5 p-1 -25674 6
515 877 m1 561306 0 0.5 p-1 -15617 11
652 878 m1 566859 0 0.5 p-1 -85 1
475 879 m1 569481 0 0.5 p-1 -22209 5
569 880 m1 573658 0 0.5 p-1 -1091078 21
284 882 m1 578264 -0 0.5 p-1 -2127879 587
312 883 m1 584659 -0 0.5 p-1 -204891 107
264 884 m1 592480 0 0.5 p-1 -784892 167
220 885 m1 594406 0 0.5 p-1 -1755454 546
191 886 m1 595097 -0 0.5 p-1 -1152300 528
192 887 m1 597604 0 0.5 p-1 -1098438 142
55 888 m1 602023 -0 0.5 p-1 -298794 259
56 890 m1 612535 0 0.5 p-1 -2858729 652
511 891 m1 615782 -0 0.5 p-1 -953383 33
612 892 m1 617991 -0 0.5 p-1 -6910 2
315 894 m1 622222 -0 0.5 p-1 -109052 111
463 895 m1 622857 -0 0.5 p-1 -1303850 21
239 896 m1 627813 0 0.5 p-1 -1408268 424
57 897 m1 630035 0 0.5 p-1 -4966772 876
618 898 m1 633834 -0 0.5 p-1 -52933 1
346 900 m1 642319 0 0.5 p-1 -88605 57
494 901 m1 646292 0 0.5 p-1 -6669 9
251 902 m1 654490 -0 0.5 p-1 -619295 159
640 903 m1 654969 0 0.5 p-1 -19562 7
442 905 m1 667719 -0 0.5 p-1 -108806 29
60 906 m1 670438 -0 0.5 p-1 -5830225 1648
274 907 m1 672098 0 0.5 p-1 -1215920 157
321 908 m1 681058 0 0.5 p-1 -174047 160
335 909 m1 683048 -0 0.5 p-1 -2636027 263
631 910 m1 686665 0 0.5 p-1 -14442 1
62 911 m1 686868 0 0.5 p-1 -304827 203
63 912 m1 696849 0 0.5 p-1 -1993817 1482
636 913 m1 701533 -0 0.5 p-1 -11523 1
512 914 m1 705873 0 0.5 p-1 -102017 19
590 915 m1 706798 0 0.5 p-1 -66719 2
546 916 m1 711007 0 0.5 p-1 -27593 15
116 917 m1 717312 -0 0.5 p-1 -383633 651
117 918 m1 719584 0 0.5 p-1 -2620863 445
395 919 m1 720190 0 0.5 p-1 -6270 6
538 921 m1 746084 0 0.5 p-1 -48905 15
443 922 m1 748260 0 0.5 p-1 -446719 70
378 924 m1 754945 0 0.5 p-1 -231236 34
70 925 m1 758084 0 0.5 p-1 -7904562 674
503 926 m1 760877 0 0.5 p-1 -298271 24
521 927 m1 768506 0 0.5 p-1 -17697 5
71 928 m1 771880 0 0.5 p-1 -1866483 354
624 929 m1 776362 -0 0.5 p-1 -3450 5
354 930 m1 777435 0 0.5 p-1 -196054 53
255 931 m1 778697 0 0.5 p-1 -2500742 659
222 932 m1 783992 -0 0.5 p-1 -1924515 353
603 933 m1 785532 -0 0.5 p-1 -16876 2
510 934 m1 787048 0 0.5 p-1 -45453 4
344 936 m1 794167 0 0.5 p-1 -739421 55
74 937 m1 800230 -0 0.5 p-1 -969176 751
123 939 m1 810385 0 0.5 p-1 -361600 151
275 940 m1 811837 -0 0.5 p-1 -4132811 522
411 942 m1 820172 -0 0.5 p-1 -89349 74
76 943 m1 820546 -0 0.5 p-1 -751539 522
78 944 m1 829011 0 0.5 p-1 -4227140 1318
294 945 m1 837536 0 0.5 p-1 -298092 116
412 946 m1 839978 -0 0.5 p-1 -161575 12
468 948 m1 842731 0 0.5 p-1 -674254 33
366 949 m1 851589 0 0.5 p-1 -185972 73
224 950 m1 872955 -0 0.5 p-1 -235475 204
330 951 m1 878275 -0 0.5 p-1 -91571 82
81 952 m1 878476 -0 0.5 p-1 -4350103 321
125 953 m1 879709 0 0.5 p-1 -2039608 482
82 954 m1 879747 -0 0.5 p-1 -8560001 473
372 956 m1 892059 0 0.5 p-1 -957948 203
126 957 m1 900550 -0 0.5 p-1 -2153699 1102
170 958 m1 915420 0 0.5 p-1 -216832 394
480 959 m1 924638 0 0.5 p-1 -101019 14
85 960 m1 940344 0 0.5 p-1 -2532483 1847
532 961 m1 944401 -0 0.5 p-1 -1921 6
634 962 m1 948432 0 0.5 p-1 -13181 2
130 964 m1 959688 -0 0.5 p-1 -2192649 960
131 965 m1 964113 0 0.5 p-1 -7557715 398
88 966 m1 964149 0 0.5 p-1 -7902557 1602
422 967 m1 977816 0 0.5 p-1 -169325 38
587 968 m1 979353 0 0.5 p-1 -4543 2
539 971 m1 988706 0 0.5 p-1 -1497 2
90 973 m1 999482 -0 0.5 p-1 -4829580 554
