Temp_ID Permanent_ID Mutation_type Position s h Subpop Tick Number
1406 1 m2 155 -0.00127168652 0.5 p-1 -74595 5
1243 4 m2 1575 0.00572607294 0.5 p-1 -97943 40
752 5 m2 1739 0.000862756453 0.5 p-1 -160524 28
585 6 m2 1882 0.00891668256 0.5 p-1 -228897 38
926 7 m2 2600 0.0272948164 0.5 p-1 -38080 27
1548 8 m2 2961 -0.000288233598 0.5 p-1 -24055 10
824 11 m2 4056 0.00391614437 0.5 p-1 -11 20
525 12 m2 4738 0.000429705775 0.5 p-1 -1277986 192
1022 14 m2 5424 -0.0172701273 0.5 p-1 -246971 20
1148 15 m2 5970 1.90452065e-05 0.5 p-1 -182015 25
453 17 m2 8708 0.000451200729 0.5 p-1 -306210 61
1086 19 m2 9044 3.61564503e-06 0.5 p-1 -25957 33
1537 20 m2 9426 0.0064323158 0.5 p-1 -70337 5
0 21 m2 9866 0.00133021513 0.5 p-1 -4200101 1694
1 24 m2 11094 -0.00238279626 0.5 p-1 -2928397 880
993 25 m2 11127 0.00155277993 0.5 p-1 -42014 30
2 26 m2 11192 -0.00246180734 0.5 p-1 -4309776 1291
3 27 m2 11205 0.000274284655 0.5 p-1 -4342809 1294
1169 28 m2 11654 -0.00283070677 0.5 p-1 -121947 11
899 29 m2 11816 -0.0116728973 0.5 p-1 -328727 80
825 30 m2 12059 -9.02629181e-05 0.5 p-1 -46689 23
1578 31 m2 12097 1.70010298e-05 0.5 p-1 -56506 10
753 32 m2 13239 0.00676231738 0.5 p-1 -1918275 345
1005 33 m2 13327 0.0104791019 0.5 p-1 -350411 9
4 34 m2 14558 0.0144735305 0.5 p-1 -3194302 1058
526 35 m2 14665 0.000339183054 0.5 p-1 -1807994 447
1138 36 m2 15705 0.00147026521 0.5 p-1 -429419 63
806 37 m2 16100 0.00321305008 0.5 p-1 -176473 65
5 38 m2 16105 -0.00051077269 0.5 p-1 -2273988 1386
1559 39 m2 17307 0.000908442715 0.5 p-1 -13789 8
1377 41 m2 19773 0.00042871121 0.5 p-1 -25067 4
875 42 m2 20350 0.00212537637 0.5 p-1 -83850 70
785 43 m2 20559 0.000683635822 0.5 p-1 -68433 35
1274 44 m2 20991 -0.00106771593 0.5 p-1 -5257 3
1556 45 m2 21507 -0.00616304902 0.5 p-1 -35223 10
1301 46 m2 22270 0.0433979556 0.5 p-1 -13208 9
6 47 m2 22346 -0.0103676617 0.5 p-1 -3881512 1336
965 48 m2 22365 8.30362624e-05 0.5 p-1 -92317 18
7 49 m2 22547 -6.45532928e-05 0.5 p-1 -2020322 784
241 50 m2 22685 -0.00148544949 0.5 p-1 -128481 94
1067 51 m2 22824 -0.0401621275 0.5 p-1 -128365 86
1672 54 m2 31289 -0.00110328302 0.5 p-1 -32550 3
1400 55 m2 31708 -0.00759058772 0.5 p-1 -19552 11
1182 56 m2 33451 -0.00701511186 0.5 p-1 -35780 16
1130 57 m2 33828 0.00499345548 0.5 p-1 -295318 73
720 58 m2 34814 0.000841885689 0.5 p-1 -473737 100
1676 59 m2 34892 0.00063498813 0.5 p-1 -4879 1
826 60 m2 35097 0.00924106594 0.5 p-1 -699523 68
1677 61 m2 35226 -1.37772922e-05 0.5 p-1 -335295 6
860 62 m2 35757 8.0495937e-08 0.5 p-1 -263360 306
9 64 m2 37308 0.0305198319 0.5 p-1 -854875 281
586 65 m2 37451 0.00249032886 0.5 p-1 -514408 87
981 66 m2 39338 0.00316952239 0.5 p-1 -93783 52
368 67 m2 39469 0.00425630994 0.5 p-1 -3609362 1386
807 68 m2 40041 -0.000143983838 0.5 p-1 -99575 62
10 70 m2 41521 0.0036025329 0.5 p-1 -1995791 954
1541 71 m2 42500 0.00615806552 0.5 p-1 -1373 5
1588 72 m2 42574 0.0234665312 0.5 p-1 -49332 8
842 73 m2 43210 -0.000196792142 0.5 p-1 -1218808 109
1104 76 m2 44320 -0.000873123878 0.5 p-1 -16229 2
527 78 m2 45090 0.0084300274 0.5 p-1 -656947 117
1040 79 m2 45263 -0.00299362792 0.5 p-1 -136422 19
1023 82 m2 49433 -6.02847613e-05 0.5 p-1 -15522 44
369 83 m2 49494 0.0440151654 0.5 p-1 -1318122 338
11 84 m2 49868 0.0159166344 0.5 p-1 -2026982 1434
1422 85 m2 49990 -0.00339361513 0.5 p-1 -20477 3
755 86 m2 50629 -3.47872119e-05 0.5 p-1 -94009 23
927 88 m2 51190 -2.17766754e-07 0.5 p-1 -152532 54
1470 89 m2 51697 -0.00852705259 0.5 p-1 -128969 11
587 92 m2 52279 -5.27419252e-05 0.5 p-1 -1114487 208
242 93 m2 52778 0.0004646694 0.5 p-1 -1994288 620
1514 94 m2 53438 -1.08576452e-15 0.5 p-1 -14238 14
370 95 m2 53624 0.00149636564 0.5 p-1 -3340274 497
861 96 m2 53640 -0.0226836465 0.5 p-1 -457178 202
1105 98 m2 53678 0.01023925 0.5 p-1 -2042 2
14 99 m2 54246 -0.000399389653 0.5 p-1 -1928399 1620
938 100 m2 54771 7.60552939e-05 0.5 p-1 -261242 90
663 102 m2 56387 0.00353592215 0.5 p-1 -2355147 279
664 103 m2 56450 0.00637524668 0.5 p-1 -2104538 292
721 104 m2 56733 -0.0147473654 0.5 p-1 -169785 240
1063 105 m2 57222 -0.00529164029 0.5 p-1 -538863 50
1728 106 m2 57374 -0.0336189345 0.5 p-1 -36493 1
1030 108 m2 57524 -0.0196428224 0.5 p-1 -8920 48
17 109 m2 59497 0.00490343804 0.5 p-1 -3293435 1382
1314 111 m2 60944 0.00480276253 0.5 p-1 -6378 5
862 112 m2 61687 5.087521e-06 0.5 p-1 -479506 98
876 114 m2 63602 -0.0218255036 0.5 p-1 -355570 211
1355 115 m2 64966 -0.0261081122 0.5 p-1 -207942 12
1707 116 m2 65455 -0.000593136938 0.5 p-1 -14455 1
456 117 m2 67293 3.59185178e-05 0.5 p-1 -4946558 1119
19 118 m2 67417 -0.00130178838 0.5 p-1 -3316000 1109
528 119 m2 67443 0.0440997966 0.5 p-1 -600487 262
1618 120 m2 67826 0.0401482917 0.5 p-1 -24999 2
786 121 m2 68191 -3.90116725e-07 0.5 p-1 -1545745 198
1547 122 m2 68217 -0.00270182476 0.5 p-1 -92223 1
1308 123 m2 68514 -0.000742248027 0.5 p-1 -47223 54
666 124 m2 70038 2.25908625e-05 0.5 p-1 -7254711 159
1097 125 m2 70794 0.0153489998 0.5 p-1 -113875 30
689 126 m2 71308 -0.0046208147 0.5 p-1 -6195913 578
371 127 m2 72067 -0.0112558976 0.5 p-1 -143920 94
1213 128 m2 72613 -5.91314092e-05 0.5 p-1 -935728 42
457 130 m2 75525 -1.76248932e-06 0.5 p-1 -4137129 874
1013 131 m2 75930 -0.0158530995 0.5 p-1 -30400 33
1183 132 m2 76896 0.00952337869 0.5 p-1 -41180 14
22 133 m2 77048 0.0165084321 0.5 p-1 -5148770 1649
458 134 m2 77148 -0.0450882912 0.5 p-1 -3121152 321
529 135 m2 77613 -0.00388738164 0.5 p-1 -1769471 350
1447 136 m2 78334 5.52758611e-05 0.5 p-1 -7882 1
244 138 m2 79002 0.00471503614 0.5 p-1 -5154028 930
1068 139 m2 79802 0.0175414979 0.5 p-1 -6629 15
1619 140 m2 81404 0.0249500927 0.5 p-1 -52287 1
1645 141 m2 81535 -0.0294850003 0.5 p-1 -726 4
459 143 m2 82194 0.0181200486 0.5 p-1 -227942 163
1195 144 m2 82278 -0.00957260095 0.5 p-1 -1313465 176
1200 145 m2 82558 0.00162321469 0.5 p-1 -13433 3
1170 146 m2 82668 0.0236673336 0.5 p-1 -46296 27
24 147 m2 82684 -0.0165948849 0.5 p-1 -7059116 1409
1426 148 m2 82910 0.00118403859 0.5 p-1 -22739 6
756 149 m2 82944 0.00438984809 0.5 p-1 -742668 51
758 152 m2 84280 -2.65077615e-05 0.5 p-1 -699792 79
1471 153 m2 84516 0.000837093277 0.5 p-1 -141209 5
372 154 m2 84988 -0.0299981311 0.5 p-1 -482291 81
245 156 m2 85713 0.000260654982 0.5 p-1 -4122588 726
808 157 m2 87298 0.00282924552 0.5 p-1 -319644 103
25 159 m2 89475 0.00203753472 0.5 p-1 -4414363 879
530 160 m2 89509 0.00306447013 0.5 p-1 -727971 376
1636 161 m2 89673 0.00620531617 0.5 p-1 -233 6
1087 162 m2 91077 -0.000651533424 0.5 p-1 -52899 26
26 165 m2 94385 -4.55584711e-07 0.5 p-1 -1501491 561
967 167 m2 95521 0.0189017635 0.5 p-1 -157764 43
1366 168 m2 95664 0.00754158944 0.5 p-1 -121718 22
1649 169 m2 95771 0.00315523171 0.5 p-1 -3720 2
692 170 m2 95914 -3.77542019e-05 0.5 p-1 -206641 36
968 171 m2 97029 1.98889776e-08 0.5 p-1 -1805945 147
531 172 m2 97879 -0.0213257503 0.5 p-1 -608514 56
1053 173 m2 97900 0.00542676635 0.5 p-1 -16716 19
667 174 m2 98586 0.00141133042 0.5 p-1 -2730623 611
460 175 m2 98852 -0.0105962874 0.5 p-1 -86062 47
373 176 m2 99357 -0.00907223579 0.5 p-1 -581441 159
1281 177 m2 99400 -0.00011370374 0.5 p-1 -291108 68
1108 178 m2 99564 0.00229791109 0.5 p-1 -827699 110
1485 181 m2 101150 1.15183511e-05 0.5 p-1 -22614 12
1499 182 m2 101633 0.00296219927 0.5 p-1 -36435 3
940 183 m2 101811 -0.000294005702 0.5 p-1 -1595773 116
722 184 m2 102216 -0.00970533956 0.5 p-1 -89784 104
844 186 m2 105363 1.64226449e-07 0.5 p-1 -223418 72
1041 187 m2 105468 -1.31954221e-05 0.5 p-1 -32733 35
374 188 m2 105493 -0.0272747893 0.5 p-1 -19505 25
910 190 m2 105957 -0.000246545387 0.5 p-1 -280612 54
27 191 m2 106401 0.0100449156 0.5 p-1 -986883 86
969 192 m2 107551 0.00042041007 0.5 p-1 -339762 133
375 193 m2 107938 0.00303111668 0.5 p-1 -133382 83
28 194 m2 107995 0.00648936955 0.5 p-1 -343146 211
1282 195 m2 108770 -0.0727529153 0.5 p-1 -25385 18
29 196 m2 108867 -0.072080262 0.5 p-1 -644624 208
1684 199 m2 113787 0.0109393839 0.5 p-1 -28587 2
30 201 m2 114653 0.0167607814 0.5 p-1 -3647322 777
1176 202 m2 115399 -0.0398117825 0.5 p-1 -87211 13
1552 203 m2 115735 -0.0051084361 0.5 p-1 -82166 9
725 204 m2 116150 2.98485162e-07 0.5 p-1 -9192902 633
668 205 m2 116384 2.11455209e-08 0.5 p-1 -658281 168
31 206 m2 116846 0.00080808741 0.5 p-1 -28259 50
377 207 m2 118215 0.0126068266 0.5 p-1 -3032814 1024
1024 208 m2 118463 0.00161174929 0.5 p-1 -141554 32
589 209 m2 119085 -0.0207694434 0.5 p-1 -507118 122
787 211 m2 119710 0.000791643572 0.5 p-1 -126066 112
1359 212 m2 120317 -0.0054768906 0.5 p-1 -137057 71
590 217 m2 122936 0.0507291257 0.5 p-1 -1391845 491
632 219 m2 125640 -0.00388554949 0.5 p-1 -2488994 104
32 220 m2 125746 0.000949485984 0.5 p-1 -1733089 1243
1007 221 m2 127466 -0.00502788369 0.5 p-1 -1386909 52
726 222 m2 128626 0.000119911609 0.5 p-1 -343875 48
533 224 m2 131141 -0.0017904928 0.5 p-1 -1622738 476
249 225 m2 131894 -0.0139831081 0.5 p-1 -235432 142
34 226 m2 132101 -0.00297447899 0.5 p-1 -3323331 1826
1313 227 m2 134017 0.000733869791 0.5 p-1 -26357 3
35 228 m2 134677 0.00279022381 0.5 p-1 -1893889 1098
1401 229 m2 135638 0.000169616542 0.5 p-1 -17599 12
1015 230 m2 135951 -0.00083041779 0.5 p-1 -300096 114
36 231 m2 137304 -0.00585570699 0.5 p-1 -6532226 1117
788 232 m2 137331 -0.00432116864 0.5 p-1 -174726 144
461 234 m2 137753 -0.0778860003 0.5 p-1 -3419995 90
463 238 m2 141498 -0.0103747128 0.5 p-1 -170628 216
37 239 m2 141743 -0.0197378527 0.5 p-1 -5754155 1317
1504 240 m2 142202 -0.000725614256 0.5 p-1 -32983 14
633 241 m2 142830 0.00386129832 0.5 p-1 -1652491 97
1693 242 m2 142979 0.000175881185 0.5 p-1 -9114 4
38 244 m2 145143 -0.0108055286 0.5 p-1 -2934626 1692
39 245 m2 145343 0.00512844138 0.5 p-1 -1295738 1229
845 251 m2 148551 -0.00199411483 0.5 p-1 -1466235 124
1251 252 m2 150270 0.00165049499 0.5 p-1 -646375 44
534 253 m2 150705 -9.60705165e-06 0.5 p-1 -306910 176
1069 254 m2 152313 1.81435769e-06 0.5 p-1 -58471 21
40 255 m2 152638 -0.000490479404 0.5 p-1 -2527348 355
1478 256 m2 153760 0.00257841637 0.5 p-1 -3044 2
250 257 m2 154102 -6.82997234e-06 0.5 p-1 -762715 443
535 260 m2 154797 0.00174107694 0.5 p-1 -498753 273
41 261 m2 154950 0.0171117652 0.5 p-1 -90801 101
1568 262 m2 155005 -7.54795765e-05 0.5 p-1 -10715 5
1573 264 m2 156131 2.13922348e-07 0.5 p-1 -2735 4
1347 265 m2 156484 -0.0491399914 0.5 p-1 -1069694 14
43 266 m2 158207 0.00385411689 0.5 p-1 -3303615 1118
1720 267 m2 158343 -0.0156842303 0.5 p-1 -10596 1
1500 268 m2 158436 -3.25172587e-05 0.5 p-1 -226178 5
1501 269 m2 158809 0.00930520333 0.5 p-1 -17630 5
44 270 m2 159052 0.00820660125 0.5 p-1 -2122561 817
1188 272 m2 161728 -0.000296080427 0.5 p-1 -86546 25
591 275 m2 162786 0.00045013713 0.5 p-1 -111104 44
252 276 m2 164192 -0.00831732154 0.5 p-1 -1598974 51
536 277 m2 164269 -0.000357974583 0.5 p-1 -2300654 384
1362 279 m2 167144 1.97259604e-11 0.5 p-1 -214 13
1309 281 m2 168240 0.00478335842 0.5 p-1 -106399 20
46 284 m2 171753 0.00102907128 0.5 p-1 -5381453 1757
47 285 m2 172863 0.00528491195 0.5 p-1 -5656724 102
465 286 m2 173962 -0.000573661178 0.5 p-1 -156201 141
1017 287 m2 175254 -0.000141076132 0.5 p-1 -58381 33
592 289 m2 176393 -0.0962897763 0.5 p-1 -560644 136
694 290 m2 177514 0.00430217525 0.5 p-1 -388545 329
1259 292 m2 179224 4.58282739e-06 0.5 p-1 -250627 11
1284 293 m2 179418 -0.0132345082 0.5 p-1 -342844 12
970 298 m2 185307 0.0135360193 0.5 p-1 -215657 223
1574 299 m2 185353 -0.000755289046 0.5 p-1 -69934 4
695 301 m2 187246 -0.00264733471 0.5 p-1 -610687 234
928 302 m2 187780 0.0172702372 0.5 p-1 -14178 26
1648 305 m2 189615 0.00216087 0.5 p-1 -119509 2
879 306 m2 190596 -4.62386197e-05 0.5 p-1 -55224 43
49 307 m2 192979 -0.0198267605 0.5 p-1 -1313 8
1421 308 m2 193359 -2.89061936e-05 0.5 p-1 -26875 51
1697 309 m2 194162 -0.0348868705 0.5 p-1 -117923 4
50 310 m2 194497 0.00109471171 0.5 p-1 -5998802 1662
537 311 m2 194915 -0.0128337583 0.5 p-1 -57278 22
634 312 m2 195418 0.00161171879 0.5 p-1 -112073 91
863 313 m2 195447 0.00320095965 0.5 p-1 -391089 132
911 314 m2 195484 0.00720974803 0.5 p-1 -54377 100
696 315 m2 196075 -0.0020556068 0.5 p-1 -971117 135
51 316 m2 196348 0.0210285336 0.5 p-1 -8969918 1064
1081 317 m2 196403 -0.00356519129 0.5 p-1 -70259 7
255 318 m2 197304 0.131448999 0.5 p-1 -2657577 1538
1712 319 m2 197766 0.00253914995 0.5 p-1 -22927 2
1247 320 m2 198209 -0.000374244293 0.5 p-1 -4607 13
52 323 m2 198337 0.00135891873 0.5 p-1 -2497149 1742
593 324 m2 198531 0.00900246296 0.5 p-1 -81750 40
53 325 m2 198592 0.00460436894 0.5 p-1 -14929643 1919
1179 326 m2 198752 9.94338922e-09 0.5 p-1 -25935 31
594 327 m2 198755 4.81314467e-11 0.5 p-1 -6381629 70
595 328 m2 198770 -0.000465893099 0.5 p-1 -20930364 70
596 330 m2 199199 -0.00142988539 0.5 p-1 -59340 40
1673 332 m2 202037 -0.00548848463 0.5 p-1 -418527 2
1260 333 m2 202803 -0.00630889321 0.5 p-1 -12344 1
54 335 m2 203547 -2.94039583e-05 0.5 p-1 -4254384 1526
1240 336 m2 204723 6.17636624e-06 0.5 p-1 -79529 32
256 338 m2 205022 6.74672407e-09 0.5 p-1 -798796 482
635 339 m2 205523 0.00754469354 0.5 p-1 -2895187 245
55 340 m2 205901 -0.00162984687 0.5 p-1 -7163401 810
1263 341 m2 206199 0.00150298222 0.5 p-1 -89414 1
56 342 m2 207371 0.0301388502 0.5 p-1 -11866516 1740
1641 345 m2 208868 0.00170202507 0.5 p-1 -230466 6
1623 346 m2 209316 1.63238328e-05 0.5 p-1 -29838 1
466 349 m2 210513 -0.00230537727 0.5 p-1 -159787 34
697 350 m2 210638 5.17087647e-05 0.5 p-1 -760681 75
698 351 m2 210874 0.00396620249 0.5 p-1 -3598638 75
57 352 m2 210886 -2.4086446e-06 0.5 p-1 -1369493 1434
1640 354 m2 211971 2.24249034e-05 0.5 p-1 -15384 4
971 355 m2 212315 0.00193838298 0.5 p-1 -84689 21
1206 356 m2 212964 0.0036883459 0.5 p-1 -510353 191
257 357 m2 213012 -0.0193877369 0.5 p-1 -2419549 1356
258 358 m2 213153 -0.000138228672 0.5 p-1 -180338 138
1099 359 m2 213207 -0.0196114648 0.5 p-1 -164522 24
1667 361 m2 213668 -2.70560008e-06 0.5 p-1 -46909 1
467 364 m2 214519 0.000351293769 0.5 p-1 -1551059 500
1159 366 m2 214899 7.23272678e-05 0.5 p-1 -163291 33
912 368 m2 215392 -0.0177910198 0.5 p-1 -299753 206
1207 369 m2 215727 -0.00157515157 0.5 p-1 -162427 68
1184 370 m2 215870 -0.0154191414 0.5 p-1 -133508 41
58 371 m2 217358 0.00106191402 0.5 p-1 -2767069 1479
59 372 m2 217440 0.000102480895 0.5 p-1 -4282631 1271
60 373 m2 218299 0.000292376382 0.5 p-1 -3763818 1506
669 374 m2 218343 -0.00133839657 0.5 p-1 -178510 196
636 376 m2 222112 -0.0132605769 0.5 p-1 -589235 953
259 377 m2 222177 0.00320327561 0.5 p-1 -752639 415
880 378 m2 222625 0.052559372 0.5 p-1 -317034 30
1524 380 m2 222862 0.0104493434 0.5 p-1 -4943 3
385 381 m2 223570 0.0114820693 0.5 p-1 -551298 331
637 383 m2 225186 0.000186531601 0.5 p-1 -165672 60
1199 384 m2 225773 -0.000201440227 0.5 p-1 -83351 47
260 385 m2 226436 -0.00542215724 0.5 p-1 -3504377 466
61 386 m2 226731 -2.35592415e-06 0.5 p-1 -3625097 1237
929 387 m2 227737 0.000432266388 0.5 p-1 -1250349 241
261 388 m2 227765 -3.57221325e-05 0.5 p-1 -628678 106
1119 389 m2 227789 0.00864104927 0.5 p-1 -16936 17
538 391 m2 228133 0.00315532368 0.5 p-1 -3440092 217
1717 392 m2 228519 0.000223801704 0.5 p-1 -3343 3
387 393 m2 228630 -0.00277788821 0.5 p-1 -99535 50
62 394 m2 230192 0.000124450366 0.5 p-1 -1783707 1149
1261 397 m2 233689 -0.0032927182 0.5 p-1 -161018 39
1349 398 m2 234532 0.000708782289 0.5 p-1 -38719 8
1177 399 m2 234827 -0.000988361775 0.5 p-1 -639419 130
1651 401 m2 235701 0.00124144729 0.5 p-1 -26637 9
1262 402 m2 235757 -0.00307207089 0.5 p-1 -150817 20
1285 403 m2 235811 -8.60925065e-05 0.5 p-1 -1502106 12
63 404 m2 235865 -0.000329160073 0.5 p-1 -10808235 1963
790 405 m2 236266 -0.0174177159 0.5 p-1 -734858 81
64 406 m2 236906 -0.000151358225 0.5 p-1 -292950 119
468 408 m2 237036 -1.05911859e-05 0.5 p-1 -1452950 291
263 410 m2 237586 -1.02064277e-11 0.5 p-1 -824311 539
65 411 m2 237669 -2.4315128e-05 0.5 p-1 -1537023 786
1411 412 m2 237695 0.000130205692 0.5 p-1 -12994 23
1264 413 m2 237832 1.40252178e-05 0.5 p-1 -219174 10
597 414 m2 238179 0.0173495598 0.5 p-1 -1189189 524
1290 416 m2 238802 0.0265547112 0.5 p-1 -21130 9
670 417 m2 239070 0.000769054692 0.5 p-1 -198902 153
982 418 m2 239262 0.00923144631 0.5 p-1 -92606 20
66 419 m2 239783 0.0103280293 0.5 p-1 -11357750 1365
930 420 m2 240172 -0.0091814287 0.5 p-1 -414604 81
1291 421 m2 240444 -0.000892671349 0.5 p-1 -56268 18
68 422 m2 241276 -0.000127610634 0.5 p-1 -3148980 1505
388 424 m2 242160 -0.0413048752 0.5 p-1 -1156482 926
913 426 m2 242930 0.0309259892 0.5 p-1 -1984694 108
389 427 m2 243813 -0.0295345746 0.5 p-1 -706005 322
469 428 m2 244237 0.0156002482 0.5 p-1 -660126 522
914 429 m2 244819 -0.000483844866 0.5 p-1 -34949 47
941 430 m2 244925 3.17941101e-07 0.5 p-1 -38423 33
69 433 m2 245735 4.09036184e-05 0.5 p-1 -2217207 1075
915 434 m2 246312 -0.000604283414 0.5 p-1 -143687 47
1133 435 m2 246490 0.018367894 0.5 p-1 -675518 45
70 436 m2 246566 0.00222755643 0.5 p-1 -1894095 981
71 437 m2 247149 -1.8065959e-05 0.5 p-1 -3557746 958
1483 438 m2 247713 0.0088472059 0.5 p-1 -10290 4
759 441 m2 250204 0.0389258601 0.5 p-1 -771305 461
1587 442 m2 250242 0.109037749 0.5 p-1 -124543 5
1647 443 m2 255452 2.02546107e-06 0.5 p-1 -17492 3
73 444 m2 255999 -7.99765854e-09 0.5 p-1 -1270700 463
1736 445 m2 256984 0.00250334735 0.5 p-1 -1332 1
881 446 m2 257294 -0.000746881298 0.5 p-1 -81562 70
1120 447 m2 258036 -0.00527773658 0.5 p-1 -61344 62
391 448 m2 258575 2.7813951e-06 0.5 p-1 -2065171 564
1121 453 m2 260049 0.00210787822 0.5 p-1 -218681 37
1479 454 m2 260224 0.0146532422 0.5 p-1 -15970 1
1674 455 m2 260572 -0.000305379101 0.5 p-1 -11464 4
1208 456 m2 262094 -4.05944302e-05 0.5 p-1 -11736 6
1523 457 m2 263495 4.32393836e-06 0.5 p-1 -42046 12
266 458 m2 263888 -0.00169054384 0.5 p-1 -4344044 88
598 459 m2 264656 -0.0411900319 0.5 p-1 -2148401 331
392 462 m2 267355 0.00164115173 0.5 p-1 -2663940 1004
671 463 m2 268163 -0.00275597768 0.5 p-1 -164182 45
75 465 m2 269649 -0.00174117368 0.5 p-1 -536652 652
760 466 m2 270055 -0.00503543857 0.5 p-1 -72654 23
996 467 m2 270325 0.00137168285 0.5 p-1 -73662 75
599 468 m2 271400 -0.000281367335 0.5 p-1 -8248483 462
1238 469 m2 271453 0.000448368723 0.5 p-1 -401548 42
1384 470 m2 271605 -0.000347234774 0.5 p-1 -22451 3
1113 471 m2 272008 0.0213702377 0.5 p-1 -835104 33
76 472 m2 272465 -0.000819311128 0.5 p-1 -805949 1003
1553 476 m2 275871 -0.00437268103 0.5 p-1 -1173232 7
638 477 m2 276083 5.16393129e-06 0.5 p-1 -2216569 364
1333 478 m2 276452 -0.00281934091 0.5 p-1 -302357 44
77 479 m2 277784 0.0146928681 0.5 p-1 -4535130 1771
699 481 m2 278905 0.0139711965 0.5 p-1 -4346978 376
470 482 m2 279889 -0.00807121769 0.5 p-1 -5130206 767
827 484 m2 280071 -0.0670441464 0.5 p-1 -182192 19
846 488 m2 281360 5.49719662e-05 0.5 p-1 -392125 366
268 489 m2 281683 -0.000364146195 0.5 p-1 -5596152 1514
543 490 m2 282040 -0.00130191271 0.5 p-1 -2283722 477
900 494 m2 282644 -0.00184914621 0.5 p-1 -27309 20
393 495 m2 283241 -0.00453386549 0.5 p-1 -503846 308
639 496 m2 283636 0.0159445368 0.5 p-1 -323192 82
1311 497 m2 283842 0.00829348434 0.5 p-1 -21531 2
471 498 m2 284917 -0.000283887581 0.5 p-1 -3018804 1059
1613 499 m2 285537 -0.00237079733 0.5 p-1 -87873 4
79 500 m2 286449 0.0154860159 0.5 p-1 -490323 172
1505 501 m2 286613 -4.56103626e-05 0.5 p-1 -65002 5
1189 502 m2 286722 -0.00275938422 0.5 p-1 -1193231 99
1721 503 m2 286995 -0.00517021166 0.5 p-1 -10553 3
728 504 m2 287012 0.0329125039 0.5 p-1 -26172 17
80 506 m2 287494 -0.00559116248 0.5 p-1 -3014806 49
1496 508 m2 289689 0.00783766154 0.5 p-1 -8701 1
544 509 m2 290260 4.66056463e-06 0.5 p-1 -481750 152
81 510 m2 290890 -0.000338472018 0.5 p-1 -3348393 1090
472 511 m2 291417 -0.000233050363 0.5 p-1 -48496 100
983 513 m2 292848 0.00051349611 0.5 p-1 -593 6
1190 514 m2 293849 -0.081122078 0.5 p-1 -30040 17
700 515 m2 294849 -9.9463584e-08 0.5 p-1 -77971 7
269 516 m2 295136 -1.57374361e-05 0.5 p-1 -1053619 496
395 517 m2 295151 0.0768767595 0.5 p-1 -813191 1030
473 519 m2 297880 -0.02970808 0.5 p-1 -7897186 615
1699 521 m2 298965 3.01662385e-05 0.5 p-1 -24983 4
270 522 m2 299759 -0.0122383619 0.5 p-1 -1802576 286
809 524 m2 300614 0.00158433348 0.5 p-1 -162848 39
810 525 m2 300954 0.0229912493 0.5 p-1 -163145 39
883 527 m2 301046 -0.00140768744 0.5 p-1 -115301 33
847 528 m2 301278 -0.000208574696 0.5 p-1 -5157238 255
811 529 m2 301500 -0.00178441673 0.5 p-1 -252784 169
396 531 m2 301845 -0.0117701013 0.5 p-1 -1487043 268
601 533 m2 303496 0.0121597806 0.5 p-1 -528412 505
474 534 m2 304083 -0.00497301621 0.5 p-1 -429384 96
702 537 m2 305637 0.00131324306 0.5 p-1 -2025859 112
703 538 m2 306049 1.31877911e-07 0.5 p-1 -52899 3
82 539 m2 306288 0.000533222454 0.5 p-1 -681273 945
1637 541 m2 308343 -0.0185154174 0.5 p-1 -89311 4
957 542 m2 309437 -2.68134102e-07 0.5 p-1 -381670 84
272 543 m2 309903 -0.00362841017 0.5 p-1 -2732293 662
1315 545 m2 310511 1.90813736e-07 0.5 p-1 -23315 25
1417 546 m2 311020 0.00320812804 0.5 p-1 -78414 42
848 548 m2 311569 -0.000584589434 0.5 p-1 -3183456 188
828 550 m2 313405 -2.17036377e-05 0.5 p-1 -2507683 346
791 553 m2 315750 0.000295968464 0.5 p-1 -953694 185
1009 554 m2 315919 0.00170014019 0.5 p-1 -177501 199
1276 556 m2 316696 0.00354114361 0.5 p-1 -282244 39
1486 557 m2 317524 -0.000421054108 0.5 p-1 -19265 2
84 558 m2 318972 0.00785503443 0.5 p-1 -9475836 1711
85 563 m2 321169 0.0212738011 0.5 p-1 -240285 224
273 564 m2 321787 0.042166952 0.5 p-1 -716280 681
813 565 m2 321804 0.00830439292 0.5 p-1 -225905 48
849 568 m2 323732 0.000974056253 0.5 p-1 -314118 159
1178 570 m2 324575 1.81806045e-05 0.5 p-1 -530198 66
547 571 m2 324796 0.00179354579 0.5 p-1 -1893713 269
814 573 m2 324895 1.30575918e-05 0.5 p-1 -29709 8
972 574 m2 325680 0.0313501507 0.5 p-1 -85589 142
548 575 m2 325778 2.93326793e-05 0.5 p-1 -152331 51
398 578 m2 328046 -0.0180685539 0.5 p-1 -432506 312
792 580 m2 328367 -0.00177661725 0.5 p-1 -65570 83
86 581 m2 328494 0.00113257242 0.5 p-1 -2519078 1308
815 584 m2 330273 -0.0223806016 0.5 p-1 -37018 10
1088 585 m2 330362 -0.0279544592 0.5 p-1 -40355 9
275 587 m2 331531 -0.00359035912 0.5 p-1 -4018134 729
1549 588 m2 331817 -0.00840049051 0.5 p-1 -157343 17
1252 589 m2 332305 0.000490214035 0.5 p-1 -1044463 35
1599 590 m2 333092 -0.00268320995 0.5 p-1 -27350 2
1229 593 m2 334436 -0.0156728495 0.5 p-1 -64161 46
761 594 m2 334967 0.00665452052 0.5 p-1 -15626 9
1368 595 m2 335504 0.0334819593 0.5 p-1 -118809 18
276 596 m2 335590 -0.00131909864 0.5 p-1 -783201 193
475 597 m2 336059 -0.00344679318 0.5 p-1 -112341 27
1696 599 m2 336809 0.00295058265 0.5 p-1 -66362 1
88 600 m2 337634 -0.00618079212 0.5 p-1 -2827171 1160
277 602 m2 337875 0.00388719514 0.5 p-1 -461254 160
89 603 m2 338186 8.07115248e-06 0.5 p-1 -4334615 1933
1325 604 m2 338698 3.51799572e-05 0.5 p-1 -35507 18
90 605 m2 338890 0.00519504072 0.5 p-1 -3142525 690
816 608 m2 341542 -0.000192938198 0.5 p-1 -1063589 247
1010 609 m2 342840 -0.000259472581 0.5 p-1 -33137 9
762 611 m2 343028 -0.000591255783 0.5 p-1 -76934 15
476 612 m2 343516 -0.0280752536 0.5 p-1 -3074735 371
91 613 m2 343894 -5.52214078e-05 0.5 p-1 -2423225 1756
92 614 m2 343905 0.0128998496 0.5 p-1 -3474845 1756
763 615 m2 344143 -0.0177249182 0.5 p-1 -752868 42
973 616 m2 344784 -0.000930434791 0.5 p-1 -337177 32
984 618 m2 344994 0.0255256444 0.5 p-1 -227988 94
1201 619 m2 346318 -0.0135191055 0.5 p-1 -33543 3
1506 620 m2 346678 0.000448363076 0.5 p-1 -153123 13
985 621 m2 346908 9.43518753e-05 0.5 p-1 -95563 58
1545 622 m2 347105 -0.0784976631 0.5 p-1 -3595 2
1165 624 m2 347706 1.83966858e-06 0.5 p-1 -68749 9
729 625 m2 347940 -0.0393405743 0.5 p-1 -698745 342
1271 628 m2 348338 -0.00337834959 0.5 p-1 -17799 19
94 629 m2 348403 -0.0223390199 0.5 p-1 -2971386 779
931 630 m2 348579 0.00576560525 0.5 p-1 -68572 16
477 631 m2 348924 0.00140490301 0.5 p-1 -894572 220
602 634 m2 350194 -0.0344082639 0.5 p-1 -6233622 829
1424 637 m2 351408 8.10826969e-05 0.5 p-1 -51422 19
95 638 m2 352327 -1.40078168e-06 0.5 p-1 -1859716 875
1054 640 m2 352678 0.00030505209 0.5 p-1 -94963 58
279 643 m2 353946 -0.0189802237 0.5 p-1 -1351349 1578
603 646 m2 354256 -0.0179838296 0.5 p-1 -864299 983
672 647 m2 354309 -0.0629310533 0.5 p-1 -46836 96
479 648 m2 354548 -0.00765336957 0.5 p-1 -3413908 1262
765 649 m2 355616 -0.000931390678 0.5 p-1 -331739 18
400 650 m2 356350 0.00388124632 0.5 p-1 -438072 387
280 651 m2 357176 0.0333512202 0.5 p-1 -311448 149
1520 653 m2 357864 -3.377748e-05 0.5 p-1 -27570 20
1117 654 m2 357911 -0.014160363 0.5 p-1 -500141 42
1642 655 m2 358546 -0.00127635768 0.5 p-1 -15458 3
830 656 m2 358638 0.0108253825 0.5 p-1 -414643 26
96 657 m2 360014 0.0275696851 0.5 p-1 -2026443 1431
817 658 m2 360071 -0.0301628802 0.5 p-1 -41746 17
281 661 m2 363121 6.12444319e-06 0.5 p-1 -1679490 1217
282 662 m2 363166 -0.00215884461 0.5 p-1 -1229689 605
795 663 m2 363373 1.3347341e-08 0.5 p-1 -405490 97
97 664 m2 363943 0.0396814756 0.5 p-1 -9714469 1372
673 666 m2 364846 0.00396034028 0.5 p-1 -160633 159
1018 667 m2 365994 4.66698702e-06 0.5 p-1 -4282178 317
98 669 m2 366948 -2.20225484e-05 0.5 p-1 -4459447 929
730 670 m2 367493 -6.79477921e-07 0.5 p-1 -3696913 396
1227 671 m2 368230 0.0053533162 0.5 p-1 -40459 31
1533 673 m2 369081 -0.00604046462 0.5 p-1 -101768 16
1134 677 m2 371252 -0.101924039 0.5 p-1 -44070 15
1019 678 m2 371339 -0.0537151881 0.5 p-1 -916060 167
1546 679 m2 371387 -7.78946951e-09 0.5 p-1 -203359 19
1135 680 m2 371434 0.0111538703 0.5 p-1 -50940 15
99 681 m2 371502 0.0508725494 0.5 p-1 -1353804 408
1055 684 m2 371694 0.00300881662 0.5 p-1 -158962 58
480 686 m2 373873 0.0267451312 0.5 p-1 -886325 454
942 687 m2 374319 -0.0158770792 0.5 p-1 -1579845 145
100 688 m2 374953 -0.000200529437 0.5 p-1 -1803096 764
284 689 m2 375414 -0.00425573811 0.5 p-1 -1749093 887
1011 690 m2 375530 0.0106141083 0.5 p-1 -138081 152
1330 691 m2 375589 0.017872544 0.5 p-1 -85319 22
285 692 m2 376275 -0.00271598483 0.5 p-1 -5224384 1198
1012 693 m2 376298 0.000694543298 0.5 p-1 -137475 60
1056 694 m2 376546 0.0021066675 0.5 p-1 -88293 15
101 696 m2 376938 0.0182749145 0.5 p-1 -3861425 1619
1070 697 m2 377226 -7.47764425e-05 0.5 p-1 -505843 93
1586 698 m2 377926 -0.0100129927 0.5 p-1 -9164 7
1525 699 m2 379924 -0.0032996512 0.5 p-1 -55731 3
731 701 m2 380986 8.59150584e-10 0.5 p-1 -20397 47
641 702 m2 382308 0.00219245232 0.5 p-1 -875299 348
1666 704 m2 384287 -1.12638013e-07 0.5 p-1 -35127 6
1100 705 m2 385302 0.0180937517 0.5 p-1 -28363 2
674 706 m2 385481 0.000204145326 0.5 p-1 -458368 240
481 707 m2 385527 0.0136964573 0.5 p-1 -191946 279
401 709 m2 387165 0.000388671266 0.5 p-1 -312279 266
766 710 m2 387215 0.00632834854 0.5 p-1 -140910 35
1109 711 m2 387346 0.0246336311 0.5 p-1 -117200 25
402 712 m2 387374 0.0353538431 0.5 p-1 -389570 496
1203 713 m2 388115 0.0353094935 0.5 p-1 -35606 1
1615 714 m2 389038 3.74604679e-05 0.5 p-1 -2119 3
1219 715 m2 391931 -0.0124270627 0.5 p-1 -5353058 79
642 717 m2 393552 0.0538537689 0.5 p-1 -17805 18
1475 719 m2 394122 0.00225757482 0.5 p-1 -188551 10
1702 721 m2 394690 -0.00417645182 0.5 p-1 -11536 2
1711 722 m2 394717 -0.00952604692 0.5 p-1 -4552 2
917 723 m2 395723 7.57337966e-06 0.5 p-1 -1203014 335
286 724 m2 396122 0.0216810405 0.5 p-1 -8875662 68
104 726 m2 396427 -0.00226453319 0.5 p-1 -2191193 1169
1378 727 m2 397271 -1.70467174e-05 0.5 p-1 -210796 14
403 729 m2 397732 1.2862999e-05 0.5 p-1 -4575664 900
1608 731 m2 399893 -0.00604312727 0.5 p-1 -142193 2
106 733 m2 401796 0.00361636071 0.5 p-1 -2355622 905
1277 735 m2 405327 2.35883217e-05 0.5 p-1 -54761 6
1149 736 m2 405901 0.00171671296 0.5 p-1 -54353 4
288 737 m2 405941 0.00418129331 0.5 p-1 -1527988 1395
1191 738 m2 406161 0.000103680235 0.5 p-1 -521311 10
705 739 m2 406293 -0.145538777 0.5 p-1 -1571298 392
1626 740 m2 406855 1.60170021e-05 0.5 p-1 -2682 2
1600 741 m2 407153 0.0301111117 0.5 p-1 -99 1
107 742 m2 407703 -0.000107854525 0.5 p-1 -733144 637
1031 744 m2 407946 1.75415626e-05 0.5 p-1 -44112 31
643 745 m2 408107 -0.0001540222 0.5 p-1 -204576 91
1220 746 m2 408653 1.64457037e-06 0.5 p-1 -20655 21
644 747 m2 409553 0.0100657484 0.5 p-1 -5030113 813
645 748 m2 409580 0.000789193786 0.5 p-1 -4089437 817
1488 750 m2 410194 -0.0345710367 0.5 p-1 -6898 3
1221 751 m2 411583 0.000561793975 0.5 p-1 -19006 21
918 752 m2 412343 -0.000866306713 0.5 p-1 -277984 58
110 754 m2 413941 -0.000712834531 0.5 p-1 -7077087 1976
1594 755 m2 415145 -1.09343e-06 0.5 p-1 -33959 3
111 756 m2 415593 0.00346099469 0.5 p-1 -672817 456
1316 759 m2 416262 -0.00278866035 0.5 p-1 -19969 10
1101 760 m2 417702 -0.00112320099 0.5 p-1 -1051 5
605 762 m2 420646 -0.000789731799 0.5 p-1 -1596840 136
1235 765 m2 422513 0.00820650253 0.5 p-1 -90319 26
884 766 m2 422732 0.000852622848 0.5 p-1 -429342 227
483 767 m2 422778 -5.09169404e-05 0.5 p-1 -747395 359
1461 768 m2 423152 3.67431239e-05 0.5 p-1 -234890 4
1595 769 m2 423704 0.0301933885 0.5 p-1 -133937 3
1456 770 m2 424265 -0.0177039672 0.5 p-1 -944 4
405 771 m2 424340 0.00206602388 0.5 p-1 -1065904 123
290 772 m2 424452 -0.00208745967 0.5 p-1 -4791663 1100
291 773 m2 424657 0.0111951279 0.5 p-1 -3747386 971
1204 774 m2 424779 0.00829270016 0.5 p-1 -117115 14
292 775 m2 425502 -0.0531703755 0.5 p-1 -1640341 628
919 777 m2 428159 -0.000684642349 0.5 p-1 -1531483 179
113 778 m2 428326 -7.01997169e-06 0.5 p-1 -1265877 1115
484 780 m2 428853 0.00567869283 0.5 p-1 -1173657 208
293 783 m2 431673 -0.00031964021 0.5 p-1 -1685740 1493
1388 784 m2 432529 -0.00270493887 0.5 p-1 -88871 49
767 785 m2 432956 0.00628203293 0.5 p-1 -524683 179
114 786 m2 433096 0.00384595268 0.5 p-1 -5425268 1590
115 787 m2 433236 0.0104492428 0.5 p-1 -5297744 1592
1543 789 m2 434663 -5.36112807e-08 0.5 p-1 -213958 8
732 790 m2 434981 -0.00138679205 0.5 p-1 -977849 237
294 791 m2 435597 -0.000757836679 0.5 p-1 -1709544 620
1669 793 m2 436362 0.0041501075 0.5 p-1 -105982 2
1517 794 m2 436458 -0.00687181111 0.5 p-1 -439337 6
295 795 m2 436535 -0.0226539727 0.5 p-1 -3887253 609
1630 796 m2 436735 -0.000523379073 0.5 p-1 -638995 4
706 799 m2 439354 0.0160438679 0.5 p-1 -305295 136
865 801 m2 440608 0.0278785191 0.5 p-1 -502512 139
1106 802 m2 441038 -0.149036482 0.5 p-1 -1512337 215
296 804 m2 441171 -0.0352260023 0.5 p-1 -1080273 537
1093 805 m2 441267 -0.00463131862 0.5 p-1 -6715 22
1141 807 m2 441417 -0.00185653137 0.5 p-1 -108244 13
407 809 m2 442791 0.00121767051 0.5 p-1 -1849393 356
1532 810 m2 442832 -2.84399789e-07 0.5 p-1 -30252 6
1490 815 m2 448372 0.0985374525 0.5 p-1 -135609 17
116 816 m2 448732 0.00164210424 0.5 p-1 -852413 216
117 817 m2 449293 -0.00411692681 0.5 p-1 -284471 233
485 818 m2 449331 0.00526907528 0.5 p-1 -3621504 114
297 819 m2 449790 0.0430818759 0.5 p-1 -405989 558
1035 821 m2 452104 -0.00142862217 0.5 p-1 -962099 115
408 822 m2 452220 -0.00381720928 0.5 p-1 -381630 182
486 823 m2 452233 0.000825943251 0.5 p-1 -559605 220
1278 824 m2 452283 -0.010382005 0.5 p-1 -63918 23
487 825 m2 452497 -0.0548591278 0.5 p-1 -3587824 40
298 827 m2 453021 9.80077675e-05 0.5 p-1 -4739459 197
1708 828 m2 453933 -0.00809872709 0.5 p-1 -4946 1
607 830 m2 454934 0.0146579761 0.5 p-1 -154180 218
1530 831 m2 458411 -0.00764897512 0.5 p-1 -19597 3
999 832 m2 459069 -0.00196366245 0.5 p-1 -109760 67
1114 833 m2 459082 -0.00323698577 0.5 p-1 -118793 93
120 835 m2 460753 -0.00892374385 0.5 p-1 -448216 275
1326 836 m2 462436 0.00884067453 0.5 p-1 -12337 3
121 837 m2 462619 0.00495898584 0.5 p-1 -11466795 403
300 838 m2 463475 -0.000469718536 0.5 p-1 -4575796 1597
943 840 m2 466866 0.00415876601 0.5 p-1 -317301 90
1561 842 m2 468224 9.37725815e-07 0.5 p-1 -106619 9
122 844 m2 468797 -0.00430466421 0.5 p-1 -4541520 805
301 845 m2 469503 0.00760942372 0.5 p-1 -2146235 261
123 846 m2 472012 0.0573868565 0.5 p-1 -1597856 1392
959 847 m2 472507 0.00707110856 0.5 p-1 -7131220 59
608 848 m2 472994 -0.000165989739 0.5 p-1 -450242 109
1166 849 m2 473679 0.00870415568 0.5 p-1 -222767 4
1540 850 m2 476159 0.0221831668 0.5 p-1 -43334 6
734 853 m2 477482 0.0529748276 0.5 p-1 -4415610 480
1167 855 m2 477780 -0.00419151783 0.5 p-1 -385703 31
1579 856 m2 479138 -2.12232771e-05 0.5 p-1 -3233 14
707 857 m2 479378 0.0250535496 0.5 p-1 -18279 8
609 859 m2 479940 -0.000292040524 0.5 p-1 -1670692 635
1160 862 m2 483551 -0.00961747579 0.5 p-1 -315444 126
1279 864 m2 484391 0.000123615464 0.5 p-1 -53194 12
1662 865 m2 485414 0.0265406892 0.5 p-1 -942 6
920 866 m2 486210 -0.0115522658 0.5 p-1 -298434 129
1550 867 m2 486285 -0.00292535801 0.5 p-1 -1132340 20
549 868 m2 486549 -0.000137976895 0.5 p-1 -4858942 881
410 869 m2 486840 0.00892653316 0.5 p-1 -1334752 106
974 870 m2 486858 -0.0125885922 0.5 p-1 -1477154 87
125 872 m2 488884 0.000278303516 0.5 p-1 -1387263 143
303 873 m2 493897 -1.47056016e-06 0.5 p-1 -884686 643
1592 874 m2 494195 0.00922769215 0.5 p-1 -583667 6
1681 876 m2 495459 1.33408803e-05 0.5 p-1 -18469 1
708 877 m2 495526 0.00727852015 0.5 p-1 -68179 22
1511 878 m2 495861 0.00193037186 0.5 p-1 -167716 29
304 880 m2 497542 -0.00238547055 0.5 p-1 -6922233 660
1102 883 m2 498840 -0.189234942 0.5 p-1 -3006430 65
1065 884 m2 498906 -7.41758267e-05 0.5 p-1 -35882 14
128 885 m2 498956 -0.000699085649 0.5 p-1 -389637 441
709 889 m2 500790 -0.000404624181 0.5 p-1 -53909 9
850 890 m2 501124 -0.0112320771 0.5 p-1 -313723 65
831 891 m2 501959 -5.62460009e-05 0.5 p-1 -275249 21
768 894 m2 502688 4.6511901e-05 0.5 p-1 -4192966 26
1632 895 m2 502737 -5.0848379e-05 0.5 p-1 -120937 6
1236 896 m2 503813 0.00487691537 0.5 p-1 -31351 19
305 897 m2 503949 0.00300267269 0.5 p-1 -2515021 647
306 899 m2 505846 0.0463263243 0.5 p-1 -658375 1083
307 901 m2 507313 0.000393234572 0.5 p-1 -1614989 143
866 903 m2 510299 -9.26275243e-05 0.5 p-1 -34504 57
550 904 m2 511710 -0.00474980334 0.5 p-1 -2922234 104
130 905 m2 512905 -0.00240914384 0.5 p-1 -1685285 375
988 906 m2 513174 -0.0450933576 0.5 p-1 -27368 6
1323 907 m2 513419 -0.00440977374 0.5 p-1 -1407538 94
610 908 m2 514028 0.00144902745 0.5 p-1 -4086670 593
901 910 m2 515149 -0.0260030106 0.5 p-1 -10961 8
1389 912 m2 515935 -0.0022347928 0.5 p-1 -3578 12
1000 913 m2 516127 -0.00250186073 0.5 p-1 -29682 21
131 914 m2 516299 -0.00997796748 0.5 p-1 -984855 429
1001 915 m2 516635 -0.00241744099 0.5 p-1 -24561 21
132 916 m2 516955 -0.00577204907 0.5 p-1 -630178 265
308 917 m2 517025 -6.54289897e-06 0.5 p-1 -2915568 912
1569 919 m2 519114 -0.00589747354 0.5 p-1 -5682 2
676 920 m2 519833 0.00168554683 0.5 p-1 -543978 178
1551 921 m2 519848 0.00616924278 0.5 p-1 -31556 16
960 922 m2 520255 -0.0239880383 0.5 p-1 -72162 12
1387 923 m2 520685 -0.000721800607 0.5 p-1 -31866 12
413 924 m2 521679 -3.87827459e-09 0.5 p-1 -208236 87
1379 925 m2 522507 1.84064847e-05 0.5 p-1 -72708 25
611 926 m2 523022 0.00741493469 0.5 p-1 -636915 113
677 927 m2 523082 0.00103453232 0.5 p-1 -3078893 365
818 928 m2 523478 0.0569779091 0.5 p-1 -358592 72
819 930 m2 524661 0.00134011696 0.5 p-1 -706803 101
134 931 m2 524726 7.78807735e-05 0.5 p-1 -893725 534
1185 932 m2 525125 0.00101170165 0.5 p-1 -1451311 40
414 934 m2 526404 -0.00039100775 0.5 p-1 -288456 80
1431 935 m2 527849 -0.000286701979 0.5 p-1 -78405 10
1072 936 m2 529424 0.000100531717 0.5 p-1 -495147 137
489 937 m2 530012 0.0106556192 0.5 p-1 -2646628 932
552 938 m2 530285 -0.000181767478 0.5 p-1 -292514 93
415 939 m2 530449 9.17821308e-05 0.5 p-1 -84178 116
885 940 m2 531089 0.000715211907 0.5 p-1 -146980 170
416 941 m2 531343 -6.34024618e-05 0.5 p-1 -1834173 434
797 942 m2 531472 -0.00249688071 0.5 p-1 -156953 101
711 943 m2 531616 0.00877533481 0.5 p-1 -665373 109
961 944 m2 532286 -0.00094340276 0.5 p-1 -278709 47
1205 945 m2 533483 -0.0287469123 0.5 p-1 -18504 6
135 947 m2 533678 0.00408885535 0.5 p-1 -4802027 1193
1420 948 m2 534003 -0.00128670712 0.5 p-1 -29274 13
136 949 m2 535255 0.00754251052 0.5 p-1 -4232531 1196
1538 951 m2 535440 -0.00944068283 0.5 p-1 -29592 5
553 952 m2 535845 9.91022443e-06 0.5 p-1 -808575 122
137 955 m2 537167 0.000935774646 0.5 p-1 -3292467 976
1521 956 m2 537267 0.00135828741 0.5 p-1 -87461 5
1136 957 m2 537477 0.0527539961 0.5 p-1 -107209 48
1638 960 m2 539008 -0.00073332648 0.5 p-1 -50487 1
1073 963 m2 541124 2.05577271e-05 0.5 p-1 -566664 146
138 964 m2 541509 -0.0026843443 0.5 p-1 -2515981 405
1020 965 m2 541639 -0.00563688483 0.5 p-1 -985559 97
1334 966 m2 542573 0.00230691349 0.5 p-1 -27564 16
1286 967 m2 542722 -0.0775613412 0.5 p-1 -116568 7
310 968 m2 542882 0.00416944409 0.5 p-1 -510703 231
1057 969 m2 543603 -0.00086798775 0.5 p-1 -33614 5
852 970 m2 544085 0.000733186898 0.5 p-1 -138012 24
1142 971 m2 544106 -0.00524038635 0.5 p-1 -1001823 53
139 972 m2 544205 -0.254533052 0.5 p-1 -933603 95
1042 973 m2 544647 -0.0263665114 0.5 p-1 -353788 156
678 974 m2 544670 7.14523139e-07 0.5 p-1 -868384 294
1686 975 m2 545968 -2.6542275e-05 0.5 p-1 -11465 1
311 977 m2 546624 0.0206004679 0.5 p-1 -1400407 387
1480 978 m2 547900 0.0039489707 0.5 p-1 -101545 7
679 979 m2 548482 0.00220708479 0.5 p-1 -319953 88
886 980 m2 548722 0.000282620749 0.5 p-1 -39000 12
140 981 m2 549418 -0.000189404629 0.5 p-1 -1049891 486
1458 982 m2 550541 -0.00230220659 0.5 p-1 -126457 24
554 983 m2 550561 -0.0547456965 0.5 p-1 -503303 316
769 984 m2 550667 -0.0574456118 0.5 p-1 -344230 135
490 986 m2 551632 2.6130092e-05 0.5 p-1 -1685895 944
418 988 m2 552480 -0.000353996205 0.5 p-1 -2402576 365
1481 990 m2 552622 -2.1901491e-05 0.5 p-1 -49370 10
1037 991 m2 552623 0.0297679547 0.5 p-1 -4145 7
555 992 m2 553485 0.00268626376 0.5 p-1 -10796 21
1115 993 m2 553600 0.0448987111 0.5 p-1 -605802 40
1043 994 m2 554419 0.00337454025 0.5 p-1 -348289 139
1253 996 m2 554610 0.00763572613 0.5 p-1 -273333 20
312 998 m2 555504 -0.00220701098 0.5 p-1 -248626 209
1516 999 m2 555566 -0.00376882544 0.5 p-1 -29802 14
680 1002 m2 556973 -0.0091319615 0.5 p-1 -303453 76
868 1004 m2 559456 -0.000765139994 0.5 p-1 -2516129 155
1210 1005 m2 560499 -0.0059265336 0.5 p-1 -70105 13
556 1006 m2 560712 0.0050739483 0.5 p-1 -550010 246
1719 1007 m2 561293 -0.00941531081 0.5 p-1 -24220 2
612 1008 m2 562062 -0.000695926428 0.5 p-1 -3712303 362
1555 1012 m2 564698 0.0059190169 0.5 p-1 -81060 2
419 1015 m2 566271 -0.00816475879 0.5 p-1 -30212 37
1074 1017 m2 569604 -0.00526748225 0.5 p-1 -232578 66
735 1019 m2 570682 -0.00423237262 0.5 p-1 -367958 227
1124 1020 m2 571767 0.00209108507 0.5 p-1 -3455 4
143 1021 m2 572951 -0.000528360717 0.5 p-1 -2301209 1497
421 1022 m2 572955 -0.000633426826 0.5 p-1 -12403 47
1446 1023 m2 573209 0.021969635 0.5 p-1 -9073 15
646 1024 m2 573210 -4.68558561e-08 0.5 p-1 -3883836 161
144 1025 m2 573765 0.00661239075 0.5 p-1 -3200923 1928
647 1027 m2 574759 0.0489742607 0.5 p-1 -1576046 397
921 1028 m2 574821 1.27901603e-05 0.5 p-1 -539246 70
1715 1029 m2 575782 -0.0140568428 0.5 p-1 -3700 1
798 1030 m2 575884 -0.00655645551 0.5 p-1 -68276 49
737 1031 m2 576233 -0.00187500834 0.5 p-1 -499943 72
681 1032 m2 576511 3.35191762e-05 0.5 p-1 -93501 25
314 1033 m2 577122 0.0155590782 0.5 p-1 -1838577 721
145 1036 m2 579168 -0.0223892368 0.5 p-1 -358211 97
422 1037 m2 579172 -0.00210296852 0.5 p-1 -2187544 608
1257 1038 m2 581123 -0.0270483568 0.5 p-1 -14843 5
146 1039 m2 581163 0.0104068397 0.5 p-1 -3056533 1573
423 1040 m2 582416 0.0195085052 0.5 p-1 -248209 141
424 1041 m2 582912 -0.000103941391 0.5 p-1 -5418945 1553
1698 1042 m2 583685 -0.00026195083 0.5 p-1 -148878 3
1484 1043 m2 583986 0.00945044216 0.5 p-1 -68243 6
557 1044 m2 584068 0.000265663461 0.5 p-1 -1600191 100
613 1046 m2 584260 -1.89347338e-06 0.5 p-1 -233167 90
962 1047 m2 584416 0.00518299825 0.5 p-1 -36704 10
1287 1048 m2 585199 -0.00640569115 0.5 p-1 -1877987 16
425 1049 m2 585272 0.0208359156 0.5 p-1 -255401 385
1103 1051 m2 585942 -3.58354555e-05 0.5 p-1 -71611 18
854 1055 m2 586770 0.000327798858 0.5 p-1 -342694 285
1331 1057 m2 587993 0.0500976704 0.5 p-1 -385807 35
1275 1060 m2 591786 -0.000185639379 0.5 p-1 -347402 75
1161 1061 m2 592238 0.000551450008 0.5 p-1 -117656 55
1125 1062 m2 592398 -4.64821824e-05 0.5 p-1 -6120 4
426 1063 m2 593415 0.0658100918 0.5 p-1 -4526039 1304
1614 1066 m2 594249 0.00868496019 0.5 p-1 -33125 3
1730 1068 m2 596655 1.42020127e-07 0.5 p-1 -53130 2
1503 1069 m2 597275 0.00921492931 0.5 p-1 -25983 19
933 1072 m2 601398 -0.00559886824 0.5 p-1 -29945 19
427 1074 m2 603527 -1.20777236e-06 0.5 p-1 -75274 61
888 1075 m2 605175 -0.0048393188 0.5 p-1 -92563 37
934 1076 m2 605601 3.7079204e-05 0.5 p-1 -62270 130
1266 1077 m2 606095 0.000248063647 0.5 p-1 -27987 18
1296 1078 m2 606241 0.000425753853 0.5 p-1 -214508 6
316 1079 m2 606806 -0.029311819 0.5 p-1 -319555 310
648 1080 m2 607100 -3.27452709e-09 0.5 p-1 -637740 204
1562 1081 m2 607246 4.63276883e-05 0.5 p-1 -4481 7
147 1083 m2 608798 -0.0486572981 0.5 p-1 -1020413 631
1302 1084 m2 609233 0.00625126623 0.5 p-1 -672 3
1497 1086 m2 610267 7.89264476e-08 0.5 p-1 -1211 6
1356 1087 m2 611536 0.0346710458 0.5 p-1 -2347 3
1026 1088 m2 611753 0.000220579721 0.5 p-1 -25926 57
148 1089 m2 611770 0.00244705984 0.5 p-1 -197126 27
319 1092 m2 613243 0.0114613706 0.5 p-1 -2213287 932
150 1093 m2 613782 -0.000622606254 0.5 p-1 -1673912 1240
833 1094 m2 613872 0.000136490169 0.5 p-1 -2212668 47
492 1095 m2 614117 0.0698343441 0.5 p-1 -2595034 747
1535 1096 m2 615153 0.0636117458 0.5 p-1 -29598 12
559 1098 m2 616865 0.0388407931 0.5 p-1 -264098 306
493 1099 m2 616885 0.0132001285 0.5 p-1 -2128196 135
771 1101 m2 617722 -9.28379109e-07 0.5 p-1 -49505 34
1474 1104 m2 620072 -2.51221309e-06 0.5 p-1 -12064 14
1110 1106 m2 620271 -0.0127007123 0.5 p-1 -180660 44
1060 1108 m2 620520 -0.00109178864 0.5 p-1 -1066128 255
614 1112 m2 624115 -0.00481553562 0.5 p-1 -819895 532
1625 1113 m2 624265 0.0177939739 0.5 p-1 -7691 5
1688 1118 m2 627755 0.0136350384 0.5 p-1 -18552 7
1601 1120 m2 628727 -0.0218749195 0.5 p-1 -6353 3
154 1121 m2 629060 -0.00420586579 0.5 p-1 -3082031 1709
155 1122 m2 629740 0.0241159294 0.5 p-1 -3035616 557
835 1124 m2 630064 -0.000410977227 0.5 p-1 -802182 158
156 1125 m2 630244 -0.000844251132 0.5 p-1 -1150634 550
799 1126 m2 630324 0.000766703801 0.5 p-1 -248526 189
1126 1127 m2 631279 -0.00853517 0.5 p-1 -271371 121
1432 1128 m2 631398 -0.0382356569 0.5 p-1 -4082 2
1463 1129 m2 631635 5.5543893e-07 0.5 p-1 -170972 8
1002 1130 m2 632303 -0.00153669133 0.5 p-1 -75565 9
944 1131 m2 633219 -0.0866343826 0.5 p-1 -124010 23
615 1132 m2 633525 -2.3152872e-05 0.5 p-1 -13670 48
158 1134 m2 635061 -1.2369911e-05 0.5 p-1 -3458140 1440
903 1135 m2 635154 0.00698676147 0.5 p-1 -416355 170
159 1136 m2 638796 0.011777564 0.5 p-1 -134928 50
1635 1138 m2 640105 -0.00906879175 0.5 p-1 -5477 6
160 1140 m2 641450 0.0126140323 0.5 p-1 -5626875 1495
428 1141 m2 642896 -0.00147356349 0.5 p-1 -5400545 507
162 1142 m2 643473 0.0600987338 0.5 p-1 -4228125 439
495 1143 m2 645429 0.000231880666 0.5 p-1 -7433972 824
889 1144 m2 645774 -0.0238896608 0.5 p-1 -2317500 172
1689 1145 m2 646044 2.64365626e-05 0.5 p-1 -13802 1
649 1146 m2 646316 0.00533143245 0.5 p-1 -189712 133
1223 1148 m2 649028 -0.0582366548 0.5 p-1 -9593 11
429 1149 m2 649103 -0.000832377002 0.5 p-1 -707142 355
1427 1151 m2 651274 0.00137233082 0.5 p-1 -49929 12
163 1152 m2 651959 -0.000222358824 0.5 p-1 -11414466 1879
1075 1154 m2 653576 -0.00590465777 0.5 p-1 -77052 37
560 1155 m2 654056 0.00233711279 0.5 p-1 -2759071 622
738 1156 m2 654221 0.000447839266 0.5 p-1 -2213901 271
165 1158 m2 654632 -4.79810797e-06 0.5 p-1 -4539637 959
1318 1159 m2 655587 0.000439165626 0.5 p-1 -141059 18
166 1160 m2 656149 -0.000540104753 0.5 p-1 -2475648 1318
616 1161 m2 656227 -0.0293485001 0.5 p-1 -1069059 223
1589 1163 m2 656870 0.00108064851 0.5 p-1 -66144 12
1258 1164 m2 657087 -0.00325583923 0.5 p-1 -4177 24
167 1166 m2 658357 1.36241715e-06 0.5 p-1 -358611 266
1472 1167 m2 659240 -0.000384081504 0.5 p-1 -64929 3
617 1168 m2 659343 0.0103533827 0.5 p-1 -34946 23
561 1169 m2 660159 -0.00343842618 0.5 p-1 -147239 18
497 1170 m2 660589 -6.8498608e-05 0.5 p-1 -636887 294
168 1171 m2 661066 -0.00593937514 0.5 p-1 -3545968 1677
169 1172 m2 661359 0.000307721086 0.5 p-1 -617474 626
1027 1173 m2 661956 0.0481494069 0.5 p-1 -38663 42
1352 1174 m2 662205 0.0469310582 0.5 p-1 -343753 32
836 1175 m2 663235 -0.00482929451 0.5 p-1 -128575 27
997 1176 m2 663516 -0.0593706481 0.5 p-1 -374671 69
170 1177 m2 663702 0.00101752393 0.5 p-1 -3506253 943
1509 1178 m2 663743 -0.00104375847 0.5 p-1 -2048 14
322 1181 m2 665803 0.0153246056 0.5 p-1 -1648223 139
651 1182 m2 665853 -0.00758747896 0.5 p-1 -311813 118
562 1184 m2 667721 0.0170624498 0.5 p-1 -215386 102
869 1185 m2 667976 -8.78262796e-08 0.5 p-1 -133234 74
890 1187 m2 668660 0.0320728645 0.5 p-1 -338533 230
1344 1188 m2 670167 -0.00356740318 0.5 p-1 -32582 34
1127 1189 m2 670298 -0.00693507819 0.5 p-1 -1681493 31
1152 1191 m2 671026 0.0345518515 0.5 p-1 -116223 14
430 1193 m2 671199 -0.000407082582 0.5 p-1 -253121 247
1107 1194 m2 671613 0.000534182065 0.5 p-1 -561531 47
1303 1195 m2 673423 -3.50992668e-05 0.5 p-1 -37904 28
820 1199 m2 675764 -0.000152794193 0.5 p-1 -922955 161
323 1201 m2 676623 -0.0167162381 0.5 p-1 -2491674 1136
171 1202 m2 676800 0.00336750038 0.5 p-1 -5821986 1172
1215 1204 m2 679457 -0.0825579539 0.5 p-1 -241172 43
948 1205 m2 679490 7.91996063e-05 0.5 p-1 -8790 10
563 1206 m2 679619 0.000938946789 0.5 p-1 -4288039 249
1116 1207 m2 679799 0.0418364778 0.5 p-1 -514566 69
172 1208 m2 680286 0.000743738201 0.5 p-1 -1669533 1548
564 1211 m2 681887 -0.00421185279 0.5 p-1 -3200217 1206
324 1212 m2 682665 0.00119884044 0.5 p-1 -2130442 223
325 1213 m2 683483 0.000468350918 0.5 p-1 -2800832 1076
175 1214 m2 683721 -0.00154997257 0.5 p-1 -292364 171
963 1217 m2 685279 -0.000224186035 0.5 p-1 -1560860 58
176 1219 m2 689160 -4.35241236e-05 0.5 p-1 -4032824 990
1298 1221 m2 690263 -0.0118615637 0.5 p-1 -3997 6
739 1222 m2 690382 0.00178738195 0.5 p-1 -2081700 292
177 1223 m2 691196 -0.0192041788 0.5 p-1 -2478558 168
326 1224 m2 691225 0.000480787276 0.5 p-1 -899670 880
1028 1225 m2 693416 0.00152905774 0.5 p-1 -682961 121
949 1226 m2 693622 -4.94490769e-06 0.5 p-1 -6915205 391
327 1227 m2 694142 -0.00132628565 0.5 p-1 -2933188 1551
998 1228 m2 694261 3.93562641e-06 0.5 p-1 -223113 56
1701 1229 m2 695824 -0.0240893401 0.5 p-1 -25766 3
178 1230 m2 696791 0.000292560318 0.5 p-1 -1793483 279
179 1231 m2 697358 0.00155122345 0.5 p-1 -2687211 1514
1476 1235 m2 698832 0.00366247818 0.5 p-1 -507085 11
1094 1236 m2 698850 0.000537949149 0.5 p-1 -175438 99
652 1237 m2 699075 2.89505042e-05 0.5 p-1 -1717988 216
653 1238 m2 699523 1.00884427e-06 0.5 p-1 -1653834 311
1370 1239 m2 699538 -7.28659461e-06 0.5 p-1 -329226 24
1242 1240 m2 699980 0.107895277 0.5 p-1 -6263 11
181 1241 m2 701041 -0.00998972077 0.5 p-1 -3404620 988
1304 1242 m2 701665 -0.00599573646 0.5 p-1 -33202 14
800 1243 m2 702327 0.00212073117 0.5 p-1 -3751544 308
1371 1244 m2 702741 -0.0584268868 0.5 p-1 -2148148 40
499 1248 m2 705836 0.00330935512 0.5 p-1 -2194913 285
328 1249 m2 706725 -0.000553092454 0.5 p-1 -2924799 1588
1395 1250 m2 706985 0.00301880669 0.5 p-1 -67151 17
182 1251 m2 707210 -3.71650349e-05 0.5 p-1 -10071823 1633
329 1252 m2 707229 -1.45619481e-07 0.5 p-1 -3969598 283
1216 1253 m2 708266 0.000278914522 0.5 p-1 -2320552 48
950 1255 m2 709251 -0.00100723363 0.5 p-1 -774186 56
1372 1256 m2 709311 -0.000207391218 0.5 p-1 -6839 3
431 1258 m2 710561 -2.12721407e-05 0.5 p-1 -1703014 722
1385 1259 m2 710791 0.000161693766 0.5 p-1 -51862 1
1518 1262 m2 712251 0.000987806357 0.5 p-1 -15453 5
619 1263 m2 712521 -0.014994028 0.5 p-1 -920078 303
331 1264 m2 713076 -0.000562412257 0.5 p-1 -3075844 1140
682 1267 m2 714067 7.07837626e-06 0.5 p-1 -432144 124
183 1269 m2 714929 -0.000583112938 0.5 p-1 -6100245 386
870 1270 m2 716065 -0.000463473611 0.5 p-1 -198296 81
821 1272 m2 717305 -0.0789381787 0.5 p-1 -662491 34
1319 1273 m2 717413 0.00614813017 0.5 p-1 -2755869 72
1391 1274 m2 718022 0.000106249528 0.5 p-1 -273692 48
891 1275 m2 718047 -0.00732862344 0.5 p-1 -228809 30
1112 1276 m2 718104 0.00133324636 0.5 p-1 -22842 11
742 1277 m2 719102 0.0117511246 0.5 p-1 -131263 41
184 1278 m2 719189 -0.000896128709 0.5 p-1 -1521269 1600
1396 1279 m2 719745 -0.00599923683 0.5 p-1 -3295 16
1394 1280 m2 720011 -0.00738527812 0.5 p-1 -11872 23
1452 1281 m2 721388 8.4072657e-05 0.5 p-1 -5449 3
185 1283 m2 723113 -0.00545230741 0.5 p-1 -2521455 686
945 1284 m2 723142 -0.0466136262 0.5 p-1 -274163 55
892 1285 m2 723871 -0.000774546352 0.5 p-1 -318330 5
565 1286 m2 724716 1.75227655e-08 0.5 p-1 -1983071 141
1186 1287 m2 724735 -3.43481998e-09 0.5 p-1 -127971 48
654 1288 m2 725610 0.00275041722 0.5 p-1 -1421902 570
186 1289 m2 725744 -0.00803963188 0.5 p-1 -1077234 753
893 1291 m2 726530 0.000515737163 0.5 p-1 -6753 5
501 1295 m2 735201 0.00233643525 0.5 p-1 -3616112 960
922 1296 m2 735527 -0.000845582807 0.5 p-1 -4164828 88
1187 1297 m2 735944 -0.00026202458 0.5 p-1 -29329 33
333 1298 m2 736177 0.00303332624 0.5 p-1 -12634 11
567 1299 m2 737088 -0.00161176932 0.5 p-1 -276100 285
568 1300 m2 737575 0.0241838489 0.5 p-1 -256196 335
334 1304 m2 740154 0.00281884754 0.5 p-1 -1288660 819
1090 1305 m2 740891 0.000199984352 0.5 p-1 -8229 1
335 1306 m2 740902 -0.0112480875 0.5 p-1 -3444350 1757
683 1307 m2 741347 -0.00496954005 0.5 p-1 -3557244 736
1039 1308 m2 741558 0.00130246521 0.5 p-1 -15439 13
1723 1309 m2 741894 9.4284318e-05 0.5 p-1 -56948 1
187 1310 m2 741929 -0.00172215456 0.5 p-1 -1864169 1691
894 1311 m2 742114 -0.043139182 0.5 p-1 -91544 20
1317 1312 m2 742521 -0.011929011 0.5 p-1 -5437 8
895 1313 m2 742635 0.000103292543 0.5 p-1 -119218 48
906 1314 m2 744075 0.0047066221 0.5 p-1 -15076 18
1380 1315 m2 745941 0.00217326474 0.5 p-1 -521968 71
773 1316 m2 746045 -1.2049278e-06 0.5 p-1 -8101332 293
1172 1317 m2 746414 0.00132689159 0.5 p-1 -2513022 34
188 1318 m2 746467 -8.86417274e-06 0.5 p-1 -5871249 906
189 1319 m2 746998 -0.00749021117 0.5 p-1 -5155997 793
621 1320 m2 747509 0.00141529343 0.5 p-1 -111830 55
1143 1321 m2 747883 -2.39535093e-05 0.5 p-1 -684304 36
1328 1322 m2 748752 -0.000239985297 0.5 p-1 -977807 49
502 1323 m2 749353 -0.00505731814 0.5 p-1 -1603203 189
1299 1325 m2 750420 -0.024634596 0.5 p-1 -395385 6
976 1326 m2 750739 -0.000627975794 0.5 p-1 -1154454 127
871 1327 m2 750894 -0.000243155082 0.5 p-1 -21212 27
1710 1329 m2 752143 0.00367040024 0.5 p-1 -4054 3
1477 1332 m2 753690 -0.000350185961 0.5 p-1 -13554 7
1526 1333 m2 755014 -5.81910681e-05 0.5 p-1 -42286 1
623 1334 m2 755446 -0.0116447667 0.5 p-1 -3547610 537
1280 1335 m2 755699 -0.000840349821 0.5 p-1 -130911 16
503 1337 m2 755930 0.000179516093 0.5 p-1 -489706 152
504 1339 m2 756502 -0.00587906316 0.5 p-1 -7811004 540
1434 1340 m2 757342 -0.00103420462 0.5 p-1 -39387 23
1249 1341 m2 757467 -0.00241769198 0.5 p-1 -148050 137
569 1342 m2 758027 -0.0157614145 0.5 p-1 -67741 39
1082 1343 m2 758107 0.000333632313 0.5 p-1 -33365 26
338 1344 m2 758341 -0.000114485942 0.5 p-1 -3912023 588
989 1345 m2 761138 -6.15674071e-06 0.5 p-1 -2019856 179
624 1346 m2 761352 -1.02215317e-05 0.5 p-1 -2001711 114
990 1348 m2 761837 0.000787002209 0.5 p-1 -861792 207
896 1349 m2 762020 -0.000331500079 0.5 p-1 -276845 92
1397 1351 m2 762755 0.000720877724 0.5 p-1 -74352 30
432 1352 m2 763018 0.0607995316 0.5 p-1 -8473227 372
744 1353 m2 763340 0.0216038376 0.5 p-1 -121128 74
923 1355 m2 764569 0.00220432621 0.5 p-1 -78553 107
1704 1356 m2 764724 -8.1901203e-07 0.5 p-1 -38774 1
1156 1357 m2 764876 -0.036092788 0.5 p-1 -186653 17
897 1358 m2 765229 0.00303889904 0.5 p-1 -2709429 31
656 1359 m2 765422 0.000439703261 0.5 p-1 -1760309 550
1519 1360 m2 768672 -0.0649411082 0.5 p-1 -10027 9
856 1363 m2 772988 4.05534665e-05 0.5 p-1 -502387 410
339 1364 m2 774128 3.89632987e-05 0.5 p-1 -41962 45
506 1365 m2 774677 0.00233348948 0.5 p-1 -2582700 673
1659 1366 m2 774707 -6.85929408e-05 0.5 p-1 -25007 4
774 1368 m2 774906 -6.15832978e-05 0.5 p-1 -129297 242
191 1369 m2 775144 0.0300965421 0.5 p-1 -836608 659
1392 1371 m2 775436 0.000783946307 0.5 p-1 -463622 24
192 1372 m2 775625 -7.19157397e-05 0.5 p-1 -4232515 1806
1459 1374 m2 777122 -0.00286418456 0.5 p-1 -24051 1
193 1376 m2 777762 -0.00224064873 0.5 p-1 -1123724 1681
872 1377 m2 778696 -0.0236348175 0.5 p-1 -84720 65
196 1379 m2 779373 -0.0851364806 0.5 p-1 -171015 147
433 1380 m2 780488 0.0178844538 0.5 p-1 -953143 338
907 1381 m2 781280 -8.38431879e-06 0.5 p-1 -2767558 108
197 1384 m2 781895 -0.030931484 0.5 p-1 -2847014 1938
570 1386 m2 783071 9.62882987e-05 0.5 p-1 -2212218 467
198 1387 m2 783460 -7.15964575e-07 0.5 p-1 -5267609 373
625 1388 m2 784020 0.00266422261 0.5 p-1 -10030 35
340 1389 m2 784071 -0.000473639666 0.5 p-1 -4330700 460
991 1390 m2 784156 -0.0109917 0.5 p-1 -378052 147
1455 1392 m2 784795 -0.000224500138 0.5 p-1 -9748 10
946 1393 m2 785991 -0.000373681454 0.5 p-1 -80102 39
838 1394 m2 786225 0.0100032389 0.5 p-1 -1028648 535
1493 1395 m2 786403 0.00496583246 0.5 p-1 -12791 13
1382 1396 m2 786476 -0.0808829367 0.5 p-1 -50960 9
507 1399 m2 787946 -0.00770973414 0.5 p-1 -1345777 60
1267 1400 m2 788108 1.91694554e-07 0.5 p-1 -17024 3
508 1401 m2 789021 -0.000872240635 0.5 p-1 -113922 39
1076 1402 m2 789305 0.0344510302 0.5 p-1 -209919 28
341 1404 m2 789701 -5.05011121e-06 0.5 p-1 -2901563 421
1224 1405 m2 789761 4.41898374e-06 0.5 p-1 -21476 25
775 1406 m2 791959 -0.00160495192 0.5 p-1 -903085 212
342 1408 m2 793340 -0.00138419052 0.5 p-1 -792401 266
1661 1410 m2 794758 -0.0251958966 0.5 p-1 -14443 2
964 1411 m2 794816 0.000933337957 0.5 p-1 -142663 43
776 1412 m2 796195 0.0199199989 0.5 p-1 -730775 305
343 1415 m2 797676 -0.0732693225 0.5 p-1 -1455569 554
802 1416 m2 797981 0.000765844481 0.5 p-1 -8483697 453
434 1417 m2 798036 -0.0137727773 0.5 p-1 -3310457 513
199 1418 m2 798599 0.01223573 0.5 p-1 -1801313 641
1144 1419 m2 799844 0.00535340095 0.5 p-1 -112147 47
1604 1420 m2 799866 -2.68666577e-06 0.5 p-1 -12349 6
1217 1422 m2 804229 -0.0431236662 0.5 p-1 -839120 47
1225 1423 m2 804522 0.000208596408 0.5 p-1 -4911 18
200 1424 m2 805868 0.00159333239 0.5 p-1 -5994490 781
1273 1427 m2 806477 0.0006252561 0.5 p-1 -5513 10
684 1430 m2 808630 -0.000590878946 0.5 p-1 -75982 77
822 1431 m2 809251 1.80489703e-08 0.5 p-1 -260717 88
201 1432 m2 809935 3.68084329e-06 0.5 p-1 -9658369 1583
777 1433 m2 810132 0.00494299037 0.5 p-1 -387046 29
803 1434 m2 811843 0.0214968976 0.5 p-1 -80246 119
1565 1435 m2 811859 -0.000222004775 0.5 p-1 -316401 2
1639 1437 m2 812844 -0.00450057583 0.5 p-1 -43731 1
746 1438 m2 813259 -2.92947334e-06 0.5 p-1 -276535 105
1725 1439 m2 813622 -0.00834118575 0.5 p-1 -7902 3
1679 1440 m2 815038 -0.000125272811 0.5 p-1 -13951 2
509 1441 m2 815701 -3.24016473e-05 0.5 p-1 -1930168 708
510 1442 m2 816066 0.0382980853 0.5 p-1 -976425 68
1173 1443 m2 818026 -0.0268954672 0.5 p-1 -91767 36
748 1445 m2 818417 -0.0180970728 0.5 p-1 -313688 265
511 1446 m2 818987 6.8860877e-06 0.5 p-1 -638964 267
1245 1447 m2 820061 -0.00804059021 0.5 p-1 -128219 32
685 1448 m2 820224 0.0531672388 0.5 p-1 -766161 456
1358 1450 m2 821562 0.000149278319 0.5 p-1 -6057 1
1558 1451 m2 821815 0.012675372 0.5 p-1 -3354 11
713 1452 m2 822522 0.000287365663 0.5 p-1 -439090 133
344 1454 m2 824466 -0.0121386619 0.5 p-1 -2619047 1892
1288 1455 m2 826021 -0.022655312 0.5 p-1 -109681 16
436 1456 m2 826029 0.0119930143 0.5 p-1 -2759203 814
1629 1460 m2 829208 -0.00256542908 0.5 p-1 -22888 3
1174 1462 m2 829580 -0.000247048243 0.5 p-1 -15874 5
1351 1466 m2 832238 -2.95223413e-06 0.5 p-1 -16729 7
205 1467 m2 833253 0.0586882047 0.5 p-1 -3177813 637
658 1468 m2 835783 3.38756145e-05 0.5 p-1 -605058 164
1045 1470 m2 836761 0.00100959186 0.5 p-1 -3215100 100
512 1473 m2 838068 9.2459436e-07 0.5 p-1 -302971 294
873 1474 m2 838109 0.0877112076 0.5 p-1 -185838 89
1232 1475 m2 839179 0.0537692346 0.5 p-1 -262913 16
1154 1477 m2 839363 -0.000815329433 0.5 p-1 -34830 67
1416 1479 m2 840752 0.0292915776 0.5 p-1 -346602 31
1621 1481 m2 841969 -7.86228047e-05 0.5 p-1 -42954 6
839 1482 m2 842134 -0.00107722508 0.5 p-1 -148208 40
778 1483 m2 842189 0.00120841339 0.5 p-1 -6685435 289
1609 1484 m2 842583 5.91840544e-05 0.5 p-1 -145651 6
206 1485 m2 842868 6.30744835e-05 0.5 p-1 -747165 434
1582 1487 m2 843151 0.000236658394 0.5 p-1 -223018 22
935 1488 m2 844419 -0.0231168605 0.5 p-1 -937785 167
936 1489 m2 844552 4.21809273e-05 0.5 p-1 -1497348 415
1196 1491 m2 845786 0.02257788 0.5 p-1 -81398 43
571 1492 m2 846136 -0.00132592383 0.5 p-1 -359146 135
513 1493 m2 846590 7.87314946e-07 0.5 p-1 -4417514 461
714 1494 m2 847173 2.6888225e-05 0.5 p-1 -47451 36
1583 1495 m2 847222 -0.0206351969 0.5 p-1 -12943 14
514 1497 m2 847904 0.0053211404 0.5 p-1 -44344 25
1464 1498 m2 848082 -5.96310065e-06 0.5 p-1 -12811 8
715 1500 m2 850353 -0.000829948462 0.5 p-1 -537507 75
716 1501 m2 850596 -9.85186307e-06 0.5 p-1 -169032 49
1268 1502 m2 851482 0.00151271513 0.5 p-1 -46865 4
750 1505 m2 852084 0.0110210543 0.5 p-1 -440289 228
1337 1506 m2 852669 0.0622083396 0.5 p-1 -21616 34
515 1507 m2 854770 -1.54667134e-06 0.5 p-1 -5930498 788
438 1508 m2 854850 0.00290545891 0.5 p-1 -1691855 1185
1310 1509 m2 855170 0.00170733267 0.5 p-1 -12306 13
1250 1510 m2 856759 -0.000138478703 0.5 p-1 -129941 27
659 1511 m2 857322 -0.00251643406 0.5 p-1 -2884228 194
209 1513 m2 858779 0.0106669972 0.5 p-1 -13337213 1434
1345 1514 m2 858970 -4.76786272e-06 0.5 p-1 -27444 20
1440 1518 m2 862927 0.0232496206 0.5 p-1 -296781 9
1128 1520 m2 864345 -0.00224370765 0.5 p-1 -72500 49
347 1523 m2 868493 -0.000622454565 0.5 p-1 -3176617 1035
439 1525 m2 869337 0.000476227986 0.5 p-1 -1301050 277
1643 1526 m2 869844 -0.00282503944 0.5 p-1 -4182 6
441 1528 m2 871824 -0.00275977585 0.5 p-1 -4323791 1013
575 1529 m2 872352 0.0103401858 0.5 p-1 -3398128 657
442 1530 m2 874377 0.0196951069 0.5 p-1 -299690 40
952 1531 m2 874922 1.57401459e-09 0.5 p-1 -483862 112
576 1532 m2 875121 -0.0324968733 0.5 p-1 -3078461 392
1373 1533 m2 875493 0.0162563343 0.5 p-1 -144229 2
840 1534 m2 875501 -0.0114991572 0.5 p-1 -577229 50
210 1535 m2 876438 -1.87393678e-09 0.5 p-1 -1780410 1119
841 1536 m2 877134 -0.0207100082 0.5 p-1 -434784 39
211 1538 m2 877478 0.00760560995 0.5 p-1 -1302787 1049
1003 1541 m2 878460 1.0987621e-05 0.5 p-1 -101505 35
1527 1542 m2 879147 -0.000238938999 0.5 p-1 -52992 1
212 1543 m2 879268 -0.000827557815 0.5 p-1 -2160228 1955
1255 1545 m2 880576 0.00590932462 0.5 p-1 -87243 37
443 1546 m2 881425 -0.0103633394 0.5 p-1 -989536 676
953 1548 m2 881507 0.00305891549 0.5 p-1 -34379 21
444 1549 m2 881985 0.0163862724 0.5 p-1 -4506294 1173
1570 1550 m2 883122 0.00025797158 0.5 p-1 -29045 1
1528 1551 m2 883689 -0.000112459784 0.5 p-1 -25499 3
1155 1552 m2 883836 -0.00124123611 0.5 p-1 -243533 50
804 1553 m2 884149 -0.0585515499 0.5 p-1 -252804 22
214 1554 m2 884451 -0.000804721378 0.5 p-1 -4441439 1758
215 1556 m2 884897 -0.00188788574 0.5 p-1 -2172161 1534
216 1557 m2 884962 0.0208040234 0.5 p-1 -702634 524
1654 1558 m2 885306 -0.00113476324 0.5 p-1 -486099 11
577 1559 m2 886683 -0.00126197399 0.5 p-1 -1570986 689
348 1560 m2 887507 0.00543866353 0.5 p-1 -1191445 231
217 1561 m2 887787 0.12834157 0.5 p-1 -63704 54
979 1566 m2 889660 0.0133219892 0.5 p-1 -76155 54
349 1568 m2 890472 0.00938067585 0.5 p-1 -1364314 913
1338 1569 m2 891116 9.00049781e-05 0.5 p-1 -198904 3
1607 1570 m2 892027 6.75412884e-05 0.5 p-1 -287687 3
1194 1571 m2 892675 0.00037014694 0.5 p-1 -11434 15
578 1572 m2 893004 0.0106904162 0.5 p-1 -3884454 683
1581 1573 m2 893544 0.00350109045 0.5 p-1 -5786 7
992 1574 m2 895546 0.004767993 0.5 p-1 -8556 23
1004 1576 m2 896302 -0.0529072732 0.5 p-1 -312606 35
779 1577 m2 896464 -8.48569907e-05 0.5 p-1 -397612 393
1047 1578 m2 897654 -0.0359514691 0.5 p-1 -195383 11
1305 1579 m2 897846 -9.24543565e-06 0.5 p-1 -29549 8
1409 1580 m2 897937 0.034343686 0.5 p-1 -140733 16
445 1581 m2 898740 4.54497458e-05 0.5 p-1 -47973 6
780 1582 m2 898854 -0.000276540406 0.5 p-1 -786364 119
661 1583 m2 899561 -0.02672063 0.5 p-1 -1543340 309
350 1585 m2 900114 5.76547063e-05 0.5 p-1 -6361070 530
220 1586 m2 900914 -0.00971284602 0.5 p-1 -1871744 911
1726 1587 m2 902255 -0.0245847981 0.5 p-1 -10058 1
351 1588 m2 902432 -0.0120045552 0.5 p-1 -13672177 857
1212 1590 m2 903260 -0.00488925679 0.5 p-1 -2454610 48
1079 1591 m2 903408 -8.42304871e-06 0.5 p-1 -211941 56
781 1592 m2 903763 0.00177455531 0.5 p-1 -14915 32
1576 1594 m2 905702 2.86482682e-05 0.5 p-1 -85141 15
519 1595 m2 906136 -0.00693351682 0.5 p-1 -779363 476
1495 1596 m2 906905 -0.000443160941 0.5 p-1 -12911 2
782 1597 m2 907296 -0.0180050265 0.5 p-1 -197454 318
823 1598 m2 907496 0.00294397539 0.5 p-1 -146273 315
221 1600 m2 908972 -0.0363667868 0.5 p-1 -3443840 1886
717 1601 m2 909350 -7.9782847e-05 0.5 p-1 -664283 57
718 1602 m2 909668 -0.000190444916 0.5 p-1 -197514 57
352 1603 m2 909862 -0.000276482548 0.5 p-1 -147203 109
446 1607 m2 911653 -0.00101065461 0.5 p-1 -271947 38
222 1608 m2 911713 -0.000198795751 0.5 p-1 -1320236 1093
1605 1609 m2 912205 -7.82119096e-05 0.5 p-1 -2452 6
1335 1610 m2 912236 0.0044286903 0.5 p-1 -151842 4
353 1611 m2 912301 -0.00320073077 0.5 p-1 -1195310 137
223 1612 m2 912492 -4.606527e-05 0.5 p-1 -4575323 1969
1491 1613 m2 912673 -0.0309489146 0.5 p-1 -214663 13
520 1614 m2 913661 -0.0450689606 0.5 p-1 -11727117 353
579 1615 m2 914261 0.00265761605 0.5 p-1 -1041526 298
1147 1616 m2 914337 0.000183643075 0.5 p-1 -88049 35
1332 1618 m2 915616 0.00109787949 0.5 p-1 -973480 26
980 1619 m2 915756 -1.56683072e-05 0.5 p-1 -1438584 171
580 1620 m2 916004 5.39635084e-06 0.5 p-1 -325806 224
1465 1621 m2 916052 0.00348959561 0.5 p-1 -70337 29
1590 1622 m2 916308 0.00235677185 0.5 p-1 -473318 6
354 1623 m2 917044 6.5005901e-05 0.5 p-1 -2728993 1023
1080 1626 m2 918316 0.0031636213 0.5 p-1 -867453 125
355 1627 m2 919241 -3.9060661e-11 0.5 p-1 -1735817 224
224 1628 m2 919251 -1.78424634e-05 0.5 p-1 -216637 138
1598 1631 m2 920832 0.00264204945 0.5 p-1 -3062 9
1234 1632 m2 922834 0.0058850511 0.5 p-1 -3810 12
1706 1633 m2 922992 -0.000855615712 0.5 p-1 -8780 1
356 1634 m2 923076 6.87771826e-05 0.5 p-1 -827186 350
1508 1635 m2 923448 -0.000651114795 0.5 p-1 -300424 4
1091 1639 m2 926289 0.0006979928 0.5 p-1 -34362 24
1405 1640 m2 927430 1.31008637e-05 0.5 p-1 -28445 7
924 1641 m2 928804 0.0618851893 0.5 p-1 -426090 33
226 1642 m2 929193 -0.000589038711 0.5 p-1 -4644619 1181
1453 1644 m2 930595 -1.01789555e-08 0.5 p-1 -23322 6
227 1646 m2 931675 0.00743310619 0.5 p-1 -418408 63
228 1648 m2 932834 -1.24437083e-05 0.5 p-1 -5179018 1508
1571 1649 m2 934263 0.000103550716 0.5 p-1 -2026 1
522 1651 m2 936135 0.00656365231 0.5 p-1 -922676 773
447 1652 m2 936495 0.00314549357 0.5 p-1 -1606031 109
448 1653 m2 937317 -0.00709561212 0.5 p-1 -1664101 285
858 1655 m2 937798 -1.84626151e-05 0.5 p-1 -110294 12
449 1656 m2 937848 -0.0399524122 0.5 p-1 -5769189 463
581 1657 m2 938101 0.0104442602 0.5 p-1 -2178968 176
358 1658 m2 938730 -9.07737496e-11 0.5 p-1 -105626 40
450 1659 m2 940851 0.0131529504 0.5 p-1 -1122434 167
626 1660 m2 940869 -0.00124930171 0.5 p-1 -420362 222
1048 1661 m2 941125 -5.20482808e-06 0.5 p-1 -127949 36
687 1662 m2 941463 0.00602355693 0.5 p-1 -905378 56
230 1663 m2 941607 0.000265331299 0.5 p-1 -5581169 719
688 1666 m2 943419 0.0524334498 0.5 p-1 -69289 70
1096 1667 m2 943430 0.0234072506 0.5 p-1 -28014 31
231 1668 m2 943558 -0.00171458756 0.5 p-1 -3185929 1343
1049 1670 m2 944107 0.0189712178 0.5 p-1 -397676 36
954 1673 m2 945881 -0.034300562 0.5 p-1 -6381034 98
1306 1674 m2 946509 9.2984709e-07 0.5 p-1 -4194 10
662 1678 m2 950288 -0.00108677556 0.5 p-1 -31593 18
359 1680 m2 952163 0.000509202306 0.5 p-1 -342053 195
627 1681 m2 953333 3.43762331e-05 0.5 p-1 -923771 198
360 1683 m2 954460 -0.0112045761 0.5 p-1 -596366 147
1403 1684 m2 954718 -0.00450866623 0.5 p-1 -265417 23
1021 1686 m2 955614 -0.0448591486 0.5 p-1 -228080 37
583 1688 m2 957515 0.0194691978 0.5 p-1 -1970252 463
1140 1689 m2 958160 -0.0197457355 0.5 p-1 -181219 26
1492 1691 m2 958699 -0.0245916583 0.5 p-1 -149335 6
1365 1692 m2 960021 0.000326819398 0.5 p-1 -7518 4
361 1693 m2 960887 -0.0323151238 0.5 p-1 -857010 721
1376 1694 m2 961413 3.03588763e-06 0.5 p-1 -3045 6
629 1695 m2 961519 0.000880832842 0.5 p-1 -12027 27
925 1696 m2 962032 -0.0680634603 0.5 p-1 -213892 166
1441 1697 m2 962183 2.277166e-06 0.5 p-1 -6374 11
1660 1698 m2 963026 -0.0693134069 0.5 p-1 -59267 1
1256 1700 m2 965729 -0.0108866999 0.5 p-1 -154327 39
1051 1703 m2 967805 0.00113531342 0.5 p-1 -210820 76
1731 1704 m2 968073 -0.00176506117 0.5 p-1 -156808 1
1129 1705 m2 968792 -0.000104815255 0.5 p-1 -507466 4
1498 1706 m2 968898 -0.00664790813 0.5 p-1 -15164 5
1307 1708 m2 969422 -0.000252593978 0.5 p-1 -71104 50
1085 1709 m2 969432 -0.00555713661 0.5 p-1 -30969 62
1168 1710 m2 969877 0.00210174406 0.5 p-1 -1626735 81
1732 1711 m2 970053 0.0203222074 0.5 p-1 -38756 1
234 1712 m2 970719 -0.004222841 0.5 p-1 -111165 60
1341 1713 m2 971220 0.0382048711 0.5 p-1 -17884 23
1444 1715 m2 972208 -0.0169697795 0.5 p-1 -131422 22
1572 1716 m2 972862 0.00116612494 0.5 p-1 -5112 1
451 1717 m2 973697 2.66440793e-06 0.5 p-1 -280661 114
1534 1719 m2 974279 -0.000172569504 0.5 p-1 -331194 7
1469 1723 m2 978305 -0.0348553695 0.5 p-1 -12692 6
1218 1725 m2 978813 -5.41105123e-07 0.5 p-1 -40034 25
235 1726 m2 979208 0.00614970643 0.5 p-1 -5129427 668
783 1727 m2 979331 0.000357477984 0.5 p-1 -1017444 277
363 1729 m2 980130 0.00602547498 0.5 p-1 -6311174 864
523 1732 m2 981740 0.00638297945 0.5 p-1 -70669 207
365 1733 m2 982550 -0.0345997177 0.5 p-1 -5381390 1406
1295 1735 m2 984618 -0.00210582302 0.5 p-1 -39109 34
1269 1736 m2 984947 0.00101130188 0.5 p-1 -200609 35
1270 1738 m2 986001 -0.00207513291 0.5 p-1 -4001 20
1429 1739 m2 988326 -0.0185252763 0.5 p-1 -116056 8
236 1741 m2 989028 9.4629213e-05 0.5 p-1 -1289822 1114
237 1742 m2 989137 0.000440428674 0.5 p-1 -851102 749
1157 1743 m2 989439 -0.00482727494 0.5 p-1 -28408 27
452 1744 m2 989562 -0.00247730967 0.5 p-1 -498005 168
238 1747 m2 990820 0.0664907172 0.5 p-1 -6383406 1904
955 1748 m2 991301 0.0102863926 0.5 p-1 -250120 80
239 1749 m2 991329 0.0686002523 0.5 p-1 -1890902 675
1118 1750 m2 992466 0.000287854898 0.5 p-1 -1479210 24
859 1751 m2 993060 -5.45834591e-05 0.5 p-1 -14792 11
784 1753 m2 995124 -0.000337040896 0.5 p-1 -8796 6
524 1755 m2 995584 -0.0014269636 0.5 p-1 -371315 238
1381 1756 m2 996525 0.0112515008 0.5 p-1 -82564 27
719 1757 m2 997773 -1.80204534e-05 0.5 p-1 -960922 150
909 1760 m2 999894 -0.000232510589 0.5 p-1 -42393 12
367 1761 m2 999927 0.02343034 0.5 p-1 -1716147 1039
1650 1762 m2 221102 -0.0148067558 0.5 p0 2 1
1254 1770 m2 734038 0.00570094632 0.5 p0 2 10
1622 1776 m2 80982 0.00131615682 0.5 p0 2 2
789 1777 m2 231483 0.0876072496 0.5 p0 2 38
1423 1778 m2 177423 -3.81204845e-05 0.5 p0 2 3
1507 1785 m2 809678 0.00590697117 0.5 p0 2 5
1445 1796 m2 38997 -0.0154294083 0.5 p0 2 7
1454 1812 m2 32969 0.00142619223 0.5 p0 2 15
1733 1813 m2 665617 -8.7711868e-08 0.5 p0 2 1
1321 1820 m2 64659 -0.000793487241 0.5 p0 2 10
1624 1832 m2 163447 -0.016299421 0.5 p0 2 2
1628 1834 m2 893820 0.00230440125 0.5 p0 2 1
1577 1841 m2 149588 -3.89235393e-05 0.5 p0 2 5
1722 1844 m2 229255 -8.92543426e-07 0.5 p0 2 1
1591 1845 m2 639357 0.00101903616 0.5 p0 2 1
1729 1848 m2 366172 0.00794371031 0.5 p0 2 1
1713 1850 m2 632869 0.00304877874 0.5 p0 2 1
1369 1851 m2 422502 0.0372186378 0.5 p0 2 9
1700 1852 m2 348711 0.000766214973 0.5 p0 2 1
1289 1855 m2 213107 2.30751157e-05 0.5 p0 2 5
1292 1856 m2 544487 0.00199278025 0.5 p0 2 7
1653 1860 m2 991670 0.000820444257 0.5 p0 2 1
1716 1870 m2 271729 -0.0622557886 0.5 p0 2 2
1678 1871 m2 686325 -0.000110710316 0.5 p0 2 4
1536 1874 m2 527105 -0.0123126237 0.5 p0 2 20
251 1877 m2 163009 0.00392316841 0.5 p0 2 4
1631 1882 m2 199937 0.0202295277 0.5 p0 2 6
1192 1887 m2 771858 0.00738533027 0.5 p0 2 1
1322 1890 m2 572872 0.0153616481 0.5 p0 2 11
1163 1891 m2 766487 0.00734864222 0.5 p0 2 21
1633 1902 m2 257892 -0.0137850847 0.5 p0 2 2
1709 1903 m2 114050 0.00676396955 0.5 p0 2 1
1670 1918 m2 872771 -0.015654033 0.5 p0 2 7
1324 1932 m2 883928 0.033663705 0.5 p0 2 6
1398 1933 m2 856567 -0.0126171634 0.5 p0 2 4
1451 1934 m2 15804 0.00193018035 0.5 p0 2 5
1146 1945 m2 894846 0.117521212 0.5 p0 2 18
1690 1958 m2 201165 0.000735545414 0.5 p0 2 1
1560 1963 m2 950285 0.0531433485 0.5 p0 2 1
1602 1976 m2 630352 0.00559442071 0.5 p0 2 3
1468 1988 m2 968210 1.5772006e-05 0.5 p0 2 5
1611 1997 m2 156452 -0.0271623153 0.5 p0 2 4
1374 2002 m2 803357 -0.008024971 0.5 p0 2 14
1139 2007 m2 949628 0.00670554396 0.5 p0 2 7
1132 2008 m2 825964 0.017446395 0.5 p0 2 21
1668 2010 m2 685339 -0.0572022423 0.5 p0 2 1
1682 2019 m2 442678 -0.0100992043 0.5 p0 2 2
1584 2028 m2 669108 -0.00042410384 0.5 p0 2 4
1585 2029 m2 673869 0.0204531867 0.5 p0 2 4
1404 2033 m2 729359 -0.0213336274 0.5 p0 2 1
1735 2036 m2 546359 -0.000297202263 0.5 p0 2 1
1320 2037 m2 877973 -0.0045124921 0.5 p0 2 1
1386 2039 m2 419995 -0.000996612944 0.5 p0 2 5
1655 2045 m2 340421 0.00411594613 0.5 p0 2 3
1487 2048 m2 797056 0.000113013921 0.5 p0 2 9
1363 2051 m2 287213 -0.0016365581 0.5 p0 2 6
1473 2064 m2 119072 0.0116509395 0.5 p0 2 11
1664 2067 m2 844985 0.0442027226 0.5 p0 2 7
1680 2069 m2 698966 -0.00619756291 0.5 p0 2 1
1198 2072 m2 938265 0.00105658069 0.5 p0 2 2
1737 2074 m2 282913 -0.000464108889 0.5 p0 2 1
1627 2079 m2 516146 -0.0186331198 0.5 p0 2 3
1360 2082 m2 447178 0.0124708237 0.5 p0 2 2
1683 2090 m2 245292 -0.0302582085 0.5 p0 2 2
1419 2102 m2 402021 1.56963813e-06 0.5 p0 2 7
1327 2109 m2 691999 0.00431222143 0.5 p0 2 6
1703 2122 m2 487581 -4.45690421e-06 0.5 p0 2 1
1515 2123 m2 564743 -8.27591248e-06 0.5 p0 2 1
1513 2127 m2 820050 -0.00996744633 0.5 p0 2 4
1489 2128 m2 317705 0.00538265053 0.5 p0 2 3
1343 2132 m2 664658 3.42290114e-05 0.5 p0 2 16
1145 2133 m2 301097 0.00968439039 0.5 p0 2 4
1687 2146 m2 561791 -1.09279208e-05 0.5 p0 2 1
1457 2151 m2 932211 -8.59920601e-06 0.5 p0 2 5
1705 2156 m2 860325 -0.00968889985 0.5 p0 2 1
1646 2160 m2 202647 -0.00498448592 0.5 p0 2 2
1564 2163 m2 383816 0.0189037044 0.5 p0 2 2
1222 2166 m2 520272 -0.000994106289 0.5 p0 2 7
1226 2167 m2 938848 -0.000705527375 0.5 p0 2 14
1164 2171 m1 5426 0 0.5 p-1 -47117 6
1593 2172 m1 6394 0 0.5 p-1 -66416 2
454 2173 m1 12218 -0 0.5 p-1 -3021132 865
1407 2175 m1 22390 -0 0.5 p-1 -37225 2
966 2176 m1 22884 0 0.5 p-1 -3177674 150
754 2177 m1 27387 0 0.5 p-1 -1559998 39
1412 2178 m1 27917 -0 0.5 p-1 -10088 3
956 2181 m1 29741 -0 0.5 p-1 -989153 127
994 2182 m1 30291 0 0.5 p-1 -272495 34
937 2183 m1 33805 -0 0.5 p-1 -7994 17
1410 2184 m1 34742 -0 0.5 p-1 -2906 14
8 2185 m1 37139 -0 0.5 p-1 -2574472 300
1557 2186 m1 37665 0 0.5 p-1 -18891 9
1408 2189 m1 43387 0 0.5 p-1 -4210 2
1006 2190 m1 44332 -0 0.5 p-1 -39353 9
947 2191 m1 45048 0 0.5 p-1 -208634 21
1502 2192 m1 45648 -0 0.5 p-1 -6175 8
455 2193 m1 48108 -0 0.5 p-1 -1355369 118
12 2196 m1 51781 0 0.5 p-1 -5302435 1452
13 2197 m1 52169 0 0.5 p-1 -3553020 1783
1430 2198 m1 52972 0 0.5 p-1 -548991 23
15 2199 m1 54958 -0 0.5 p-1 -2185313 1732
16 2200 m1 56538 0 0.5 p-1 -7493462 1196
1312 2201 m1 59715 0 0.5 p-1 -59876 15
1413 2202 m1 61041 0 0.5 p-1 -1638 3
18 2203 m1 64635 0 0.5 p-1 -7226951 1780
665 2204 m1 68272 0 0.5 p-1 -294876 173
243 2206 m1 69517 0 0.5 p-1 -2688211 745
690 2209 m1 73727 0 0.5 p-1 -909602 235
20 2210 m1 74026 0 0.5 p-1 -1302312 690
21 2211 m1 74722 0 0.5 p-1 -3012910 151
1442 2214 m1 79789 0 0.5 p-1 -1095 24
843 2215 m1 80256 -0 0.5 p-1 -299546 93
1052 2216 m1 80311 0 0.5 p-1 -241334 26
23 2217 m1 80403 0 0.5 p-1 -1344798 1437
757 2219 m1 83985 -0 0.5 p-1 -567887 43
691 2220 m1 85769 -0 0.5 p-1 -1521250 144
1603 2222 m1 87680 -0 0.5 p-1 -8377 5
246 2223 m1 89760 0 0.5 p-1 -259634 167
1383 2224 m1 95449 0 0.5 p-1 -10111 4
939 2225 m1 95840 0 0.5 p-1 -17096 24
1348 2226 m1 97116 -0 0.5 p-1 -5356 5
247 2227 m1 99412 0 0.5 p-1 -892093 684
588 2229 m1 104212 0 0.5 p-1 -602738 290
1566 2230 m1 107660 0 0.5 p-1 -30847 20
1014 2231 m1 109551 0 0.5 p-1 -11293 11
532 2232 m1 113164 -0 0.5 p-1 -8637213 1343
723 2233 m1 116133 -0 0.5 p-1 -6747773 561
724 2234 m1 116135 0 0.5 p-1 -4437521 633
376 2235 m1 117816 -0 0.5 p-1 -425350 377
378 2237 m1 118990 -0 0.5 p-1 -761147 383
1214 2238 m1 120087 0 0.5 p-1 -13534 3
248 2239 m1 120510 0 0.5 p-1 -1667753 248
631 2241 m1 125548 -0 0.5 p-1 -1346036 447
1734 2243 m1 127508 0 0.5 p-1 -4224 1
33 2245 m1 129730 -0 0.5 p-1 -5970547 1130
462 2248 m1 138524 -0 0.5 p-1 -718330 750
1692 2249 m1 141335 -0 0.5 p-1 -57279 4
1567 2253 m1 154934 -0 0.5 p-1 -1466 13
877 2254 m1 157127 -0 0.5 p-1 -510193 309
42 2255 m1 157958 -0 0.5 p-1 -3572694 1622
1460 2256 m1 158028 0 0.5 p-1 -1471 3
693 2257 m1 160099 -0 0.5 p-1 -890376 214
464 2259 m1 162733 -0 0.5 p-1 -272732 175
45 2260 m1 166682 -0 0.5 p-1 -8399950 978
379 2262 m1 168312 -0 0.5 p-1 -618169 250
1016 2263 m1 170584 0 0.5 p-1 -412801 160
253 2264 m1 171898 -0 0.5 p-1 -8338576 380
878 2266 m1 175979 0 0.5 p-1 -19218 13
48 2268 m1 182078 0 0.5 p-1 -1935609 1808
1448 2269 m1 184061 0 0.5 p-1 -3539195 10
1449 2270 m1 184807 -0 0.5 p-1 -1790615 11
995 2271 m1 185857 -0 0.5 p-1 -140413 49
254 2272 m1 190306 -0 0.5 p-1 -572607 376
380 2274 m1 194099 -0 0.5 p-1 -1146661 424
1228 2278 m1 198723 0 0.5 p-1 -515678 73
381 2279 m1 200867 -0 0.5 p-1 -2400257 482
1158 2280 m1 202348 -0 0.5 p-1 -24522 27
1425 2281 m1 204794 0 0.5 p-1 -30074 26
1612 2282 m1 207727 -0 0.5 p-1 -3251 4
1098 2283 m1 208591 -0 0.5 p-1 -47260 33
382 2285 m1 214359 0 0.5 p-1 -8861662 1020
383 2286 m1 214962 -0 0.5 p-1 -198737 278
727 2287 m1 216497 -0 0.5 p-1 -612408 77
864 2288 m1 218259 0 0.5 p-1 -8586814 457
384 2290 m1 222435 -0 0.5 p-1 -2170237 91
386 2291 m1 227286 0 0.5 p-1 -16469044 1010
539 2292 m1 228265 -0 0.5 p-1 -10870443 420
1171 2293 m1 229976 -0 0.5 p-1 -16362 6
262 2294 m1 231781 -0 0.5 p-1 -3364097 1086
1665 2295 m1 233148 -0 0.5 p-1 -6397 1
540 2296 m1 234539 -0 0.5 p-1 -5307700 742
1644 2297 m1 236683 -0 0.5 p-1 -216098 2
1248 2298 m1 236906 -0 0.5 p-1 -106354 37
1180 2299 m1 237095 0 0.5 p-1 -69283 66
67 2300 m1 241042 0 0.5 p-1 -2094725 1428
1008 2301 m1 242235 -0 0.5 p-1 -834638 101
1436 2302 m1 243842 -0 0.5 p-1 -26152 19
541 2303 m1 248296 -0 0.5 p-1 -104593 176
264 2304 m1 248632 -0 0.5 p-1 -1535976 1174
1634 2305 m1 248834 -0 0.5 p-1 -75141 1
72 2307 m1 251318 0 0.5 p-1 -4776016 1717
390 2309 m1 258435 -0 0.5 p-1 -680129 385
1580 2310 m1 258750 -0 0.5 p-1 -168545 3
1606 2311 m1 259471 0 0.5 p-1 -575725 5
74 2312 m1 260294 0 0.5 p-1 -713206 471
916 2313 m1 261169 -0 0.5 p-1 -1591660 70
1691 2314 m1 262331 0 0.5 p-1 -628 1
265 2315 m1 263126 0 0.5 p-1 -3329425 304
882 2316 m1 265954 0 0.5 p-1 -357330 154
267 2317 m1 266337 -0 0.5 p-1 -1359203 752
1122 2318 m1 266697 -0 0.5 p-1 -195145 19
600 2320 m1 273351 0 0.5 p-1 -161707 61
1554 2322 m1 275991 0 0.5 p-1 -3110755 7
542 2325 m1 277354 0 0.5 p-1 -1010443 166
1364 2326 m1 278709 -0 0.5 p-1 -38493 25
78 2327 m1 281050 0 0.5 p-1 -3035829 1987
394 2328 m1 285411 0 0.5 p-1 -583841 283
1450 2330 m1 286075 -0 0.5 p-1 -19303 6
1293 2331 m1 299038 0 0.5 p-1 -1034 18
545 2332 m1 299782 0 0.5 p-1 -1082071 466
1529 2333 m1 300628 0 0.5 p-1 -28712 7
812 2335 m1 301878 0 0.5 p-1 -207823 177
271 2336 m1 302029 -0 0.5 p-1 -1463822 1268
1610 2337 m1 303297 -0 0.5 p-1 -41781 8
701 2338 m1 303446 0 0.5 p-1 -4590361 510
1443 2339 m1 311303 0 0.5 p-1 -144999 10
546 2340 m1 314496 0 0.5 p-1 -1471471 195
1466 2341 m1 314637 0 0.5 p-1 -19204 28
1123 2342 m1 315390 0 0.5 p-1 -362012 27
83 2345 m1 318505 0 0.5 p-1 -3278674 1711
704 2346 m1 318688 -0 0.5 p-1 -26502 6
274 2349 m1 325043 0 0.5 p-1 -697027 701
958 2350 m1 325353 -0 0.5 p-1 -257974 110
397 2352 m1 327086 -0 0.5 p-1 -1661875 151
399 2358 m1 329680 -0 0.5 p-1 -327324 421
1663 2359 m1 331044 -0 0.5 p-1 -35983 8
640 2360 m1 331646 -0 0.5 p-1 -442803 71
1675 2361 m1 332102 -0 0.5 p-1 -4773 1
1367 2363 m1 333142 0 0.5 p-1 -68406 18
87 2364 m1 333437 0 0.5 p-1 -2729161 1400
1092 2366 m1 337501 -0 0.5 p-1 -1821871 66
1620 2369 m1 343324 -0 0.5 p-1 -28434 3
793 2370 m1 344476 -0 0.5 p-1 -63119 20
93 2371 m1 344489 0 0.5 p-1 -3806516 1257
278 2372 m1 345446 0 0.5 p-1 -775213 670
794 2374 m1 352437 0 0.5 p-1 -541043 252
478 2376 m1 353922 0 0.5 p-1 -1773607 449
764 2377 m1 354023 0 0.5 p-1 -234607 11
829 2378 m1 356043 -0 0.5 p-1 -582177 107
1300 2380 m1 367662 0 0.5 p-1 -4083084 40
1724 2381 m1 372671 0 0.5 p-1 -20456 1
283 2382 m1 373344 -0 0.5 p-1 -1496622 695
102 2385 m1 380338 -0 0.5 p-1 -2124745 1552
1202 2387 m1 384891 0 0.5 p-1 -344069 107
1542 2388 m1 385636 0 0.5 p-1 -30147 1
796 2389 m1 387163 -0 0.5 p-1 -1007364 146
1617 2391 m1 391484 0 0.5 p-1 -26299 3
103 2392 m1 392402 -0 0.5 p-1 -6771702 1605
1294 2393 m1 392861 0 0.5 p-1 -20786 23
1265 2395 m1 394074 0 0.5 p-1 -19378 20
482 2396 m1 396218 0 0.5 p-1 -5337331 875
986 2397 m1 396666 -0 0.5 p-1 -1642383 278
287 2400 m1 397111 -0 0.5 p-1 -3957379 914
105 2401 m1 398326 -0 0.5 p-1 -204257 116
604 2402 m1 398385 0 0.5 p-1 -10526723 384
404 2403 m1 399262 0 0.5 p-1 -1150455 402
1025 2405 m1 400742 0 0.5 p-1 -1300917 60
108 2407 m1 407990 0 0.5 p-1 -607158 636
289 2408 m1 408974 -0 0.5 p-1 -6014776 1544
1150 2411 m1 412194 0 0.5 p-1 -1527071 5
109 2412 m1 412356 0 0.5 p-1 -142778 81
112 2414 m1 416025 0 0.5 p-1 -3427181 1960
1032 2415 m1 416220 0 0.5 p-1 -79855 28
932 2416 m1 419549 0 0.5 p-1 -551681 129
1671 2418 m1 433087 0 0.5 p-1 -35251 2
406 2419 m1 436937 0 0.5 p-1 -1420846 633
733 2420 m1 438053 -0 0.5 p-1 -1508226 286
1346 2421 m1 438512 0 0.5 p-1 -190946 88
987 2422 m1 438924 0 0.5 p-1 -914190 167
675 2423 m1 439854 0 0.5 p-1 -180787 99
1033 2425 m1 445497 0 0.5 p-1 -820497 114
1034 2426 m1 446097 -0 0.5 p-1 -38441 9
1064 2427 m1 446525 -0 0.5 p-1 -252106 59
118 2428 m1 449445 0 0.5 p-1 -2279360 956
119 2429 m1 450993 -0 0.5 p-1 -6986895 1685
606 2431 m1 453417 -0 0.5 p-1 -371893 266
1036 2432 m1 456881 0 0.5 p-1 -940476 102
1685 2433 m1 462380 0 0.5 p-1 -20972 2
299 2434 m1 463463 0 0.5 p-1 -2718255 1597
409 2436 m1 472430 -0 0.5 p-1 -499402 519
1718 2437 m1 473293 -0 0.5 p-1 -6264 1
1230 2439 m1 477481 0 0.5 p-1 -160066 48
124 2440 m1 481477 -0 0.5 p-1 -885357 372
488 2443 m1 485722 0 0.5 p-1 -1237973 752
126 2445 m1 493216 -0 0.5 p-1 -2997307 999
302 2446 m1 493894 -0 0.5 p-1 -728781 643
127 2447 m1 497559 0 0.5 p-1 -7202361 1287
411 2450 m1 503372 0 0.5 p-1 -42446 34
1658 2451 m1 503835 -0 0.5 p-1 -5055 2
129 2452 m1 504155 -0 0.5 p-1 -3703888 1136
1071 2453 m1 508898 -0 0.5 p-1 -726280 50
851 2454 m1 510140 0 0.5 p-1 -89124 72
710 2456 m1 514487 -0 0.5 p-1 -344847 22
1462 2457 m1 516752 -0 0.5 p-1 -1431 2
133 2458 m1 517274 0 0.5 p-1 -1931818 672
551 2459 m1 517704 0 0.5 p-1 -1297262 160
412 2460 m1 521342 0 0.5 p-1 -745024 778
1361 2461 m1 524174 -0 0.5 p-1 -10361 2
1531 2462 m1 524920 -0 0.5 p-1 -5137 2
309 2468 m1 540959 0 0.5 p-1 -1617898 549
1058 2470 m1 545936 -0 0.5 p-1 -217827 102
1512 2471 m1 549593 0 0.5 p-1 -395395 3
1059 2472 m1 551483 0 0.5 p-1 -522904 74
417 2473 m1 551580 -0 0.5 p-1 -496742 550
1522 2474 m1 551775 -0 0.5 p-1 -238774 5
1336 2475 m1 553485 -0 0.5 p-1 -150273 35
1137 2476 m1 553890 0 0.5 p-1 -138081 53
1209 2478 m1 554284 0 0.5 p-1 -17170 8
313 2479 m1 556125 -0 0.5 p-1 -3443988 1495
867 2482 m1 557014 -0 0.5 p-1 -468644 205
887 2484 m1 557431 -0 0.5 p-1 -1170234 88
1151 2485 m1 557723 -0 0.5 p-1 -76914 11
491 2486 m1 558521 0 0.5 p-1 -2576649 495
141 2487 m1 562629 0 0.5 p-1 -5406258 1850
1494 2488 m1 563797 -0 0.5 p-1 -24850 7
1437 2489 m1 564382 -0 0.5 p-1 -685754 2
142 2490 m1 564584 0 0.5 p-1 -7086910 1032
1563 2493 m1 570806 0 0.5 p-1 -24504 3
420 2494 m1 571712 0 0.5 p-1 -3202585 638
1575 2495 m1 572297 0 0.5 p-1 -7210 1
1131 2496 m1 573388 0 0.5 p-1 -515358 65
736 2497 m1 574419 0 0.5 p-1 -687210 377
853 2500 m1 585171 -0 0.5 p-1 -93207 33
1597 2501 m1 585458 0 0.5 p-1 -66684 4
558 2502 m1 586540 -0 0.5 p-1 -134969 46
1390 2503 m1 589027 0 0.5 p-1 -69963 15
770 2505 m1 594080 0 0.5 p-1 -526007 72
315 2507 m1 594655 0 0.5 p-1 -10528118 1265
1414 2512 m1 602522 -0 0.5 p-1 -28403 6
1652 2513 m1 603577 -0 0.5 p-1 -6637 6
317 2514 m1 608719 0 0.5 p-1 -2262413 963
318 2515 m1 609048 -0 0.5 p-1 -9558172 982
832 2516 m1 609973 0 0.5 p-1 -1198665 57
902 2517 m1 611461 0 0.5 p-1 -644574 75
149 2518 m1 613570 -0 0.5 p-1 -4635292 816
1656 2521 m1 618870 -0 0.5 p-1 -1975868 8
151 2522 m1 619296 0 0.5 p-1 -8705933 475
152 2523 m1 619557 -0 0.5 p-1 -2042939 1599
1657 2524 m1 620150 0 0.5 p-1 -989042 4
1616 2525 m1 620523 0 0.5 p-1 -6501 3
834 2527 m1 621114 0 0.5 p-1 -279791 245
1297 2528 m1 623274 -0 0.5 p-1 -72766 17
153 2533 m1 628654 -0 0.5 p-1 -4161915 1713
157 2535 m1 631007 -0 0.5 p-1 -4159790 1799
1111 2536 m1 631133 0 0.5 p-1 -811972 199
320 2537 m1 632409 -0 0.5 p-1 -464718 431
321 2538 m1 634126 0 0.5 p-1 -2052249 1291
1272 2540 m1 638321 -0 0.5 p-1 -416522 4
161 2541 m1 642361 -0 0.5 p-1 -1616921 311
494 2542 m1 643784 0 0.5 p-1 -4880301 1154
1244 2543 m1 644726 -0 0.5 p-1 -297866 29
1162 2544 m1 645375 -0 0.5 p-1 -163198 140
496 2545 m1 650278 0 0.5 p-1 -3473648 1473
1241 2546 m1 651749 -0 0.5 p-1 -1084876 163
164 2548 m1 653312 0 0.5 p-1 -3199367 847
1211 2551 m1 659519 -0 0.5 p-1 -351611 97
650 2553 m1 662942 0 0.5 p-1 -1009731 713
837 2554 m1 664253 0 0.5 p-1 -377127 78
1467 2555 m1 664538 0 0.5 p-1 -44674 12
1433 2556 m1 664580 -0 0.5 p-1 -302509 3
904 2559 m1 667540 0 0.5 p-1 -199962 29
1038 2562 m1 676747 0 0.5 p-1 -23052 14
173 2564 m1 681919 0 0.5 p-1 -44434 65
174 2565 m1 682993 -0 0.5 p-1 -4986412 1684
975 2566 m1 686744 -0 0.5 p-1 -689018 100
905 2576 m1 697836 -0 0.5 p-1 -50915 8
1415 2577 m1 698186 -0 0.5 p-1 -15311 1
180 2578 m1 698590 0 0.5 p-1 -1797932 645
1539 2579 m1 700564 0 0.5 p-1 -942869 17
498 2581 m1 701725 -0 0.5 p-1 -1108097 349
1066 2582 m1 704337 -0 0.5 p-1 -1501620 74
1237 2583 m1 705534 -0 0.5 p-1 -133846 70
772 2585 m1 706416 0 0.5 p-1 -378246 110
740 2586 m1 707244 -0 0.5 p-1 -725109 226
618 2587 m1 707285 0 0.5 p-1 -451116 84
741 2588 m1 707617 -0 0.5 p-1 -1776867 385
1089 2590 m1 710822 0 0.5 p-1 -140408 40
330 2591 m1 711724 0 0.5 p-1 -79929 45
801 2592 m1 712957 -0 0.5 p-1 -117380 47
1283 2594 m1 714678 0 0.5 p-1 -10620 4
500 2597 m1 721339 0 0.5 p-1 -552828 254
332 2598 m1 722612 0 0.5 p-1 -3191501 1446
1350 2599 m1 728858 0 0.5 p-1 -377524 15
1231 2602 m1 731365 -0 0.5 p-1 -163572 69
566 2603 m1 731693 -0 0.5 p-1 -5937785 429
855 2604 m1 734514 -0 0.5 p-1 -2727270 386
1714 2606 m1 736969 -0 0.5 p-1 -196866 2
620 2607 m1 737123 0 0.5 p-1 -127976 70
655 2610 m1 743686 0 0.5 p-1 -670595 139
622 2613 m1 748325 -0 0.5 p-1 -6489073 157
336 2616 m1 752846 -0 0.5 p-1 -1610930 341
1438 2617 m1 752904 -0 0.5 p-1 -15458 6
337 2620 m1 756179 0 0.5 p-1 -853537 302
743 2621 m1 757127 0 0.5 p-1 -5551349 76
1418 2623 m1 757996 -0 0.5 p-1 -200247 19
1510 2624 m1 758098 -0 0.5 p-1 -11185 4
1083 2625 m1 759890 -0 0.5 p-1 -932799 97
505 2626 m1 760841 0 0.5 p-1 -4879467 484
1544 2627 m1 764435 -0 0.5 p-1 -33072 8
1153 2630 m1 770133 -0 0.5 p-1 -311850 81
951 2631 m1 770706 -0 0.5 p-1 -5435857 266
977 2632 m1 771073 0 0.5 p-1 -588644 152
190 2633 m1 771150 0 0.5 p-1 -351247 216
194 2636 m1 778798 0 0.5 p-1 -2440962 1027
195 2637 m1 779303 0 0.5 p-1 -1256559 336
1029 2639 m1 780361 0 0.5 p-1 -148906 90
745 2640 m1 780744 0 0.5 p-1 -69173 28
1357 2641 m1 784501 0 0.5 p-1 -686643 24
1727 2642 m1 784519 0 0.5 p-1 -11918 1
712 2647 m1 794844 -0 0.5 p-1 -436019 273
1435 2649 m1 800276 0 0.5 p-1 -32143 10
1329 2650 m1 801047 -0 0.5 p-1 -3553 7
657 2654 m1 805552 0 0.5 p-1 -424828 64
1044 2655 m1 809049 0 0.5 p-1 -35505 21
1596 2656 m1 813483 -0 0.5 p-1 -15456 5
202 2657 m1 814594 0 0.5 p-1 -2519652 1721
747 2659 m1 815773 0 0.5 p-1 -820518 323
898 2660 m1 816762 -0 0.5 p-1 -373599 67
1439 2661 m1 819994 0 0.5 p-1 -18538 7
1193 2662 m1 820292 0 0.5 p-1 -1375 10
1077 2663 m1 821160 -0 0.5 p-1 -1593718 86
435 2664 m1 823300 -0 0.5 p-1 -140357 136
686 2665 m1 823895 -0 0.5 p-1 -208172 58
203 2666 m1 825927 0 0.5 p-1 -3034506 1411
437 2668 m1 827151 0 0.5 p-1 -9331283 1280
749 2669 m1 827996 -0 0.5 p-1 -269200 233
204 2671 m1 831713 -0 0.5 p-1 -537220 421
1078 2672 m1 834044 -0 0.5 p-1 -31739 22
1095 2673 m1 834366 -0 0.5 p-1 -46758 12
345 2674 m1 840553 0 0.5 p-1 -283224 271
874 2675 m1 840674 -0 0.5 p-1 -1658831 126
857 2676 m1 840973 0 0.5 p-1 -6292 3
207 2677 m1 846286 -0 0.5 p-1 -2702658 1688
208 2680 m1 851548 0 0.5 p-1 -4334754 543
572 2681 m1 852314 -0 0.5 p-1 -1961259 1158
908 2682 m1 854346 -0 0.5 p-1 -190826 19
978 2683 m1 858277 -0 0.5 p-1 -150980 53
346 2685 m1 860651 0 0.5 p-1 -3539226 668
573 2686 m1 862871 -0 0.5 p-1 -254090 52
1197 2687 m1 865866 0 0.5 p-1 -30791 45
574 2688 m1 866501 -0 0.5 p-1 -446075 161
440 2690 m1 871789 0 0.5 p-1 -2537950 57
660 2691 m1 873924 -0 0.5 p-1 -3541599 287
516 2692 m1 874206 -0 0.5 p-1 -850987 531
1393 2693 m1 875521 0 0.5 p-1 -25514 8
517 2694 m1 875955 0 0.5 p-1 -31338 6
213 2695 m1 879555 -0 0.5 p-1 -7395753 1543
1428 2696 m1 880279 0 0.5 p-1 -20140 13
1353 2697 m1 880775 -0 0.5 p-1 -2039906 9
1084 2698 m1 884872 0 0.5 p-1 -27570 39
1695 2699 m1 889879 0 0.5 p-1 -58 2
1246 2700 m1 890117 0 0.5 p-1 -7598 9
1046 2703 m1 896358 -0 0.5 p-1 -214337 13
218 2704 m1 896704 0 0.5 p-1 -485143 381
1340 2705 m1 896800 0 0.5 p-1 -74130 11
219 2709 m1 900232 -0 0.5 p-1 -3283384 1688
518 2711 m1 902919 0 0.5 p-1 -50084 18
1239 2716 m1 911066 0 0.5 p-1 -167293 65
521 2718 m1 914153 -0 0.5 p-1 -1835166 493
1482 2719 m1 917844 0 0.5 p-1 -7591 10
1175 2722 m1 920786 -0 0.5 p-1 -345315 86
1694 2724 m1 921899 -0 0.5 p-1 -144140 1
357 2725 m1 923391 0 0.5 p-1 -6145517 576
225 2726 m1 923516 0 0.5 p-1 -10790003 1376
229 2732 m1 939309 0 0.5 p-1 -2870630 1965
582 2733 m1 939781 0 0.5 p-1 -577633 365
1399 2736 m1 945578 -0 0.5 p-1 -49258 14
1402 2737 m1 947663 0 0.5 p-1 -34356 22
232 2738 m1 953161 0 0.5 p-1 -4209424 1599
1375 2739 m1 953376 -0 0.5 p-1 -57473 43
628 2740 m1 954987 0 0.5 p-1 -1352320 730
1354 2741 m1 955479 -0 0.5 p-1 -54019 13
751 2743 m1 961169 0 0.5 p-1 -121629 34
233 2744 m1 963078 0 0.5 p-1 -2662412 1638
630 2745 m1 963327 0 0.5 p-1 -1054520 561
1050 2746 m1 965933 -0 0.5 p-1 -499930 74
1061 2747 m1 968796 -0 0.5 p-1 -277250 72
362 2748 m1 970706 0 0.5 p-1 -3603911 1507
1342 2749 m1 971447 0 0.5 p-1 -315145 23
1062 2750 m1 972074 -0 0.5 p-1 -34868 19
1233 2751 m1 973653 -0 0.5 p-1 -72000 15
805 2752 m1 973724 0 0.5 p-1 -137402 33
584 2754 m1 980451 0 0.5 p-1 -1259366 738
364 2755 m1 982329 -0 0.5 p-1 -6585901 1327
366 2757 m1 991028 -0 0.5 p-1 -945126 420
240 2758 m1 994329 0 0.5 p-1 -205776 188
1339 2759 m1 994415 0 0.5 p-1 -7080 2
1181 2760 m1 995702 0 0.5 p-1 -87733 18
