Temp_ID Permanent_ID Mutation_type Position s h Subpop Tick Number
170 0 m2 12316 -0.00188776094 0.5 p-1 -201403 18
283 1 m2 16431 -0.000512092956 0.5 p-1 -4732 2
245 3 m2 19650 2.03009004e-05 0.5 p-1 -31520 45
217 4 m2 33237 -0.00792229921 0.5 p-1 -2703 5
210 6 m2 39931 -0.00658476399 0.5 p-1 -199695 38
328 7 m2 41606 0.00173663639 0.5 p-1 -8304 2
112 8 m2 45705 -1.71223655e-05 0.5 p-1 -5943053 1206
0 9 m2 46551 -7.0203525e-05 0.5 p-1 -7686865 1565
65 11 m2 57514 0.00295606605 0.5 p-1 -4586327 441
223 13 m2 65720 -1.54359896e-07 0.5 p-1 -24108 42
327 16 m2 70686 -0.0229827538 0.5 p-1 -3026 1
256 17 m2 84159 -0.0396832637 0.5 p-1 -7829 3
1 18 m2 88058 -0.000682248967 0.5 p-1 -955574 643
105 19 m2 94464 -0.00239607831 0.5 p-1 -2890660 661
114 20 m2 101948 7.64984725e-06 0.5 p-1 -4754813 214
106 21 m2 102685 0.00826652441 0.5 p-1 -11348053 374
3 23 m2 105842 0.0699202493 0.5 p-1 -2765591 782
168 24 m2 121394 0.00708297873 0.5 p-1 -68329 27
86 25 m2 125112 0.011139499 0.5 p-1 -476612 382
284 26 m2 128403 -9.06888454e-06 0.5 p-1 -1485598 4
250 28 m2 143304 8.84783458e-06 0.5 p-1 -12972 8
87 31 m2 152469 -0.00506205857 0.5 p-1 -5623926 566
252 33 m2 155536 3.04916193e-06 0.5 p-1 -28794 27
206 35 m2 163294 -2.58283217e-05 0.5 p-1 -1700553 33
4 36 m2 166631 0.00201024814 0.5 p-1 -2749096 1934
239 37 m2 170256 0.02520339 0.5 p-1 -51405 25
254 39 m2 179749 0.147626579 0.5 p-1 -38043 8
135 40 m2 184798 -0.0264787395 0.5 p-1 -451545 46
262 41 m2 186491 0.00185614056 0.5 p-1 -23753 8
6 43 m2 190214 -9.46526707e-05 0.5 p-1 -2972945 1618
197 44 m2 191818 -0.00116572669 0.5 p-1 -401632 32
67 45 m2 196967 0.000184493023 0.5 p-1 -89633 88
248 46 m2 199085 1.32897922e-05 0.5 p-1 -4182 4
191 47 m2 199198 -0.00393044762 0.5 p-1 -176254 12
212 48 m2 199205 -0.0335459001 0.5 p-1 -249911 41
160 49 m2 204095 -0.00454137102 0.5 p-1 -162471 166
7 50 m2 205156 0.000754067209 0.5 p-1 -2241920 1189
280 51 m2 216828 0.0271782409 0.5 p-1 -262660 7
314 53 m2 220288 -0.00597203663 0.5 p-1 -1374 2
266 54 m2 220325 0.0116655985 0.5 p-1 -1202 2
322 55 m2 221380 4.98080726e-06 0.5 p-1 -25640 4
9 56 m2 221665 -5.91682292e-05 0.5 p-1 -3312898 939
145 57 m2 222045 -0.000723765406 0.5 p-1 -498264 397
183 58 m2 222894 5.20735775e-05 0.5 p-1 -3918450 279
202 59 m2 226686 -2.41005267e-07 0.5 p-1 -93833 17
159 60 m2 227081 -0.111709103 0.5 p-1 -231701 104
156 61 m2 229610 0.00103046326 0.5 p-1 -1047115 112
213 62 m2 233571 7.29715509e-07 0.5 p-1 -66581 28
10 64 m2 252197 -0.00076180941 0.5 p-1 -2018019 1316
171 65 m2 260389 -0.000355753757 0.5 p-1 -81908 55
162 66 m2 260917 -0.00381130679 0.5 p-1 -56240 59
289 67 m2 263922 -0.00301895267 0.5 p-1 -7388 4
309 69 m2 267579 0.0186159667 0.5 p-1 -6804 1
12 70 m2 274908 -3.65232722e-06 0.5 p-1 -179371 65
334 71 m2 275580 -0.00463433797 0.5 p-1 -9630 1
69 73 m2 292972 -0.0208697803 0.5 p-1 -323370 204
13 74 m2 294576 -0.000929249392 0.5 p-1 -4495895 1517
89 75 m2 296361 -1.86070807e-07 0.5 p-1 -472957 195
187 76 m2 296574 0.00341448002 0.5 p-1 -86984 60
209 77 m2 301751 -0.0143654719 0.5 p-1 -76120 23
253 78 m2 303741 0.0013122583 0.5 p-1 -15985 19
224 79 m2 304921 -0.000216343178 0.5 p-1 -802728 49
211 80 m2 310296 0.00149793271 0.5 p-1 -46744 51
179 82 m2 319633 0.00978890155 0.5 p-1 -164369 75
177 84 m2 321433 -0.0194136295 0.5 p-1 -105625 79
90 85 m2 324031 0.00190496468 0.5 p-1 -270623 299
14 86 m2 329426 1.3067257e-05 0.5 p-1 -1081527 115
70 87 m2 333091 -3.80027304e-05 0.5 p-1 -67548 92
15 88 m2 334326 -0.00021901638 0.5 p-1 -5866936 938
91 89 m2 343369 -1.5249454e-05 0.5 p-1 -1549556 560
146 90 m2 343996 -1.39417798e-05 0.5 p-1 -861950 159
147 91 m2 348858 -4.19703696e-07 0.5 p-1 -265753 134
277 92 m2 350767 -0.000208813872 0.5 p-1 -23093 16
16 93 m2 353662 0.00547621166 0.5 p-1 -4919451 1561
71 94 m2 357207 -1.68552888e-05 0.5 p-1 -3025963 76
161 96 m2 370868 0.0113750566 0.5 p-1 -324806 180
148 97 m2 371543 -0.00231197709 0.5 p-1 -145782 51
192 99 m2 373628 -0.00103562512 0.5 p-1 -749301 398
149 100 m2 373775 -2.25744679e-05 0.5 p-1 -116656 50
17 101 m2 374275 0.00538075855 0.5 p-1 -1456064 1352
306 102 m2 381473 -0.000125403501 0.5 p-1 -728058 8
287 103 m2 381617 0.00782668684 0.5 p-1 -200 1
19 105 m2 385797 0.000453559594 0.5 p-1 -2857473 316
296 106 m2 396687 0.0298826825 0.5 p-1 -13154 2
93 107 m2 400659 -0.000176685964 0.5 p-1 -1085516 716
139 108 m2 404390 -0.000147200757 0.5 p-1 -412353 270
165 109 m2 406598 0.0334270746 0.5 p-1 -186141 63
218 110 m2 408871 -0.00449543493 0.5 p-1 -38970 51
230 113 m2 447005 -0.0012229901 0.5 p-1 -549971 61
94 116 m2 455934 4.37043946e-06 0.5 p-1 -141918 237
72 117 m2 460530 0.00106075732 0.5 p-1 -6581917 1200
290 118 m2 464843 -0.00102498557 0.5 p-1 -22540 5
22 120 m2 472836 0.00610641064 0.5 p-1 -3922165 1859
128 121 m2 474919 -0.00909287948 0.5 p-1 -1113792 210
24 122 m2 476046 -0.00534595363 0.5 p-1 -5282711 531
25 123 m2 482806 -0.000136814662 0.5 p-1 -5035380 560
255 124 m2 486786 0.00579910679 0.5 p-1 -110672 5
215 125 m2 487715 0.000231371348 0.5 p-1 -1038161 23
27 126 m2 489577 -0.00238360488 0.5 p-1 -715494 203
216 127 m2 490360 -0.0177449677 0.5 p-1 -249498 66
95 128 m2 491014 -0.000326603767 0.5 p-1 -2136602 637
73 129 m2 491495 -0.00390944537 0.5 p-1 -3211426 1146
107 131 m2 505888 -0.071471639 0.5 p-1 -18753 3
184 132 m2 507144 0.00234173355 0.5 p-1 -272676 54
269 133 m2 507771 0.00589309679 0.5 p-1 -3229 3
29 134 m2 507906 3.64563275e-05 0.5 p-1 -744632 702
74 135 m2 526079 -0.0797439814 0.5 p-1 -1983547 934
185 136 m2 526450 2.9613866e-06 0.5 p-1 -6637 2
259 137 m2 526620 -0.0135188093 0.5 p-1 -27752 11
317 138 m2 528289 -0.000186534831 0.5 p-1 -540308 1
325 139 m2 530034 2.20024305e-07 0.5 p-1 -66806 1
150 140 m2 531185 -0.00248907087 0.5 p-1 -119661 29
30 141 m2 532724 0.0241907462 0.5 p-1 -3183358 1723
129 142 m2 534799 0.00100258994 0.5 p-1 -343013 143
275 143 m2 536994 4.91875562e-06 0.5 p-1 -403 1
199 144 m2 543025 -0.000315514597 0.5 p-1 -525912 11
31 147 m2 553290 0.000439399533 0.5 p-1 -2650299 410
140 148 m2 558618 -0.00137928559 0.5 p-1 -5036628 279
96 150 m2 567453 -0.00042661262 0.5 p-1 -472093 192
97 151 m2 570087 -0.00532258535 0.5 p-1 -3046319 319
203 152 m2 572095 -0.00177966896 0.5 p-1 -8793 5
33 156 m2 576133 0.000323603774 0.5 p-1 -1969146 1400
34 157 m2 577022 9.40456521e-05 0.5 p-1 -4058969 1734
330 159 m2 586379 -3.43507349e-06 0.5 p-1 -578 1
294 160 m2 593532 0.0055119996 0.5 p-1 -87940 5
35 161 m2 594211 0.010720863 0.5 p-1 -2360690 1136
240 162 m2 596142 0.0329824686 0.5 p-1 -17558 6
75 163 m2 597735 0.00466384785 0.5 p-1 -9407287 522
324 164 m2 599412 -0.00158069236 0.5 p-1 -1581 1
297 165 m2 601174 -0.00016454664 0.5 p-1 -16185 7
36 166 m2 602112 -9.5257775e-09 0.5 p-1 -1618748 897
257 167 m2 602797 1.2264084e-05 0.5 p-1 -11723 11
37 168 m2 603825 0.000147570638 0.5 p-1 -10904913 1445
38 170 m2 604819 0.00972600188 0.5 p-1 -613736 946
76 171 m2 606593 -8.25855459e-05 0.5 p-1 -4253381 702
40 173 m2 615028 -0.0098406896 0.5 p-1 -4704996 1088
78 174 m2 617742 5.14134263e-06 0.5 p-1 -4419544 1566
41 175 m2 619766 -0.000152757653 0.5 p-1 -2403116 1261
141 176 m2 622622 -0.00569823384 0.5 p-1 -47024 10
233 177 m2 624438 -0.0022978303 0.5 p-1 -326991 39
271 178 m2 627675 8.32158767e-05 0.5 p-1 -70328 16
167 179 m2 628116 0.000203021176 0.5 p-1 -637902 77
153 180 m2 629113 0.000407823449 0.5 p-1 -435233 87
198 182 m2 643389 1.69704872e-05 0.5 p-1 -67542 11
79 184 m2 644537 0.000710575026 0.5 p-1 -3516865 563
117 185 m2 653433 -0.000302227505 0.5 p-1 -161462 161
137 186 m2 654176 0.00373847899 0.5 p-1 -1523992 425
98 187 m2 659915 0.0123145562 0.5 p-1 -816646 723
118 188 m2 661040 0.0191783477 0.5 p-1 -14381157 139
302 189 m2 663781 0.00579159288 0.5 p-1 -17984 5
130 190 m2 665165 3.43855863e-05 0.5 p-1 -650770 421
281 191 m2 669417 -0.0125466324 0.5 p-1 -13019 10
178 192 m2 671267 -0.000568035175 0.5 p-1 -234835 178
42 193 m2 673039 -0.00243827025 0.5 p-1 -5285518 1848
181 194 m2 675676 -0.00585382897 0.5 p-1 -2031999 11
119 195 m2 677118 0.0152191827 0.5 p-1 -2093931 425
279 196 m2 680125 -0.0001674714 0.5 p-1 -1247 1
99 198 m2 681676 -6.21797926e-06 0.5 p-1 -2577161 989
120 200 m2 687875 -0.000103141443 0.5 p-1 -1989838 525
221 201 m2 699595 -0.00483827619 0.5 p-1 -693647 85
110 202 m2 708098 -0.00202482776 0.5 p-1 -10156142 1074
100 203 m2 708611 -0.000269504468 0.5 p-1 -4488910 1019
131 204 m2 712458 0.00332457968 0.5 p-1 -941594 362
121 207 m2 727655 -0.000301668537 0.5 p-1 -74348 98
276 208 m2 729390 -0.0199941341 0.5 p-1 -2610 3
101 209 m2 729508 0.00674242573 0.5 p-1 -748620 52
43 210 m2 733698 -0.00270893262 0.5 p-1 -3502007 1057
208 211 m2 734301 -0.000396893214 0.5 p-1 -1668812 87
246 213 m2 736373 -0.0135101182 0.5 p-1 -4330333 50
132 215 m2 738517 0.00129714923 0.5 p-1 -12291856 606
232 216 m2 740927 0.00825963635 0.5 p-1 -39293 8
300 217 m2 752088 -0.0476282761 0.5 p-1 -24334 3
80 218 m2 755845 0.00128189451 0.5 p-1 -1752336 815
286 219 m2 764683 0.00979944784 0.5 p-1 -13919 2
44 221 m2 769342 3.106043e-05 0.5 p-1 -362300 387
45 222 m2 774521 -0.0156230871 0.5 p-1 -3578499 1860
46 223 m2 776195 -0.0643281937 0.5 p-1 -925681 275
189 224 m2 776827 -0.000732679735 0.5 p-1 -612496 69
193 226 m2 777530 -2.76394263e-09 0.5 p-1 -7310 1
47 227 m2 787318 0.000426841842 0.5 p-1 -457720 875
82 228 m2 790816 -0.0501840562 0.5 p-1 -1408081 428
295 229 m2 793052 0.0548212081 0.5 p-1 -1793 2
219 230 m2 799042 -0.00342454249 0.5 p-1 -1660714 38
274 231 m2 799852 0.000708332227 0.5 p-1 -71282 38
194 232 m2 803868 -0.0352717489 0.5 p-1 -1299640 18
48 234 m2 808605 4.87565485e-05 0.5 p-1 -1655850 1665
220 235 m2 808951 -0.0211660899 0.5 p-1 -984750 156
154 236 m2 809570 0.0445257574 0.5 p-1 -986686 204
292 237 m2 811510 -0.000922669249 0.5 p-1 -6149 2
49 238 m2 816430 0.00246071094 0.5 p-1 -2887178 312
122 239 m2 819597 0.02524787 0.5 p-1 -3400566 160
50 240 m2 829252 0.014119667 0.5 p-1 -8036111 1858
52 241 m2 829889 -7.74147557e-05 0.5 p-1 -1942367 1021
174 242 m2 833476 -0.00126441778 0.5 p-1 -51683 65
311 243 m2 835528 0.0189174414 0.5 p-1 -8599 4
227 244 m2 838253 1.38145611e-08 0.5 p-1 -40910 6
53 245 m2 838450 -0.05487689 0.5 p-1 -5193871 1103
54 246 m2 840539 -0.0601066723 0.5 p-1 -9363804 1274
123 247 m2 842141 -0.00215043197 0.5 p-1 -355181 115
133 248 m2 845435 -0.000350768911 0.5 p-1 -579754 458
175 249 m2 848155 0.011356703 0.5 p-1 -1047948 125
288 250 m2 850981 0.0159920361 0.5 p-1 -19603 4
55 251 m2 851378 -3.58325019e-06 0.5 p-1 -1106522 840
229 252 m2 860977 4.77061003e-05 0.5 p-1 -488350 14
272 253 m2 869688 1.55141133e-05 0.5 p-1 -104879 4
247 254 m2 869732 0.000115166338 0.5 p-1 -82551 3
83 255 m2 878640 2.55138166e-05 0.5 p-1 -3322538 647
267 256 m2 879719 -0.00966663472 0.5 p-1 -42962 31
57 257 m2 885244 -0.0300561637 0.5 p-1 -1533009 1375
195 258 m2 886370 0.0350801237 0.5 p-1 -147376 150
142 259 m2 887862 0.00223695557 0.5 p-1 -3091081 674
58 261 m2 891239 -0.000399467914 0.5 p-1 -850062 32
323 264 m2 905227 0.000143974408 0.5 p-1 -7246 4
143 265 m2 906018 7.00712262e-05 0.5 p-1 -1159458 182
182 266 m2 908159 0.0134090967 0.5 p-1 -15673 34
243 267 m2 908224 0.00981891714 0.5 p-1 -39742 2
315 268 m2 908235 0.00126695796 0.5 p-1 -5778 4
321 269 m2 912072 0.00205402402 0.5 p-1 -6425 1
111 270 m2 913570 0.0397869498 0.5 p-1 -7091065 337
264 271 m2 923957 -0.0236691982 0.5 p-1 -294180 41
151 272 m2 928014 -4.65978956e-05 0.5 p-1 -90568 38
60 273 m2 932246 -0.000593248522 0.5 p-1 -672976 687
85 274 m2 932599 2.93813955e-05 0.5 p-1 -1642222 1204
125 275 m2 936946 0.000885313086 0.5 p-1 -181938 102
282 276 m2 940379 0.00693335757 0.5 p-1 -2356 5
102 277 m2 940636 -0.0151091013 0.5 p-1 -19347493 1386
103 278 m2 941982 0.00390790403 0.5 p-1 -2517659 550
61 280 m2 949983 0.0133497156 0.5 p-1 -3251829 821
62 282 m2 969229 -0.00148487277 0.5 p-1 -6766612 400
134 283 m2 969451 0.0666349158 0.5 p-1 -4535756 908
164 284 m2 969822 0.00116364122 0.5 p-1 -45649 22
200 286 m2 973450 -0.0142866625 0.5 p-1 -33221 16
63 287 m2 977992 0.000858891872 0.5 p-1 -3797355 1334
64 288 m2 981076 0.00739585375 0.5 p-1 -1092428 491
138 289 m2 985442 6.93806141e-05 0.5 p-1 -107290 250
157 291 m2 990631 -0.00242553116 0.5 p-1 -505593 70
231 292 m2 994998 5.66274502e-05 0.5 p-1 -408358 12
155 294 m2 998980 -8.66661878e-07 0.5 p-1 -901641 157
236 295 m2 999969 5.50759272e-10 0.5 p-1 -148009 74
332 299 m2 822234 -0.0191771183 0.5 p0 2 1
333 301 m2 388176 -0.0135059617 0.5 p0 2 1
207 306 m2 370985 -0.00488358689 0.5 p0 2 1
320 307 m2 85568 -0.0191351119 0.5 p0 2 1
285 310 m2 613331 1.66275931e-05 0.5 p0 2 1
318 312 m2 417374 0.000982256723 0.5 p0 2 1
310 313 m2 290954 -1.14795021e-05 0.5 p0 2 3
235 314 m2 391004 -0.000590885233 0.5 p0 2 3
307 316 m2 685177 -0.0096810041 0.5 p0 2 2
331 321 m2 252864 -0.00116638816 0.5 p0 2 1
312 322 m2 578505 -2.43915224e-07 0.5 p0 2 1
299 326 m2 409542 0.00817007385 0.5 p0 2 3
291 328 m2 216243 -0.0520429239 0.5 p0 2 2
303 330 m2 984638 0.0116425026 0.5 p0 2 4
326 340 m2 903744 0.0012908323 0.5 p0 2 1
308 341 m2 901365 -0.000351364695 0.5 p0 2 3
273 347 m2 354140 -5.18542001e-05 0.5 p0 2 3
258 348 m2 743052 3.68737403e-07 0.5 p0 2 1
305 349 m2 962936 -0.0266306978 0.5 p0 2 4
304 350 m2 689495 0.00247631734 0.5 p0 2 3
260 355 m2 576140 -3.11281729e-05 0.5 p0 2 2
268 359 m2 789793 -0.000297367398 0.5 p0 2 3
204 360 m2 691582 0.000323657034 0.5 p0 2 1
319 361 m2 631597 -0.00289243297 0.5 p0 2 1
196 367 m1 1316 -0 0.5 p-1 -155143 36
104 369 m1 17431 0 0.5 p-1 -762067 333
316 370 m1 20796 -0 0.5 p-1 -15720 3
270 371 m1 27529 -0 0.5 p-1 -9457 2
113 372 m1 45737 -0 0.5 p-1 -8476750 1206
263 373 m1 66908 0 0.5 p-1 -165629 3
2 374 m1 90443 0 0.5 p-1 -1075327 1062
115 376 m1 116934 -0 0.5 p-1 -648522 430
261 378 m1 129677 -0 0.5 p-1 -44963 16
158 381 m1 150171 0 0.5 p-1 -753568 102
249 382 m1 174759 0 0.5 p-1 -347875 20
66 383 m1 181948 -0 0.5 p-1 -1303187 836
5 384 m1 186177 0 0.5 p-1 -1952150 735
136 385 m1 186323 -0 0.5 p-1 -1296595 709
116 386 m1 195176 -0 0.5 p-1 -7326742 446
68 387 m1 199064 0 0.5 p-1 -5397827 1548
8 391 m1 213775 0 0.5 p-1 -2175621 1698
11 392 m1 261361 0 0.5 p-1 -335443 126
88 393 m1 268878 0 0.5 p-1 -734716 44
237 394 m1 270253 0 0.5 p-1 -4054 4
127 395 m1 277900 0 0.5 p-1 -330438 137
241 396 m1 279747 0 0.5 p-1 -87967 21
238 397 m1 281269 -0 0.5 p-1 -2730 4
228 398 m1 282804 -0 0.5 p-1 -73315 31
180 400 m1 354578 0 0.5 p-1 -600016 93
242 401 m1 358065 0 0.5 p-1 -38741 19
92 402 m1 370950 0 0.5 p-1 -4308516 952
329 403 m1 377415 -0 0.5 p-1 -3044 1
18 404 m1 382026 -0 0.5 p-1 -2441433 1907
20 405 m1 397535 -0 0.5 p-1 -3465691 1577
226 406 m1 407946 0 0.5 p-1 -36899 21
222 407 m1 413816 -0 0.5 p-1 -140164 26
188 408 m1 416541 0 0.5 p-1 -61932 10
190 409 m1 417419 -0 0.5 p-1 -109497 71
21 411 m1 433385 0 0.5 p-1 -262407 268
265 412 m1 436318 0 0.5 p-1 -27527 3
23 414 m1 475474 -0 0.5 p-1 -6812091 976
166 415 m1 475726 -0 0.5 p-1 -540249 274
26 417 m1 485629 -0 0.5 p-1 -2518442 1328
28 418 m1 501229 -0 0.5 p-1 -1569308 504
301 419 m1 516172 -0 0.5 p-1 -204001 8
234 420 m1 524279 -0 0.5 p-1 -199348 19
298 421 m1 539843 -0 0.5 p-1 -1581663 10
108 422 m1 549605 0 0.5 p-1 -3235012 370
32 423 m1 559679 -0 0.5 p-1 -357402 303
201 425 m1 584155 -0 0.5 p-1 -62514 16
39 426 m1 607441 0 0.5 p-1 -6744096 1185
77 427 m1 608012 -0 0.5 p-1 -2367776 527
172 429 m1 627066 0 0.5 p-1 -2694855 85
109 431 m1 695179 0 0.5 p-1 -11741857 425
251 432 m1 710353 -0 0.5 p-1 -1828785 39
81 433 m1 766213 0 0.5 p-1 -2126119 261
214 434 m1 774420 0 0.5 p-1 -640218 33
225 436 m1 825139 -0 0.5 p-1 -42195 17
51 437 m1 829387 0 0.5 p-1 -2356573 1219
278 438 m1 856390 -0 0.5 p-1 -25134 9
124 439 m1 868680 0 0.5 p-1 -56989 74
56 440 m1 874615 -0 0.5 p-1 -267186 369
84 441 m1 882890 -0 0.5 p-1 -1192909 274
163 442 m1 888249 0 0.5 p-1 -721142 106
59 443 m1 904570 -0 0.5 p-1 -3848989 1180
152 444 m1 908657 0 0.5 p-1 -168156 122
313 445 m1 913984 0 0.5 p-1 -14180 1
173 446 m1 917007 0 0.5 p-1 -241709 188
205 447 m1 919828 0 0.5 p-1 -343255 57
126 448 m1 939634 -0 0.5 p-1 -1808446 239
293 449 m1 945903 -0 0.5 p-1 -42694 4
176 450 m1 951098 0 0.5 p-1 -222988 100
244 451 m1 958703 -0 0.5 p-1 -14219 1
186 452 m1 968883 0 0.5 p-1 -98559 47
169 454 m1 982717 0 0.5 p-1 -238432 161
144 455 m1 983130 -0 0.5 p-1 -395579 148
