Temp_ID Permanent_ID Mutation_type Position s h Subpop Tick Number
184 0 m2 929 2.71498648e-05 0.5 p-1 -16488 7
156 1 m2 3685 9.03195087e-06 0.5 p-1 -12568 10
201 2 m2 8629 0.000126705563 0.5 p-1 -20271 14
256 3 m2 10839 0.00572475931 0.5 p-1 -73754 16
92 4 m2 11273 0.000229154 0.5 p-1 -240026 173
0 5 m2 11767 0.00619344041 0.5 p-1 -3984896 1499
35 6 m2 13351 -0.0172906239 0.5 p-1 -2338554 742
131 7 m2 13744 0.00545600709 0.5 p-1 -175971 84
177 8 m2 20292 -0.000145868296 0.5 p-1 -66966 31
57 9 m2 25410 -0.000132987872 0.5 p-1 -4276476 688
259 10 m2 32527 0.000353188196 0.5 p-1 -92504 9
205 11 m2 37965 0.000810851168 0.5 p-1 -63897 8
210 12 m2 38564 -0.00153091212 0.5 p-1 -137203 42
75 13 m2 41675 0.00695252325 0.5 p-1 -647621 296
239 15 m2 57140 5.82967805e-05 0.5 p-1 -169753 10
216 16 m2 82124 0.0555484779 0.5 p-1 -63604 10
36 17 m2 82613 2.41030102e-05 0.5 p-1 -3930173 961
217 19 m2 85496 -2.27901569e-06 0.5 p-1 -4998 3
37 20 m2 88798 -0.0338704251 0.5 p-1 -4680079 1236
199 21 m2 93370 -0.00106979604 0.5 p-1 -101789 42
254 22 m2 102714 -3.01048954e-06 0.5 p-1 -153486 6
38 23 m2 104066 0.00376566895 0.5 p-1 -1096608 542
1 24 m2 107357 9.29601697e-07 0.5 p-1 -900153 896
277 25 m2 109794 -0.000836366846 0.5 p-1 -12366 1
59 26 m2 110139 -0.00204284978 0.5 p-1 -1534473 69
97 29 m2 117430 -0.0228964239 0.5 p-1 -835072 336
141 30 m2 123751 0.0157668572 0.5 p-1 -33740 7
98 31 m2 125792 0.0342976935 0.5 p-1 -86019 45
152 32 m2 125871 8.7216049e-06 0.5 p-1 -115685 58
144 33 m2 125921 0.00338314846 0.5 p-1 -48065 63
76 34 m2 129272 0.00526176905 0.5 p-1 -130861 99
2 36 m2 133183 0.00235424866 0.5 p-1 -1074124 1006
228 37 m2 138357 4.7879854e-07 0.5 p-1 -103622 35
200 38 m2 144334 -0.000570142933 0.5 p-1 -15357 11
114 39 m2 150524 3.37040478e-06 0.5 p-1 -52629 21
107 40 m2 150823 -0.00130823429 0.5 p-1 -184057 146
3 41 m2 156030 0.0121184383 0.5 p-1 -757337 140
108 42 m2 157226 2.95594e-05 0.5 p-1 -1617778 370
160 43 m2 157993 5.4646327e-05 0.5 p-1 -41701 29
248 44 m2 160060 0.00106907566 0.5 p-1 -3306625 12
161 46 m2 170998 -0.00255593401 0.5 p-1 -1801382 112
229 48 m2 178197 -0.00221000682 0.5 p-1 -875 10
5 49 m2 179227 5.74374599e-06 0.5 p-1 -3595157 740
39 50 m2 184372 0.000268251373 0.5 p-1 -426447 23
122 51 m2 187536 -0.0131431343 0.5 p-1 -3828626 454
238 52 m2 192324 0.0224125441 0.5 p-1 -7762 1
139 53 m2 192598 -0.000517021341 0.5 p-1 -2125530 118
167 54 m2 199183 0.0391083546 0.5 p-1 -959195 231
158 57 m2 207790 9.53244671e-06 0.5 p-1 -10007080 15
284 58 m2 208792 0.000125652368 0.5 p-1 -7626 2
6 59 m2 213104 0.00157332816 0.5 p-1 -5542895 1858
264 60 m2 215040 -0.0349884145 0.5 p-1 -301 2
178 61 m2 215147 6.45711698e-05 0.5 p-1 -108492 33
148 62 m2 239164 0.00849906728 0.5 p-1 -1419527 62
103 63 m2 240031 0.0149105713 0.5 p-1 -136829 41
84 69 m2 255939 -0.000148928433 0.5 p-1 -278979 147
8 72 m2 267324 -0.0113070579 0.5 p-1 -2845152 1532
249 74 m2 273054 -0.000380920654 0.5 p-1 -17353 4
40 75 m2 278265 2.37083459e-05 0.5 p-1 -33210 32
41 76 m2 311774 -0.000491246348 0.5 p-1 -4914675 514
195 78 m2 314353 1.56867543e-07 0.5 p-1 -211193 42
115 79 m2 314427 -1.97578029e-05 0.5 p-1 -2624150 400
140 80 m2 326315 0.00238537951 0.5 p-1 -248207 144
10 81 m2 328418 0.0107181454 0.5 p-1 -5780463 1447
77 82 m2 330607 0.00318581308 0.5 p-1 -420452 150
163 84 m2 338626 1.21870471e-05 0.5 p-1 -303510 122
149 85 m2 346257 0.0184737742 0.5 p-1 -166200 83
271 87 m2 355203 -0.00485141436 0.5 p-1 -18244 5
11 88 m2 355659 0.0252819341 0.5 p-1 -1938515 386
12 89 m2 358958 0.000989955734 0.5 p-1 -6114427 1889
109 90 m2 368161 0.0387012549 0.5 p-1 -391332 155
269 91 m2 374480 -1.41094779e-05 0.5 p-1 -26912 6
78 95 m2 385810 -0.00801628642 0.5 p-1 -1750002 1028
13 96 m2 393368 -2.18359546e-05 0.5 p-1 -9743133 518
176 97 m2 396210 0.00055484398 0.5 p-1 -33370 23
189 98 m2 396852 0.0193199497 0.5 p-1 -51374 36
190 99 m2 396905 -8.37700863e-05 0.5 p-1 -197949 24
14 100 m2 399057 0.0204144828 0.5 p-1 -1867737 251
60 101 m2 399171 -0.00498245331 0.5 p-1 -1316699 436
170 102 m2 399552 -0.00753797824 0.5 p-1 -34848 16
15 104 m2 406728 0.00260422891 0.5 p-1 -645113 936
110 105 m2 414925 -0.0114826635 0.5 p-1 -783500 258
111 106 m2 417123 0.000478964124 0.5 p-1 -39603 46
16 108 m2 420989 0.0183222108 0.5 p-1 -3019594 646
79 110 m2 430086 -0.00810338557 0.5 p-1 -1971914 385
283 111 m2 432626 7.75534209e-05 0.5 p-1 -41717 2
250 112 m2 434245 0.0134741282 0.5 p-1 -94928 2
191 113 m2 442843 -0.00089194061 0.5 p-1 -223388 36
247 114 m2 452574 0.0024820657 0.5 p-1 -20282 7
185 115 m2 453094 -0.00129289425 0.5 p-1 -70329 80
181 116 m2 455381 -0.0100605944 0.5 p-1 -315118 109
252 117 m2 459271 -0.0102943685 0.5 p-1 -3320 1
142 118 m2 460913 -0.00996714924 0.5 p-1 -17646 18
175 120 m2 467826 -0.000884894107 0.5 p-1 -138086 18
18 123 m2 487632 0.00488062203 0.5 p-1 -2730706 1277
112 124 m2 495073 0.000107461005 0.5 p-1 -1138369 605
171 125 m2 496203 0.00562869851 0.5 p-1 -506524 45
232 126 m2 496405 0.00523402961 0.5 p-1 -780 1
173 127 m2 497165 -8.39190488e-06 0.5 p-1 -72209 90
174 128 m2 501842 -4.78742868e-06 0.5 p-1 -307863 19
19 129 m2 504830 -0.00611239439 0.5 p-1 -3083302 1448
123 130 m2 512162 0.000996999326 0.5 p-1 -2683495 150
276 131 m2 516643 -0.0390799195 0.5 p-1 -4045 2
285 133 m2 530366 -0.00225792825 0.5 p-1 -6005 1
95 134 m2 531112 -0.000663478277 0.5 p-1 -3724688 105
20 135 m2 533057 0.00848673098 0.5 p-1 -1902521 161
208 136 m2 535573 0.00225897646 0.5 p-1 -20443 20
100 137 m2 539138 -9.27484434e-05 0.5 p-1 -52159 25
166 139 m2 540388 0.00693558436 0.5 p-1 -53061 34
62 140 m2 542136 0.00692350511 0.5 p-1 -379451 109
244 141 m2 544917 -2.47127249e-11 0.5 p-1 -47874 5
220 142 m2 549698 0.0652457476 0.5 p-1 -5275 4
164 143 m2 554220 0.00105867267 0.5 p-1 -697056 85
262 144 m2 556263 4.93246375e-07 0.5 p-1 -526781 8
266 145 m2 558874 -0.000247532502 0.5 p-1 -3727 4
165 146 m2 561894 0.00245684152 0.5 p-1 -756757 147
275 147 m2 566626 5.40366018e-05 0.5 p-1 -612075 2
197 148 m2 576597 -0.000391551614 0.5 p-1 -265302 33
80 149 m2 595229 -0.0131508708 0.5 p-1 -135964 21
222 150 m2 595771 0.000468979939 0.5 p-1 -43079 17
63 152 m2 598362 0.00370855746 0.5 p-1 -693252 623
42 154 m2 603770 0.00367276976 0.5 p-1 -369274 173
192 156 m2 609277 0.0106917443 0.5 p-1 -1515 2
119 157 m2 612958 -0.000986270374 0.5 p-1 -258204 110
211 158 m2 620204 0.00397274457 0.5 p-1 -30465 28
43 160 m2 622888 -1.27815701e-06 0.5 p-1 -2926648 464
44 161 m2 627240 0.00432990724 0.5 p-1 -2200422 372
128 162 m2 633401 -0.00886728242 0.5 p-1 -287482 63
23 163 m2 647367 0.00200700597 0.5 p-1 -7590194 1542
64 164 m2 647631 -0.00840359088 0.5 p-1 -6771494 398
81 165 m2 648749 -0.00684017921 0.5 p-1 -1150405 159
65 166 m2 651010 0.000213884778 0.5 p-1 -660720 478
169 167 m2 651486 0.0225054137 0.5 p-1 -285889 78
233 168 m2 653243 0.0368040726 0.5 p-1 -10247 19
67 171 m2 662059 -0.000464921526 0.5 p-1 -1214855 912
24 172 m2 663919 2.72328028e-11 0.5 p-1 -1302370 366
68 174 m2 666718 0.00313508464 0.5 p-1 -3538125 488
242 175 m2 669637 -0.0176869072 0.5 p-1 -22347 14
193 176 m2 671859 -7.89476144e-06 0.5 p-1 -120024 25
225 177 m2 672774 -0.0330382846 0.5 p-1 -6164 9
155 178 m2 674274 -1.40233806e-06 0.5 p-1 -291302 75
203 179 m2 675608 0.00205251761 0.5 p-1 -133825 44
25 181 m2 679080 0.0487059653 0.5 p-1 -1303510 1570
45 182 m2 683756 -0.00145770528 0.5 p-1 -836340 245
188 183 m2 687900 0.00541564636 0.5 p-1 -926830 41
223 184 m2 688697 1.32524758e-06 0.5 p-1 -7378 9
96 186 m2 712762 0.000945524895 0.5 p-1 -1899750 230
46 188 m2 719006 -0.0313289501 0.5 p-1 -754105 139
86 189 m2 721188 -0.000404421968 0.5 p-1 -2707593 175
101 190 m2 722177 9.9781173e-05 0.5 p-1 -393993 479
116 191 m2 725077 -0.00990080647 0.5 p-1 -31184 16
145 193 m2 735438 0.00310707628 0.5 p-1 -2570900 117
143 194 m2 735728 0.000241768736 0.5 p-1 -76920 63
48 195 m2 736388 0.000904113171 0.5 p-1 -4549839 622
27 198 m2 753256 -0.000464562123 0.5 p-1 -164147 117
82 199 m2 755087 0.0030841094 0.5 p-1 -469437 299
69 200 m2 756565 0.00179576618 0.5 p-1 -333858 194
187 201 m2 760949 -0.00882574357 0.5 p-1 -137572 17
124 202 m2 763431 -0.000668821333 0.5 p-1 -271787 35
204 203 m2 769467 -1.4569971e-06 0.5 p-1 -66407 11
49 204 m2 773772 3.93475739e-06 0.5 p-1 -3846386 1063
194 205 m2 781532 2.72788213e-07 0.5 p-1 -465476 16
150 207 m2 792078 0.00298972568 0.5 p-1 -107944 17
28 208 m2 795303 0.000391183072 0.5 p-1 -3510388 1557
219 210 m2 809296 0.00339764799 0.5 p-1 -56263 2
102 211 m2 813232 3.81230564e-07 0.5 p-1 -1601641 188
118 213 m2 817795 -0.00694300374 0.5 p-1 -299016 234
50 214 m2 818605 0.000451784872 0.5 p-1 -1409715 958
186 215 m2 826187 0.0442890674 0.5 p-1 -166882 104
257 218 m2 834775 0.000150276799 0.5 p-1 -18442 3
106 219 m2 838669 0.00320180575 0.5 p-1 -389517 76
71 220 m2 838786 -0.00481724134 0.5 p-1 -10700042 831
29 221 m2 844824 -0.0760867372 0.5 p-1 -6365457 1231
125 222 m2 846400 0.00807003118 0.5 p-1 -6646 37
87 223 m2 848174 0.00144030922 0.5 p-1 -801771 122
88 225 m2 853190 -0.0287270062 0.5 p-1 -229993 20
52 226 m2 853449 3.19146238e-08 0.5 p-1 -505847 129
270 227 m2 856029 0.00019137359 0.5 p-1 -697 3
214 229 m2 859604 0.00876246672 0.5 p-1 -15950 2
212 230 m2 863630 -2.6946429e-05 0.5 p-1 -3570 9
237 232 m2 866666 -0.0104573518 0.5 p-1 -25626 4
162 233 m2 867953 0.0166954082 0.5 p-1 -21468 22
135 235 m2 872804 0.00400582608 0.5 p-1 -54389 4
261 237 m2 881623 0.000228677425 0.5 p-1 -1070 1
258 238 m2 882280 -0.000257270789 0.5 p-1 -31085 1
72 239 m2 883986 -0.00597750349 0.5 p-1 -658030 423
31 240 m2 884199 -0.000134069953 0.5 p-1 -1528554 317
196 241 m2 885128 0.00545803318 0.5 p-1 -170347 25
268 242 m2 889388 0.0198554955 0.5 p-1 -211795 6
73 243 m2 890250 0.0207419302 0.5 p-1 -4829258 925
251 244 m2 899067 0.00625816174 0.5 p-1 -466279 2
126 245 m2 903053 0.00419911649 0.5 p-1 -86029 61
74 247 m2 912387 -0.000483612443 0.5 p-1 -646453 161
147 248 m2 914871 0.0249110758 0.5 p-1 -371790 246
130 249 m2 923422 1.72661746e-10 0.5 p-1 -2649834 64
54 252 m2 937960 -0.00576030323 0.5 p-1 -939329 235
89 253 m2 938656 -0.00194414263 0.5 p-1 -24058 17
55 254 m2 940309 0.00264860247 0.5 p-1 -543755 75
240 256 m2 940944 0.00142059044 0.5 p-1 -12101 4
56 257 m2 953088 -0.00100559974 0.5 p-1 -4672210 556
151 258 m2 959371 0.00014106372 0.5 p-1 -370329 77
32 259 m2 962501 -0.0221248008 0.5 p-1 -498534 133
221 260 m2 965591 0.0181194041 0.5 p-1 -156478 4
263 261 m2 970804 -0.00013787116 0.5 p-1 -34216 11
243 262 m2 971386 0.000902049127 0.5 p-1 -32413 6
91 264 m2 972383 -0.0208139345 0.5 p-1 -2841503 900
209 265 m2 973775 0.0497177951 0.5 p-1 -26927 3
121 267 m2 979968 -8.56643146e-06 0.5 p-1 -326229 82
183 268 m2 986107 -0.00332556223 0.5 p-1 -36978 8
33 270 m2 995425 0.00241437997 0.5 p-1 -3221017 1869
227 271 m2 996531 -0.0211972836 0.5 p-1 -21850 7
279 274 m2 959690 0.0318813473 0.5 p0 2 1
224 277 m2 465559 -0.0105012348 0.5 p0 2 4
218 281 m2 237925 0.00657044351 0.5 p0 2 1
274 285 m2 331811 0.00230841991 0.5 p0 2 1
267 286 m2 946800 0.00155534199 0.5 p0 2 2
206 290 m2 144166 0.0201240256 0.5 p0 2 3
236 291 m2 101079 -0.0051199398 0.5 p0 2 7
281 302 m2 794257 1.70703497e-05 0.5 p0 2 1
280 312 m2 514544 0.0386454165 0.5 p0 2 2
245 314 m2 900924 8.32832011e-05 0.5 p0 2 3
231 318 m2 883495 0.00108146353 0.5 p0 2 2
273 323 m2 165565 -0.00614517601 0.5 p0 2 4
215 326 m2 767343 0.000324801658 0.5 p0 2 5
34 336 m1 4158 -0 0.5 p-1 -51430 26
234 337 m1 16454 -0 0.5 p-1 -281320 37
93 338 m1 42021 0 0.5 p-1 -554623 218
58 339 m1 45251 -0 0.5 p-1 -3127384 787
133 340 m1 67926 0 0.5 p-1 -1712754 362
278 341 m1 89862 0 0.5 p-1 -2713 1
255 342 m1 93345 0 0.5 p-1 -9953 7
113 343 m1 101385 -0 0.5 p-1 -446947 95
83 344 m1 107365 -0 0.5 p-1 -27641 78
136 345 m1 109628 -0 0.5 p-1 -3738211 68
246 348 m1 134361 0 0.5 p-1 -133140 18
260 349 m1 142992 -0 0.5 p-1 -137150 3
253 350 m1 146460 0 0.5 p-1 -162638 24
4 351 m1 171949 -0 0.5 p-1 -5640555 1141
137 352 m1 198015 0 0.5 p-1 -271555 33
127 353 m1 211951 -0 0.5 p-1 -31659 43
272 354 m1 220782 -0 0.5 p-1 -1417 1
180 355 m1 226438 -0 0.5 p-1 -31735 43
132 356 m1 228263 0 0.5 p-1 -15986 28
7 357 m1 231584 -0 0.5 p-1 -881756 434
154 358 m1 234666 -0 0.5 p-1 -20021 18
213 360 m1 257072 -0 0.5 p-1 -2193 10
226 361 m1 265088 -0 0.5 p-1 -3069 2
168 363 m1 310980 0 0.5 p-1 -203369 69
9 365 m1 318843 -0 0.5 p-1 -11326978 1939
230 366 m1 319284 -0 0.5 p-1 -345653 4
99 368 m1 397926 -0 0.5 p-1 -276473 43
202 369 m1 403356 0 0.5 p-1 -63020 42
17 373 m1 464878 -0 0.5 p-1 -3532327 1277
61 375 m1 469067 0 0.5 p-1 -5211199 616
94 376 m1 486177 0 0.5 p-1 -8237966 196
282 377 m1 497362 -0 0.5 p-1 -4969 1
172 378 m1 529779 -0 0.5 p-1 -24622 10
207 380 m1 555052 -0 0.5 p-1 -6504 3
104 382 m1 565722 -0 0.5 p-1 -276824 79
21 383 m1 585479 -0 0.5 p-1 -6221001 543
182 384 m1 596775 0 0.5 p-1 -5803 28
22 388 m1 637467 -0 0.5 p-1 -1004408 482
85 389 m1 640290 0 0.5 p-1 -476817 80
153 391 m1 651983 0 0.5 p-1 -1043127 37
66 392 m1 659084 0 0.5 p-1 -6209953 1128
105 393 m1 705270 -0 0.5 p-1 -5650 31
265 395 m1 726541 -0 0.5 p-1 -24784 5
26 396 m1 726771 -0 0.5 p-1 -870196 351
47 397 m1 733783 0 0.5 p-1 -44929 27
117 398 m1 753173 0 0.5 p-1 -270971 97
235 401 m1 767803 -0 0.5 p-1 -16042 6
241 402 m1 780725 0 0.5 p-1 -7001 3
70 403 m1 799694 0 0.5 p-1 -1853041 772
146 404 m1 801705 -0 0.5 p-1 -982396 98
51 405 m1 822703 0 0.5 p-1 -675258 749
159 406 m1 825605 -0 0.5 p-1 -19114 5
198 407 m1 832847 -0 0.5 p-1 -213452 8
134 408 m1 841794 0 0.5 p-1 -2742448 101
30 409 m1 851407 0 0.5 p-1 -3141135 1429
138 411 m1 874730 -0 0.5 p-1 -9289 15
179 412 m1 876883 -0 0.5 p-1 -45142 29
129 413 m1 881824 0 0.5 p-1 -44736 85
53 414 m1 921510 0 0.5 p-1 -3121263 719
90 418 m1 971631 -0 0.5 p-1 -1754516 836
120 419 m1 973901 -0 0.5 p-1 -11495 51
157 420 m1 992002 -0 0.5 p-1 -502917 18
