Temp_ID Permanent_ID Mutation_type Position s h Subpop Tick Number
86 1 m2 3041 -0.0163678713 0.5 p-1 -142331 50
119 2 m2 9299 -1.9712299e-05 0.5 p-1 -257632 75
166 3 m2 12311 -1.59969222e-05 0.5 p-1 -109312 46
223 4 m2 33579 -0.00149274606 0.5 p-1 -6501 9
0 7 m2 46181 -0.0102143716 0.5 p-1 -3155127 336
137 8 m2 47679 -0.00645942846 0.5 p-1 -480417 202
151 9 m2 57693 -5.9381382e-06 0.5 p-1 -162190 36
133 10 m2 60271 -0.0722407773 0.5 p-1 -10283 7
283 11 m2 60440 -0.000889542396 0.5 p-1 -11898 2
112 12 m2 63871 -0.000329555682 0.5 p-1 -15678 6
266 13 m2 65770 -0.00172389031 0.5 p-1 -19142 4
59 14 m2 71189 -0.00728557399 0.5 p-1 -9065 4
152 15 m2 74624 -0.000628877373 0.5 p-1 -106142 70
271 17 m2 77388 -0.0270828698 0.5 p-1 -22553 3
1 18 m2 79299 -0.00431026751 0.5 p-1 -1016712 744
244 19 m2 83118 -0.0133197736 0.5 p-1 -28881 6
2 20 m2 86455 -0.0239300448 0.5 p-1 -867639 665
303 21 m2 90091 -0.00682617258 0.5 p-1 -10040 1
51 23 m2 97956 -0.00054203195 0.5 p-1 -1492640 86
281 25 m2 110664 -0.00251362473 0.5 p-1 -13188 3
227 26 m2 112574 -0.00703755161 0.5 p-1 -7849 7
35 27 m2 118198 -3.50163173e-05 0.5 p-1 -1402820 680
167 28 m2 119839 -0.0887628049 0.5 p-1 -2800 5
60 30 m2 124605 -0.00105361594 0.5 p-1 -823579 462
52 31 m2 126853 -0.0223185569 0.5 p-1 -141268 78
70 32 m2 128821 -0.00961483642 0.5 p-1 -1812574 468
103 34 m2 145218 -0.0120377662 0.5 p-1 -135436 29
280 35 m2 153502 -0.043667417 0.5 p-1 -675 3
209 36 m2 155959 -0.0192603674 0.5 p-1 -11704 2
274 37 m2 158152 -0.00156060362 0.5 p-1 -54534 7
178 38 m2 162075 -0.0152458465 0.5 p-1 -33088 17
36 39 m2 164140 -0.0192486439 0.5 p-1 -3139681 835
158 40 m2 167772 -0.00421250612 0.5 p-1 -85433 12
200 41 m2 170656 -0.0068381927 0.5 p-1 -30941 7
3 43 m2 182080 -0.0299045574 0.5 p-1 -509233 147
87 45 m2 186115 -2.95771834e-08 0.5 p-1 -574262 66
194 46 m2 187432 -0.000557751337 0.5 p-1 -103006 16
100 48 m2 202884 -0.00180545647 0.5 p-1 -54369 58
5 49 m2 207857 -0.0788451284 0.5 p-1 -1303391 1345
38 50 m2 212843 -7.80865867e-06 0.5 p-1 -1905240 371
192 52 m2 218628 -0.00986926444 0.5 p-1 -88720 8
251 53 m2 222408 -0.0209738407 0.5 p-1 -9747 2
171 54 m2 226764 -0.000226915232 0.5 p-1 -950708 22
120 55 m2 227380 -0.00531880651 0.5 p-1 -94043 74
214 57 m2 232991 -0.0153069831 0.5 p-1 -3163 7
208 59 m2 238243 -3.93654673e-08 0.5 p-1 -9552 23
163 60 m2 263555 -0.000842869747 0.5 p-1 -23359 18
6 61 m2 265288 -0.0194759294 0.5 p-1 -5525334 769
109 62 m2 271910 -0.0258592665 0.5 p-1 -299988 50
261 65 m2 279352 -0.0251584742 0.5 p-1 -312 2
204 68 m2 288849 -0.000207245626 0.5 p-1 -58174 39
250 69 m2 304287 -0.00332840672 0.5 p-1 -349104 15
54 70 m2 305896 -0.0259001963 0.5 p-1 -1976955 1095
80 71 m2 310938 -9.47896333e-05 0.5 p-1 -835879 578
165 72 m2 317640 -0.000693815062 0.5 p-1 -373 2
190 73 m2 322055 -0.000825274561 0.5 p-1 -29083 10
7 74 m2 322616 -0.0252362136 0.5 p-1 -2594776 1137
8 75 m2 326124 -2.49538251e-10 0.5 p-1 -3267257 759
176 76 m2 326791 -0.00769248046 0.5 p-1 -74352 93
55 77 m2 327770 -0.000303359411 0.5 p-1 -2278374 1250
127 78 m2 334503 -0.0128214145 0.5 p-1 -31026 2
229 79 m2 335935 -0.0137818614 0.5 p-1 -5180 10
9 80 m2 339530 -0.00234649167 0.5 p-1 -6744742 1376
235 81 m2 341681 -0.0314542092 0.5 p-1 -21795 14
40 82 m2 348191 -0.0035895831 0.5 p-1 -5110440 841
56 83 m2 360665 -3.48512295e-11 0.5 p-1 -2771329 463
10 86 m2 374859 -5.83356705e-05 0.5 p-1 -4858496 1840
57 87 m2 379170 -0.0684549809 0.5 p-1 -2134012 772
65 88 m2 385145 -0.000234748091 0.5 p-1 -62345 19
278 89 m2 388219 -5.75294325e-06 0.5 p-1 -4309 4
159 90 m2 390560 -0.00180765789 0.5 p-1 -861893 228
300 91 m2 395551 -0.0023764472 0.5 p-1 -597840 4
305 93 m2 410897 -7.62741183e-05 0.5 p-1 -656 1
220 94 m2 415223 -5.52491547e-05 0.5 p-1 -77412 27
72 95 m2 417289 -0.0464368649 0.5 p-1 -500013 213
129 96 m2 419572 -0.0527321063 0.5 p-1 -777035 283
66 97 m2 422405 -0.00245212438 0.5 p-1 -229591 309
62 98 m2 427163 -0.00404797541 0.5 p-1 -415067 128
197 99 m2 429596 -0.0513062663 0.5 p-1 -1153761 13
131 100 m2 431144 -0.0065234215 0.5 p-1 -383370 97
253 103 m2 438763 -0.00069342216 0.5 p-1 -7364 2
148 104 m2 439888 -0.00615208736 0.5 p-1 -7350 8
14 105 m2 442821 -0.00214424846 0.5 p-1 -14147505 1942
218 106 m2 448644 -0.0169353914 0.5 p-1 -1456 1
169 107 m2 452334 -0.00262863026 0.5 p-1 -31779 18
88 108 m2 459499 -0.0228266437 0.5 p-1 -119583 24
81 109 m2 460945 -0.00146790664 0.5 p-1 -325311 224
237 110 m2 463782 -1.11368026e-10 0.5 p-1 -16032 20
289 111 m2 464458 -0.0201017391 0.5 p-1 -52279 4
15 112 m2 470669 -0.00103765971 0.5 p-1 -1790691 563
132 114 m2 486152 -0.00172593491 0.5 p-1 -151309 52
89 115 m2 486503 -0.00163963332 0.5 p-1 -1909875 617
265 116 m2 494938 -0.00111961528 0.5 p-1 -1374 4
246 117 m2 499315 -0.00689326879 0.5 p-1 -11866 5
41 118 m2 499661 -0.000240296373 0.5 p-1 -3525723 1096
125 119 m2 503636 -0.108150095 0.5 p-1 -347692 36
140 120 m2 503663 -0.000410679379 0.5 p-1 -654948 221
68 121 m2 504261 -1.25153619e-07 0.5 p-1 -382638 38
16 123 m2 506680 -0.00908523425 0.5 p-1 -4008868 493
73 124 m2 507613 -4.73807586e-06 0.5 p-1 -115365 55
42 125 m2 514939 -0.00339954416 0.5 p-1 -5889977 1174
98 127 m2 519786 -0.0634114891 0.5 p-1 -516726 105
155 128 m2 526557 -1.35506695e-09 0.5 p-1 -304505 37
164 130 m2 527673 -0.00126604945 0.5 p-1 -51140 8
191 131 m2 534032 -0.0322792195 0.5 p-1 -333920 103
104 133 m2 538594 -0.000247811811 0.5 p-1 -1940709 57
105 134 m2 543991 -0.00129835075 0.5 p-1 -61014 25
294 135 m2 546176 -9.59509271e-05 0.5 p-1 -11620 1
106 137 m2 550992 -0.0206666365 0.5 p-1 -97835 90
141 138 m2 553336 -0.000187874117 0.5 p-1 -51044 41
301 139 m2 558151 -0.00795525406 0.5 p-1 -2595 1
245 140 m2 564244 -0.004339498 0.5 p-1 -2654 1
17 142 m2 571012 -0.00874365028 0.5 p-1 -6058928 391
18 143 m2 577233 -0.00151153211 0.5 p-1 -1645118 804
69 144 m2 581289 -0.00888052583 0.5 p-1 -81032 43
43 145 m2 585052 -0.00126923271 0.5 p-1 -4904577 690
168 146 m2 592989 -0.042808339 0.5 p-1 -1768320 60
153 148 m2 594578 -0.0219762214 0.5 p-1 -6416020 212
19 149 m2 603383 -0.00505756075 0.5 p-1 -4877857 1065
219 150 m2 605362 -0.00183394668 0.5 p-1 -19764 21
252 151 m2 608719 -2.19068647e-06 0.5 p-1 -1295 3
230 152 m2 610310 -0.000527749711 0.5 p-1 -2046 3
234 153 m2 614890 -0.000649038062 0.5 p-1 -273878 9
96 154 m2 619494 -9.52795672e-05 0.5 p-1 -291738 189
117 155 m2 620063 -0.00125832111 0.5 p-1 -41597 73
188 157 m2 629523 -0.00201802026 0.5 p-1 -60852 18
216 158 m2 630542 -0.00822643284 0.5 p-1 -9792 5
248 161 m2 641301 -2.49192854e-05 0.5 p-1 -326 5
20 162 m2 652664 -0.000229393845 0.5 p-1 -4343262 1922
228 163 m2 659586 -0.00235070405 0.5 p-1 -16353 6
287 164 m2 665368 -0.0145845059 0.5 p-1 -2970 1
143 165 m2 671350 -0.0121311182 0.5 p-1 -144816 72
124 166 m2 674384 -0.000483685377 0.5 p-1 -430369 160
91 167 m2 675762 -0.00767036295 0.5 p-1 -252586 177
231 168 m2 676347 -1.07589221e-05 0.5 p-1 -9610 3
126 169 m2 679426 -0.00710414397 0.5 p-1 -168086 75
44 170 m2 691687 -0.000144041638 0.5 p-1 -181843 363
139 171 m2 698917 -0.00682958635 0.5 p-1 -144168 16
102 174 m2 710066 -0.0196941588 0.5 p-1 -3262395 283
78 175 m2 713299 -0.00597693864 0.5 p-1 -161210 83
241 176 m2 724233 -0.00336778467 0.5 p-1 -4637 3
205 177 m2 729621 -0.00185560109 0.5 p-1 -76320 29
23 178 m2 731098 -0.0123924604 0.5 p-1 -2525588 1529
170 179 m2 731441 -0.000181879645 0.5 p-1 -67050 50
156 180 m2 739421 -0.0174308158 0.5 p-1 -91951 25
92 181 m2 743355 -0.0143215051 0.5 p-1 -406797 137
160 182 m2 753997 -0.0191282444 0.5 p-1 -117785 111
74 183 m2 754568 -0.00302876718 0.5 p-1 -521060 305
210 184 m2 755757 -0.0336291045 0.5 p-1 -2772 4
307 185 m2 760639 -0.016603021 0.5 p-1 -3239 1
260 186 m2 760779 -0.0538559854 0.5 p-1 -730 2
24 187 m2 765883 -0.0606064983 0.5 p-1 -4567412 716
79 190 m2 771309 -0.0735459849 0.5 p-1 -427187 379
264 191 m2 775396 -0.00563115161 0.5 p-1 -54504 7
144 192 m2 776084 -0.00474367384 0.5 p-1 -353793 127
25 193 m2 777547 -0.000197321569 0.5 p-1 -845376 216
282 194 m2 778164 -1.26629084e-05 0.5 p-1 -2985 1
97 195 m2 783133 -0.00447924715 0.5 p-1 -358880 91
93 197 m2 790236 -0.00602641981 0.5 p-1 -84229 61
45 198 m2 793025 -4.86530195e-13 0.5 p-1 -4035240 459
107 199 m2 797961 -0.00469418988 0.5 p-1 -2505507 161
183 200 m2 798519 -0.0132913124 0.5 p-1 -59248 33
27 201 m2 801567 -0.00125923532 0.5 p-1 -2266344 1494
221 202 m2 803406 -5.62171699e-05 0.5 p-1 -61708 18
196 203 m2 806428 -0.0156480763 0.5 p-1 -38939 7
46 204 m2 807195 -0.000489523169 0.5 p-1 -1284674 1075
187 206 m2 814576 -0.00779248588 0.5 p-1 -51452 28
259 207 m2 814764 -0.000843598391 0.5 p-1 -5506 4
193 208 m2 816316 -1.01060346e-06 0.5 p-1 -174534 6
306 209 m2 818050 -0.000274600869 0.5 p-1 -17225 1
179 210 m2 819449 -0.0104951551 0.5 p-1 -54358 56
114 211 m2 821380 -0.000579144456 0.5 p-1 -216504 65
172 212 m2 822569 -0.00202522846 0.5 p-1 -145371 13
202 213 m2 825718 -2.73325122e-06 0.5 p-1 -23750 4
213 214 m2 825989 -2.27555286e-09 0.5 p-1 -5921 6
279 216 m2 831207 -0.00236715563 0.5 p-1 -3497 2
28 217 m2 833286 -0.0470191501 0.5 p-1 -2123507 151
99 218 m2 843912 -0.0397894904 0.5 p-1 -686852 36
174 219 m2 847663 -0.000172418979 0.5 p-1 -33153 21
150 221 m2 857997 -2.82016822e-06 0.5 p-1 -377406 10
130 222 m2 859913 -0.000280277338 0.5 p-1 -4693505 260
94 223 m2 863004 -0.00193702721 0.5 p-1 -681246 175
226 224 m2 867656 -0.00215340429 0.5 p-1 -21863 12
267 225 m2 874466 -0.000184159464 0.5 p-1 -57001 12
258 226 m2 876886 -0.0758128762 0.5 p-1 -51077 10
157 227 m2 880194 -0.00563415 0.5 p-1 -235861 162
108 229 m2 908097 -1.29725349e-05 0.5 p-1 -286007 94
185 232 m2 913156 -0.000424680067 0.5 p-1 -19312 11
47 233 m2 913989 -0.000807170814 0.5 p-1 -919835 476
269 234 m2 919460 -0.00542482967 0.5 p-1 -7868 5
309 238 m2 925767 -0.00321016228 0.5 p-1 -1734 1
215 239 m2 927072 -0.0468941033 0.5 p-1 -69597 14
186 240 m2 929723 -0.00361139094 0.5 p-1 -77828 24
118 242 m2 943116 -0.00157562969 0.5 p-1 -121495 38
111 243 m2 945727 -0.0383012444 0.5 p-1 -265488 16
134 244 m2 946157 -0.0178011432 0.5 p-1 -109290 37
30 245 m2 946224 -0.0299958214 0.5 p-1 -929760 781
115 246 m2 946428 -0.0159680825 0.5 p-1 -1237991 164
31 247 m2 951148 -0.0126694422 0.5 p-1 -2666963 1232
276 248 m2 955765 -0.0105296085 0.5 p-1 -4941 5
32 249 m2 958193 -1.63297773e-06 0.5 p-1 -1076060 548
145 250 m2 960271 -0.0113238245 0.5 p-1 -47975 38
201 251 m2 962930 -5.30547513e-05 0.5 p-1 -32808 26
206 252 m2 971495 -0.000185056051 0.5 p-1 -18441 5
135 253 m2 971574 -0.000471002539 0.5 p-1 -507992 47
76 254 m2 975873 -1.88146914e-05 0.5 p-1 -4367827 278
177 255 m2 976562 -0.0153702619 0.5 p-1 -365596 48
85 256 m2 977443 -0.015754642 0.5 p-1 -3458490 147
122 257 m2 979953 -6.23947053e-05 0.5 p-1 -23437 11
198 259 m2 983909 -6.40826556e-06 0.5 p-1 -152841 50
162 260 m2 989531 -9.02868996e-05 0.5 p-1 -24216 31
297 261 m2 995559 -0.00642163353 0.5 p-1 -11211 1
34 262 m2 998495 -0.00162605778 0.5 p-1 -8696379 1756
290 263 m2 999811 -0.000359989033 0.5 p-1 -5900 1
284 266 m2 422117 -0.00360317854 0.5 p0 2 1
249 267 m2 363818 -0.0135033149 0.5 p0 2 1
275 268 m2 652814 -0.00336817908 0.5 p0 2 1
288 270 m2 801689 -0.0155408354 0.5 p0 2 2
302 271 m2 441671 -0.0135147246 0.5 p0 2 3
311 272 m2 349714 -0.00214135391 0.5 p0 2 1
232 274 m2 810866 -0.0042562834 0.5 p0 2 1
273 276 m2 246998 -0.000873556884 0.5 p0 2 1
298 277 m2 966489 -0.00407600449 0.5 p0 2 1
255 278 m2 319911 -4.27600622e-09 0.5 p0 2 1
263 279 m2 232455 -0.00378384395 0.5 p0 2 1
270 282 m2 450480 -0.00112539926 0.5 p0 2 2
285 283 m2 588436 -0.120842218 0.5 p0 2 2
292 284 m2 64275 -0.00779671222 0.5 p0 2 2
207 287 m2 335493 -0.00917660724 0.5 p0 2 1
272 288 m2 364615 -0.000127008956 0.5 p0 2 2
310 291 m2 281728 -3.82065991e-05 0.5 p0 2 1
304 293 m2 715705 -0.00264392095 0.5 p0 2 1
233 296 m2 997177 -0.00275262492 0.5 p0 2 1
286 297 m2 382934 -8.85458212e-05 0.5 p0 2 1
247 298 m2 598378 -9.15847476e-13 0.5 p0 2 1
277 300 m2 766030 -0.00169191009 0.5 p0 2 1
293 301 m2 991928 -0.00204732176 0.5 p0 2 1
296 302 m2 778284 -0.0451416746 0.5 p0 2 1
199 303 m2 13594 -0.0270294454 0.5 p0 2 1
239 305 m2 518855 -0.000925647735 0.5 p0 2 2
262 307 m2 945368 -1.00062528e-06 0.5 p0 2 1
308 308 m2 572083 -0.00953619555 0.5 p0 2 1
142 310 m1 12369 0 0.5 p-1 -722978 32
203 311 m1 18840 0 0.5 p-1 -18945 10
136 312 m1 34596 0 0.5 p-1 -261820 64
295 314 m1 49011 0 0.5 p-1 -1648 1
50 315 m1 68967 0 0.5 p-1 -517358 256
175 316 m1 70493 0 0.5 p-1 -228542 14
138 320 m1 135142 0 0.5 p-1 -50016 1
240 322 m1 167844 0 0.5 p-1 -797 2
4 323 m1 186050 0 0.5 p-1 -1724598 1735
77 324 m1 187486 0 0.5 p-1 -3242587 429
61 325 m1 189084 0 0.5 p-1 -435499 698
71 326 m1 194438 0 0.5 p-1 -2300732 486
113 328 m1 198995 0 0.5 p-1 -833790 146
37 329 m1 200446 0 0.5 p-1 -909336 518
53 330 m1 201132 0 0.5 p-1 -602297 699
39 331 m1 219156 0 0.5 p-1 -1993295 676
121 332 m1 249046 0 0.5 p-1 -61069 67
181 334 m1 320374 0 0.5 p-1 -287274 24
217 335 m1 353414 0 0.5 p-1 -42245 4
257 336 m1 358379 0 0.5 p-1 -126456 11
128 337 m1 375149 0 0.5 p-1 -133148 91
11 339 m1 386985 0 0.5 p-1 -204373 249
12 340 m1 392927 0 0.5 p-1 -1428136 338
13 342 m1 404124 0 0.5 p-1 -3565478 1901
67 343 m1 426671 0 0.5 p-1 -41554 48
236 345 m1 449078 0 0.5 p-1 -6219 10
82 347 m1 468636 0 0.5 p-1 -6131 1
123 348 m1 475958 0 0.5 p-1 -556529 74
154 349 m1 485103 0 0.5 p-1 -5929256 139
195 350 m1 488437 0 0.5 p-1 -10679 11
268 351 m1 488915 0 0.5 p-1 -729227 7
101 352 m1 495925 0 0.5 p-1 -297126 378
149 353 m1 513318 0 0.5 p-1 -145927 62
95 354 m1 517726 0 0.5 p-1 -3543138 226
222 355 m1 520806 0 0.5 p-1 -693465 36
184 356 m1 548961 0 0.5 p-1 -307514 22
116 357 m1 553046 0 0.5 p-1 -1204382 105
83 358 m1 568375 0 0.5 p-1 -3662244 153
63 359 m1 575665 0 0.5 p-1 -215800 220
254 360 m1 584753 0 0.5 p-1 -6954 7
238 361 m1 589519 0 0.5 p-1 -2623 1
256 362 m1 627429 0 0.5 p-1 -225446 10
242 363 m1 648322 0 0.5 p-1 -2582 3
224 365 m1 655730 0 0.5 p-1 -164184 12
180 366 m1 663002 0 0.5 p-1 -76883 19
58 367 m1 667163 0 0.5 p-1 -3291043 565
21 368 m1 671051 0 0.5 p-1 -8763404 1246
22 369 m1 701035 0 0.5 p-1 -1344246 1092
173 370 m1 716166 0 0.5 p-1 -29297 39
147 371 m1 723557 0 0.5 p-1 -1062317 51
75 374 m1 777176 0 0.5 p-1 -3794047 290
182 375 m1 778587 0 0.5 p-1 -11177 10
161 376 m1 781692 0 0.5 p-1 -125711 37
211 377 m1 784482 0 0.5 p-1 -8645 16
291 378 m1 791464 0 0.5 p-1 -2426 1
110 379 m1 794001 0 0.5 p-1 -31958 23
26 380 m1 800600 0 0.5 p-1 -3589909 1244
189 381 m1 833978 0 0.5 p-1 -25070 44
84 382 m1 840834 0 0.5 p-1 -1053542 360
29 384 m1 863231 0 0.5 p-1 -7006415 1977
90 387 m1 909009 0 0.5 p-1 -272688 139
212 388 m1 912940 0 0.5 p-1 -10307 2
299 389 m1 921974 0 0.5 p-1 -12718 2
48 392 m1 954438 0 0.5 p-1 -9277586 1862
243 393 m1 958670 0 0.5 p-1 -8785 2
225 394 m1 965076 0 0.5 p-1 -163649 15
49 395 m1 970637 0 0.5 p-1 -4770189 558
146 396 m1 974618 0 0.5 p-1 -148833 55
33 397 m1 987803 0 0.5 p-1 -7934994 1773
64 398 m1 991859 0 0.5 p-1 -372590 85
