Temp_ID Permanent_ID Mutation_type Position s h Subpop Tick Number
38 0 m2 713 1.43623402e-05 0.5 p-1 -13657144 683
262 2 m2 8132 0.0235214997 0.5 p-1 -1355 7
83 3 m2 8465 -0.0250430759 0.5 p-1 -1424149 208
95 5 m2 21365 0.000484364544 0.5 p-1 -811927 393
150 6 m2 28698 0.00985505618 0.5 p-1 -24861 11
84 7 m2 32020 0.00470228912 0.5 p-1 -2954354 851
149 8 m2 37184 -0.000101362966 0.5 p-1 -78600 27
248 9 m2 38613 -9.14371631e-05 0.5 p-1 -14033 5
159 10 m2 40358 -0.00104247883 0.5 p-1 -57218 41
187 11 m2 40404 -0.0139630036 0.5 p-1 -5600 25
72 12 m2 44815 0.00387196895 0.5 p-1 -4543891 325
180 13 m2 50642 0.000384515704 0.5 p-1 -456205 115
183 14 m2 52767 -0.00076079421 0.5 p-1 -27629 16
233 15 m2 57963 -0.00027560434 0.5 p-1 -179097 15
184 16 m2 62999 0.0016146428 0.5 p-1 -81986 40
153 17 m2 68503 3.30000694e-06 0.5 p-1 -37519 30
137 18 m2 70071 -0.000409370841 0.5 p-1 -709489 164
0 19 m2 76161 -0.00129379611 0.5 p-1 -145880 111
39 20 m2 78431 5.81792925e-09 0.5 p-1 -4488105 664
73 21 m2 80789 -0.000765696226 0.5 p-1 -7091371 1557
255 24 m2 86485 -0.00112160144 0.5 p-1 -29116 2
2 25 m2 86593 -8.11952727e-09 0.5 p-1 -7255849 403
120 26 m2 86925 7.05250557e-07 0.5 p-1 -1372737 486
167 28 m2 88440 -0.00344419153 0.5 p-1 -276940 130
231 29 m2 90652 -0.000191991247 0.5 p-1 -283779 18
61 30 m2 91203 -1.42695353e-05 0.5 p-1 -1955082 1097
257 31 m2 97484 0.0031399352 0.5 p-1 -254650 5
3 32 m2 99385 -0.00213992852 0.5 p-1 -839490 109
223 33 m2 105651 -0.00208440516 0.5 p-1 -25961 19
4 34 m2 106767 -2.55350351e-05 0.5 p-1 -8276796 449
274 35 m2 110137 0.000646180764 0.5 p-1 -35201 1
172 36 m2 111211 -0.00228975271 0.5 p-1 -23084 28
5 37 m2 116125 3.88728004e-05 0.5 p-1 -2749344 1434
40 38 m2 118713 0.00942977332 0.5 p-1 -230778 13
85 39 m2 123782 0.00233335351 0.5 p-1 -1252301 129
41 40 m2 130415 -0.0127461804 0.5 p-1 -1390167 64
6 41 m2 130566 -0.0465993956 0.5 p-1 -8357066 1600
234 42 m2 133144 0.0141142774 0.5 p-1 -34846 8
143 43 m2 139738 -0.000253362552 0.5 p-1 -138136 105
226 46 m2 150611 -0.0255594254 0.5 p-1 -120650 32
246 47 m2 151202 0.00435776031 0.5 p-1 -1190 10
7 48 m2 151894 -0.0452182218 0.5 p-1 -7018342 1446
87 49 m2 155667 0.072637327 0.5 p-1 -320404 186
112 50 m2 158489 0.00885007437 0.5 p-1 -1671 24
42 52 m2 173124 -5.4868093e-07 0.5 p-1 -2473983 788
96 53 m2 181345 0.0357872583 0.5 p-1 -263062 106
154 55 m2 186746 -0.0122618973 0.5 p-1 -1219960 63
97 57 m2 190280 2.61554919e-06 0.5 p-1 -296116 101
124 58 m2 197828 -0.000625849585 0.5 p-1 -288271 43
43 59 m2 202560 -0.00445068022 0.5 p-1 -428176 190
208 60 m2 206483 0.00158556749 0.5 p-1 -40617 26
229 62 m2 215889 -0.0198206659 0.5 p-1 -45489 35
63 63 m2 215930 -0.0046806531 0.5 p-1 -1179130 146
74 64 m2 224111 0.000367896107 0.5 p-1 -161111 71
10 65 m2 229786 5.00676288e-06 0.5 p-1 -1751051 1240
98 66 m2 229896 0.000437698734 0.5 p-1 -2122327 664
64 69 m2 257562 -0.00120848464 0.5 p-1 -1950903 283
125 70 m2 259384 -1.4296772e-05 0.5 p-1 -710350 43
65 71 m2 261396 -0.000249955163 0.5 p-1 -3593951 800
237 72 m2 271945 0.00392917264 0.5 p-1 -5660 4
113 73 m2 277817 -0.00021469756 0.5 p-1 -171354 63
238 74 m2 278115 0.000293121557 0.5 p-1 -13411 1
45 78 m2 285379 -0.0124647552 0.5 p-1 -2735047 1096
66 80 m2 289377 0.000328816357 0.5 p-1 -1209140 402
161 81 m2 291258 0.0169779547 0.5 p-1 -96870 32
105 82 m2 291616 -0.000161292031 0.5 p-1 -183558 358
67 83 m2 292340 0.00545559544 0.5 p-1 -1745265 816
114 84 m2 295084 0.0124284141 0.5 p-1 -1662628 138
106 85 m2 299357 0.00360216037 0.5 p-1 -2536732 231
266 86 m2 303611 -0.000201187504 0.5 p-1 -2582 3
119 87 m2 308658 -8.50243014e-05 0.5 p-1 -599454 305
156 89 m2 318064 -8.09747289e-05 0.5 p-1 -72599 55
157 92 m2 327489 -0.011478601 0.5 p-1 -732639 11
287 93 m2 333093 0.000347858382 0.5 p-1 -1969 1
11 94 m2 335081 0.0564985685 0.5 p-1 -2924236 650
263 95 m2 336351 -0.00535652833 0.5 p-1 -283985 5
278 97 m2 337535 0.00227151182 0.5 p-1 -51321 4
144 98 m2 338555 -0.00066146208 0.5 p-1 -23421 19
12 99 m2 340805 -0.000159097108 0.5 p-1 -4499376 1850
174 100 m2 368773 -7.34430432e-05 0.5 p-1 -13673 25
89 104 m2 382915 0.00550221372 0.5 p-1 -627164 438
289 109 m2 411550 -3.05111898e-05 0.5 p-1 -18918 1
46 110 m2 412496 6.39940163e-06 0.5 p-1 -3073212 1017
247 111 m2 420748 -0.0130102932 0.5 p-1 -3560 4
261 112 m2 421508 0.00225476921 0.5 p-1 -76571 3
235 115 m2 429048 0.011321241 0.5 p-1 -19052 23
13 117 m2 431058 -0.00659253541 0.5 p-1 -985695 1219
271 118 m2 432737 -0.0124002509 0.5 p-1 -43118 4
127 119 m2 439018 0.00846359227 0.5 p-1 -19688 2
140 120 m2 444894 0.00997562613 0.5 p-1 -67590 58
175 121 m2 445621 1.96008932e-06 0.5 p-1 -5939 54
90 124 m2 463123 0.0076250853 0.5 p-1 -172212 69
158 125 m2 464147 0.00162510795 0.5 p-1 -114625 70
68 127 m2 465062 -1.59530956e-07 0.5 p-1 -1170367 165
14 128 m2 466685 0.00173921906 0.5 p-1 -934228 796
176 131 m2 482253 -0.00175473141 0.5 p-1 -349140 47
220 133 m2 486978 0.00616700901 0.5 p-1 -4509 4
48 136 m2 500433 0.0130614927 0.5 p-1 -1573119 1061
285 138 m2 509446 0.0539103337 0.5 p-1 -66498 2
15 139 m2 509762 0.00713638728 0.5 p-1 -4627868 1493
16 140 m2 510329 0.00472379569 0.5 p-1 -658581 1103
206 142 m2 513124 -0.000699312193 0.5 p-1 -23209 12
49 145 m2 531478 -0.00019212428 0.5 p-1 -263961 181
170 147 m2 542546 -0.0149802379 0.5 p-1 -304158 294
181 148 m2 548406 -0.00285322592 0.5 p-1 -177166 13
253 149 m2 550568 -2.18664931e-09 0.5 p-1 -100564 5
126 151 m2 558348 -0.00297386991 0.5 p-1 -46541 22
211 152 m2 558558 -0.0568744056 0.5 p-1 -555 3
276 153 m2 570096 -0.00778203271 0.5 p-1 -40383 1
18 154 m2 570805 -0.00673955958 0.5 p-1 -3737608 1941
207 155 m2 573961 -1.00574439e-07 0.5 p-1 -158351 51
277 158 m2 578819 -0.00761917885 0.5 p-1 -1451816 1
203 159 m2 578910 -0.00908809807 0.5 p-1 -60381 29
205 160 m2 581772 -0.0130334683 0.5 p-1 -58009 36
128 161 m2 595054 -5.33795283e-05 0.5 p-1 -748503 11
50 162 m2 597940 -0.0197650529 0.5 p-1 -3816979 911
91 164 m2 605024 -0.000269037468 0.5 p-1 -1688087 486
76 165 m2 607510 -0.00801461935 0.5 p-1 -27840 20
147 167 m2 616458 -0.00156679132 0.5 p-1 -42223 27
270 169 m2 618911 0.000186483012 0.5 p-1 -72592 8
214 171 m2 624882 -0.00366866449 0.5 p-1 -64953 27
258 173 m2 631472 0.0115205646 0.5 p-1 -458175 3
19 175 m2 635339 -4.1748458e-06 0.5 p-1 -2341061 1286
228 178 m2 648375 -0.0529712252 0.5 p-1 -10141 3
284 179 m2 655652 -0.00789236557 0.5 p-1 -4694 1
288 180 m2 655873 0.00195011334 0.5 p-1 -3522 1
241 181 m2 659639 -0.00167007546 0.5 p-1 -1007 3
129 183 m2 664413 -0.00359740108 0.5 p-1 -382449 74
273 184 m2 664824 -0.000853701669 0.5 p-1 -22116 3
99 185 m2 671123 -0.00347387465 0.5 p-1 -900122 192
20 186 m2 684723 0.0074491105 0.5 p-1 -1476932 607
77 187 m2 685612 0.0168714207 0.5 p-1 -241441 111
122 188 m2 686715 0.00271209306 0.5 p-1 -307441 72
117 189 m2 689018 0.0172077958 0.5 p-1 -1346700 160
108 191 m2 694567 0.0211351383 0.5 p-1 -837885 495
21 192 m2 695730 0.0112957135 0.5 p-1 -7936355 496
130 193 m2 696327 -1.51484107e-06 0.5 p-1 -6545843 303
22 194 m2 697410 0.00751851825 0.5 p-1 -2545371 1345
135 195 m2 700825 -6.67165295e-05 0.5 p-1 -68418 38
51 198 m2 707198 -0.000159086747 0.5 p-1 -1901596 947
209 199 m2 709584 -0.000295065896 0.5 p-1 -15252 10
52 202 m2 722024 0.000778743939 0.5 p-1 -2458943 518
23 203 m2 725781 0.00223137881 0.5 p-1 -1012241 894
264 205 m2 736940 0.000946892309 0.5 p-1 -57965 1
249 206 m2 739256 -0.0304665081 0.5 p-1 -4511 6
134 207 m2 742171 -0.000167695543 0.5 p-1 -7649714 163
230 208 m2 766820 -0.00020072714 0.5 p-1 -36831 11
221 209 m2 771819 5.69778967e-05 0.5 p-1 -3314 20
25 210 m2 774625 -0.00274267839 0.5 p-1 -4337708 1131
185 212 m2 776220 0.0348825678 0.5 p-1 -1091222 107
109 213 m2 779839 -3.4959412e-05 0.5 p-1 -239874 145
242 215 m2 795943 2.31560643e-05 0.5 p-1 -200544 13
225 216 m2 797967 -0.000571420183 0.5 p-1 -140145 27
54 217 m2 799720 -0.00524971168 0.5 p-1 -7585263 760
160 218 m2 808265 -0.00637884438 0.5 p-1 -22484 7
26 219 m2 811765 -0.000123157282 0.5 p-1 -3168620 1103
118 220 m2 816229 -0.00250739371 0.5 p-1 -56960 123
110 221 m2 816499 -0.0026363635 0.5 p-1 -945784 124
27 222 m2 822163 -0.00040742557 0.5 p-1 -6054548 625
151 224 m2 826098 -0.0431983098 0.5 p-1 -230314 166
186 225 m2 826428 0.014700219 0.5 p-1 -1182729 91
55 227 m2 836283 0.00235693972 0.5 p-1 -2529665 783
28 228 m2 837617 -3.6468879e-09 0.5 p-1 -2744331 1436
254 229 m2 838662 2.02734227e-05 0.5 p-1 -3805 2
29 230 m2 843034 -0.0572108887 0.5 p-1 -3080069 1341
239 233 m2 853993 -0.00206322339 0.5 p-1 -4519 5
30 234 m2 855313 4.32055325e-09 0.5 p-1 -1271737 430
70 235 m2 855981 3.62714272e-05 0.5 p-1 -2135736 508
215 236 m2 856453 -1.42626623e-05 0.5 p-1 -156458 59
31 238 m2 858342 9.23517509e-05 0.5 p-1 -6998150 1427
32 239 m2 862393 -5.08826888e-05 0.5 p-1 -4410508 1548
33 240 m2 871442 0.000741422293 0.5 p-1 -7999787 1857
282 241 m2 874812 -0.0713535771 0.5 p-1 -65188 5
212 243 m2 879361 -0.000609000737 0.5 p-1 -3063 13
131 244 m2 884074 0.0423617586 0.5 p-1 -673334 118
210 245 m2 884142 1.02597332e-05 0.5 p-1 -27806 9
132 249 m2 898604 -0.000113549322 0.5 p-1 -232605 74
56 250 m2 902824 0.00565882074 0.5 p-1 -1693190 1377
222 251 m2 912988 -0.00830478407 0.5 p-1 -44649 14
224 252 m2 914757 -0.0138682071 0.5 p-1 -5421 18
94 254 m2 918991 0.0505549461 0.5 p-1 -776523 343
57 255 m2 920488 1.58749435e-06 0.5 p-1 -1391469 970
35 256 m2 923602 -0.00566233555 0.5 p-1 -1242629 627
103 257 m2 924156 0.0151381381 0.5 p-1 -156190 58
36 258 m2 924865 0.00963921566 0.5 p-1 -659591 972
100 259 m2 926202 0.00136921171 0.5 p-1 -6330735 268
218 260 m2 928408 0.00404685223 0.5 p-1 -150932 19
213 261 m2 932046 0.0139768729 0.5 p-1 -89538 20
196 262 m2 934721 1.50527251e-06 0.5 p-1 -53945 29
104 263 m2 940179 -0.000235358457 0.5 p-1 -6424182 248
256 264 m2 940799 -0.000821208756 0.5 p-1 -10931 4
80 266 m2 950192 -0.000178328308 0.5 p-1 -739306 289
58 267 m2 950284 -6.00159083e-13 0.5 p-1 -4999088 1177
86 268 m2 953364 0.00137918862 0.5 p-1 -7232977 205
198 269 m2 956356 0.0015142411 0.5 p-1 -6228 13
37 270 m2 956696 0.00167249818 0.5 p-1 -336412 338
71 271 m2 957783 1.1891953e-07 0.5 p-1 -2065316 803
59 273 m2 964368 -1.0082706e-06 0.5 p-1 -12331 3
232 274 m2 968344 -0.00863219611 0.5 p-1 -184676 14
142 275 m2 979575 -0.000812348851 0.5 p-1 -47160 57
286 276 m2 980983 8.62321122e-06 0.5 p-1 -300420 5
81 277 m2 984091 0.00655122846 0.5 p-1 -6130959 400
188 278 m2 987808 -0.00160483248 0.5 p-1 -8918 14
60 280 m2 989152 0.059885852 0.5 p-1 -1645488 957
166 281 m2 992083 2.61289781e-08 0.5 p-1 -35383 91
146 282 m2 994207 6.53692496e-06 0.5 p-1 -1573153 110
268 284 m2 220442 0.000309105206 0.5 p0 2 9
265 292 m2 285428 -0.00339882937 0.5 p0 2 3
141 296 m2 560561 -0.000545360963 0.5 p0 2 7
204 297 m2 928055 -0.00551726483 0.5 p0 2 6
250 298 m2 34332 0.00306535629 0.5 p0 2 4
245 306 m2 556295 0.0285425112 0.5 p0 2 4
251 307 m2 297036 -0.000664893421 0.5 p0 2 1
279 310 m2 587238 -0.000304579065 0.5 p0 2 3
236 327 m2 656199 -0.000680077006 0.5 p0 2 6
243 330 m2 694709 0.00554653583 0.5 p0 2 2
272 333 m2 768219 -0.00259994622 0.5 p0 2 8
280 334 m2 251421 -9.53578183e-06 0.5 p0 2 1
269 335 m2 795515 0.0459948406 0.5 p0 2 5
201 336 m2 931332 0.0032972733 0.5 p0 2 3
148 343 m1 2493 0 0.5 p-1 -321907 133
199 344 m1 3279 0 0.5 p-1 -36193 9
155 345 m1 5944 0 0.5 p-1 -3427211 135
217 346 m1 18290 0 0.5 p-1 -181624 103
123 347 m1 19008 0 0.5 p-1 -1407767 184
283 348 m1 22706 -0 0.5 p-1 -6288 2
152 349 m1 62891 -0 0.5 p-1 -388785 97
1 351 m1 78971 -0 0.5 p-1 -11428470 1890
275 352 m1 84641 0 0.5 p-1 -78491 1
191 353 m1 104743 0 0.5 p-1 -418396 69
227 354 m1 113161 -0 0.5 p-1 -4998 14
62 355 m1 119707 -0 0.5 p-1 -424294 450
138 357 m1 149936 -0 0.5 p-1 -33339 6
240 358 m1 151704 -0 0.5 p-1 -85129 10
102 359 m1 151888 -0 0.5 p-1 -1785618 446
8 361 m1 172012 -0 0.5 p-1 -7675407 1867
162 363 m1 199417 -0 0.5 p-1 -483717 29
9 365 m1 209126 -0 0.5 p-1 -7020877 1352
133 366 m1 215941 -0 0.5 p-1 -357751 53
178 367 m1 216866 0 0.5 p-1 -38479 27
179 368 m1 220925 -0 0.5 p-1 -2198744 40
200 369 m1 222122 0 0.5 p-1 -29496 19
44 371 m1 240281 -0 0.5 p-1 -3888158 1370
88 372 m1 250108 0 0.5 p-1 -402976 246
195 373 m1 259925 -0 0.5 p-1 -118814 26
260 374 m1 260876 0 0.5 p-1 -3348 1
252 375 m1 303924 -0 0.5 p-1 -24190 1
291 376 m1 313069 0 0.5 p-1 -21521 1
182 377 m1 342970 0 0.5 p-1 -408693 27
139 378 m1 343207 -0 0.5 p-1 -336422 193
219 379 m1 347356 -0 0.5 p-1 -727829 57
281 380 m1 363712 0 0.5 p-1 -1228741 5
107 381 m1 372300 -0 0.5 p-1 -668573 181
145 383 m1 394736 -0 0.5 p-1 -1168305 39
164 384 m1 411313 0 0.5 p-1 -85477 103
165 385 m1 418331 0 0.5 p-1 -221570 65
111 386 m1 438850 0 0.5 p-1 -936593 95
173 387 m1 458943 -0 0.5 p-1 -2169 11
47 389 m1 466700 -0 0.5 p-1 -358555 262
75 391 m1 485307 0 0.5 p-1 -989519 786
169 392 m1 492234 0 0.5 p-1 -173994 16
189 393 m1 514296 -0 0.5 p-1 -101310 36
163 394 m1 527651 -0 0.5 p-1 -124122 24
115 396 m1 549015 0 0.5 p-1 -1877700 221
116 397 m1 549150 0 0.5 p-1 -2185815 221
192 398 m1 550648 0 0.5 p-1 -3439354 92
17 399 m1 563747 0 0.5 p-1 -3043930 760
168 400 m1 597471 -0 0.5 p-1 -3983106 37
267 401 m1 602470 0 0.5 p-1 -87070 19
193 402 m1 627357 -0 0.5 p-1 -14543 17
121 403 m1 650258 0 0.5 p-1 -421359 206
202 405 m1 674995 0 0.5 p-1 -54517 21
92 406 m1 681049 -0 0.5 p-1 -423187 413
290 407 m1 698824 0 0.5 p-1 -27983 1
171 408 m1 716528 -0 0.5 p-1 -516615 43
197 409 m1 721037 0 0.5 p-1 -20197 18
136 410 m1 722923 -0 0.5 p-1 -165430 151
53 411 m1 735436 0 0.5 p-1 -740955 131
78 412 m1 744250 0 0.5 p-1 -202752 32
24 413 m1 764333 0 0.5 p-1 -507803 232
216 415 m1 769651 0 0.5 p-1 -174857 6
79 416 m1 789378 0 0.5 p-1 -10164 15
177 418 m1 813412 0 0.5 p-1 -1349089 137
69 420 m1 828028 0 0.5 p-1 -491176 471
93 421 m1 846950 0 0.5 p-1 -113874 71
259 422 m1 860571 0 0.5 p-1 -25206 4
34 423 m1 883379 0 0.5 p-1 -3936639 997
190 427 m1 942195 -0 0.5 p-1 -45017 10
101 430 m1 950896 -0 0.5 p-1 -192383 205
244 432 m1 976293 -0 0.5 p-1 -16991 5
82 433 m1 987125 0 0.5 p-1 -201786 56
194 434 m1 989477 0 0.5 p-1 -93515 60
