Temp_ID Permanent_ID Mutation_type Position s h Subpop Tick Number
402 0 m2 721 0.0367672369 0.5 p-1 -59839 35
439 1 m2 2116 -0.0472587273 0.5 p-1 -3626 6
619 3 m2 5792 -0.0378723927 0.5 p-1 -71261 13
526 4 m2 6434 0.00326504419 0.5 p-1 -7669 9
0 5 m2 7084 0.00466344226 0.5 p-1 -7334029 1288
248 6 m2 7394 0.00128649233 0.5 p-1 -1820153 669
286 12 m2 17223 -0.0348559618 0.5 p-1 -1274681 219
382 13 m2 17458 0.0204343982 0.5 p-1 -33573 66
336 14 m2 17647 -0.000272352598 0.5 p-1 -171902 183
216 15 m2 18623 -0.00830623228 0.5 p-1 -571404 51
389 17 m2 23413 0.00686021941 0.5 p-1 -3410 5
487 18 m2 24841 -0.0105093149 0.5 p-1 -13025 11
509 19 m2 25276 0.000130594432 0.5 p-1 -18858 1
343 20 m2 26571 5.17327462e-05 0.5 p-1 -132844 152
337 21 m2 28713 -2.98086998e-05 0.5 p-1 -11782 50
2 23 m2 29118 0.000506775454 0.5 p-1 -5989140 1368
455 26 m2 43230 0.000607388385 0.5 p-1 -220521 37
329 27 m2 44508 0.0125428271 0.5 p-1 -139150 52
3 28 m2 44785 0.00472816639 0.5 p-1 -16600849 1649
98 29 m2 47269 -0.0019915523 0.5 p-1 -2304406 562
233 32 m2 54447 -0.0221719425 0.5 p-1 -25482 20
545 33 m2 58356 -0.00826273579 0.5 p-1 -38119 26
249 34 m2 59562 -5.66541894e-06 0.5 p-1 -152835 74
350 36 m2 61265 -0.00155333139 0.5 p-1 -73150 13
99 38 m2 63262 1.49645167e-08 0.5 p-1 -273291 233
490 40 m2 74205 -0.000530584948 0.5 p-1 -946058 13
196 41 m2 74583 0.000818812987 0.5 p-1 -1600725 315
636 44 m2 86712 -4.21353434e-06 0.5 p-1 -131087 3
251 45 m2 87073 0.00605573272 0.5 p-1 -5251554 101
100 46 m2 88887 0.0220702291 0.5 p-1 -918360 563
557 47 m2 90281 -0.00211857748 0.5 p-1 -11246 9
450 49 m2 92965 -0.00720075704 0.5 p-1 -1054093 22
4 50 m2 93262 0.000120198762 0.5 p-1 -2229720 1261
528 51 m2 93480 -0.00015045637 0.5 p-1 -104266 8
537 52 m2 93614 -0.000375578151 0.5 p-1 -5886 6
546 54 m2 97381 -0.00484563364 0.5 p-1 -62133 22
5 55 m2 97416 -7.93795771e-05 0.5 p-1 -4220411 1766
379 56 m2 99758 0.0139321908 0.5 p-1 -465327 96
143 57 m2 102182 0.0016249154 0.5 p-1 -15743 42
571 58 m2 104469 -0.0427611731 0.5 p-1 -323749 26
101 59 m2 104918 0.005927525 0.5 p-1 -98781 66
172 60 m2 108248 -0.0090210028 0.5 p-1 -1177064 575
396 61 m2 112563 -0.00235146191 0.5 p-1 -30502 3
411 62 m2 117085 0.0597604699 0.5 p-1 -24664 59
264 63 m2 122001 -0.00793132652 0.5 p-1 -5048728 524
579 65 m2 127842 0.000565220194 0.5 p-1 -7778 2
395 66 m2 128359 0.00459732208 0.5 p-1 -730293 14
648 67 m2 129215 0.0139438417 0.5 p-1 -9122 3
144 68 m2 129377 -0.0866003484 0.5 p-1 -733583 397
307 69 m2 129521 0.0074256286 0.5 p-1 -411606 23
102 71 m2 133074 0.00590852555 0.5 p-1 -2213440 1444
173 72 m2 134240 0.00268957904 0.5 p-1 -18912 61
620 73 m2 134852 -0.0190713387 0.5 p-1 -3069 2
452 74 m2 135172 0.000944228843 0.5 p-1 -101747 38
321 75 m2 135384 -0.00490237074 0.5 p-1 -1334634 123
6 76 m2 138890 -0.000366901222 0.5 p-1 -1562415 924
104 77 m2 140290 -0.00294989371 0.5 p-1 -2456679 205
614 79 m2 141220 0.000331641932 0.5 p-1 -16360 11
105 80 m2 141307 0.026826987 0.5 p-1 -105315 109
479 81 m2 144608 0.0169158913 0.5 p-1 -752 7
474 82 m2 147058 0.0675093234 0.5 p-1 -240377 30
475 83 m2 148825 -0.01273097 0.5 p-1 -1238539 33
451 86 m2 157308 0.000733451569 0.5 p-1 -2637298 23
322 88 m2 160637 -0.000346645305 0.5 p-1 -31639 24
106 89 m2 161419 -0.000204856944 0.5 p-1 -2528341 499
175 90 m2 161428 -0.000313316908 0.5 p-1 -734068 410
499 91 m2 161479 -0.0639886707 0.5 p-1 -96941 17
344 92 m2 165134 -0.00160223013 0.5 p-1 -520576 85
601 94 m2 165393 0.00232551526 0.5 p-1 -711 3
345 95 m2 166169 -1.29232767e-05 0.5 p-1 -62161 84
145 96 m2 168709 -6.71046837e-06 0.5 p-1 -620038 498
577 98 m2 173653 -0.000843196467 0.5 p-1 -1986980 16
590 99 m2 175285 0.00224344572 0.5 p-1 -70282 20
456 100 m2 175414 0.0173299089 0.5 p-1 -234952 30
346 101 m2 175842 -0.0359143019 0.5 p-1 -442356 72
278 102 m2 177308 0.000160842086 0.5 p-1 -1322717 34
480 103 m2 179200 -0.0020864394 0.5 p-1 -48487 7
12 104 m2 183747 -0.000207398625 0.5 p-1 -855511 497
146 105 m2 184727 -2.44889579e-05 0.5 p-1 -3952516 882
331 107 m2 185409 -0.00150570658 0.5 p-1 -101455 120
13 111 m2 190886 0.0064944895 0.5 p-1 -692062 383
534 112 m2 193064 0.000434658577 0.5 p-1 -5528 2
457 113 m2 193638 0.00522919698 0.5 p-1 -125284 25
593 114 m2 195215 0.00142817991 0.5 p-1 -11038 6
14 115 m2 199508 -0.000497973058 0.5 p-1 -2259260 1156
446 116 m2 202996 0.0028136184 0.5 p-1 -49129 17
407 117 m2 204992 -0.0090745464 0.5 p-1 -344318 61
536 119 m2 209965 0.00153324602 0.5 p-1 -340113 34
15 120 m2 211936 1.82917756e-05 0.5 p-1 -2521425 1609
220 123 m2 214217 0.00162692659 0.5 p-1 -70514 71
16 125 m2 218844 0.00124962488 0.5 p-1 -5262129 1331
287 126 m2 221075 -0.0324956253 0.5 p-1 -2197818 296
530 129 m2 226648 -4.92495246e-07 0.5 p-1 -72355 13
107 130 m2 228866 0.000285357732 0.5 p-1 -1777119 802
222 133 m2 230892 -0.00566951279 0.5 p-1 -199062 240
575 134 m2 231045 -2.80614334e-11 0.5 p-1 -50008 25
592 135 m2 231258 0.0184423793 0.5 p-1 -5761 3
397 136 m2 231539 -0.0106886961 0.5 p-1 -143211 67
635 137 m2 233825 -0.022484567 0.5 p-1 -432915 3
589 138 m2 234913 0.000505438307 0.5 p-1 -32048 8
265 139 m2 236786 -0.00348043372 0.5 p-1 -6639633 265
667 143 m2 245689 -0.00154995034 0.5 p-1 -22673 1
17 144 m2 245713 -0.00231324928 0.5 p-1 -197730 252
492 145 m2 246320 0.0028417299 0.5 p-1 -416220 19
547 146 m2 246339 -0.00436365884 0.5 p-1 -57364 21
302 149 m2 253835 6.72675305e-05 0.5 p-1 -451096 190
279 150 m2 255068 0.00212018937 0.5 p-1 -547184 221
18 151 m2 255536 -0.0619043037 0.5 p-1 -15601236 1576
148 152 m2 256177 -5.7376343e-07 0.5 p-1 -2070262 149
488 153 m2 260663 -0.00490918523 0.5 p-1 -167290 39
19 154 m2 261811 0.00289403927 0.5 p-1 -3120079 400
308 155 m2 265241 0.06892775 0.5 p-1 -1057662 146
351 156 m2 265630 -0.000662966573 0.5 p-1 -282812 101
109 157 m2 265848 0.00940385275 0.5 p-1 -285025 158
235 158 m2 268553 0.229444295 0.5 p-1 -4964 21
447 159 m2 276686 -0.0659261718 0.5 p-1 -27070 5
352 160 m2 278344 2.05297401e-05 0.5 p-1 -657743 218
110 161 m2 278354 0.0238216296 0.5 p-1 -433471 353
111 162 m2 278562 -0.00018775824 0.5 p-1 -772118 844
177 164 m2 280194 -0.000755497196 0.5 p-1 -4415061 562
366 165 m2 280571 5.42571797e-05 0.5 p-1 -103181 49
412 167 m2 283331 -0.0128542148 0.5 p-1 -17854 34
21 168 m2 283579 0.000346718967 0.5 p-1 -1662647 472
413 169 m2 285482 -0.00502041215 0.5 p-1 -19494 34
22 170 m2 285826 0.0299567468 0.5 p-1 -2341724 1844
642 171 m2 286479 0.0111050634 0.5 p-1 -39206 6
200 172 m2 286819 -0.00552818691 0.5 p-1 -9082459 510
23 173 m2 287710 0.00639738515 0.5 p-1 -8572589 1570
24 174 m2 292246 -0.00644627586 0.5 p-1 -6275030 1731
467 175 m2 293507 0.0119308196 0.5 p-1 -16572 8
390 176 m2 296959 -0.0240487121 0.5 p-1 -91114 22
543 177 m2 297802 -0.000571624667 0.5 p-1 -128152 13
367 178 m2 298481 -0.00150326302 0.5 p-1 -127197 19
25 179 m2 303480 0.00247535785 0.5 p-1 -895303 179
338 180 m2 303839 0.0190662574 0.5 p-1 -150713 75
513 182 m2 307310 -0.000455596164 0.5 p-1 -1211 5
281 183 m2 308487 0.00699533336 0.5 p-1 -664792 447
266 184 m2 309021 -2.87946095e-05 0.5 p-1 -139211 36
149 185 m2 310751 2.29070374e-05 0.5 p-1 -441140 196
600 186 m2 313983 0.000460850366 0.5 p-1 -706942 14
27 187 m2 316819 -0.0728703588 0.5 p-1 -3587424 1649
409 188 m2 317227 0.00506517058 0.5 p-1 -154236 57
332 189 m2 318367 -0.0215729009 0.5 p-1 -497798 336
401 191 m2 323398 -5.40482797e-05 0.5 p-1 -143144 69
610 193 m2 324530 0.00496226177 0.5 p-1 -11606 2
517 194 m2 326828 7.9638281e-05 0.5 p-1 -8519 5
470 195 m2 329082 0.000618495978 0.5 p-1 -386310 46
150 197 m2 331770 -0.0185672864 0.5 p-1 -705532 1115
293 199 m2 334490 0.0359217599 0.5 p-1 -116496 213
29 201 m2 337413 -0.00990344584 0.5 p-1 -3441177 1648
391 202 m2 338795 -0.000670476293 0.5 p-1 -186328 158
113 203 m2 346545 -0.00371966325 0.5 p-1 -9381647 715
538 204 m2 347096 -0.00334043126 0.5 p-1 -46478 12
453 206 m2 348473 -0.00245655444 0.5 p-1 -43554 45
603 207 m2 349950 -0.0377432555 0.5 p-1 -6709 5
114 209 m2 351300 0.00174388057 0.5 p-1 -3495435 330
151 210 m2 352476 0.0540271811 0.5 p-1 -2507065 777
30 211 m2 352642 0.000240470094 0.5 p-1 -5479257 1358
179 213 m2 355105 0.000180674586 0.5 p-1 -6664238 500
115 214 m2 355633 0.0834630579 0.5 p-1 -2337767 701
116 215 m2 357430 -0.00930308364 0.5 p-1 -1517495 491
31 217 m2 363231 0.00123964809 0.5 p-1 -2246296 1794
347 218 m2 363973 0.00828250404 0.5 p-1 -74017 22
32 219 m2 366147 -0.0354698747 0.5 p-1 -3205284 218
152 220 m2 367685 -0.000376205979 0.5 p-1 -6252738 888
153 221 m2 368220 0.00455844542 0.5 p-1 -1062300 133
553 222 m2 377667 -0.00940978061 0.5 p-1 -76730 5
573 225 m2 379598 -0.00482107559 0.5 p-1 -1590 7
403 226 m2 379608 7.25132995e-05 0.5 p-1 -77207 39
33 227 m2 379687 0.000148729145 0.5 p-1 -4108571 1742
550 228 m2 380780 -0.0138614913 0.5 p-1 -319500 13
423 229 m2 382729 0.000626471185 0.5 p-1 -70228 21
454 231 m2 383826 -0.00118271087 0.5 p-1 -21858 4
236 232 m2 385157 -0.000816640153 0.5 p-1 -197860 64
643 234 m2 388706 0.0182805005 0.5 p-1 -29572 2
34 235 m2 389212 0.0891478658 0.5 p-1 -8517580 1349
117 236 m2 390181 0.00548579916 0.5 p-1 -1948135 1345
118 237 m2 391776 0.00808022171 0.5 p-1 -2202049 707
477 238 m2 392653 -0.0107064182 0.5 p-1 -340513 57
404 240 m2 397915 0.000227462646 0.5 p-1 -1519014 56
629 241 m2 398019 -0.000208467216 0.5 p-1 -35464 5
119 242 m2 401939 0.00745136989 0.5 p-1 -2262423 413
120 244 m2 408033 2.24218957e-06 0.5 p-1 -296956 42
121 245 m2 409858 0.0653221533 0.5 p-1 -1021678 167
237 246 m2 410364 -0.000155691348 0.5 p-1 -340972 159
238 248 m2 412861 -0.0475163162 0.5 p-1 -2444133 502
405 249 m2 414977 -0.00220697513 0.5 p-1 -620331 107
486 250 m2 415534 -0.000366445922 0.5 p-1 -106657 48
444 251 m2 416216 -0.000281767425 0.5 p-1 -13322 7
224 254 m2 418086 0.00276125548 0.5 p-1 -915164 231
349 255 m2 418638 -0.057972949 0.5 p-1 -1364195 83
541 257 m2 420257 -8.89698858e-05 0.5 p-1 -70352 59
441 259 m2 424395 0.00570453051 0.5 p-1 -11498 8
35 262 m2 427353 0.0128747365 0.5 p-1 -2293626 398
36 263 m2 428704 -7.51359985e-05 0.5 p-1 -2216204 1022
417 264 m2 429515 -0.00571175199 0.5 p-1 -225819 12
510 265 m2 429581 -0.000647675304 0.5 p-1 -8479 1
315 266 m2 430737 0.00413258933 0.5 p-1 -93125 55
37 268 m2 432897 -0.0109374039 0.5 p-1 -1570316 1282
181 269 m2 434312 0.0118551394 0.5 p-1 -52268 67
38 270 m2 438562 0.00950088259 0.5 p-1 -1683955 757
268 271 m2 438720 -0.0140495272 0.5 p-1 -495062 213
252 272 m2 439066 -0.0130756842 0.5 p-1 -494232 181
324 273 m2 439332 -0.0766064674 0.5 p-1 -158224 35
39 274 m2 440106 0.0367017239 0.5 p-1 -8860294 1969
524 276 m2 441608 0.0155414632 0.5 p-1 -4951 5
659 278 m2 446107 -0.00158114382 0.5 p-1 -15629 1
41 279 m2 448475 1.19148854e-05 0.5 p-1 -2535504 780
559 281 m2 454886 0.000673637667 0.5 p-1 -9564 4
225 282 m2 456402 -0.000424035767 0.5 p-1 -410507 396
239 283 m2 456513 -1.27886415e-06 0.5 p-1 -1154877 74
288 287 m2 465190 -0.00947138947 0.5 p-1 -267456 154
253 288 m2 466129 -6.84756305e-05 0.5 p-1 -305136 205
240 289 m2 466772 0.0015648104 0.5 p-1 -139671 48
43 290 m2 469753 0.0129335113 0.5 p-1 -101675 71
123 291 m2 470061 -0.00819658209 0.5 p-1 -673284 106
226 293 m2 474272 0.0205019787 0.5 p-1 -86470 76
568 294 m2 475428 -0.0219421778 0.5 p-1 -38782 7
448 295 m2 479595 -0.00348484889 0.5 p-1 -163547 9
304 297 m2 481361 0.000442025979 0.5 p-1 -13212 6
535 298 m2 485775 -0.0193070881 0.5 p-1 -210081 20
155 299 m2 485810 -0.00219390611 0.5 p-1 -412880 482
398 300 m2 487674 0.000231060927 0.5 p-1 -467232 75
44 301 m2 491497 0.0182133522 0.5 p-1 -642171 102
203 302 m2 491761 -0.00228589843 0.5 p-1 -692562 23
45 304 m2 492624 -0.0010737764 0.5 p-1 -3159029 1713
596 305 m2 492632 -0.00190940883 0.5 p-1 -2946 2
156 307 m2 497982 -7.02286634e-05 0.5 p-1 -1863885 407
501 308 m2 498062 -8.54259179e-06 0.5 p-1 -432667 19
309 309 m2 499368 0.0165479407 0.5 p-1 -399902 108
340 310 m2 501219 0.00146146084 0.5 p-1 -1653283 404
341 312 m2 501459 0.000206219542 0.5 p-1 -1004344 410
228 313 m2 502080 -2.24156679e-07 0.5 p-1 -2033266 851
184 315 m2 504041 -0.015747847 0.5 p-1 -1667900 814
241 316 m2 505650 -0.00287163258 0.5 p-1 -822619 122
242 317 m2 508575 -0.00128152943 0.5 p-1 -1243633 354
511 319 m2 512653 0.01197288 0.5 p-1 -5579403 112
631 321 m2 516932 0.00677417405 0.5 p-1 -30367 2
124 322 m2 517099 0.000395474548 0.5 p-1 -3522227 1435
46 323 m2 518127 0.000467627397 0.5 p-1 -3023740 1571
125 324 m2 518215 -0.00189840398 0.5 p-1 -2756789 231
126 325 m2 520321 -0.000764393946 0.5 p-1 -197397 274
428 326 m2 523966 0.000767801946 0.5 p-1 -392813 74
478 328 m2 525302 0.000866621616 0.5 p-1 -280424 16
269 329 m2 526769 -0.00268664397 0.5 p-1 -836545 25
525 330 m2 527112 0.0130593376 0.5 p-1 -21292 14
399 332 m2 528148 2.60382915e-08 0.5 p-1 -37129 39
185 333 m2 529630 0.0444671325 0.5 p-1 -836587 453
47 335 m2 534078 1.58926214e-05 0.5 p-1 -591033 1294
514 336 m2 534309 0.000919557177 0.5 p-1 -4237597 25
408 340 m2 537501 0.0217628926 0.5 p-1 -75077 24
516 342 m2 539065 -2.16000831e-06 0.5 p-1 -355310 16
48 343 m2 539183 -6.38573983e-05 0.5 p-1 -4148488 1246
656 344 m2 540255 0.000853276579 0.5 p-1 -1240087 5
429 346 m2 543054 -0.00861125905 0.5 p-1 -119862 31
515 347 m2 544107 -4.88389276e-08 0.5 p-1 -9686 5
127 348 m2 544489 0.0191723406 0.5 p-1 -280391 203
498 349 m2 545272 0.00851268973 0.5 p-1 -52069 27
157 351 m2 551709 0.000194581124 0.5 p-1 -3254930 1475
49 354 m2 558157 -0.00237179897 0.5 p-1 -3005076 1846
50 355 m2 558210 9.1853457e-05 0.5 p-1 -2131109 1531
51 358 m2 564279 -0.0229032896 0.5 p-1 -2573421 1481
519 359 m2 565036 0.0323526263 0.5 p-1 -50984 32
491 360 m2 571315 -0.0091728894 0.5 p-1 -19055 8
483 361 m2 571901 0.00335676968 0.5 p-1 -70529 77
484 362 m2 573864 0.00665109651 0.5 p-1 -223775 47
572 363 m2 574019 -4.88449565e-08 0.5 p-1 -23701 2
316 364 m2 574906 -0.00723615289 0.5 p-1 -702051 246
442 365 m2 575707 0.00306757074 0.5 p-1 -86947 48
52 366 m2 576120 -0.000810972997 0.5 p-1 -6042624 1987
654 367 m2 580421 0.0141078653 0.5 p-1 -93697 1
503 368 m2 580523 -0.00137608906 0.5 p-1 -121916 16
204 369 m2 582614 0.000392654503 0.5 p-1 -4765198 643
443 370 m2 583156 -2.55437751e-08 0.5 p-1 -138619 69
186 373 m2 587385 0.0115199536 0.5 p-1 -1274294 696
431 374 m2 588263 1.20171208e-05 0.5 p-1 -4006837 35
353 375 m2 590592 -0.000161830962 0.5 p-1 -199064 84
469 377 m2 591660 0.0253279824 0.5 p-1 -15283 12
625 379 m2 592692 0.00107160723 0.5 p-1 -60363 3
158 380 m2 594512 0.0257553309 0.5 p-1 -31659 38
418 383 m2 596108 0.0156774074 0.5 p-1 -210159 22
54 384 m2 597008 0.0386887342 0.5 p-1 -362492 435
55 385 m2 597123 0.00157286599 0.5 p-1 -950852 435
472 387 m2 599320 0.000729140418 0.5 p-1 -102871 21
554 389 m2 601328 -0.000163592253 0.5 p-1 -99060 15
271 390 m2 603443 0.0111176446 0.5 p-1 -413259 143
464 392 m2 605491 -0.0179729294 0.5 p-1 -15061 7
56 395 m2 607448 0.00153737154 0.5 p-1 -2782776 599
580 397 m2 608965 1.4690256e-10 0.5 p-1 -6279 2
325 398 m2 609597 -5.40695844e-09 0.5 p-1 -203267 20
206 399 m2 618571 0.010104469 0.5 p-1 -525624 111
295 401 m2 625893 0.000185496494 0.5 p-1 -34011 45
162 402 m2 626697 0.000317423779 0.5 p-1 -1469510 969
58 404 m2 631167 -1.70833676e-08 0.5 p-1 -622426 501
419 406 m2 638237 0.00605017412 0.5 p-1 -138039 35
567 407 m2 641382 -1.31747302e-05 0.5 p-1 -31766 2
666 408 m2 645871 -3.72515494e-08 0.5 p-1 -32288 2
59 409 m2 646139 0.0011422867 0.5 p-1 -6541699 1651
317 411 m2 648347 -0.00392212206 0.5 p-1 -41100 2
384 412 m2 648486 1.17100751e-09 0.5 p-1 -1528049 91
187 413 m2 648599 0.0140737565 0.5 p-1 -7233 6
163 415 m2 650776 0.0843149424 0.5 p-1 -455205 274
655 416 m2 651421 0.00158511556 0.5 p-1 -3323 4
376 420 m2 662068 0.0188297555 0.5 p-1 -361990 144
129 424 m2 665970 0.000389410037 0.5 p-1 -1859424 1171
421 425 m2 669742 -0.023469219 0.5 p-1 -353747 140
422 427 m2 670837 0.01069686 0.5 p-1 -37761 42
229 428 m2 670887 1.55232792e-05 0.5 p-1 -7965243 901
633 429 m2 671755 0.00036031616 0.5 p-1 -6024 3
668 430 m2 675555 -0.0165986437 0.5 p-1 -1145903 1
130 432 m2 677627 0.00176119048 0.5 p-1 -2361518 651
318 433 m2 678596 0.00375550799 0.5 p-1 -415866 80
435 434 m2 678725 0.00984909385 0.5 p-1 -15492 7
424 437 m2 685202 0.00537781185 0.5 p-1 -85259 72
361 438 m2 685484 -0.00169832399 0.5 p-1 -205144 56
410 440 m2 687521 0.0216193143 0.5 p-1 -8649 32
393 441 m2 689034 0.00530206552 0.5 p-1 -1209606 219
255 445 m2 695368 -0.0484735593 0.5 p-1 -4495043 168
296 446 m2 695817 -0.0111675989 0.5 p-1 -745558 130
61 447 m2 695867 8.44616079e-06 0.5 p-1 -1525810 421
131 448 m2 697067 -0.000164871002 0.5 p-1 -1513328 257
354 450 m2 698143 0.000714439666 0.5 p-1 -67517 37
377 451 m2 699477 -1.18955018e-06 0.5 p-1 -540772 405
311 452 m2 700856 0.000853136356 0.5 p-1 -1025530 169
273 453 m2 702431 -0.00126588799 0.5 p-1 -2109731 248
63 454 m2 703487 -0.000489730795 0.5 p-1 -745057 154
274 456 m2 703872 -0.000659480516 0.5 p-1 -2355946 294
584 457 m2 703956 0.00108484935 0.5 p-1 -36012 9
132 458 m2 707049 -0.0036483265 0.5 p-1 -2449163 1110
563 459 m2 714078 -0.0067054173 0.5 p-1 -81778 9
481 460 m2 716072 -0.0102118114 0.5 p-1 -118031 20
188 462 m2 721035 2.21569274e-09 0.5 p-1 -90974 85
373 464 m2 723527 -0.00875707157 0.5 p-1 -321763 48
622 465 m2 726255 0.0478486009 0.5 p-1 -3960 1
438 466 m2 727850 -0.00490943063 0.5 p-1 -28527 14
64 467 m2 730847 -0.000664375024 0.5 p-1 -3014822 1953
400 468 m2 731208 -7.36664588e-05 0.5 p-1 -45149 46
560 469 m2 731685 -0.00175143266 0.5 p-1 -17985 9
355 470 m2 732724 6.25763932e-05 0.5 p-1 -726573 118
134 472 m2 736258 -0.0190322064 0.5 p-1 -5048043 1237
65 474 m2 738150 0.0127267698 0.5 p-1 -2872269 335
506 475 m2 738405 7.03978949e-05 0.5 p-1 -10938 3
66 477 m2 740963 -0.0100335665 0.5 p-1 -3120911 1211
626 478 m2 745746 -0.00841494184 0.5 p-1 -2241 2
244 479 m2 746207 -0.00914682727 0.5 p-1 -2641400 307
661 481 m2 746916 2.92954919e-05 0.5 p-1 -21697 1
67 483 m2 747821 -6.60991718e-05 0.5 p-1 -1962493 1504
482 484 m2 749613 -3.63834297e-05 0.5 p-1 -65639 17
647 485 m2 751171 -0.000736475631 0.5 p-1 -37540 3
432 486 m2 751317 -0.0170185324 0.5 p-1 -610322 34
207 487 m2 752090 -2.39130732e-05 0.5 p-1 -230947 129
356 488 m2 752444 0.0119851194 0.5 p-1 -578870 16
587 489 m2 753752 -0.00726637058 0.5 p-1 -88977 6
256 490 m2 754106 -0.00122712948 0.5 p-1 -1686865 228
551 491 m2 754254 -0.0014127891 0.5 p-1 -203822 11
68 492 m2 754505 8.4647418e-08 0.5 p-1 -132269 29
425 493 m2 755496 0.00808463711 0.5 p-1 -317498 6
385 494 m2 761474 4.38344068e-06 0.5 p-1 -934003 135
71 495 m2 766856 0.00108844216 0.5 p-1 -2491168 966
135 496 m2 767143 -0.00616047345 0.5 p-1 -1551746 745
669 497 m2 768855 -5.83671645e-05 0.5 p-1 -584 1
386 499 m2 773753 1.24660369e-06 0.5 p-1 -193034 35
136 500 m2 779542 -0.00206690701 0.5 p-1 -1075038 752
465 501 m2 781491 -0.00080143183 0.5 p-1 -214475 37
72 502 m2 782966 -0.0009845366 0.5 p-1 -2138065 1823
137 503 m2 784303 4.39536102e-10 0.5 p-1 -1272699 419
73 504 m2 785652 0.000103048522 0.5 p-1 -2469119 1175
381 506 m2 789214 0.000326337788 0.5 p-1 -210467 73
521 508 m2 790310 0.00810601935 0.5 p-1 -17584 11
275 509 m2 790793 0.000134060436 0.5 p-1 -4119984 502
333 511 m2 792865 -0.00344354287 0.5 p-1 -13141 11
305 513 m2 796721 -0.0108546335 0.5 p-1 -152775 31
363 514 m2 797075 0.0866204873 0.5 p-1 -631167 145
138 515 m2 799449 0.0746917725 0.5 p-1 -882526 1204
312 516 m2 800148 1.68458483e-10 0.5 p-1 -16948 34
210 517 m2 801345 0.00563838053 0.5 p-1 -1180569 937
644 519 m2 802844 -0.0622046851 0.5 p-1 -150084 1
74 520 m2 803058 0.000647892884 0.5 p-1 -6222079 1210
306 521 m2 804577 0.0253079776 0.5 p-1 -1252325 257
230 522 m2 804784 -0.000760503113 0.5 p-1 -8551 22
574 524 m2 806128 6.88752407e-05 0.5 p-1 -37002 11
75 525 m2 813395 0.00274679181 0.5 p-1 -1514982 346
583 526 m2 813782 -1.02901785e-08 0.5 p-1 -16432 14
76 527 m2 816199 -0.000187109705 0.5 p-1 -107953 32
77 528 m2 816697 -0.00952365249 0.5 p-1 -6002182 1756
458 529 m2 817648 -0.000671456684 0.5 p-1 -153708 38
258 531 m2 820157 8.12842518e-06 0.5 p-1 -885836 160
581 532 m2 821117 0.000494694337 0.5 p-1 -11883 4
211 533 m2 821281 -0.0110253431 0.5 p-1 -3509253 1247
544 535 m2 829355 -0.00961565971 0.5 p-1 -28146 11
212 536 m2 831400 -0.00040661986 0.5 p-1 -736135 415
165 537 m2 832322 0.000318078091 0.5 p-1 -10254818 266
191 538 m2 833273 3.09228221e-06 0.5 p-1 -896124 427
426 539 m2 833360 0.000293554738 0.5 p-1 -75311 30
561 540 m2 833537 -0.00420460571 0.5 p-1 -2153 3
192 541 m2 833956 -0.0220490582 0.5 p-1 -1499953 454
459 544 m2 843136 0.00788052008 0.5 p-1 -13895249 163
576 545 m2 843282 -0.00803165138 0.5 p-1 -29382 5
605 546 m2 843833 5.77816172e-05 0.5 p-1 -2551 2
494 547 m2 847090 -0.00319584389 0.5 p-1 -1381759 40
259 548 m2 849390 0.00344906002 0.5 p-1 -734575 372
449 549 m2 849613 0.000114959817 0.5 p-1 -1305145 15
430 552 m2 859257 -0.00302182534 0.5 p-1 -2153443 32
570 553 m2 860048 -0.0210795421 0.5 p-1 -276605 2
602 554 m2 860972 0.000185816345 0.5 p-1 -6535 3
291 555 m2 861903 0.00163657148 0.5 p-1 -325192 110
292 556 m2 862197 -0.00401427085 0.5 p-1 -243069 114
79 559 m2 868131 1.89990203e-06 0.5 p-1 -8826292 1989
621 560 m2 868783 4.43240679e-05 0.5 p-1 -4913 2
80 563 m2 870022 -0.000164082478 0.5 p-1 -2593385 1640
166 564 m2 870712 -1.43897364e-06 0.5 p-1 -120001 71
588 565 m2 873836 -0.00781272445 0.5 p-1 -16583 4
245 566 m2 874740 -0.00449644262 0.5 p-1 -1773276 225
139 568 m2 879596 2.33261653e-05 0.5 p-1 -12234642 395
327 569 m2 879918 0.00013684752 0.5 p-1 -100396 141
82 570 m2 884534 -0.0696520656 0.5 p-1 -11950600 427
231 572 m2 887847 0.0233321488 0.5 p-1 -960358 324
335 573 m2 888974 -5.0941806e-05 0.5 p-1 -836235 44
298 574 m2 897736 -0.0218317937 0.5 p-1 -1152985 364
555 575 m2 900844 0.000899236999 0.5 p-1 -41449 10
84 576 m2 901069 -6.4215601e-06 0.5 p-1 -1565473 1380
650 577 m2 901995 0.00172610243 0.5 p-1 -2443 3
214 578 m2 904417 0.000126512721 0.5 p-1 -2223453 61
140 581 m2 908476 0.00175224349 0.5 p-1 -2164618 551
232 582 m2 908885 2.6202928e-05 0.5 p-1 -748961 65
612 583 m2 910305 -2.09756963e-05 0.5 p-1 -4151 3
141 584 m2 914544 -7.0405702e-05 0.5 p-1 -387373 112
85 585 m2 918914 0.00353322108 0.5 p-1 -2317412 1024
86 586 m2 919769 -0.000113122842 0.5 p-1 -3080220 195
549 587 m2 919811 0.00107513706 0.5 p-1 -1576 16
215 588 m2 921854 3.79658047e-07 0.5 p-1 -306940 151
651 589 m2 924833 0.00387251866 0.5 p-1 -1913 2
87 590 m2 927265 -0.0153820077 0.5 p-1 -2047237 1863
88 591 m2 929857 0.000628216891 0.5 p-1 -535275 677
639 592 m2 930180 2.61163018e-06 0.5 p-1 -4788 1
532 593 m2 930421 -0.00186973973 0.5 p-1 -75298 22
606 596 m2 934055 0.00842841063 0.5 p-1 -27880 3
168 597 m2 936085 -0.000446648221 0.5 p-1 -6217358 543
246 598 m2 937220 3.21697735e-05 0.5 p-1 -290569 181
434 599 m2 937594 0.00920492318 0.5 p-1 -132151 33
299 601 m2 941364 0.00168259616 0.5 p-1 -1098821 600
169 602 m2 943511 -1.34360007e-05 0.5 p-1 -1195572 574
194 603 m2 947863 -0.000578225648 0.5 p-1 -8120 7
507 604 m2 950683 5.95986567e-05 0.5 p-1 -76234 17
378 605 m2 951162 -0.0364961885 0.5 p-1 -699806 102
542 607 m2 955278 0.0112323659 0.5 p-1 -2228468 22
247 608 m2 955374 -1.45850381e-05 0.5 p-1 -469603 122
90 609 m2 956060 0.0164365023 0.5 p-1 -6645651 1541
607 611 m2 959225 0.000114482944 0.5 p-1 -201791 12
328 614 m2 963205 -0.00648837583 0.5 p-1 -1728366 164
195 615 m2 963585 0.081115514 0.5 p-1 -93548 67
285 616 m2 965616 -0.0512251891 0.5 p-1 -1004627 63
93 617 m2 966822 -6.19128259e-05 0.5 p-1 -5242349 664
170 619 m2 970299 0.0502944067 0.5 p-1 -535035 188
388 621 m2 972886 1.16836827e-05 0.5 p-1 -347223 33
94 622 m2 973554 -0.000906316563 0.5 p-1 -3120302 1762
171 623 m2 976627 0.0158718061 0.5 p-1 -6593993 919
262 624 m2 981259 2.61769655e-05 0.5 p-1 -1940429 308
460 626 m2 988830 -0.0226538759 0.5 p-1 -24484 15
263 627 m2 989541 -0.00127934688 0.5 p-1 -6533628 150
598 630 m2 995584 -0.00795959216 0.5 p-1 -467 5
463 637 m2 328891 0.000191433457 0.5 p0 2 7
662 639 m2 845696 0.00290549989 0.5 p0 2 2
493 640 m2 272572 -0.0301255099 0.5 p0 2 4
634 647 m2 796757 0.0102559905 0.5 p0 2 3
623 649 m2 851321 0.00608590199 0.5 p0 2 3
585 653 m2 261251 -0.00294702384 0.5 p0 2 3
616 665 m2 490365 -0.00194129767 0.5 p0 2 1
362 668 m2 372973 -0.00692764437 0.5 p0 2 24
608 669 m2 203296 0.00356599456 0.5 p0 2 2
406 676 m2 859488 -0.00520643825 0.5 p0 2 5
632 684 m2 925370 0.000217691326 0.5 p0 2 5
531 689 m2 798971 -0.0514191873 0.5 p0 2 2
415 694 m2 471826 0.00198573712 0.5 p0 2 10
646 697 m2 510377 2.17007873e-05 0.5 p0 2 2
566 700 m2 43972 0.00754252216 0.5 p0 2 9
641 702 m2 944206 -0.0030399356 0.5 p0 2 1
565 706 m2 694727 0.00141878042 0.5 p0 2 4
533 708 m2 703458 0.0137680899 0.5 p0 2 2
649 709 m2 368222 -0.00177452038 0.5 p0 2 2
665 714 m2 196703 -1.07215635e-06 0.5 p0 2 1
653 716 m2 806771 -0.00207119109 0.5 p0 2 1
624 718 m2 564545 0.000279515138 0.5 p0 2 1
518 723 m2 238234 -3.71505084e-05 0.5 p0 2 9
597 726 m2 778982 -0.0464718156 0.5 p0 2 5
548 729 m2 165558 0.0207070634 0.5 p0 2 10
670 732 m2 589117 1.46407538e-05 0.5 p0 2 1
660 738 m2 952576 -0.0355659463 0.5 p0 2 1
637 740 m2 364361 0.0289000683 0.5 p0 2 5
594 743 m2 690791 -0.0178342946 0.5 p0 2 3
552 747 m2 315984 0.00166610512 0.5 p0 2 4
627 751 m2 755909 -0.0384546779 0.5 p0 2 2
270 752 m2 585047 0.0077786711 0.5 p0 2 8
364 755 m1 47 0 0.5 p-1 -162237 41
96 756 m1 8605 0 0.5 p-1 -5819360 1167
358 757 m1 19094 0 0.5 p-1 -755340 304
1 758 m1 20341 0 0.5 p-1 -633434 214
374 759 m1 20765 -0 0.5 p-1 -22127 8
300 760 m1 30585 -0 0.5 p-1 -531422 358
97 761 m1 34026 -0 0.5 p-1 -3491227 691
301 763 m1 52184 -0 0.5 p-1 -9141 29
277 764 m1 53505 -0 0.5 p-1 -186671 83
320 766 m1 58383 0 0.5 p-1 -275522 92
663 767 m1 61924 0 0.5 p-1 -119986 1
556 768 m1 68002 -0 0.5 p-1 -45760 13
611 769 m1 69618 0 0.5 p-1 -69825 3
330 770 m1 70042 -0 0.5 p-1 -156848 248
504 771 m1 73646 -0 0.5 p-1 -347368 17
250 772 m1 79730 -0 0.5 p-1 -153805 39
529 773 m1 86010 0 0.5 p-1 -62381 41
365 775 m1 88849 -0 0.5 p-1 -125568 24
664 777 m1 91410 0 0.5 p-1 -7692 1
217 778 m1 91650 0 0.5 p-1 -1815808 319
523 780 m1 103504 0 0.5 p-1 -70526 7
197 782 m1 111332 -0 0.5 p-1 -550162 281
313 783 m1 113100 -0 0.5 p-1 -2056894 110
234 784 m1 120197 -0 0.5 p-1 -55044 33
103 785 m1 140198 -0 0.5 p-1 -573315 397
7 786 m1 142503 0 0.5 p-1 -36476 88
8 787 m1 152740 0 0.5 p-1 -2211652 1969
9 788 m1 153793 -0 0.5 p-1 -78206 76
609 789 m1 154450 0 0.5 p-1 -43011 7
10 790 m1 154988 0 0.5 p-1 -4521473 1273
466 791 m1 158999 -0 0.5 p-1 -11442 6
174 792 m1 160825 0 0.5 p-1 -1130210 380
11 795 m1 166880 0 0.5 p-1 -1299676 1237
198 797 m1 171199 0 0.5 p-1 -2688782 283
218 798 m1 174353 -0 0.5 p-1 -739336 211
359 799 m1 187455 0 0.5 p-1 -194495 39
360 800 m1 189712 0 0.5 p-1 -326773 51
219 802 m1 197912 -0 0.5 p-1 -4639842 358
147 804 m1 205997 -0 0.5 p-1 -1133179 420
540 806 m1 226658 -0 0.5 p-1 -65255 23
221 807 m1 227042 -0 0.5 p-1 -440167 125
314 808 m1 228362 -0 0.5 p-1 -72928 46
176 809 m1 243049 0 0.5 p-1 -1834321 655
199 811 m1 249486 -0 0.5 p-1 -1055208 456
280 812 m1 259720 -0 0.5 p-1 -151756 99
108 813 m1 261315 0 0.5 p-1 -1215863 363
383 814 m1 265569 -0 0.5 p-1 -116035 63
371 815 m1 266009 -0 0.5 p-1 -1472947 109
20 816 m1 271236 -0 0.5 p-1 -7575229 1353
445 818 m1 280182 0 0.5 p-1 -55503 20
485 819 m1 289103 -0 0.5 p-1 -20409 18
414 821 m1 291937 -0 0.5 p-1 -164405 54
323 822 m1 292308 -0 0.5 p-1 -6470319 269
372 824 m1 304978 -0 0.5 p-1 -2315746 55
476 826 m1 309297 -0 0.5 p-1 -126176 11
26 828 m1 315994 0 0.5 p-1 -3232281 584
303 829 m1 318685 -0 0.5 p-1 -483002 208
112 830 m1 322985 0 0.5 p-1 -3653578 1316
28 831 m1 331752 0 0.5 p-1 -1825717 1148
178 833 m1 354346 0 0.5 p-1 -1423802 210
282 834 m1 358261 -0 0.5 p-1 -526518 136
591 838 m1 363182 0 0.5 p-1 -41869 7
294 839 m1 366939 -0 0.5 p-1 -983080 212
368 840 m1 378971 0 0.5 p-1 -539299 77
440 842 m1 383947 0 0.5 p-1 -1400438 118
154 843 m1 389130 -0 0.5 p-1 -602057 906
201 844 m1 390105 0 0.5 p-1 -792053 206
223 845 m1 394264 -0 0.5 p-1 -111502 378
497 846 m1 397892 -0 0.5 p-1 -143877 19
527 847 m1 400823 -0 0.5 p-1 -12615 2
283 848 m1 403708 0 0.5 p-1 -6124 19
180 849 m1 413598 0 0.5 p-1 -949390 213
436 850 m1 414575 -0 0.5 p-1 -117029 23
461 851 m1 414598 0 0.5 p-1 -5625465 78
348 852 m1 418504 -0 0.5 p-1 -862863 81
339 853 m1 420592 -0 0.5 p-1 -146513 63
613 854 m1 423763 0 0.5 p-1 -4537 2
267 855 m1 437203 0 0.5 p-1 -313161 44
40 857 m1 447080 -0 0.5 p-1 -7432540 1833
42 859 m1 456150 -0 0.5 p-1 -10019309 1601
122 860 m1 461010 -0 0.5 p-1 -3196533 702
202 861 m1 475819 0 0.5 p-1 -1048995 436
392 863 m1 477768 -0 0.5 p-1 -30375 43
182 864 m1 478768 0 0.5 p-1 -178732 206
183 865 m1 480727 0 0.5 p-1 -1824571 478
618 866 m1 489100 0 0.5 p-1 -15952 9
495 867 m1 489241 0 0.5 p-1 -48525 23
227 868 m1 493219 0 0.5 p-1 -112453 39
500 869 m1 497682 0 0.5 p-1 -103055 16
471 871 m1 511487 -0 0.5 p-1 -28934 15
617 872 m1 514784 0 0.5 p-1 -134837 6
284 873 m1 532263 -0 0.5 p-1 -303943 82
380 874 m1 536145 0 0.5 p-1 -66768 58
416 875 m1 547944 0 0.5 p-1 -107731 47
652 876 m1 551324 -0 0.5 p-1 -25674 5
562 877 m1 561306 0 0.5 p-1 -15617 5
437 879 m1 569481 0 0.5 p-1 -22209 15
520 880 m1 573658 0 0.5 p-1 -1091078 22
502 881 m1 575096 0 0.5 p-1 -6730 4
310 882 m1 578264 -0 0.5 p-1 -2127879 535
205 883 m1 584659 -0 0.5 p-1 -204891 104
53 884 m1 592480 0 0.5 p-1 -784892 191
128 885 m1 594406 0 0.5 p-1 -1755454 567
159 886 m1 595097 -0 0.5 p-1 -1152300 533
254 887 m1 597604 0 0.5 p-1 -1098438 81
160 888 m1 602023 -0 0.5 p-1 -298794 312
161 890 m1 612535 0 0.5 p-1 -2858729 472
512 891 m1 615782 -0 0.5 p-1 -953383 31
564 892 m1 617991 -0 0.5 p-1 -6910 4
272 894 m1 622222 -0 0.5 p-1 -109052 222
473 895 m1 622857 -0 0.5 p-1 -1303850 2
243 896 m1 627813 0 0.5 p-1 -1408268 453
57 897 m1 630035 0 0.5 p-1 -4966772 890
604 899 m1 640738 -0 0.5 p-1 -2558 2
420 900 m1 642319 0 0.5 p-1 -88605 41
375 902 m1 654490 -0 0.5 p-1 -619295 147
505 903 m1 654969 0 0.5 p-1 -19562 25
615 904 m1 667132 -0 0.5 p-1 -7886 1
369 905 m1 667719 -0 0.5 p-1 -108806 35
60 906 m1 670438 -0 0.5 p-1 -5830225 1695
370 907 m1 672098 0 0.5 p-1 -1215920 154
394 908 m1 681058 0 0.5 p-1 -174047 40
319 909 m1 683048 -0 0.5 p-1 -2636027 320
628 910 m1 686665 0 0.5 p-1 -14442 2
289 911 m1 686868 0 0.5 p-1 -304827 278
62 912 m1 696849 0 0.5 p-1 -1993817 1502
489 913 m1 701533 -0 0.5 p-1 -11523 9
539 914 m1 705873 0 0.5 p-1 -102017 15
582 915 m1 706798 0 0.5 p-1 -66719 5
586 916 m1 711007 0 0.5 p-1 -27593 16
133 917 m1 717312 -0 0.5 p-1 -383633 801
326 918 m1 719584 0 0.5 p-1 -2620863 417
640 919 m1 720190 0 0.5 p-1 -6270 4
638 920 m1 724474 0 0.5 p-1 -6643 1
508 921 m1 746084 0 0.5 p-1 -48905 9
462 922 m1 748260 0 0.5 p-1 -446719 79
558 923 m1 751844 0 0.5 p-1 -4863 7
69 924 m1 754945 0 0.5 p-1 -231236 29
70 925 m1 758084 0 0.5 p-1 -7904562 878
522 926 m1 760877 0 0.5 p-1 -298271 3
645 927 m1 768506 0 0.5 p-1 -17697 4
189 928 m1 771880 0 0.5 p-1 -1866483 418
599 929 m1 776362 -0 0.5 p-1 -3450 15
342 930 m1 777435 0 0.5 p-1 -196054 74
208 931 m1 778697 0 0.5 p-1 -2500742 541
297 932 m1 783992 -0 0.5 p-1 -1924515 395
578 934 m1 787048 0 0.5 p-1 -45453 4
334 936 m1 794167 0 0.5 p-1 -739421 55
209 937 m1 800230 -0 0.5 p-1 -969176 895
657 938 m1 807956 -0 0.5 p-1 -4085 3
257 939 m1 810385 0 0.5 p-1 -361600 119
190 940 m1 811837 -0 0.5 p-1 -4132811 507
276 942 m1 820172 -0 0.5 p-1 -89349 59
164 943 m1 820546 -0 0.5 p-1 -751539 645
78 944 m1 829011 0 0.5 p-1 -4227140 1427
427 945 m1 837536 0 0.5 p-1 -298092 41
468 946 m1 839978 -0 0.5 p-1 -161575 27
357 948 m1 842731 0 0.5 p-1 -674254 26
290 949 m1 851589 0 0.5 p-1 -185972 80
167 950 m1 872955 -0 0.5 p-1 -235475 154
433 951 m1 878275 -0 0.5 p-1 -91571 76
260 952 m1 878476 -0 0.5 p-1 -4350103 368
213 953 m1 879709 0 0.5 p-1 -2039608 705
81 954 m1 879747 -0 0.5 p-1 -8560001 471
387 956 m1 892059 0 0.5 p-1 -957948 185
83 957 m1 900550 -0 0.5 p-1 -2153699 1141
193 958 m1 915420 0 0.5 p-1 -216832 193
496 959 m1 924638 0 0.5 p-1 -101019 39
89 960 m1 940344 0 0.5 p-1 -2532483 1814
569 962 m1 948432 0 0.5 p-1 -13181 1
91 964 m1 959688 -0 0.5 p-1 -2192649 1067
142 965 m1 964113 0 0.5 p-1 -7557715 416
92 966 m1 964149 0 0.5 p-1 -7902557 1584
261 967 m1 977816 0 0.5 p-1 -169325 27
595 968 m1 979353 0 0.5 p-1 -4543 4
658 970 m1 985455 0 0.5 p-1 -6108 1
630 972 m1 994284 0 0.5 p-1 -43235 3
95 973 m1 999482 -0 0.5 p-1 -4829580 533
