Temp_ID Permanent_ID Mutation_type Position s h Subpop Tick Number
1146 1 m2 155 -0.00127168652 0.5 p-1 -74595 8
1184 4 m2 1575 0.00572607294 0.5 p-1 -97943 43
1147 5 m2 1739 0.000862756453 0.5 p-1 -160524 34
1454 6 m2 1882 0.00891668256 0.5 p-1 -228897 21
773 7 m2 2600 0.0272948164 0.5 p-1 -38080 25
1175 8 m2 2961 -0.000288233598 0.5 p-1 -24055 18
1380 11 m2 4056 0.00391614437 0.5 p-1 -11 6
715 12 m2 4738 0.000429705775 0.5 p-1 -1277986 182
1030 14 m2 5424 -0.0172701273 0.5 p-1 -246971 28
882 15 m2 5970 1.90452065e-05 0.5 p-1 -182015 39
1172 17 m2 8708 0.000451200729 0.5 p-1 -306210 56
1293 19 m2 9044 3.61564503e-06 0.5 p-1 -25957 50
0 21 m2 9866 0.00133021513 0.5 p-1 -4200101 1729
258 24 m2 11094 -0.00238279626 0.5 p-1 -2928397 856
1185 25 m2 11127 0.00155277993 0.5 p-1 -42014 27
259 26 m2 11192 -0.00246180734 0.5 p-1 -4309776 1191
260 27 m2 11205 0.000274284655 0.5 p-1 -4342809 1191
573 29 m2 11816 -0.0116728973 0.5 p-1 -328727 78
1212 30 m2 12059 -9.02629181e-05 0.5 p-1 -46689 22
1455 31 m2 12097 1.70010298e-05 0.5 p-1 -56506 5
669 32 m2 13239 0.00676231738 0.5 p-1 -1918275 327
1492 33 m2 13327 0.0104791019 0.5 p-1 -350411 17
604 34 m2 14558 0.0144735305 0.5 p-1 -3194302 969
2 35 m2 14665 0.000339183054 0.5 p-1 -1807994 554
774 36 m2 15705 0.00147026521 0.5 p-1 -429419 89
605 37 m2 16100 0.00321305008 0.5 p-1 -176473 114
376 38 m2 16105 -0.00051077269 0.5 p-1 -2273988 1331
1571 41 m2 19773 0.00042871121 0.5 p-1 -25067 7
1187 42 m2 20350 0.00212537637 0.5 p-1 -83850 83
1713 43 m2 20559 0.000683635822 0.5 p-1 -68433 3
1436 44 m2 20991 -0.00106771593 0.5 p-1 -5257 12
638 45 m2 21507 -0.00616304902 0.5 p-1 -35223 40
1625 46 m2 22270 0.0433979556 0.5 p-1 -13208 3
3 47 m2 22346 -0.0103676617 0.5 p-1 -3881512 1247
1135 48 m2 22365 8.30362624e-05 0.5 p-1 -92317 19
464 49 m2 22547 -6.45532928e-05 0.5 p-1 -2020322 832
1101 50 m2 22685 -0.00148544949 0.5 p-1 -128481 68
775 51 m2 22824 -0.0401621275 0.5 p-1 -128365 66
1373 53 m2 30950 0.00254693162 0.5 p-1 -19238 5
1525 54 m2 31289 -0.00110328302 0.5 p-1 -32550 4
1001 55 m2 31708 -0.00759058772 0.5 p-1 -19552 31
1413 56 m2 33451 -0.00701511186 0.5 p-1 -35780 15
790 57 m2 33828 0.00499345548 0.5 p-1 -295318 174
824 58 m2 34814 0.000841885689 0.5 p-1 -473737 125
716 60 m2 35097 0.00924106594 0.5 p-1 -699523 95
4 62 m2 35757 8.0495937e-08 0.5 p-1 -263360 269
718 64 m2 37308 0.0305198319 0.5 p-1 -854875 240
670 65 m2 37451 0.00249032886 0.5 p-1 -514408 89
377 66 m2 39338 0.00316952239 0.5 p-1 -93783 106
5 67 m2 39469 0.00425630994 0.5 p-1 -3609362 1349
972 68 m2 40041 -0.000143983838 0.5 p-1 -99575 53
378 70 m2 41521 0.0036025329 0.5 p-1 -1995791 934
1725 71 m2 42500 0.00615806552 0.5 p-1 -1373 1
1630 72 m2 42574 0.0234665312 0.5 p-1 -49332 2
512 73 m2 43210 -0.000196792142 0.5 p-1 -1218808 162
1722 74 m2 43347 0.045295991 0.5 p-1 -50523 1
1711 76 m2 44320 -0.000873123878 0.5 p-1 -16229 1
671 78 m2 45090 0.0084300274 0.5 p-1 -656947 110
1303 79 m2 45263 -0.00299362792 0.5 p-1 -136422 5
1310 82 m2 49433 -6.02847613e-05 0.5 p-1 -15522 2
802 83 m2 49494 0.0440151654 0.5 p-1 -1318122 320
6 84 m2 49868 0.0159166344 0.5 p-1 -2026982 1486
1434 85 m2 49990 -0.00339361513 0.5 p-1 -20477 15
1136 86 m2 50629 -3.47872119e-05 0.5 p-1 -94009 23
1670 87 m2 50729 3.40759175e-06 0.5 p-1 -723 3
959 88 m2 51190 -2.17766754e-07 0.5 p-1 -152532 43
1613 89 m2 51697 -0.00852705259 0.5 p-1 -128969 5
1069 91 m2 52232 -0.00403285027 0.5 p-1 -5656 12
719 92 m2 52279 -5.27419252e-05 0.5 p-1 -1114487 193
262 93 m2 52778 0.0004646694 0.5 p-1 -1994288 680
641 94 m2 53438 -1.08576452e-15 0.5 p-1 -14238 35
263 95 m2 53624 0.00149636564 0.5 p-1 -3340274 552
840 96 m2 53640 -0.0226836465 0.5 p-1 -457178 250
1712 98 m2 53678 0.01023925 0.5 p-1 -2042 1
8 99 m2 54246 -0.000399389653 0.5 p-1 -1928399 1582
642 100 m2 54771 7.60552939e-05 0.5 p-1 -261242 71
643 102 m2 56387 0.00353592215 0.5 p-1 -2355147 318
644 103 m2 56450 0.00637524668 0.5 p-1 -2104538 319
712 104 m2 56733 -0.0147473654 0.5 p-1 -169785 291
514 105 m2 57222 -0.00529164029 0.5 p-1 -538863 50
1320 108 m2 57524 -0.0196428224 0.5 p-1 -8920 13
11 109 m2 59497 0.00490343804 0.5 p-1 -3293435 1486
1660 111 m2 60944 0.00480276253 0.5 p-1 -6378 1
950 112 m2 61687 5.087521e-06 0.5 p-1 -479506 84
574 114 m2 63602 -0.0218255036 0.5 p-1 -355570 165
13 117 m2 67293 3.59185178e-05 0.5 p-1 -4946558 1063
14 118 m2 67417 -0.00130178838 0.5 p-1 -3316000 1074
264 119 m2 67443 0.0440997966 0.5 p-1 -600487 342
645 121 m2 68191 -3.90116725e-07 0.5 p-1 -1545745 205
1591 122 m2 68217 -0.00270182476 0.5 p-1 -92223 8
1004 123 m2 68514 -0.000742248027 0.5 p-1 -47223 51
575 124 m2 70038 2.25908625e-05 0.5 p-1 -7254711 145
1108 125 m2 70794 0.0153489998 0.5 p-1 -113875 8
381 126 m2 71308 -0.0046208147 0.5 p-1 -6195913 491
713 127 m2 72067 -0.0112558976 0.5 p-1 -143920 146
883 128 m2 72613 -5.91314092e-05 0.5 p-1 -935728 85
1440 129 m2 72794 -0.00304768165 0.5 p-1 -3250 12
646 130 m2 75525 -1.76248932e-06 0.5 p-1 -4137129 754
1673 131 m2 75930 -0.0158530995 0.5 p-1 -30400 2
714 132 m2 76896 0.00952337869 0.5 p-1 -41180 33
16 133 m2 77048 0.0165084321 0.5 p-1 -5148770 1572
465 134 m2 77148 -0.0450882912 0.5 p-1 -3121152 381
515 135 m2 77613 -0.00388738164 0.5 p-1 -1769471 322
266 138 m2 79002 0.00471503614 0.5 p-1 -5154028 946
861 139 m2 79802 0.0175414979 0.5 p-1 -6629 33
18 143 m2 82194 0.0181200486 0.5 p-1 -227942 316
516 144 m2 82278 -0.00957260095 0.5 p-1 -1313465 169
1398 145 m2 82558 0.00162321469 0.5 p-1 -13433 25
1094 146 m2 82668 0.0236673336 0.5 p-1 -46296 59
19 147 m2 82684 -0.0165948849 0.5 p-1 -7059116 1312
1149 148 m2 82910 0.00118403859 0.5 p-1 -22739 11
466 149 m2 82944 0.00438984809 0.5 p-1 -742668 65
1009 152 m2 84280 -2.65077615e-05 0.5 p-1 -699792 104
1592 153 m2 84516 0.000837093277 0.5 p-1 -141209 3
973 154 m2 84988 -0.0299981311 0.5 p-1 -482291 92
382 156 m2 85713 0.000260654982 0.5 p-1 -4122588 638
995 157 m2 87298 0.00282924552 0.5 p-1 -319644 59
1405 158 m2 88449 -0.000540763896 0.5 p-1 -8431 2
20 159 m2 89475 0.00203753472 0.5 p-1 -4414363 1070
267 160 m2 89509 0.00306447013 0.5 p-1 -727971 347
1299 162 m2 91077 -0.000651533424 0.5 p-1 -52899 31
21 165 m2 94385 -4.55584711e-07 0.5 p-1 -1501491 713
1437 166 m2 95520 0.0015262746 0.5 p-1 -54830 9
1304 167 m2 95521 0.0189017635 0.5 p-1 -157764 15
1035 168 m2 95664 0.00754158944 0.5 p-1 -121718 26
1424 169 m2 95771 0.00315523171 0.5 p-1 -3720 17
1086 170 m2 95914 -3.77542019e-05 0.5 p-1 -206641 17
908 171 m2 97029 1.98889776e-08 0.5 p-1 -1805945 63
1112 172 m2 97879 -0.0213257503 0.5 p-1 -608514 99
1503 173 m2 97900 0.00542676635 0.5 p-1 -16716 11
22 174 m2 98586 0.00141133042 0.5 p-1 -2730623 803
1374 175 m2 98852 -0.0105962874 0.5 p-1 -86062 44
825 176 m2 99357 -0.00907223579 0.5 p-1 -581441 176
826 177 m2 99400 -0.00011370374 0.5 p-1 -291108 103
673 178 m2 99564 0.00229791109 0.5 p-1 -827699 114
1256 181 m2 101150 1.15183511e-05 0.5 p-1 -22614 5
982 182 m2 101633 0.00296219927 0.5 p-1 -36435 36
23 183 m2 101811 -0.000294005702 0.5 p-1 -1595773 308
1208 184 m2 102216 -0.00970533956 0.5 p-1 -89784 72
748 186 m2 105363 1.64226449e-07 0.5 p-1 -223418 79
1586 187 m2 105468 -1.31954221e-05 0.5 p-1 -32733 8
1163 188 m2 105493 -0.0272747893 0.5 p-1 -19505 65
1036 190 m2 105957 -0.000246545387 0.5 p-1 -280612 64
517 191 m2 106401 0.0100449156 0.5 p-1 -986883 99
674 192 m2 107551 0.00042041007 0.5 p-1 -339762 117
910 193 m2 107938 0.00303111668 0.5 p-1 -133382 109
518 194 m2 107995 0.00648936955 0.5 p-1 -343146 227
1325 195 m2 108770 -0.0727529153 0.5 p-1 -25385 7
519 196 m2 108867 -0.072080262 0.5 p-1 -644624 187
1133 198 m2 113221 -0.01046592 0.5 p-1 -6289 35
983 199 m2 113787 0.0109393839 0.5 p-1 -28587 35
25 201 m2 114653 0.0167607814 0.5 p-1 -3647322 767
1490 202 m2 115399 -0.0398117825 0.5 p-1 -87211 6
1579 203 m2 115735 -0.0051084361 0.5 p-1 -82166 3
469 204 m2 116150 2.98485162e-07 0.5 p-1 -9192902 567
984 205 m2 116384 2.11455209e-08 0.5 p-1 -658281 138
827 206 m2 116846 0.00080808741 0.5 p-1 -28259 15
385 207 m2 118215 0.0126068266 0.5 p-1 -3032814 972
1272 208 m2 118463 0.00161174929 0.5 p-1 -141554 34
873 209 m2 119085 -0.0207694434 0.5 p-1 -507118 144
884 211 m2 119710 0.000791643572 0.5 p-1 -126066 68
1019 212 m2 120317 -0.0054768906 0.5 p-1 -137057 66
1659 215 m2 122252 0.00025631985 0.5 p-1 -3940 1
1493 216 m2 122567 0.000450245803 0.5 p-1 -30682 24
26 217 m2 122936 0.0507291257 0.5 p-1 -1391845 447
998 218 m2 125559 0.000161899225 0.5 p-1 -6968 16
1182 219 m2 125640 -0.00388554949 0.5 p-1 -2488994 54
386 220 m2 125746 0.000949485984 0.5 p-1 -1733089 1157
1071 221 m2 127466 -0.00502788369 0.5 p-1 -1386909 72
1284 222 m2 128626 0.000119911609 0.5 p-1 -343875 20
28 224 m2 131141 -0.0017904928 0.5 p-1 -1622738 509
1169 225 m2 131894 -0.0139831081 0.5 p-1 -235432 146
29 226 m2 132101 -0.00297447899 0.5 p-1 -3323331 1831
1520 227 m2 134017 0.000733869791 0.5 p-1 -26357 12
30 228 m2 134677 0.00279022381 0.5 p-1 -1893889 1189
1252 229 m2 135638 0.000169616542 0.5 p-1 -17599 16
721 230 m2 135951 -0.00083041779 0.5 p-1 -300096 151
470 231 m2 137304 -0.00585570699 0.5 p-1 -6532226 1092
951 232 m2 137331 -0.00432116864 0.5 p-1 -174726 50
1690 233 m2 137427 0.0136156967 0.5 p-1 -13118 4
996 234 m2 137753 -0.0778860003 0.5 p-1 -3419995 79
1499 237 m2 141280 5.35874315e-05 0.5 p-1 -6243 5
269 238 m2 141498 -0.0103747128 0.5 p-1 -170628 237
31 239 m2 141743 -0.0197378527 0.5 p-1 -5754155 1375
750 240 m2 142202 -0.000725614256 0.5 p-1 -32983 16
1102 241 m2 142830 0.00386129832 0.5 p-1 -1652491 30
471 244 m2 145143 -0.0108055286 0.5 p-1 -2934626 1517
472 245 m2 145343 0.00512844138 0.5 p-1 -1295738 1128
1645 246 m2 145682 -0.0135960653 0.5 p-1 -2627 4
1731 247 m2 146090 0.00262230169 0.5 p-1 -4305 1
1406 248 m2 146312 0.0234833751 0.5 p-1 -181147 23
1137 251 m2 148551 -0.00199411483 0.5 p-1 -1466235 84
1358 252 m2 150270 0.00165049499 0.5 p-1 -646375 39
899 253 m2 150705 -9.60705165e-06 0.5 p-1 -306910 128
1261 254 m2 152313 1.81435769e-06 0.5 p-1 -58471 5
270 255 m2 152638 -0.000490479404 0.5 p-1 -2527348 438
1745 256 m2 153760 0.00257841637 0.5 p-1 -3044 1
473 257 m2 154102 -6.82997234e-06 0.5 p-1 -762715 429
676 260 m2 154797 0.00174107694 0.5 p-1 -498753 134
1176 261 m2 154950 0.0171117652 0.5 p-1 -90801 66
1296 262 m2 155005 -7.54795765e-05 0.5 p-1 -10715 8
1213 264 m2 156131 2.13922348e-07 0.5 p-1 -2735 6
521 265 m2 156484 -0.0491399914 0.5 p-1 -1069694 24
271 266 m2 158207 0.00385411689 0.5 p-1 -3303615 1076
678 267 m2 158343 -0.0156842303 0.5 p-1 -10596 24
1448 268 m2 158436 -3.25172587e-05 0.5 p-1 -226178 20
1449 269 m2 158809 0.00930520333 0.5 p-1 -17630 18
522 270 m2 159052 0.00820660125 0.5 p-1 -2122561 728
1445 272 m2 161728 -0.000296080427 0.5 p-1 -86546 15
751 275 m2 162786 0.00045013713 0.5 p-1 -111104 21
1463 276 m2 164192 -0.00831732154 0.5 p-1 -1598974 30
752 277 m2 164269 -0.000357974583 0.5 p-1 -2300654 437
1543 279 m2 167144 1.97259604e-11 0.5 p-1 -214 8
1154 280 m2 167869 -0.00351122208 0.5 p-1 -7877 11
1647 281 m2 168240 0.00478335842 0.5 p-1 -106399 2
273 284 m2 171753 0.00102907128 0.5 p-1 -5381453 1697
274 285 m2 172863 0.00528491195 0.5 p-1 -5656724 80
649 286 m2 173962 -0.000573661178 0.5 p-1 -156201 266
389 289 m2 176393 -0.0962897763 0.5 p-1 -560644 221
753 290 m2 177514 0.00430217525 0.5 p-1 -388545 271
1087 292 m2 179224 4.58282739e-06 0.5 p-1 -250627 14
1294 293 m2 179418 -0.0132345082 0.5 p-1 -342844 25
475 298 m2 185307 0.0135360193 0.5 p-1 -215657 254
1214 299 m2 185353 -0.000755289046 0.5 p-1 -69934 7
35 301 m2 187246 -0.00264733471 0.5 p-1 -610687 319
1305 302 m2 187780 0.0172702372 0.5 p-1 -14178 11
1508 304 m2 188877 -0.0239996593 0.5 p-1 -3681 2
1563 305 m2 189615 0.00216087 0.5 p-1 -119509 3
754 306 m2 190596 -4.62386197e-05 0.5 p-1 -55224 94
1421 308 m2 193359 -2.89061936e-05 0.5 p-1 -26875 17
1636 309 m2 194162 -0.0348868705 0.5 p-1 -117923 1
36 310 m2 194497 0.00109471171 0.5 p-1 -5998802 1556
1564 311 m2 194915 -0.0128337583 0.5 p-1 -57278 11
885 312 m2 195418 0.00161171879 0.5 p-1 -112073 63
523 313 m2 195447 0.00320095965 0.5 p-1 -391089 209
1207 314 m2 195484 0.00720974803 0.5 p-1 -54377 112
577 315 m2 196075 -0.0020556068 0.5 p-1 -971117 163
37 316 m2 196348 0.0210285336 0.5 p-1 -8969918 1016
1155 317 m2 196403 -0.00356519129 0.5 p-1 -70259 11
275 318 m2 197304 0.131448999 0.5 p-1 -2657577 1556
1562 319 m2 197766 0.00253914995 0.5 p-1 -22927 4
1333 320 m2 198209 -0.000374244293 0.5 p-1 -4607 2
38 323 m2 198337 0.00135891873 0.5 p-1 -2497149 1714
1285 324 m2 198531 0.00900246296 0.5 p-1 -81750 24
39 325 m2 198592 0.00460436894 0.5 p-1 -14929643 1964
1697 326 m2 198752 9.94338922e-09 0.5 p-1 -25935 2
1286 327 m2 198755 4.81314467e-11 0.5 p-1 -6381629 24
1287 328 m2 198770 -0.000465893099 0.5 p-1 -20930364 24
1288 330 m2 199199 -0.00142988539 0.5 p-1 -59340 24
1230 333 m2 202803 -0.00630889321 0.5 p-1 -12344 10
41 335 m2 203547 -2.94039583e-05 0.5 p-1 -4254384 1450
276 336 m2 204723 6.17636624e-06 0.5 p-1 -79529 36
679 338 m2 205022 6.74672407e-09 0.5 p-1 -798796 449
525 339 m2 205523 0.00754469354 0.5 p-1 -2895187 164
42 340 m2 205901 -0.00162984687 0.5 p-1 -7163401 813
43 342 m2 207371 0.0301388502 0.5 p-1 -11866516 1768
1547 345 m2 208868 0.00170202507 0.5 p-1 -230466 4
1474 346 m2 209316 1.63238328e-05 0.5 p-1 -29838 2
1479 347 m2 210254 0.000535119209 0.5 p-1 -35226 9
1501 348 m2 210398 0.0354185142 0.5 p-1 -35382 1
985 349 m2 210513 -0.00230537727 0.5 p-1 -159787 68
390 350 m2 210638 5.17087647e-05 0.5 p-1 -760681 94
391 351 m2 210874 0.00396620249 0.5 p-1 -3598638 95
44 352 m2 210886 -2.4086446e-06 0.5 p-1 -1369493 1384
1566 354 m2 211971 2.24249034e-05 0.5 p-1 -15384 5
578 356 m2 212964 0.0036883459 0.5 p-1 -510353 295
392 357 m2 213012 -0.0193877369 0.5 p-1 -2419549 1339
828 358 m2 213153 -0.000138228672 0.5 p-1 -180338 137
1119 359 m2 213207 -0.0196114648 0.5 p-1 -164522 39
1665 361 m2 213668 -2.70560008e-06 0.5 p-1 -46909 1
1617 362 m2 213906 -7.11211987e-06 0.5 p-1 -14644 8
848 364 m2 214519 0.000351293769 0.5 p-1 -1551059 477
1545 366 m2 214899 7.23272678e-05 0.5 p-1 -163291 9
849 368 m2 215392 -0.0177910198 0.5 p-1 -299753 124
1072 369 m2 215727 -0.00157515157 0.5 p-1 -162427 107
1088 370 m2 215870 -0.0154191414 0.5 p-1 -133508 59
45 371 m2 217358 0.00106191402 0.5 p-1 -2767069 1552
46 372 m2 217440 0.000102480895 0.5 p-1 -4282631 1314
47 373 m2 218299 0.000292376382 0.5 p-1 -3763818 1536
804 374 m2 218343 -0.00133839657 0.5 p-1 -178510 208
48 376 m2 222112 -0.0132605769 0.5 p-1 -589235 930
394 377 m2 222177 0.00320327561 0.5 p-1 -752639 310
791 378 m2 222625 0.052559372 0.5 p-1 -317034 67
722 381 m2 223570 0.0114820693 0.5 p-1 -551298 332
1241 382 m2 224668 0.000838638458 0.5 p-1 -9316 47
395 383 m2 225186 0.000186531601 0.5 p-1 -165672 65
792 384 m2 225773 -0.000201440227 0.5 p-1 -83351 122
793 385 m2 226436 -0.00542215724 0.5 p-1 -3504377 435
49 386 m2 226731 -2.35592415e-06 0.5 p-1 -3625097 1331
51 387 m2 227737 0.000432266388 0.5 p-1 -1250349 320
794 388 m2 227765 -3.57221325e-05 0.5 p-1 -628678 206
900 391 m2 228133 0.00315532368 0.5 p-1 -3440092 148
1393 393 m2 228630 -0.00277788821 0.5 p-1 -99535 29
53 394 m2 230192 0.000124450366 0.5 p-1 -1783707 1212
581 397 m2 233689 -0.0032927182 0.5 p-1 -161018 90
1537 398 m2 234532 0.000708782289 0.5 p-1 -38719 9
651 399 m2 234827 -0.000988361775 0.5 p-1 -639419 92
911 402 m2 235757 -0.00307207089 0.5 p-1 -150817 21
1278 403 m2 235811 -8.60925065e-05 0.5 p-1 -1502106 12
56 404 m2 235865 -0.000329160073 0.5 p-1 -10808235 1944
862 405 m2 236266 -0.0174177159 0.5 p-1 -734858 81
755 406 m2 236906 -0.000151358225 0.5 p-1 -292950 81
805 408 m2 237036 -1.05911859e-05 0.5 p-1 -1452950 334
57 410 m2 237586 -1.02064277e-11 0.5 p-1 -824311 517
478 411 m2 237669 -2.4315128e-05 0.5 p-1 -1537023 847
1717 412 m2 237695 0.000130205692 0.5 p-1 -12994 1
396 414 m2 238179 0.0173495598 0.5 p-1 -1189189 530
1065 417 m2 239070 0.000769054692 0.5 p-1 -198902 135
986 418 m2 239262 0.00923144631 0.5 p-1 -92606 41
277 419 m2 239783 0.0103280293 0.5 p-1 -11357750 1270
479 420 m2 240172 -0.0091814287 0.5 p-1 -414604 70
59 422 m2 241276 -0.000127610634 0.5 p-1 -3148980 1523
1748 423 m2 241921 -0.00495583983 0.5 p-1 -1282 1
60 424 m2 242160 -0.0413048752 0.5 p-1 -1156482 853
1202 426 m2 242930 0.0309259892 0.5 p-1 -1984694 19
480 427 m2 243813 -0.0295345746 0.5 p-1 -706005 351
61 428 m2 244237 0.0156002482 0.5 p-1 -660126 514
1693 429 m2 244819 -0.000483844866 0.5 p-1 -34949 1
901 430 m2 244925 3.17941101e-07 0.5 p-1 -38423 19
62 433 m2 245735 4.09036184e-05 0.5 p-1 -2217207 1071
1694 434 m2 246312 -0.000604283414 0.5 p-1 -143687 1
1534 435 m2 246490 0.018367894 0.5 p-1 -675518 22
527 436 m2 246566 0.00222755643 0.5 p-1 -1894095 772
63 437 m2 247149 -1.8065959e-05 0.5 p-1 -3557746 1030
1700 438 m2 247713 0.0088472059 0.5 p-1 -10290 2
398 441 m2 250204 0.0389258601 0.5 p-1 -771305 641
912 443 m2 255452 2.02546107e-06 0.5 p-1 -17492 10
399 444 m2 255999 -7.99765854e-09 0.5 p-1 -1270700 543
1667 445 m2 256984 0.00250334735 0.5 p-1 -1332 3
1114 446 m2 257294 -0.000746881298 0.5 p-1 -81562 107
278 447 m2 258036 -0.00527773658 0.5 p-1 -61344 62
652 448 m2 258575 2.7813951e-06 0.5 p-1 -2065171 507
1345 453 m2 260049 0.00210787822 0.5 p-1 -218681 25
1425 454 m2 260224 0.0146532422 0.5 p-1 -15970 4
1346 457 m2 263495 4.32393836e-06 0.5 p-1 -42046 20
1367 458 m2 263888 -0.00169054384 0.5 p-1 -4344044 43
864 459 m2 264656 -0.0411900319 0.5 p-1 -2148401 324
66 462 m2 267355 0.00164115173 0.5 p-1 -2663940 1089
482 463 m2 268163 -0.00275597768 0.5 p-1 -164182 24
400 465 m2 269649 -0.00174117368 0.5 p-1 -536652 679
887 466 m2 270055 -0.00503543857 0.5 p-1 -72654 73
1037 467 m2 270325 0.00137168285 0.5 p-1 -73662 32
777 468 m2 271400 -0.000281367335 0.5 p-1 -8248483 401
925 469 m2 271453 0.000448368723 0.5 p-1 -401548 42
1739 470 m2 271605 -0.000347234774 0.5 p-1 -22451 1
1290 471 m2 272008 0.0213702377 0.5 p-1 -835104 36
67 472 m2 272465 -0.000819311128 0.5 p-1 -805949 931
1177 475 m2 274168 2.79707582e-08 0.5 p-1 -482 33
1719 476 m2 275871 -0.00437268103 0.5 p-1 -1173232 1
401 477 m2 276083 5.16393129e-06 0.5 p-1 -2216569 278
723 478 m2 276452 -0.00281934091 0.5 p-1 -302357 88
68 479 m2 277784 0.0146928681 0.5 p-1 -4535130 1792
402 481 m2 278905 0.0139711965 0.5 p-1 -4346978 311
403 482 m2 279889 -0.00807121769 0.5 p-1 -5130206 714
806 484 m2 280071 -0.0670441464 0.5 p-1 -182192 22
1494 486 m2 280694 -0.00126872596 0.5 p-1 -51124 9
1644 487 m2 281038 0.0181124695 0.5 p-1 -16548 2
404 488 m2 281360 5.49719662e-05 0.5 p-1 -392125 267
70 489 m2 281683 -0.000364146195 0.5 p-1 -5596152 1327
405 490 m2 282040 -0.00130191271 0.5 p-1 -2283722 521
280 494 m2 282644 -0.00184914621 0.5 p-1 -27309 64
655 495 m2 283241 -0.00453386549 0.5 p-1 -503846 522
874 496 m2 283636 0.0159445368 0.5 p-1 -323192 100
1347 497 m2 283842 0.00829348434 0.5 p-1 -21531 4
281 498 m2 284917 -0.000283887581 0.5 p-1 -3018804 957
1495 499 m2 285537 -0.00237079733 0.5 p-1 -87873 9
683 500 m2 286449 0.0154860159 0.5 p-1 -490323 122
1011 501 m2 286613 -4.56103626e-05 0.5 p-1 -65002 3
1073 502 m2 286722 -0.00275938422 0.5 p-1 -1193231 64
1468 503 m2 286995 -0.00517021166 0.5 p-1 -10553 2
1585 504 m2 287012 0.0329125039 0.5 p-1 -26172 7
684 506 m2 287494 -0.00559116248 0.5 p-1 -3014806 72
1095 509 m2 290260 4.66056463e-06 0.5 p-1 -481750 119
282 510 m2 290890 -0.000338472018 0.5 p-1 -3348393 1116
807 511 m2 291417 -0.000233050363 0.5 p-1 -48496 79
1528 514 m2 293849 -0.081122078 0.5 p-1 -30040 16
1339 515 m2 294849 -9.9463584e-08 0.5 p-1 -77971 5
72 516 m2 295136 -1.57374361e-05 0.5 p-1 -1053619 421
283 517 m2 295151 0.0768767595 0.5 p-1 -813191 1003
73 518 m2 296096 0.00144238246 0.5 p-1 -6470 22
582 519 m2 297880 -0.02970808 0.5 p-1 -7897186 691
1327 520 m2 298827 0.00082579942 0.5 p-1 -2194 2
1291 521 m2 298965 3.01662385e-05 0.5 p-1 -24983 17
74 522 m2 299759 -0.0122383619 0.5 p-1 -1802576 288
1497 523 m2 300503 0.000711164845 0.5 p-1 -120803 2
1340 524 m2 300614 0.00158433348 0.5 p-1 -162848 15
1341 525 m2 300954 0.0229912493 0.5 p-1 -163145 15
1150 527 m2 301046 -0.00140768744 0.5 p-1 -115301 46
406 528 m2 301278 -0.000208574696 0.5 p-1 -5157238 355
913 529 m2 301500 -0.00178441673 0.5 p-1 -252784 104
75 531 m2 301845 -0.0117701013 0.5 p-1 -1487043 200
583 533 m2 303496 0.0121597806 0.5 p-1 -528412 554
1115 534 m2 304083 -0.00497301621 0.5 p-1 -429384 69
76 537 m2 305637 0.00131324306 0.5 p-1 -2025859 106
1668 538 m2 306049 1.31877911e-07 0.5 p-1 -52899 3
77 539 m2 306288 0.000533222454 0.5 p-1 -681273 1062
1418 541 m2 308343 -0.0185154174 0.5 p-1 -89311 9
865 542 m2 309437 -2.68134102e-07 0.5 p-1 -381670 93
584 543 m2 309903 -0.00362841017 0.5 p-1 -2732293 533
1484 545 m2 310511 1.90813736e-07 0.5 p-1 -23315 16
778 546 m2 311020 0.00320812804 0.5 p-1 -78414 60
756 548 m2 311569 -0.000584589434 0.5 p-1 -3183456 212
286 550 m2 313405 -2.17036377e-05 0.5 p-1 -2507683 372
1151 552 m2 314939 -0.000116433323 0.5 p-1 -9237 1
485 553 m2 315750 0.000295968464 0.5 p-1 -953694 146
978 554 m2 315919 0.00170014019 0.5 p-1 -177501 182
1348 555 m2 315973 -5.67305619e-07 0.5 p-1 -1709037 2
1188 556 m2 316696 0.00354114361 0.5 p-1 -282244 43
1138 557 m2 317524 -0.000421054108 0.5 p-1 -19265 7
288 558 m2 318972 0.00785503443 0.5 p-1 -9475836 1704
486 563 m2 321169 0.0212738011 0.5 p-1 -240285 135
408 564 m2 321787 0.042166952 0.5 p-1 -716280 586
1054 565 m2 321804 0.00830439292 0.5 p-1 -225905 44
528 568 m2 323732 0.000974056253 0.5 p-1 -314118 126
1368 569 m2 324084 -0.000440793287 0.5 p-1 -1652 1
289 570 m2 324575 1.81806045e-05 0.5 p-1 -530198 73
529 571 m2 324796 0.00179354579 0.5 p-1 -1893713 397
1438 572 m2 324837 -0.00540721789 0.5 p-1 -25806 12
1444 573 m2 324895 1.30575918e-05 0.5 p-1 -29709 6
530 574 m2 325680 0.0313501507 0.5 p-1 -85589 80
1057 575 m2 325778 2.93326793e-05 0.5 p-1 -152331 81
1695 576 m2 327160 -0.0102292392 0.5 p-1 -6038 1
410 578 m2 328046 -0.0180685539 0.5 p-1 -432506 364
1375 579 m2 328305 0.0331555568 0.5 p-1 -4180 3
1031 580 m2 328367 -0.00177661725 0.5 p-1 -65570 43
79 581 m2 328494 0.00113257242 0.5 p-1 -2519078 1368
1189 584 m2 330273 -0.0223806016 0.5 p-1 -37018 17
1309 585 m2 330362 -0.0279544592 0.5 p-1 -40355 8
290 587 m2 331531 -0.00359035912 0.5 p-1 -4018134 656
1671 588 m2 331817 -0.00840049051 0.5 p-1 -157343 3
1311 589 m2 332305 0.000490214035 0.5 p-1 -1044463 19
1572 590 m2 333092 -0.00268320995 0.5 p-1 -27350 4
1614 591 m2 333093 0.000238172564 0.5 p-1 -9304 5
1702 593 m2 334436 -0.0156728495 0.5 p-1 -64161 3
938 594 m2 334967 0.00665452052 0.5 p-1 -15626 30
889 595 m2 335504 0.0334819593 0.5 p-1 -118809 71
850 596 m2 335590 -0.00131909864 0.5 p-1 -783201 253
1458 597 m2 336059 -0.00344679318 0.5 p-1 -112341 8
1450 599 m2 336809 0.00295058265 0.5 p-1 -66362 7
81 600 m2 337634 -0.00618079212 0.5 p-1 -2827171 1129
809 602 m2 337875 0.00388719514 0.5 p-1 -461254 238
82 603 m2 338186 8.07115248e-06 0.5 p-1 -4334615 1977
1705 604 m2 338698 3.51799572e-05 0.5 p-1 -35507 3
83 605 m2 338890 0.00519504072 0.5 p-1 -3142525 831
531 608 m2 341542 -0.000192938198 0.5 p-1 -1063589 165
291 609 m2 342840 -0.000259472581 0.5 p-1 -33137 5
939 611 m2 343028 -0.000591255783 0.5 p-1 -76934 33
292 612 m2 343516 -0.0280752536 0.5 p-1 -3074735 244
84 613 m2 343894 -5.52214078e-05 0.5 p-1 -2423225 1750
85 614 m2 343905 0.0128998496 0.5 p-1 -3474845 1750
940 615 m2 344143 -0.0177249182 0.5 p-1 -752868 43
1396 616 m2 344784 -0.000930434791 0.5 p-1 -337177 20
1026 618 m2 344994 0.0255256444 0.5 p-1 -227988 100
1027 621 m2 346908 9.43518753e-05 0.5 p-1 -95563 68
606 624 m2 347706 1.83966858e-06 0.5 p-1 -68749 34
941 625 m2 347940 -0.0393405743 0.5 p-1 -698745 247
1475 626 m2 348146 -0.000237753804 0.5 p-1 -2102 1
1012 627 m2 348149 -1.37636844e-05 0.5 p-1 -5498 5
866 628 m2 348338 -0.00337834959 0.5 p-1 -17799 43
86 629 m2 348403 -0.0223390199 0.5 p-1 -2971386 794
1197 630 m2 348579 0.00576560525 0.5 p-1 -68572 30
851 631 m2 348924 0.00140490301 0.5 p-1 -894572 218
295 634 m2 350194 -0.0344082639 0.5 p-1 -6233622 864
1621 636 m2 351273 -3.85517618e-09 0.5 p-1 -2138 3
1465 637 m2 351408 8.10826969e-05 0.5 p-1 -51422 15
412 638 m2 352327 -1.40078168e-06 0.5 p-1 -1859716 780
953 640 m2 352678 0.00030505209 0.5 p-1 -94963 76
87 643 m2 353946 -0.0189802237 0.5 p-1 -1351349 1653
297 646 m2 354256 -0.0179838296 0.5 p-1 -864299 963
1231 647 m2 354309 -0.0629310533 0.5 p-1 -46836 27
88 648 m2 354548 -0.00765336957 0.5 p-1 -3413908 1230
943 649 m2 355616 -0.000931390678 0.5 p-1 -331739 51
413 650 m2 356350 0.00388124632 0.5 p-1 -438072 346
298 651 m2 357176 0.0333512202 0.5 p-1 -311448 162
979 653 m2 357864 -3.377748e-05 0.5 p-1 -27570 18
532 654 m2 357911 -0.014160363 0.5 p-1 -500141 108
1529 655 m2 358546 -0.00127635768 0.5 p-1 -15458 5
988 656 m2 358638 0.0108253825 0.5 p-1 -414643 21
299 657 m2 360014 0.0275696851 0.5 p-1 -2026443 1490
926 658 m2 360071 -0.0301628802 0.5 p-1 -41746 35
414 661 m2 363121 6.12444319e-06 0.5 p-1 -1679490 1035
415 662 m2 363166 -0.00215884461 0.5 p-1 -1229689 474
1216 663 m2 363373 1.3347341e-08 0.5 p-1 -405490 24
89 664 m2 363943 0.0396814756 0.5 p-1 -9714469 1547
1103 666 m2 364846 0.00396034028 0.5 p-1 -160633 89
585 667 m2 365994 4.66698702e-06 0.5 p-1 -4282178 173
1116 668 m2 366159 0.0186243076 0.5 p-1 -138871 8
90 669 m2 366948 -2.20225484e-05 0.5 p-1 -4459447 971
890 670 m2 367493 -6.79477921e-07 0.5 p-1 -3696913 262
1688 671 m2 368230 0.0053533162 0.5 p-1 -40459 2
1265 673 m2 369081 -0.00604046462 0.5 p-1 -101768 29
1249 674 m2 369211 -0.0107344622 0.5 p-1 -63724 12
1170 676 m2 371240 -0.00492239418 0.5 p-1 -20555 7
1626 677 m2 371252 -0.101924039 0.5 p-1 -44070 3
891 678 m2 371339 -0.0537151881 0.5 p-1 -916060 137
487 679 m2 371387 -7.78946951e-09 0.5 p-1 -203359 20
1627 680 m2 371434 0.0111538703 0.5 p-1 -50940 3
91 681 m2 371502 0.0508725494 0.5 p-1 -1353804 604
1633 683 m2 371667 -1.23974969e-05 0.5 p-1 -162705 2
780 684 m2 371694 0.00300881662 0.5 p-1 -158962 158
1312 685 m2 372718 2.43245704e-05 0.5 p-1 -5527 2
533 686 m2 373873 0.0267451312 0.5 p-1 -886325 359
488 687 m2 374319 -0.0158770792 0.5 p-1 -1579845 138
534 688 m2 374953 -0.000200529437 0.5 p-1 -1803096 543
93 689 m2 375414 -0.00425573811 0.5 p-1 -1749093 907
1028 690 m2 375530 0.0106141083 0.5 p-1 -138081 64
94 692 m2 376275 -0.00271598483 0.5 p-1 -5224384 1221
1506 693 m2 376298 0.000694543298 0.5 p-1 -137475 18
954 694 m2 376546 0.0021066675 0.5 p-1 -88293 39
95 696 m2 376938 0.0182749145 0.5 p-1 -3861425 1567
927 697 m2 377226 -7.47764425e-05 0.5 p-1 -505843 109
1464 698 m2 377926 -0.0100129927 0.5 p-1 -9164 2
1698 699 m2 379924 -0.0032996512 0.5 p-1 -55731 6
810 701 m2 380986 8.59150584e-10 0.5 p-1 -20397 69
607 702 m2 382308 0.00219245232 0.5 p-1 -875299 349
1080 703 m2 383309 0.0138497613 0.5 p-1 -4215 7
1576 704 m2 384287 -1.12638013e-07 0.5 p-1 -35127 5
1502 705 m2 385302 0.0180937517 0.5 p-1 -28363 8
535 706 m2 385481 0.000204145326 0.5 p-1 -458368 102
97 707 m2 385527 0.0136964573 0.5 p-1 -191946 332
928 708 m2 386669 0.00323767797 0.5 p-1 -29780 7
416 709 m2 387165 0.000388671266 0.5 p-1 -312279 340
1006 710 m2 387215 0.00632834854 0.5 p-1 -140910 45
686 711 m2 387346 0.0246336311 0.5 p-1 -117200 55
417 712 m2 387374 0.0353538431 0.5 p-1 -389570 503
892 713 m2 388115 0.0353094935 0.5 p-1 -35606 27
300 715 m2 391931 -0.0124270627 0.5 p-1 -5353058 50
1443 717 m2 393552 0.0538537689 0.5 p-1 -17805 6
1486 719 m2 394122 0.00225757482 0.5 p-1 -188551 2
1699 720 m2 394144 0.00619678106 0.5 p-1 -5010 5
1544 721 m2 394690 -0.00417645182 0.5 p-1 -11536 8
1487 722 m2 394717 -0.00952604692 0.5 p-1 -4552 2
796 723 m2 395723 7.57337966e-06 0.5 p-1 -1203014 195
687 724 m2 396122 0.0216810405 0.5 p-1 -8875662 46
1469 725 m2 396336 -6.57501296e-05 0.5 p-1 -39552 2
608 726 m2 396427 -0.00226453319 0.5 p-1 -2191193 961
688 727 m2 397271 -1.70467174e-05 0.5 p-1 -210796 19
100 729 m2 397732 1.2862999e-05 0.5 p-1 -4575664 1035
537 733 m2 401796 0.00361636071 0.5 p-1 -2355622 951
1480 735 m2 405327 2.35883217e-05 0.5 p-1 -54761 11
893 736 m2 405901 0.00171671296 0.5 p-1 -54353 15
301 737 m2 405941 0.00418129331 0.5 p-1 -1527988 1350
1439 738 m2 406161 0.000103680235 0.5 p-1 -521311 9
538 739 m2 406293 -0.145538777 0.5 p-1 -1571298 399
103 742 m2 407703 -0.000107854525 0.5 p-1 -733144 710
1511 744 m2 407946 1.75415626e-05 0.5 p-1 -44112 5
955 745 m2 408107 -0.0001540222 0.5 p-1 -204576 61
1364 746 m2 408653 1.64457037e-06 0.5 p-1 -20655 7
539 747 m2 409553 0.0100657484 0.5 p-1 -5030113 824
540 748 m2 409580 0.000789193786 0.5 p-1 -4089437 839
1365 751 m2 411583 0.000561793975 0.5 p-1 -19006 7
1045 752 m2 412343 -0.000866306713 0.5 p-1 -277984 45
1523 755 m2 415145 -1.09343e-06 0.5 p-1 -33959 13
418 756 m2 415593 0.00346099469 0.5 p-1 -672817 292
1267 757 m2 416023 0.00565977255 0.5 p-1 -50792 11
1736 758 m2 416226 1.77476224e-07 0.5 p-1 -159 1
1653 759 m2 416262 -0.00278866035 0.5 p-1 -19969 1
1718 761 m2 418803 -0.00241293036 0.5 p-1 -8528 1
1074 762 m2 420646 -0.000789731799 0.5 p-1 -1596840 126
758 765 m2 422513 0.00820650253 0.5 p-1 -90319 13
419 766 m2 422732 0.000852622848 0.5 p-1 -429342 203
541 767 m2 422778 -5.09169404e-05 0.5 p-1 -747395 419
1371 768 m2 423152 3.67431239e-05 0.5 p-1 -234890 19
1221 769 m2 423704 0.0301933885 0.5 p-1 -133937 26
956 771 m2 424340 0.00206602388 0.5 p-1 -1065904 208
302 772 m2 424452 -0.00208745967 0.5 p-1 -4791663 1042
303 773 m2 424657 0.0111951279 0.5 p-1 -3747386 949
1203 774 m2 424779 0.00829270016 0.5 p-1 -117115 31
304 775 m2 425502 -0.0531703755 0.5 p-1 -1640341 520
609 777 m2 428159 -0.000684642349 0.5 p-1 -1531483 175
107 778 m2 428326 -7.01997169e-06 0.5 p-1 -1265877 1189
108 780 m2 428853 0.00567869283 0.5 p-1 -1173657 210
109 783 m2 431673 -0.00031964021 0.5 p-1 -1685740 1446
1090 784 m2 432529 -0.00270493887 0.5 p-1 -88871 66
489 785 m2 432956 0.00628203293 0.5 p-1 -524683 170
110 786 m2 433096 0.00384595268 0.5 p-1 -5425268 1546
111 787 m2 433236 0.0104492428 0.5 p-1 -5297744 1603
1236 789 m2 434663 -5.36112807e-08 0.5 p-1 -213958 12
853 790 m2 434981 -0.00138679205 0.5 p-1 -977849 212
420 791 m2 435597 -0.000757836679 0.5 p-1 -1709544 619
1652 793 m2 436362 0.0041501075 0.5 p-1 -105982 2
1509 794 m2 436458 -0.00687181111 0.5 p-1 -439337 6
421 795 m2 436535 -0.0226539727 0.5 p-1 -3887253 524
1038 796 m2 436735 -0.000523379073 0.5 p-1 -638995 13
1194 797 m2 438003 -0.00453217234 0.5 p-1 -9756 3
112 799 m2 439354 0.0160438679 0.5 p-1 -305295 195
422 801 m2 440608 0.0278785191 0.5 p-1 -502512 141
306 802 m2 441038 -0.149036482 0.5 p-1 -1512337 149
490 804 m2 441171 -0.0352260023 0.5 p-1 -1080273 658
1046 805 m2 441267 -0.00463131862 0.5 p-1 -6715 7
1335 807 m2 441417 -0.00185653137 0.5 p-1 -108244 29
113 809 m2 442791 0.00121767051 0.5 p-1 -1849393 469
974 810 m2 442832 -2.84399789e-07 0.5 p-1 -30252 24
1459 815 m2 448372 0.0985374525 0.5 p-1 -135609 13
586 816 m2 448732 0.00164210424 0.5 p-1 -852413 160
587 817 m2 449293 -0.00411692681 0.5 p-1 -284471 217
725 818 m2 449331 0.00526907528 0.5 p-1 -3621504 56
114 819 m2 449790 0.0430818759 0.5 p-1 -405989 626
1407 820 m2 450982 -0.00386094349 0.5 p-1 -4054 5
1122 821 m2 452104 -0.00142862217 0.5 p-1 -962099 119
308 822 m2 452220 -0.00381720928 0.5 p-1 -381630 132
726 823 m2 452233 0.000825943251 0.5 p-1 -559605 207
1123 824 m2 452283 -0.010382005 0.5 p-1 -63918 53
727 825 m2 452497 -0.0548591278 0.5 p-1 -3587824 18
115 827 m2 453021 9.80077675e-05 0.5 p-1 -4739459 264
876 830 m2 454934 0.0146579761 0.5 p-1 -154180 155
116 832 m2 459069 -0.00196366245 0.5 p-1 -109760 134
877 833 m2 459082 -0.00323698577 0.5 p-1 -118793 102
117 835 m2 460753 -0.00892374385 0.5 p-1 -448216 350
493 837 m2 462619 0.00495898584 0.5 p-1 -11466795 334
119 838 m2 463475 -0.000469718536 0.5 p-1 -4575796 1488
960 840 m2 466866 0.00415876601 0.5 p-1 -317301 54
1674 841 m2 467767 -0.00751563767 0.5 p-1 -8706 1
1238 842 m2 468224 9.37725815e-07 0.5 p-1 -106619 3
309 844 m2 468797 -0.00430466421 0.5 p-1 -4541520 763
423 845 m2 469503 0.00760942372 0.5 p-1 -2146235 277
120 846 m2 472012 0.0573868565 0.5 p-1 -1597856 1406
1217 847 m2 472507 0.00707110856 0.5 p-1 -7131220 46
612 848 m2 472994 -0.000165989739 0.5 p-1 -450242 157
1431 849 m2 473679 0.00870415568 0.5 p-1 -222767 13
1129 850 m2 476159 0.0221831668 0.5 p-1 -43334 17
121 853 m2 477482 0.0529748276 0.5 p-1 -4415610 501
1097 855 m2 477780 -0.00419151783 0.5 p-1 -385703 60
1507 856 m2 479138 -2.12232771e-05 0.5 p-1 -3233 5
1157 857 m2 479378 0.0250535496 0.5 p-1 -18279 32
122 859 m2 479940 -0.000292040524 0.5 p-1 -1670692 771
812 862 m2 483551 -0.00961747579 0.5 p-1 -315444 98
1481 864 m2 484391 0.000123615464 0.5 p-1 -53194 6
961 866 m2 486210 -0.0115522658 0.5 p-1 -298434 84
1020 867 m2 486285 -0.00292535801 0.5 p-1 -1132340 10
544 868 m2 486549 -0.000137976895 0.5 p-1 -4858942 838
494 869 m2 486840 0.00892653316 0.5 p-1 -1334752 119
1190 870 m2 486858 -0.0125885922 0.5 p-1 -1477154 159
424 872 m2 488884 0.000278303516 0.5 p-1 -1387263 253
546 873 m2 493897 -1.47056016e-06 0.5 p-1 -884686 578
1253 874 m2 494195 0.00922769215 0.5 p-1 -583667 19
1567 876 m2 495459 1.33408803e-05 0.5 p-1 -18469 7
1158 877 m2 495526 0.00727852015 0.5 p-1 -68179 25
1546 878 m2 495861 0.00193037186 0.5 p-1 -167716 7
310 880 m2 497542 -0.00238547055 0.5 p-1 -6922233 672
690 883 m2 498840 -0.189234942 0.5 p-1 -3006430 65
1366 884 m2 498906 -7.41758267e-05 0.5 p-1 -35882 11
125 885 m2 498956 -0.000699085649 0.5 p-1 -389637 503
1159 889 m2 500790 -0.000404624181 0.5 p-1 -53909 16
311 890 m2 501124 -0.0112320771 0.5 p-1 -313723 108
1354 891 m2 501959 -5.62460009e-05 0.5 p-1 -275249 50
1608 893 m2 502671 0.00168428547 0.5 p-1 -608 4
495 894 m2 502688 4.6511901e-05 0.5 p-1 -4192966 82
1139 895 m2 502737 -5.0848379e-05 0.5 p-1 -120937 6
1388 896 m2 503813 0.00487691537 0.5 p-1 -31351 10
798 897 m2 503949 0.00300267269 0.5 p-1 -2515021 670
127 899 m2 505846 0.0463263243 0.5 p-1 -658375 1069
1245 901 m2 507313 0.000393234572 0.5 p-1 -1614989 99
1268 903 m2 510299 -9.26275243e-05 0.5 p-1 -34504 31
930 904 m2 511710 -0.00474980334 0.5 p-1 -2922234 142
128 905 m2 512905 -0.00240914384 0.5 p-1 -1685285 417
1399 906 m2 513174 -0.0450933576 0.5 p-1 -27368 35
1039 907 m2 513419 -0.00440977374 0.5 p-1 -1407538 76
588 908 m2 514028 0.00144902745 0.5 p-1 -4086670 544
1384 910 m2 515149 -0.0260030106 0.5 p-1 -10961 6
1306 912 m2 515935 -0.0022347928 0.5 p-1 -3578 9
1628 913 m2 516127 -0.00250186073 0.5 p-1 -29682 1
425 914 m2 516299 -0.00997796748 0.5 p-1 -984855 356
1629 915 m2 516635 -0.00241744099 0.5 p-1 -24561 1
841 916 m2 516955 -0.00577204907 0.5 p-1 -630178 214
129 917 m2 517025 -6.54289897e-06 0.5 p-1 -2915568 843
589 920 m2 519833 0.00168554683 0.5 p-1 -543978 222
1233 922 m2 520255 -0.0239880383 0.5 p-1 -72162 26
1300 923 m2 520685 -0.000721800607 0.5 p-1 -31866 13
931 924 m2 521679 -3.87827459e-09 0.5 p-1 -208236 98
842 925 m2 522507 1.84064847e-05 0.5 p-1 -72708 18
730 926 m2 523022 0.00741493469 0.5 p-1 -636915 137
590 927 m2 523082 0.00103453232 0.5 p-1 -3078893 378
1193 928 m2 523478 0.0569779091 0.5 p-1 -358592 38
731 930 m2 524661 0.00134011696 0.5 p-1 -706803 115
691 931 m2 524726 7.78807735e-05 0.5 p-1 -893725 359
1292 932 m2 525125 0.00101170165 0.5 p-1 -1451311 74
1254 933 m2 525808 -0.003476087 0.5 p-1 -3772 5
1470 934 m2 526404 -0.00039100775 0.5 p-1 -288456 17
1280 935 m2 527849 -0.000286701979 0.5 p-1 -78405 12
591 936 m2 529424 0.000100531717 0.5 p-1 -495147 184
131 937 m2 530012 0.0106556192 0.5 p-1 -2646628 1114
944 938 m2 530285 -0.000181767478 0.5 p-1 -292514 80
1361 939 m2 530449 9.17821308e-05 0.5 p-1 -84178 29
782 940 m2 531089 0.000715211907 0.5 p-1 -146980 150
692 941 m2 531343 -6.34024618e-05 0.5 p-1 -1834173 281
1359 942 m2 531472 -0.00249688071 0.5 p-1 -156953 49
693 943 m2 531616 0.00877533481 0.5 p-1 -665373 87
760 944 m2 532286 -0.00094340276 0.5 p-1 -278709 88
1471 945 m2 533483 -0.0287469123 0.5 p-1 -18504 12
313 947 m2 533678 0.00408885535 0.5 p-1 -4802027 1335
962 948 m2 534003 -0.00128670712 0.5 p-1 -29274 14
314 949 m2 535255 0.00754251052 0.5 p-1 -4232531 1140
1532 950 m2 535379 0.000137158044 0.5 p-1 -883 11
613 952 m2 535845 9.91022443e-06 0.5 p-1 -808575 180
132 955 m2 537167 0.000935774646 0.5 p-1 -3292467 948
1678 956 m2 537267 0.00135828741 0.5 p-1 -87461 3
1262 957 m2 537477 0.0527539961 0.5 p-1 -107209 18
1622 959 m2 538183 0.0053864345 0.5 p-1 -3835 3
1432 960 m2 539008 -0.00073332648 0.5 p-1 -50487 15
1269 961 m2 539568 0.048456125 0.5 p-1 -18910 9
615 963 m2 541124 2.05577271e-05 0.5 p-1 -566664 235
315 964 m2 541509 -0.0026843443 0.5 p-1 -2515981 418
694 965 m2 541639 -0.00563688483 0.5 p-1 -985559 156
695 968 m2 542882 0.00416944409 0.5 p-1 -510703 325
426 969 m2 543603 -0.00086798775 0.5 p-1 -33614 22
1066 970 m2 544085 0.000733186898 0.5 p-1 -138012 23
761 971 m2 544106 -0.00524038635 0.5 p-1 -1001823 32
732 972 m2 544205 -0.254533052 0.5 p-1 -933603 96
1060 973 m2 544647 -0.0263665114 0.5 p-1 -353788 74
814 974 m2 544670 7.14523139e-07 0.5 p-1 -868384 216
316 977 m2 546624 0.0206004679 0.5 p-1 -1400407 352
1603 978 m2 547900 0.0039489707 0.5 p-1 -101545 5
815 979 m2 548482 0.00220708479 0.5 p-1 -319953 102
1328 980 m2 548722 0.000282620749 0.5 p-1 -39000 12
428 981 m2 549418 -0.000189404629 0.5 p-1 -1049891 536
1386 982 m2 550541 -0.00230220659 0.5 p-1 -126457 18
733 983 m2 550561 -0.0547456965 0.5 p-1 -503303 320
1040 984 m2 550667 -0.0574456118 0.5 p-1 -344230 126
317 986 m2 551632 2.6130092e-05 0.5 p-1 -1685895 965
496 988 m2 552480 -0.000353996205 0.5 p-1 -2402576 343
1570 990 m2 552622 -2.1901491e-05 0.5 p-1 -49370 5
1609 991 m2 552623 0.0297679547 0.5 p-1 -4145 1
1130 992 m2 553485 0.00268626376 0.5 p-1 -10796 25
945 993 m2 553600 0.0448987111 0.5 p-1 -605802 40
799 994 m2 554419 0.00337454025 0.5 p-1 -348289 128
1737 996 m2 554610 0.00763572613 0.5 p-1 -273333 1
734 998 m2 555504 -0.00220701098 0.5 p-1 -248626 170
1232 999 m2 555566 -0.00376882544 0.5 p-1 -29802 16
1198 1002 m2 556973 -0.0091319615 0.5 p-1 -303453 72
137 1004 m2 559456 -0.000765139994 0.5 p-1 -2516129 211
1397 1005 m2 560499 -0.0059265336 0.5 p-1 -70105 14
762 1006 m2 560712 0.0050739483 0.5 p-1 -550010 207
1743 1007 m2 561293 -0.00941531081 0.5 p-1 -24220 1
593 1008 m2 562062 -0.000695926428 0.5 p-1 -3712303 386
1408 1012 m2 564698 0.0059190169 0.5 p-1 -81060 7
1742 1015 m2 566271 -0.00816475879 0.5 p-1 -30212 1
1583 1016 m2 567450 0.000933028467 0.5 p-1 -55257 2
140 1017 m2 569604 -0.00526748225 0.5 p-1 -232578 79
594 1019 m2 570682 -0.00423237262 0.5 p-1 -367958 295
783 1020 m2 571767 0.00209108507 0.5 p-1 -3455 6
141 1021 m2 572951 -0.000528360717 0.5 p-1 -2301209 1496
1351 1022 m2 572955 -0.000633426826 0.5 p-1 -12403 15
1651 1023 m2 573209 0.021969635 0.5 p-1 -9073 5
595 1024 m2 573210 -4.68558561e-08 0.5 p-1 -3883836 192
142 1025 m2 573765 0.00661239075 0.5 p-1 -3200923 1936
1472 1026 m2 574384 -0.0150987748 0.5 p-1 -66352 6
433 1027 m2 574759 0.0489742607 0.5 p-1 -1576046 482
1404 1028 m2 574821 1.27901603e-05 0.5 p-1 -539246 16
1271 1030 m2 575884 -0.00655645551 0.5 p-1 -68276 25
784 1031 m2 576233 -0.00187500834 0.5 p-1 -499943 106
1610 1032 m2 576511 3.35191762e-05 0.5 p-1 -93501 3
318 1033 m2 577122 0.0155590782 0.5 p-1 -1838577 848
497 1036 m2 579168 -0.0223892368 0.5 p-1 -358211 117
547 1037 m2 579172 -0.00210296852 0.5 p-1 -2187544 514
1676 1038 m2 581123 -0.0270483568 0.5 p-1 -14843 3
143 1039 m2 581163 0.0104068397 0.5 p-1 -3056533 1600
319 1040 m2 582416 0.0195085052 0.5 p-1 -248209 174
144 1041 m2 582912 -0.000103941391 0.5 p-1 -5418945 1676
1297 1042 m2 583685 -0.00026195083 0.5 p-1 -148878 5
617 1044 m2 584068 0.000265663461 0.5 p-1 -1600191 160
868 1046 m2 584260 -1.89347338e-06 0.5 p-1 -233167 153
1315 1047 m2 584416 0.00518299825 0.5 p-1 -36704 14
1342 1048 m2 585199 -0.00640569115 0.5 p-1 -1877987 17
434 1049 m2 585272 0.0208359156 0.5 p-1 -255401 352
696 1051 m2 585942 -3.58354555e-05 0.5 p-1 -71611 71
548 1055 m2 586770 0.000327798858 0.5 p-1 -342694 322
1656 1057 m2 587993 0.0500976704 0.5 p-1 -385807 1
1429 1058 m2 588447 0.00376076112 0.5 p-1 -91489 3
1013 1060 m2 591786 -0.000185639379 0.5 p-1 -347402 122
1179 1061 m2 592238 0.000551450008 0.5 p-1 -117656 5
145 1063 m2 593415 0.0658100918 0.5 p-1 -4526039 1334
1593 1064 m2 593832 0.0182292666 0.5 p-1 -7383 9
1569 1066 m2 594249 0.00868496019 0.5 p-1 -33125 13
1077 1068 m2 596655 1.42020127e-07 0.5 p-1 -53130 16
919 1069 m2 597275 0.00921492931 0.5 p-1 -25983 52
1166 1072 m2 601398 -0.00559886824 0.5 p-1 -29945 15
1549 1074 m2 603527 -1.20777236e-06 0.5 p-1 -75274 25
1209 1075 m2 605175 -0.0048393188 0.5 p-1 -92563 19
878 1076 m2 605601 3.7079204e-05 0.5 p-1 -62270 56
1161 1077 m2 606095 0.000248063647 0.5 p-1 -27987 35
435 1079 m2 606806 -0.029311819 0.5 p-1 -319555 246
436 1080 m2 607100 -3.27452709e-09 0.5 p-1 -637740 182
735 1083 m2 608798 -0.0486572981 0.5 p-1 -1020413 621
1577 1084 m2 609233 0.00625126623 0.5 p-1 -672 1
1091 1087 m2 611536 0.0346710458 0.5 p-1 -2347 7
549 1088 m2 611753 0.000220579721 0.5 p-1 -25926 36
1183 1089 m2 611770 0.00244705984 0.5 p-1 -197126 72
1604 1090 m2 612167 0.0146598285 0.5 p-1 -6155 1
150 1092 m2 613243 0.0114613706 0.5 p-1 -2213287 836
151 1093 m2 613782 -0.000622606254 0.5 p-1 -1673912 1275
1131 1094 m2 613872 0.000136490169 0.5 p-1 -2212668 83
438 1095 m2 614117 0.0698343441 0.5 p-1 -2595034 670
1654 1096 m2 615153 0.0636117458 0.5 p-1 -29598 2
320 1098 m2 616865 0.0388407931 0.5 p-1 -264098 155
817 1099 m2 616885 0.0132001285 0.5 p-1 -2128196 88
1062 1101 m2 617722 -9.28379109e-07 0.5 p-1 -49505 80
1330 1103 m2 619992 -0.00089848059 0.5 p-1 -175529 5
1483 1104 m2 620072 -2.51221309e-06 0.5 p-1 -12064 2
153 1106 m2 620271 -0.0127007123 0.5 p-1 -180660 142
1605 1107 m2 620469 -0.00052223634 0.5 p-1 -16200 1
551 1108 m2 620520 -0.00109178864 0.5 p-1 -1066128 296
1599 1111 m2 622998 -0.00680724951 0.5 p-1 -2851 3
737 1112 m2 624115 -0.00481553562 0.5 p-1 -819895 449
1642 1113 m2 624265 0.0177939739 0.5 p-1 -7691 6
1618 1120 m2 628727 -0.0218749195 0.5 p-1 -6353 3
155 1121 m2 629060 -0.00420586579 0.5 p-1 -3082031 1699
156 1122 m2 629740 0.0241159294 0.5 p-1 -3035616 606
596 1124 m2 630064 -0.000410977227 0.5 p-1 -802182 245
879 1125 m2 630244 -0.000844251132 0.5 p-1 -1150634 359
829 1126 m2 630324 0.000766703801 0.5 p-1 -248526 176
439 1127 m2 631279 -0.00853517 0.5 p-1 -271371 140
1117 1129 m2 631635 5.5543893e-07 0.5 p-1 -170972 12
1416 1130 m2 632303 -0.00153669133 0.5 p-1 -75565 2
1538 1131 m2 633219 -0.0866343826 0.5 p-1 -124010 10
158 1132 m2 633525 -2.3152872e-05 0.5 p-1 -13670 120
1539 1133 m2 634008 0.00112596329 0.5 p-1 -12285 7
322 1134 m2 635061 -1.2369911e-05 0.5 p-1 -3458140 1386
980 1135 m2 635154 0.00698676147 0.5 p-1 -416355 188
963 1136 m2 638796 0.011777564 0.5 p-1 -134928 72
1419 1138 m2 640105 -0.00906879175 0.5 p-1 -5477 3
1738 1139 m2 641232 0.0185411125 0.5 p-1 -6915 1
160 1140 m2 641450 0.0126140323 0.5 p-1 -5626875 1395
738 1141 m2 642896 -0.00147356349 0.5 p-1 -5400545 474
552 1142 m2 643473 0.0600987338 0.5 p-1 -4228125 448
162 1143 m2 645429 0.000231880666 0.5 p-1 -7433972 850
964 1144 m2 645774 -0.0238896608 0.5 p-1 -2317500 107
933 1146 m2 646316 0.00533143245 0.5 p-1 -189712 157
1411 1148 m2 649028 -0.0582366548 0.5 p-1 -9593 9
553 1149 m2 649103 -0.000832377002 0.5 p-1 -707142 349
1430 1151 m2 651274 0.00137233082 0.5 p-1 -49929 2
164 1152 m2 651959 -0.000222358824 0.5 p-1 -11414466 1936
1204 1153 m2 652646 0.000343647116 0.5 p-1 -598962 21
697 1154 m2 653576 -0.00590465777 0.5 p-1 -77052 76
441 1155 m2 654056 0.00233711279 0.5 p-1 -2759071 525
498 1156 m2 654221 0.000447839266 0.5 p-1 -2213901 331
1140 1157 m2 654231 -0.000217074994 0.5 p-1 -23432 27
166 1158 m2 654632 -4.79810797e-06 0.5 p-1 -4539637 943
1205 1159 m2 655587 0.000439165626 0.5 p-1 -141059 72
323 1160 m2 656149 -0.000540104753 0.5 p-1 -2475648 1300
830 1161 m2 656227 -0.0293485001 0.5 p-1 -1069059 225
1263 1163 m2 656870 0.00108064851 0.5 p-1 -66144 18
1584 1164 m2 657087 -0.00325583923 0.5 p-1 -4177 8
1387 1165 m2 657607 0.000419456628 0.5 p-1 -4734 8
895 1166 m2 658357 1.36241715e-06 0.5 p-1 -358611 218
1526 1168 m2 659343 0.0103533827 0.5 p-1 -34946 3
976 1170 m2 660589 -6.8498608e-05 0.5 p-1 -636887 304
167 1171 m2 661066 -0.00593937514 0.5 p-1 -3545968 1683
168 1172 m2 661359 0.000307721086 0.5 p-1 -617474 616
1210 1173 m2 661956 0.0481494069 0.5 p-1 -38663 13
1550 1174 m2 662205 0.0469310582 0.5 p-1 -343753 6
1451 1175 m2 663235 -0.00482929451 0.5 p-1 -128575 10
598 1176 m2 663516 -0.0593706481 0.5 p-1 -374671 100
169 1177 m2 663702 0.00101752393 0.5 p-1 -3506253 1040
1683 1178 m2 663743 -0.00104375847 0.5 p-1 -2048 2
1530 1179 m2 664604 -0.00421613688 0.5 p-1 -1352494 11
618 1181 m2 665803 0.0153246056 0.5 p-1 -1648223 113
855 1182 m2 665853 -0.00758747896 0.5 p-1 -311813 233
1141 1183 m2 666210 -1.88724862e-05 0.5 p-1 -13838 28
904 1184 m2 667721 0.0170624498 0.5 p-1 -215386 57
1264 1185 m2 667976 -8.78262796e-08 0.5 p-1 -133234 32
1531 1186 m2 668413 0.0050234315 0.5 p-1 -60595 10
599 1187 m2 668660 0.0320728645 0.5 p-1 -338533 223
818 1188 m2 670167 -0.00356740318 0.5 p-1 -32582 40
1142 1189 m2 670298 -0.00693507819 0.5 p-1 -1681493 36
1164 1191 m2 671026 0.0345518515 0.5 p-1 -116223 16
327 1192 m2 671165 -0.000590432959 0.5 p-1 -17965 17
1081 1193 m2 671199 -0.000407082582 0.5 p-1 -253121 210
1022 1194 m2 671613 0.000534182065 0.5 p-1 -561531 45
1379 1195 m2 673423 -3.50992668e-05 0.5 p-1 -37904 13
328 1199 m2 675764 -0.000152794193 0.5 p-1 -922955 253
1556 1200 m2 676205 0.0314563029 0.5 p-1 -22804 5
499 1201 m2 676623 -0.0167162381 0.5 p-1 -2491674 1120
170 1202 m2 676800 0.00336750038 0.5 p-1 -5821986 1126
1343 1203 m2 678133 0.00106295664 0.5 p-1 -7863 2
555 1204 m2 679457 -0.0825579539 0.5 p-1 -241172 43
843 1205 m2 679490 7.91996063e-05 0.5 p-1 -8790 13
329 1206 m2 679619 0.000938946789 0.5 p-1 -4288039 295
740 1207 m2 679799 0.0418364778 0.5 p-1 -514566 44
171 1208 m2 680286 0.000743738201 0.5 p-1 -1669533 1495
172 1211 m2 681887 -0.00421185279 0.5 p-1 -3200217 1259
173 1212 m2 682665 0.00119884044 0.5 p-1 -2130442 386
175 1213 m2 683483 0.000468350918 0.5 p-1 -2800832 1033
556 1214 m2 683721 -0.00154997257 0.5 p-1 -292364 144
946 1217 m2 685279 -0.000224186035 0.5 p-1 -1560860 121
657 1218 m2 687781 -0.0253147017 0.5 p-1 -8307 21
330 1219 m2 689160 -4.35241236e-05 0.5 p-1 -4032824 1053
331 1222 m2 690382 0.00178738195 0.5 p-1 -2081700 298
332 1223 m2 691196 -0.0192041788 0.5 p-1 -2478558 174
176 1224 m2 691225 0.000480787276 0.5 p-1 -899670 868
934 1225 m2 693416 0.00152905774 0.5 p-1 -682961 85
698 1226 m2 693622 -4.94490769e-06 0.5 p-1 -6915205 306
177 1227 m2 694142 -0.00132628565 0.5 p-1 -2933188 1643
1460 1228 m2 694261 3.93562641e-06 0.5 p-1 -223113 42
658 1230 m2 696791 0.000292560318 0.5 p-1 -1793483 252
178 1231 m2 697358 0.00155122345 0.5 p-1 -2687211 1442
1658 1232 m2 697562 0.00475780154 0.5 p-1 -3448 1
1426 1235 m2 698832 0.00366247818 0.5 p-1 -507085 10
180 1236 m2 698850 0.000537949149 0.5 p-1 -175438 205
831 1237 m2 699075 2.89505042e-05 0.5 p-1 -1717988 215
832 1238 m2 699523 1.00884427e-06 0.5 p-1 -1653834 345
1058 1239 m2 699538 -7.28659461e-06 0.5 p-1 -329226 39
1707 1240 m2 699980 0.107895277 0.5 p-1 -6263 3
557 1241 m2 701041 -0.00998972077 0.5 p-1 -3404620 814
1362 1242 m2 701665 -0.00599573646 0.5 p-1 -33202 16
558 1243 m2 702327 0.00212073117 0.5 p-1 -3751544 216
559 1244 m2 702741 -0.0584268868 0.5 p-1 -2148148 49
763 1248 m2 705836 0.00330935512 0.5 p-1 -2194913 309
181 1249 m2 706725 -0.000553092454 0.5 p-1 -2924799 1635
1466 1250 m2 706985 0.00301880669 0.5 p-1 -67151 2
333 1251 m2 707210 -3.71650349e-05 0.5 p-1 -10071823 1491
935 1252 m2 707229 -1.45619481e-07 0.5 p-1 -3969598 349
442 1253 m2 708266 0.000278914522 0.5 p-1 -2320552 75
844 1255 m2 709251 -0.00100723363 0.5 p-1 -774186 81
183 1258 m2 710561 -2.12721407e-05 0.5 p-1 -1703014 734
957 1259 m2 710791 0.000161693766 0.5 p-1 -51862 14
1447 1261 m2 712113 0.000105261679 0.5 p-1 -28578 11
1740 1262 m2 712251 0.000987806357 0.5 p-1 -15453 1
185 1263 m2 712521 -0.014994028 0.5 p-1 -920078 363
443 1264 m2 713076 -0.000562412257 0.5 p-1 -3075844 1206
999 1267 m2 714067 7.07837626e-06 0.5 p-1 -432144 212
444 1269 m2 714929 -0.000583112938 0.5 p-1 -6100245 408
833 1270 m2 716065 -0.000463473611 0.5 p-1 -198296 66
1110 1272 m2 717305 -0.0789381787 0.5 p-1 -662491 47
186 1273 m2 717413 0.00614813017 0.5 p-1 -2755869 193
880 1274 m2 718022 0.000106249528 0.5 p-1 -273692 67
600 1275 m2 718047 -0.00732862344 0.5 p-1 -228809 46
1677 1276 m2 718104 0.00133324636 0.5 p-1 -22842 2
620 1277 m2 719102 0.0117511246 0.5 p-1 -131263 64
187 1278 m2 719189 -0.000896128709 0.5 p-1 -1521269 1692
1467 1279 m2 719745 -0.00599923683 0.5 p-1 -3295 2
834 1281 m2 721388 8.4072657e-05 0.5 p-1 -5449 2
189 1283 m2 723113 -0.00545230741 0.5 p-1 -2521455 678
1226 1284 m2 723142 -0.0466136262 0.5 p-1 -274163 47
764 1286 m2 724716 1.75227655e-08 0.5 p-1 -1983071 84
1319 1287 m2 724735 -3.43481998e-09 0.5 p-1 -127971 13
845 1288 m2 725610 0.00275041722 0.5 p-1 -1421902 431
336 1289 m2 725744 -0.00803963188 0.5 p-1 -1077234 776
190 1295 m2 735201 0.00233643525 0.5 p-1 -3616112 1039
622 1296 m2 735527 -0.000845582807 0.5 p-1 -4164828 195
1104 1297 m2 735944 -0.00026202458 0.5 p-1 -29329 21
1664 1298 m2 736177 0.00303332624 0.5 p-1 -12634 2
870 1299 m2 737088 -0.00161176932 0.5 p-1 -276100 265
871 1300 m2 737575 0.0241838489 0.5 p-1 -256196 404
1049 1301 m2 737907 -0.000822989387 0.5 p-1 -3757 9
339 1304 m2 740154 0.00281884754 0.5 p-1 -1288660 816
1732 1305 m2 740891 0.000199984352 0.5 p-1 -8229 1
191 1306 m2 740902 -0.0112480875 0.5 p-1 -3444350 1665
446 1307 m2 741347 -0.00496954005 0.5 p-1 -3557244 758
1206 1309 m2 741894 9.4284318e-05 0.5 p-1 -56948 23
192 1310 m2 741929 -0.00172215456 0.5 p-1 -1864169 1891
1120 1311 m2 742114 -0.043139182 0.5 p-1 -91544 25
1498 1312 m2 742521 -0.011929011 0.5 p-1 -5437 9
1121 1313 m2 742635 0.000103292543 0.5 p-1 -119218 46
1059 1314 m2 744075 0.0047066221 0.5 p-1 -15076 21
1070 1315 m2 745941 0.00217326474 0.5 p-1 -521968 80
741 1316 m2 746045 -1.2049278e-06 0.5 p-1 -8101332 282
1050 1317 m2 746414 0.00132689159 0.5 p-1 -2513022 96
447 1318 m2 746467 -8.86417274e-06 0.5 p-1 -5871249 954
193 1319 m2 746998 -0.00749021117 0.5 p-1 -5155997 791
1558 1320 m2 747509 0.00141529343 0.5 p-1 -111830 9
1051 1321 m2 747883 -2.39535093e-05 0.5 p-1 -684304 61
1092 1322 m2 748752 -0.000239985297 0.5 p-1 -977807 86
194 1323 m2 749353 -0.00505731814 0.5 p-1 -1603203 234
1259 1325 m2 750420 -0.024634596 0.5 p-1 -395385 25
785 1326 m2 750739 -0.000627975794 0.5 p-1 -1154454 84
1504 1327 m2 750894 -0.000243155082 0.5 p-1 -21212 12
1500 1332 m2 753690 -0.000350185961 0.5 p-1 -13554 2
699 1334 m2 755446 -0.0116447667 0.5 p-1 -3547610 375
1389 1335 m2 755699 -0.000840349821 0.5 p-1 -130911 23
1227 1336 m2 755928 0.0666004196 0.5 p-1 -5576 10
195 1337 m2 755930 0.000179516093 0.5 p-1 -489706 145
196 1339 m2 756502 -0.00587906316 0.5 p-1 -7811004 686
1551 1340 m2 757342 -0.00103420462 0.5 p-1 -39387 7
1015 1341 m2 757467 -0.00241769198 0.5 p-1 -148050 113
1211 1342 m2 758027 -0.0157614145 0.5 p-1 -67741 12
1228 1343 m2 758107 0.000333632313 0.5 p-1 -33365 21
197 1344 m2 758341 -0.000114485942 0.5 p-1 -3912023 602
340 1345 m2 761138 -6.15674071e-06 0.5 p-1 -2019856 158
966 1346 m2 761352 -1.02215317e-05 0.5 p-1 -2001711 53
341 1348 m2 761837 0.000787002209 0.5 p-1 -861792 128
947 1349 m2 762020 -0.000331500079 0.5 p-1 -276845 119
836 1351 m2 762755 0.000720877724 0.5 p-1 -74352 38
199 1352 m2 763018 0.0607995316 0.5 p-1 -8473227 503
767 1353 m2 763340 0.0216038376 0.5 p-1 -121128 39
936 1355 m2 764569 0.00220432621 0.5 p-1 -78553 120
1600 1356 m2 764724 -8.1901203e-07 0.5 p-1 -38774 7
1420 1357 m2 764876 -0.036092788 0.5 p-1 -186653 7
1403 1358 m2 765229 0.00303889904 0.5 p-1 -2709429 18
623 1359 m2 765422 0.000439703261 0.5 p-1 -1760309 542
967 1360 m2 768672 -0.0649411082 0.5 p-1 -10027 2
1635 1362 m2 771339 -0.000346649322 0.5 p-1 -15790 4
449 1363 m2 772988 4.05534665e-05 0.5 p-1 -502387 609
1132 1364 m2 774128 3.89632987e-05 0.5 p-1 -41962 41
501 1365 m2 774677 0.00233348948 0.5 p-1 -2582700 742
1082 1366 m2 774707 -6.85929408e-05 0.5 p-1 -25007 34
625 1368 m2 774906 -6.15832978e-05 0.5 p-1 -129297 190
343 1369 m2 775144 0.0300965421 0.5 p-1 -836608 753
1308 1371 m2 775436 0.000783946307 0.5 p-1 -463622 25
200 1372 m2 775625 -7.19157397e-05 0.5 p-1 -4232515 1747
201 1376 m2 777762 -0.00224064873 0.5 p-1 -1123724 1695
702 1377 m2 778696 -0.0236348175 0.5 p-1 -84720 67
819 1379 m2 779373 -0.0851364806 0.5 p-1 -171015 69
563 1380 m2 780488 0.0178844538 0.5 p-1 -953143 313
837 1381 m2 781280 -8.38431879e-06 0.5 p-1 -2767558 128
202 1384 m2 781895 -0.030931484 0.5 p-1 -2847014 1939
344 1386 m2 783071 9.62882987e-05 0.5 p-1 -2212218 535
838 1387 m2 783460 -7.15964575e-07 0.5 p-1 -5267609 294
1689 1388 m2 784020 0.00266422261 0.5 p-1 -10030 2
502 1389 m2 784071 -0.000473639666 0.5 p-1 -4330700 418
450 1390 m2 784156 -0.0109917 0.5 p-1 -378052 199
1171 1392 m2 784795 -0.000224500138 0.5 p-1 -9748 46
981 1393 m2 785991 -0.000373681454 0.5 p-1 -80102 26
203 1394 m2 786225 0.0100032389 0.5 p-1 -1028648 496
1649 1395 m2 786403 0.00496583246 0.5 p-1 -12791 5
1555 1396 m2 786476 -0.0808829367 0.5 p-1 -50960 13
1055 1399 m2 787946 -0.00770973414 0.5 p-1 -1345777 62
1409 1400 m2 788108 1.91694554e-07 0.5 p-1 -17024 18
1056 1401 m2 789021 -0.000872240635 0.5 p-1 -113922 59
1125 1402 m2 789305 0.0344510302 0.5 p-1 -209919 70
659 1404 m2 789701 -5.05011121e-06 0.5 p-1 -2901563 459
1218 1405 m2 789761 4.41898374e-06 0.5 p-1 -21476 8
660 1406 m2 791959 -0.00160495192 0.5 p-1 -903085 333
1734 1407 m2 793012 -0.00772581389 0.5 p-1 -8382 1
204 1408 m2 793340 -0.00138419052 0.5 p-1 -792401 268
1083 1411 m2 794816 0.000933337957 0.5 p-1 -142663 70
345 1412 m2 796195 0.0199199989 0.5 p-1 -730775 297
205 1415 m2 797676 -0.0732693225 0.5 p-1 -1455569 606
627 1416 m2 797981 0.000765844481 0.5 p-1 -8483697 458
503 1417 m2 798036 -0.0137727773 0.5 p-1 -3310457 503
769 1418 m2 798599 0.01223573 0.5 p-1 -1801313 674
1277 1419 m2 799844 0.00535340095 0.5 p-1 -112147 68
1044 1421 m2 801808 0.000164543322 0.5 p-1 -198285 11
937 1422 m2 804229 -0.0431236662 0.5 p-1 -839120 82
1219 1423 m2 804522 0.000208596408 0.5 p-1 -4911 8
206 1424 m2 805868 0.00159333239 0.5 p-1 -5994490 832
1282 1425 m2 805881 -0.00424177432 0.5 p-1 -6072 2
856 1426 m2 806410 -3.49106958e-05 0.5 p-1 -130782 10
1229 1427 m2 806477 0.0006252561 0.5 p-1 -5513 32
800 1430 m2 808630 -0.000590878946 0.5 p-1 -75982 40
628 1431 m2 809251 1.80489703e-08 0.5 p-1 -260717 104
207 1432 m2 809935 3.68084329e-06 0.5 p-1 -9658369 1607
1336 1433 m2 810132 0.00494299037 0.5 p-1 -387046 18
629 1434 m2 811843 0.0214968976 0.5 p-1 -80246 108
1524 1435 m2 811859 -0.000222004775 0.5 p-1 -316401 7
1422 1436 m2 812589 -0.0594864301 0.5 p-1 -13195 17
451 1438 m2 813259 -2.92947334e-06 0.5 p-1 -276535 72
1607 1439 m2 813622 -0.00834118575 0.5 p-1 -7902 3
1344 1440 m2 815038 -0.000125272811 0.5 p-1 -13951 2
452 1441 m2 815701 -3.24016473e-05 0.5 p-1 -1930168 719
958 1442 m2 816066 0.0382980853 0.5 p-1 -976425 80
1246 1443 m2 818026 -0.0268954672 0.5 p-1 -91767 9
564 1445 m2 818417 -0.0180970728 0.5 p-1 -313688 248
630 1446 m2 818987 6.8860877e-06 0.5 p-1 -638964 269
209 1447 m2 820061 -0.00804059021 0.5 p-1 -128219 50
347 1448 m2 820224 0.0531672388 0.5 p-1 -766161 454
1017 1450 m2 821562 0.000149278319 0.5 p-1 -6057 11
661 1452 m2 822522 0.000287365663 0.5 p-1 -439090 120
210 1454 m2 824466 -0.0121386619 0.5 p-1 -2619047 1907
1239 1455 m2 826021 -0.022655312 0.5 p-1 -109681 46
601 1456 m2 826029 0.0119930143 0.5 p-1 -2759203 856
504 1457 m2 827995 0.00402799575 0.5 p-1 -42001 6
1589 1460 m2 829208 -0.00256542908 0.5 p-1 -22888 4
1391 1463 m2 830427 0.0539535768 0.5 p-1 -27579 8
1703 1466 m2 832238 -2.95223413e-06 0.5 p-1 -16729 2
348 1467 m2 833253 0.0586882047 0.5 p-1 -3177813 690
897 1468 m2 835783 3.38756145e-05 0.5 p-1 -605058 116
744 1470 m2 836761 0.00100959186 0.5 p-1 -3215100 133
212 1473 m2 838068 9.2459436e-07 0.5 p-1 -302971 287
1078 1474 m2 838109 0.0877112076 0.5 p-1 -185838 46
1363 1475 m2 839179 0.0537692346 0.5 p-1 -262913 21
662 1477 m2 839363 -0.000815329433 0.5 p-1 -34830 73
990 1479 m2 840752 0.0292915776 0.5 p-1 -346602 39
1662 1481 m2 841969 -7.86228047e-05 0.5 p-1 -42954 4
349 1482 m2 842134 -0.00107722508 0.5 p-1 -148208 51
857 1483 m2 842189 0.00120841339 0.5 p-1 -6685435 287
1655 1484 m2 842583 5.91840544e-05 0.5 p-1 -145651 3
214 1485 m2 842868 6.30744835e-05 0.5 p-1 -747165 597
1392 1487 m2 843151 0.000236658394 0.5 p-1 -223018 23
455 1488 m2 844419 -0.0231168605 0.5 p-1 -937785 206
456 1489 m2 844552 4.21809273e-05 0.5 p-1 -1497348 449
991 1491 m2 845786 0.02257788 0.5 p-1 -81398 38
215 1492 m2 846136 -0.00132592383 0.5 p-1 -359146 119
457 1493 m2 846590 7.87314946e-07 0.5 p-1 -4417514 493
846 1494 m2 847173 2.6888225e-05 0.5 p-1 -47451 34
1682 1495 m2 847222 -0.0206351969 0.5 p-1 -12943 4
1394 1497 m2 847904 0.0053211404 0.5 p-1 -44344 11
1412 1498 m2 848082 -5.96310065e-06 0.5 p-1 -12811 5
631 1500 m2 850353 -0.000829948462 0.5 p-1 -537507 78
632 1501 m2 850596 -9.85186307e-06 0.5 p-1 -169032 58
1675 1502 m2 851482 0.00151271513 0.5 p-1 -46865 4
1568 1504 m2 852071 0.0159708019 0.5 p-1 -4398 4
968 1505 m2 852084 0.0110210543 0.5 p-1 -440289 92
1200 1506 m2 852669 0.0622083396 0.5 p-1 -21616 70
350 1507 m2 854770 -1.54667134e-06 0.5 p-1 -5930498 603
351 1508 m2 854850 0.00290545891 0.5 p-1 -1691855 1103
949 1510 m2 856759 -0.000138478703 0.5 p-1 -129941 63
881 1511 m2 857322 -0.00251643406 0.5 p-1 -2884228 156
352 1513 m2 858779 0.0106669972 0.5 p-1 -13337213 1397
1153 1514 m2 858970 -4.76786272e-06 0.5 p-1 -27444 7
1686 1517 m2 862571 -0.0146771567 0.5 p-1 -841 2
1033 1518 m2 862927 0.0232496206 0.5 p-1 -296781 4
786 1520 m2 864345 -0.00224370765 0.5 p-1 -72500 73
354 1523 m2 868493 -0.000622454565 0.5 p-1 -3176617 965
355 1525 m2 869337 0.000476227986 0.5 p-1 -1301050 285
1435 1526 m2 869844 -0.00282503944 0.5 p-1 -4182 15
356 1528 m2 871824 -0.00275977585 0.5 p-1 -4323791 959
357 1529 m2 872352 0.0103401858 0.5 p-1 -3398128 639
921 1530 m2 874377 0.0196951069 0.5 p-1 -299690 25
633 1531 m2 874922 1.57401459e-09 0.5 p-1 -483862 136
566 1532 m2 875121 -0.0324968733 0.5 p-1 -3078461 510
1098 1533 m2 875493 0.0162563343 0.5 p-1 -144229 7
567 1534 m2 875501 -0.0114991572 0.5 p-1 -577229 47
218 1535 m2 876438 -1.87393678e-09 0.5 p-1 -1780410 1278
568 1536 m2 877134 -0.0207100082 0.5 p-1 -434784 46
359 1538 m2 877478 0.00760560995 0.5 p-1 -1302787 1343
459 1541 m2 878460 1.0987621e-05 0.5 p-1 -101505 71
219 1543 m2 879268 -0.000827557815 0.5 p-1 -2160228 1938
1727 1545 m2 880576 0.00590932462 0.5 p-1 -87243 2
360 1546 m2 881425 -0.0103633394 0.5 p-1 -989536 775
634 1548 m2 881507 0.00305891549 0.5 p-1 -34379 21
221 1549 m2 881985 0.0163862724 0.5 p-1 -4506294 1087
1559 1550 m2 883122 0.00025797158 0.5 p-1 -29045 8
1597 1551 m2 883689 -0.000112459784 0.5 p-1 -25499 6
839 1552 m2 883836 -0.00124123611 0.5 p-1 -243533 33
1370 1553 m2 884149 -0.0585515499 0.5 p-1 -252804 26
222 1554 m2 884451 -0.000804721378 0.5 p-1 -4441439 1785
223 1556 m2 884897 -0.00188788574 0.5 p-1 -2172161 1444
224 1557 m2 884962 0.0208040234 0.5 p-1 -702634 621
1596 1558 m2 885306 -0.00113476324 0.5 p-1 -486099 4
569 1559 m2 886683 -0.00126197399 0.5 p-1 -1570986 568
225 1560 m2 887507 0.00543866353 0.5 p-1 -1191445 283
1510 1561 m2 887787 0.12834157 0.5 p-1 -63704 6
1729 1562 m2 888732 -0.00873953663 0.5 p-1 -214615 1
1332 1566 m2 889660 0.0133219892 0.5 p-1 -76155 30
226 1568 m2 890472 0.00938067585 0.5 p-1 -1364314 1074
1302 1569 m2 891116 9.00049781e-05 0.5 p-1 -198904 6
1518 1570 m2 892027 6.75412884e-05 0.5 p-1 -287687 18
1084 1571 m2 892675 0.00037014694 0.5 p-1 -11434 33
227 1572 m2 893004 0.0106904162 0.5 p-1 -3884454 662
1646 1573 m2 893544 0.00350109045 0.5 p-1 -5786 4
1634 1574 m2 895546 0.004767993 0.5 p-1 -8556 1
820 1576 m2 896302 -0.0529072732 0.5 p-1 -312606 33
228 1577 m2 896464 -8.48569907e-05 0.5 p-1 -397612 412
1107 1578 m2 897654 -0.0359514691 0.5 p-1 -195383 35
663 1580 m2 897937 0.034343686 0.5 p-1 -140733 42
1144 1581 m2 898740 4.54497458e-05 0.5 p-1 -47973 8
745 1582 m2 898854 -0.000276540406 0.5 p-1 -786364 82
570 1583 m2 899561 -0.02672063 0.5 p-1 -1543340 466
362 1585 m2 900114 5.76547063e-05 0.5 p-1 -6361070 585
230 1586 m2 900914 -0.00971284602 0.5 p-1 -1871744 736
1612 1587 m2 902255 -0.0245847981 0.5 p-1 -10058 2
460 1588 m2 902432 -0.0120045552 0.5 p-1 -13672177 888
1034 1590 m2 903260 -0.00488925679 0.5 p-1 -2454610 40
231 1591 m2 903408 -8.42304871e-06 0.5 p-1 -211941 106
1127 1592 m2 903763 0.00177455531 0.5 p-1 -14915 44
232 1595 m2 906136 -0.00693351682 0.5 p-1 -779363 541
1276 1596 m2 906905 -0.000443160941 0.5 p-1 -12911 22
635 1597 m2 907296 -0.0180050265 0.5 p-1 -197454 194
787 1598 m2 907496 0.00294397539 0.5 p-1 -146273 185
233 1600 m2 908972 -0.0363667868 0.5 p-1 -3443840 1834
363 1601 m2 909350 -7.9782847e-05 0.5 p-1 -664283 128
364 1602 m2 909668 -0.000190444916 0.5 p-1 -197514 128
704 1603 m2 909862 -0.000276482548 0.5 p-1 -147203 126
1243 1605 m2 911071 0.00156780076 0.5 p-1 -76939 33
1145 1607 m2 911653 -0.00101065461 0.5 p-1 -271947 48
234 1608 m2 911713 -0.000198795751 0.5 p-1 -1320236 928
1337 1610 m2 912236 0.0044286903 0.5 p-1 -151842 8
705 1611 m2 912301 -0.00320073077 0.5 p-1 -1195310 186
235 1612 m2 912492 -4.606527e-05 0.5 p-1 -4575323 1931
1561 1613 m2 912673 -0.0309489146 0.5 p-1 -214663 12
365 1614 m2 913661 -0.0450689606 0.5 p-1 -11727117 380
665 1615 m2 914261 0.00265761605 0.5 p-1 -1041526 355
746 1616 m2 914337 0.000183643075 0.5 p-1 -88049 45
1237 1618 m2 915616 0.00109787949 0.5 p-1 -973480 24
666 1619 m2 915756 -1.56683072e-05 0.5 p-1 -1438584 179
706 1620 m2 916004 5.39635084e-06 0.5 p-1 -325806 214
1533 1621 m2 916052 0.00348959561 0.5 p-1 -70337 16
1641 1622 m2 916308 0.00235677185 0.5 p-1 -473318 16
461 1623 m2 917044 6.5005901e-05 0.5 p-1 -2728993 1079
992 1626 m2 918316 0.0031636213 0.5 p-1 -867453 158
636 1627 m2 919241 -3.9060661e-11 0.5 p-1 -1735817 234
707 1628 m2 919251 -1.78424634e-05 0.5 p-1 -216637 88
1640 1632 m2 922834 0.0058850511 0.5 p-1 -3810 1
1687 1633 m2 922992 -0.000855615712 0.5 p-1 -8780 2
366 1634 m2 923076 6.87771826e-05 0.5 p-1 -827186 247
898 1635 m2 923448 -0.000651114795 0.5 p-1 -300424 11
1710 1639 m2 926289 0.0006979928 0.5 p-1 -34362 1
1643 1640 m2 927430 1.31008637e-05 0.5 p-1 -28445 4
367 1641 m2 928804 0.0618851893 0.5 p-1 -426090 25
368 1642 m2 929193 -0.000589038711 0.5 p-1 -4644619 1184
1456 1644 m2 930595 -1.01789555e-08 0.5 p-1 -23322 15
1099 1646 m2 931675 0.00743310619 0.5 p-1 -418408 61
237 1648 m2 932834 -1.24437083e-05 0.5 p-1 -5179018 1327
1519 1650 m2 934771 -0.0304416902 0.5 p-1 -4514 11
238 1651 m2 936135 0.00656365231 0.5 p-1 -922676 580
602 1652 m2 936495 0.00314549357 0.5 p-1 -1606031 201
708 1653 m2 937317 -0.00709561212 0.5 p-1 -1664101 312
1235 1655 m2 937798 -1.84626151e-05 0.5 p-1 -110294 6
239 1656 m2 937848 -0.0399524122 0.5 p-1 -5769189 440
507 1657 m2 938101 0.0104442602 0.5 p-1 -2178968 185
1279 1658 m2 938730 -9.07737496e-11 0.5 p-1 -105626 35
369 1659 m2 940851 0.0131529504 0.5 p-1 -1122434 192
241 1660 m2 940869 -0.00124930171 0.5 p-1 -420362 205
1222 1661 m2 941125 -5.20482808e-06 0.5 p-1 -127949 34
667 1662 m2 941463 0.00602355693 0.5 p-1 -905378 101
370 1663 m2 941607 0.000265331299 0.5 p-1 -5581169 764
1620 1664 m2 941754 -0.00163534249 0.5 p-1 -30351 3
1541 1665 m2 943394 4.85895661e-08 0.5 p-1 -803 1
872 1666 m2 943419 0.0524334498 0.5 p-1 -69289 24
1377 1667 m2 943430 0.0234072506 0.5 p-1 -28014 18
242 1668 m2 943558 -0.00171458756 0.5 p-1 -3185929 1434
1223 1670 m2 944107 0.0189712178 0.5 p-1 -397676 42
1515 1671 m2 944623 0.0182154905 0.5 p-1 -15569 1
637 1673 m2 945881 -0.034300562 0.5 p-1 -6381034 71
822 1680 m2 952163 0.000509202306 0.5 p-1 -342053 283
243 1681 m2 953333 3.43762331e-05 0.5 p-1 -923771 200
993 1683 m2 954460 -0.0112045761 0.5 p-1 -596366 134
1100 1684 m2 954718 -0.00450866623 0.5 p-1 -265417 10
906 1686 m2 955614 -0.0448591486 0.5 p-1 -228080 26
245 1688 m2 957515 0.0194691978 0.5 p-1 -1970252 484
1002 1689 m2 958160 -0.0197457355 0.5 p-1 -181219 107
1180 1690 m2 958489 -0.0538074598 0.5 p-1 -1716 7
1283 1691 m2 958699 -0.0245916583 0.5 p-1 -149335 2
246 1693 m2 960887 -0.0323151238 0.5 p-1 -857010 780
1581 1694 m2 961413 3.03588763e-06 0.5 p-1 -3045 5
1085 1695 m2 961519 0.000880832842 0.5 p-1 -12027 31
1247 1696 m2 962032 -0.0680634603 0.5 p-1 -213892 94
1733 1698 m2 963026 -0.0693134069 0.5 p-1 -59267 1
770 1700 m2 965729 -0.0108866999 0.5 p-1 -154327 31
1023 1703 m2 967805 0.00113531342 0.5 p-1 -210820 135
1181 1705 m2 968792 -0.000104815255 0.5 p-1 -507466 16
1491 1706 m2 968898 -0.00664790813 0.5 p-1 -15164 6
463 1708 m2 969422 -0.000252593978 0.5 p-1 -71104 70
747 1709 m2 969432 -0.00555713661 0.5 p-1 -30969 42
860 1710 m2 969877 0.00210174406 0.5 p-1 -1626735 83
572 1712 m2 970719 -0.004222841 0.5 p-1 -111165 51
1173 1713 m2 971220 0.0382048711 0.5 p-1 -17884 24
709 1715 m2 972208 -0.0169697795 0.5 p-1 -131422 8
1598 1716 m2 972862 0.00116612494 0.5 p-1 -5112 4
823 1717 m2 973697 2.66440793e-06 0.5 p-1 -280661 88
1111 1720 m2 975052 -0.0128218522 0.5 p-1 -8969 9
1616 1723 m2 978305 -0.0348553695 0.5 p-1 -12692 7
1574 1725 m2 978813 -5.41105123e-07 0.5 p-1 -40034 6
250 1726 m2 979208 0.00614970643 0.5 p-1 -5129427 670
789 1727 m2 979331 0.000357477984 0.5 p-1 -1017444 263
251 1729 m2 980130 0.00602547498 0.5 p-1 -6311174 894
1003 1732 m2 981740 0.00638297945 0.5 p-1 -70669 152
254 1733 m2 982550 -0.0345997177 0.5 p-1 -5381390 1362
1165 1735 m2 984618 -0.00210582302 0.5 p-1 -39109 40
509 1736 m2 984947 0.00101130188 0.5 p-1 -200609 41
510 1738 m2 986001 -0.00207513291 0.5 p-1 -4001 12
1134 1739 m2 988326 -0.0185252763 0.5 p-1 -116056 85
372 1741 m2 989028 9.4629213e-05 0.5 p-1 -1289822 1116
373 1742 m2 989137 0.000440428674 0.5 p-1 -851102 716
1105 1743 m2 989439 -0.00482727494 0.5 p-1 -28408 22
668 1744 m2 989562 -0.00247730967 0.5 p-1 -498005 216
255 1747 m2 990820 0.0664907172 0.5 p-1 -6383406 1948
374 1748 m2 991301 0.0102863926 0.5 p-1 -250120 144
511 1749 m2 991329 0.0686002523 0.5 p-1 -1890902 676
1255 1750 m2 992466 0.000287854898 0.5 p-1 -1479210 33
1220 1751 m2 993060 -5.45834591e-05 0.5 p-1 -14792 5
1747 1753 m2 995124 -0.000337040896 0.5 p-1 -8796 1
256 1755 m2 995584 -0.0014269636 0.5 p-1 -371315 251
771 1756 m2 996525 0.0112515008 0.5 p-1 -82564 48
772 1757 m2 997773 -1.80204534e-05 0.5 p-1 -960922 164
1681 1760 m2 999894 -0.000232510589 0.5 p-1 -42393 1
257 1761 m2 999927 0.02343034 0.5 p-1 -1716147 928
1578 1762 m2 221102 -0.0148067558 0.5 p0 2 2
1482 1765 m2 56863 -0.0157376267 0.5 p0 2 5
1750 1770 m2 734038 0.00570094632 0.5 p0 2 1
1383 1773 m2 83597 1.61096305e-05 0.5 p0 2 8
1457 1774 m2 205598 -0.0220216457 0.5 p0 2 9
1427 1776 m2 80982 0.00131615682 0.5 p0 2 5
1580 1778 m2 177423 -3.81204845e-05 0.5 p0 2 1
1390 1780 m2 815522 -0.00208335556 0.5 p0 2 8
1505 1791 m2 179870 0.0101516508 0.5 p0 2 6
1385 1794 m2 527306 -4.73509499e-05 0.5 p0 2 20
971 1796 m2 38997 -0.0154294083 0.5 p0 2 11
1661 1802 m2 944839 0.0154294446 0.5 p0 2 1
1321 1804 m2 131064 0.0105604548 0.5 p0 2 4
1517 1808 m2 679843 0.0114129148 0.5 p0 2 12
1735 1809 m2 339045 0.0556798987 0.5 p0 2 1
1606 1814 m2 661025 -2.23897714e-05 0.5 p0 2 1
1540 1815 m2 340002 -0.0284595992 0.5 p0 2 1
1588 1816 m2 986277 -0.000284222013 0.5 p0 2 5
1314 1818 m2 353103 -0.000246385374 0.5 p0 2 11
1715 1825 m2 746823 0.00424330076 0.5 p0 2 1
689 1828 m2 493796 -7.79664042e-05 0.5 p0 2 7
1639 1829 m2 125919 0.000654513307 0.5 p0 2 3
1696 1831 m2 549028 4.05845276e-06 0.5 p0 2 1
1522 1832 m2 163447 -0.016299421 0.5 p0 2 12
797 1833 m2 439309 0.000196788809 0.5 p0 2 9
1488 1839 m2 708477 0.00142663869 0.5 p0 2 6
1257 1841 m2 149588 -3.89235393e-05 0.5 p0 2 3
1258 1842 m2 735482 0.00171291071 0.5 p0 2 5
929 1854 m2 427978 0.00117665029 0.5 p0 2 4
1357 1873 m2 857132 -0.00510650408 0.5 p0 2 1
1615 1881 m2 789879 -0.124546953 0.5 p0 2 2
1708 1884 m2 19739 -0.0172388181 0.5 p0 2 1
1270 1893 m2 723962 -0.000680601283 0.5 p0 2 8
1274 1894 m2 860093 -0.01999145 0.5 p0 2 14
1124 1901 m2 733319 -0.0060822661 0.5 p0 2 23
781 1919 m2 398657 -0.000210681872 0.5 p0 2 33
1400 1920 m2 568760 0.00939856283 0.5 p0 2 22
1565 1921 m2 475487 -0.000325259462 0.5 p0 2 3
1548 1928 m2 500082 -0.00197455706 0.5 p0 2 3
1709 1937 m2 500546 -0.0576023981 0.5 p0 2 1
554 1956 m2 655612 -0.0291663948 0.5 p0 2 13
571 1957 m2 967799 0.0255552381 0.5 p0 2 18
1624 1961 m2 865067 0.000167895734 0.5 p0 2 3
1587 1967 m2 622314 -0.0911078602 0.5 p0 2 3
1442 1968 m2 396322 8.63755417e-07 0.5 p0 2 6
1195 1977 m2 487106 0.000586914015 0.5 p0 2 3
1552 1983 m2 827599 0.00199162471 0.5 p0 2 4
1289 1993 m2 205954 0.00412905309 0.5 p0 2 8
1680 1997 m2 156452 -0.0271623153 0.5 p0 2 3
1714 1998 m2 213192 -0.0397539362 0.5 p0 2 1
1338 2001 m2 470811 -0.00195611781 0.5 p0 2 1
1648 2003 m2 101865 -0.00555792311 0.5 p0 2 2
1441 2008 m2 825964 0.017446395 0.5 p0 2 9
1352 2012 m2 185189 0.000417758507 0.5 p0 2 1
1353 2013 m2 357951 -0.0038461946 0.5 p0 2 2
1631 2016 m2 420057 -5.49165634e-06 0.5 p0 2 5
1000 2018 m2 882976 0.00364510925 0.5 p0 2 11
1704 2022 m2 320791 1.07700862e-06 0.5 p0 2 2
1032 2023 m2 694760 -0.000867070165 0.5 p0 2 4
1726 2027 m2 291854 -0.000980183249 0.5 p0 2 1
1684 2028 m2 669108 -0.00042410384 0.5 p0 2 3
1685 2029 m2 673869 0.0204531867 0.5 p0 2 3
1657 2036 m2 546359 -0.000297202263 0.5 p0 2 1
1691 2039 m2 419995 -0.000996612944 0.5 p0 2 2
1395 2051 m2 287213 -0.0016365581 0.5 p0 2 15
886 2055 m2 254621 -0.0111516668 0.5 p0 2 11
1452 2056 m2 987269 0.00090343185 0.5 p0 2 5
948 2060 m2 842054 -0.000203166841 0.5 p0 2 2
1666 2068 m2 932127 0.00133817596 0.5 p0 2 1
1334 2074 m2 282913 -0.000464108889 0.5 p0 2 2
1369 2077 m2 464802 -0.00528551033 0.5 p0 2 2
1716 2092 m2 973317 2.38894918e-05 0.5 p0 2 2
795 2105 m2 390977 -0.10364119 0.5 p0 2 10
1744 2106 m2 655180 0.0114987073 0.5 p0 2 1
1381 2125 m2 66861 0.0347051695 0.5 p0 2 6
1478 2147 m2 638993 3.12155564e-08 0.5 p0 2 1
1301 2149 m2 812946 -0.000170230414 0.5 p0 2 5
1701 2154 m2 659786 5.810044e-09 0.5 p0 2 1
1476 2161 m2 394026 0.0286298711 0.5 p0 2 1
1477 2162 m2 474539 -0.0150771616 0.5 p0 2 1
1295 2171 m1 5426 0 0.5 p-1 -47117 20
1093 2172 m1 6394 0 0.5 p-1 -66416 24
1 2173 m1 12218 -0 0.5 p-1 -3021132 789
1148 2175 m1 22390 -0 0.5 p-1 -37225 1
639 2176 m1 22884 0 0.5 p-1 -3177674 165
710 2177 m1 27387 0 0.5 p-1 -1559998 74
1721 2179 m1 28320 0 0.5 p-1 -8960 1
711 2181 m1 29741 -0 0.5 p-1 -989153 124
261 2182 m1 30291 0 0.5 p-1 -272495 73
970 2184 m1 34742 -0 0.5 p-1 -2906 11
717 2185 m1 37139 -0 0.5 p-1 -2574472 262
640 2186 m1 37665 0 0.5 p-1 -18891 32
1061 2188 m1 40435 -0 0.5 p-1 -4810 7
513 2190 m1 44332 -0 0.5 p-1 -39353 38
1650 2191 m1 45048 0 0.5 p-1 -208634 1
1162 2192 m1 45648 -0 0.5 p-1 -6175 36
847 2193 m1 48108 -0 0.5 p-1 -1355369 165
379 2196 m1 51781 0 0.5 p-1 -5302435 1494
7 2197 m1 52169 0 0.5 p-1 -3553020 1807
672 2198 m1 52972 0 0.5 p-1 -548991 10
9 2199 m1 54958 -0 0.5 p-1 -2185313 1673
10 2200 m1 56538 0 0.5 p-1 -7493462 1128
1186 2201 m1 59715 0 0.5 p-1 -59876 15
12 2203 m1 64635 0 0.5 p-1 -7226951 1823
380 2204 m1 68272 0 0.5 p-1 -294876 207
15 2206 m1 69517 0 0.5 p-1 -2688211 712
1109 2209 m1 73727 0 0.5 p-1 -909602 108
265 2210 m1 74026 0 0.5 p-1 -1302312 739
776 2211 m1 74722 0 0.5 p-1 -3012910 109
720 2215 m1 80256 -0 0.5 p-1 -299546 98
977 2216 m1 80311 0 0.5 p-1 -241334 32
17 2217 m1 80403 0 0.5 p-1 -1344798 1311
1008 2219 m1 83985 -0 0.5 p-1 -567887 32
647 2220 m1 85769 -0 0.5 p-1 -1521250 145
1723 2222 m1 87680 -0 0.5 p-1 -8377 1
1010 2223 m1 89760 0 0.5 p-1 -259634 74
1005 2224 m1 95449 0 0.5 p-1 -10111 6
1536 2226 m1 97116 -0 0.5 p-1 -5356 11
383 2227 m1 99412 0 0.5 p-1 -892093 724
384 2229 m1 104212 0 0.5 p-1 -602738 252
909 2230 m1 107660 0 0.5 p-1 -30847 27
24 2232 m1 113164 -0 0.5 p-1 -8637213 1355
467 2233 m1 116133 -0 0.5 p-1 -6747773 513
468 2234 m1 116135 0 0.5 p-1 -4437521 567
268 2235 m1 117816 -0 0.5 p-1 -425350 365
520 2237 m1 118990 -0 0.5 p-1 -761147 339
675 2238 m1 120087 0 0.5 p-1 -13534 10
576 2239 m1 120510 0 0.5 p-1 -1667753 175
749 2241 m1 125548 -0 0.5 p-1 -1346036 462
27 2245 m1 129730 -0 0.5 p-1 -5970547 1223
387 2248 m1 138524 -0 0.5 p-1 -718330 826
648 2249 m1 141335 -0 0.5 p-1 -57279 39
1521 2253 m1 154934 -0 0.5 p-1 -1466 12
677 2254 m1 157127 -0 0.5 p-1 -510193 343
474 2255 m1 157958 -0 0.5 p-1 -3572694 1575
32 2257 m1 160099 -0 0.5 p-1 -890376 223
388 2259 m1 162733 -0 0.5 p-1 -272732 158
272 2260 m1 166682 -0 0.5 p-1 -8399950 1055
923 2262 m1 168312 -0 0.5 p-1 -618169 218
803 2263 m1 170584 0 0.5 p-1 -412801 150
33 2264 m1 171898 -0 0.5 p-1 -8338576 377
1113 2266 m1 175979 0 0.5 p-1 -19218 23
34 2268 m1 182078 0 0.5 p-1 -1935609 1779
1316 2269 m1 184061 0 0.5 p-1 -3539195 2
1248 2270 m1 184807 -0 0.5 p-1 -1790615 17
1191 2271 m1 185857 -0 0.5 p-1 -140413 23
650 2272 m1 190306 -0 0.5 p-1 -572607 276
1632 2273 m1 193824 -0 0.5 p-1 -47690 6
476 2274 m1 194099 -0 0.5 p-1 -1146661 477
524 2278 m1 198723 0 0.5 p-1 -515678 125
40 2279 m1 200867 -0 0.5 p-1 -2400257 428
1318 2280 m1 202348 -0 0.5 p-1 -24522 15
924 2281 m1 204794 0 0.5 p-1 -30074 15
1118 2283 m1 208591 -0 0.5 p-1 -47260 58
1706 2284 m1 209141 -0 0.5 p-1 -1547 2
579 2285 m1 214359 0 0.5 p-1 -8861662 1059
580 2286 m1 214962 -0 0.5 p-1 -198737 302
952 2287 m1 216497 -0 0.5 p-1 -612408 99
393 2288 m1 218259 0 0.5 p-1 -8586814 442
680 2290 m1 222435 -0 0.5 p-1 -2170237 102
50 2291 m1 227286 0 0.5 p-1 -16469044 1137
52 2292 m1 228265 -0 0.5 p-1 -10870443 427
1322 2293 m1 229976 -0 0.5 p-1 -16362 15
54 2294 m1 231781 -0 0.5 p-1 -3364097 1112
55 2296 m1 234539 -0 0.5 p-1 -5307700 886
1317 2297 m1 236683 -0 0.5 p-1 -216098 9
863 2298 m1 236906 -0 0.5 p-1 -106354 67
477 2299 m1 237095 0 0.5 p-1 -69283 76
58 2300 m1 241042 0 0.5 p-1 -2094725 1428
526 2301 m1 242235 -0 0.5 p-1 -834638 113
397 2302 m1 243842 -0 0.5 p-1 -26152 60
681 2303 m1 248296 -0 0.5 p-1 -104593 128
64 2304 m1 248632 -0 0.5 p-1 -1535976 1271
65 2307 m1 251318 0 0.5 p-1 -4776016 1651
682 2309 m1 258435 -0 0.5 p-1 -680129 365
1244 2310 m1 258750 -0 0.5 p-1 -168545 45
1410 2311 m1 259471 0 0.5 p-1 -575725 28
279 2312 m1 260294 0 0.5 p-1 -713206 460
653 2313 m1 261169 -0 0.5 p-1 -1591660 40
654 2315 m1 263126 0 0.5 p-1 -3329425 290
902 2316 m1 265954 0 0.5 p-1 -357330 148
481 2317 m1 266337 -0 0.5 p-1 -1359203 620
1535 2318 m1 266697 -0 0.5 p-1 -195145 3
1079 2320 m1 273351 0 0.5 p-1 -161707 21
1720 2322 m1 275991 0 0.5 p-1 -3110755 1
1414 2323 m1 276265 -0 0.5 p-1 -15916 2
483 2325 m1 277354 0 0.5 p-1 -1010443 262
1378 2326 m1 278709 -0 0.5 p-1 -38493 13
69 2327 m1 281050 0 0.5 p-1 -3035829 1944
71 2328 m1 285411 0 0.5 p-1 -583841 208
1025 2330 m1 286075 -0 0.5 p-1 -19303 27
1401 2331 m1 299038 0 0.5 p-1 -1034 5
685 2332 m1 299782 0 0.5 p-1 -1082071 515
1542 2333 m1 300628 0 0.5 p-1 -28712 11
914 2335 m1 301878 0 0.5 p-1 -207823 100
284 2336 m1 302029 -0 0.5 p-1 -1463822 1350
1372 2337 m1 303297 -0 0.5 p-1 -41781 3
285 2338 m1 303446 0 0.5 p-1 -4590361 614
407 2340 m1 314496 0 0.5 p-1 -1471471 157
484 2341 m1 314637 0 0.5 p-1 -19204 6
656 2342 m1 315390 0 0.5 p-1 -362012 16
1415 2344 m1 317242 -0 0.5 p-1 -1334 2
287 2345 m1 318505 0 0.5 p-1 -3278674 1668
1178 2346 m1 318688 -0 0.5 p-1 -26502 24
1663 2348 m1 324473 -0 0.5 p-1 -3106 3
78 2349 m1 325043 0 0.5 p-1 -697027 751
808 2350 m1 325353 -0 0.5 p-1 -257974 68
409 2352 m1 327086 -0 0.5 p-1 -1661875 181
1224 2354 m1 327967 0 0.5 p-1 -38973 10
1672 2355 m1 328793 -0 0.5 p-1 -13398 2
1349 2357 m1 329616 -0 0.5 p-1 -14652 2
411 2358 m1 329680 -0 0.5 p-1 -327324 508
1215 2360 m1 331646 -0 0.5 p-1 -442803 16
987 2361 m1 332102 -0 0.5 p-1 -4773 16
888 2363 m1 333142 0 0.5 p-1 -68406 71
80 2364 m1 333437 0 0.5 p-1 -2729161 1326
1350 2365 m1 333748 0 0.5 p-1 -189779 2
724 2366 m1 337501 -0 0.5 p-1 -1821871 90
1428 2368 m1 341206 0 0.5 p-1 -12811 9
293 2371 m1 344489 0 0.5 p-1 -3806516 1147
294 2372 m1 345446 0 0.5 p-1 -775213 740
1096 2373 m1 348277 0 0.5 p-1 -38962 4
779 2374 m1 352437 0 0.5 p-1 -541043 225
296 2376 m1 353922 0 0.5 p-1 -1773607 657
942 2377 m1 354023 0 0.5 p-1 -234607 49
1323 2378 m1 356043 -0 0.5 p-1 -582177 48
1152 2380 m1 367662 0 0.5 p-1 -4083084 16
1485 2381 m1 372671 0 0.5 p-1 -20456 3
92 2382 m1 373344 -0 0.5 p-1 -1496622 745
1250 2383 m1 374960 -0 0.5 p-1 -144279 12
96 2385 m1 380338 -0 0.5 p-1 -2124745 1435
875 2387 m1 384891 0 0.5 p-1 -344069 38
1602 2388 m1 385636 0 0.5 p-1 -30147 1
1156 2389 m1 387163 -0 0.5 p-1 -1007364 54
1638 2391 m1 391484 0 0.5 p-1 -26299 4
98 2392 m1 392402 -0 0.5 p-1 -6771702 1652
1089 2393 m1 392861 0 0.5 p-1 -20786 55
1730 2395 m1 394074 0 0.5 p-1 -19378 1
811 2396 m1 396218 0 0.5 p-1 -5337331 615
536 2397 m1 396666 -0 0.5 p-1 -1642383 365
99 2400 m1 397111 -0 0.5 p-1 -3957379 940
852 2401 m1 398326 -0 0.5 p-1 -204257 105
101 2402 m1 398385 0 0.5 p-1 -10526723 450
102 2403 m1 399262 0 0.5 p-1 -1150455 539
1192 2405 m1 400742 0 0.5 p-1 -1300917 22
104 2407 m1 407990 0 0.5 p-1 -607158 689
105 2408 m1 408974 -0 0.5 p-1 -6014776 1469
894 2411 m1 412194 0 0.5 p-1 -1527071 17
915 2412 m1 412356 0 0.5 p-1 -142778 77
106 2414 m1 416025 0 0.5 p-1 -3427181 1933
1512 2415 m1 416220 0 0.5 p-1 -79855 5
757 2416 m1 419549 0 0.5 p-1 -551681 144
1075 2418 m1 433087 0 0.5 p-1 -35251 3
542 2419 m1 436937 0 0.5 p-1 -1420846 579
854 2420 m1 438053 -0 0.5 p-1 -1508226 197
610 2421 m1 438512 0 0.5 p-1 -190946 69
305 2422 m1 438924 0 0.5 p-1 -914190 165
1076 2423 m1 439854 0 0.5 p-1 -180787 96
1376 2424 m1 442710 0 0.5 p-1 -3618 3
916 2425 m1 445497 0 0.5 p-1 -820497 131
1513 2426 m1 446097 -0 0.5 p-1 -38441 2
611 2427 m1 446525 -0 0.5 p-1 -252106 56
491 2428 m1 449445 0 0.5 p-1 -2279360 836
307 2429 m1 450993 -0 0.5 p-1 -6986895 1621
759 2431 m1 453417 -0 0.5 p-1 -371893 272
492 2432 m1 456881 0 0.5 p-1 -940476 130
917 2433 m1 462380 0 0.5 p-1 -20972 6
118 2434 m1 463463 0 0.5 p-1 -2718255 1488
1356 2435 m1 465143 0 0.5 p-1 -5484 13
867 2436 m1 472430 -0 0.5 p-1 -499402 332
918 2439 m1 477481 0 0.5 p-1 -160066 21
543 2440 m1 481477 -0 0.5 p-1 -885357 382
728 2443 m1 485722 0 0.5 p-1 -1237973 612
1242 2444 m1 491128 0 0.5 p-1 -2686 27
123 2445 m1 493216 -0 0.5 p-1 -2997307 1028
545 2446 m1 493894 -0 0.5 p-1 -728781 578
124 2447 m1 497559 0 0.5 p-1 -7202361 1245
1021 2450 m1 503372 0 0.5 p-1 -42446 11
126 2452 m1 504155 -0 0.5 p-1 -3703888 1145
1047 2453 m1 508898 -0 0.5 p-1 -726280 41
813 2454 m1 510140 0 0.5 p-1 -89124 50
1160 2456 m1 514487 -0 0.5 p-1 -344847 38
312 2458 m1 517274 0 0.5 p-1 -1931818 751
729 2459 m1 517704 0 0.5 p-1 -1297262 143
130 2460 m1 521342 0 0.5 p-1 -745024 789
1582 2461 m1 524174 -0 0.5 p-1 -10361 2
1360 2466 m1 533701 0 0.5 p-1 -2744 7
614 2468 m1 540959 0 0.5 p-1 -1617898 621
427 2470 m1 545936 -0 0.5 p-1 -217827 63
1313 2471 m1 549593 0 0.5 p-1 -395395 11
429 2472 m1 551483 0 0.5 p-1 -522904 83
133 2473 m1 551580 -0 0.5 p-1 -496742 586
1679 2474 m1 551775 -0 0.5 p-1 -238774 1
903 2475 m1 553485 -0 0.5 p-1 -150273 46
616 2476 m1 553890 0 0.5 p-1 -138081 85
134 2479 m1 556125 -0 0.5 p-1 -3443988 1482
592 2482 m1 557014 -0 0.5 p-1 -468644 188
430 2484 m1 557431 -0 0.5 p-1 -1170234 129
135 2485 m1 557723 -0 0.5 p-1 -76914 56
136 2486 m1 558521 0 0.5 p-1 -2576649 413
138 2487 m1 562629 0 0.5 p-1 -5406258 1837
1382 2488 m1 563797 -0 0.5 p-1 -24850 6
139 2490 m1 564584 0 0.5 p-1 -7086910 1097
1669 2493 m1 570806 0 0.5 p-1 -24504 4
431 2494 m1 571712 0 0.5 p-1 -3202585 757
932 2496 m1 573388 0 0.5 p-1 -515358 108
432 2497 m1 574419 0 0.5 p-1 -687210 321
1453 2498 m1 579387 -0 0.5 p-1 -1658 7
1329 2500 m1 585171 -0 0.5 p-1 -93207 15
975 2501 m1 585458 0 0.5 p-1 -66684 37
816 2502 m1 586540 -0 0.5 p-1 -134969 110
1307 2503 m1 589027 0 0.5 p-1 -69963 7
146 2505 m1 594080 0 0.5 p-1 -526007 126
147 2507 m1 594655 0 0.5 p-1 -10528118 1400
1007 2512 m1 602522 -0 0.5 p-1 -28403 13
1281 2513 m1 603577 -0 0.5 p-1 -6637 9
148 2514 m1 608719 0 0.5 p-1 -2262413 928
149 2515 m1 609048 -0 0.5 p-1 -9558172 898
1048 2516 m1 609973 0 0.5 p-1 -1198665 88
736 2517 m1 611461 0 0.5 p-1 -644574 91
437 2518 m1 613570 -0 0.5 p-1 -4635292 933
1014 2519 m1 614987 -0 0.5 p-1 -6441 2
1446 2521 m1 618870 -0 0.5 p-1 -1975868 20
152 2522 m1 619296 0 0.5 p-1 -8705933 663
550 2523 m1 619557 -0 0.5 p-1 -2042939 1568
1473 2524 m1 620150 0 0.5 p-1 -989042 9
1553 2525 m1 620523 0 0.5 p-1 -6501 3
1041 2527 m1 621114 0 0.5 p-1 -279791 179
1042 2528 m1 623274 -0 0.5 p-1 -72766 17
1514 2529 m1 623778 -0 0.5 p-1 -8043 1
1637 2531 m1 627786 0 0.5 p-1 -11874 2
1331 2532 m1 627919 0 0.5 p-1 -103144 5
154 2533 m1 628654 -0 0.5 p-1 -4161915 1689
157 2535 m1 631007 -0 0.5 p-1 -4159790 1802
1029 2536 m1 631133 0 0.5 p-1 -811972 128
321 2537 m1 632409 -0 0.5 p-1 -464718 465
159 2538 m1 634126 0 0.5 p-1 -2052249 1269
1240 2540 m1 638321 -0 0.5 p-1 -416522 14
440 2541 m1 642361 -0 0.5 p-1 -1616921 320
161 2542 m1 643784 0 0.5 p-1 -4880301 1158
597 2543 m1 644726 -0 0.5 p-1 -297866 112
739 2544 m1 645375 -0 0.5 p-1 -163198 61
163 2545 m1 650278 0 0.5 p-1 -3473648 1233
965 2546 m1 651749 -0 0.5 p-1 -1084876 116
165 2548 m1 653312 0 0.5 p-1 -3199367 951
324 2551 m1 659519 -0 0.5 p-1 -351611 122
1355 2552 m1 659986 -0 0.5 p-1 -9676 3
325 2553 m1 662942 0 0.5 p-1 -1009731 593
326 2554 m1 664253 0 0.5 p-1 -377127 80
1402 2555 m1 664538 0 0.5 p-1 -44674 4
1225 2559 m1 667540 0 0.5 p-1 -199962 33
869 2564 m1 681919 0 0.5 p-1 -44434 44
174 2565 m1 682993 -0 0.5 p-1 -4986412 1692
920 2566 m1 686744 -0 0.5 p-1 -689018 177
1573 2573 m1 692005 0 0.5 p-1 -4931 2
1489 2576 m1 697836 -0 0.5 p-1 -50915 9
1594 2577 m1 698186 -0 0.5 p-1 -15311 9
179 2578 m1 698590 0 0.5 p-1 -1797932 693
905 2579 m1 700564 0 0.5 p-1 -942869 25
619 2581 m1 701725 -0 0.5 p-1 -1108097 353
1199 2582 m1 704337 -0 0.5 p-1 -1501620 83
1043 2583 m1 705534 -0 0.5 p-1 -133846 27
1063 2585 m1 706416 0 0.5 p-1 -378246 42
334 2586 m1 707244 -0 0.5 p-1 -725109 255
182 2587 m1 707285 0 0.5 p-1 -451116 160
335 2588 m1 707617 -0 0.5 p-1 -1776867 390
184 2590 m1 710822 0 0.5 p-1 -140408 163
1554 2591 m1 711724 0 0.5 p-1 -79929 21
560 2592 m1 712957 -0 0.5 p-1 -117380 57
1557 2593 m1 714175 -0 0.5 p-1 -15503 4
1496 2594 m1 714678 0 0.5 p-1 -10620 7
621 2597 m1 721339 0 0.5 p-1 -552828 297
188 2598 m1 722612 0 0.5 p-1 -3191501 1549
1433 2599 m1 728858 0 0.5 p-1 -377524 12
445 2602 m1 731365 -0 0.5 p-1 -163572 70
337 2603 m1 731693 -0 0.5 p-1 -5937785 347
338 2604 m1 734514 -0 0.5 p-1 -2727270 497
765 2607 m1 737123 0 0.5 p-1 -127976 34
1273 2609 m1 741393 -0 0.5 p-1 -1663 24
835 2610 m1 743686 0 0.5 p-1 -670595 183
1623 2612 m1 745324 -0 0.5 p-1 -3776 7
1052 2613 m1 748325 -0 0.5 p-1 -6489073 145
448 2616 m1 752846 -0 0.5 p-1 -1610930 444
1167 2619 m1 755761 -0 0.5 p-1 -439690 5
742 2620 m1 756179 0 0.5 p-1 -853537 452
766 2621 m1 757127 0 0.5 p-1 -5551349 26
700 2623 m1 757996 -0 0.5 p-1 -200247 53
500 2625 m1 759890 -0 0.5 p-1 -932799 92
198 2626 m1 760841 0 0.5 p-1 -4879467 495
1724 2629 m1 769252 0 0.5 p-1 -1525 1
701 2630 m1 770133 -0 0.5 p-1 -311850 75
624 2631 m1 770706 -0 0.5 p-1 -5435857 250
561 2632 m1 771073 0 0.5 p-1 -588644 125
342 2633 m1 771150 0 0.5 p-1 -351247 154
562 2636 m1 778798 0 0.5 p-1 -2440962 967
703 2637 m1 779303 0 0.5 p-1 -1256559 278
1067 2639 m1 780361 0 0.5 p-1 -148906 56
768 2640 m1 780744 0 0.5 p-1 -69173 12
1016 2641 m1 784501 0 0.5 p-1 -686643 49
1234 2642 m1 784519 0 0.5 p-1 -11918 2
1461 2645 m1 786552 -0 0.5 p-1 -1232 11
626 2647 m1 794844 -0 0.5 p-1 -436019 267
1590 2649 m1 800276 0 0.5 p-1 -32143 6
346 2654 m1 805552 0 0.5 p-1 -424828 50
1560 2655 m1 809049 0 0.5 p-1 -35505 3
1168 2656 m1 813483 -0 0.5 p-1 -15456 6
208 2657 m1 814594 0 0.5 p-1 -2519652 1682
453 2659 m1 815773 0 0.5 p-1 -820518 375
896 2660 m1 816762 -0 0.5 p-1 -373599 52
1746 2662 m1 820292 0 0.5 p-1 -1375 1
801 2663 m1 821160 -0 0.5 p-1 -1593718 101
1053 2664 m1 823300 -0 0.5 p-1 -140357 115
1064 2665 m1 823895 -0 0.5 p-1 -208172 64
211 2666 m1 825927 0 0.5 p-1 -3034506 1411
454 2668 m1 827151 0 0.5 p-1 -9331283 1335
743 2669 m1 827996 -0 0.5 p-1 -269200 249
505 2671 m1 831713 -0 0.5 p-1 -537220 310
1462 2672 m1 834044 -0 0.5 p-1 -31739 37
1018 2673 m1 834366 -0 0.5 p-1 -46758 28
213 2674 m1 840553 0 0.5 p-1 -283224 328
989 2675 m1 840674 -0 0.5 p-1 -1658831 96
216 2677 m1 846286 -0 0.5 p-1 -2702658 1546
565 2680 m1 851548 0 0.5 p-1 -4334754 534
217 2681 m1 852314 -0 0.5 p-1 -1961259 1013
1126 2682 m1 854346 -0 0.5 p-1 -190826 59
1324 2683 m1 858277 -0 0.5 p-1 -150980 31
458 2685 m1 860651 0 0.5 p-1 -3539226 528
1298 2686 m1 862871 -0 0.5 p-1 -254090 15
1201 2687 m1 865866 0 0.5 p-1 -30791 50
353 2688 m1 866501 -0 0.5 p-1 -446075 153
1143 2690 m1 871789 0 0.5 p-1 -2537950 28
997 2691 m1 873924 -0 0.5 p-1 -3541599 259
358 2692 m1 874206 -0 0.5 p-1 -850987 545
1595 2693 m1 875521 0 0.5 p-1 -25514 5
1275 2694 m1 875955 0 0.5 p-1 -31338 35
220 2695 m1 879555 -0 0.5 p-1 -7395753 1481
1749 2696 m1 880279 0 0.5 p-1 -20140 1
1196 2697 m1 880775 -0 0.5 p-1 -2039906 6
1417 2698 m1 884872 0 0.5 p-1 -27570 18
1728 2699 m1 889879 0 0.5 p-1 -58 1
1106 2703 m1 896358 -0 0.5 p-1 -214337 68
361 2704 m1 896704 0 0.5 p-1 -485143 384
1251 2705 m1 896800 0 0.5 p-1 -74130 19
1601 2707 m1 898825 0 0.5 p-1 -40213 3
229 2709 m1 900232 -0 0.5 p-1 -3283384 1781
1068 2711 m1 902919 0 0.5 p-1 -50084 33
1326 2712 m1 905933 0 0.5 p-1 -12308 4
664 2716 m1 911066 0 0.5 p-1 -167293 137
1260 2717 m1 912416 0 0.5 p-1 -32845 11
506 2718 m1 914153 -0 0.5 p-1 -1835166 557
1611 2719 m1 917844 0 0.5 p-1 -7591 6
821 2721 m1 919246 -0 0.5 p-1 -22574 10
858 2722 m1 920786 -0 0.5 p-1 -345315 97
1619 2724 m1 921899 -0 0.5 p-1 -144140 4
236 2725 m1 923391 0 0.5 p-1 -6145517 495
462 2726 m1 923516 0 0.5 p-1 -10790003 1426
240 2732 m1 939309 0 0.5 p-1 -2870630 1955
508 2733 m1 939781 0 0.5 p-1 -577633 464
1266 2734 m1 942235 -0 0.5 p-1 -27310 4
1423 2735 m1 945408 0 0.5 p-1 -28508 23
788 2736 m1 945578 -0 0.5 p-1 -49258 33
1741 2737 m1 947663 0 0.5 p-1 -34356 1
371 2738 m1 953161 0 0.5 p-1 -4209424 1728
1527 2739 m1 953376 -0 0.5 p-1 -57473 14
244 2740 m1 954987 0 0.5 p-1 -1352320 727
1575 2741 m1 955479 -0 0.5 p-1 -54019 19
994 2743 m1 961169 0 0.5 p-1 -121629 83
247 2744 m1 963078 0 0.5 p-1 -2662412 1656
248 2745 m1 963327 0 0.5 p-1 -1054520 561
969 2746 m1 965933 -0 0.5 p-1 -499930 56
859 2747 m1 968796 -0 0.5 p-1 -277250 121
249 2748 m1 970706 0 0.5 p-1 -3603911 1551
1174 2749 m1 971447 0 0.5 p-1 -315145 25
1128 2750 m1 972074 -0 0.5 p-1 -34868 70
907 2751 m1 973653 -0 0.5 p-1 -72000 22
922 2752 m1 973724 0 0.5 p-1 -137402 43
252 2754 m1 980451 0 0.5 p-1 -1259366 844
253 2755 m1 982329 -0 0.5 p-1 -6585901 1253
603 2757 m1 991028 -0 0.5 p-1 -945126 351
375 2758 m1 994329 0 0.5 p-1 -205776 277
1024 2759 m1 994415 0 0.5 p-1 -7080 11
1516 2760 m1 995702 0 0.5 p-1 -87733 1
1692 2762 m1 999795 0 0.5 p-1 -14627 4
