Temp_ID Permanent_ID Mutation_type Position s h Subpop Tick Number
419 0 m2 610 -0.023627568 0.5 p-1 -631785 604
1079 1 m2 1427 0.0288162995 0.5 p-1 -429257 122
1512 2 m2 1736 -0.0286012627 0.5 p-1 -163520 6
355 4 m2 3676 -3.02538683e-05 0.5 p-1 -1659255 336
420 6 m2 4603 -0.00188281306 0.5 p-1 -572662 418
905 7 m2 4701 -0.00788730104 0.5 p-1 -459283 43
797 8 m2 4777 -0.000939420017 0.5 p-1 -38262 37
1595 11 m2 6521 0.00931795221 0.5 p-1 -113225 3
1127 12 m2 8064 9.393238e-05 0.5 p-1 -92162 21
356 13 m2 9475 -7.2426833e-06 0.5 p-1 -137337 175
421 15 m2 11130 0.000287439092 0.5 p-1 -4658395 55
0 16 m2 11223 -0.00169749372 0.5 p-1 -2942598 1717
244 17 m2 11909 0.00164544163 0.5 p-1 -119785 56
422 18 m2 12300 -0.0111264419 0.5 p-1 -1249911 411
1 19 m2 13122 -0.00644292729 0.5 p-1 -5922655 1373
423 20 m2 13171 -0.000606830057 0.5 p-1 -9725598 637
906 21 m2 14133 0.0270803925 0.5 p-1 -53251 26
2 22 m2 15802 -0.00131370651 0.5 p-1 -2219441 1590
1382 24 m2 16387 1.53019153e-06 0.5 p-1 -1687893 18
424 28 m2 18265 1.51568497e-06 0.5 p-1 -2240818 548
1097 29 m2 18771 -0.00265623326 0.5 p-1 -188821 15
1203 31 m2 20791 0.00454919226 0.5 p-1 -27802 7
1529 32 m2 21629 -0.00132502255 0.5 p-1 -207713 3
1530 33 m2 25586 0.000137136245 0.5 p-1 -162873 3
1160 34 m2 25596 0.0346232839 0.5 p-1 -85543 114
859 36 m2 27127 -0.00716391113 0.5 p-1 -222096 20
1060 37 m2 27904 -0.00926055759 0.5 p-1 -599096 86
425 38 m2 28361 -0.000377499178 0.5 p-1 -81377 43
1442 41 m2 29478 0.000156570299 0.5 p-1 -30140 9
1271 43 m2 29975 0.0140572796 0.5 p-1 -10068 3
819 44 m2 30254 0.00129231834 0.5 p-1 -40020 13
3 45 m2 30609 0.018753415 0.5 p-1 -164980 106
1149 46 m2 31179 -0.00919711404 0.5 p-1 -144768 15
572 48 m2 31810 -0.00122337264 0.5 p-1 -2519539 996
4 49 m2 31980 -0.0162561014 0.5 p-1 -13753546 799
1265 51 m2 33368 -0.00386264175 0.5 p-1 -39188 18
1114 52 m2 34070 -1.02178674e-05 0.5 p-1 -364290 57
478 54 m2 34661 -0.000937643461 0.5 p-1 -797944 125
798 55 m2 35304 -0.0182899702 0.5 p-1 -156335 17
928 56 m2 35817 -0.00880211033 0.5 p-1 -217735 149
785 57 m2 40440 0.0206245519 0.5 p-1 -891700 53
1019 61 m2 41285 0.00348015246 0.5 p-1 -58504 32
426 62 m2 41347 -3.51633389e-06 0.5 p-1 -792265 359
879 63 m2 42867 0.0111574922 0.5 p-1 -189924 44
247 65 m2 43299 0.00167747249 0.5 p-1 -1541344 181
7 66 m2 43367 -0.000208148587 0.5 p-1 -5615284 1667
1098 67 m2 44652 -0.000192218518 0.5 p-1 -23284 23
762 68 m2 45378 -0.0340292491 0.5 p-1 -2217526 204
1037 69 m2 45567 0.00140957558 0.5 p-1 -181512 24
573 70 m2 46887 -0.0207019709 0.5 p-1 -2254982 205
248 71 m2 47716 0.0117692444 0.5 p-1 -3200022 1040
763 73 m2 49233 0.003841097 0.5 p-1 -62197 95
1103 75 m2 49400 0.0215872135 0.5 p-1 -328604 87
1093 77 m2 50616 0.0509229377 0.5 p-1 -268167 48
249 79 m2 50851 0.00166807603 0.5 p-1 -356878 139
860 81 m2 50927 -0.0140305394 0.5 p-1 -2364698 288
1020 83 m2 51544 0.000538898865 0.5 p-1 -1401814 135
861 84 m2 52010 -0.00286135101 0.5 p-1 -203493 107
1072 85 m2 52034 -0.00805027783 0.5 p-1 -191613 25
250 86 m2 52634 -0.00101769622 0.5 p-1 -3767164 949
357 87 m2 53090 -0.0158840418 0.5 p-1 -1086308 414
1240 89 m2 53721 0.000225455529 0.5 p-1 -26796 17
11 91 m2 54912 -0.000571599172 0.5 p-1 -3764962 1393
428 92 m2 55235 5.00140004e-06 0.5 p-1 -1809554 557
1606 93 m2 55381 -0.00494482974 0.5 p-1 -76572 1
724 94 m2 55441 0.0047193747 0.5 p-1 -1794436 282
12 95 m2 56591 0.00361801358 0.5 p-1 -4568891 988
786 96 m2 57786 0.00216300087 0.5 p-1 -641556 117
13 97 m2 58079 0.0257319007 0.5 p-1 -6718073 1900
1045 98 m2 58327 -0.000146737366 0.5 p-1 -898024 33
252 99 m2 58421 0.00191817572 0.5 p-1 -1079036 1006
1440 100 m2 60957 0.0016050149 0.5 p-1 -32968 4
429 101 m2 61538 0.00335320551 0.5 p-1 -1275467 362
1343 102 m2 62132 0.00874195155 0.5 p-1 -41350 7
1104 103 m2 63271 0.0113022132 0.5 p-1 -9449 3
708 104 m2 65043 0.013531778 0.5 p-1 -735433 530
1314 105 m2 66303 0.00371036609 0.5 p-1 -68742 2
1452 106 m2 66377 0.0452763736 0.5 p-1 -18435 21
14 107 m2 66832 0.00829625688 0.5 p-1 -7843318 722
787 109 m2 67429 -0.0130495131 0.5 p-1 -1943871 107
1084 111 m2 68414 -0.0270478558 0.5 p-1 -190019 55
430 112 m2 69241 -0.0100260498 0.5 p-1 -1563050 688
746 113 m2 69883 0.000486778939 0.5 p-1 -259635 33
1272 114 m2 70151 0.000143083773 0.5 p-1 -288916 4
358 117 m2 72462 0.0399699435 0.5 p-1 -3655849 569
431 118 m2 72738 0.0213079527 0.5 p-1 -677955 278
253 120 m2 73812 -0.0531654246 0.5 p-1 -316268 164
1426 123 m2 74210 -0.000585129193 0.5 p-1 -121092 12
1555 124 m2 74380 -0.000454006338 0.5 p-1 -57660 2
697 126 m2 74972 0.0764184818 0.5 p-1 -47682 23
254 127 m2 75311 -7.54008806e-06 0.5 p-1 -6010687 1371
607 129 m2 77133 0.00280067185 0.5 p-1 -420627 280
608 130 m2 77821 0.0835088119 0.5 p-1 -810290 381
575 131 m2 79097 0.00346865458 0.5 p-1 -2619994 162
576 132 m2 79717 -0.00524761574 0.5 p-1 -1176717 317
432 133 m2 79848 -0.00110104203 0.5 p-1 -371057 288
255 135 m2 82619 -0.0119569385 0.5 p-1 -947942 701
15 136 m2 83065 0.0273875427 0.5 p-1 -4257876 1433
16 137 m2 83106 1.63441776e-08 0.5 p-1 -1352440 613
359 139 m2 84952 0.000698252174 0.5 p-1 -1061560 779
1389 140 m2 85060 0.00245082006 0.5 p-1 -143262 2
1611 141 m2 86513 -0.000242028516 0.5 p-1 -28616 1
17 143 m2 89256 0.0068266145 0.5 p-1 -738224 178
1526 144 m2 91162 0.000690499204 0.5 p-1 -245729 2
433 145 m2 91638 0.00331429392 0.5 p-1 -3303201 729
434 146 m2 91811 7.19329109e-05 0.5 p-1 -1462470 668
1550 147 m2 91902 -0.0070614228 0.5 p-1 -495825 2
1363 148 m2 92679 -0.0102795232 0.5 p-1 -69591 10
953 150 m2 93505 -0.00176346244 0.5 p-1 -71661 25
361 151 m2 94806 0.000335117744 0.5 p-1 -574366 368
699 152 m2 95504 -0.00411660224 0.5 p-1 -214179 46
609 154 m2 96931 0.000598004786 0.5 p-1 -354194 119
1063 155 m2 97748 1.77596942e-08 0.5 p-1 -403111 79
18 156 m2 100095 -0.00638435502 0.5 p-1 -1839380 225
799 158 m2 100596 0.000202519514 0.5 p-1 -180595 148
256 159 m2 101914 -2.8090215e-05 0.5 p-1 -181825 92
1361 160 m2 101932 0.0323459804 0.5 p-1 -126255 32
480 162 m2 103529 -7.38194794e-05 0.5 p-1 -1126996 873
1161 164 m2 104526 -8.33412632e-05 0.5 p-1 -6292 1
1193 166 m2 105070 5.83881699e-09 0.5 p-1 -70206 24
529 167 m2 105912 0.000155568603 0.5 p-1 -422092 220
644 168 m2 106336 3.21799348e-07 0.5 p-1 -232660 75
19 169 m2 107474 9.5350937e-05 0.5 p-1 -6104434 1151
1392 170 m2 107718 -0.00715225562 0.5 p-1 -144281 12
1162 171 m2 107722 0.00904668868 0.5 p-1 -306245 20
20 174 m2 109211 0.000799949572 0.5 p-1 -4337644 1631
362 175 m2 109848 0.00523608131 0.5 p-1 -50860 52
800 178 m2 111124 0.00499739684 0.5 p-1 -271023 98
1311 179 m2 111459 -0.000399302487 0.5 p-1 -119766 15
257 181 m2 113922 -8.76633567e-05 0.5 p-1 -1305567 738
765 182 m2 114068 -0.00114477647 0.5 p-1 -135395 43
1001 185 m2 117071 -0.00849940162 0.5 p-1 -61214 109
1263 187 m2 120108 -3.74904334e-06 0.5 p-1 -50273 10
1475 188 m2 120637 2.22548642e-05 0.5 p-1 -15722 1
834 189 m2 120931 0.00152634189 0.5 p-1 -8748 26
1453 191 m2 122241 -0.000563514302 0.5 p-1 -10277 3
530 192 m2 122493 -0.00420463784 0.5 p-1 -390222 28
982 195 m2 124741 -0.020862516 0.5 p-1 -45581 14
258 196 m2 125104 -0.00791815668 0.5 p-1 -3069845 977
22 197 m2 125838 -0.010338095 0.5 p-1 -2958143 693
1225 198 m2 126390 0.00139728351 0.5 p-1 -162624 7
1105 199 m2 126722 0.00528348517 0.5 p-1 -113868 21
1533 200 m2 127141 -9.29660091e-05 0.5 p-1 -50483 4
1589 201 m2 127389 1.11561621e-06 0.5 p-1 -405040 1
23 202 m2 127494 -2.80403789e-09 0.5 p-1 -9477683 912
1090 203 m2 127652 -0.00111711968 0.5 p-1 -13427 15
24 204 m2 127789 -0.0213384256 0.5 p-1 -3396034 1226
25 205 m2 128898 -0.00138622057 0.5 p-1 -3432486 999
1235 206 m2 129206 -0.0145300217 0.5 p-1 -65127 2
1492 207 m2 129774 0.0120241437 0.5 p-1 -45788 1
725 208 m2 129868 0.050726518 0.5 p-1 -221609 148
1052 210 m2 130668 0.00283677597 0.5 p-1 -39983 15
577 211 m2 130819 3.36639278e-05 0.5 p-1 -7321 17
1322 212 m2 133459 -0.000659359968 0.5 p-1 -235643 15
1278 213 m2 133590 -1.61827541e-06 0.5 p-1 -22956 27
531 214 m2 134152 -0.000490148843 0.5 p-1 -740324 217
789 215 m2 134496 -0.0063597206 0.5 p-1 -30116 14
1065 216 m2 134567 0.000459085713 0.5 p-1 -32116 23
1087 217 m2 134664 -1.1303315e-06 0.5 p-1 -45231 35
1201 219 m2 136091 -0.0222625379 0.5 p-1 -9132 6
726 221 m2 139096 -0.000695609953 0.5 p-1 -2107475 211
482 223 m2 139398 0.00891896617 0.5 p-1 -1606388 288
835 224 m2 139842 -0.00288480078 0.5 p-1 -208747 25
1619 225 m2 140145 0.00400826195 0.5 p-1 -23668 1
363 226 m2 141258 -0.00427058665 0.5 p-1 -6465927 512
766 227 m2 141367 -0.0195353534 0.5 p-1 -151269 177
27 229 m2 142480 4.16869419e-08 0.5 p-1 -157731 51
1607 230 m2 143016 -0.00709340209 0.5 p-1 -7082 1
1443 231 m2 144506 3.19167702e-05 0.5 p-1 -98961 2
958 233 m2 145727 -0.00889064558 0.5 p-1 -15729 28
259 236 m2 147412 0.0294863041 0.5 p-1 -5078115 967
767 238 m2 147680 -1.30881199e-05 0.5 p-1 -23657589 146
483 239 m2 147768 2.45819465e-05 0.5 p-1 -319023 209
1091 241 m2 152754 -0.000267705909 0.5 p-1 -2469275 29
987 242 m2 153603 2.35145417e-05 0.5 p-1 -487491 59
532 243 m2 153690 -0.00974354986 0.5 p-1 -621958 247
1416 245 m2 155678 -2.50090899e-08 0.5 p-1 -23080 4
1298 246 m2 156652 -0.0147865294 0.5 p-1 -24472 13
836 247 m2 158008 0.00086087489 0.5 p-1 -239959 54
260 249 m2 158456 0.0192933157 0.5 p-1 -777779 423
843 250 m2 158945 2.59485805e-05 0.5 p-1 -838259 130
364 253 m2 159453 0.0156611521 0.5 p-1 -1352525 643
437 254 m2 159687 0.00485150563 0.5 p-1 -333255 146
611 255 m2 160700 1.04887431e-05 0.5 p-1 -591217 157
1092 258 m2 162446 -0.00666784262 0.5 p-1 -150722 47
365 259 m2 162565 0.00138580659 0.5 p-1 -480126 186
1367 261 m2 164644 4.93190964e-05 0.5 p-1 -64335 27
1081 262 m2 164880 3.58636062e-05 0.5 p-1 -73965 106
1152 263 m2 165317 -4.08836131e-05 0.5 p-1 -567564 20
29 264 m2 167254 3.80846842e-07 0.5 p-1 -38274 24
1008 265 m2 167712 -4.03601225e-05 0.5 p-1 -75409 74
1229 267 m2 168201 6.08879309e-05 0.5 p-1 -36826 20
844 268 m2 168456 -0.0209237356 0.5 p-1 -456662 43
261 269 m2 168690 0.00770270452 0.5 p-1 -8883423 1015
484 272 m2 171052 -0.0169074144 0.5 p-1 -3751082 576
366 275 m2 171730 -0.000654474308 0.5 p-1 -374328 146
1508 276 m2 172780 -0.00113934092 0.5 p-1 -1299 10
1548 280 m2 174766 0.000591184653 0.5 p-1 -7385 1
30 281 m2 177290 -0.0035692614 0.5 p-1 -3761696 1315
31 282 m2 178769 0.0275869463 0.5 p-1 -2004830 674
367 283 m2 178905 -0.000475981913 0.5 p-1 -257987 145
1371 284 m2 179131 5.56877421e-05 0.5 p-1 -19858 10
32 285 m2 179230 0.00238971016 0.5 p-1 -3692881 1186
1501 287 m2 180579 -0.00129981677 0.5 p-1 -5964 1
262 288 m2 181860 -0.00123021263 0.5 p-1 -812503 247
368 289 m2 182385 0.0016061865 0.5 p-1 -6885871 223
1320 290 m2 183624 0.0411626622 0.5 p-1 -16036 6
1590 291 m2 183891 0.000773865497 0.5 p-1 -2481 5
1221 292 m2 183948 0.0171639435 0.5 p-1 -4364 13
995 295 m2 187031 0.013086549 0.5 p-1 -100327 41
727 297 m2 188071 -1.18635389e-05 0.5 p-1 -466949 76
1356 298 m2 188974 -0.000935507123 0.5 p-1 -66821 17
747 299 m2 189032 0.00120743958 0.5 p-1 -220547 52
35 302 m2 191440 -0.000400000485 0.5 p-1 -3967792 314
939 303 m2 191666 -8.45750546e-05 0.5 p-1 -58487 70
1099 304 m2 192930 -0.00459220493 0.5 p-1 -248969 48
845 307 m2 194244 -0.000953322742 0.5 p-1 -6533364 38
748 309 m2 195497 3.7298862e-06 0.5 p-1 -4635470 320
837 310 m2 195642 -0.001329483 0.5 p-1 -252177 49
485 313 m2 196292 -0.000314156903 0.5 p-1 -4938698 1232
1025 314 m2 196355 -0.000800090202 0.5 p-1 -89159 49
533 315 m2 196665 -0.00215071253 0.5 p-1 -1918079 1055
1572 316 m2 197170 0.148212761 0.5 p-1 -129313 2
1602 317 m2 197415 0.000264796603 0.5 p-1 -165811 4
1608 318 m2 198377 -0.00412720209 0.5 p-1 -9912 1
908 319 m2 199456 0.00205735909 0.5 p-1 -200100 19
36 320 m2 199479 0.0149702942 0.5 p-1 -100391 37
534 324 m2 203395 0.000361460698 0.5 p-1 -266252 208
1175 325 m2 203682 0.0942112505 0.5 p-1 -25465 31
438 326 m2 204175 0.00198649475 0.5 p-1 -2001950 676
439 330 m2 207335 -1.29123391e-05 0.5 p-1 -869963 84
1571 332 m2 208343 -0.0021908863 0.5 p-1 -3765 5
1583 333 m2 208642 0.00151840504 0.5 p-1 -68749 2
959 336 m2 209796 -5.1472025e-06 0.5 p-1 -3936045 56
263 337 m2 210861 -0.00126329763 0.5 p-1 -5683105 1192
960 339 m2 212518 0.00459882477 0.5 p-1 -96683 26
650 340 m2 213154 0.00011116518 0.5 p-1 -426275 64
440 343 m2 213684 0.0118298251 0.5 p-1 -473984 519
651 344 m2 214074 -0.0218369924 0.5 p-1 -1550939 106
38 345 m2 214486 0.022325974 0.5 p-1 -2759068 695
1216 346 m2 215382 -3.00497732e-06 0.5 p-1 -40172 11
1139 347 m2 215641 0.000460207986 0.5 p-1 -127917 4
1327 349 m2 218009 0.0246069133 0.5 p-1 -8236017 7
940 350 m2 220175 -0.00405646954 0.5 p-1 -146725 32
264 351 m2 220260 4.69403858e-07 0.5 p-1 -4231230 1131
40 352 m2 220655 -0.00162258255 0.5 p-1 -984672 169
652 353 m2 221787 0.00700486964 0.5 p-1 -1471098 649
1445 354 m2 222056 -0.00468344707 0.5 p-1 -9516 1
579 355 m2 222994 -4.18583124e-09 0.5 p-1 -2938610 170
728 358 m2 224349 0.00449809479 0.5 p-1 -2111022 393
369 359 m2 224492 -0.0328591652 0.5 p-1 -487577 319
802 360 m2 225165 -0.0167971645 0.5 p-1 -104167 39
1599 362 m2 226050 1.11236682e-06 0.5 p-1 -11316 3
1340 363 m2 226077 0.000304874586 0.5 p-1 -59944 12
265 365 m2 227613 -0.0185699444 0.5 p-1 -3681476 963
1312 366 m2 228812 0.00723041315 0.5 p-1 -129624 15
749 368 m2 229835 -0.014962188 0.5 p-1 -258546 80
988 370 m2 233807 0.0199413132 0.5 p-1 -1380900 79
42 372 m2 234640 0.0125469724 0.5 p-1 -2174723 675
918 374 m2 234921 0.0050936006 0.5 p-1 -232135 33
267 375 m2 235065 -0.00530612469 0.5 p-1 -260704 119
580 376 m2 235733 2.45419506e-05 0.5 p-1 -3727051 262
919 378 m2 236046 0.000445271784 0.5 p-1 -2595486 45
700 379 m2 236212 0.00455071591 0.5 p-1 -20678 24
268 380 m2 236653 -4.16206731e-08 0.5 p-1 -2926321 855
581 381 m2 237402 -0.0024297249 0.5 p-1 -314142 96
1287 382 m2 237927 9.65991057e-06 0.5 p-1 -36289 5
269 383 m2 238942 0.00171719259 0.5 p-1 -1464688 1789
1061 384 m2 239556 0.00869682338 0.5 p-1 -303093 45
1254 385 m2 240538 2.29102243e-05 0.5 p-1 -50732 11
270 386 m2 240992 -8.81668748e-05 0.5 p-1 -1948176 1417
1430 387 m2 241014 0.00655789999 0.5 p-1 -8642 4
1429 388 m2 241643 -1.17200727e-06 0.5 p-1 -180381 9
1404 390 m2 243160 -0.0387835614 0.5 p-1 -38722 13
1028 391 m2 246387 -0.00517838588 0.5 p-1 -34704 3
486 392 m2 247268 -1.47149503e-05 0.5 p-1 -779558 340
487 393 m2 247863 0.0413497351 0.5 p-1 -11319211 1148
44 398 m2 251780 2.15632008e-05 0.5 p-1 -1515397 667
989 399 m2 252293 0.046597708 0.5 p-1 -88768 37
1450 400 m2 252620 -0.0192625169 0.5 p-1 -1441 2
1324 402 m2 253370 -0.0113809872 0.5 p-1 -79183 10
931 403 m2 253380 4.30997349e-10 0.5 p-1 -273588 94
1490 406 m2 254850 0.000124025697 0.5 p-1 -1937 2
750 407 m2 256068 0.000298552593 0.5 p-1 -42663 45
846 408 m2 256450 9.61224287e-05 0.5 p-1 -180641 12
47 409 m2 257018 -0.000467580918 0.5 p-1 -4015598 1676
48 413 m2 259540 -0.0349135101 0.5 p-1 -2320121 835
941 414 m2 259734 4.21376795e-10 0.5 p-1 -203659 30
49 415 m2 263764 -0.000851764868 0.5 p-1 -2391793 1127
50 417 m2 264483 0.00110351469 0.5 p-1 -1129575 629
51 419 m2 266128 0.000923832471 0.5 p-1 -1547612 727
443 420 m2 266312 -0.00561389094 0.5 p-1 -333974 133
273 423 m2 267387 -0.00081680523 0.5 p-1 -2132786 1157
1269 424 m2 267567 -6.62337106e-06 0.5 p-1 -13228 12
1122 426 m2 268845 0.000386883214 0.5 p-1 -12630 28
444 428 m2 269612 -0.0174695831 0.5 p-1 -2237786 560
1169 429 m2 269825 1.1713658e-07 0.5 p-1 -308930 14
1417 430 m2 270291 -8.00008129e-05 0.5 p-1 -242430 12
52 431 m2 270332 0.00253960909 0.5 p-1 -5242303 578
1136 432 m2 270544 -0.00071061356 0.5 p-1 -40 2
1284 433 m2 271233 -0.0265297368 0.5 p-1 -517998 17
371 434 m2 271562 -0.0232342575 0.5 p-1 -303375 162
942 436 m2 273240 0.000263011869 0.5 p-1 -227946 30
920 437 m2 273507 -0.0011411265 0.5 p-1 -35839 5
932 440 m2 273816 0.00121343846 0.5 p-1 -178338 105
53 443 m2 274238 -0.000678196142 0.5 p-1 -285653 42
372 444 m2 274398 0.00392265525 0.5 p-1 -11727 14
1170 446 m2 274934 0.000161083735 0.5 p-1 -39001 13
1207 448 m2 275697 5.89948359e-05 0.5 p-1 -792106 25
1012 449 m2 276481 -0.00324521307 0.5 p-1 -459735 98
675 451 m2 278726 -1.11919034e-08 0.5 p-1 -476079 601
1171 452 m2 279181 0.00244370219 0.5 p-1 -23382 8
55 453 m2 279973 0.0243646409 0.5 p-1 -5250050 757
56 454 m2 280178 2.18788991e-05 0.5 p-1 -908260 328
582 455 m2 281327 -0.0136433542 0.5 p-1 -586705 67
57 456 m2 282170 4.97080364e-05 0.5 p-1 -7038201 371
880 457 m2 282795 -0.0738074481 0.5 p-1 -76346 55
710 458 m2 283174 -0.00188891287 0.5 p-1 -48093 69
1013 459 m2 283404 -8.9154637e-05 0.5 p-1 -73164 7
1163 461 m2 283555 -8.46604871e-06 0.5 p-1 -28810 55
58 462 m2 283560 0.00866774097 0.5 p-1 -3944120 1614
59 464 m2 285074 0.0269467141 0.5 p-1 -1661806 1727
60 465 m2 286166 0.000276912353 0.5 p-1 -1203718 1356
446 466 m2 286178 0.0244169813 0.5 p-1 -2656828 482
768 467 m2 286438 0.000105549319 0.5 p-1 -502016 235
274 468 m2 286886 0.000264450879 0.5 p-1 -1558348 906
1412 469 m2 287095 1.12298503e-05 0.5 p-1 -2668 2
1315 470 m2 287153 0.000117569245 0.5 p-1 -29121 3
909 471 m2 289982 -2.66844154e-06 0.5 p-1 -25420 16
820 472 m2 291093 -6.83760591e-05 0.5 p-1 -268474 142
847 473 m2 291210 0.0251969676 0.5 p-1 -570114 111
275 475 m2 291928 0.00337253883 0.5 p-1 -2865242 1316
961 476 m2 293439 0.0220798273 0.5 p-1 -27159 12
276 477 m2 293671 0.00142545695 0.5 p-1 -2671041 373
61 478 m2 294103 -0.00379997282 0.5 p-1 -885373 890
537 479 m2 294612 -0.000424362574 0.5 p-1 -111656 32
62 480 m2 295381 -0.0013291717 0.5 p-1 -8158799 1032
613 481 m2 296081 -0.0260229371 0.5 p-1 -655452 40
822 482 m2 296131 -0.000410333218 0.5 p-1 -449527 148
1378 483 m2 298154 0.020191649 0.5 p-1 -5504 8
488 484 m2 298403 -0.00388820912 0.5 p-1 -1164633 738
64 485 m2 299495 6.22042062e-05 0.5 p-1 -7929957 1351
1214 487 m2 303587 0.00319439895 0.5 p-1 -53609 4
1431 488 m2 304050 3.19013707e-05 0.5 p-1 -6905 4
921 489 m2 304157 0.00265394803 0.5 p-1 -96084 6
1153 491 m2 304451 0.000884508074 0.5 p-1 -399365 46
804 492 m2 305236 -0.00620500371 0.5 p-1 -815366 142
1116 493 m2 305572 2.73431106e-05 0.5 p-1 -1504817 162
65 495 m2 308515 -0.00551423477 0.5 p-1 -663246 665
711 496 m2 309144 0.000367408647 0.5 p-1 -1870187 240
1088 497 m2 310705 -0.0148780541 0.5 p-1 -188170 53
375 500 m2 313230 -5.70325369e-08 0.5 p-1 -2855054 594
1507 501 m2 315578 1.63051403e-08 0.5 p-1 -30044 3
615 502 m2 315633 -0.0333037972 0.5 p-1 -4972833 1217
67 503 m2 315746 0.000415603165 0.5 p-1 -10193044 1744
539 504 m2 316335 -0.0109645734 0.5 p-1 -718103 437
1622 505 m2 317780 0.00974759459 0.5 p-1 -3517 2
1236 506 m2 317930 0.0328036584 0.5 p-1 -133989 35
1521 508 m2 318948 0.00409782631 0.5 p-1 -126352 6
583 512 m2 321823 0.0562411509 0.5 p-1 -215192 62
1349 513 m2 322814 0.00193348539 0.5 p-1 -12628 6
277 514 m2 322996 -1.26390532e-05 0.5 p-1 -350302 127
849 516 m2 324384 0.00835235696 0.5 p-1 -760687 241
1226 517 m2 324545 -0.000112227266 0.5 p-1 -90571 12
489 518 m2 324768 -0.0106506106 0.5 p-1 -499029 323
654 519 m2 325491 0.00213884679 0.5 p-1 -870436 185
447 521 m2 325842 -0.000894662284 0.5 p-1 -42307 87
68 522 m2 326479 0.00275836559 0.5 p-1 -605045 58
584 524 m2 327624 0.00100737519 0.5 p-1 -3443705 295
1249 526 m2 329050 -0.117209233 0.5 p-1 -48890 31
976 527 m2 329425 0.00143132289 0.5 p-1 -81561 135
278 531 m2 330810 -0.00452784216 0.5 p-1 -1803024 383
676 532 m2 331023 -5.25161013e-05 0.5 p-1 -7852053 215
677 533 m2 331065 -0.000100562975 0.5 p-1 -2824646 215
1250 534 m2 332473 -0.0125040347 0.5 p-1 -132404 32
838 535 m2 332764 -0.000132279863 0.5 p-1 -124334 21
279 536 m2 332974 6.54175674e-05 0.5 p-1 -1789644 194
1165 538 m2 334182 -0.0445001312 0.5 p-1 -218601 68
968 539 m2 335128 0.0034814442 0.5 p-1 -4488 15
70 540 m2 336154 0.000476907386 0.5 p-1 -5874528 996
1347 542 m2 338011 0.0204998869 0.5 p-1 -22732 12
1067 544 m2 340730 -0.0181585737 0.5 p-1 -119957 38
1130 545 m2 341140 3.94387826e-05 0.5 p-1 -5517663 80
1455 546 m2 341377 -0.0198405776 0.5 p-1 -41980 7
541 547 m2 341485 -0.0017161771 0.5 p-1 -467741 120
490 548 m2 341709 5.21338848e-07 0.5 p-1 -1039278 158
1166 549 m2 341740 -3.44826149e-05 0.5 p-1 -47193 1
1244 550 m2 341792 -2.75537241e-05 0.5 p-1 -66983 11
1586 551 m2 342389 8.5640313e-05 0.5 p-1 -6599 1
1470 554 m2 342903 -2.39248834e-06 0.5 p-1 -12753 4
972 555 m2 343001 -0.00148638908 0.5 p-1 -149717 19
730 556 m2 343491 -0.0119794002 0.5 p-1 -24762 7
585 557 m2 343825 -0.000680726778 0.5 p-1 -326361 244
71 558 m2 343969 0.00213325769 0.5 p-1 -4791230 1794
72 560 m2 344868 0.000350124523 0.5 p-1 -2207914 1857
1495 561 m2 345622 -0.0478222929 0.5 p-1 -46796 9
1577 564 m2 347009 0.00152356853 0.5 p-1 -40800 1
1567 565 m2 347036 -0.0544709377 0.5 p-1 -2518 2
542 566 m2 347539 0.0221350715 0.5 p-1 -2788335 497
73 567 m2 347670 3.98228758e-06 0.5 p-1 -4922340 1602
678 568 m2 347974 0.000211556442 0.5 p-1 -498106 105
543 569 m2 348118 -0.00311766495 0.5 p-1 -1248560 777
74 570 m2 349026 1.5921033e-07 0.5 p-1 -13563206 944
544 572 m2 349142 -0.000370029476 0.5 p-1 -106557 46
954 573 m2 349167 -0.00168550806 0.5 p-1 -66280 44
75 574 m2 349678 -0.0137398904 0.5 p-1 -1096825 756
76 575 m2 350978 0.0422833934 0.5 p-1 -3284033 317
617 576 m2 351621 0.00604339503 0.5 p-1 -525252 141
379 577 m2 352193 0.000401528698 0.5 p-1 -2425667 494
864 578 m2 352826 -6.72672613e-05 0.5 p-1 -185606 44
977 580 m2 353880 0.0236744341 0.5 p-1 -1032504 126
618 583 m2 356101 -0.00684725307 0.5 p-1 -86136 52
1484 584 m2 357161 0.000310312345 0.5 p-1 -21976 9
280 585 m2 358604 -0.0110089872 0.5 p-1 -1002792 530
1553 586 m2 358635 4.99592886e-07 0.5 p-1 -2863 3
1255 588 m2 359061 -0.00472944789 0.5 p-1 -382278 16
380 589 m2 359903 -0.000995903625 0.5 p-1 -3056068 293
1187 592 m2 360627 0.0131707434 0.5 p-1 -1076764 38
823 593 m2 361677 9.29566379e-09 0.5 p-1 -2637637 406
1280 594 m2 362407 4.09055028e-05 0.5 p-1 -76407 13
1180 596 m2 362877 -0.00942498911 0.5 p-1 -38690 4
996 597 m2 364457 1.18040555e-06 0.5 p-1 -263318 166
79 598 m2 366075 9.40117534e-05 0.5 p-1 -1765956 1178
80 599 m2 366190 2.55289183e-06 0.5 p-1 -11010056 1294
619 600 m2 366597 0.00028916329 0.5 p-1 -210614 34
545 601 m2 370028 -0.0825004429 0.5 p-1 -872065 503
82 603 m2 371232 7.09869028e-06 0.5 p-1 -5617147 1097
83 604 m2 371268 -0.0126659423 0.5 p-1 -1906937 1602
1383 605 m2 371314 9.58111268e-05 0.5 p-1 -76606 8
806 606 m2 371320 -0.000158094772 0.5 p-1 -172518 79
84 607 m2 371382 -0.0140896291 0.5 p-1 -1806168 1612
85 608 m2 372131 0.0379663929 0.5 p-1 -2145119 871
865 609 m2 373087 -0.000135330949 0.5 p-1 -121627 72
1479 611 m2 374976 -0.000466880621 0.5 p-1 -7900 4
86 612 m2 375379 0.00396992685 0.5 p-1 -2793964 1622
586 613 m2 376293 0.000637641002 0.5 p-1 -4726843 549
807 614 m2 376437 -0.00649264455 0.5 p-1 -1128340 30
449 615 m2 377150 -0.00174444611 0.5 p-1 -4911688 205
679 617 m2 378479 1.97049594e-05 0.5 p-1 -52677 18
87 618 m2 378860 -0.00779057434 0.5 p-1 -3158816 304
808 620 m2 380982 -6.82674397e-08 0.5 p-1 -40863 19
1257 621 m2 383546 -0.00979010295 0.5 p-1 -185185 19
1326 622 m2 384031 -0.00321118208 0.5 p-1 -71880 3
587 623 m2 385712 -0.00534743024 0.5 p-1 -323332 146
824 626 m2 386345 0.00102663634 0.5 p-1 -209267 85
850 627 m2 386844 0.0379932597 0.5 p-1 -256255 154
1487 629 m2 388486 -0.0112716388 0.5 p-1 -90273 10
88 630 m2 388504 -0.000561635417 0.5 p-1 -2554207 744
851 631 m2 388602 -0.0352840498 0.5 p-1 -284639 76
89 632 m2 388810 -0.00254651206 0.5 p-1 -776513 67
281 633 m2 388830 0.000174714543 0.5 p-1 -3238246 1933
770 634 m2 388936 2.93136821e-08 0.5 p-1 -471635 237
90 635 m2 388979 0.00319385412 0.5 p-1 -3840668 226
621 639 m2 391985 3.42076987e-06 0.5 p-1 -249058 190
622 642 m2 393156 0.000409377157 0.5 p-1 -1242530 208
1299 643 m2 393519 -0.00479312288 0.5 p-1 -67949 11
852 645 m2 393955 -0.00843663514 0.5 p-1 -325024 44
897 646 m2 394291 0.0445679128 0.5 p-1 -38579 70
1568 647 m2 394415 0.00972515065 0.5 p-1 -71285 2
588 648 m2 394419 -0.00464055547 0.5 p-1 -294819 73
91 649 m2 394462 -3.2245418e-05 0.5 p-1 -2913952 1950
1434 651 m2 395960 0.0144601716 0.5 p-1 -1190528 4
1379 653 m2 396336 0.00447338028 0.5 p-1 -18974 7
92 655 m2 398011 0.00443728315 0.5 p-1 -791585 412
1499 656 m2 398832 -0.00073331286 0.5 p-1 -141717 9
283 658 m2 400293 -0.016232606 0.5 p-1 -2720708 720
93 659 m2 400822 -0.00947704352 0.5 p-1 -2439636 1452
1014 660 m2 401144 -0.0016201681 0.5 p-1 -147441 19
701 661 m2 401808 -0.0202516634 0.5 p-1 -459893 168
978 662 m2 401838 0.0317017548 0.5 p-1 -93733 43
1140 663 m2 402322 -0.00070676388 0.5 p-1 -77910 16
451 664 m2 402492 0.00259909942 0.5 p-1 -198136 103
825 665 m2 402979 0.0428363718 0.5 p-1 -56180 51
1038 666 m2 403681 0.0621336699 0.5 p-1 -20098 26
1520 667 m2 404419 0.00710120006 0.5 p-1 -17846 13
284 668 m2 405116 0.00674418267 0.5 p-1 -1226152 369
826 669 m2 407558 4.15898533e-08 0.5 p-1 -2983839 167
866 670 m2 408068 -0.00106726296 0.5 p-1 -757658 121
680 672 m2 409957 1.10024193e-05 0.5 p-1 -154621 142
973 673 m2 410151 0.00348485564 0.5 p-1 -160052 76
285 675 m2 411663 0.00383911864 0.5 p-1 -1769881 237
452 677 m2 411956 0.0337261111 0.5 p-1 -20060 49
94 679 m2 412346 -0.00656546839 0.5 p-1 -953803 497
623 680 m2 412884 0.0144607676 0.5 p-1 -2492931 385
656 682 m2 416416 -0.00600452814 0.5 p-1 -90191 62
382 685 m2 418138 0.000244894356 0.5 p-1 -2915885 318
809 686 m2 418345 0.0322666094 0.5 p-1 -59233 15
1289 691 m2 419909 0.00445069233 0.5 p-1 -384862 16
1131 693 m2 420973 -0.00548916636 0.5 p-1 -25804 9
494 694 m2 422170 0.00662870053 0.5 p-1 -254183 162
495 695 m2 422213 -0.000138938747 0.5 p-1 -200781 163
95 697 m2 425342 -5.61349689e-10 0.5 p-1 -2030549 999
1009 700 m2 426738 6.94713509e-10 0.5 p-1 -329848 50
753 701 m2 427561 0.00943131745 0.5 p-1 -396729 130
1332 702 m2 429089 -0.000329104252 0.5 p-1 -37391 19
754 703 m2 430143 -4.03253762e-05 0.5 p-1 -530975 215
624 705 m2 431594 -0.00950044207 0.5 p-1 -4942784 357
625 706 m2 431642 -0.00941618532 0.5 p-1 -448346 187
1535 707 m2 431756 -0.00483516045 0.5 p-1 -25921 2
288 709 m2 432995 0.000701524899 0.5 p-1 -2309077 432
922 710 m2 433833 -0.0222565141 0.5 p-1 -230477 61
923 712 m2 435634 0.000820369809 0.5 p-1 -2219183 260
1369 714 m2 436661 2.58230193e-06 0.5 p-1 -15508 6
731 716 m2 436811 0.0286619347 0.5 p-1 -273402 159
1002 717 m2 439088 0.0203610957 0.5 p-1 -528549 205
96 718 m2 439503 0.000581865606 0.5 p-1 -3279753 1454
97 719 m2 439511 1.0696358e-05 0.5 p-1 -6890165 1454
98 720 m2 439684 0.00449581072 0.5 p-1 -3425700 1284
1368 721 m2 440066 -4.36879054e-05 0.5 p-1 -46262 12
1029 722 m2 440557 -0.00379474461 0.5 p-1 -49076 81
1030 723 m2 440901 0.0103981076 0.5 p-1 -266491 220
1300 724 m2 440934 -0.00217552041 0.5 p-1 -22939 4
732 725 m2 441081 -0.0141561711 0.5 p-1 -664522 72
99 726 m2 443595 -0.0117586153 0.5 p-1 -8133789 1592
1441 727 m2 445132 -0.00963906571 0.5 p-1 -157477 15
291 729 m2 446633 -0.00298445835 0.5 p-1 -2275422 1076
1621 730 m2 447314 0.0242322106 0.5 p-1 -5141 2
1261 732 m2 448089 0.00756058656 0.5 p-1 -9401 12
292 733 m2 448232 -4.43197314e-05 0.5 p-1 -2216447 660
1102 734 m2 448767 -0.00500080781 0.5 p-1 -98443 41
100 735 m2 449257 3.28288188e-05 0.5 p-1 -1770370 515
547 736 m2 449754 -2.44031799e-05 0.5 p-1 -18647 57
702 737 m2 450604 0.0106703434 0.5 p-1 -113157 138
293 739 m2 451365 -7.63517892e-05 0.5 p-1 -2571743 791
1209 742 m2 452101 0.0027403445 0.5 p-1 -12098 11
453 743 m2 452237 0.00805722829 0.5 p-1 -2091404 180
497 745 m2 453966 -5.96554564e-05 0.5 p-1 -804549 213
498 747 m2 454077 -2.30964069e-05 0.5 p-1 -482691 134
1047 750 m2 456534 -0.0097399205 0.5 p-1 -95042 8
101 751 m2 457202 2.05348588e-05 0.5 p-1 -10152808 1720
294 752 m2 457364 -0.000516263186 0.5 p-1 -6648050 290
1085 753 m2 457679 -0.000710198947 0.5 p-1 -147571 30
295 761 m2 460559 0.022574313 0.5 p-1 -680930 173
1266 762 m2 461998 0.0311171375 0.5 p-1 -238558 10
102 763 m2 463393 0.0217978992 0.5 p-1 -2563915 808
1476 764 m2 463808 -0.000159813935 0.5 p-1 -70786 4
1039 767 m2 465940 -0.0227703322 0.5 p-1 -31706 21
892 769 m2 467051 -0.0293129813 0.5 p-1 -143750 160
1477 770 m2 469166 0.000655061333 0.5 p-1 -67648 2
1509 771 m2 469185 0.0523979031 0.5 p-1 -4124 2
499 772 m2 469671 0.0302062556 0.5 p-1 -31467 27
733 774 m2 470035 0.101025641 0.5 p-1 -366832 107
924 775 m2 470770 -0.00830064993 0.5 p-1 -318795 260
734 776 m2 476155 -0.000691028894 0.5 p-1 -171597 126
296 778 m2 478335 -0.00452916184 0.5 p-1 -3369605 1487
1301 779 m2 478626 -0.000177996029 0.5 p-1 -10315 9
1578 780 m2 478693 0.00085169886 0.5 p-1 -5278 1
1282 781 m2 480255 -0.0122554246 0.5 p-1 -16299 21
1094 783 m2 482485 -0.00718557835 0.5 p-1 -190178 77
104 784 m2 482876 0.0069987704 0.5 p-1 -596385 174
106 786 m2 483585 0.0100450637 0.5 p-1 -2228082 1640
969 787 m2 483660 -7.17242292e-05 0.5 p-1 -452094 194
1310 788 m2 484020 0.000178835704 0.5 p-1 -32198 22
1251 789 m2 484549 1.68855433e-06 0.5 p-1 -81530 3
107 790 m2 484737 -7.30706379e-05 0.5 p-1 -882609 416
108 791 m2 485248 6.98676013e-05 0.5 p-1 -294325 179
868 793 m2 485936 0.00154962821 0.5 p-1 -234882 55
869 794 m2 486493 -2.05078668e-05 0.5 p-1 -244052 51
735 795 m2 486620 -0.0229568798 0.5 p-1 -541485 180
297 797 m2 486714 0.000412394438 0.5 p-1 -361323 218
110 800 m2 488087 0.0303961933 0.5 p-1 -2312179 1134
1015 802 m2 488850 0.00154018961 0.5 p-1 -575 6
703 803 m2 488918 -5.49934384e-06 0.5 p-1 -317070 78
111 804 m2 490334 -0.052490104 0.5 p-1 -1676231 1533
112 805 m2 491117 -0.014751981 0.5 p-1 -2199857 844
756 806 m2 491162 5.28124328e-05 0.5 p-1 -354713 173
1336 808 m2 491561 0.0114807906 0.5 p-1 -604979 16
1401 810 m2 492424 -0.00219167746 0.5 p-1 -48743 18
1132 811 m2 492469 0.0393912047 0.5 p-1 -120746 10
298 812 m2 492522 0.0207342599 0.5 p-1 -52651 98
113 813 m2 492659 3.47489348e-09 0.5 p-1 -9949221 1668
933 814 m2 493849 5.25562973e-05 0.5 p-1 -162154 96
1003 815 m2 494527 9.75974544e-05 0.5 p-1 -129893 45
772 816 m2 495459 -0.00222628727 0.5 p-1 -127755 46
626 818 m2 499014 0.00125041674 0.5 p-1 -8565206 419
627 819 m2 499178 0.0286524948 0.5 p-1 -311833 294
299 820 m2 500526 0.00673968066 0.5 p-1 -960593 723
114 821 m2 500828 0.000878756575 0.5 p-1 -784354 241
590 822 m2 500921 -0.00475225458 0.5 p-1 -492450 191
383 823 m2 502070 2.59268404e-06 0.5 p-1 -5624179 349
384 824 m2 502070 0.00793340057 0.5 p-1 -3781192 349
385 825 m2 502079 -0.0144963562 0.5 p-1 -4870702 349
893 828 m2 503007 3.16625574e-07 0.5 p-1 -213760 76
1031 830 m2 504503 -0.00689888187 0.5 p-1 -135592 18
1454 831 m2 504532 0.00670993933 0.5 p-1 -46223 23
628 832 m2 504703 0.00198438275 0.5 p-1 -475854 298
386 834 m2 504982 -1.4956322e-07 0.5 p-1 -3332693 460
387 836 m2 506457 -0.000666649081 0.5 p-1 -13166114 615
115 837 m2 506503 0.00226621353 0.5 p-1 -2675371 1388
116 838 m2 506531 0.00186237588 0.5 p-1 -1871687 1521
970 840 m2 507850 -0.010458976 0.5 p-1 -165022 34
1415 844 m2 510430 0.00018694943 0.5 p-1 -208411 26
1048 846 m2 513396 -9.52866159e-08 0.5 p-1 -888079 86
681 847 m2 513791 -0.0868337303 0.5 p-1 -406220 155
1032 848 m2 515147 0.00100959395 0.5 p-1 -287817 18
118 849 m2 515916 -0.000216656685 0.5 p-1 -2832586 1680
773 850 m2 516191 1.7800071e-06 0.5 p-1 -1197645 157
1010 853 m2 517874 -0.00104066578 0.5 p-1 -76499 47
1365 854 m2 518128 -0.00017549003 0.5 p-1 -13723 5
1119 855 m2 518973 0.00137141114 0.5 p-1 -386090 93
1536 856 m2 519444 -8.66501887e-06 0.5 p-1 -13250 5
301 857 m2 520091 -0.0176717378 0.5 p-1 -638742 1205
629 858 m2 521119 0.00138920941 0.5 p-1 -676830 190
1437 860 m2 522381 -0.00172286609 0.5 p-1 -13247 6
1523 861 m2 523035 -0.00496202614 0.5 p-1 -5049 2
1439 863 m2 525434 0.00290139252 0.5 p-1 -4335 11
630 864 m2 525831 -0.00119005982 0.5 p-1 -626927 91
1202 865 m2 525859 -0.00118571369 0.5 p-1 -28254 8
658 866 m2 527247 -0.0155391116 0.5 p-1 -264504 185
1414 867 m2 528831 -0.000202952011 0.5 p-1 -6537 2
870 868 m2 528944 -0.00228761672 0.5 p-1 -864319 229
302 869 m2 529798 2.49763474e-07 0.5 p-1 -460727 118
774 870 m2 530345 -0.0153298927 0.5 p-1 -1315809 148
121 871 m2 532024 9.32310504e-05 0.5 p-1 -1563708 955
454 872 m2 532319 0.00694918353 0.5 p-1 -1179017 336
757 874 m2 535359 5.12300576e-05 0.5 p-1 -83049 72
548 875 m2 535986 -0.00023437952 0.5 p-1 -260484 193
122 876 m2 536538 -2.83248792e-05 0.5 p-1 -2405815 794
934 877 m2 536988 -0.0348183848 0.5 p-1 -427599 48
455 879 m2 538179 0.0396692716 0.5 p-1 -4959262 1040
1560 880 m2 540577 -0.0362292305 0.5 p-1 -1690 1
1372 881 m2 541107 -1.47825085e-06 0.5 p-1 -44040 10
853 882 m2 541959 0.000484311837 0.5 p-1 -357438 234
1109 883 m2 542804 -0.000154947833 0.5 p-1 -280262 109
775 884 m2 544010 0.000476123067 0.5 p-1 -1005168 52
1422 886 m2 544787 0.0339551605 0.5 p-1 -27317 26
1292 887 m2 546158 0.00324828713 0.5 p-1 -79829 41
303 888 m2 546269 0.000169942417 0.5 p-1 -8907626 1225
550 889 m2 547003 2.0808759e-06 0.5 p-1 -26718 3
776 890 m2 547198 -1.48447243e-05 0.5 p-1 -1343821 424
304 891 m2 548910 -0.000694315182 0.5 p-1 -1491919 264
1270 894 m2 549823 -0.000483153068 0.5 p-1 -1220376 52
306 895 m2 550653 -0.00672341045 0.5 p-1 -952299 834
500 896 m2 550910 0.000927664281 0.5 p-1 -3808776 300
1318 899 m2 553641 -5.47648051e-05 0.5 p-1 -4144 4
1474 901 m2 554422 4.93434782e-05 0.5 p-1 -104 4
124 902 m2 554801 0.0216981601 0.5 p-1 -2071123 1986
1246 903 m2 556485 -0.00221106317 0.5 p-1 -25198 9
389 904 m2 556563 -0.0048571066 0.5 p-1 -10750491 864
980 905 m2 558107 -0.0102359764 0.5 p-1 -88451 62
125 908 m2 560008 -2.86250797e-05 0.5 p-1 -2838782 77
307 912 m2 561919 -0.00692864461 0.5 p-1 -3749149 1194
308 914 m2 563151 0.00605628593 0.5 p-1 -6800162 780
126 915 m2 564008 -0.0291553531 0.5 p-1 -3124582 1032
127 917 m2 565361 1.38627356e-05 0.5 p-1 -2413264 819
1438 918 m2 566276 0.00256650941 0.5 p-1 -33997 2
682 920 m2 566909 0.00547205936 0.5 p-1 -3909002 146
128 922 m2 569820 -0.0329371095 0.5 p-1 -1122779 710
871 923 m2 570061 0.00224451115 0.5 p-1 -600229 101
882 924 m2 571113 2.91616871e-05 0.5 p-1 -66620 24
390 925 m2 574239 -0.0066400608 0.5 p-1 -1898871 388
1190 926 m2 575521 -0.000400932797 0.5 p-1 -125851 35
129 927 m2 576207 0.00051883416 0.5 p-1 -5042931 1726
391 928 m2 576376 -0.000130719956 0.5 p-1 -1627514 850
1522 930 m2 577777 0.000403105078 0.5 p-1 -11426 5
501 932 m2 581329 0.000613760843 0.5 p-1 -554340 388
130 933 m2 581430 0.0037491105 0.5 p-1 -1786192 613
457 934 m2 581758 -0.0156337339 0.5 p-1 -2145830 405
131 935 m2 581982 -0.00331807882 0.5 p-1 -6292728 1820
736 937 m2 584364 0.0743476376 0.5 p-1 -7765 5
1041 938 m2 584906 -5.86012766e-06 0.5 p-1 -18275 8
132 939 m2 584966 -0.00421395572 0.5 p-1 -7147744 1353
133 942 m2 585332 -0.0394200161 0.5 p-1 -1614759 1392
1353 943 m2 586026 -0.0123685906 0.5 p-1 -3772 4
310 945 m2 587430 0.00403555157 0.5 p-1 -2848594 630
311 948 m2 587874 0.0109828115 0.5 p-1 -1757406 854
1021 950 m2 589809 -0.00446718931 0.5 p-1 -926121 70
1022 951 m2 590004 -0.00760269212 0.5 p-1 -233096 50
945 952 m2 590089 -0.00253753667 0.5 p-1 -302663 29
1033 953 m2 590091 3.05041085e-05 0.5 p-1 -4553218 18
1366 954 m2 590577 0.0114563322 0.5 p-1 -277714 6
1576 955 m2 591314 0.00701264152 0.5 p-1 -4556 3
660 957 m2 591895 -0.00457678037 0.5 p-1 -882293 161
683 958 m2 592019 -2.541916e-05 0.5 p-1 -1052843 280
713 959 m2 592248 -0.000299652689 0.5 p-1 -113327 85
134 960 m2 592660 -2.23373036e-06 0.5 p-1 -2850584 964
135 961 m2 593044 0.00268213521 0.5 p-1 -2578968 1352
714 962 m2 593534 3.55105039e-05 0.5 p-1 -159351 91
1333 963 m2 594016 -0.000324570137 0.5 p-1 -42025 10
946 967 m2 597534 0.00230729929 0.5 p-1 -187980 16
1604 968 m2 597615 0.0390858315 0.5 p-1 -392866 2
136 969 m2 597874 -0.000884174369 0.5 p-1 -2988747 1910
459 970 m2 599815 0.00161412929 0.5 p-1 -1148953 424
998 972 m2 603017 0.000932934869 0.5 p-1 -1047244 48
137 973 m2 603716 -0.000286625553 0.5 p-1 -9511998 642
828 977 m2 606142 0.00396836177 0.5 p-1 -1409836 139
1478 980 m2 607890 0.000573573227 0.5 p-1 -22893 4
715 981 m2 608047 -0.00227969 0.5 p-1 -5288 60
684 982 m2 608194 -8.25391098e-08 0.5 p-1 -1667893 380
737 983 m2 608396 0.00947650895 0.5 p-1 -60768 37
138 984 m2 609174 -0.00470727636 0.5 p-1 -428914 409
1295 985 m2 611970 0.0240953024 0.5 p-1 -35818 16
139 988 m2 618602 -0.00198519952 0.5 p-1 -1966070 290
140 990 m2 618870 0.0204521883 0.5 p-1 -4213223 572
1558 991 m2 621280 -0.00558625115 0.5 p-1 -33343 2
1358 992 m2 622140 -0.011691031 0.5 p-1 -563490 8
392 995 m2 623326 -1.29283162e-05 0.5 p-1 -858993 622
1517 998 m2 624616 1.25956403e-05 0.5 p-1 -45982 5
142 999 m2 624708 -2.38872303e-06 0.5 p-1 -1081486 1016
502 1000 m2 626607 0.000337898993 0.5 p-1 -128915 58
312 1001 m2 626833 0.0282177757 0.5 p-1 -417655 176
143 1002 m2 626926 0.0152559411 0.5 p-1 -561085 413
1185 1004 m2 628859 -0.00224804762 0.5 p-1 -91294 25
144 1005 m2 628879 -0.000677708129 0.5 p-1 -6543889 1400
1077 1006 m2 628933 0.0144386711 0.5 p-1 -634720 17
552 1007 m2 630562 0.00506584439 0.5 p-1 -303908 195
145 1008 m2 630643 -0.000624348701 0.5 p-1 -661516 182
1359 1009 m2 630738 5.95915708e-07 0.5 p-1 -90397 16
314 1011 m2 631661 -0.00332720042 0.5 p-1 -660518 341
1247 1012 m2 632397 0.000387172739 0.5 p-1 -22428 4
394 1013 m2 632972 2.41583275e-05 0.5 p-1 -2521627 504
1277 1014 m2 633414 -0.0219210032 0.5 p-1 -147069 9
315 1016 m2 635037 -0.0412623398 0.5 p-1 -4128428 917
716 1018 m2 637127 0.0396305919 0.5 p-1 -553228 121
1337 1020 m2 638675 -0.031160295 0.5 p-1 -9443 3
146 1023 m2 641326 0.0820606127 0.5 p-1 -7819812 1003
1625 1024 m2 641725 -0.00710213417 0.5 p-1 -4707 1
829 1025 m2 642211 0.0166397523 0.5 p-1 -321327 171
1133 1026 m2 642213 -0.0017103923 0.5 p-1 -164370 44
147 1027 m2 642529 -0.00658154069 0.5 p-1 -15443296 1518
1561 1028 m2 643041 0.000134074173 0.5 p-1 -22233 4
1582 1034 m2 647295 0.000146491788 0.5 p-1 -138227 3
1405 1036 m2 649058 -0.00322452304 0.5 p-1 -806516 6
396 1037 m2 649210 -0.00524621457 0.5 p-1 -1040081 576
397 1038 m2 649534 0.00957126264 0.5 p-1 -924219 404
1206 1040 m2 650753 4.74869994e-05 0.5 p-1 -261672 12
148 1041 m2 650949 5.20918038e-05 0.5 p-1 -743458 514
1549 1043 m2 652742 -0.00364481565 0.5 p-1 -6840 2
1597 1044 m2 653339 0.00365455518 0.5 p-1 -4163 4
1158 1045 m2 655048 0.0457079001 0.5 p-1 -75080 54
855 1046 m2 655832 0.00485490076 0.5 p-1 -1409364 108
926 1047 m2 659069 0.0273611546 0.5 p-1 -16783 24
1004 1048 m2 659948 -0.000362132851 0.5 p-1 -15115 3
1473 1049 m2 660386 -9.2453156e-05 0.5 p-1 -21018 17
1634 1050 m2 660617 -0.00464726705 0.5 p-1 -57819 1
1330 1051 m2 660727 -0.0138393724 0.5 p-1 -101447 14
461 1052 m2 661135 0.00589171145 0.5 p-1 -225987 212
632 1053 m2 661161 -0.0280728582 0.5 p-1 -1120369 125
873 1054 m2 661181 -0.00189714693 0.5 p-1 -490987 174
1146 1059 m2 663623 -0.00392937474 0.5 p-1 -7874 1
149 1060 m2 664160 -0.0198174343 0.5 p-1 -2139695 1857
593 1062 m2 667256 0.0344788767 0.5 p-1 -486399 56
151 1063 m2 667322 -0.0328263193 0.5 p-1 -9517436 1189
1181 1065 m2 668000 -0.0413710773 0.5 p-1 -1603798 15
811 1066 m2 668781 -1.12461225e-06 0.5 p-1 -180360 60
1461 1067 m2 669703 9.46067757e-06 0.5 p-1 -12515 7
1386 1068 m2 670440 0.003232294 0.5 p-1 -27833 9
794 1069 m2 670534 0.0015640381 0.5 p-1 -531914 142
318 1071 m2 671559 -1.02826334e-05 0.5 p-1 -3559335 898
503 1073 m2 674581 -0.0298855659 0.5 p-1 -69963 57
983 1074 m2 674859 -2.05085146e-12 0.5 p-1 -9290166 104
935 1076 m2 677290 -4.61794953e-05 0.5 p-1 -20118 6
1344 1077 m2 678196 -0.0594706312 0.5 p-1 -7764 5
912 1078 m2 679525 -0.000527440745 0.5 p-1 -590265 346
504 1079 m2 682610 -0.0214666985 0.5 p-1 -741941 174
1500 1080 m2 683564 0.012145428 0.5 p-1 -118979 1
1502 1081 m2 684279 -2.04829036e-07 0.5 p-1 -10239 11
554 1082 m2 685511 0.000467831851 0.5 p-1 -316505 76
964 1083 m2 685590 -0.00388339791 0.5 p-1 -207504 88
155 1084 m2 686439 -0.0075585926 0.5 p-1 -4989081 807
1534 1085 m2 686481 -7.74050568e-05 0.5 p-1 -58658 8
717 1086 m2 688236 -0.00322976639 0.5 p-1 -434465 203
718 1087 m2 688629 0.0227854419 0.5 p-1 -356159 131
157 1088 m2 688650 0.00405188324 0.5 p-1 -1949595 1057
1191 1089 m2 688806 -0.00121766177 0.5 p-1 -138394 18
1264 1090 m2 689056 2.82287001e-05 0.5 p-1 -3179 33
633 1092 m2 691132 0.00302461348 0.5 p-1 -6020450 258
914 1093 m2 692453 0.0136570968 0.5 p-1 -1966032 14
399 1094 m2 692502 0.000597996695 0.5 p-1 -722321 559
900 1096 m2 693157 0.000382283033 0.5 p-1 -107620 35
505 1098 m2 695351 0.000159801333 0.5 p-1 -379913 301
320 1099 m2 695775 -0.00206966046 0.5 p-1 -5066462 243
1147 1101 m2 695977 0.00430186745 0.5 p-1 -23102 12
506 1102 m2 696574 0.00253730942 0.5 p-1 -340294 359
1121 1103 m2 697576 9.71092886e-05 0.5 p-1 -20895 27
739 1105 m2 698384 5.4702009e-06 0.5 p-1 -17176 14
685 1106 m2 698436 -0.0140401972 0.5 p-1 -4663830 133
158 1108 m2 698992 -0.057206288 0.5 p-1 -1182139 610
1317 1109 m2 699218 4.5294677e-05 0.5 p-1 -8183 9
159 1110 m2 700748 -0.013651235 0.5 p-1 -16856 5
1194 1111 m2 702330 -0.000689953973 0.5 p-1 -51519 8
1172 1112 m2 702727 0.0243205726 0.5 p-1 -14808 4
1541 1113 m2 702775 0.0116822636 0.5 p-1 -1550 2
1381 1114 m2 702862 0.00967320334 0.5 p-1 -27923 1
160 1115 m2 702868 -5.37573942e-05 0.5 p-1 -5389475 1167
1154 1117 m2 703369 -0.0316209793 0.5 p-1 -65158 17
1290 1118 m2 703772 -4.82689844e-09 0.5 p-1 -16962 15
947 1119 m2 705424 -0.00118067197 0.5 p-1 -5151 11
661 1120 m2 706007 0.0105961049 0.5 p-1 -190529 346
1259 1122 m2 707348 -0.000320238149 0.5 p-1 -20519 2
1616 1123 m2 707397 -0.00139836548 0.5 p-1 -438453 2
1137 1125 m2 707857 -0.00173825538 0.5 p-1 -44846 11
463 1126 m2 708359 -0.000724085257 0.5 p-1 -849872 167
1296 1130 m2 710249 -0.0128824636 0.5 p-1 -91 2
1600 1132 m2 710705 0.0332451798 0.5 p-1 -321461 2
555 1133 m2 710806 0.030194493 0.5 p-1 -461194 106
999 1134 m2 711073 4.33373017e-08 0.5 p-1 -60985 70
1231 1135 m2 711816 -0.00900974032 0.5 p-1 -60011 3
885 1136 m2 713119 -0.0316734686 0.5 p-1 -93611 60
162 1137 m2 713181 0.00460929004 0.5 p-1 -1835584 1069
556 1138 m2 713292 -0.0365720652 0.5 p-1 -3396565 543
163 1141 m2 715033 -0.0683931261 0.5 p-1 -10277279 1816
1016 1143 m2 716889 0.0119805746 0.5 p-1 -159121 91
686 1144 m2 717513 -3.2099997e-05 0.5 p-1 -736618 149
164 1145 m2 718301 0.00818848796 0.5 p-1 -860388 384
1144 1146 m2 718306 -0.00186404877 0.5 p-1 -40518 12
1112 1150 m2 721757 0.000876841485 0.5 p-1 -131123 41
165 1151 m2 721832 -0.0138167031 0.5 p-1 -1580226 565
741 1152 m2 721967 -0.00023227674 0.5 p-1 -393292 25
874 1153 m2 722212 -1.68393417e-05 0.5 p-1 -138274 30
1173 1156 m2 725381 0.00155265909 0.5 p-1 -315211 15
166 1158 m2 726178 -0.0155239198 0.5 p-1 -3279375 1221
508 1159 m2 727791 -8.2458173e-06 0.5 p-1 -51661 14
595 1160 m2 729496 0.023986185 0.5 p-1 -6182760 296
324 1162 m2 731303 -2.65092444e-06 0.5 p-1 -1938129 1413
812 1163 m2 731438 -0.00533596566 0.5 p-1 -240978 52
662 1164 m2 732627 -4.1812811e-09 0.5 p-1 -456472 98
1427 1165 m2 734368 -0.0342932716 0.5 p-1 -19508 11
168 1167 m2 735308 0.00373101863 0.5 p-1 -59125 37
596 1169 m2 737040 0.0139477635 0.5 p-1 -245428 116
169 1170 m2 738469 8.8499728e-06 0.5 p-1 -3457625 1140
170 1171 m2 739493 -0.00965752918 0.5 p-1 -3346634 1779
875 1172 m2 739644 4.00049451e-08 0.5 p-1 -202176 167
1199 1173 m2 741356 -0.00807242282 0.5 p-1 -3120 4
401 1174 m2 742133 -3.10164592e-06 0.5 p-1 -4561709 1119
1027 1175 m2 742205 -1.43055322e-05 0.5 p-1 -343187 40
1252 1176 m2 743069 -0.00322726439 0.5 p-1 -3663 11
171 1178 m2 743429 -0.0631802008 0.5 p-1 -2359389 763
1150 1179 m2 744032 -2.02145438e-05 0.5 p-1 -90117 42
1447 1180 m2 744294 -0.0245459788 0.5 p-1 -131857 7
509 1181 m2 744425 0.00380717916 0.5 p-1 -2005307 305
1544 1182 m2 745566 0.0165227521 0.5 p-1 -62634 2
325 1184 m2 745926 -0.000912473013 0.5 p-1 -109426 10
1331 1185 m2 746100 -0.000661465223 0.5 p-1 -76695 19
1489 1186 m2 746621 -0.01766463 0.5 p-1 -1201 15
326 1187 m2 747543 0.00102510303 0.5 p-1 -9740374 357
464 1188 m2 748260 -0.000310515083 0.5 p-1 -217565 175
688 1190 m2 748756 0.00769465463 0.5 p-1 -148417 191
1142 1191 m2 748781 -1.48913728e-07 0.5 p-1 -30305 10
465 1194 m2 749865 0.00202135276 0.5 p-1 -285506 154
402 1195 m2 749928 -0.00336878747 0.5 p-1 -1826097 787
1345 1198 m2 752228 0.00789749622 0.5 p-1 -12025 1
172 1199 m2 753422 0.00316724344 0.5 p-1 -2084396 1753
327 1201 m2 755147 0.00298189768 0.5 p-1 -1268931 806
1227 1202 m2 755187 -1.0196711e-07 0.5 p-1 -64807 2
876 1203 m2 755334 -0.000522748975 0.5 p-1 -561976 23
927 1204 m2 755655 0.000258601649 0.5 p-1 -293852 35
597 1205 m2 756376 -2.20444736e-06 0.5 p-1 -211102 211
1145 1206 m2 756918 -0.000542844587 0.5 p-1 -198591 15
1313 1208 m2 757913 -0.000326580048 0.5 p-1 -50831 8
173 1209 m2 758384 6.35113174e-05 0.5 p-1 -3508543 798
780 1211 m2 759917 -0.000321262749 0.5 p-1 -1411099 341
704 1212 m2 760389 -0.00831599347 0.5 p-1 -177299 167
1421 1213 m2 761093 0.0234634373 0.5 p-1 -4049 3
598 1215 m2 763189 0.0103900284 0.5 p-1 -5348259 595
1223 1216 m2 763233 -0.0172284301 0.5 p-1 -719167 25
1123 1217 m2 763389 -0.00558537245 0.5 p-1 -49667 36
174 1218 m2 763718 0.00487428345 0.5 p-1 -6699601 1686
1462 1219 m2 765404 0.00157796207 0.5 p-1 -238593 10
990 1220 m2 766101 0.000800349226 0.5 p-1 -86089 41
898 1221 m2 767639 -0.000147621628 0.5 p-1 -3432 24
663 1222 m2 767795 0.00929533597 0.5 p-1 -430456 117
1297 1224 m2 768505 0.0184010435 0.5 p-1 -21253 7
328 1227 m2 771221 0.000262248068 0.5 p-1 -1991283 200
404 1228 m2 771625 0.0387319177 0.5 p-1 -474707 282
175 1229 m2 772207 -0.0162431654 0.5 p-1 -3147089 576
467 1231 m2 773390 -7.47517743e-06 0.5 p-1 -43938 30
1387 1232 m2 774063 -0.00286908867 0.5 p-1 -12818 6
1224 1233 m2 774915 0.00230512954 0.5 p-1 -27152 19
901 1234 m2 775024 -0.0274627656 0.5 p-1 -92028 54
1631 1235 m2 776268 -0.00258083339 0.5 p-1 -33473 1
899 1236 m2 776816 0.000123076417 0.5 p-1 -79880 59
176 1238 m2 778039 -0.00333409198 0.5 p-1 -9354551 1518
1463 1239 m2 778122 -0.0317675322 0.5 p-1 -38633 4
886 1240 m2 779170 -0.000437890092 0.5 p-1 -102948 34
330 1241 m2 779172 -0.00833758526 0.5 p-1 -3558653 1486
719 1242 m2 779236 0.000454878842 0.5 p-1 -112915 47
177 1243 m2 779617 0.000175688081 0.5 p-1 -3076141 266
1058 1244 m2 780878 -0.00132971536 0.5 p-1 -507273 57
468 1245 m2 780967 4.10521279e-05 0.5 p-1 -461339 149
887 1247 m2 783534 -0.000385191001 0.5 p-1 -1120050 90
331 1250 m2 785183 0.035387855 0.5 p-1 -1203332 822
795 1251 m2 786455 0.000666203676 0.5 p-1 -538595 67
332 1253 m2 786927 0.0107234763 0.5 p-1 -347101 313
1248 1255 m2 788410 0.00727875438 0.5 p-1 -183484 80
599 1256 m2 788533 3.81763784e-05 0.5 p-1 -354624 499
178 1258 m2 790169 0.000455510279 0.5 p-1 -2705229 1462
1596 1259 m2 791148 0.0272563864 0.5 p-1 -46510 1
179 1260 m2 792182 -0.0150053436 0.5 p-1 -2591277 1809
511 1261 m2 792339 -0.000159890289 0.5 p-1 -1022471 270
1055 1262 m2 792358 -0.000296626502 0.5 p-1 -114930 28
839 1263 m2 792605 0.00306949019 0.5 p-1 -194539 66
1095 1264 m2 792688 -1.09779021e-05 0.5 p-1 -24917 3
512 1266 m2 792916 -0.000360971637 0.5 p-1 -303673 138
557 1267 m2 793517 1.64377379e-05 0.5 p-1 -2883073 100
1228 1268 m2 794171 0.0028014665 0.5 p-1 -42800 8
1348 1270 m2 797131 -0.0185229573 0.5 p-1 -28897 4
635 1271 m2 799354 -0.000729126914 0.5 p-1 -4612649 106
333 1273 m2 800233 -0.000292817276 0.5 p-1 -238404 140
1335 1275 m2 802194 -0.000271513971 0.5 p-1 -11247 1
1385 1276 m2 802262 0.00708599761 0.5 p-1 -1162 3
180 1279 m2 803988 1.09405628e-05 0.5 p-1 -6090586 1004
181 1280 m2 804603 2.56707864e-07 0.5 p-1 -891430 1162
1275 1281 m2 805582 0.0125948275 0.5 p-1 -1675 31
1303 1282 m2 805970 0.00061758334 0.5 p-1 -251 5
637 1283 m2 806317 -0.00923729036 0.5 p-1 -373799 167
1286 1284 m2 806445 -2.25110816e-05 0.5 p-1 -508650 10
1485 1285 m2 806503 0.0220243074 0.5 p-1 -3675 18
689 1287 m2 807538 -4.24007567e-07 0.5 p-1 -118019 29
182 1288 m2 808017 -0.00103268097 0.5 p-1 -4008562 1542
1293 1290 m2 808193 -0.0145697342 0.5 p-1 -13683 10
690 1291 m2 808294 -0.0772427469 0.5 p-1 -591157 144
1059 1292 m2 809386 0.026836792 0.5 p-1 -916558 65
1448 1293 m2 809562 0.0175046753 0.5 p-1 -38373 2
1420 1294 m2 810193 4.68492954e-06 0.5 p-1 -40791 6
183 1295 m2 811021 1.97066854e-07 0.5 p-1 -2369941 1541
638 1296 m2 811374 -0.013698197 0.5 p-1 -254892 173
888 1297 m2 811599 0.00665529864 0.5 p-1 -15124 24
759 1299 m2 813916 6.31834555e-05 0.5 p-1 -1638061 112
1268 1300 m2 813950 -0.0109757055 0.5 p-1 -178998 31
936 1301 m2 814242 0.0040540332 0.5 p-1 -1975561 147
1394 1302 m2 814512 -0.0457023531 0.5 p-1 -18716 5
1460 1303 m2 815039 0.00307661504 0.5 p-1 -20895 12
856 1305 m2 815345 0.00296791061 0.5 p-1 -367493 105
965 1306 m2 816634 -0.0259852447 0.5 p-1 -49491 9
781 1307 m2 817517 0.000793440209 0.5 p-1 -1298 17
1614 1310 m2 818181 0.001216106 0.5 p-1 -13316 1
1107 1311 m2 818805 -0.00331221451 0.5 p-1 -201632 49
1183 1312 m2 819254 0.0121141076 0.5 p-1 -4740 11
1593 1314 m2 820901 -0.0132562779 0.5 p-1 -47978 2
1565 1315 m2 821246 -2.24821561e-05 0.5 p-1 -63470 5
1465 1316 m2 821321 0.0374165997 0.5 p-1 -3437 10
514 1318 m2 821887 4.0913641e-05 0.5 p-1 -799122 311
956 1319 m2 823154 -0.00590340095 0.5 p-1 -7310216 110
186 1320 m2 824546 0.000314843608 0.5 p-1 -13708318 894
187 1322 m2 828174 -8.71780048e-06 0.5 p-1 -1473038 434
188 1323 m2 829692 -0.00302920048 0.5 p-1 -7408917 935
1017 1324 m2 830715 0.018467186 0.5 p-1 -223544 15
189 1326 m2 832895 -0.00523692323 0.5 p-1 -5379262 1187
190 1327 m2 833003 0.009348155 0.5 p-1 -4722490 1355
813 1328 m2 833489 -0.0916214734 0.5 p-1 -53855 9
889 1329 m2 834313 0.00367836002 0.5 p-1 -9748909 101
1159 1330 m2 836179 2.05308443e-05 0.5 p-1 -290819 16
840 1331 m2 836626 0.000300462096 0.5 p-1 -4177 4
1062 1332 m2 836796 -0.00326782605 0.5 p-1 -195668 82
191 1333 m2 836939 0.0167337637 0.5 p-1 -12375604 1024
915 1334 m2 837881 -0.0437900908 0.5 p-1 -49275 11
192 1335 m2 837996 0.0135287922 0.5 p-1 -9303223 585
193 1336 m2 838646 -0.0129759051 0.5 p-1 -2858432 1467
1531 1337 m2 839112 -0.00864094123 0.5 p-1 -11970 3
336 1338 m2 839141 -0.00389647414 0.5 p-1 -713196 1010
903 1339 m2 840600 8.5622094e-05 0.5 p-1 -426155 56
515 1340 m2 840605 4.59659168e-05 0.5 p-1 -506754 385
194 1341 m2 840684 -8.18898684e-07 0.5 p-1 -3144758 722
337 1342 m2 841409 -0.0131356986 0.5 p-1 -988304 455
782 1343 m2 842275 0.0129031045 0.5 p-1 -53322 52
1449 1344 m2 842925 -3.07133337e-06 0.5 p-1 -163613 3
195 1345 m2 843486 4.64931964e-06 0.5 p-1 -1926627 879
1274 1346 m2 843675 0.0166188609 0.5 p-1 -180072 16
814 1347 m2 844125 0.0193017125 0.5 p-1 -1153512 49
815 1348 m2 844191 -0.000538304215 0.5 p-1 -2068409 49
407 1349 m2 845229 -0.0232962463 0.5 p-1 -489761 274
197 1350 m2 845776 0.0024475609 0.5 p-1 -4034333 1303
601 1351 m2 845844 -0.00154709257 0.5 p-1 -992669 394
198 1352 m2 846821 -0.0102827344 0.5 p-1 -8706126 879
796 1353 m2 847042 3.76507596e-05 0.5 p-1 -835799 184
469 1354 m2 847178 -0.0413270891 0.5 p-1 -528830 281
199 1355 m2 847459 -0.0295709278 0.5 p-1 -282279 128
1148 1356 m2 847548 1.91269428e-05 0.5 p-1 -448536 74
640 1357 m2 847930 0.00244940771 0.5 p-1 -55834 13
338 1359 m2 848780 0.000690322777 0.5 p-1 -226026 164
1200 1360 m2 849183 2.50550092e-05 0.5 p-1 -41316 5
517 1362 m2 850506 -0.00469966885 0.5 p-1 -833833 520
201 1363 m2 850606 -0.00159306359 0.5 p-1 -2543347 1178
1049 1364 m2 852472 -0.00366736343 0.5 p-1 -15085 13
1050 1365 m2 852849 0.0010878942 0.5 p-1 -100093 33
957 1366 m2 853837 8.9651192e-05 0.5 p-1 -315372 30
1423 1368 m2 854202 -0.0163930096 0.5 p-1 -109519 15
408 1369 m2 854506 -0.00101551658 0.5 p-1 -386245 204
1374 1370 m2 854697 0.0077187065 0.5 p-1 -53369 5
720 1371 m2 855923 -0.000978564611 0.5 p-1 -410100 54
560 1373 m2 858183 0.0308111235 0.5 p-1 -927099 320
992 1374 m2 858515 0.105335012 0.5 p-1 -551389 85
202 1375 m2 859165 5.37743763e-05 0.5 p-1 -4696458 1808
203 1376 m2 859179 -0.00102449651 0.5 p-1 -13478914 1798
602 1377 m2 859317 4.41587545e-05 0.5 p-1 -1060802 333
1051 1379 m2 860433 -0.0101697631 0.5 p-1 -32608 13
665 1380 m2 860449 0.0109777479 0.5 p-1 -1204015 101
666 1381 m2 860511 0.00028586539 0.5 p-1 -778275 101
204 1382 m2 860902 2.68722687e-07 0.5 p-1 -1318866 907
667 1383 m2 864829 0.00418948755 0.5 p-1 -698776 271
1155 1384 m2 864860 0.000113057242 0.5 p-1 -27399 28
339 1385 m2 865280 0.000116899748 0.5 p-1 -8808247 326
916 1386 m2 865401 -0.000860876346 0.5 p-1 -944248 107
205 1387 m2 865510 -0.000211858103 0.5 p-1 -2762016 1668
340 1388 m2 866343 -0.00630166847 0.5 p-1 -7299556 551
562 1390 m2 867608 -7.81640992e-05 0.5 p-1 -322231 199
1138 1391 m2 867945 0.000825185212 0.5 p-1 -84999 44
642 1392 m2 867994 -0.0132868085 0.5 p-1 -59505 37
1198 1394 m2 868836 -0.00482699601 0.5 p-1 -1940 6
691 1395 m2 868900 -0.0110418713 0.5 p-1 -103942 35
1357 1396 m2 868943 0.0031729464 0.5 p-1 -1426225 10
206 1397 m2 869048 -3.22981508e-09 0.5 p-1 -6124843 1934
643 1399 m2 870580 0.000928975933 0.5 p-1 -4261673 497
1436 1400 m2 871024 -0.085310258 0.5 p-1 -201210 5
470 1401 m2 871142 0.00146457716 0.5 p-1 -361346 260
1395 1404 m2 874051 2.81964645e-07 0.5 p-1 -3999 5
208 1405 m2 874225 0.0328495577 0.5 p-1 -1305179 657
341 1406 m2 874595 0.00794838555 0.5 p-1 -1134035 1069
209 1410 m2 878251 -0.000147623054 0.5 p-1 -7438591 1649
1514 1411 m2 879725 0.104283407 0.5 p-1 -8167 4
743 1412 m2 879898 -0.000935555901 0.5 p-1 -141192 72
904 1413 m2 879921 -0.0119335698 0.5 p-1 -78391 42
816 1414 m2 880450 0.0169219151 0.5 p-1 -1812028 167
890 1415 m2 880834 -0.00433023041 0.5 p-1 -165324 49
1006 1416 m2 881253 8.75412354e-07 0.5 p-1 -13612 4
210 1420 m2 884386 -0.000176181551 0.5 p-1 -1064717 886
518 1421 m2 884833 -0.00822343584 0.5 p-1 -3571248 403
211 1422 m2 885447 0.036254216 0.5 p-1 -3169398 298
212 1423 m2 886146 0.0309315287 0.5 p-1 -697991 296
1007 1424 m2 886712 0.00516670756 0.5 p-1 -147032 50
409 1425 m2 887331 0.000230651043 0.5 p-1 -2908330 346
878 1426 m2 888192 0.00703323912 0.5 p-1 -865522 260
213 1427 m2 889126 -0.000151369488 0.5 p-1 -1249649 422
1125 1429 m2 890154 -0.0020114535 0.5 p-1 -275388 31
1070 1430 m2 890323 -0.0191084687 0.5 p-1 -362229 28
1078 1433 m2 892228 0.00120261405 0.5 p-1 -224000 187
519 1434 m2 892426 -0.000212918152 0.5 p-1 -98057 71
891 1435 m2 892592 -0.0001037978 0.5 p-1 -41616 18
1239 1436 m2 892598 1.91765921e-05 0.5 p-1 -169559 14
917 1439 m2 897230 -0.00170491182 0.5 p-1 -3505 5
981 1440 m2 897248 -0.00469059357 0.5 p-1 -653906 10
1575 1441 m2 897920 -0.00118350564 0.5 p-1 -5317 4
841 1443 m2 898790 0.00498746708 0.5 p-1 -364152 123
565 1446 m2 899679 -0.000681140984 0.5 p-1 -65366 55
214 1447 m2 900532 -0.00347526674 0.5 p-1 -2661109 779
472 1450 m2 901493 -3.35581035e-06 0.5 p-1 -1934396 927
1482 1451 m2 901745 -0.000102461861 0.5 p-1 -568 9
669 1452 m2 901910 -0.00697213877 0.5 p-1 -1068093 202
215 1453 m2 902679 -0.00259138085 0.5 p-1 -492437 130
217 1457 m2 907860 0.0250899233 0.5 p-1 -5452084 1635
721 1458 m2 908154 -0.0253704321 0.5 p-1 -141697 79
603 1459 m2 910132 -0.0127330134 0.5 p-1 -684984 176
521 1460 m2 910759 0.0567474701 0.5 p-1 -2170483 588
857 1461 m2 912190 -0.00865128357 0.5 p-1 -9688419 138
604 1462 m2 912890 0.00169752969 0.5 p-1 -74646 103
412 1464 m2 913131 0.000144399761 0.5 p-1 -1566891 349
895 1466 m2 914349 0.000617407786 0.5 p-1 -904410 139
1375 1468 m2 915373 -0.000949975743 0.5 p-1 -4291 2
1011 1469 m2 915665 -0.010116688 0.5 p-1 -222758 92
567 1470 m2 915747 -0.00408135401 0.5 p-1 -351437 314
343 1472 m2 917177 4.03426611e-06 0.5 p-1 -2338519 1277
842 1474 m2 917758 0.0521021709 0.5 p-1 -96523 25
220 1476 m2 920367 -0.000845891656 0.5 p-1 -328077 83
1232 1477 m2 920603 -0.000555207604 0.5 p-1 -3823 2
1056 1478 m2 923204 -0.00454335054 0.5 p-1 -116629 82
1195 1479 m2 923351 -0.00529932836 0.5 p-1 -18459 9
705 1480 m2 924010 0.00566299399 0.5 p-1 -543629 231
1018 1481 m2 924763 0.000411193323 0.5 p-1 -649024 101
1396 1482 m2 924859 -2.36109372e-05 0.5 p-1 -707576 7
344 1483 m2 925860 0.011128461 0.5 p-1 -2285131 1445
1220 1484 m2 926735 0.000404717372 0.5 p-1 -64330 44
1319 1485 m2 929657 0.00251630065 0.5 p-1 -56739 5
221 1487 m2 930550 -0.0013314049 0.5 p-1 -3171703 868
1273 1489 m2 931355 -5.1378338e-05 0.5 p-1 -17170 13
1285 1490 m2 933544 -4.95052191e-05 0.5 p-1 -20530 7
1113 1491 m2 933766 0.000150514257 0.5 p-1 -31581 17
949 1492 m2 934055 0.0238108598 0.5 p-1 -17153 17
222 1493 m2 934126 0.000499160145 0.5 p-1 -7719767 1413
1126 1494 m2 934507 -0.0846883804 0.5 p-1 -1423989 42
345 1495 m2 935456 0.000242379014 0.5 p-1 -564887 830
223 1496 m2 937019 -0.0111487536 0.5 p-1 -1590202 1229
783 1497 m2 937900 5.37636661e-05 0.5 p-1 -67350 37
1042 1498 m2 939019 0.000719857751 0.5 p-1 -41093 21
1057 1499 m2 940157 0.000127158375 0.5 p-1 -93740 17
1043 1500 m2 941250 0.00129159121 0.5 p-1 -78829 28
706 1501 m2 941387 0.00172394596 0.5 p-1 -957838 153
224 1502 m2 942245 -0.00260545523 0.5 p-1 -789201 117
744 1503 m2 942581 0.00705778925 0.5 p-1 -731573 81
1628 1507 m2 944169 0.000784480071 0.5 p-1 -6373 1
1563 1509 m2 945348 -0.00311650988 0.5 p-1 -45146 6
784 1510 m2 946333 -0.0322904624 0.5 p-1 -1622123 170
670 1511 m2 946535 4.26140696e-06 0.5 p-1 -5078559 722
473 1513 m2 947922 0.0055551785 0.5 p-1 -1373693 831
346 1514 m2 948802 -0.00193348178 0.5 p-1 -268716 234
1151 1515 m2 949312 -0.000105404302 0.5 p-1 -62212 61
225 1518 m2 951305 -0.0200678203 0.5 p-1 -2267658 1243
226 1521 m2 952380 0.00950487703 0.5 p-1 -2694925 866
1539 1523 m2 953625 0.000111980684 0.5 p-1 -159486 7
569 1524 m2 956169 0.0107384762 0.5 p-1 -568643 174
228 1526 m2 956538 -0.00272823032 0.5 p-1 -795798 378
1451 1527 m2 956619 1.24195674e-06 0.5 p-1 -12326 8
229 1529 m2 958303 -0.00757305603 0.5 p-1 -3438775 117
230 1530 m2 958350 -3.71815645e-06 0.5 p-1 -4806976 1158
1564 1531 m2 958932 -0.00116910867 0.5 p-1 -15039 1
347 1534 m2 960917 -0.0220005754 0.5 p-1 -1062168 95
707 1535 m2 961120 -2.22971594e-05 0.5 p-1 -1526622 284
1511 1537 m2 963018 2.99865169e-05 0.5 p-1 -282638 7
1354 1538 m2 963750 0.00820371322 0.5 p-1 -262447 11
413 1539 m2 963978 1.72714533e-06 0.5 p-1 -847743 83
474 1540 m2 964965 0.0463870466 0.5 p-1 -3176658 385
232 1541 m2 965112 -0.0407126509 0.5 p-1 -2391224 936
233 1542 m2 965130 0.00124602462 0.5 p-1 -2127604 936
475 1543 m2 965190 -0.000759593444 0.5 p-1 -994411 378
349 1546 m2 966514 -0.0704112649 0.5 p-1 -133917 24
1587 1548 m2 966830 -0.00584068103 0.5 p-1 -3321 2
1178 1550 m2 967727 -0.000181063282 0.5 p-1 -139439 25
523 1551 m2 968338 -0.0285850596 0.5 p-1 -653178 31
1609 1553 m2 970438 0.000257381529 0.5 p-1 -52845 2
525 1554 m2 970481 0.0741978958 0.5 p-1 -868355 168
1044 1556 m2 971001 0.000691696885 0.5 p-1 -42850 30
234 1557 m2 972044 -0.0113902511 0.5 p-1 -822252 232
1000 1559 m2 972501 -0.000480155606 0.5 p-1 -110366 10
1325 1560 m2 973158 -0.0105121834 0.5 p-1 -24950 11
350 1561 m2 973215 -0.000388165325 0.5 p-1 -13302122 714
950 1562 m2 973765 -0.0286022015 0.5 p-1 -27050 12
414 1564 m2 974390 -0.049885653 0.5 p-1 -2388240 335
351 1565 m2 974870 0.00044344872 0.5 p-1 -3133728 895
1585 1566 m2 975516 0.0122918533 0.5 p-1 -3811 1
673 1567 m2 976693 -0.00201780722 0.5 p-1 -95142 37
1213 1569 m2 977479 -0.0165185016 0.5 p-1 -3322598 79
235 1570 m2 977530 4.60020317e-07 0.5 p-1 -4619066 890
236 1571 m2 977718 -0.00107501133 0.5 p-1 -1987377 415
352 1572 m2 977978 -0.000443306082 0.5 p-1 -4341288 480
1023 1573 m2 977984 -3.26987793e-05 0.5 p-1 -334961 28
526 1576 m2 978954 0.000198432477 0.5 p-1 -2302273 921
694 1577 m2 979376 0.0445914604 0.5 p-1 -2413665 555
476 1578 m2 979394 0.0020060828 0.5 p-1 -4328423 540
237 1579 m2 979435 9.3311337e-06 0.5 p-1 -8243460 1329
415 1580 m2 979684 -0.022103196 0.5 p-1 -924670 100
1024 1582 m2 979884 -0.0197537914 0.5 p-1 -6206 7
1542 1583 m2 980606 8.99994939e-06 0.5 p-1 -475 3
1468 1584 m2 981090 -0.000177913636 0.5 p-1 -48334 11
353 1585 m2 981462 3.36743597e-06 0.5 p-1 -2852343 745
1071 1586 m2 982470 -0.0113623179 0.5 p-1 -64134 16
238 1587 m2 983869 -6.61813965e-06 0.5 p-1 -2593508 1697
239 1588 m2 985288 -4.06891741e-05 0.5 p-1 -2991677 1043
605 1589 m2 985478 -0.00665620295 0.5 p-1 -218347 129
416 1592 m2 987220 0.00745427189 0.5 p-1 -417982 471
951 1593 m2 987917 -0.023363689 0.5 p-1 -179310 149
1101 1594 m2 989397 -0.00253743329 0.5 p-1 -322701 112
417 1596 m2 991378 5.39847952e-06 0.5 p-1 -72371 92
1613 1598 m2 992468 0.000272666162 0.5 p-1 -1409 1
606 1599 m2 994072 4.79145774e-06 0.5 p-1 -4940633 132
240 1600 m2 994699 0.0545753799 0.5 p-1 -3416124 1245
1418 1601 m2 995710 -0.0639255717 0.5 p-1 -2029 8
695 1604 m2 996474 -0.0843570605 0.5 p-1 -1887617 166
1425 1605 m2 996557 -0.0762644559 0.5 p-1 -2816 2
938 1606 m2 996720 4.9805345e-05 0.5 p-1 -432465 54
354 1608 m2 997349 -0.0296599176 0.5 p-1 -8409018 1035
241 1610 m2 998034 -0.00108898117 0.5 p-1 -2924095 712
418 1611 m2 998338 -0.0132172825 0.5 p-1 -835666 471
1498 1612 m2 998590 -0.0758537427 0.5 p-1 -34947 2
242 1613 m2 999356 -8.259222e-07 0.5 p-1 -103957 27
243 1614 m2 999637 -0.00206244178 0.5 p-1 -1433846 1280
1472 1618 m2 865763 0.00150991965 0.5 p0 2 7
1281 1621 m2 435167 0.00286238594 0.5 p0 2 11
1262 1625 m2 48204 -3.19160099e-05 0.5 p0 2 6
1551 1630 m2 610395 -4.5324141e-06 0.5 p0 2 2
1537 1631 m2 639295 0.00264273956 0.5 p0 2 7
117 1634 m2 513690 -2.2217353e-05 0.5 p0 2 9
119 1635 m2 524116 -0.0143428994 0.5 p0 2 9
1459 1641 m2 649933 0.00628852192 0.5 p0 2 3
1543 1646 m2 180670 -0.0288175456 0.5 p0 2 3
342 1656 m2 897923 0.000613248034 0.5 p0 2 2
1620 1660 m2 437044 0.0134158265 0.5 p0 2 2
1573 1669 m2 253869 0.000426124665 0.5 p0 2 3
1241 1670 m2 168122 -0.00974029023 0.5 p0 2 13
1242 1671 m2 806153 0.0149509506 0.5 p0 2 8
1624 1676 m2 498038 -0.000241848626 0.5 p0 2 1
1562 1686 m2 483231 0.00569781894 0.5 p0 2 2
1605 1701 m2 220259 0.000125174876 0.5 p0 2 1
1307 1716 m2 161510 0.010976376 0.5 p0 2 18
1402 1719 m2 24735 -0.000122234444 0.5 p0 2 1
1432 1720 m2 525632 2.43479099e-06 0.5 p0 2 2
1494 1726 m2 825767 -8.49371063e-05 0.5 p0 2 12
1488 1727 m2 142578 0.00251411973 0.5 p0 2 6
1400 1731 m2 19337 0.000545361021 0.5 p0 2 3
1588 1732 m2 276345 -0.0344255045 0.5 p0 2 1
1591 1735 m2 755008 0.00297591998 0.5 p0 2 2
1584 1751 m2 473463 0.0163512286 0.5 p0 2 4
1329 1754 m2 716181 0.0441384576 0.5 p0 2 10
1110 1757 m2 682430 0.0542575382 0.5 p0 2 18
1066 1762 m2 123414 -0.00060129445 0.5 p0 2 2
1069 1763 m2 776125 0.000241606976 0.5 p0 2 5
1306 1775 m2 153317 -3.15295484e-10 0.5 p0 2 1
1504 1780 m2 114175 -0.0175418891 0.5 p0 2 1
1407 1787 m2 960159 0.00277857482 0.5 p0 2 14
1408 1788 m2 966044 0.000106538333 0.5 p0 2 14
1328 1795 m2 404635 0.000850239303 0.5 p0 2 3
1323 1799 m2 947605 0.0365084074 0.5 p0 2 9
671 1803 m2 951450 0.0328616947 0.5 p0 2 3
1574 1806 m2 880803 -0.0188435446 0.5 p0 2 4
1486 1822 m2 950449 -1.89083348e-05 0.5 p0 2 3
1466 1826 m2 849528 -0.00133052154 0.5 p0 2 15
1524 1845 m2 863160 5.32382437e-05 0.5 p0 2 2
1234 1846 m2 208398 0.00485366723 0.5 p0 2 6
1554 1850 m2 656837 0.0161442067 0.5 p0 2 4
1346 1866 m2 812058 1.08440217e-08 0.5 p0 2 1
1433 1871 m2 797914 -0.0190014113 0.5 p0 2 6
563 1874 m2 867893 0.000601236126 0.5 p0 2 1
1377 1878 m2 19703 -2.87820007e-13 0.5 p0 2 6
1480 1881 m2 917097 -5.10287509e-06 0.5 p0 2 9
1128 1885 m2 220801 0.00498245098 0.5 p0 2 14
1594 1887 m2 29852 0.00166013581 0.5 p0 2 1
1633 1896 m2 287983 0.000672427821 0.5 p0 2 1
1211 1900 m2 439598 1.40636757e-05 0.5 p0 2 9
881 1923 m2 518115 0.000412960566 0.5 p0 2 7
1334 1932 m2 268167 -0.0658994466 0.5 p0 2 3
1506 1933 m2 189799 2.40871723e-05 0.5 p0 2 5
1469 1942 m2 962508 -0.00794479344 0.5 p0 2 1
1626 1946 m2 250113 0.000216406028 0.5 p0 2 1
1618 1948 m2 270189 1.04082301e-05 0.5 p0 2 1
1491 1954 m2 188749 0.00109082693 0.5 p0 2 12
1623 1955 m2 370379 -0.00803542603 0.5 p0 2 2
1580 1956 m2 591110 -0.0206359532 0.5 p0 2 3
1581 1957 m2 604087 0.0510253124 0.5 p0 2 3
1222 1966 m2 199577 -0.000517690263 0.5 p0 2 10
1428 1967 m2 871906 3.02968317e-08 0.5 p0 2 5
1362 1968 m2 181852 0.00145837921 0.5 p0 2 11
1294 1969 m2 323748 -7.38197741e-06 0.5 p0 2 5
778 1970 m2 686487 -0.0038716055 0.5 p0 2 16
1397 1982 m2 374442 0.00926909875 0.5 p0 2 3
1184 1990 m2 50563 -2.4909079e-05 0.5 p0 2 7
1632 1994 m2 844455 0.000535455067 0.5 p0 2 1
571 1998 m1 5328 -0 0.5 p-1 -7560278 118
1083 2000 m1 8094 0 0.5 p-1 -52819 46
722 2003 m1 18480 -0 0.5 p-1 -100892 124
858 2004 m1 21148 -0 0.5 p-1 -5262469 73
477 2005 m1 21404 -0 0.5 p-1 -2248482 1222
245 2006 m1 22149 0 0.5 p-1 -2695516 803
5 2008 m1 33199 -0 0.5 p-1 -1360865 223
1350 2009 m1 35225 0 0.5 p-1 -243 4
246 2011 m1 36515 0 0.5 p-1 -7766069 1379
6 2013 m1 38637 -0 0.5 p-1 -2685814 1002
1305 2014 m1 39071 0 0.5 p-1 -163747 15
696 2015 m1 40023 -0 0.5 p-1 -2330152 312
8 2017 m1 47388 -0 0.5 p-1 -5019254 1672
1156 2018 m1 47569 0 0.5 p-1 -3335 8
723 2020 m1 49240 0 0.5 p-1 -827078 573
427 2021 m1 50609 -0 0.5 p-1 -239987 124
9 2022 m1 53355 -0 0.5 p-1 -7405653 1923
10 2023 m1 53736 0 0.5 p-1 -3734317 1032
251 2024 m1 54838 0 0.5 p-1 -3974976 714
527 2026 m1 59594 -0 0.5 p-1 -3435814 271
574 2028 m1 60452 0 0.5 p-1 -3179937 371
1566 2029 m1 60972 -0 0.5 p-1 -2458 6
1089 2030 m1 60986 0 0.5 p-1 -177273 19
929 2031 m1 62207 0 0.5 p-1 -215067 51
986 2034 m1 66115 -0 0.5 p-1 -511954 20
1219 2035 m1 66808 0 0.5 p-1 -23735 28
952 2036 m1 67041 -0 0.5 p-1 -126841 123
788 2037 m1 67599 -0 0.5 p-1 -8030020 61
1046 2038 m1 69130 -0 0.5 p-1 -2733047 43
709 2039 m1 74377 -0 0.5 p-1 -74540 151
1390 2041 m1 77901 -0 0.5 p-1 -37317 8
1115 2043 m1 80055 0 0.5 p-1 -308745 87
764 2044 m1 80275 -0 0.5 p-1 -764492 380
832 2045 m1 81749 0 0.5 p-1 -654296 104
1352 2046 m1 83591 0 0.5 p-1 -11913 4
833 2048 m1 84555 -0 0.5 p-1 -5062581 34
698 2049 m1 85299 -0 0.5 p-1 -2719786 591
479 2050 m1 85899 -0 0.5 p-1 -1685739 872
1556 2052 m1 87830 0 0.5 p-1 -2307 2
1391 2054 m1 90728 -0 0.5 p-1 -11478 8
360 2056 m1 91768 0 0.5 p-1 -4093927 1352
930 2057 m1 94101 0 0.5 p-1 -1431 10
1364 2058 m1 94533 -0 0.5 p-1 -2632 6
1360 2059 m1 98254 0 0.5 p-1 -40620 18
528 2060 m1 103781 -0 0.5 p-1 -2252764 1131
610 2061 m1 105101 -0 0.5 p-1 -1676181 365
1527 2062 m1 107487 -0 0.5 p-1 -8384 2
645 2063 m1 108911 -0 0.5 p-1 -853764 80
646 2064 m1 109194 0 0.5 p-1 -1270964 34
647 2065 m1 109289 0 0.5 p-1 -408531 67
801 2066 m1 111173 -0 0.5 p-1 -759020 110
435 2068 m1 114458 -0 0.5 p-1 -637297 478
21 2070 m1 122313 0 0.5 p-1 -845484 911
1196 2071 m1 123975 -0 0.5 p-1 -22387 21
26 2073 m1 129887 -0 0.5 p-1 -2609050 803
1064 2074 m1 130125 -0 0.5 p-1 -78482 23
1546 2076 m1 132378 0 0.5 p-1 -142382 2
481 2077 m1 137177 0 0.5 p-1 -384628 113
1253 2078 m1 137247 -0 0.5 p-1 -443186 29
436 2084 m1 147691 -0 0.5 p-1 -205929 174
1493 2086 m1 149668 0 0.5 p-1 -25423 4
1177 2089 m1 152297 -0 0.5 p-1 -137728 6
1513 2090 m1 152361 -0 0.5 p-1 -12029 8
1518 2091 m1 152721 -0 0.5 p-1 -360365 3
790 2092 m1 154081 0 0.5 p-1 -175341 41
28 2093 m1 155823 -0 0.5 p-1 -4901949 1840
1053 2094 m1 164004 -0 0.5 p-1 -79572 57
907 2098 m1 174307 -0 0.5 p-1 -64995 9
1615 2099 m1 176531 -0 0.5 p-1 -516 2
33 2100 m1 179244 -0 0.5 p-1 -35314 21
648 2101 m1 183362 0 0.5 p-1 -137328 113
34 2102 m1 186809 0 0.5 p-1 -4726472 604
1073 2103 m1 188878 0 0.5 p-1 -156527 36
1471 2105 m1 191129 0 0.5 p-1 -62749 7
1411 2106 m1 191797 -0 0.5 p-1 -241997 3
649 2107 m1 192066 0 0.5 p-1 -967212 353
674 2108 m1 195929 -0 0.5 p-1 -480352 82
1338 2109 m1 196613 0 0.5 p-1 -6022 4
578 2110 m1 197745 0 0.5 p-1 -4957466 266
1026 2112 m1 198001 -0 0.5 p-1 -102716 56
37 2113 m1 202771 -0 0.5 p-1 -893994 421
535 2114 m1 204607 -0 0.5 p-1 -73253 90
536 2116 m1 208077 0 0.5 p-1 -2328030 274
862 2117 m1 210502 -0 0.5 p-1 -2978295 105
1188 2118 m1 210644 0 0.5 p-1 -57992 45
612 2121 m1 215382 -0 0.5 p-1 -10315 75
1279 2122 m1 215830 -0 0.5 p-1 -80034 10
39 2124 m1 217183 -0 0.5 p-1 -4458009 1418
441 2125 m1 223573 0 0.5 p-1 -409228 185
803 2126 m1 225646 -0 0.5 p-1 -920581 257
1233 2127 m1 227498 0 0.5 p-1 -208080 30
863 2128 m1 229021 0 0.5 p-1 -1456758 219
1341 2129 m1 229368 0 0.5 p-1 -63432 12
370 2130 m1 229803 0 0.5 p-1 -2035141 921
1308 2131 m1 231274 0 0.5 p-1 -21188 8
41 2132 m1 231339 0 0.5 p-1 -2604925 158
266 2133 m1 231633 0 0.5 p-1 -11708429 131
791 2134 m1 235341 0 0.5 p-1 -2020473 134
729 2135 m1 247558 -0 0.5 p-1 -74774 90
1339 2136 m1 247787 -0 0.5 p-1 -265596 35
1197 2138 m1 248632 -0 0.5 p-1 -70441 38
43 2141 m1 249971 0 0.5 p-1 -2639367 1917
45 2142 m1 253585 0 0.5 p-1 -5788343 1529
46 2144 m1 256598 -0 0.5 p-1 -5236695 1298
271 2145 m1 258340 0 0.5 p-1 -11485388 871
1129 2147 m1 261933 0 0.5 p-1 -56400 34
1260 2148 m1 262212 -0 0.5 p-1 -494440 32
442 2150 m1 263672 0 0.5 p-1 -4086689 196
1082 2151 m1 265862 0 0.5 p-1 -38997 14
1393 2152 m1 266417 0 0.5 p-1 -16912 8
272 2153 m1 266779 -0 0.5 p-1 -2241374 1217
1276 2154 m1 266801 0 0.5 p-1 -1388171 17
1413 2155 m1 269180 -0 0.5 p-1 -194368 4
967 2156 m1 270708 0 0.5 p-1 -12683 9
54 2158 m1 274970 0 0.5 p-1 -9710207 1604
1464 2159 m1 279463 0 0.5 p-1 -37814 3
445 2161 m1 282391 0 0.5 p-1 -262237 130
1503 2162 m1 283921 0 0.5 p-1 -10994 6
821 2165 m1 292232 0 0.5 p-1 -468557 61
373 2166 m1 294819 0 0.5 p-1 -8287827 154
848 2167 m1 294984 -0 0.5 p-1 -77122 2
1238 2168 m1 295365 0 0.5 p-1 -12360 7
1316 2169 m1 295823 0 0.5 p-1 -1595 1
63 2170 m1 298951 -0 0.5 p-1 -29056 24
910 2171 m1 300851 0 0.5 p-1 -1015099 153
1557 2172 m1 304427 -0 0.5 p-1 -23041 1
769 2173 m1 307552 0 0.5 p-1 -89677 130
66 2174 m1 308585 0 0.5 p-1 -1815777 1413
538 2175 m1 308744 -0 0.5 p-1 -1890798 326
653 2177 m1 311466 0 0.5 p-1 -67219 141
1164 2180 m1 311801 -0 0.5 p-1 -831141 12
1592 2182 m1 312023 -0 0.5 p-1 -1348 2
374 2183 m1 313171 0 0.5 p-1 -4536792 602
614 2185 m1 315429 0 0.5 p-1 -197199 116
376 2186 m1 318792 -0 0.5 p-1 -531054 256
805 2187 m1 326943 0 0.5 p-1 -93900 49
69 2189 m1 329652 0 0.5 p-1 -4926891 1978
448 2190 m1 329746 0 0.5 p-1 -605996 243
712 2191 m1 330318 -0 0.5 p-1 -156391 119
540 2192 m1 330732 -0 0.5 p-1 -4618056 314
1074 2193 m1 331430 0 0.5 p-1 -429769 31
1288 2194 m1 333233 0 0.5 p-1 -469989 44
377 2195 m1 334932 0 0.5 p-1 -5198948 572
378 2197 m1 343700 -0 0.5 p-1 -378731 492
1598 2198 m1 344391 -0 0.5 p-1 -3565 1
491 2199 m1 346441 0 0.5 p-1 -1059216 111
616 2200 m1 346974 -0 0.5 p-1 -374322 49
962 2201 m1 348878 -0 0.5 p-1 -64654 124
1189 2202 m1 350743 0 0.5 p-1 -133956 5
1208 2204 m1 352715 -0 0.5 p-1 -24273 23
77 2205 m1 354262 -0 0.5 p-1 -2009920 1162
78 2206 m1 356170 0 0.5 p-1 -7026794 1816
1351 2207 m1 361710 -0 0.5 p-1 -73477 3
1630 2208 m1 362215 0 0.5 p-1 -984122 1
1075 2211 m1 370796 0 0.5 p-1 -2842 11
81 2212 m1 371099 -0 0.5 p-1 -858876 947
492 2214 m1 374294 -0 0.5 p-1 -8365721 1157
751 2218 m1 380333 0 0.5 p-1 -464408 392
493 2220 m1 383368 -0 0.5 p-1 -2203599 880
620 2221 m1 385466 -0 0.5 p-1 -2543828 443
792 2223 m1 387814 -0 0.5 p-1 -9637 15
771 2227 m1 392212 0 0.5 p-1 -71272 91
450 2228 m1 393061 -0 0.5 p-1 -420574 75
381 2229 m1 393894 -0 0.5 p-1 -737695 84
752 2231 m1 394204 0 0.5 p-1 -759676 130
282 2232 m1 396520 -0 0.5 p-1 -5923627 908
1399 2233 m1 399929 0 0.5 p-1 -18354 9
1283 2234 m1 401247 0 0.5 p-1 -27653 22
793 2236 m1 402245 0 0.5 p-1 -717747 177
1080 2237 m1 402922 -0 0.5 p-1 -134708 42
1384 2238 m1 406481 0 0.5 p-1 -1674 2
655 2241 m1 410143 -0 0.5 p-1 -577479 109
867 2243 m1 416270 0 0.5 p-1 -625461 31
286 2247 m1 424692 -0 0.5 p-1 -2900281 789
1204 2248 m1 424890 -0 0.5 p-1 -203189 6
287 2249 m1 424902 0 0.5 p-1 -113806 53
546 2253 m1 436171 0 0.5 p-1 -646914 691
943 2254 m1 438491 -0 0.5 p-1 -2235417 141
1552 2255 m1 439159 0 0.5 p-1 -26368 3
289 2256 m1 439693 0 0.5 p-1 -357273 319
496 2257 m1 440969 0 0.5 p-1 -722947 188
1617 2258 m1 443871 0 0.5 p-1 -45323 1
290 2259 m1 446576 -0 0.5 p-1 -714918 575
1217 2261 m1 451318 -0 0.5 p-1 -39486 15
1117 2265 m1 461613 0 0.5 p-1 -9830 9
1510 2268 m1 468538 0 0.5 p-1 -87990 5
103 2269 m1 471766 0 0.5 p-1 -2755211 1461
589 2270 m1 472072 0 0.5 p-1 -862819 317
997 2271 m1 474217 -0 0.5 p-1 -717103 57
827 2274 m1 475789 -0 0.5 p-1 -350933 120
1118 2275 m1 476708 0 0.5 p-1 -146648 22
1444 2276 m1 477383 0 0.5 p-1 -13422 5
974 2277 m1 478607 0 0.5 p-1 -291348 95
1635 2278 m1 481351 0 0.5 p-1 -1793 1
1291 2279 m1 482019 -0 0.5 p-1 -112440 10
105 2280 m1 483512 0 0.5 p-1 -5212762 1701
1309 2281 m1 483515 -0 0.5 p-1 -6375 7
755 2282 m1 484338 0 0.5 p-1 -2248887 24
109 2283 m1 487502 -0 0.5 p-1 -2637199 1179
657 2285 m1 489567 -0 0.5 p-1 -247939 9
1210 2287 m1 491359 0 0.5 p-1 -26241 11
1456 2288 m1 492894 0 0.5 p-1 -33009 1
1570 2292 m1 499573 -0 0.5 p-1 -46983 3
1256 2293 m1 502317 -0 0.5 p-1 -5273 7
971 2298 m1 509361 0 0.5 p-1 -319957 34
300 2299 m1 511671 -0 0.5 p-1 -2436284 929
1457 2300 m1 515459 0 0.5 p-1 -186260 10
388 2301 m1 518474 -0 0.5 p-1 -1293920 44
1167 2302 m1 519856 -0 0.5 p-1 -13454 11
1040 2303 m1 520367 -0 0.5 p-1 -10394 18
1467 2304 m1 523751 -0 0.5 p-1 -57895 14
1538 2305 m1 524479 0 0.5 p-1 -19912 1
1218 2306 m1 524602 -0 0.5 p-1 -48171 19
1370 2309 m1 526219 0 0.5 p-1 -43564 4
120 2311 m1 527730 0 0.5 p-1 -2558407 1357
1182 2314 m1 534694 0 0.5 p-1 -93377 32
1245 2315 m1 537233 -0 0.5 p-1 -24418 15
456 2316 m1 538202 -0 0.5 p-1 -1035526 1020
1515 2319 m1 541531 -0 0.5 p-1 -77760 7
963 2321 m1 542709 0 0.5 p-1 -17449 6
1398 2323 m1 543365 -0 0.5 p-1 -11737 8
549 2325 m1 544616 -0 0.5 p-1 -5092251 516
979 2327 m1 547471 -0 0.5 p-1 -310834 65
123 2328 m1 550186 0 0.5 p-1 -866428 494
305 2329 m1 550341 0 0.5 p-1 -10335750 1633
591 2331 m1 554508 0 0.5 p-1 -268151 159
1205 2332 m1 555014 -0 0.5 p-1 -210365 38
810 2333 m1 555887 -0 0.5 p-1 -3083780 293
944 2335 m1 560121 -0 0.5 p-1 -11199732 22
309 2338 m1 563747 0 0.5 p-1 -362103 210
854 2339 m1 565137 0 0.5 p-1 -30616 10
551 2340 m1 565211 -0 0.5 p-1 -774963 108
1497 2341 m1 567472 -0 0.5 p-1 -17539 8
1157 2342 m1 568530 -0 0.5 p-1 -161412 56
1540 2343 m1 569612 0 0.5 p-1 -161817 2
975 2344 m1 574703 -0 0.5 p-1 -17452 40
894 2345 m1 576245 0 0.5 p-1 -971341 166
659 2347 m1 580523 0 0.5 p-1 -613856 234
1258 2348 m1 581898 -0 0.5 p-1 -115398 9
872 2349 m1 582898 0 0.5 p-1 -410097 104
1603 2350 m1 587049 -0 0.5 p-1 -78224 2
458 2351 m1 587882 -0 0.5 p-1 -595483 170
1481 2354 m1 600563 0 0.5 p-1 -33569 16
1106 2355 m1 601897 0 0.5 p-1 -44686 49
911 2356 m1 602058 0 0.5 p-1 -4232 9
1076 2358 m1 609723 0 0.5 p-1 -1511 2
1342 2360 m1 618717 0 0.5 p-1 -35178 8
141 2362 m1 621292 0 0.5 p-1 -460208 727
393 2365 m1 623432 0 0.5 p-1 -4054184 1312
631 2366 m1 627478 0 0.5 p-1 -444641 141
313 2367 m1 628097 -0 0.5 p-1 -3616695 1284
883 2368 m1 628530 -0 0.5 p-1 -197558 139
1068 2371 m1 634434 -0 0.5 p-1 -29071 13
592 2373 m1 637267 -0 0.5 p-1 -2100575 807
925 2374 m1 638363 -0 0.5 p-1 -85443 40
1547 2377 m1 643095 -0 0.5 p-1 -10705 2
553 2378 m1 644613 -0 0.5 p-1 -88212 40
1516 2379 m1 645018 -0 0.5 p-1 -4936 4
1230 2380 m1 645365 0 0.5 p-1 -459767 37
395 2381 m1 646247 0 0.5 p-1 -417233 156
460 2382 m1 650085 0 0.5 p-1 -129959 90
1419 2383 m1 650138 -0 0.5 p-1 -5497 3
1141 2385 m1 657795 -0 0.5 p-1 -1484733 116
316 2386 m1 658315 -0 0.5 p-1 -1619460 271
738 2387 m1 659225 -0 0.5 p-1 -2627595 158
317 2388 m1 664343 -0 0.5 p-1 -3574882 1537
150 2390 m1 666084 -0 0.5 p-1 -3532318 1401
884 2391 m1 668773 0 0.5 p-1 -178106 74
152 2393 m1 672484 0 0.5 p-1 -2106544 627
153 2394 m1 673618 0 0.5 p-1 -536536 218
398 2395 m1 673730 -0 0.5 p-1 -25159 64
154 2397 m1 676111 0 0.5 p-1 -1623633 129
1034 2398 m1 678624 0 0.5 p-1 -33486 24
777 2400 m1 682155 -0 0.5 p-1 -636326 134
1111 2401 m1 682599 0 0.5 p-1 -27493 18
319 2402 m1 686133 0 0.5 p-1 -1949856 177
156 2403 m1 686856 0 0.5 p-1 -384851 181
594 2404 m1 688869 0 0.5 p-1 -7161 19
913 2406 m1 692020 0 0.5 p-1 -20532834 92
1612 2407 m1 693568 -0 0.5 p-1 -180171 2
1192 2408 m1 694280 -0 0.5 p-1 -170099 80
462 2409 m1 697579 -0 0.5 p-1 -1232476 535
507 2410 m1 699153 0 0.5 p-1 -558583 354
1525 2412 m1 705692 0 0.5 p-1 -13534 3
161 2413 m1 705943 -0 0.5 p-1 -6656780 883
1086 2414 m1 707865 0 0.5 p-1 -521373 49
321 2415 m1 708047 -0 0.5 p-1 -3600150 1561
322 2417 m1 708709 0 0.5 p-1 -2094501 412
323 2419 m1 710042 0 0.5 p-1 -2491377 443
1458 2421 m1 716235 0 0.5 p-1 -82406 1
740 2422 m1 716688 0 0.5 p-1 -5409864 229
687 2424 m1 720315 0 0.5 p-1 -375682 71
1054 2425 m1 724369 0 0.5 p-1 -1412453 38
167 2426 m1 726719 -0 0.5 p-1 -8205061 1640
1406 2427 m1 727096 0 0.5 p-1 -25823 6
758 2428 m1 728665 0 0.5 p-1 -400930 237
948 2429 m1 729044 -0 0.5 p-1 -72442 58
1215 2431 m1 732305 -0 0.5 p-1 -241179 36
400 2432 m1 739782 0 0.5 p-1 -289654 138
1505 2433 m1 741275 -0 0.5 p-1 -149275 6
1446 2434 m1 743382 -0 0.5 p-1 -95203 7
779 2435 m1 743578 -0 0.5 p-1 -38638 56
1005 2436 m1 743844 -0 0.5 p-1 -61230 41
1134 2438 m1 745699 -0 0.5 p-1 -388538 80
634 2439 m1 747142 0 0.5 p-1 -161292 76
1435 2440 m1 749777 0 0.5 p-1 -4202 3
403 2441 m1 754299 0 0.5 p-1 -3857339 994
877 2442 m1 756176 0 0.5 p-1 -1083839 23
1124 2444 m1 763562 0 0.5 p-1 -121492 36
510 2445 m1 765486 -0 0.5 p-1 -1277175 350
984 2447 m1 767970 0 0.5 p-1 -433040 39
466 2448 m1 769900 0 0.5 p-1 -629056 169
742 2449 m1 770623 -0 0.5 p-1 -3685300 9
329 2450 m1 772253 -0 0.5 p-1 -110031 191
1212 2451 m1 772585 0 0.5 p-1 -94526 35
664 2452 m1 775963 0 0.5 p-1 -131682 168
1143 2453 m1 776231 -0 0.5 p-1 -3277 23
955 2455 m1 778934 -0 0.5 p-1 -23946 42
1267 2456 m1 780799 0 0.5 p-1 -68622 16
1302 2457 m1 783511 -0 0.5 p-1 -23409 27
1186 2459 m1 787089 -0 0.5 p-1 -1882775 59
1601 2462 m1 794851 -0 0.5 p-1 -11901 1
405 2463 m1 795115 0 0.5 p-1 -688692 229
1545 2464 m1 795813 -0 0.5 p-1 -6486 1
1380 2465 m1 797626 -0 0.5 p-1 -10385 10
1532 2466 m1 797929 0 0.5 p-1 -16522 7
1237 2467 m1 800625 -0 0.5 p-1 -19931 8
1388 2468 m1 801733 0 0.5 p-1 -17634 7
636 2469 m1 803939 -0 0.5 p-1 -1671103 152
1376 2471 m1 807316 0 0.5 p-1 -495159 13
1627 2472 m1 807977 0 0.5 p-1 -231118 1
1483 2473 m1 809955 -0 0.5 p-1 -24308 5
406 2474 m1 811740 0 0.5 p-1 -297179 42
639 2476 m1 814130 -0 0.5 p-1 -954770 440
991 2477 m1 814217 -0 0.5 p-1 -16216 54
184 2478 m1 815014 -0 0.5 p-1 -990719 1096
185 2479 m1 815082 -0 0.5 p-1 -7394155 1771
513 2480 m1 815797 -0 0.5 p-1 -230163 148
334 2481 m1 816313 -0 0.5 p-1 -1762530 1088
1403 2482 m1 818476 0 0.5 p-1 -535 10
966 2484 m1 822066 -0 0.5 p-1 -112721 13
1120 2485 m1 822808 -0 0.5 p-1 -117323 35
760 2487 m1 826632 -0 0.5 p-1 -391320 184
558 2488 m1 829184 -0 0.5 p-1 -5369208 225
902 2489 m1 830774 -0 0.5 p-1 -544715 47
559 2491 m1 831458 0 0.5 p-1 -8960332 274
335 2492 m1 834914 0 0.5 p-1 -6456170 1802
600 2493 m1 837507 0 0.5 p-1 -681558 412
1304 2494 m1 838002 0 0.5 p-1 -57968 14
830 2495 m1 838209 -0 0.5 p-1 -40114 61
1373 2496 m1 838326 0 0.5 p-1 -21320 5
1243 2497 m1 838893 -0 0.5 p-1 -229279 12
516 2499 m1 843219 0 0.5 p-1 -1704136 233
1174 2500 m1 844166 -0 0.5 p-1 -785576 44
196 2501 m1 845280 -0 0.5 p-1 -5033022 1696
1168 2502 m1 845885 -0 0.5 p-1 -268748 12
200 2504 m1 849192 0 0.5 p-1 -1218444 1687
1496 2507 m1 852163 -0 0.5 p-1 -6940 5
561 2510 m1 859184 0 0.5 p-1 -12664460 202
641 2511 m1 864354 -0 0.5 p-1 -486905 391
1108 2512 m1 865995 0 0.5 p-1 -36555 37
207 2513 m1 873125 0 0.5 p-1 -3453494 1651
1424 2514 m1 882330 0 0.5 p-1 -5832 2
1096 2515 m1 883133 -0 0.5 p-1 -32428 10
761 2516 m1 884242 -0 0.5 p-1 -266003 336
1528 2518 m1 886111 -0 0.5 p-1 -33761 7
410 2520 m1 887939 0 0.5 p-1 -2856839 570
564 2521 m1 888496 -0 0.5 p-1 -3416395 734
471 2524 m1 893999 0 0.5 p-1 -377634 387
411 2526 m1 897306 0 0.5 p-1 -20485 23
692 2527 m1 898118 -0 0.5 p-1 -1791756 410
1035 2528 m1 899430 0 0.5 p-1 -25260 18
520 2529 m1 900003 -0 0.5 p-1 -468279 100
1036 2530 m1 900357 0 0.5 p-1 -130523 83
668 2531 m1 900876 0 0.5 p-1 -1168699 401
216 2532 m1 902729 -0 0.5 p-1 -1599148 603
566 2535 m1 910504 -0 0.5 p-1 -143450 113
218 2536 m1 910960 -0 0.5 p-1 -1624131 981
896 2539 m1 915888 0 0.5 p-1 -300496 52
219 2540 m1 916607 -0 0.5 p-1 -4373750 1705
993 2541 m1 918049 -0 0.5 p-1 -65397 116
994 2543 m1 924856 -0 0.5 p-1 -18123 30
522 2544 m1 925136 -0 0.5 p-1 -75684 169
1629 2545 m1 925787 0 0.5 p-1 -36062 1
985 2546 m1 926299 -0 0.5 p-1 -44731 18
937 2547 m1 926617 -0 0.5 p-1 -246758 54
693 2548 m1 930840 -0 0.5 p-1 -46087 54
1559 2549 m1 934919 0 0.5 p-1 -10068 2
568 2551 m1 940451 -0 0.5 p-1 -5199044 316
1579 2554 m1 947875 -0 0.5 p-1 -86716 2
227 2555 m1 952519 0 0.5 p-1 -5462981 427
672 2556 m1 953505 0 0.5 p-1 -2122388 595
1135 2557 m1 954947 0 0.5 p-1 -2306719 65
1569 2559 m1 959209 -0 0.5 p-1 -548768 3
231 2561 m1 960162 0 0.5 p-1 -4500218 552
1100 2562 m1 960800 0 0.5 p-1 -248085 40
817 2563 m1 963142 0 0.5 p-1 -574066 298
348 2564 m1 963145 0 0.5 p-1 -3730943 965
1355 2565 m1 964039 -0 0.5 p-1 -605504 13
745 2566 m1 965257 0 0.5 p-1 -686133 282
1409 2567 m1 966933 -0 0.5 p-1 -169832 17
831 2569 m1 967403 0 0.5 p-1 -57599 18
524 2570 m1 969094 0 0.5 p-1 -982771 463
1410 2572 m1 971718 -0 0.5 p-1 -468715 17
818 2573 m1 972034 -0 0.5 p-1 -1452254 190
570 2574 m1 972550 0 0.5 p-1 -1628432 290
1610 2577 m1 981290 0 0.5 p-1 -14398 2
1179 2579 m1 987500 -0 0.5 p-1 -534264 56
1321 2580 m1 987998 0 0.5 p-1 -9213 5
1519 2581 m1 994333 0 0.5 p-1 -87175 4
1176 2583 m1 998995 -0 0.5 p-1 -42943 4
