Temp_ID Permanent_ID Mutation_type Position s h Subpop Tick Number
119 0 m2 12316 -0.00188776094 0.5 p-1 -201403 18
296 1 m2 16431 -0.000512092956 0.5 p-1 -4732 3
54 2 m2 16613 -1.00866964e-05 0.5 p-1 -35273 5
176 3 m2 19650 2.03009004e-05 0.5 p-1 -31520 39
364 4 m2 33237 -0.00792229921 0.5 p-1 -2703 2
134 6 m2 39931 -0.00658476399 0.5 p-1 -199695 70
283 7 m2 41606 0.00173663639 0.5 p-1 -8304 2
55 8 m2 45705 -1.71223655e-05 0.5 p-1 -5943053 1200
0 9 m2 46551 -7.0203525e-05 0.5 p-1 -7686865 1537
373 10 m2 48596 0.000310671603 0.5 p-1 -87444 1
155 11 m2 57514 0.00295606605 0.5 p-1 -4586327 425
238 13 m2 65720 -1.54359896e-07 0.5 p-1 -24108 27
272 16 m2 70686 -0.0229827538 0.5 p-1 -3026 1
239 17 m2 84159 -0.0396832637 0.5 p-1 -7829 6
57 18 m2 88058 -0.000682248967 0.5 p-1 -955574 705
58 19 m2 94464 -0.00239607831 0.5 p-1 -2890660 710
107 20 m2 101948 7.64984725e-06 0.5 p-1 -4754813 248
59 21 m2 102685 0.00826652441 0.5 p-1 -11348053 425
355 22 m2 104096 -0.00234203483 0.5 p-1 -9581 3
108 23 m2 105842 0.0699202493 0.5 p-1 -2765591 784
235 24 m2 121394 0.00708297873 0.5 p-1 -68329 30
136 25 m2 125112 0.011139499 0.5 p-1 -476612 409
323 26 m2 128403 -9.06888454e-06 0.5 p-1 -1485598 5
291 28 m2 143304 8.84783458e-06 0.5 p-1 -12972 12
344 30 m2 150983 -5.60807639e-05 0.5 p-1 -4708 1
87 31 m2 152469 -0.00506205857 0.5 p-1 -5623926 544
305 32 m2 154064 -0.00680097053 0.5 p-1 -35277 3
259 33 m2 155536 3.04916193e-06 0.5 p-1 -28794 19
185 35 m2 163294 -2.58283217e-05 0.5 p-1 -1700553 26
2 36 m2 166631 0.00201024814 0.5 p-1 -2749096 1924
219 37 m2 170256 0.02520339 0.5 p-1 -51405 22
347 39 m2 179749 0.147626579 0.5 p-1 -38043 3
192 40 m2 184798 -0.0264787395 0.5 p-1 -451545 43
301 41 m2 186491 0.00185614056 0.5 p-1 -23753 2
4 43 m2 190214 -9.46526707e-05 0.5 p-1 -2972945 1567
245 44 m2 191818 -0.00116572669 0.5 p-1 -401632 32
109 45 m2 196967 0.000184493023 0.5 p-1 -89633 103
331 46 m2 199085 1.32897922e-05 0.5 p-1 -4182 1
251 47 m2 199198 -0.00393044762 0.5 p-1 -176254 17
213 48 m2 199205 -0.0335459001 0.5 p-1 -249911 67
180 49 m2 204095 -0.00454137102 0.5 p-1 -162471 152
88 50 m2 205156 0.000754067209 0.5 p-1 -2241920 1266
254 51 m2 216828 0.0271782409 0.5 p-1 -262660 9
330 52 m2 218847 -0.00579186529 0.5 p-1 -8586 1
274 53 m2 220288 -0.00597203663 0.5 p-1 -1374 8
335 54 m2 220325 0.0116655985 0.5 p-1 -1202 3
221 55 m2 221380 4.98080726e-06 0.5 p-1 -25640 5
61 56 m2 221665 -5.91682292e-05 0.5 p-1 -3312898 898
7 57 m2 222045 -0.000723765406 0.5 p-1 -498264 347
128 58 m2 222894 5.20735775e-05 0.5 p-1 -3918450 300
297 59 m2 226686 -2.41005267e-07 0.5 p-1 -93833 17
62 60 m2 227081 -0.111709103 0.5 p-1 -231701 68
222 61 m2 229610 0.00103046326 0.5 p-1 -1047115 96
142 62 m2 233571 7.29715509e-07 0.5 p-1 -66581 38
8 64 m2 252197 -0.00076180941 0.5 p-1 -2018019 1300
110 65 m2 260389 -0.000355753757 0.5 p-1 -81908 53
137 66 m2 260917 -0.00381130679 0.5 p-1 -56240 83
300 67 m2 263922 -0.00301895267 0.5 p-1 -7388 3
212 69 m2 267579 0.0186159667 0.5 p-1 -6804 10
236 70 m2 274908 -3.65232722e-06 0.5 p-1 -179371 56
281 71 m2 275580 -0.00463433797 0.5 p-1 -9630 3
363 72 m2 285673 -0.034486182 0.5 p-1 -1551019 1
149 73 m2 292972 -0.0208697803 0.5 p-1 -323370 215
64 74 m2 294576 -0.000929249392 0.5 p-1 -4495895 1491
186 75 m2 296361 -1.86070807e-07 0.5 p-1 -472957 195
111 76 m2 296574 0.00341448002 0.5 p-1 -86984 44
233 77 m2 301751 -0.0143654719 0.5 p-1 -76120 14
170 78 m2 303741 0.0013122583 0.5 p-1 -15985 23
182 79 m2 304921 -0.000216343178 0.5 p-1 -802728 58
198 80 m2 310296 0.00149793271 0.5 p-1 -46744 25
257 81 m2 316578 0.0775023401 0.5 p-1 -5004 2
193 82 m2 319633 0.00978890155 0.5 p-1 -164369 67
89 84 m2 321433 -0.0194136295 0.5 p-1 -105625 55
112 85 m2 324031 0.00190496468 0.5 p-1 -270623 297
65 86 m2 329426 1.3067257e-05 0.5 p-1 -1081527 126
113 87 m2 333091 -3.80027304e-05 0.5 p-1 -67548 80
9 88 m2 334326 -0.00021901638 0.5 p-1 -5866936 852
90 89 m2 343369 -1.5249454e-05 0.5 p-1 -1549556 662
187 90 m2 343996 -1.39417798e-05 0.5 p-1 -861950 163
165 91 m2 348858 -4.19703696e-07 0.5 p-1 -265753 92
282 92 m2 350767 -0.000208813872 0.5 p-1 -23093 10
10 93 m2 353662 0.00547621166 0.5 p-1 -4919451 1556
159 94 m2 357207 -1.68552888e-05 0.5 p-1 -3025963 54
66 96 m2 370868 0.0113750566 0.5 p-1 -324806 175
11 97 m2 371543 -0.00231197709 0.5 p-1 -145782 51
67 99 m2 373628 -0.00103562512 0.5 p-1 -749301 453
12 100 m2 373775 -2.25744679e-05 0.5 p-1 -116656 56
68 101 m2 374275 0.00538075855 0.5 p-1 -1456064 1278
262 102 m2 381473 -0.000125403501 0.5 p-1 -728058 9
249 103 m2 381617 0.00782668684 0.5 p-1 -200 2
329 104 m2 385269 -0.0138250319 0.5 p-1 -28521 2
114 105 m2 385797 0.000453559594 0.5 p-1 -2857473 334
348 106 m2 396687 0.0298826825 0.5 p-1 -13154 3
15 107 m2 400659 -0.000176685964 0.5 p-1 -1085516 741
69 108 m2 404390 -0.000147200757 0.5 p-1 -412353 293
189 109 m2 406598 0.0334270746 0.5 p-1 -186141 32
260 110 m2 408871 -0.00449543493 0.5 p-1 -38970 28
289 111 m2 414449 0.00713321753 0.5 p-1 -6040 2
214 113 m2 447005 -0.0012229901 0.5 p-1 -549971 73
285 115 m2 455297 -0.00134579593 0.5 p-1 -4987 2
144 116 m2 455934 4.37043946e-06 0.5 p-1 -141918 209
70 117 m2 460530 0.00106075732 0.5 p-1 -6581917 1162
352 118 m2 464843 -0.00102498557 0.5 p-1 -22540 3
16 120 m2 472836 0.00610641064 0.5 p-1 -3922165 1881
177 121 m2 474919 -0.00909287948 0.5 p-1 -1113792 202
145 122 m2 476046 -0.00534595363 0.5 p-1 -5282711 495
18 123 m2 482806 -0.000136814662 0.5 p-1 -5035380 556
263 124 m2 486786 0.00579910679 0.5 p-1 -110672 4
280 125 m2 487715 0.000231371348 0.5 p-1 -1038161 27
129 126 m2 489577 -0.00238360488 0.5 p-1 -715494 236
71 127 m2 490360 -0.0177449677 0.5 p-1 -249498 86
150 128 m2 491014 -0.000326603767 0.5 p-1 -2136602 602
20 129 m2 491495 -0.00390944537 0.5 p-1 -3211426 1216
268 130 m2 501487 8.66367714e-07 0.5 p-1 -1097 1
242 131 m2 505888 -0.071471639 0.5 p-1 -18753 6
202 132 m2 507144 0.00234173355 0.5 p-1 -272676 41
368 133 m2 507771 0.00589309679 0.5 p-1 -3229 1
21 134 m2 507906 3.64563275e-05 0.5 p-1 -744632 706
93 135 m2 526079 -0.0797439814 0.5 p-1 -1983547 968
298 136 m2 526450 2.9613866e-06 0.5 p-1 -6637 4
175 137 m2 526620 -0.0135188093 0.5 p-1 -27752 10
309 138 m2 528289 -0.000186534831 0.5 p-1 -540308 4
288 139 m2 530034 2.20024305e-07 0.5 p-1 -66806 5
151 140 m2 531185 -0.00248907087 0.5 p-1 -119661 24
22 141 m2 532724 0.0241907462 0.5 p-1 -3183358 1657
115 142 m2 534799 0.00100258994 0.5 p-1 -343013 106
359 143 m2 536994 4.91875562e-06 0.5 p-1 -403 1
243 144 m2 543025 -0.000315514597 0.5 p-1 -525912 19
116 147 m2 553290 0.000439399533 0.5 p-1 -2650299 481
102 148 m2 558618 -0.00137928559 0.5 p-1 -5036628 332
277 149 m2 565418 0.00262355269 0.5 p-1 -28162 3
117 150 m2 567453 -0.00042661262 0.5 p-1 -472093 259
23 151 m2 570087 -0.00532258535 0.5 p-1 -3046319 400
266 152 m2 572095 -0.00177966896 0.5 p-1 -8793 7
370 153 m2 572737 -0.0419495329 0.5 p-1 -1059 1
241 154 m2 573453 -0.00973241311 0.5 p-1 -6688 1
24 156 m2 576133 0.000323603774 0.5 p-1 -1969146 1345
25 157 m2 577022 9.40456521e-05 0.5 p-1 -4058969 1692
353 158 m2 583316 -0.00163471105 0.5 p-1 -9893 2
356 159 m2 586379 -3.43507349e-06 0.5 p-1 -578 1
265 160 m2 593532 0.0055119996 0.5 p-1 -87940 7
26 161 m2 594211 0.010720863 0.5 p-1 -2360690 1154
293 162 m2 596142 0.0329824686 0.5 p-1 -17558 3
72 163 m2 597735 0.00466384785 0.5 p-1 -9407287 556
343 164 m2 599412 -0.00158069236 0.5 p-1 -1581 3
215 165 m2 601174 -0.00016454664 0.5 p-1 -16185 8
94 166 m2 602112 -9.5257775e-09 0.5 p-1 -1618748 902
337 167 m2 602797 1.2264084e-05 0.5 p-1 -11723 2
27 168 m2 603825 0.000147570638 0.5 p-1 -10904913 1402
28 170 m2 604819 0.00972600188 0.5 p-1 -613736 887
121 171 m2 606593 -8.25855459e-05 0.5 p-1 -4253381 750
74 173 m2 615028 -0.0098406896 0.5 p-1 -4704996 1117
30 174 m2 617742 5.14134263e-06 0.5 p-1 -4419544 1605
75 175 m2 619766 -0.000152757653 0.5 p-1 -2403116 1204
269 176 m2 622622 -0.00569823384 0.5 p-1 -47024 12
194 177 m2 624438 -0.0022978303 0.5 p-1 -326991 38
250 178 m2 627675 8.32158767e-05 0.5 p-1 -70328 32
226 179 m2 628116 0.000203021176 0.5 p-1 -637902 103
160 180 m2 629113 0.000407823449 0.5 p-1 -435233 83
158 182 m2 643389 1.69704872e-05 0.5 p-1 -67542 11
31 184 m2 644537 0.000710575026 0.5 p-1 -3516865 526
76 185 m2 653433 -0.000302227505 0.5 p-1 -161462 97
130 186 m2 654176 0.00373847899 0.5 p-1 -1523992 419
122 187 m2 659915 0.0123145562 0.5 p-1 -816646 765
146 188 m2 661040 0.0191783477 0.5 p-1 -14381157 129
196 189 m2 663781 0.00579159288 0.5 p-1 -17984 6
123 190 m2 665165 3.43855863e-05 0.5 p-1 -650770 418
152 191 m2 669417 -0.0125466324 0.5 p-1 -13019 14
183 192 m2 671267 -0.000568035175 0.5 p-1 -234835 197
32 193 m2 673039 -0.00243827025 0.5 p-1 -5285518 1837
124 194 m2 675676 -0.00585382897 0.5 p-1 -2031999 14
166 195 m2 677118 0.0152191827 0.5 p-1 -2093931 407
302 196 m2 680125 -0.0001674714 0.5 p-1 -1247 2
33 198 m2 681676 -6.21797926e-06 0.5 p-1 -2577161 1013
244 199 m2 687766 0.00324071106 0.5 p-1 -3111 2
77 200 m2 687875 -0.000103141443 0.5 p-1 -1989838 541
34 201 m2 699595 -0.00483827619 0.5 p-1 -693647 84
95 202 m2 708098 -0.00202482776 0.5 p-1 -10156142 1034
96 203 m2 708611 -0.000269504468 0.5 p-1 -4488910 1046
36 204 m2 712458 0.00332457968 0.5 p-1 -941594 332
252 207 m2 727655 -0.000301668537 0.5 p-1 -74348 76
310 208 m2 729390 -0.0199941341 0.5 p-1 -2610 3
153 209 m2 729508 0.00674242573 0.5 p-1 -748620 70
97 210 m2 733698 -0.00270893262 0.5 p-1 -3502007 1021
78 211 m2 734301 -0.000396893214 0.5 p-1 -1668812 100
199 213 m2 736373 -0.0135101182 0.5 p-1 -4330333 35
37 215 m2 738517 0.00129714923 0.5 p-1 -12291856 597
207 216 m2 740927 0.00825963635 0.5 p-1 -39293 17
322 217 m2 752088 -0.0476282761 0.5 p-1 -24334 3
79 218 m2 755845 0.00128189451 0.5 p-1 -1752336 781
290 219 m2 764683 0.00979944784 0.5 p-1 -13919 3
103 221 m2 769342 3.106043e-05 0.5 p-1 -362300 386
38 222 m2 774521 -0.0156230871 0.5 p-1 -3578499 1802
125 223 m2 776195 -0.0643281937 0.5 p-1 -925681 309
154 224 m2 776827 -0.000732679735 0.5 p-1 -612496 74
358 226 m2 777530 -2.76394263e-09 0.5 p-1 -7310 1
39 227 m2 787318 0.000426841842 0.5 p-1 -457720 786
81 228 m2 790816 -0.0501840562 0.5 p-1 -1408081 400
299 229 m2 793052 0.0548212081 0.5 p-1 -1793 7
247 230 m2 799042 -0.00342454249 0.5 p-1 -1660714 41
286 231 m2 799852 0.000708332227 0.5 p-1 -71282 15
131 232 m2 803868 -0.0352717489 0.5 p-1 -1299640 23
40 234 m2 808605 4.87565485e-05 0.5 p-1 -1655850 1713
191 235 m2 808951 -0.0211660899 0.5 p-1 -984750 128
140 236 m2 809570 0.0445257574 0.5 p-1 -986686 186
164 238 m2 816430 0.00246071094 0.5 p-1 -2887178 298
104 239 m2 819597 0.02524787 0.5 p-1 -3400566 140
41 240 m2 829252 0.014119667 0.5 p-1 -8036111 1866
83 241 m2 829889 -7.74147557e-05 0.5 p-1 -1942367 968
178 242 m2 833476 -0.00126441778 0.5 p-1 -51683 97
208 243 m2 835528 0.0189174414 0.5 p-1 -8599 9
320 244 m2 838253 1.38145611e-08 0.5 p-1 -40910 8
42 245 m2 838450 -0.05487689 0.5 p-1 -5193871 1203
43 246 m2 840539 -0.0601066723 0.5 p-1 -9363804 1368
44 247 m2 842141 -0.00215043197 0.5 p-1 -355181 92
132 248 m2 845435 -0.000350768911 0.5 p-1 -579754 449
206 249 m2 848155 0.011356703 0.5 p-1 -1047948 95
294 250 m2 850981 0.0159920361 0.5 p-1 -19603 4
45 251 m2 851378 -3.58325019e-06 0.5 p-1 -1106522 818
256 252 m2 860977 4.77061003e-05 0.5 p-1 -488350 14
295 253 m2 869688 1.55141133e-05 0.5 p-1 -104879 21
311 254 m2 869732 0.000115166338 0.5 p-1 -82551 6
46 255 m2 878640 2.55138166e-05 0.5 p-1 -3322538 676
218 256 m2 879719 -0.00966663472 0.5 p-1 -42962 45
47 257 m2 885244 -0.0300561637 0.5 p-1 -1533009 1357
98 258 m2 886370 0.0350801237 0.5 p-1 -147376 133
105 259 m2 887862 0.00223695557 0.5 p-1 -3091081 723
106 261 m2 891239 -0.000399467914 0.5 p-1 -850062 53
261 264 m2 905227 0.000143974408 0.5 p-1 -7246 13
100 265 m2 906018 7.00712262e-05 0.5 p-1 -1159458 191
127 266 m2 908159 0.0134090967 0.5 p-1 -15673 16
278 268 m2 908235 0.00126695796 0.5 p-1 -5778 11
258 269 m2 912072 0.00205402402 0.5 p-1 -6425 6
161 270 m2 913570 0.0397869498 0.5 p-1 -7091065 332
227 271 m2 923957 -0.0236691982 0.5 p-1 -294180 42
209 272 m2 928014 -4.65978956e-05 0.5 p-1 -90568 41
133 273 m2 932246 -0.000593248522 0.5 p-1 -672976 660
48 274 m2 932599 2.93813955e-05 0.5 p-1 -1642222 1183
211 275 m2 936946 0.000885313086 0.5 p-1 -181938 71
276 276 m2 940379 0.00693335757 0.5 p-1 -2356 4
49 277 m2 940636 -0.0151091013 0.5 p-1 -19347493 1323
50 278 m2 941982 0.00390790403 0.5 p-1 -2517659 502
224 279 m2 945795 0.0405312143 0.5 p-1 -1801 3
51 280 m2 949983 0.0133497156 0.5 p-1 -3251829 806
325 281 m2 968958 -0.00434496207 0.5 p-1 -24014 5
101 282 m2 969229 -0.00148487277 0.5 p-1 -6766612 472
84 283 m2 969451 0.0666349158 0.5 p-1 -4535756 882
237 284 m2 969822 0.00116364122 0.5 p-1 -45649 22
216 286 m2 973450 -0.0142866625 0.5 p-1 -33221 27
85 287 m2 977992 0.000858891872 0.5 p-1 -3797355 1269
141 288 m2 981076 0.00739585375 0.5 p-1 -1092428 427
162 289 m2 985442 6.93806141e-05 0.5 p-1 -107290 225
53 291 m2 990631 -0.00242553116 0.5 p-1 -505593 74
184 292 m2 994998 5.66274502e-05 0.5 p-1 -408358 4
171 294 m2 998980 -8.66661878e-07 0.5 p-1 -901641 165
172 295 m2 999969 5.50759272e-10 0.5 p-1 -148009 80
232 297 m2 647572 -0.00481178612 0.5 p0 2 1
342 298 m2 460018 -0.0474659428 0.5 p0 2 2
306 299 m2 822234 -0.0191771183 0.5 p0 2 2
315 300 m2 211642 -2.77304291e-10 0.5 p0 2 1
326 301 m2 388176 -0.0135059617 0.5 p0 2 2
350 303 m2 106397 -2.27452929e-05 0.5 p0 2 1
351 304 m2 790961 -0.000173214721 0.5 p0 2 1
308 305 m2 640747 0.0122761531 0.5 p0 2 2
143 306 m2 370985 -0.00488358689 0.5 p0 2 2
354 308 m2 951571 -8.70590611e-06 0.5 p0 2 1
313 310 m2 613331 1.66275931e-05 0.5 p0 2 1
319 312 m2 417374 0.000982256723 0.5 p0 2 1
271 313 m2 290954 -1.14795021e-05 0.5 p0 2 2
366 314 m2 391004 -0.000590885233 0.5 p0 2 2
324 316 m2 685177 -0.0096810041 0.5 p0 2 3
321 318 m2 874542 -0.00259887986 0.5 p0 2 4
279 320 m2 522237 -0.00156183948 0.5 p0 2 2
346 322 m2 578505 -2.43915224e-07 0.5 p0 2 1
334 323 m2 626069 -1.07444857e-05 0.5 p0 2 1
360 324 m2 787696 -0.00985345151 0.5 p0 2 1
369 325 m2 623887 0.00452147657 0.5 p0 2 1
156 327 m2 80132 5.01018039e-05 0.5 p0 2 2
362 328 m2 216243 -0.0520429239 0.5 p0 2 1
284 329 m2 740956 -1.32928037e-07 0.5 p0 2 1
349 330 m2 984638 0.0116425026 0.5 p0 2 2
312 332 m2 214630 -0.017702803 0.5 p0 2 1
292 333 m2 864770 -0.00774292694 0.5 p0 2 1
327 334 m2 997219 0.00298543065 0.5 p0 2 1
345 336 m2 425152 -0.00838708226 0.5 p0 2 2
328 337 m2 980764 0.000296936603 0.5 p0 2 2
361 338 m2 351721 -0.0246145837 0.5 p0 2 1
255 339 m2 667354 -0.0187991746 0.5 p0 2 1
341 341 m2 901365 -0.000351364695 0.5 p0 2 1
318 342 m2 940842 -5.79343032e-05 0.5 p0 2 1
357 345 m2 558868 -0.0028392761 0.5 p0 2 2
372 349 m2 962936 -0.0266306978 0.5 p0 2 1
264 350 m2 689495 0.00247631734 0.5 p0 2 2
304 352 m2 603405 0.00154614099 0.5 p0 2 2
367 354 m2 419718 0.002713311 0.5 p0 2 1
365 359 m2 789793 -0.000297367398 0.5 p0 2 1
267 360 m2 691582 0.000323657034 0.5 p0 2 1
314 362 m2 436052 0.0293339714 0.5 p0 2 1
333 364 m2 210221 0.00280826935 0.5 p0 2 3
270 365 m2 990851 0.000428736443 0.5 p0 2 1
248 367 m1 1316 -0 0.5 p-1 -155143 44
169 369 m1 17431 0 0.5 p-1 -762067 371
287 370 m1 20796 -0 0.5 p-1 -15720 5
195 371 m1 27529 -0 0.5 p-1 -9457 8
56 372 m1 45737 -0 0.5 p-1 -8476750 1200
303 373 m1 66908 0 0.5 p-1 -165629 3
1 374 m1 90443 0 0.5 p-1 -1075327 1008
135 376 m1 116934 -0 0.5 p-1 -648522 364
228 378 m1 129677 -0 0.5 p-1 -44963 31
336 379 m1 137012 -0 0.5 p-1 -949 2
188 381 m1 150171 0 0.5 p-1 -753568 96
275 382 m1 174759 0 0.5 p-1 -347875 15
60 383 m1 181948 -0 0.5 p-1 -1303187 998
3 384 m1 186177 0 0.5 p-1 -1952150 861
173 385 m1 186323 -0 0.5 p-1 -1296595 591
147 386 m1 195176 -0 0.5 p-1 -7326742 507
5 387 m1 199064 0 0.5 p-1 -5397827 1452
6 391 m1 213775 0 0.5 p-1 -2175621 1729
148 392 m1 261361 0 0.5 p-1 -335443 140
229 393 m1 268878 0 0.5 p-1 -734716 50
339 394 m1 270253 0 0.5 p-1 -4054 2
63 395 m1 277900 0 0.5 p-1 -330438 129
204 396 m1 279747 0 0.5 p-1 -87967 49
340 397 m1 281269 -0 0.5 p-1 -2730 2
181 398 m1 282804 -0 0.5 p-1 -73315 23
230 400 m1 354578 0 0.5 p-1 -600016 103
253 401 m1 358065 0 0.5 p-1 -38741 24
120 402 m1 370950 0 0.5 p-1 -4308516 922
316 403 m1 377415 -0 0.5 p-1 -3044 3
13 404 m1 382026 -0 0.5 p-1 -2441433 1902
14 405 m1 397535 -0 0.5 p-1 -3465691 1589
246 406 m1 407946 0 0.5 p-1 -36899 33
217 407 m1 413816 -0 0.5 p-1 -140164 33
317 408 m1 416541 0 0.5 p-1 -61932 9
210 409 m1 417419 -0 0.5 p-1 -109497 81
138 411 m1 433385 0 0.5 p-1 -262407 305
273 412 m1 436318 0 0.5 p-1 -27527 9
17 414 m1 475474 -0 0.5 p-1 -6812091 1020
91 415 m1 475726 -0 0.5 p-1 -540249 249
19 417 m1 485629 -0 0.5 p-1 -2518442 1303
92 418 m1 501229 -0 0.5 p-1 -1569308 576
174 419 m1 516172 -0 0.5 p-1 -204001 9
231 420 m1 524279 -0 0.5 p-1 -199348 16
205 421 m1 539843 -0 0.5 p-1 -1581663 16
139 422 m1 549605 0 0.5 p-1 -3235012 370
163 423 m1 559679 -0 0.5 p-1 -357402 215
223 425 m1 584155 -0 0.5 p-1 -62514 14
29 426 m1 607441 0 0.5 p-1 -6744096 1264
73 427 m1 608012 -0 0.5 p-1 -2367776 416
371 428 m1 623699 0 0.5 p-1 -11996 1
157 429 m1 627066 0 0.5 p-1 -2694855 76
197 431 m1 695179 0 0.5 p-1 -11741857 420
35 432 m1 710353 -0 0.5 p-1 -1828785 49
80 433 m1 766213 0 0.5 p-1 -2126119 257
190 434 m1 774420 0 0.5 p-1 -640218 70
240 436 m1 825139 -0 0.5 p-1 -42195 12
82 437 m1 829387 0 0.5 p-1 -2356573 1213
332 438 m1 856390 -0 0.5 p-1 -25134 5
220 439 m1 868680 0 0.5 p-1 -56989 51
126 440 m1 874615 -0 0.5 p-1 -267186 365
118 441 m1 882890 -0 0.5 p-1 -1192909 302
200 442 m1 888249 0 0.5 p-1 -721142 89
99 443 m1 904570 -0 0.5 p-1 -3848989 1158
201 444 m1 908657 0 0.5 p-1 -168156 129
338 445 m1 913984 0 0.5 p-1 -14180 2
167 446 m1 917007 0 0.5 p-1 -241709 174
179 447 m1 919828 0 0.5 p-1 -343255 68
168 448 m1 939634 -0 0.5 p-1 -1808446 215
203 449 m1 945903 -0 0.5 p-1 -42694 17
225 450 m1 951098 0 0.5 p-1 -222988 79
307 451 m1 958703 -0 0.5 p-1 -14219 5
234 452 m1 968883 0 0.5 p-1 -98559 39
86 454 m1 982717 0 0.5 p-1 -238432 185
52 455 m1 983130 -0 0.5 p-1 -395579 137
