Temp_ID Permanent_ID Mutation_type Position s h Subpop Tick Number
957 0 m2 98 -1.66544452e-11 0.5 p-1 -1621998 18
788 2 m2 2756 0.000280979293 0.5 p-1 -1044415 69
837 3 m2 3714 0.000875794038 0.5 p-1 -29350 9
376 4 m2 3747 -0.0001957723 0.5 p-1 -8121 6
1200 5 m2 3867 -1.06731004e-05 0.5 p-1 -26806 3
1121 6 m2 4929 2.88709562e-05 0.5 p-1 -932 7
1108 7 m2 7210 -1.61049702e-05 0.5 p-1 -42194 7
377 8 m2 8508 0.00972293038 0.5 p-1 -52166 6
775 9 m2 8616 -9.40517857e-05 0.5 p-1 -1987 14
664 10 m2 8962 -0.0174707007 0.5 p-1 -462390 161
917 11 m2 9699 0.00150822022 0.5 p-1 -20709 9
958 12 m2 10014 0.0418027155 0.5 p-1 -135844 19
328 13 m2 10181 -0.0408674255 0.5 p-1 -2640 21
1 14 m2 10246 -0.0105089713 0.5 p-1 -2844638 1526
694 15 m2 10734 0.015178415 0.5 p-1 -15606 26
191 16 m2 11022 -0.00130125519 0.5 p-1 -169693 130
842 17 m2 11319 1.21646747e-06 0.5 p-1 -72757 7
496 18 m2 11352 -0.000694300979 0.5 p-1 -54220 102
192 19 m2 13574 0.00145053421 0.5 p-1 -228106 25
1111 20 m2 17827 0.00408758037 0.5 p-1 -34536 8
1218 21 m2 18306 -0.003164066 0.5 p-1 -16146 3
1256 24 m2 19166 -0.0150107872 0.5 p-1 -8623 4
657 25 m2 20139 -9.07884683e-08 0.5 p-1 -867780 37
421 26 m2 21623 0.00115661672 0.5 p-1 -3465144 382
194 28 m2 23793 -0.000527168042 0.5 p-1 -2347923 903
990 31 m2 26573 0.00300325872 0.5 p-1 -12421 3
1263 33 m2 27897 0.00130499294 0.5 p-1 -4028 3
458 34 m2 27955 -0.000171008098 0.5 p-1 -1052777 275
329 35 m2 28311 0.00117712561 0.5 p-1 -4565224 655
4 36 m2 28355 0.0749473795 0.5 p-1 -4853538 1364
330 37 m2 28747 -0.000951936119 0.5 p-1 -522486 409
197 38 m2 28764 -0.00330344657 0.5 p-1 -381161 73
638 39 m2 29424 -0.000728421554 0.5 p-1 -32393 8
741 40 m2 30968 2.33659248e-05 0.5 p-1 -1047971 125
497 41 m2 31129 0.000141812372 0.5 p-1 -406292 204
1067 42 m2 31830 0.000913557305 0.5 p-1 -320987 19
274 43 m2 31924 0.00546649797 0.5 p-1 -260858 276
781 44 m2 32242 0.0178489815 0.5 p-1 -63913 20
1137 46 m2 33493 -3.28513743e-05 0.5 p-1 -11318 2
422 47 m2 34079 -5.57290332e-05 0.5 p-1 -2473145 307
5 49 m2 34371 0.125377476 0.5 p-1 -462769 78
331 50 m2 34491 0.0276036691 0.5 p-1 -8942280 754
536 51 m2 35238 4.96221073e-05 0.5 p-1 -167065 88
7 52 m2 36943 0.00263486477 0.5 p-1 -2109449 731
423 53 m2 37244 -0.0178098362 0.5 p-1 -625612 83
1203 56 m2 41831 -6.14387027e-05 0.5 p-1 -69457 2
1026 58 m2 42542 0.0395647921 0.5 p-1 -38945 25
679 59 m2 44507 0.0203324351 0.5 p-1 -106935 15
275 60 m2 45215 0.00217933534 0.5 p-1 -3849506 532
459 61 m2 47191 -0.000809309189 0.5 p-1 -622766 7
378 62 m2 47741 0.00211555324 0.5 p-1 -1228292 382
332 63 m2 48708 0.00868440513 0.5 p-1 -1902669 166
379 64 m2 48749 0.000506011187 0.5 p-1 -31168 20
8 67 m2 51975 0.00210898323 0.5 p-1 -553547 383
9 69 m2 53417 0.00352071854 0.5 p-1 -1430779 498
10 70 m2 54230 -0.00263498537 0.5 p-1 -6486390 1889
665 71 m2 55385 -2.72825588e-07 0.5 p-1 -90084 49
735 72 m2 55486 -0.0108897444 0.5 p-1 -57792 13
666 73 m2 56444 -0.0118803782 0.5 p-1 -750316 49
855 77 m2 57420 -0.0216576885 0.5 p-1 -144370 43
11 79 m2 57813 1.14940021e-05 0.5 p-1 -421049 379
829 80 m2 58515 -2.83123973e-06 0.5 p-1 -57953 99
1255 81 m2 59861 -0.0131952548 0.5 p-1 -327432 1
199 82 m2 61114 -0.0210292488 0.5 p-1 -785907 683
12 83 m2 61612 -0.00185332308 0.5 p-1 -939677 198
857 84 m2 64497 0.00716717867 0.5 p-1 -400566 129
798 86 m2 65892 -0.00020854437 0.5 p-1 -31257 49
15 87 m2 66715 6.75202245e-05 0.5 p-1 -8506919 1099
16 88 m2 67248 2.05871038e-05 0.5 p-1 -3180950 1323
1095 91 m2 69263 -0.00935691409 0.5 p-1 -413 1
1091 94 m2 71651 0.0315579437 0.5 p-1 -263 19
1003 95 m2 71834 6.64944025e-07 0.5 p-1 -9388 8
17 96 m2 72950 -0.0404536501 0.5 p-1 -5271120 690
424 97 m2 73304 0.00892185979 0.5 p-1 -1220474 333
425 98 m2 73422 0.000594638579 0.5 p-1 -1316339 250
200 99 m2 73758 -3.60079539e-05 0.5 p-1 -2633599 1153
19 100 m2 74536 0.000489539816 0.5 p-1 -6493882 1753
20 101 m2 77566 0.0268587898 0.5 p-1 -7751200 1647
21 102 m2 77590 0.000162197539 0.5 p-1 -4824439 1647
645 104 m2 78309 0.00175490207 0.5 p-1 -2877 2
603 106 m2 79054 0.0263994187 0.5 p-1 -447472 284
589 107 m2 79159 0.000565629802 0.5 p-1 -2604832 152
1272 109 m2 79690 0.00464101788 0.5 p-1 -229624 1
1025 111 m2 81715 4.27557214e-13 0.5 p-1 -13306 10
333 113 m2 82964 -0.00148927944 0.5 p-1 -3166524 414
687 114 m2 83221 0.00772316288 0.5 p-1 -272561 75
22 115 m2 83602 0.000207938545 0.5 p-1 -1729417 960
334 116 m2 84274 0.00234715478 0.5 p-1 -1859741 964
789 118 m2 87205 0.0120517276 0.5 p-1 -1980644 66
23 120 m2 88511 -0.0168931633 0.5 p-1 -2668543 1369
667 121 m2 88874 -0.0001713315 0.5 p-1 -3215981 209
380 123 m2 90681 5.21966031e-05 0.5 p-1 -691217 312
1038 124 m2 90724 -8.15930483e-12 0.5 p-1 -28241 3
1250 125 m2 90936 -0.057258971 0.5 p-1 -67963 5
201 127 m2 91170 1.60936816e-06 0.5 p-1 -2717583 719
790 129 m2 92390 -3.57592967e-07 0.5 p-1 -398027 107
276 130 m2 94274 0.0164329167 0.5 p-1 -3806599 1103
24 131 m2 95414 0.000665376487 0.5 p-1 -624690 381
25 132 m2 96198 0.0102844043 0.5 p-1 -2762513 1741
537 136 m2 97257 -0.00605910085 0.5 p-1 -429853 141
1012 137 m2 97901 -0.00562749058 0.5 p-1 -211545 20
850 138 m2 98664 0.00224302057 0.5 p-1 -126674 20
904 139 m2 98966 0.0104005486 0.5 p-1 -202762 67
1197 140 m2 99982 -0.0192797333 0.5 p-1 -88665 4
381 141 m2 100303 0.0028431667 0.5 p-1 -362736 461
1140 142 m2 100486 0.013441286 0.5 p-1 -28975 9
1023 143 m2 100961 -1.3247724e-07 0.5 p-1 -17605 1
521 146 m2 102619 -0.0172581673 0.5 p-1 -555249 251
1210 147 m2 103412 0.000303645153 0.5 p-1 -2510 4
1114 148 m2 103614 -0.0449971221 0.5 p-1 -165458 7
724 149 m2 103995 0.0126207359 0.5 p-1 -230987 87
935 151 m2 105192 -0.00254399306 0.5 p-1 -916407 70
335 152 m2 105762 0.00498666661 0.5 p-1 -4569746 168
27 153 m2 106655 -0.00036462085 0.5 p-1 -13329835 1326
1072 154 m2 107090 0.00370359165 0.5 p-1 -221375 13
688 156 m2 107917 0.0153071107 0.5 p-1 -7148508 35
460 157 m2 109297 -1.79846502e-08 0.5 p-1 -47260 70
28 158 m2 111124 0.000109782988 0.5 p-1 -4146174 1206
29 160 m2 113059 -8.86641865e-05 0.5 p-1 -4585065 1562
30 161 m2 113259 -0.0289922282 0.5 p-1 -7753244 1364
336 162 m2 114379 0.0087226443 0.5 p-1 -13812912 602
877 163 m2 114425 0.000234907464 0.5 p-1 -620703 99
31 164 m2 114502 0.00860904809 0.5 p-1 -8879312 1508
1024 165 m2 115580 2.78905391e-05 0.5 p-1 -16371 1
1069 166 m2 115626 0.00146089518 0.5 p-1 -143465 10
674 167 m2 116067 -0.00653362786 0.5 p-1 -599928 62
802 169 m2 117056 0.00176377257 0.5 p-1 -288427 55
568 173 m2 117888 -5.85818962e-05 0.5 p-1 -73650 87
944 174 m2 118117 0.00667887228 0.5 p-1 -8258 11
1070 178 m2 119665 5.3019663e-05 0.5 p-1 -53233 16
725 179 m2 121512 -0.0124168927 0.5 p-1 -26870 17
812 181 m2 123049 -8.92985845e-05 0.5 p-1 -5457 11
33 182 m2 123343 0.00457459129 0.5 p-1 -4802757 611
34 183 m2 124233 -0.000295969046 0.5 p-1 -3974847 1452
878 184 m2 124577 -0.00238855463 0.5 p-1 -171037 5
35 185 m2 125816 0.00277504185 0.5 p-1 -1616821 407
1042 186 m2 126484 -0.000234852807 0.5 p-1 -16990 9
742 187 m2 126644 -4.59198927e-05 0.5 p-1 -160281 30
36 188 m2 128469 0.00337358797 0.5 p-1 -305809 57
843 191 m2 130431 -0.00259822328 0.5 p-1 -272759 6
631 192 m2 130870 1.49772268e-06 0.5 p-1 -3427512 282
382 193 m2 130943 9.38790436e-06 0.5 p-1 -1410786 631
203 194 m2 131090 -0.0289052948 0.5 p-1 -2316501 456
695 195 m2 134210 0.010648841 0.5 p-1 -1638558 187
1201 200 m2 137658 -0.00122400944 0.5 p-1 -1472 3
782 202 m2 138005 -0.00268825213 0.5 p-1 -30852 61
1240 203 m2 138803 -0.00126891315 0.5 p-1 -5377 3
499 205 m2 139358 0.0564655326 0.5 p-1 -323251 113
621 206 m2 139468 0.00379843218 0.5 p-1 -578746 52
383 207 m2 140456 -0.0228440035 0.5 p-1 -1089976 291
37 208 m2 140833 0.000216886328 0.5 p-1 -3026738 736
278 210 m2 144851 -0.00541928364 0.5 p-1 -167366 54
972 212 m2 146857 0.000238463443 0.5 p-1 -3873 12
384 213 m2 147583 9.22265181e-11 0.5 p-1 -2597760 589
870 214 m2 148121 -0.00819976255 0.5 p-1 -48559 48
1013 216 m2 150305 0.000471006031 0.5 p-1 -122298 11
39 217 m2 150963 6.58043791e-05 0.5 p-1 -2553167 1886
590 218 m2 151021 1.29323865e-07 0.5 p-1 -118802 21
40 222 m2 155477 0.0637465939 0.5 p-1 -433447 615
1241 224 m2 155934 -0.00375473197 0.5 p-1 -13340 2
639 225 m2 156307 -0.00563406479 0.5 p-1 -1426741 168
1205 226 m2 156386 -0.0477236807 0.5 p-1 -2287 2
1093 228 m2 158147 0.0125721479 0.5 p-1 -6962 4
41 230 m2 159542 -0.00577067398 0.5 p-1 -3233927 679
851 231 m2 160750 0.0452843383 0.5 p-1 -1951 7
1021 232 m2 161355 0.0126267076 0.5 p-1 -28730 14
1246 233 m2 163474 0.00421459181 0.5 p-1 -2867 1
1182 235 m2 164194 0.000164367128 0.5 p-1 -45 4
1235 236 m2 166176 -0.00344373682 0.5 p-1 -11454 2
279 237 m2 167069 0.0380129218 0.5 p-1 -764548 715
522 238 m2 167887 0.0164184812 0.5 p-1 -517295 318
1228 239 m2 167918 0.00253343955 0.5 p-1 -3984 1
1227 240 m2 168582 0.00622086367 0.5 p-1 -397422 2
726 241 m2 169620 0.018987108 0.5 p-1 -174008 204
204 243 m2 170077 -3.19187666e-06 0.5 p-1 -476394 1050
386 244 m2 171059 -0.00480289198 0.5 p-1 -1235890 117
893 246 m2 175621 8.72936362e-05 0.5 p-1 -1849 4
920 247 m2 175894 3.15754478e-05 0.5 p-1 -56284 37
280 248 m2 176299 0.0311646927 0.5 p-1 -1256182 619
951 249 m2 176341 -3.9645347e-05 0.5 p-1 -12978 6
622 250 m2 177628 0.00166921644 0.5 p-1 -75496 101
830 251 m2 177803 0.010755633 0.5 p-1 -243092 87
42 254 m2 180787 -0.000876796432 0.5 p-1 -2573218 1666
1052 255 m2 181969 0.00638513919 0.5 p-1 -68 7
1173 258 m2 185205 0.000518599816 0.5 p-1 -2553061 4
475 259 m2 188886 -0.010757125 0.5 p-1 -1764149 336
743 261 m2 189928 -0.028591007 0.5 p-1 -1245543 109
658 262 m2 190130 -0.0390986986 0.5 p-1 -11147896 203
1162 263 m2 191765 -0.000176310772 0.5 p-1 -14865 14
538 264 m2 192338 0.00330834719 0.5 p-1 -1371316 201
646 266 m2 194876 -0.00501232129 0.5 p-1 -552061 35
338 267 m2 194908 -0.00180997467 0.5 p-1 -370759 160
461 270 m2 196921 0.0110641848 0.5 p-1 -1155070 483
281 271 m2 197031 0.00587451691 0.5 p-1 -1240971 381
803 272 m2 198134 0.0288796239 0.5 p-1 -331715 52
447 273 m2 198518 1.43492125e-08 0.5 p-1 -794332 284
623 275 m2 201397 0.0195448827 0.5 p-1 -746300 67
539 277 m2 202500 0.00228183274 0.5 p-1 -487254 252
429 278 m2 203283 -4.12664886e-05 0.5 p-1 -1197726 240
744 280 m2 205955 0.00231655641 0.5 p-1 -193578 42
540 281 m2 206028 -0.00367533043 0.5 p-1 -1255662 176
339 283 m2 206453 -0.000635060016 0.5 p-1 -970545 204
448 284 m2 207597 -0.000987187959 0.5 p-1 -1062981 76
282 286 m2 209762 0.0158643071 0.5 p-1 -2144991 411
1138 287 m2 210683 0.000231758328 0.5 p-1 -60805 13
727 288 m2 211209 0.000703703961 0.5 p-1 -106959 51
1019 289 m2 212174 2.19351591e-06 0.5 p-1 -2508 3
1267 290 m2 212433 -5.77278847e-09 0.5 p-1 -35404 2
207 291 m2 212850 -0.000107098094 0.5 p-1 -323965 68
208 293 m2 216443 -0.0169621091 0.5 p-1 -1374903 1512
1222 294 m2 216751 7.67171587e-05 0.5 p-1 -24275 2
864 296 m2 218549 -0.000539591128 0.5 p-1 -296049 1
43 297 m2 218883 -0.000260211644 0.5 p-1 -11768541 1485
689 298 m2 218904 0.0103097865 0.5 p-1 -463485 33
699 299 m2 218973 0.00572986482 0.5 p-1 -3174 17
591 300 m2 219072 0.0809041336 0.5 p-1 -607512 41
908 303 m2 222579 -2.01220087e-06 0.5 p-1 -271920 19
770 304 m2 223165 5.74871315e-08 0.5 p-1 -500042 19
284 305 m2 223982 -0.0007163306 0.5 p-1 -2025361 355
44 306 m2 224165 0.0286595747 0.5 p-1 -2307784 393
1088 307 m2 224283 -7.95442393e-05 0.5 p-1 -23921 8
647 309 m2 228022 -7.21993365e-06 0.5 p-1 -106542 85
608 311 m2 229809 -6.53539246e-05 0.5 p-1 -690215 105
45 312 m2 231457 0.030877471 0.5 p-1 -191643 183
541 315 m2 231806 -4.7026524e-06 0.5 p-1 -58834 78
523 316 m2 231913 -0.00132219039 0.5 p-1 -173496 191
524 317 m2 233427 -0.000696679577 0.5 p-1 -283030 288
46 319 m2 235995 -0.00258653588 0.5 p-1 -7213740 1830
449 320 m2 236052 -0.0118407253 0.5 p-1 -723519 201
500 324 m2 240368 -5.25153337e-05 0.5 p-1 -607372 168
927 326 m2 242916 -0.0169941857 0.5 p-1 -388417 75
921 327 m2 244324 -5.69354379e-05 0.5 p-1 -52561 4
865 328 m2 244349 -0.0470377654 0.5 p-1 -390962 6
1242 330 m2 246583 0.00750780199 0.5 p-1 -6118 1
641 331 m2 247129 -0.000273560465 0.5 p-1 -2959153 61
681 332 m2 248439 -4.97643341e-05 0.5 p-1 -709036 82
593 333 m2 249685 -0.000966007763 0.5 p-1 -152929 23
209 335 m2 254454 -0.000402446341 0.5 p-1 -180174 188
950 336 m2 254935 -0.0292793121 0.5 p-1 -173698 43
719 337 m2 255835 0.00863576401 0.5 p-1 -73772 185
649 338 m2 256381 -0.000675804622 0.5 p-1 -451770 146
988 340 m2 257061 -0.00119168742 0.5 p-1 -34418 5
47 341 m2 257966 1.19584297e-06 0.5 p-1 -766936 1192
1195 342 m2 258034 0.00288775726 0.5 p-1 -100245 1
389 344 m2 264294 -0.0814325809 0.5 p-1 -958667 611
978 347 m2 270181 -2.9345576e-05 0.5 p-1 -232034 6
49 348 m2 270485 -0.00135998253 0.5 p-1 -991935 679
430 349 m2 272800 -0.00510779815 0.5 p-1 -222333 9
431 350 m2 273420 -0.00356661738 0.5 p-1 -308635 438
784 351 m2 275698 -0.0590451062 0.5 p-1 -713376 108
50 353 m2 277106 -0.00125284179 0.5 p-1 -5014648 1195
779 354 m2 277532 -0.00515312888 0.5 p-1 -881333 15
287 355 m2 278553 -0.00316730118 0.5 p-1 -888333 99
1211 356 m2 278858 -0.0853965357 0.5 p-1 -77 1
1074 357 m2 279086 -0.00585209625 0.5 p-1 -6227 9
432 358 m2 279366 0.0038958448 0.5 p-1 -987244 684
1276 359 m2 280222 -0.00215206784 0.5 p-1 -8550 1
451 361 m2 280914 0.00122458884 0.5 p-1 -299048 91
51 365 m2 283382 -0.0260973834 0.5 p-1 -3367916 1882
771 366 m2 283456 -0.000892624026 0.5 p-1 -164872 88
1265 367 m2 284520 -0.000212285071 0.5 p-1 -53972 2
53 369 m2 284989 0.0046892385 0.5 p-1 -6018939 1567
1175 370 m2 285279 -0.000778679503 0.5 p-1 -490 1
964 371 m2 285647 -0.000194722888 0.5 p-1 -63890 29
542 372 m2 286158 -8.04801948e-06 0.5 p-1 -8673 10
838 373 m2 286413 -0.00144319213 0.5 p-1 -5842 12
212 375 m2 286805 6.93304319e-05 0.5 p-1 -4649971 1489
213 377 m2 287489 0.00189455529 0.5 p-1 -1580233 287
965 378 m2 288508 0.000904683373 0.5 p-1 -104864 45
288 379 m2 288634 -0.0264082141 0.5 p-1 -228229 108
1107 382 m2 291080 0.000257668056 0.5 p-1 -141534 23
1254 384 m2 291145 0.0141893448 0.5 p-1 -17478 6
1204 385 m2 291711 4.32794217e-10 0.5 p-1 -5636 4
340 386 m2 291739 -3.44219588e-05 0.5 p-1 -4014110 511
1232 387 m2 292067 0.00096882385 0.5 p-1 -6905 2
476 390 m2 292875 1.97438203e-05 0.5 p-1 -1564838 573
931 391 m2 293617 0.003444253 0.5 p-1 -627580 72
922 392 m2 294521 -0.000429713633 0.5 p-1 -22481 4
799 393 m2 294751 5.01095965e-05 0.5 p-1 -2649 27
1062 395 m2 296207 -0.00122819364 0.5 p-1 -2154003 44
1139 396 m2 297544 -0.0461971126 0.5 p-1 -230467 5
289 397 m2 297903 0.00983012095 0.5 p-1 -3439184 713
477 399 m2 299371 -0.0517858118 0.5 p-1 -389269 42
579 400 m2 300209 -0.00179014681 0.5 p-1 -1592168 211
1058 402 m2 301019 -8.39341665e-05 0.5 p-1 -116135 9
1045 403 m2 301544 0.0405879728 0.5 p-1 -7671 19
682 404 m2 301787 -4.14815759e-06 0.5 p-1 -110815 96
902 405 m2 302395 -0.0126919439 0.5 p-1 -233224 61
604 406 m2 303323 -0.0375603549 0.5 p-1 -1869364 189
1014 407 m2 303890 2.94671509e-07 0.5 p-1 -35871 8
650 408 m2 304037 -2.25711392e-05 0.5 p-1 -34968 60
923 411 m2 306623 -8.77820469e-07 0.5 p-1 -48268 4
966 412 m2 306897 7.80215196e-05 0.5 p-1 -503959 5
670 413 m2 307478 0.0219438486 0.5 p-1 -466124 43
290 414 m2 310868 -5.59364999e-08 0.5 p-1 -3756392 256
845 415 m2 311677 -0.0469074398 0.5 p-1 -46384 2
1148 416 m2 312985 0.00439583044 0.5 p-1 -4982 6
55 417 m2 313006 -4.47940838e-05 0.5 p-1 -5839351 1311
1189 419 m2 314150 -0.00200082362 0.5 p-1 -18350 5
595 421 m2 316605 -0.000443509081 0.5 p-1 -232916 252
342 422 m2 316684 -0.00111464167 0.5 p-1 -2846472 507
214 423 m2 318070 -3.77924522e-07 0.5 p-1 -97734 108
745 424 m2 319412 0.0144982236 0.5 p-1 -45425 35
56 425 m2 319560 -0.0375574566 0.5 p-1 -1457182 236
1151 428 m2 321202 0.000382910686 0.5 p-1 -39398 4
478 429 m2 321497 0.0196101889 0.5 p-1 -895304 219
780 430 m2 321761 -0.000280156237 0.5 p-1 -101551 60
216 431 m2 322996 0.0351907983 0.5 p-1 -2139870 879
217 432 m2 323205 0.00037052267 0.5 p-1 -6557062 1257
543 433 m2 323819 0.000465599238 0.5 p-1 -5009 10
291 435 m2 324289 -0.0177393965 0.5 p-1 -2308719 492
502 436 m2 324521 -0.00861073937 0.5 p-1 -73563 99
343 438 m2 324677 -0.0218886584 0.5 p-1 -2355531 519
219 439 m2 325964 -0.00199347176 0.5 p-1 -994258 408
858 441 m2 327975 -0.0027200256 0.5 p-1 -464553 7
57 443 m2 328538 0.0992717147 0.5 p-1 -1172729 1049
945 444 m2 330540 0.00139353587 0.5 p-1 -43039 6
292 446 m2 331769 0.0322453231 0.5 p-1 -1678088 643
293 448 m2 332608 -0.000724249345 0.5 p-1 -445148 347
452 449 m2 332724 3.06294351e-05 0.5 p-1 -82248 69
651 452 m2 335319 0.00319136865 0.5 p-1 -3697744 48
544 453 m2 336134 -8.48301934e-05 0.5 p-1 -4345121 105
1163 454 m2 338218 -9.36053038e-05 0.5 p-1 -18472 1
832 455 m2 339042 -9.96828135e-07 0.5 p-1 -86808 2
59 458 m2 340662 0.000532417092 0.5 p-1 -2518860 1165
60 459 m2 341799 -0.00564686861 0.5 p-1 -113736 173
221 460 m2 342424 9.26344228e-07 0.5 p-1 -3313116 1043
222 464 m2 345072 0.000301706459 0.5 p-1 -671520 212
61 465 m2 345216 -0.00190244103 0.5 p-1 -2501632 388
1260 468 m2 348802 -0.00691917166 0.5 p-1 -19709 2
223 469 m2 353548 -0.000511459599 0.5 p-1 -1818870 789
833 472 m2 355948 -0.00227821618 0.5 p-1 -63347 5
62 473 m2 357211 -6.27110858e-05 0.5 p-1 -2203170 744
1257 474 m2 357433 0.00166149379 0.5 p-1 -2241 3
1159 478 m2 361686 0.00124182412 0.5 p-1 -2263 1
752 480 m2 364380 0.000183806798 0.5 p-1 -55217 13
525 481 m2 364692 -0.0187360197 0.5 p-1 -2143349 60
63 482 m2 365029 -0.0115335947 0.5 p-1 -6107498 1903
643 483 m2 368295 2.10396283e-05 0.5 p-1 -336868 65
390 485 m2 369666 -0.0035476652 0.5 p-1 -260548 101
295 486 m2 369834 -0.0202362761 0.5 p-1 -425278 44
64 487 m2 371164 0.000190028921 0.5 p-1 -9744146 1497
609 488 m2 371382 -0.015385286 0.5 p-1 -122531 54
997 489 m2 372416 0.0169000551 0.5 p-1 -142708 8
225 490 m2 372904 -0.0453384779 0.5 p-1 -233346 55
1269 491 m2 373830 -0.0175755322 0.5 p-1 -28401 2
65 492 m2 374438 1.64414614e-05 0.5 p-1 -2268375 1438
1076 493 m2 375180 0.0116738891 0.5 p-1 -292826 15
791 494 m2 375908 0.0224346705 0.5 p-1 -38952 56
898 495 m2 376784 -0.0162640195 0.5 p-1 -6119 12
464 496 m2 378532 0.00231432379 0.5 p-1 -379565 35
226 497 m2 380240 1.34616648e-05 0.5 p-1 -53645 70
66 498 m2 380867 -0.00723008718 0.5 p-1 -5298518 616
479 501 m2 384882 -0.000337969948 0.5 p-1 -21606 65
1225 502 m2 385759 -0.000941856822 0.5 p-1 -1303 3
526 503 m2 386492 0.0048571662 0.5 p-1 -1001370 331
67 504 m2 387639 -0.0176237114 0.5 p-1 -1429500 651
873 506 m2 389065 0.0159844365 0.5 p-1 -19914 3
68 508 m2 389908 -8.1716953e-06 0.5 p-1 -2323766 576
1113 509 m2 391227 0.000217115725 0.5 p-1 -38980 11
1274 510 m2 391575 -8.77205579e-08 0.5 p-1 -709 1
846 514 m2 393088 -0.0502590239 0.5 p-1 -108081 81
1060 515 m2 393642 -0.0165687669 0.5 p-1 -86432 10
69 516 m2 395075 0.00351055921 0.5 p-1 -3597274 1684
70 517 m2 395724 -0.0024946467 0.5 p-1 -5188207 1287
952 518 m2 397438 -0.000741505413 0.5 p-1 -15123 7
481 520 m2 398586 -0.00495174248 0.5 p-1 -138562 69
839 521 m2 399040 -0.0192431659 0.5 p-1 -614332 111
434 522 m2 400940 0.108964063 0.5 p-1 -1545640 545
296 523 m2 402838 -2.34584877e-06 0.5 p-1 -991824 587
892 525 m2 403734 -0.0331572667 0.5 p-1 -109717 19
919 526 m2 405920 0.000156477021 0.5 p-1 -39068 43
818 528 m2 406895 0.0047299345 0.5 p-1 -54218 17
391 529 m2 408349 -0.00357159274 0.5 p-1 -846132 512
72 531 m2 409024 3.56603174e-08 0.5 p-1 -3200209 220
866 532 m2 409158 -0.0610737056 0.5 p-1 -7957 5
1244 534 m2 410385 0.00264342246 0.5 p-1 -758 7
806 535 m2 410628 0.0683552399 0.5 p-1 -88795 9
465 536 m2 415181 0.0135118794 0.5 p-1 -59474 18
73 538 m2 416363 -0.00360790337 0.5 p-1 -1275483 593
74 539 m2 416731 -0.0827911869 0.5 p-1 -195305 77
1149 540 m2 418957 -9.63794664e-05 0.5 p-1 -1526618 11
994 542 m2 420871 -0.00509200851 0.5 p-1 -81648 32
610 543 m2 420885 0.00523606921 0.5 p-1 -50409 30
344 545 m2 422085 -0.00514054112 0.5 p-1 -845707 221
345 546 m2 422186 -6.14933571e-09 0.5 p-1 -2990843 322
1191 547 m2 422849 8.61953504e-06 0.5 p-1 -557 1
346 548 m2 424943 -0.000114403447 0.5 p-1 -2332006 498
347 549 m2 426245 0.00047763277 0.5 p-1 -1382479 310
1169 550 m2 427734 -0.000719715841 0.5 p-1 -248682 5
227 551 m2 428859 1.07398423e-09 0.5 p-1 -1470607 1471
991 553 m2 431002 -0.0251249224 0.5 p-1 -8055 4
527 554 m2 431116 0.0124413222 0.5 p-1 -814503 82
867 555 m2 431360 0.00262056594 0.5 p-1 -125481 82
720 556 m2 432894 2.94042584e-05 0.5 p-1 -1544963 140
349 557 m2 434828 0.00843337644 0.5 p-1 -5554 40
229 558 m2 438010 0.0125026982 0.5 p-1 -40318 13
1022 559 m2 440103 0.0180219915 0.5 p-1 -2845877 28
746 560 m2 440581 -0.000858857937 0.5 p-1 -91841 38
824 561 m2 440763 -0.00422326289 0.5 p-1 -155965 50
940 562 m2 441741 0.00414891355 0.5 p-1 -1414 6
800 563 m2 444217 -2.02242404e-06 0.5 p-1 -18930 68
1040 564 m2 445040 0.00321879238 0.5 p-1 -241599 12
435 566 m2 447103 0.00650264276 0.5 p-1 -714045 50
874 568 m2 447742 0.000223938725 0.5 p-1 -258062 23
1142 569 m2 448365 0.000737047405 0.5 p-1 -6261 9
819 570 m2 449059 -0.000883235305 0.5 p-1 -212915 66
298 571 m2 449136 -5.18944171e-06 0.5 p-1 -5203212 1140
1104 573 m2 450420 0.0399770178 0.5 p-1 -257991 26
596 575 m2 452750 -0.0030886298 0.5 p-1 -63909 123
76 576 m2 453099 -0.0329112709 0.5 p-1 -31304 15
299 578 m2 454579 6.20306091e-05 0.5 p-1 -559111 300
545 579 m2 454996 -0.0743474364 0.5 p-1 -161118 122
350 580 m2 455095 0.000201082381 0.5 p-1 -1410485 1311
971 581 m2 455326 4.93703681e-07 0.5 p-1 -177493 27
1049 582 m2 455867 0.0126111796 0.5 p-1 -101082 4
758 583 m2 456453 -0.00534591824 0.5 p-1 -242520 121
1001 584 m2 457157 -0.0417151041 0.5 p-1 -323489 6
77 585 m2 457235 2.77555569e-06 0.5 p-1 -1293982 908
914 586 m2 457990 0.00129856053 0.5 p-1 -97520 29
772 588 m2 458641 0.0056816726 0.5 p-1 -346112 20
683 589 m2 459451 -0.00610129256 0.5 p-1 -80139 27
351 590 m2 460170 0.00683247345 0.5 p-1 -176003 105
967 592 m2 461364 0.00224395865 0.5 p-1 -11042 4
1134 593 m2 461546 -0.025301978 0.5 p-1 -200715 30
675 594 m2 463417 0.0473065376 0.5 p-1 -95892 99
632 595 m2 464018 0.000412827474 0.5 p-1 -357921 75
436 597 m2 464679 0.000250232057 0.5 p-1 -188498 127
437 600 m2 465472 9.09358641e-05 0.5 p-1 -8127530 1364
941 602 m2 466895 7.80545888e-05 0.5 p-1 -6269 6
834 604 m2 467999 0.0126710497 0.5 p-1 -325474 53
1217 605 m2 468845 -0.00457599107 0.5 p-1 -424487 3
79 607 m2 471428 0.0258881152 0.5 p-1 -6572758 1767
1087 609 m2 472864 0.000162357232 0.5 p-1 -24866 7
80 611 m2 474669 -0.00394110987 0.5 p-1 -3736754 1634
1007 612 m2 475506 -0.000537033193 0.5 p-1 -32843 28
753 613 m2 475888 -2.34669533e-05 0.5 p-1 -128490 55
754 614 m2 475962 -0.000122317375 0.5 p-1 -133915 55
81 615 m2 477915 -0.000806223135 0.5 p-1 -3103642 451
676 616 m2 478108 -0.0298468862 0.5 p-1 -377496 19
915 617 m2 479466 -0.00237339758 0.5 p-1 -176447 76
300 618 m2 479961 0.0094481213 0.5 p-1 -62178 42
910 619 m2 480125 0.0823927373 0.5 p-1 -4611031 33
721 620 m2 481089 2.97717702e-06 0.5 p-1 -1150327 88
785 623 m2 485034 -0.00467510149 0.5 p-1 -250645 39
84 625 m2 486318 0.000414770562 0.5 p-1 -1905105 618
301 626 m2 486366 0.00917593297 0.5 p-1 -13026381 1349
998 627 m2 486405 0.00219120015 0.5 p-1 -6491909 14
840 628 m2 486462 -0.00758627476 0.5 p-1 -187805 8
353 631 m2 489204 0.000309268944 0.5 p-1 -7721327 290
528 632 m2 489442 4.43680932e-08 0.5 p-1 -596921 218
985 633 m2 489920 0.00150878797 0.5 p-1 -18391 13
1133 634 m2 489984 0.00411919598 0.5 p-1 -88992 2
394 636 m2 493146 -8.05026048e-06 0.5 p-1 -284604 201
1253 637 m2 495060 0.0154757025 0.5 p-1 -93276 3
85 638 m2 495503 0.0015084449 0.5 p-1 -4124510 984
960 640 m2 496389 -0.0230706539 0.5 p-1 -74062 15
862 642 m2 496808 -1.48092058e-05 0.5 p-1 -73025 17
87 644 m2 498653 -0.000692087517 0.5 p-1 -1203680 120
89 645 m2 501818 -0.00670657773 0.5 p-1 -5461643 1970
90 647 m2 503162 0.00531777646 0.5 p-1 -3050489 1544
232 649 m2 506760 0.0018092352 0.5 p-1 -5553606 1634
1188 650 m2 509403 -0.00188770867 0.5 p-1 -2071 2
546 651 m2 509613 -0.000255374849 0.5 p-1 -878575 177
438 652 m2 510366 9.38390731e-05 0.5 p-1 -18123 56
684 653 m2 511313 -4.12831323e-05 0.5 p-1 -1048037 74
1212 655 m2 511833 -0.00581792789 0.5 p-1 -114 3
91 656 m2 512453 1.20388427e-06 0.5 p-1 -1529788 1804
503 657 m2 512497 6.37469711e-05 0.5 p-1 -9610 46
1190 659 m2 513728 0.000693877344 0.5 p-1 -53203 5
439 660 m2 513899 -9.68329186e-05 0.5 p-1 -3875605 933
440 661 m2 514209 -0.00210943166 0.5 p-1 -9357737 617
1036 662 m2 514478 -4.47306911e-06 0.5 p-1 -1675 25
303 663 m2 514835 0.00157796755 0.5 p-1 -444 6
354 664 m2 515962 -3.16041223e-05 0.5 p-1 -224470 185
1231 666 m2 517210 0.00184885005 0.5 p-1 -3252 1
92 668 m2 519262 -0.00698560989 0.5 p-1 -2704190 1855
773 669 m2 519879 -0.000244799274 0.5 p-1 -1239406 260
504 670 m2 520566 1.06030739e-05 0.5 p-1 -570870 138
505 671 m2 521006 -0.000187305792 0.5 p-1 -652481 126
506 673 m2 522483 -0.00155892514 0.5 p-1 -3494325 250
1226 674 m2 522932 -0.00222695572 0.5 p-1 -47899 2
939 676 m2 525960 -0.000613425218 0.5 p-1 -3817 5
355 678 m2 530519 -0.000149360305 0.5 p-1 -1990849 622
1015 680 m2 531735 -8.52991798e-05 0.5 p-1 -159643 23
94 681 m2 532606 -5.43889e-05 0.5 p-1 -1449205 794
95 682 m2 533059 -3.07088339e-06 0.5 p-1 -17304202 1353
304 684 m2 534763 -0.000351063238 0.5 p-1 -380547 77
624 685 m2 535471 -1.03516886e-05 0.5 p-1 -26060 20
305 686 m2 536249 0.0318637304 0.5 p-1 -803194 949
1118 687 m2 536308 -0.000223454088 0.5 p-1 -42007 6
397 688 m2 537427 0.00329734688 0.5 p-1 -2086398 570
852 689 m2 537663 0.0370495394 0.5 p-1 -89970 13
357 690 m2 537853 0.00229214132 0.5 p-1 -359253 182
597 691 m2 538001 0.0410322361 0.5 p-1 -1040203 554
96 692 m2 538201 -6.11293581e-05 0.5 p-1 -2117668 791
1047 693 m2 540204 7.41247675e-07 0.5 p-1 -20488 33
611 694 m2 540381 -0.0926539972 0.5 p-1 -114856 7
974 696 m2 543179 0.0935388803 0.5 p-1 -25992 2
97 697 m2 544570 1.87845885e-07 0.5 p-1 -3457762 821
1050 698 m2 545038 -0.000200402166 0.5 p-1 -594957 3
660 699 m2 546503 0.000625728571 0.5 p-1 -877 14
793 700 m2 546587 -2.99070307e-05 0.5 p-1 -90740 95
1208 701 m2 547583 0.002889239 0.5 p-1 -847 2
1155 702 m2 547936 -0.101740688 0.5 p-1 -8199 2
358 703 m2 547995 6.60955902e-06 0.5 p-1 -991276 339
700 704 m2 550171 -0.00422319537 0.5 p-1 -205012 40
598 705 m2 550243 -0.00182475417 0.5 p-1 -6992 3
1048 706 m2 551688 0.000909701106 0.5 p-1 -133885 7
98 707 m2 551848 -3.19091896e-07 0.5 p-1 -781757 121
1126 709 m2 554659 -0.00182391319 0.5 p-1 -7673 5
1017 710 m2 554772 3.98693082e-05 0.5 p-1 -21246 3
1117 711 m2 557075 -6.90648562e-07 0.5 p-1 -2584 2
612 713 m2 558331 -0.128776401 0.5 p-1 -776231 46
557 714 m2 560834 0.0229720473 0.5 p-1 -573261 406
1216 715 m2 561957 0.0143380221 0.5 p-1 -839 1
1119 716 m2 562307 -0.0105266245 0.5 p-1 -51435 21
569 717 m2 563937 0.000810917933 0.5 p-1 -156411 14
847 718 m2 564123 0.0776052475 0.5 p-1 -4859 7
1086 719 m2 565527 0.0153719559 0.5 p-1 -70381 18
1102 721 m2 567659 0.0226484407 0.5 p-1 -191326 5
547 722 m2 568667 0.0357670002 0.5 p-1 -608961 200
234 724 m2 571787 6.42525702e-05 0.5 p-1 -9537898 1500
1170 725 m2 571953 -2.00027116e-05 0.5 p-1 -18662 3
895 726 m2 571972 0.00802613515 0.5 p-1 -9427 6
942 729 m2 574524 -0.00380828558 0.5 p-1 -607400 20
691 731 m2 575091 -0.00337304315 0.5 p-1 -143968 37
765 732 m2 575609 -0.00346004125 0.5 p-1 -488411 27
103 733 m2 576000 -0.000888605253 0.5 p-1 -383613 155
486 734 m2 576241 -4.70285067e-06 0.5 p-1 -950611 123
946 735 m2 576274 0.00111406844 0.5 p-1 -252384 34
906 736 m2 576311 8.96646782e-07 0.5 p-1 -168154 55
786 737 m2 576483 0.000780209142 0.5 p-1 -39723 26
548 738 m2 577991 -0.000825614901 0.5 p-1 -1695288 465
813 739 m2 578082 4.34640533e-05 0.5 p-1 -214600 37
625 740 m2 578703 -0.00274254731 0.5 p-1 -112488 13
1153 741 m2 579241 -0.00151848118 0.5 p-1 -2939 3
729 743 m2 580752 -0.00373080745 0.5 p-1 -219168 29
235 744 m2 580925 -0.0207781233 0.5 p-1 -3982326 583
105 746 m2 581686 0.00016569093 0.5 p-1 -5927003 1763
487 747 m2 583995 0.00504828896 0.5 p-1 -2243930 378
507 748 m2 584545 -0.000733739755 0.5 p-1 -103863 134
1192 749 m2 585601 0.0028589284 0.5 p-1 -6714 11
698 751 m2 586079 0.0112728719 0.5 p-1 -56812 29
934 752 m2 587227 0.00921972562 0.5 p-1 -55986 7
766 753 m2 588159 -0.0153881218 0.5 p-1 -103819 62
106 754 m2 589083 0.0223097652 0.5 p-1 -1222143 568
581 756 m2 589576 0.000133959998 0.5 p-1 -506730 138
443 758 m2 590870 0.000746118953 0.5 p-1 -3437978 64
107 759 m2 591009 0.00024982242 0.5 p-1 -3097061 1717
1194 760 m2 591232 -0.00754490122 0.5 p-1 -2680 1
1099 761 m2 591708 -0.000475436711 0.5 p-1 -56586 19
634 762 m2 591735 -0.0221195184 0.5 p-1 -4999649 160
108 763 m2 591745 -0.0102359653 0.5 p-1 -3326319 1267
1004 765 m2 592192 -0.0175214019 0.5 p-1 -33642 12
1100 766 m2 592623 0.00955653191 0.5 p-1 -205055 21
558 769 m2 594862 -0.000662552775 0.5 p-1 -37595 34
755 770 m2 596049 -0.00357101555 0.5 p-1 -562486 29
398 771 m2 597169 0.00320547819 0.5 p-1 -1991717 1120
794 773 m2 599696 -0.00145009276 0.5 p-1 -89899 77
444 774 m2 600936 0.00537175452 0.5 p-1 -965085 478
110 775 m2 602143 0.000276935432 0.5 p-1 -3087083 1491
1032 776 m2 603473 -0.124013029 0.5 p-1 -25513 7
999 777 m2 603833 0.0168083496 0.5 p-1 -4658 11
111 778 m2 603873 -0.0134885181 0.5 p-1 -3012162 1870
112 780 m2 604817 -0.0508853756 0.5 p-1 -7402029 1262
961 781 m2 605886 -0.000458279479 0.5 p-1 -197862 34
627 784 m2 610764 0.00164667354 0.5 p-1 -86265 73
115 785 m2 610987 -0.000608222384 0.5 p-1 -6577342 1788
599 787 m2 613145 0.000735281385 0.5 p-1 -158817 65
116 788 m2 613173 0.00262549846 0.5 p-1 -4213962 1317
986 789 m2 613413 0.000575511483 0.5 p-1 -812813 6
1105 791 m2 614596 0.02351919 0.5 p-1 -40110 4
307 792 m2 615559 0.00128145388 0.5 p-1 -201848 81
885 793 m2 616195 -0.00595604721 0.5 p-1 -65384 45
853 794 m2 616606 0.0208793897 0.5 p-1 -101318 37
117 796 m2 620414 2.40605768e-05 0.5 p-1 -2283617 400
508 798 m2 622113 0.000169687148 0.5 p-1 -1660404 415
309 800 m2 624051 -0.000407586864 0.5 p-1 -2812470 462
767 801 m2 625332 0.00108080159 0.5 p-1 -1896369 106
661 802 m2 628058 -0.00436043087 0.5 p-1 -346736 82
876 805 m2 631367 5.26060139e-05 0.5 p-1 -263727 14
118 807 m2 632774 3.54202393e-06 0.5 p-1 -122606 73
736 809 m2 634569 0.000475261186 0.5 p-1 -997164 33
613 810 m2 634573 0.0321894139 0.5 p-1 -90093 121
1160 811 m2 635819 0.0347654 0.5 p-1 -75065 12
956 813 m2 638712 -0.00988137722 0.5 p-1 -253460 31
119 814 m2 638929 -0.000544203329 0.5 p-1 -4593400 1869
1132 815 m2 639814 -0.00494185882 0.5 p-1 -5097 12
570 817 m2 641087 -0.00129393593 0.5 p-1 -94977 52
953 819 m2 642305 -8.82828826e-05 0.5 p-1 -36557 21
399 820 m2 642497 -0.00172441441 0.5 p-1 -962371 272
236 821 m2 643626 -0.00250297645 0.5 p-1 -1521209 728
237 822 m2 644413 -0.00860616378 0.5 p-1 -2127466 1214
711 823 m2 645194 0.00106155965 0.5 p-1 -55083 142
1071 824 m2 646960 3.58781494e-06 0.5 p-1 -172739 7
1037 825 m2 647030 -0.0014214816 0.5 p-1 -289700 10
559 826 m2 647303 0.00143316831 0.5 p-1 -49934 39
238 828 m2 648119 0.000593579083 0.5 p-1 -1835779 292
360 831 m2 649715 -0.0262091849 0.5 p-1 -1145048 410
880 832 m2 649964 -6.68659704e-05 0.5 p-1 -1621350 36
841 833 m2 651091 -1.66725511e-06 0.5 p-1 -29144 13
120 835 m2 653573 -1.11702988e-07 0.5 p-1 -3877299 1819
881 836 m2 654154 -0.0045092213 0.5 p-1 -924879 36
856 838 m2 655718 -3.35166206e-08 0.5 p-1 -1153600 77
903 842 m2 656839 0.000277738087 0.5 p-1 -70543 9
361 844 m2 658261 -0.00393556012 0.5 p-1 -753833 631
400 845 m2 658812 -0.000157684495 0.5 p-1 -490856 672
239 846 m2 659048 0.0159526579 0.5 p-1 -4172969 909
549 848 m2 659459 -0.000116807663 0.5 p-1 -2329506 142
121 849 m2 659976 0.0266593713 0.5 p-1 -504265 320
924 851 m2 660529 -0.000285549235 0.5 p-1 -724434 50
122 852 m2 661402 -0.0147918826 0.5 p-1 -166567 29
123 853 m2 661694 -0.0499100201 0.5 p-1 -2221750 1773
124 854 m2 662040 -9.7204982e-05 0.5 p-1 -426427 381
560 855 m2 662113 -0.162196457 0.5 p-1 -1954619 410
561 856 m2 662204 0.00723164016 0.5 p-1 -3030645 410
126 858 m2 665097 0.0976517722 0.5 p-1 -4232200 341
1122 859 m2 665667 -0.00651350152 0.5 p-1 -4701 8
701 860 m2 666777 -0.0121470261 0.5 p-1 -146169 98
562 862 m2 667964 0.0234092586 0.5 p-1 -246556 57
614 863 m2 669430 3.05578185e-09 0.5 p-1 -782227 38
848 866 m2 671822 9.81309713e-05 0.5 p-1 -43890 33
311 868 m2 672242 0.00544784637 0.5 p-1 -4185207 595
1051 869 m2 672937 -0.00314952247 0.5 p-1 -910 2
582 870 m2 674094 0.00195136655 0.5 p-1 -1290621 441
469 871 m2 675035 -0.0649211928 0.5 p-1 -245834 419
787 872 m2 675540 0.0317465216 0.5 p-1 -2553175 158
654 873 m2 676187 -2.20780521e-06 0.5 p-1 -522673 181
1213 875 m2 679103 -2.07583671e-05 0.5 p-1 -19883 3
583 877 m2 680384 0.00323390728 0.5 p-1 -10548535 315
820 878 m2 680589 -0.00031127251 0.5 p-1 -2729716 47
488 879 m2 680982 -0.00834227633 0.5 p-1 -681076 149
1172 881 m2 682893 -0.0229066219 0.5 p-1 -59794 17
849 882 m2 683059 -0.0329268947 0.5 p-1 -63399 51
510 884 m2 683377 0.000528733886 0.5 p-1 -2550429 248
821 886 m2 684116 1.05659701e-05 0.5 p-1 -317995 13
615 887 m2 685482 -0.0115539031 0.5 p-1 -69540 44
747 889 m2 687403 0.0101605197 0.5 p-1 -1724262 47
489 890 m2 687470 0.00269475766 0.5 p-1 -115120 81
980 891 m2 688201 0.00491159549 0.5 p-1 -42276 32
312 893 m2 689803 0.0185355153 0.5 p-1 -2460970 1220
795 894 m2 690809 0.00643346971 0.5 p-1 -305294 88
129 896 m2 691554 -0.0385963209 0.5 p-1 -4437042 1106
511 898 m2 694810 0.00165023387 0.5 p-1 -79953 134
875 899 m2 696188 -0.000702873745 0.5 p-1 -82030 35
1106 900 m2 696980 9.08758739e-05 0.5 p-1 -24545 6
512 902 m2 698581 0.00500937831 0.5 p-1 -915618 515
241 903 m2 699185 -0.0317074843 0.5 p-1 -4516165 854
671 904 m2 699943 -0.011317621 0.5 p-1 -93898 119
242 905 m2 701905 -3.68445799e-05 0.5 p-1 -302778 83
313 906 m2 703810 -0.0241755303 0.5 p-1 -1449340 735
635 908 m2 707133 0.0231919829 0.5 p-1 -3226272 226
572 909 m2 707550 0.00052430277 0.5 p-1 -315074 173
470 910 m2 709970 -4.28171325e-06 0.5 p-1 -2819467 609
401 911 m2 710523 -5.42060661e-06 0.5 p-1 -1243145 714
662 914 m2 711066 0.00768746715 0.5 p-1 -118362 15
584 916 m2 711875 -0.0123382993 0.5 p-1 -5005178 83
1027 918 m2 712612 -0.00324563892 0.5 p-1 -21413 9
402 920 m2 714390 -0.00322442921 0.5 p-1 -203064 97
131 921 m2 714715 -0.00133719551 0.5 p-1 -1080845 507
1129 922 m2 715110 -0.0201259498 0.5 p-1 -22423 1
586 926 m2 716678 0.00900267251 0.5 p-1 -254391 227
243 930 m2 718246 0.000251956837 0.5 p-1 -996954 898
513 931 m2 719133 0.000621817482 0.5 p-1 -6311721 242
1020 934 m2 722683 0.0102126515 0.5 p-1 -8194 19
776 935 m2 724340 -0.000709174958 0.5 p-1 -24733 44
132 936 m2 725020 0.0204628203 0.5 p-1 -5723291 1128
471 937 m2 725203 3.91404283e-05 0.5 p-1 -987170 283
133 939 m2 728203 -0.00679054484 0.5 p-1 -480300 613
954 940 m2 731895 -0.00827334821 0.5 p-1 -136503 14
655 942 m2 732058 0.00112572545 0.5 p-1 -149540 39
453 943 m2 732108 0.0491390638 0.5 p-1 -264927 140
454 944 m2 732312 0.0089096548 0.5 p-1 -3510632 325
403 945 m2 732651 1.24769995e-05 0.5 p-1 -274485 245
314 946 m2 734582 5.76899424e-07 0.5 p-1 -3235979 1566
404 947 m2 734672 -0.0005077924 0.5 p-1 -229373 110
134 948 m2 735298 0.00474061398 0.5 p-1 -1709955 804
315 949 m2 736509 -5.92657102e-07 0.5 p-1 -11621476 847
135 950 m2 736719 -5.95661959e-06 0.5 p-1 -9554908 1385
1237 951 m2 736964 0.00094582286 0.5 p-1 -5356 1
316 952 m2 737491 8.69511439e-07 0.5 p-1 -342884 195
136 953 m2 737819 -8.97011705e-05 0.5 p-1 -8690350 1598
1028 954 m2 738194 -0.000840922177 0.5 p-1 -23404 10
969 955 m2 738439 -0.0104744146 0.5 p-1 -4592 4
137 956 m2 739485 0.0635418966 0.5 p-1 -3257223 699
601 957 m2 739523 5.09103302e-06 0.5 p-1 -1313058 238
756 961 m2 743777 -0.0117943455 0.5 p-1 -21603 21
1229 962 m2 744593 0.00110097229 0.5 p-1 -17572 3
1030 963 m2 747404 0.00337550417 0.5 p-1 -130713 19
1156 964 m2 747467 2.0460314e-07 0.5 p-1 -36267 14
1053 965 m2 750715 0.0195013732 0.5 p-1 -126576 48
1214 967 m2 751364 -0.00585152255 0.5 p-1 -6894 4
1054 968 m2 754190 0.0143644745 0.5 p-1 -33749 21
139 969 m2 754346 -4.52828908e-06 0.5 p-1 -3302584 1961
672 972 m2 755824 -0.0118412254 0.5 p-1 -5596 5
890 973 m2 756434 0.00130658527 0.5 p-1 -8879 9
677 974 m2 756480 -0.00610067742 0.5 p-1 -120549 116
140 975 m2 758193 0.0154623101 0.5 p-1 -3806202 951
702 976 m2 760080 0.0140121393 0.5 p-1 -1361277 299
141 977 m2 760881 0.0309521593 0.5 p-1 -1726508 1202
142 978 m2 761188 -0.000572265359 0.5 p-1 -2997967 1625
1143 979 m2 761769 0.000510296435 0.5 p-1 -61319 3
246 980 m2 762052 -0.00709525961 0.5 p-1 -2023732 1081
882 983 m2 763404 0.00558697991 0.5 p-1 -65685 30
143 984 m2 763875 0.0171284247 0.5 p-1 -1885390 1189
563 985 m2 764576 0.00115219306 0.5 p-1 -46132 35
871 986 m2 765934 -0.0253129359 0.5 p-1 -100180 58
1078 990 m2 769623 -0.00196578959 0.5 p-1 -61703 13
854 991 m2 770144 0.0067633288 0.5 p-1 -2546 13
364 992 m2 770434 -0.0224152822 0.5 p-1 -961936 343
472 993 m2 771519 -4.87099078e-06 0.5 p-1 -2404271 101
703 995 m2 774662 -3.37967176e-05 0.5 p-1 -431987 82
491 996 m2 776756 0.00597618287 0.5 p-1 -358911 193
318 997 m2 777112 -0.0167502183 0.5 p-1 -2323634 218
365 998 m2 778449 -0.00036156291 0.5 p-1 -9509018 880
247 999 m2 779319 -0.000138731601 0.5 p-1 -9605450 1552
1183 1000 m2 779518 0.0190106463 0.5 p-1 -3193 3
1055 1001 m2 779827 -0.000411996647 0.5 p-1 -19308 21
616 1004 m2 783874 -0.0250117984 0.5 p-1 -925652 139
1136 1005 m2 784948 0.000770957558 0.5 p-1 -942017 7
366 1008 m2 787863 -0.00213962886 0.5 p-1 -973787 431
367 1012 m2 792638 -7.47577578e-05 0.5 p-1 -1989863 803
406 1013 m2 794295 -0.0131567568 0.5 p-1 -1090453 353
987 1014 m2 795144 5.42221496e-05 0.5 p-1 -54992 15
144 1015 m2 795784 2.03644817e-07 0.5 p-1 -362096 305
407 1016 m2 797242 0.000466572033 0.5 p-1 -24637 71
722 1017 m2 798580 -6.17994301e-05 0.5 p-1 -712033 30
748 1018 m2 798870 0.0359503627 0.5 p-1 -90186 24
145 1019 m2 799645 0.00175193755 0.5 p-1 -10320709 1678
973 1020 m2 800010 -0.00740601216 0.5 p-1 -424352 9
1008 1021 m2 800105 0.0453331918 0.5 p-1 -13969 18
692 1022 m2 800161 -0.000822193339 0.5 p-1 -138659 34
1158 1025 m2 801798 -0.00495810201 0.5 p-1 -2878 3
761 1028 m2 805694 -0.00465891883 0.5 p-1 -20394 23
148 1029 m2 807139 -0.00412816834 0.5 p-1 -281090 370
575 1030 m2 807591 -1.73254033e-09 0.5 p-1 -647966 146
891 1031 m2 809220 -0.0141110187 0.5 p-1 -1337318 120
248 1033 m2 810235 0.0178184398 0.5 p-1 -1569288 336
149 1034 m2 811181 -0.000103706312 0.5 p-1 -4186237 1861
808 1035 m2 811241 0.00610716594 0.5 p-1 -20793 43
249 1036 m2 811251 0.0104874456 0.5 p-1 -316014 83
740 1038 m2 814591 -8.45050963e-05 0.5 p-1 -179614 176
869 1039 m2 817060 0.00670530787 0.5 p-1 -16985 22
409 1040 m2 818618 0.00416653138 0.5 p-1 -2423466 415
368 1041 m2 818985 0.0411936603 0.5 p-1 -188666 17
1131 1042 m2 820302 0.00167254778 0.5 p-1 -24465 2
514 1043 m2 821635 -8.85072677e-06 0.5 p-1 -1977885 544
150 1045 m2 822873 0.0123448409 0.5 p-1 -282462 432
410 1046 m2 823471 -0.00827601459 0.5 p-1 -714520 281
757 1048 m2 826211 0.000520722417 0.5 p-1 -99729 72
1056 1049 m2 827656 -0.00195930526 0.5 p-1 -56928 31
250 1050 m2 827666 -0.055250138 0.5 p-1 -116914 7
673 1051 m2 827987 -0.00825140718 0.5 p-1 -163023 102
153 1052 m2 829328 3.69541922e-05 0.5 p-1 -4945456 1569
251 1054 m2 833481 0.000527505937 0.5 p-1 -1617470 402
1057 1055 m2 833570 0.00145733159 0.5 p-1 -62047 13
369 1057 m2 835397 -0.00427524047 0.5 p-1 -873797 191
928 1058 m2 836005 0.000392618356 0.5 p-1 -36020 4
154 1059 m2 837480 0.0637241676 0.5 p-1 -212592 353
252 1060 m2 837774 -0.00263754488 0.5 p-1 -8099942 1681
663 1063 m2 841591 2.5526424e-06 0.5 p-1 -1678873 657
1075 1064 m2 841688 -3.26921108e-05 0.5 p-1 -121985 11
777 1066 m2 844027 -9.87622855e-08 0.5 p-1 -51911 27
605 1067 m2 844314 -1.27030844e-05 0.5 p-1 -637902 69
253 1069 m2 845561 -0.102100745 0.5 p-1 -2686257 1318
768 1072 m2 847603 -0.0189470351 0.5 p-1 -436796 25
1109 1073 m2 848855 -0.0058978009 0.5 p-1 -96015 3
370 1074 m2 849544 -0.00451793615 0.5 p-1 -114316 43
911 1076 m2 852772 -0.121465757 0.5 p-1 -65505 65
732 1077 m2 853235 3.8376573e-08 0.5 p-1 -445205 121
492 1082 m2 856115 4.68232003e-07 0.5 p-1 -1621873 750
371 1083 m2 856127 -0.00747034932 0.5 p-1 -126207 76
412 1084 m2 856411 -0.000464132288 0.5 p-1 -371072 72
372 1087 m2 857494 -0.00115971582 0.5 p-1 -1251649 576
551 1088 m2 857589 0.000495967339 0.5 p-1 -137588 80
158 1089 m2 857847 -0.0154434284 0.5 p-1 -551099 686
159 1090 m2 858554 0.000373192219 0.5 p-1 -1417270 631
1207 1091 m2 858885 0.0136537142 0.5 p-1 -13517 6
656 1092 m2 859051 0.000152808876 0.5 p-1 -343947 43
733 1093 m2 860867 0.00260030222 0.5 p-1 -222349 95
883 1094 m2 862118 -0.0109983562 0.5 p-1 -111166 51
1261 1096 m2 864018 0.0274680797 0.5 p-1 -19132 5
1181 1097 m2 864772 -0.00483511481 0.5 p-1 -8279 2
749 1099 m2 865032 -0.0070090862 0.5 p-1 -109373 40
933 1100 m2 865187 -0.0125019047 0.5 p-1 -259611 76
884 1103 m2 865697 -0.0439956151 0.5 p-1 -110587 17
1065 1104 m2 866864 0.0134511935 0.5 p-1 -292978 12
1168 1105 m2 867043 -0.000936365628 0.5 p-1 -601636 8
254 1106 m2 867502 -0.0187877044 0.5 p-1 -8797706 1200
693 1108 m2 868608 0.000711206638 0.5 p-1 -1092337 85
515 1111 m2 870703 -2.9320001e-05 0.5 p-1 -416991 246
1096 1112 m2 870895 4.16394723e-05 0.5 p-1 -1968 6
160 1114 m2 871731 -0.000556324318 0.5 p-1 -1807959 277
617 1115 m2 872420 -0.000129049848 0.5 p-1 -1034591 97
162 1119 m2 877983 0.00289431075 0.5 p-1 -4594054 1355
1041 1120 m2 878876 -0.00181020354 0.5 p-1 -7560 5
576 1121 m2 880732 -0.00620378042 0.5 p-1 -479090 23
164 1123 m2 882101 -0.0414994135 0.5 p-1 -4604253 1738
258 1124 m2 883794 0.00213251379 0.5 p-1 -601903 190
618 1126 m2 883910 -0.0330137871 0.5 p-1 -3621 4
826 1129 m2 884847 -4.02058106e-07 0.5 p-1 -532691 81
165 1131 m2 885672 0.00131410151 0.5 p-1 -5805177 1679
619 1132 m2 885676 -0.00384839927 0.5 p-1 -496100 62
587 1134 m2 888364 0.00778874615 0.5 p-1 -292373 442
620 1135 m2 888704 0.00158020551 0.5 p-1 -124379 35
259 1136 m2 889565 -0.00526838098 0.5 p-1 -3127027 508
260 1137 m2 889593 -0.000535117404 0.5 p-1 -5403880 508
899 1138 m2 890523 -0.0016083325 0.5 p-1 -1698 28
1165 1139 m2 891369 -0.000745098921 0.5 p-1 -3768 2
1180 1140 m2 893188 0.013964911 0.5 p-1 -10780 3
261 1142 m2 894079 0.000281583256 0.5 p-1 -242945 142
414 1147 m2 895573 -0.0511359759 0.5 p-1 -5223113 604
734 1148 m2 896155 -0.00132149912 0.5 p-1 -76852 11
167 1149 m2 896952 -0.0148534058 0.5 p-1 -11369762 807
686 1150 m2 897743 0.118245885 0.5 p-1 -30935 24
168 1152 m2 898144 -0.00234867167 0.5 p-1 -1107415 1431
474 1153 m2 899308 -0.0213941298 0.5 p-1 -3946738 271
373 1154 m2 899656 0.0190353505 0.5 p-1 -647136 55
169 1156 m2 900412 -0.000113118469 0.5 p-1 -5001949 1687
1010 1157 m2 901094 -0.00128639594 0.5 p-1 -4586 6
517 1160 m2 903878 0.00203586277 0.5 p-1 -1162686 139
321 1162 m2 904343 0.0287842862 0.5 p-1 -27508 18
416 1163 m2 904660 0.000200551498 0.5 p-1 -1279125 161
814 1164 m2 904793 -9.044326e-05 0.5 p-1 -407397 123
322 1165 m2 905516 -0.0272303838 0.5 p-1 -985174 831
417 1167 m2 906873 0.00429267669 0.5 p-1 -2271890 231
172 1168 m2 906990 -0.000834660546 0.5 p-1 -5551655 1999
836 1170 m2 907759 0.008054398 0.5 p-1 -2497600 161
262 1171 m2 912265 -0.00236042589 0.5 p-1 -3355476 948
173 1172 m2 915182 -0.0004506681 0.5 p-1 -2656371 215
809 1173 m2 916662 0.00278193364 0.5 p-1 -324 10
577 1174 m2 920465 1.30058459e-06 0.5 p-1 -56523 13
175 1175 m2 920678 0.0040527815 0.5 p-1 -10204892 1710
774 1179 m2 922666 -0.00473539578 0.5 p-1 -54509 14
176 1180 m2 923665 0.0032039776 0.5 p-1 -61180 110
900 1181 m2 926929 0.00271735899 0.5 p-1 -15836 46
963 1182 m2 927091 1.22682532e-05 0.5 p-1 -17145 9
552 1183 m2 927482 -0.000648558838 0.5 p-1 -1103 7
519 1184 m2 927540 -0.00263521471 0.5 p-1 -822699 184
1147 1186 m2 928608 0.000539314293 0.5 p-1 -52886 4
713 1187 m2 928652 0.00473414781 0.5 p-1 -1171574 9
553 1188 m2 930397 -7.64729435e-08 0.5 p-1 -1516662 596
494 1189 m2 930723 -5.68029172e-05 0.5 p-1 -411463 101
177 1191 m2 932420 -0.000311409734 0.5 p-1 -1057286 1818
984 1193 m2 936000 -0.00800475478 0.5 p-1 -24144 15
588 1194 m2 936511 0.004584854 0.5 p-1 -158419 18
178 1195 m2 936892 0.00187444512 0.5 p-1 -5265690 1864
265 1196 m2 937456 -0.0094748484 0.5 p-1 -3050348 378
179 1199 m2 939430 -0.00441604014 0.5 p-1 -7799391 1870
714 1200 m2 939463 -1.43160623e-05 0.5 p-1 -484737 223
1179 1201 m2 940210 0.00741894031 0.5 p-1 -47537 1
606 1203 m2 940950 -1.23869777e-05 0.5 p-1 -1630582 178
706 1204 m2 941023 0.0222764816 0.5 p-1 -734626 45
1009 1206 m2 944002 -4.78294896e-06 0.5 p-1 -16105 7
804 1207 m2 944930 0.0881534144 0.5 p-1 -124480 20
374 1208 m2 945217 0.0133115873 0.5 p-1 -4404312 1385
1077 1209 m2 945973 -5.03936717e-05 0.5 p-1 -10824 12
607 1211 m2 948049 -0.000563140842 0.5 p-1 -1696235 93
805 1212 m2 948689 -2.64505502e-06 0.5 p-1 -24784 20
827 1213 m2 948930 -0.00439547421 0.5 p-1 -712397 53
678 1214 m2 949401 -0.000206463214 0.5 p-1 -105061 166
1177 1215 m2 949911 -0.00523309689 0.5 p-1 -65243 4
863 1217 m2 954120 -3.62243845e-05 0.5 p-1 -8628 21
567 1218 m2 956112 0.00127015961 0.5 p-1 -2947480 197
445 1221 m2 957532 0.0140102385 0.5 p-1 -268485 120
267 1222 m2 957928 0.0223152284 0.5 p-1 -1738398 403
1098 1224 m2 959820 -0.0195880979 0.5 p-1 -434261 2
778 1225 m2 959952 -0.0046764696 0.5 p-1 -108939 51
1234 1226 m2 960385 -0.00726023316 0.5 p-1 -30886 2
268 1227 m2 960583 -3.70896558e-08 0.5 p-1 -107812 33
324 1228 m2 961193 -0.00253416644 0.5 p-1 -6789515 1176
181 1229 m2 961421 0.00981976744 0.5 p-1 -221741 154
929 1230 m2 963434 -0.000219968744 0.5 p-1 -43949 9
419 1232 m2 965888 -3.73808319e-07 0.5 p-1 -881871 498
182 1233 m2 967203 -0.000600843923 0.5 p-1 -5465702 1577
715 1234 m2 968211 0.0279167797 0.5 p-1 -1554788 136
769 1235 m2 969068 0.000994597794 0.5 p-1 -375655 30
375 1237 m2 970059 -0.00367971719 0.5 p-1 -1016273 320
184 1239 m2 970273 -0.0201375615 0.5 p-1 -5992232 1958
326 1240 m2 972344 0.00483078742 0.5 p-1 -1828846 1136
636 1242 m2 974081 -0.000611674681 0.5 p-1 -510068 85
602 1243 m2 974646 0.000974895374 0.5 p-1 -166045 288
872 1244 m2 974967 -0.0203062538 0.5 p-1 -12132 7
327 1245 m2 975238 -3.1949449e-07 0.5 p-1 -108423 5
420 1246 m2 976773 -0.000622255146 0.5 p-1 -2608210 671
628 1247 m2 978267 -0.00703371922 0.5 p-1 -704751 190
797 1249 m2 981014 -1.46553175e-05 0.5 p-1 -181337 68
949 1250 m2 981195 -0.00139460212 0.5 p-1 -505670 40
1270 1251 m2 983349 0.01186118 0.5 p-1 -823 2
1080 1252 m2 984945 -0.013651384 0.5 p-1 -4403 4
446 1253 m2 985305 0.0165013559 0.5 p-1 -82246 29
269 1254 m2 987550 0.000248800527 0.5 p-1 -687498 901
801 1255 m2 987558 0.00468428619 0.5 p-1 -158836 45
534 1256 m2 987800 0.00514159864 0.5 p-1 -4986053 231
723 1257 m2 988391 0.000356874109 0.5 p-1 -133699 32
1209 1258 m2 988927 -0.000226367556 0.5 p-1 -20322 3
762 1259 m2 989289 -4.18396802e-08 0.5 p-1 -330936 52
271 1260 m2 989916 -0.0128645794 0.5 p-1 -2363935 1393
976 1261 m2 990368 -3.17126342e-06 0.5 p-1 -268324 21
272 1262 m2 991363 -0.000467292615 0.5 p-1 -1348264 549
189 1263 m2 992642 0.0049263672 0.5 p-1 -1291234 1582
1120 1266 m2 995848 -0.033797361 0.5 p-1 -227338 6
1157 1271 m2 334131 -0.00246984791 0.5 p0 2 2
1123 1273 m2 21609 -0.0180128906 0.5 p0 2 4
1166 1277 m2 917374 0.0100234598 0.5 p0 2 2
859 1279 m2 444368 0.0251915008 0.5 p0 2 1
1016 1285 m2 479484 -0.000160587006 0.5 p0 2 2
1018 1286 m2 594634 0.0307848696 0.5 p0 2 3
868 1287 m2 770532 0.000113879934 0.5 p0 2 7
1193 1291 m2 878280 0.00691658352 0.5 p0 2 7
1081 1295 m2 324105 -0.0412296839 0.5 p0 2 10
554 1300 m2 245771 0.00231625629 0.5 p0 2 3
1085 1305 m2 977312 5.83770365e-10 0.5 p0 2 4
975 1309 m2 530940 -0.00645905593 0.5 p0 2 6
1238 1311 m2 908659 0.0325710364 0.5 p0 2 1
1264 1316 m2 190371 -6.29224087e-05 0.5 p0 2 2
783 1319 m2 149298 4.23656523e-08 0.5 p0 2 26
1273 1328 m2 724988 -0.00735651189 0.5 p0 2 1
1278 1329 m2 214218 0.0558906011 0.5 p0 2 1
1089 1330 m2 635359 6.49035883e-06 0.5 p0 2 8
1090 1331 m2 773056 6.56129851e-05 0.5 p0 2 15
1271 1336 m2 114240 -4.7674901e-05 0.5 p0 2 1
1130 1342 m2 186326 -0.00278389361 0.5 p0 2 6
1184 1343 m2 117651 -0.0283749346 0.5 p0 2 1
1219 1351 m2 991019 0.0017400654 0.5 p0 2 2
886 1353 m2 642684 0.0340556838 0.5 p0 2 18
912 1357 m2 856096 0.000262207905 0.5 p0 2 11
1103 1358 m2 195018 0.00636433205 0.5 p0 2 3
642 1359 m2 362973 0.00210977369 0.5 p0 2 7
1245 1360 m2 875320 0.0403547175 0.5 p0 2 3
1249 1375 m2 590959 -0.0164130256 0.5 p0 2 2
1198 1395 m2 235379 0.00824222341 0.5 p0 2 7
1068 1397 m2 88711 0.03483399 0.5 p0 2 6
1239 1409 m2 114166 -0.0229281858 0.5 p0 2 1
1178 1424 m2 173215 -0.000701843412 0.5 p0 2 1
1186 1426 m2 565980 -1.42453374e-07 0.5 p0 2 1
970 1432 m2 879152 -9.51725667e-08 0.5 p0 2 1
1124 1434 m2 657798 0.00123693456 0.5 p0 2 11
1146 1439 m2 506089 0.00314016757 0.5 p0 2 1
1144 1446 m2 902682 -1.3562908e-06 0.5 p0 2 2
1247 1447 m2 19888 -0.00432084408 0.5 p0 2 2
815 1449 m2 260792 0.000111616704 0.5 p0 2 11
1101 1454 m2 595706 -0.0173187107 0.5 p0 2 3
1236 1456 m2 217627 2.50069315e-05 0.5 p0 2 1
1262 1463 m2 634587 -0.0332208611 0.5 p0 2 4
1230 1466 m2 414703 0.0118625006 0.5 p0 2 4
1221 1470 m2 155709 0.0152357351 0.5 p0 2 4
1275 1471 m2 934911 -0.00122562866 0.5 p0 2 1
668 1472 m2 188376 -1.80925064e-09 0.5 p0 2 4
1112 1475 m2 231529 0.00116855558 0.5 p0 2 8
936 1477 m2 395483 -3.91818066e-05 0.5 p0 2 3
938 1483 m2 309111 0.000276491395 0.5 p0 2 9
1258 1498 m2 660270 -3.47533103e-07 0.5 p0 2 1
1196 1503 m2 774963 0.00918301847 0.5 p0 2 2
977 1513 m2 84251 4.53791881e-06 0.5 p0 2 3
1223 1516 m2 624390 0.00155135791 0.5 p0 2 1
1059 1524 m2 637122 0.000360647478 0.5 p0 2 3
1233 1526 m2 869352 0.00168023712 0.5 p0 2 2
1252 1528 m2 839656 0.00626391452 0.5 p0 2 1
1243 1533 m2 13091 0.0047781365 0.5 p0 2 5
1164 1551 m2 126707 -0.0122450059 0.5 p0 2 6
1064 1557 m2 458446 -0.00223409967 0.5 p0 2 1
1116 1560 m2 134300 -0.047710266 0.5 p0 2 1
1035 1563 m2 620188 0.00140305771 0.5 p0 2 6
1135 1564 m2 593776 0.0043418631 0.5 p0 2 8
959 1565 m2 122541 2.178758e-06 0.5 p0 2 11
926 1569 m2 971927 0.00151400024 0.5 p0 2 6
1279 1577 m2 463093 0.00354858767 0.5 p0 2 1
1161 1584 m2 646623 -0.00128555729 0.5 p0 2 4
1154 1585 m2 332378 -0.0388412699 0.5 p0 2 2
1029 1589 m2 98531 0.000476791407 0.5 p0 2 1
1220 1595 m2 397912 0.0129488548 0.5 p0 2 6
1259 1596 m2 283736 -0.00321555417 0.5 p0 2 1
0 1605 m1 1484 -0 0.5 p-1 -2890508 1519
190 1607 m1 6636 0 0.5 p-1 -690867 662
1110 1608 m1 10178 0 0.5 p-1 -5524 1
629 1609 m1 14894 0 0.5 p-1 -53247 118
750 1610 m1 18323 -0 0.5 p-1 -420690 28
193 1614 m1 22463 0 0.5 p-1 -3008030 571
195 1615 m1 25005 0 0.5 p-1 -6109246 1300
196 1616 m1 25175 -0 0.5 p-1 -9488449 1386
811 1617 m1 26365 -0 0.5 p-1 -52872 81
2 1618 m1 26833 0 0.5 p-1 -6963637 1111
3 1620 m1 27460 -0 0.5 p-1 -1974517 1146
828 1621 m1 27853 -0 0.5 p-1 -82087 3
535 1623 m1 32543 -0 0.5 p-1 -248362 200
6 1624 m1 35607 -0 0.5 p-1 -2811382 1396
751 1627 m1 40622 -0 0.5 p-1 -276964 77
1266 1629 m1 47980 -0 0.5 p-1 -408 2
198 1630 m1 48136 0 0.5 p-1 -935120 303
578 1631 m1 50538 -0 0.5 p-1 -9151 14
763 1634 m1 58768 -0 0.5 p-1 -191367 122
13 1635 m1 63168 0 0.5 p-1 -9446103 1567
14 1636 m1 65220 0 0.5 p-1 -3662219 1537
1044 1638 m1 73642 0 0.5 p-1 -1164 5
18 1639 m1 74526 0 0.5 p-1 -7931085 1750
907 1642 m1 82456 -0 0.5 p-1 -920292 8
1000 1643 m1 85863 0 0.5 p-1 -353130 15
498 1645 m1 93064 -0 0.5 p-1 -1885448 265
1005 1646 m1 95535 0 0.5 p-1 -149722 44
277 1649 m1 99232 -0 0.5 p-1 -94249 81
26 1650 m1 101332 0 0.5 p-1 -2321579 167
630 1656 m1 117326 0 0.5 p-1 -485639 58
32 1657 m1 121929 0 0.5 p-1 -916652 472
716 1658 m1 122321 -0 0.5 p-1 -1631878 68
1073 1659 m1 122725 0 0.5 p-1 -59669 6
202 1660 m1 123750 -0 0.5 p-1 -986178 924
887 1661 m1 129677 -0 0.5 p-1 -24438 28
337 1668 m1 144800 0 0.5 p-1 -1115122 625
38 1669 m1 145130 -0 0.5 p-1 -451798 579
426 1673 m1 161338 -0 0.5 p-1 -576144 388
1185 1674 m1 167717 -0 0.5 p-1 -9552 1
385 1675 m1 170407 0 0.5 p-1 -10585417 318
844 1676 m1 170500 -0 0.5 p-1 -102274 95
680 1679 m1 176031 0 0.5 p-1 -1015985 70
708 1680 m1 178071 0 0.5 p-1 -64568 15
1215 1681 m1 178377 0 0.5 p-1 -18254 1
947 1683 m1 182456 -0 0.5 p-1 -42586 6
427 1684 m1 183547 0 0.5 p-1 -629821 131
387 1685 m1 187004 0 0.5 p-1 -461821 341
428 1687 m1 199838 -0 0.5 p-1 -8609487 503
205 1688 m1 200775 0 0.5 p-1 -339937 846
696 1689 m1 201079 0 0.5 p-1 -452045 88
1202 1691 m1 202628 0 0.5 p-1 -740 6
640 1692 m1 203028 -0 0.5 p-1 -2661 20
206 1694 m1 205479 -0 0.5 p-1 -409117 275
913 1696 m1 209568 -0 0.5 p-1 -457138 30
659 1697 m1 212566 -0 0.5 p-1 -127088 65
1224 1699 m1 213340 -0 0.5 p-1 -5320 3
388 1701 m1 214609 0 0.5 p-1 -4315858 156
989 1702 m1 215122 0 0.5 p-1 -301510 28
283 1703 m1 215826 0 0.5 p-1 -380292 322
592 1704 m1 219210 0 0.5 p-1 -69889 11
764 1705 m1 221460 -0 0.5 p-1 -110605 35
462 1706 m1 224328 0 0.5 p-1 -50156 23
918 1709 m1 236600 0 0.5 p-1 -29933 19
1039 1710 m1 238966 -0 0.5 p-1 -155465 4
955 1711 m1 239293 0 0.5 p-1 -213567 22
1006 1712 m1 239499 -0 0.5 p-1 -52399 32
1125 1713 m1 241644 0 0.5 p-1 -856 3
648 1716 m1 248989 -0 0.5 p-1 -246685 55
1268 1718 m1 252684 -0 0.5 p-1 -92838 2
1141 1720 m1 255539 -0 0.5 p-1 -5297 17
897 1721 m1 256333 -0 0.5 p-1 -18007 11
669 1723 m1 257794 0 0.5 p-1 -191354 110
48 1724 m1 265115 0 0.5 p-1 -1447220 833
285 1726 m1 269656 0 0.5 p-1 -64834 75
1251 1727 m1 271735 0 0.5 p-1 -12604 2
996 1728 m1 272469 -0 0.5 p-1 -5968 8
286 1729 m1 274163 0 0.5 p-1 -470310 455
450 1730 m1 275036 0 0.5 p-1 -323858 73
52 1733 m1 284512 -0 0.5 p-1 -4686606 1354
210 1734 m1 285514 0 0.5 p-1 -1757531 1679
211 1735 m1 286738 -0 0.5 p-1 -2731019 1080
341 1736 m1 292478 0 0.5 p-1 -3742571 842
54 1738 m1 296555 -0 0.5 p-1 -6779410 1674
831 1739 m1 297692 -0 0.5 p-1 -627558 3
555 1742 m1 299148 0 0.5 p-1 -14057 5
433 1743 m1 300303 0 0.5 p-1 -74124 61
594 1744 m1 301615 -0 0.5 p-1 -210969 174
501 1746 m1 307862 -0 0.5 p-1 -102021 94
215 1749 m1 322114 -0 0.5 p-1 -2001702 1026
816 1750 m1 324604 0 0.5 p-1 -186589 21
218 1751 m1 325473 -0 0.5 p-1 -1090415 882
220 1752 m1 327623 -0 0.5 p-1 -12294115 1795
888 1755 m1 329675 -0 0.5 p-1 -10788 27
690 1756 m1 329769 -0 0.5 p-1 -1400100 15
58 1758 m1 337131 0 0.5 p-1 -4275323 1683
463 1759 m1 345396 0 0.5 p-1 -1327027 336
817 1760 m1 347973 -0 0.5 p-1 -263858 92
894 1761 m1 348220 0 0.5 p-1 -1606 4
1152 1762 m1 349900 0 0.5 p-1 -3033 6
224 1764 m1 354784 -0 0.5 p-1 -2769873 883
728 1766 m1 362133 -0 0.5 p-1 -5042123 162
294 1767 m1 362562 0 0.5 p-1 -98052 49
823 1769 m1 368911 0 0.5 p-1 -17308 8
992 1770 m1 370857 0 0.5 p-1 -530314 2
1063 1775 m1 378806 -0 0.5 p-1 -88450 13
932 1778 m1 385410 0 0.5 p-1 -354858 37
697 1779 m1 388477 0 0.5 p-1 -162668 12
480 1780 m1 392073 -0 0.5 p-1 -275216 222
71 1782 m1 405431 -0 0.5 p-1 -11436479 1296
1079 1783 m1 407059 0 0.5 p-1 -2639 1
1046 1784 m1 407383 0 0.5 p-1 -7191 7
392 1785 m1 408472 0 0.5 p-1 -5973361 583
909 1786 m1 412075 0 0.5 p-1 -130285 21
393 1787 m1 412826 0 0.5 p-1 -168446 156
1094 1788 m1 414401 -0 0.5 p-1 -1274 3
993 1789 m1 420468 0 0.5 p-1 -74391 32
466 1790 m1 420789 0 0.5 p-1 -104646 98
348 1793 m1 428124 -0 0.5 p-1 -1395514 270
297 1794 m1 431371 -0 0.5 p-1 -10069500 895
861 1795 m1 435324 0 0.5 p-1 -11537 12
228 1797 m1 436998 -0 0.5 p-1 -953073 321
75 1798 m1 447510 0 0.5 p-1 -7833026 1655
825 1801 m1 450831 0 0.5 p-1 -11309 24
652 1802 m1 458089 0 0.5 p-1 -345913 58
78 1803 m1 458226 0 0.5 p-1 -3001098 1339
556 1804 m1 462452 -0 0.5 p-1 -2697203 384
792 1806 m1 466367 0 0.5 p-1 -8334 3
759 1807 m1 467953 0 0.5 p-1 -3221207 126
937 1809 m1 469962 -0 0.5 p-1 -40306 10
1176 1810 m1 471017 -0 0.5 p-1 -118309 4
633 1811 m1 474607 -0 0.5 p-1 -18317 26
230 1812 m1 476795 -0 0.5 p-1 -1635505 1703
82 1813 m1 478989 -0 0.5 p-1 -2959721 1736
352 1814 m1 480311 -0 0.5 p-1 -4812508 1247
231 1815 m1 480725 -0 0.5 p-1 -4967645 73
482 1817 m1 482535 -0 0.5 p-1 -504293 98
83 1818 m1 484988 -0 0.5 p-1 -3045207 1166
1277 1819 m1 485158 -0 0.5 p-1 -46961 1
483 1821 m1 490141 0 0.5 p-1 -1542951 564
484 1822 m1 491453 0 0.5 p-1 -402433 490
485 1823 m1 492435 0 0.5 p-1 -4893724 156
860 1824 m1 493788 -0 0.5 p-1 -440295 1
86 1825 m1 497449 -0 0.5 p-1 -6201758 1865
88 1828 m1 501531 0 0.5 p-1 -4932942 1970
653 1829 m1 504193 -0 0.5 p-1 -588650 80
1034 1830 m1 507667 0 0.5 p-1 -3700543 25
302 1832 m1 514416 -0 0.5 p-1 -141143 232
395 1835 m1 518074 -0 0.5 p-1 -1635362 266
93 1837 m1 521917 -0 0.5 p-1 -4642171 1054
396 1841 m1 532100 0 0.5 p-1 -2541188 457
356 1842 m1 532336 0 0.5 p-1 -470566 246
644 1843 m1 533631 -0 0.5 p-1 -8065393 60
441 1845 m1 540530 -0 0.5 p-1 -1077764 523
442 1846 m1 540619 -0 0.5 p-1 -990478 296
306 1848 m1 541388 0 0.5 p-1 -1797644 456
1127 1851 m1 548672 0 0.5 p-1 -14626 6
709 1852 m1 549460 0 0.5 p-1 -44225 5
1167 1853 m1 553646 -0 0.5 p-1 -56387 8
99 1854 m1 553808 -0 0.5 p-1 -1722315 263
979 1855 m1 557308 0 0.5 p-1 -1600 8
233 1856 m1 559817 0 0.5 p-1 -2221483 1162
100 1857 m1 562040 0 0.5 p-1 -7352846 1067
580 1858 m1 562889 -0 0.5 p-1 -329660 212
101 1859 m1 570505 0 0.5 p-1 -484951 494
102 1862 m1 575689 -0 0.5 p-1 -3774186 1465
104 1863 m1 578558 0 0.5 p-1 -1789897 1668
529 1864 m1 580172 0 0.5 p-1 -2837687 174
710 1865 m1 580513 -0 0.5 p-1 -17158 4
1002 1866 m1 586658 0 0.5 p-1 -62339 35
968 1867 m1 587655 -0 0.5 p-1 -3071557 58
879 1868 m1 588474 0 0.5 p-1 -1174656 43
109 1870 m1 591935 -0 0.5 p-1 -12884303 1915
1031 1871 m1 596499 -0 0.5 p-1 -549971 7
626 1872 m1 596914 0 0.5 p-1 -342363 60
1083 1873 m1 597451 -0 0.5 p-1 -219277 12
113 1875 m1 604906 -0 0.5 p-1 -2298351 510
114 1878 m1 608571 -0 0.5 p-1 -542827 179
962 1879 m1 611759 0 0.5 p-1 -863 3
948 1880 m1 614032 0 0.5 p-1 -12361 5
467 1881 m1 616441 -0 0.5 p-1 -550766 84
308 1882 m1 619352 0 0.5 p-1 -1769676 122
1084 1886 m1 620631 -0 0.5 p-1 -26273 4
1199 1887 m1 622382 0 0.5 p-1 -3369 6
1128 1888 m1 622712 -0 0.5 p-1 -233281 3
600 1890 m1 631560 -0 0.5 p-1 -1142257 67
730 1892 m1 631903 0 0.5 p-1 -80827 158
1011 1893 m1 639923 0 0.5 p-1 -98707 20
359 1894 m1 646778 -0 0.5 p-1 -873259 335
807 1896 m1 649495 0 0.5 p-1 -224827 54
737 1897 m1 652026 -0 0.5 p-1 -256635 53
310 1898 m1 652934 -0 0.5 p-1 -132344 114
1171 1900 m1 660163 -0 0.5 p-1 -31709 1
738 1902 m1 661790 -0 0.5 p-1 -277341 24
983 1903 m1 663645 -0 0.5 p-1 -39984 3
125 1904 m1 665085 -0 0.5 p-1 -1598231 341
127 1905 m1 673176 0 0.5 p-1 -8016669 1347
468 1907 m1 674681 -0 0.5 p-1 -2581927 542
1115 1908 m1 677273 -0 0.5 p-1 -17647 1
362 1910 m1 677712 0 0.5 p-1 -611812 644
240 1911 m1 677757 0 0.5 p-1 -4170143 1358
509 1912 m1 679588 -0 0.5 p-1 -932609 472
128 1913 m1 680618 0 0.5 p-1 -10022972 1522
1033 1914 m1 682959 -0 0.5 p-1 -7632 11
916 1915 m1 687209 -0 0.5 p-1 -148332 28
571 1916 m1 697441 0 0.5 p-1 -179972 27
130 1917 m1 704876 0 0.5 p-1 -1028538 851
363 1918 m1 705545 0 0.5 p-1 -77759 90
717 1921 m1 708173 0 0.5 p-1 -50805 87
1061 1922 m1 713491 0 0.5 p-1 -1779 4
585 1924 m1 716357 0 0.5 p-1 -100622 220
995 1925 m1 717231 0 0.5 p-1 -27642 24
573 1926 m1 718226 0 0.5 p-1 -1261179 132
1206 1928 m1 725827 0 0.5 p-1 -97805 9
1043 1929 m1 729209 0 0.5 p-1 -164502 3
739 1931 m1 732665 -0 0.5 p-1 -2345974 92
943 1933 m1 733857 -0 0.5 p-1 -22042 6
1092 1935 m1 736865 0 0.5 p-1 -89814 9
405 1937 m1 738990 0 0.5 p-1 -1130083 302
244 1938 m1 739577 0 0.5 p-1 -1893468 532
455 1939 m1 744428 0 0.5 p-1 -7564032 212
456 1940 m1 745513 0 0.5 p-1 -720411 380
1097 1941 m1 745892 -0 0.5 p-1 -18292 29
138 1943 m1 749180 -0 0.5 p-1 -1762241 463
822 1944 m1 750881 0 0.5 p-1 -60414 25
835 1945 m1 751075 -0 0.5 p-1 -120437 32
245 1946 m1 753030 -0 0.5 p-1 -2634427 681
760 1947 m1 754463 -0 0.5 p-1 -54235 39
574 1949 m1 761503 0 0.5 p-1 -274472 50
1187 1950 m1 762865 0 0.5 p-1 -37625 2
457 1951 m1 766446 -0 0.5 p-1 -93620 40
490 1952 m1 768173 0 0.5 p-1 -2977220 639
685 1953 m1 770363 0 0.5 p-1 -4317945 139
896 1954 m1 771286 -0 0.5 p-1 -319598 62
317 1955 m1 774448 -0 0.5 p-1 -1453991 424
473 1958 m1 786023 -0 0.5 p-1 -701952 205
1145 1960 m1 791913 0 0.5 p-1 -85792 2
146 1961 m1 799962 -0 0.5 p-1 -315127 214
981 1964 m1 802452 -0 0.5 p-1 -19608 25
1248 1965 m1 803192 0 0.5 p-1 -9593 6
530 1966 m1 803292 -0 0.5 p-1 -473713 220
147 1968 m1 804992 -0 0.5 p-1 -1028092 384
704 1971 m1 812158 0 0.5 p-1 -28658 21
531 1972 m1 812502 -0 0.5 p-1 -2461 24
731 1974 m1 814162 0 0.5 p-1 -18962 4
408 1975 m1 814305 -0 0.5 p-1 -224982 191
705 1977 m1 817257 0 0.5 p-1 -145758 62
151 1981 m1 826078 0 0.5 p-1 -2718832 1563
152 1982 m1 828711 -0 0.5 p-1 -4415521 1290
718 1983 m1 829705 0 0.5 p-1 -135853 75
411 1985 m1 830259 0 0.5 p-1 -1150 6
319 1986 m1 832357 0 0.5 p-1 -224418 498
564 1990 m1 838730 -0 0.5 p-1 -316531 82
565 1991 m1 841020 -0 0.5 p-1 -4177592 320
550 1993 m1 843189 0 0.5 p-1 -8061044 573
320 1994 m1 844065 -0 0.5 p-1 -1949803 279
155 1995 m1 846733 0 0.5 p-1 -4041262 1750
796 1996 m1 852549 -0 0.5 p-1 -320133 142
156 1997 m1 855292 -0 0.5 p-1 -2370745 1383
157 1998 m1 857232 0 0.5 p-1 -1865802 1490
413 2000 m1 861597 0 0.5 p-1 -2232361 354
532 2001 m1 862976 -0 0.5 p-1 -727385 416
982 2002 m1 867971 -0 0.5 p-1 -312968 16
1066 2003 m1 869663 -0 0.5 p-1 -253742 10
1281 2004 m1 870637 0 0.5 p-1 -11590 1
255 2005 m1 871877 -0 0.5 p-1 -1423987 109
256 2007 m1 877686 -0 0.5 p-1 -231424 221
161 2008 m1 877803 -0 0.5 p-1 -3999196 1359
163 2009 m1 879738 0 0.5 p-1 -3637250 1839
257 2012 m1 883331 0 0.5 p-1 -1601101 276
166 2014 m1 888881 -0 0.5 p-1 -3694910 630
925 2016 m1 892616 0 0.5 p-1 -27553 7
1174 2017 m1 896107 0 0.5 p-1 -140356 4
712 2018 m1 899803 -0 0.5 p-1 -107250 64
170 2019 m1 900799 -0 0.5 p-1 -2693220 1155
171 2020 m1 900957 0 0.5 p-1 -4260224 1375
1280 2021 m1 901494 -0 0.5 p-1 -2837 1
415 2022 m1 901800 -0 0.5 p-1 -281044 26
516 2024 m1 903370 -0 0.5 p-1 -3018600 243
418 2025 m1 906938 0 0.5 p-1 -2812517 231
518 2026 m1 907348 0 0.5 p-1 -1003738 417
1150 2027 m1 915625 -0 0.5 p-1 -36525 4
174 2028 m1 916654 0 0.5 p-1 -69834 31
263 2029 m1 918675 0 0.5 p-1 -274431 119
264 2030 m1 918753 0 0.5 p-1 -592205 287
493 2031 m1 927634 -0 0.5 p-1 -349423 91
930 2032 m1 933168 -0 0.5 p-1 -1298 9
566 2033 m1 933751 -0 0.5 p-1 -29706 3
520 2035 m1 939793 0 0.5 p-1 -42852 31
495 2036 m1 940700 -0 0.5 p-1 -219691 95
180 2037 m1 943263 0 0.5 p-1 -6987501 1220
889 2039 m1 944122 -0 0.5 p-1 -5332 2
323 2040 m1 946124 0 0.5 p-1 -106991 79
266 2041 m1 953883 -0 0.5 p-1 -95995 69
810 2043 m1 955273 -0 0.5 p-1 -11217 10
183 2044 m1 967504 0 0.5 p-1 -9747784 1560
1082 2045 m1 967717 0 0.5 p-1 -319314 7
325 2047 m1 970468 -0 0.5 p-1 -12530228 1613
707 2050 m1 973613 0 0.5 p-1 -162352 36
185 2051 m1 974344 0 0.5 p-1 -3178898 1531
905 2052 m1 975018 0 0.5 p-1 -81051 4
186 2053 m1 975960 0 0.5 p-1 -38957 23
637 2054 m1 976953 0 0.5 p-1 -56153 44
187 2058 m1 983950 -0 0.5 p-1 -9299371 1087
533 2060 m1 987450 0 0.5 p-1 -7224649 125
270 2062 m1 988266 -0 0.5 p-1 -40412 11
901 2063 m1 990374 0 0.5 p-1 -180705 30
188 2064 m1 992159 0 0.5 p-1 -744658 829
273 2065 m1 992306 -0 0.5 p-1 -1181642 724
