Temp_ID Permanent_ID Mutation_type Position s h Subpop Tick Number
711 1 m2 5392 0.0155054852 0.5 p-1 -1037958 93
911 3 m2 5723 0.00149608403 0.5 p-1 -15980 14
730 4 m2 6172 -0.00663413154 0.5 p-1 -907530 130
220 5 m2 6177 0.0145924343 0.5 p-1 -3705980 354
592 6 m2 6518 -0.000596036029 0.5 p-1 -110635 189
1134 7 m2 7691 0.0170847271 0.5 p-1 -229679 34
1245 8 m2 7861 0.0517746173 0.5 p-1 -174800 20
1135 9 m2 8023 -0.00292862323 0.5 p-1 -39046 6
1527 10 m2 8464 -0.00570194609 0.5 p-1 -11403 1
821 11 m2 8807 -6.86844069e-05 0.5 p-1 -53608 37
412 13 m2 9379 -0.00626276433 0.5 p-1 -4188726 407
1006 14 m2 10057 -0.0036689376 0.5 p-1 -309272 41
332 15 m2 10694 -0.0564255416 0.5 p-1 -3657473 395
1270 16 m2 10873 0.000829560158 0.5 p-1 -78286 42
593 17 m2 11203 0.00358955166 0.5 p-1 -548408 116
1071 18 m2 12015 -0.0054308637 0.5 p-1 -20655 20
333 19 m2 12252 -0.0023522682 0.5 p-1 -867030 305
654 20 m2 13469 0.0141943088 0.5 p-1 -1706515 662
0 21 m2 13761 -4.78579022e-06 0.5 p-1 -8900774 1609
334 22 m2 13948 -0.00421667658 0.5 p-1 -234707 93
1231 23 m2 17498 -0.000138954769 0.5 p-1 -2058061 38
1271 24 m2 18234 0.000508647237 0.5 p-1 -244060 32
1 25 m2 18370 0.0467292294 0.5 p-1 -2087737 1805
1443 26 m2 18601 -0.0034932266 0.5 p-1 -56789 5
413 27 m2 18985 0.0022995309 0.5 p-1 -3697772 762
2 28 m2 20689 0.00807762519 0.5 p-1 -1411727 774
959 29 m2 20999 0.0975581706 0.5 p-1 -213180 32
556 30 m2 22329 -0.00166640128 0.5 p-1 -5893971 773
1082 31 m2 22560 0.0210121237 0.5 p-1 -31235 26
1094 32 m2 23019 -0.000463090808 0.5 p-1 -6301 3
1266 33 m2 24638 -4.28943792e-07 0.5 p-1 -31867 18
892 37 m2 25658 -0.00142158347 0.5 p-1 -97645 139
1302 38 m2 26037 0.0741991252 0.5 p-1 -2675 8
5 41 m2 27199 -0.00988263451 0.5 p-1 -3919744 1745
557 42 m2 27275 -6.75712363e-05 0.5 p-1 -81018 10
1086 43 m2 27928 0.00139055494 0.5 p-1 -81503 36
777 45 m2 28593 -3.55869396e-08 0.5 p-1 -23979 20
674 48 m2 31436 0.00349325105 0.5 p-1 -897380 310
594 51 m2 34575 0.00465330249 0.5 p-1 -1264026 346
1074 52 m2 35038 -0.000700395845 0.5 p-1 -48220 2
6 54 m2 36076 0.0764309838 0.5 p-1 -932614 709
932 55 m2 37081 -0.00570909958 0.5 p-1 -1042 5
814 56 m2 38146 -6.31642761e-05 0.5 p-1 -1039652 25
689 58 m2 40139 -2.00873819e-05 0.5 p-1 -791007 651
1195 59 m2 40702 0.00230133906 0.5 p-1 -21722 12
1330 60 m2 40964 -0.000446590595 0.5 p-1 -5447 5
1014 61 m2 41012 0.0483895876 0.5 p-1 -360908 21
1190 62 m2 42375 0.00018032777 0.5 p-1 -29183 9
1148 64 m2 45353 -0.000255049672 0.5 p-1 -138875 26
517 65 m2 45389 -0.000187049678 0.5 p-1 -338322 85
222 66 m2 45966 0.0013110193 0.5 p-1 -305480 47
8 67 m2 46439 -0.000328217808 0.5 p-1 -2342850 211
1317 68 m2 47588 -0.0410648137 0.5 p-1 -573337 10
1191 69 m2 47704 0.0145777818 0.5 p-1 -7707 9
815 70 m2 48559 2.44046023e-05 0.5 p-1 -104120 47
415 71 m2 49304 0.000895326666 0.5 p-1 -78688 18
1483 72 m2 49932 -0.00603869325 0.5 p-1 -1954 3
1115 73 m2 50272 -0.000164305064 0.5 p-1 -111068 31
9 74 m2 50335 0.0238762088 0.5 p-1 -685264 495
223 75 m2 50589 -0.00271785026 0.5 p-1 -518162 250
1222 76 m2 50989 0.0219167508 0.5 p-1 -68451 9
1138 77 m2 51422 0.00643903855 0.5 p-1 -838433 23
852 79 m2 53881 -0.00151262805 0.5 p-1 -83512 49
595 80 m2 54528 -0.0708593428 0.5 p-1 -1470721 154
1436 82 m2 54977 0.0211981032 0.5 p-1 -174592 10
1276 83 m2 55188 -0.0178209785 0.5 p-1 -20119 5
963 84 m2 55192 -0.00103403279 0.5 p-1 -103392 49
416 87 m2 58460 -0.00962058734 0.5 p-1 -3897387 519
11 88 m2 58803 -0.0261265617 0.5 p-1 -1039820 439
12 89 m2 59006 -0.0032797819 0.5 p-1 -505475 179
1149 90 m2 59543 0.00127739203 0.5 p-1 -29143 4
225 91 m2 60480 0.012700785 0.5 p-1 -10020567 1070
1089 92 m2 60692 0.000101613179 0.5 p-1 -906705 75
417 94 m2 60960 -1.48943718e-06 0.5 p-1 -5059083 429
1118 95 m2 61155 0.0235143322 0.5 p-1 -61120 37
1179 97 m2 61302 0.00449742517 0.5 p-1 -23081 8
13 99 m2 61586 0.0643580183 0.5 p-1 -5872987 1079
14 100 m2 61850 0.00234977272 0.5 p-1 -3923615 521
15 101 m2 61921 -0.00146894937 0.5 p-1 -3310995 401
1501 102 m2 62017 0.0280090142 0.5 p-1 -93076 1
1032 103 m2 62102 0.0154992677 0.5 p-1 -32737 11
16 105 m2 62476 0.00101150968 0.5 p-1 -653960 179
518 106 m2 64188 -0.0128270788 0.5 p-1 -213053 33
475 107 m2 64645 -0.00472778501 0.5 p-1 -83205 92
1083 108 m2 69574 0.00359199918 0.5 p-1 -158101 31
744 109 m2 70224 -0.0395797789 0.5 p-1 -188193 61
1432 110 m2 71095 0.000872558041 0.5 p-1 -79955 9
1278 111 m2 72073 -0.00279546389 0.5 p-1 -947205 22
1213 112 m2 72317 0.0282227602 0.5 p-1 -2719 5
19 113 m2 73267 0.000360015925 0.5 p-1 -1769869 1849
20 114 m2 73626 0.0041499706 0.5 p-1 -8368749 1094
1055 115 m2 73985 -0.00697340211 0.5 p-1 -291521 37
558 118 m2 75847 -0.0142192254 0.5 p-1 -2022385 639
1139 119 m2 76408 -0.00220578397 0.5 p-1 -60320 27
227 120 m2 76492 2.7027902e-06 0.5 p-1 -1842390 1198
559 121 m2 76632 0.00518988864 0.5 p-1 -54921 14
1526 124 m2 77241 6.00900512e-06 0.5 p-1 -2150 3
418 125 m2 78855 0.000268567936 0.5 p-1 -412680 381
624 126 m2 79330 0.0278666131 0.5 p-1 -160563 45
1286 127 m2 79786 -6.1091655e-06 0.5 p-1 -20059 8
519 128 m2 80666 -0.0349663682 0.5 p-1 -819973 106
520 130 m2 80916 -0.0341781117 0.5 p-1 -1437380 106
761 132 m2 82063 -0.0464877002 0.5 p-1 -524843 414
625 135 m2 86384 -0.000892169424 0.5 p-1 -3021817 353
23 136 m2 87139 -0.00214923383 0.5 p-1 -1619106 385
921 138 m2 87657 -0.00217840914 0.5 p-1 -224645 63
1233 140 m2 87880 -1.57413649e-06 0.5 p-1 -114335 28
419 142 m2 91191 0.0070739761 0.5 p-1 -810900 499
336 143 m2 91363 0.000607126742 0.5 p-1 -2855044 373
1342 144 m2 91409 -0.0492320918 0.5 p-1 -54713 7
1274 146 m2 93346 -0.0128615825 0.5 p-1 -20109 6
1349 147 m2 94497 -0.000419736636 0.5 p-1 -10589 4
1415 148 m2 95571 0.000823064125 0.5 p-1 -51618 13
1158 149 m2 95850 -0.00793352909 0.5 p-1 -287010 36
1104 151 m2 96923 6.68670054e-06 0.5 p-1 -28189 17
228 152 m2 97664 -0.0001668646 0.5 p-1 -1756379 580
853 153 m2 98497 1.93908363e-05 0.5 p-1 -168097 52
560 154 m2 98693 0.000392333779 0.5 p-1 -368101 59
24 155 m2 98850 0.0123785334 0.5 p-1 -9413316 867
1416 156 m2 99164 0.00169793062 0.5 p-1 -25225 8
476 157 m2 99986 0.1148571 0.5 p-1 -506079 485
942 159 m2 103946 -8.2098785e-07 0.5 p-1 -974335 151
1319 160 m2 104656 -0.00561961485 0.5 p-1 -4749 8
655 161 m2 105335 -0.00787209533 0.5 p-1 -529821 275
626 163 m2 109040 -0.000550918689 0.5 p-1 -1213609 154
26 164 m2 109286 0.000244315626 0.5 p-1 -3299859 784
970 167 m2 113085 0.0044534062 0.5 p-1 -39749 4
943 169 m2 115360 -0.00070373388 0.5 p-1 -11468 11
912 170 m2 115949 -0.00663019205 0.5 p-1 -26336 64
229 171 m2 116000 0.0105805891 0.5 p-1 -342295 351
762 173 m2 117193 0.00012868426 0.5 p-1 -656862 12
1154 174 m2 117227 -0.00418759743 0.5 p-1 -58306 2
1165 175 m2 118014 -1.57592245e-10 0.5 p-1 -160256 20
27 178 m2 119170 0.000388133689 0.5 p-1 -7406490 1942
998 180 m2 119421 -0.0555778146 0.5 p-1 -974560 48
999 181 m2 120028 -0.00129111658 0.5 p-1 -436580 48
1472 182 m2 120281 0.00206748722 0.5 p-1 -1870501 5
971 184 m2 123041 -0.0915260985 0.5 p-1 -289466 63
913 185 m2 124350 -2.01476996e-05 0.5 p-1 -91286 98
627 186 m2 125160 0.0144818891 0.5 p-1 -43066 34
731 187 m2 125295 -0.0108153885 0.5 p-1 -5403 14
1481 188 m2 126108 0.000608176459 0.5 p-1 -750333 4
893 190 m2 126512 -0.000384734856 0.5 p-1 -6720 11
845 191 m2 127806 0.000104158105 0.5 p-1 -1037431 73
28 192 m2 127827 0.017573297 0.5 p-1 -2323042 1017
763 193 m2 128209 0.015613283 0.5 p-1 -131021 183
972 194 m2 128321 2.22844155e-05 0.5 p-1 -69087 65
922 196 m2 129673 0.0145230889 0.5 p-1 -107487 29
596 197 m2 130553 0.0441070236 0.5 p-1 -1210245 317
846 199 m2 130972 0.000111872025 0.5 p-1 -113760 78
628 201 m2 131454 -0.000829529541 0.5 p-1 -531765 188
732 203 m2 132258 6.64864419e-05 0.5 p-1 -536545 88
1474 204 m2 132517 -0.00109227817 0.5 p-1 -4694 1
1096 205 m2 134150 0.000224441581 0.5 p-1 -253648 46
1403 206 m2 134235 0.00573233888 0.5 p-1 -254 3
1097 210 m2 135778 2.27256942e-06 0.5 p-1 -75312 46
478 211 m2 136466 0.00334616378 0.5 p-1 -5669725 119
938 212 m2 137606 -0.00153879949 0.5 p-1 -52130 23
1192 213 m2 138508 0.00170014799 0.5 p-1 -58345 23
733 215 m2 142113 0.015291526 0.5 p-1 -278258 52
1080 217 m2 143458 0.00184495829 0.5 p-1 -1053089 45
561 218 m2 143647 0.000249527569 0.5 p-1 -102399 65
960 219 m2 144208 -0.0163892284 0.5 p-1 -881246 19
230 220 m2 144460 -0.00329168816 0.5 p-1 -4745504 263
562 221 m2 146086 0.00251285103 0.5 p-1 -2756211 436
421 223 m2 147027 -0.0375944413 0.5 p-1 -1138970 393
231 224 m2 147521 0.000302290398 0.5 p-1 -215854 163
29 225 m2 147588 0.0038981312 0.5 p-1 -1509304 628
339 226 m2 147814 -0.00103902654 0.5 p-1 -375457 164
30 227 m2 148197 -0.0139449723 0.5 p-1 -1730699 801
1048 228 m2 148517 -0.00589437596 0.5 p-1 -218008 43
867 229 m2 149626 -4.5614699e-05 0.5 p-1 -668420 54
232 232 m2 150464 1.16437659e-05 0.5 p-1 -243105 620
1397 234 m2 150712 0.000195969973 0.5 p-1 -1594956 4
986 235 m2 151528 -0.000117123222 0.5 p-1 -342168 51
233 236 m2 151782 -0.000182514443 0.5 p-1 -2670966 1043
31 237 m2 151798 -0.00190771942 0.5 p-1 -3280789 894
1393 238 m2 152254 -4.7305557e-06 0.5 p-1 -42581 8
1152 240 m2 155438 0.00118789263 0.5 p-1 -19689 19
479 241 m2 155703 -0.00107702066 0.5 p-1 -257209 202
32 242 m2 155760 -0.00073025981 0.5 p-1 -1768128 773
33 243 m2 155835 -0.00088198937 0.5 p-1 -3326678 1325
1430 245 m2 158022 -0.00329586351 0.5 p-1 -14667 1
34 246 m2 158230 0.0793753564 0.5 p-1 -2040955 299
234 248 m2 159574 0.038419757 0.5 p-1 -158290 49
1207 249 m2 161201 0.00413005566 0.5 p-1 -504837 6
1230 252 m2 163117 -0.00264989538 0.5 p-1 -107139 4
894 253 m2 163479 0.000764532946 0.5 p-1 -648166 113
1306 255 m2 164206 0.0394339114 0.5 p-1 -1040285 30
1217 257 m2 165391 -1.18461776e-06 0.5 p-1 -34464 3
1143 258 m2 165875 0.0773475394 0.5 p-1 -4735 10
1290 259 m2 166999 0.000122814119 0.5 p-1 -14353 1
597 261 m2 167763 0.0111462045 0.5 p-1 -1314725 365
1343 264 m2 169761 -0.00826801825 0.5 p-1 -87391 5
480 265 m2 169804 -0.000330290437 0.5 p-1 -4115172 724
950 266 m2 170283 -0.0244455151 0.5 p-1 -38158 14
1057 269 m2 173961 -0.000732633984 0.5 p-1 -71653 13
630 273 m2 177599 -0.000127154635 0.5 p-1 -6096100 57
875 274 m2 178087 0.0173376035 0.5 p-1 -112280 28
1261 276 m2 179274 -0.0206115562 0.5 p-1 -3760 5
1193 277 m2 179369 1.03340255e-06 0.5 p-1 -378 8
802 279 m2 179540 -0.0472775139 0.5 p-1 -356232 76
855 280 m2 180503 -0.0295777526 0.5 p-1 -755545 143
856 281 m2 180966 0.00155472592 0.5 p-1 -2368558 138
1027 282 m2 181458 0.000532019883 0.5 p-1 -3030532 33
1028 283 m2 181625 -0.000529833545 0.5 p-1 -1700857 33
658 284 m2 182166 -0.00230213953 0.5 p-1 -294399 133
965 285 m2 183577 0.000134056158 0.5 p-1 -2022442 32
36 288 m2 184416 0.0179478787 0.5 p-1 -5679482 343
37 289 m2 184736 -0.0023145848 0.5 p-1 -7246245 1591
1043 291 m2 186015 -9.4340372e-08 0.5 p-1 -66629 52
38 292 m2 187163 6.05449998e-07 0.5 p-1 -5148922 1267
933 294 m2 187926 -0.0147359008 0.5 p-1 -1177079 142
895 295 m2 188152 0.00474489527 0.5 p-1 -118328 66
857 296 m2 188273 0.00988682359 0.5 p-1 -3938556 188
764 298 m2 188791 0.00418569287 0.5 p-1 -3964271 181
424 299 m2 189158 0.0327269509 0.5 p-1 -473456 402
39 300 m2 189225 0.1093814 0.5 p-1 -2878690 1250
40 301 m2 189279 -0.0255771149 0.5 p-1 -3181600 1329
765 302 m2 189555 -2.32006261e-10 0.5 p-1 -3085369 90
41 303 m2 190755 -0.0179130007 0.5 p-1 -4785803 1027
1480 304 m2 191085 -0.00810696743 0.5 p-1 -32077 3
598 308 m2 193596 0.00182244007 0.5 p-1 -165336 39
425 309 m2 193725 0.000878755003 0.5 p-1 -5275025 695
235 310 m2 194143 1.21172179e-05 0.5 p-1 -2142330 358
896 312 m2 195626 -0.00073603302 0.5 p-1 -546429 33
779 313 m2 196024 0.000726122933 0.5 p-1 -39664 25
923 315 m2 196646 0.00123018946 0.5 p-1 -10084 46
599 316 m2 200813 0.00547853997 0.5 p-1 -304344 130
1461 317 m2 201158 0.0893167332 0.5 p-1 -1868 2
631 318 m2 202048 -0.00029414866 0.5 p-1 -751791 87
766 319 m2 202812 7.19247919e-06 0.5 p-1 -1268441 43
563 321 m2 204905 -0.000870695338 0.5 p-1 -2061952 399
1314 322 m2 205141 0.00637752656 0.5 p-1 -42759 9
236 323 m2 205480 0.00129710406 0.5 p-1 -3720725 1660
1291 324 m2 205717 -0.0333170407 0.5 p-1 -239763 3
341 325 m2 205831 -0.00169083383 0.5 p-1 -108555 33
1025 326 m2 205869 -0.00210219109 0.5 p-1 -27345 43
1521 327 m2 206575 -1.04332612e-05 0.5 p-1 -28936 2
42 329 m2 207029 0.00121580891 0.5 p-1 -1002455 396
1315 330 m2 207709 -8.16293395e-05 0.5 p-1 -36545 7
600 332 m2 208069 -5.35798317e-05 0.5 p-1 -1075555 220
342 334 m2 209367 0.0110035706 0.5 p-1 -3444966 249
43 335 m2 214886 -0.00243193819 0.5 p-1 -128199 72
45 336 m2 220210 -0.0245578084 0.5 p-1 -4294814 996
343 339 m2 221232 -0.0188493039 0.5 p-1 -788558 439
804 340 m2 221835 0.016583018 0.5 p-1 -58795 62
1208 342 m2 221944 -0.0296848211 0.5 p-1 -1806 4
1381 343 m2 222339 -0.00450290414 0.5 p-1 -112695 3
238 344 m2 222836 8.59448191e-05 0.5 p-1 -4116211 1091
1426 345 m2 222887 -0.000992100686 0.5 p-1 -5892 2
239 346 m2 223088 -7.35357607e-05 0.5 p-1 -1018889 1018
1468 347 m2 223866 -7.2825118e-05 0.5 p-1 -10770 1
973 348 m2 224880 -0.00138088828 0.5 p-1 -85060 44
344 349 m2 225429 0.0153214941 0.5 p-1 -1522437 358
780 350 m2 226607 0.00153657875 0.5 p-1 -118251 21
46 351 m2 226978 0.00658414047 0.5 p-1 -722746 32
1075 352 m2 228609 3.42069256e-07 0.5 p-1 -44071 3
601 353 m2 229431 -3.21834614e-06 0.5 p-1 -314558 49
678 354 m2 229737 -0.021314472 0.5 p-1 -636205 68
781 355 m2 230280 2.58927297e-08 0.5 p-1 -275067 166
1533 356 m2 230400 -0.110657826 0.5 p-1 -15526 2
745 357 m2 231203 0.000389471592 0.5 p-1 -4499936 215
1076 358 m2 232741 0.0303823985 0.5 p-1 -109882 3
48 359 m2 232809 -0.0135953994 0.5 p-1 -503368 197
1050 361 m2 235101 -0.168524459 0.5 p-1 -1740826 46
1113 362 m2 235385 0.00380316121 0.5 p-1 -23493 10
790 364 m2 236342 0.00728124194 0.5 p-1 -1666338 264
565 366 m2 238144 -0.000268486678 0.5 p-1 -6088482 750
1049 367 m2 238899 0.00460041268 0.5 p-1 -5022 12
51 369 m2 240777 0.050798323 0.5 p-1 -6032738 636
52 371 m2 241249 -0.0732831657 0.5 p-1 -2642387 465
956 373 m2 241516 2.62216181e-05 0.5 p-1 -176938 33
53 375 m2 242845 -0.00215384527 0.5 p-1 -806689 266
54 376 m2 245300 -0.00687644864 0.5 p-1 -6949696 1816
55 377 m2 245741 -0.000681243779 0.5 p-1 -5464599 1300
56 379 m2 248522 -1.50770475e-05 0.5 p-1 -4758845 1530
57 380 m2 248584 3.5367917e-05 0.5 p-1 -13211061 1741
881 381 m2 250132 0.0129575897 0.5 p-1 -17728 30
924 382 m2 250785 0.00183864112 0.5 p-1 -4120060 62
426 383 m2 252477 -0.00083466142 0.5 p-1 -1579602 134
346 385 m2 254968 0.0101016592 0.5 p-1 -242528 23
767 387 m2 256371 0.00220563915 0.5 p-1 -58163 69
957 389 m2 258233 -1.62131655e-05 0.5 p-1 -37531 48
242 390 m2 259102 -8.57872328e-06 0.5 p-1 -1112423 488
1428 391 m2 260015 -0.0096343467 0.5 p-1 -52045 1
693 393 m2 261503 0.00678251637 0.5 p-1 -308430 115
966 394 m2 261661 0.000286037219 0.5 p-1 -1461440 77
58 395 m2 262271 0.00336534251 0.5 p-1 -4595113 1770
484 396 m2 263199 4.91986575e-05 0.5 p-1 -130781 114
991 397 m2 263404 -4.32499437e-05 0.5 p-1 -111829 28
1030 399 m2 266213 -0.0801932514 0.5 p-1 -276248 11
1163 400 m2 266614 0.0130175408 0.5 p-1 -104254 9
59 401 m2 266931 -0.00345387193 0.5 p-1 -3693087 1092
1219 402 m2 267108 -0.00111158541 0.5 p-1 -110293 4
1234 404 m2 267562 -0.0207591616 0.5 p-1 -382217 6
60 405 m2 267651 0.0485020727 0.5 p-1 -5291263 1752
1327 407 m2 268322 -1.54068675e-05 0.5 p-1 -22221 12
244 408 m2 270043 3.19291189e-07 0.5 p-1 -4412409 1017
245 409 m2 270777 0.00720050326 0.5 p-1 -1182180 415
246 410 m2 270954 0.0022939858 0.5 p-1 -2763593 1142
1477 411 m2 272263 1.57458981e-05 0.5 p-1 -9750 2
1229 412 m2 273190 -0.00128735427 0.5 p-1 -35477 26
791 413 m2 273937 -0.00197748654 0.5 p-1 -573621 84
1344 415 m2 274477 0.00706182281 0.5 p-1 -10632 1
1500 416 m2 274553 1.25346685e-06 0.5 p-1 -5308 1
524 417 m2 274646 -5.38542445e-05 0.5 p-1 -9748 22
348 418 m2 275870 -0.0204674676 0.5 p-1 -67473 25
61 419 m2 276634 -0.0184646044 0.5 p-1 -5910380 1455
1180 420 m2 277005 -0.000795336964 0.5 p-1 -12801 4
349 421 m2 277613 0.000144920967 0.5 p-1 -114024 88
62 422 m2 277652 -1.92336405e-08 0.5 p-1 -610913 275
247 424 m2 279363 -0.000514594314 0.5 p-1 -2565083 351
350 426 m2 280012 -2.32190223e-06 0.5 p-1 -1969495 813
248 427 m2 280607 -0.00837455969 0.5 p-1 -1252863 1433
249 428 m2 280786 -0.00360829104 0.5 p-1 -517851 279
1001 431 m2 282414 1.89888142e-05 0.5 p-1 -61761 50
250 434 m2 286540 -0.00499542477 0.5 p-1 -536288 125
1036 435 m2 286712 0.140909508 0.5 p-1 -275763 13
63 437 m2 288993 -0.000450119347 0.5 p-1 -2373030 1258
848 439 m2 290047 0.05560112 0.5 p-1 -21859 18
64 441 m2 291373 -0.000298805506 0.5 p-1 -2310978 1193
428 443 m2 291410 -7.09638152e-06 0.5 p-1 -549849 44
1395 444 m2 292507 0.00293602701 0.5 p-1 -3926 6
1002 445 m2 292729 0.000280443404 0.5 p-1 -107871 84
679 446 m2 295677 -5.16494692e-05 0.5 p-1 -196984 12
566 447 m2 295899 0.000238415232 0.5 p-1 -106275 22
567 448 m2 295988 5.85535599e-05 0.5 p-1 -945479 116
1164 449 m2 297640 -1.09381108e-05 0.5 p-1 -192194 79
1529 450 m2 298856 0.00495482283 0.5 p-1 -2917 1
882 451 m2 300471 0.000494871521 0.5 p-1 -418933 105
883 452 m2 301654 -0.00876252353 0.5 p-1 -218162 80
429 453 m2 302800 -0.0206376389 0.5 p-1 -5339752 744
351 455 m2 305146 -0.000117128853 0.5 p-1 -633872 250
568 456 m2 305769 0.00462156814 0.5 p-1 -1428776 339
1252 457 m2 306561 -5.49073338e-05 0.5 p-1 -76618 17
824 458 m2 307381 0.0576663315 0.5 p-1 -444782 98
67 459 m2 307412 -0.00149998174 0.5 p-1 -3184590 1902
1288 460 m2 307730 -1.37798068e-07 0.5 p-1 -289580 34
1441 462 m2 310397 -0.00013949917 0.5 p-1 -10321 5
1122 463 m2 311044 -4.9896953e-06 0.5 p-1 -11234 10
1181 464 m2 311243 0.000175519075 0.5 p-1 -204493 53
1404 465 m2 311260 0.000780151342 0.5 p-1 -1595191 8
68 466 m2 311343 -0.000215376465 0.5 p-1 -3228411 1940
525 467 m2 312740 -0.000782813935 0.5 p-1 -852639 463
1101 469 m2 314071 -1.86871748e-05 0.5 p-1 -158020 24
1312 470 m2 314199 3.73383409e-05 0.5 p-1 -78466 4
69 471 m2 314279 -0.0153946606 0.5 p-1 -2404963 486
352 473 m2 316061 2.14090257e-09 0.5 p-1 -5214477 236
1297 474 m2 316130 0.004136567 0.5 p-1 -36788 13
1293 476 m2 317828 -0.0179754309 0.5 p-1 -27222 5
1044 479 m2 318640 -0.00136954873 0.5 p-1 -174920 16
817 480 m2 318837 -0.000463821372 0.5 p-1 -228637 46
485 482 m2 320274 -0.00383346854 0.5 p-1 -4886496 555
354 483 m2 320345 -0.00011292674 0.5 p-1 -4651120 1296
355 484 m2 320464 -0.000490302977 0.5 p-1 -4915090 1243
1153 485 m2 322739 0.0578464717 0.5 p-1 -122126 23
897 488 m2 323427 0.00585821597 0.5 p-1 -357026 113
925 489 m2 324024 -0.000969711866 0.5 p-1 -36496 46
251 490 m2 324041 0.00163775415 0.5 p-1 -5513147 1378
961 491 m2 325486 0.0122078424 0.5 p-1 -31156 28
1244 493 m2 327734 -0.00922300387 0.5 p-1 -303074 12
1334 494 m2 328089 -0.000229086436 0.5 p-1 -33557 4
1512 496 m2 329604 -0.0104398811 0.5 p-1 -860 3
680 497 m2 330209 -0.000933297328 0.5 p-1 -5470547 176
526 498 m2 331508 -0.00095939578 0.5 p-1 -394859 186
527 499 m2 331635 -0.00111101242 0.5 p-1 -173801 186
858 501 m2 334090 -0.0011823572 0.5 p-1 -9500 14
528 504 m2 338938 -0.0165796466 0.5 p-1 -91136 47
633 505 m2 340744 6.81909805e-05 0.5 p-1 -1274405 497
70 507 m2 340943 -0.00636780029 0.5 p-1 -3970852 1835
430 508 m2 342130 0.00399861205 0.5 p-1 -819263 133
1253 509 m2 342661 -0.00644277269 0.5 p-1 -25017 7
431 511 m2 343080 -5.24348652e-05 0.5 p-1 -394320 155
1406 512 m2 343320 -0.0241362303 0.5 p-1 -51809 7
1536 513 m2 343604 0.00287510315 0.5 p-1 -37259 1
432 515 m2 347158 -0.00270342035 0.5 p-1 -718880 179
660 516 m2 348035 0.0178262591 0.5 p-1 -53109 59
529 517 m2 348485 0.00396781601 0.5 p-1 -726749 380
72 519 m2 349797 -0.0645699203 0.5 p-1 -2407105 982
967 521 m2 350493 -0.000448898907 0.5 p-1 -28191 25
1159 522 m2 350858 -0.000144969032 0.5 p-1 -126972 63
1331 524 m2 352484 -0.000369867688 0.5 p-1 -51501 12
73 525 m2 353450 -0.0118569983 0.5 p-1 -661848 501
530 526 m2 353856 0.00299401558 0.5 p-1 -685856 217
869 527 m2 355214 3.8249168e-06 0.5 p-1 -549295 60
1294 528 m2 357056 -0.0217953473 0.5 p-1 -17103 6
487 529 m2 357501 0.0119185075 0.5 p-1 -5853903 1176
1283 531 m2 359298 8.22204456e-05 0.5 p-1 -1400 2
1077 534 m2 360550 -0.0383281708 0.5 p-1 -183572 24
434 535 m2 360646 0.00018260011 0.5 p-1 -2067293 379
74 536 m2 361007 -0.000699768774 0.5 p-1 -4776675 768
75 537 m2 361099 0.0136837568 0.5 p-1 -2129720 897
661 538 m2 361204 0.0550571308 0.5 p-1 -61675 44
570 539 m2 361436 0.000866203394 0.5 p-1 -1755817 352
662 540 m2 361726 -0.00270471023 0.5 p-1 -31907 44
940 541 m2 361729 -0.0360962115 0.5 p-1 -79720 20
876 545 m2 363879 0.0392794199 0.5 p-1 -209834 46
829 546 m2 363986 -0.0248756465 0.5 p-1 -467402 168
435 547 m2 364507 5.63257618e-06 0.5 p-1 -5283317 899
357 548 m2 365573 -6.80253434e-05 0.5 p-1 -1253559 514
602 549 m2 365800 1.59912197e-05 0.5 p-1 -1032174 613
1019 550 m2 366084 0.0223415494 0.5 p-1 -423631 59
1530 553 m2 367355 -0.00628177309 0.5 p-1 -44425 1
717 554 m2 367575 -0.000100816185 0.5 p-1 -4109176 170
859 555 m2 368198 -9.20344701e-06 0.5 p-1 -168528 82
78 557 m2 369330 0.00365633727 0.5 p-1 -3485082 593
1352 559 m2 369933 -0.000179957031 0.5 p-1 -8066 10
1285 560 m2 370400 0.0174049847 0.5 p-1 -50409 18
1046 561 m2 370569 0.0156126851 0.5 p-1 -206986 96
1386 562 m2 370971 0.00862989109 0.5 p-1 -1229 1
79 563 m2 371865 0.000213417428 0.5 p-1 -650554 662
1444 564 m2 372111 0.0300984997 0.5 p-1 -1063 1
252 565 m2 372229 0.0102271512 0.5 p-1 -941815 12
253 566 m2 374287 0.00316665461 0.5 p-1 -383560 27
1200 569 m2 377881 0.00402562181 0.5 p-1 -138962 28
1058 570 m2 380273 -0.0270368773 0.5 p-1 -44974 14
254 571 m2 383197 0.00348801701 0.5 p-1 -1049624 867
944 572 m2 383546 -0.00858143717 0.5 p-1 -307529 68
488 573 m2 385338 4.97017609e-05 0.5 p-1 -1881618 135
531 574 m2 386185 -0.00493966648 0.5 p-1 -714437 218
975 575 m2 386901 -0.0188975073 0.5 p-1 -106492 17
81 576 m2 387388 0.0853195414 0.5 p-1 -843316 968
634 577 m2 387519 -0.00176647573 0.5 p-1 -1969330 398
603 579 m2 388979 -0.00354032591 0.5 p-1 -172708 7
805 580 m2 389205 0.00224234862 0.5 p-1 -49935 82
436 581 m2 389770 -0.000486696488 0.5 p-1 -243721 122
82 583 m2 391025 0.000997830997 0.5 p-1 -2741210 1837
83 584 m2 391118 -0.0126916273 0.5 p-1 -2003373 1694
1519 585 m2 392500 -0.00403258111 0.5 p-1 -8849 2
747 586 m2 393087 0.026030831 0.5 p-1 -210506 89
1434 589 m2 393361 0.0123162428 0.5 p-1 -1780 6
1201 590 m2 394325 -3.69522641e-05 0.5 p-1 -885389 34
1084 591 m2 394705 -0.00020571737 0.5 p-1 -84612 14
1442 592 m2 394971 -0.0135111902 0.5 p-1 -49577 1
635 593 m2 396743 0.00191409374 0.5 p-1 -3869648 293
636 594 m2 396846 5.12903125e-06 0.5 p-1 -1797607 20
1151 597 m2 397931 -0.00521273538 0.5 p-1 -9724 10
958 598 m2 398431 -7.00072451e-06 0.5 p-1 -13615 23
1371 599 m2 398680 -0.00185163727 0.5 p-1 -18076 7
85 601 m2 399126 3.83142651e-05 0.5 p-1 -2158335 804
255 602 m2 399648 0.0124851484 0.5 p-1 -4726428 1043
860 603 m2 402050 -0.00831596553 0.5 p-1 -50315 20
638 604 m2 405277 0.0429301076 0.5 p-1 -494361 94
695 605 m2 405984 0.00613036286 0.5 p-1 -406389 27
489 606 m2 406723 0.0149731357 0.5 p-1 -281864 164
86 607 m2 408592 -0.00537526794 0.5 p-1 -279240 50
768 608 m2 408660 0.000171780892 0.5 p-1 -295275 48
257 609 m2 409852 1.22327147e-05 0.5 p-1 -4116620 1140
1335 610 m2 409910 3.88697299e-05 0.5 p-1 -15424 4
572 613 m2 412187 0.0504911393 0.5 p-1 -265217 168
735 615 m2 412915 0.00101041747 0.5 p-1 -202679 26
884 616 m2 414171 6.58857098e-05 0.5 p-1 -1006243 180
259 617 m2 414194 -5.7797668e-05 0.5 p-1 -1723681 816
736 619 m2 417101 0.00233079633 0.5 p-1 -1181901 34
1458 620 m2 417469 0.0169317815 0.5 p-1 -46993 2
490 621 m2 417726 0.00814741012 0.5 p-1 -786709 276
1460 623 m2 418376 0.00125124049 0.5 p-1 -33829 4
532 624 m2 420375 -0.00614576088 0.5 p-1 -736475 302
696 625 m2 420495 -0.00863954984 0.5 p-1 -427147 32
260 626 m2 421707 -0.00152627472 0.5 p-1 -5939506 913
1196 627 m2 423282 -0.00595030701 0.5 p-1 -119568 17
88 628 m2 423751 -0.000721732504 0.5 p-1 -5845785 1272
261 630 m2 424277 0.0143335778 0.5 p-1 -1376902 493
262 632 m2 426026 -0.000340541999 0.5 p-1 -1578239 871
263 633 m2 426167 0.0257246513 0.5 p-1 -1877633 199
748 634 m2 427475 -0.0103244698 0.5 p-1 -60460 60
840 635 m2 428935 0.000495388638 0.5 p-1 -338212 163
90 637 m2 429077 -2.62753417e-07 0.5 p-1 -10628638 1805
91 638 m2 429288 -0.00237029349 0.5 p-1 -8558355 784
1185 639 m2 429711 -0.00669551361 0.5 p-1 -6338 4
604 641 m2 429892 0.0125169754 0.5 p-1 -557379 254
264 642 m2 430098 -0.000306686037 0.5 p-1 -5518642 1492
92 643 m2 430327 -0.000624453533 0.5 p-1 -2267322 1042
1467 644 m2 430619 -0.00212884229 0.5 p-1 -39710 8
681 645 m2 431052 0.000334797456 0.5 p-1 -18370 36
93 646 m2 431084 0.000911833253 0.5 p-1 -2028743 362
94 647 m2 431640 -1.63330078e-05 0.5 p-1 -2592140 1031
1532 649 m2 433266 0.000909522176 0.5 p-1 -2853 1
491 651 m2 434651 0.00382360537 0.5 p-1 -2176648 480
749 652 m2 434932 -0.0161375757 0.5 p-1 -66095 44
737 655 m2 437792 -0.00274466793 0.5 p-1 -595745 314
95 656 m2 438060 0.000107189087 0.5 p-1 -5289050 1641
1275 657 m2 440505 8.79340405e-07 0.5 p-1 -107550 13
750 658 m2 440810 -0.00636887318 0.5 p-1 -1355538 258
898 659 m2 441516 1.08469671e-07 0.5 p-1 -54211 45
1173 660 m2 441550 0.0363363735 0.5 p-1 -23600 12
639 661 m2 442472 -0.00710172625 0.5 p-1 -1420993 274
361 662 m2 444148 0.00144073786 0.5 p-1 -294580 60
792 663 m2 444472 -0.0114454105 0.5 p-1 -3676635 132
1420 664 m2 445521 -7.63792268e-05 0.5 p-1 -19065 3
98 665 m2 447484 0.00230647135 0.5 p-1 -1505748 1506
1003 667 m2 448022 0.0223434884 0.5 p-1 -1780517 72
640 668 m2 448093 -0.00091066648 0.5 p-1 -3142738 447
899 670 m2 448607 0.00125452736 0.5 p-1 -269049 142
1004 674 m2 451113 0.0235063415 0.5 p-1 -1170980 102
641 675 m2 451174 0.000238664434 0.5 p-1 -153068 78
1005 676 m2 451236 2.88969532e-05 0.5 p-1 -89776 47
265 677 m2 451272 0.0280048531 0.5 p-1 -129904 346
1281 678 m2 452017 -2.94441688e-05 0.5 p-1 -128003 14
493 679 m2 452075 -0.000397825177 0.5 p-1 -1961470 422
494 680 m2 452178 7.4512398e-05 0.5 p-1 -789592 422
1160 681 m2 454064 -0.00222623884 0.5 p-1 -68182 6
362 683 m2 454732 0.00354803889 0.5 p-1 -3388654 483
664 686 m2 455892 -0.00689258613 0.5 p-1 -224053 42
849 687 m2 457281 -0.00637845881 0.5 p-1 -304611 5
738 688 m2 458521 0.00415372895 0.5 p-1 -1499901 8
955 689 m2 459191 1.54736654e-07 0.5 p-1 -25392 4
266 690 m2 459691 0.00149608229 0.5 p-1 -685790 1182
495 691 m2 460495 -4.89462959e-09 0.5 p-1 -444160 299
877 692 m2 460634 -0.000317153579 0.5 p-1 -66656 77
99 693 m2 461777 -7.19796444e-05 0.5 p-1 -234507 121
438 694 m2 463629 0.000973712711 0.5 p-1 -715762 196
1445 695 m2 464809 4.35108586e-06 0.5 p-1 -2099 2
100 697 m2 467665 0.0200395044 0.5 p-1 -3161968 217
885 698 m2 467718 0.00147561461 0.5 p-1 -154160 37
1144 700 m2 470557 0.0245632268 0.5 p-1 -1166167 38
573 702 m2 471610 0.0238142535 0.5 p-1 -1337740 632
1350 703 m2 473194 -0.000884886889 0.5 p-1 -61855 14
1449 704 m2 473304 -0.0641087145 0.5 p-1 -1917 5
268 705 m2 474523 -0.000114140916 0.5 p-1 -2323786 852
101 707 m2 476075 -3.96429896e-05 0.5 p-1 -7234523 1816
769 708 m2 476448 3.09842471e-06 0.5 p-1 -53790 10
102 709 m2 476521 0.00849079341 0.5 p-1 -3355815 723
269 710 m2 477089 -0.00264473096 0.5 p-1 -179940 36
886 712 m2 478963 0.000988620333 0.5 p-1 -21815 33
1063 713 m2 479859 -0.00230196677 0.5 p-1 -283370 110
719 714 m2 480148 -0.0532551967 0.5 p-1 -720105 144
1446 716 m2 480811 0.0317146145 0.5 p-1 -30906 7
720 717 m2 481893 -0.00240827072 0.5 p-1 -235000 75
103 719 m2 484826 -6.08069204e-05 0.5 p-1 -2886042 637
1069 720 m2 485049 -5.76020625e-07 0.5 p-1 -520366 28
826 721 m2 485219 0.000970022287 0.5 p-1 -205558 64
574 722 m2 485425 0.00663414644 0.5 p-1 -235580 182
1060 723 m2 485624 0.0372799523 0.5 p-1 -674318 78
818 724 m2 486428 -0.00502177468 0.5 p-1 -38883 14
575 725 m2 487188 -0.00102966093 0.5 p-1 -1492879 413
104 726 m2 487423 5.31077167e-05 0.5 p-1 -1832892 377
1320 727 m2 487796 0.000110934423 0.5 p-1 -24231 28
1167 728 m2 487885 0.0131363152 0.5 p-1 -29661 23
1277 729 m2 488107 -0.00560741406 0.5 p-1 -41393 5
1506 732 m2 489453 0.000237479515 0.5 p-1 -35879 1
1166 733 m2 489730 0.00556132151 0.5 p-1 -173864 31
576 735 m2 489899 -0.00584246824 0.5 p-1 -2338683 847
697 736 m2 490392 0.0021765728 0.5 p-1 -175425 35
270 738 m2 492624 0.00085885264 0.5 p-1 -8657117 1459
364 739 m2 496042 -0.0144150257 0.5 p-1 -872880 144
439 740 m2 496336 0.0123155341 0.5 p-1 -173813 128
739 741 m2 497307 0.000140442149 0.5 p-1 -1241741 133
806 742 m2 497367 3.49300677e-08 0.5 p-1 -209914 49
782 743 m2 497974 -0.0132491766 0.5 p-1 -4660997 205
106 744 m2 499815 0.000290708937 0.5 p-1 -1025037 596
533 745 m2 500218 -0.000270720309 0.5 p-1 -1434469 542
271 746 m2 500630 0.00139486277 0.5 p-1 -4748956 308
108 748 m2 502813 -0.00336929783 0.5 p-1 -6415087 1421
698 751 m2 504293 -0.0186790712 0.5 p-1 -124789 14
534 754 m2 505183 -0.00749285193 0.5 p-1 -7067550 606
1524 757 m2 507230 -0.00298229582 0.5 p-1 -26890 1
606 758 m2 508362 -0.000486997771 0.5 p-1 -3287311 125
272 759 m2 509970 -0.01393383 0.5 p-1 -1683670 341
365 761 m2 513304 -0.0471928827 0.5 p-1 -3070485 273
682 762 m2 513309 0.0188039709 0.5 p-1 -176721 101
366 763 m2 513847 0.000563918788 0.5 p-1 -437801 226
1186 764 m2 514321 -0.000210520535 0.5 p-1 -58703 8
1338 765 m2 515538 0.000852129771 0.5 p-1 -177039 1
577 766 m2 515575 0.000104708837 0.5 p-1 -1245308 103
976 767 m2 516364 -0.00559656555 0.5 p-1 -14390 47
807 769 m2 516862 7.85074672e-10 0.5 p-1 -11891 8
440 770 m2 516916 0.00215962948 0.5 p-1 -2486425 725
1224 771 m2 520100 -0.0061223763 0.5 p-1 -25774 14
441 772 m2 520305 0.000231076134 0.5 p-1 -751827 199
109 773 m2 520425 -0.00274282228 0.5 p-1 -14649277 1791
1061 774 m2 520560 -0.0762175694 0.5 p-1 -690693 40
442 777 m2 524391 0.000970299123 0.5 p-1 -480777 174
110 778 m2 524529 -1.08456316e-05 0.5 p-1 -6446624 1114
111 779 m2 525688 0.00111331639 0.5 p-1 -2080763 1939
1448 780 m2 525757 -0.0061972891 0.5 p-1 -12164 4
1295 782 m2 527918 0.0236384943 0.5 p-1 -60683 14
112 783 m2 528951 -0.141548306 0.5 p-1 -6498720 1141
367 784 m2 529415 -0.0191870797 0.5 p-1 -1565242 810
977 785 m2 530012 -0.00720344158 0.5 p-1 -4514 21
1198 786 m2 530109 -3.82595253e-08 0.5 p-1 -43090 15
994 787 m2 530330 0.000613734184 0.5 p-1 -8610 17
914 789 m2 533766 0.00177027041 0.5 p-1 -14743 6
535 792 m2 537132 0.00125650107 0.5 p-1 -1181368 660
1246 793 m2 539643 3.56182973e-05 0.5 p-1 -90658 2
1289 795 m2 542247 0.000253607082 0.5 p-1 -12162 1
1362 796 m2 542802 -5.7283989e-05 0.5 p-1 -29694 6
1372 797 m2 543851 0.124830499 0.5 p-1 -70818 11
643 798 m2 544234 -0.0271952022 0.5 p-1 -46472 125
113 800 m2 545107 -8.01682181e-05 0.5 p-1 -1823754 807
1279 801 m2 545289 -0.0215180721 0.5 p-1 -70743 8
1085 804 m2 546400 -0.00285197003 0.5 p-1 -53115 9
443 805 m2 547833 -0.00543452613 0.5 p-1 -2097560 293
496 806 m2 547840 -0.000105393105 0.5 p-1 -527784 105
114 807 m2 548884 0.000230462378 0.5 p-1 -8738226 1673
850 809 m2 550018 -0.0146257263 0.5 p-1 -272175 44
115 810 m2 550922 0.000779266993 0.5 p-1 -5781202 1635
273 811 m2 551894 -0.00182931719 0.5 p-1 -2641042 300
995 814 m2 554395 -5.3506581e-05 0.5 p-1 -59355 19
274 815 m2 555269 0.00219827238 0.5 p-1 -4771629 609
275 817 m2 555872 -0.000290405646 0.5 p-1 -6876126 215
1145 818 m2 557272 -2.26716202e-05 0.5 p-1 -45540 15
117 820 m2 558808 -0.00113209023 0.5 p-1 -2528431 1615
608 821 m2 558826 -0.00467024418 0.5 p-1 -186019 45
887 822 m2 558862 -0.0109065101 0.5 p-1 -501530 183
1109 823 m2 559430 0.000478244066 0.5 p-1 -221066 22
276 825 m2 561406 -8.09504854e-06 0.5 p-1 -613692 556
497 826 m2 561422 -0.00793661084 0.5 p-1 -186919 126
118 827 m2 562084 -7.32530752e-05 0.5 p-1 -5538776 1346
277 828 m2 563521 -0.00188160164 0.5 p-1 -301968 35
498 829 m2 565031 -0.00456134463 0.5 p-1 -8219396 431
721 830 m2 565135 -9.16142017e-06 0.5 p-1 -35403 14
278 832 m2 566618 -0.000190882885 0.5 p-1 -853763 625
279 835 m2 568322 -1.78741084e-05 0.5 p-1 -806991 471
280 836 m2 568661 -0.0101653421 0.5 p-1 -1751491 1262
945 837 m2 569228 -1.29447126e-05 0.5 p-1 -150881 48
281 839 m2 571061 0.00630655931 0.5 p-1 -362575 187
1210 842 m2 571591 0.0180236585 0.5 p-1 0 1
578 844 m2 572263 -0.000627996866 0.5 p-1 -1156483 255
119 845 m2 573506 0.0337930731 0.5 p-1 -3056940 610
282 846 m2 573554 -0.0143816508 0.5 p-1 -448543 194
699 848 m2 574195 -0.00125200546 0.5 p-1 -689819 178
120 849 m2 574516 -2.55992654e-06 0.5 p-1 -1137269 716
946 850 m2 574952 -0.000832388701 0.5 p-1 -152205 43
722 852 m2 576049 -0.0330910087 0.5 p-1 -56640 20
1130 854 m2 577242 -0.0295689721 0.5 p-1 -4302 5
808 855 m2 577282 0.00094010547 0.5 p-1 -939943 92
121 856 m2 577531 -0.0060165585 0.5 p-1 -534578 307
683 857 m2 578063 1.85282749e-06 0.5 p-1 -230182 208
915 859 m2 583132 -0.0361667871 0.5 p-1 -22583 21
783 863 m2 587211 0.122632295 0.5 p-1 -720634 468
968 864 m2 588963 0.00471747015 0.5 p-1 -42258 21
1313 866 m2 591078 -0.00140328705 0.5 p-1 -52315 19
794 869 m2 593374 0.00747573748 0.5 p-1 -1673441 174
536 870 m2 594204 -0.0269345529 0.5 p-1 -4947146 362
444 871 m2 594499 -0.000117286043 0.5 p-1 -451874 193
819 872 m2 595250 0.000577451079 0.5 p-1 -94437 34
283 873 m2 595379 -0.00302632409 0.5 p-1 -123590 34
1345 875 m2 596170 0.00348333782 0.5 p-1 -17478 1
1052 876 m2 596281 3.31503975e-06 0.5 p-1 -52875 61
579 877 m2 596635 -0.00325207948 0.5 p-1 -17019 3
795 878 m2 597880 0.00219434453 0.5 p-1 -89758 41
122 881 m2 598909 -0.00490446202 0.5 p-1 -2113462 455
645 884 m2 601430 -0.00715087773 0.5 p-1 -615432 197
123 885 m2 602000 0.00124367117 0.5 p-1 -4785705 863
537 886 m2 602499 -0.00841389783 0.5 p-1 -328580 412
1070 888 m2 604479 0.00600721687 0.5 p-1 -746758 17
796 889 m2 606519 3.87220025e-05 0.5 p-1 -1106093 56
445 890 m2 607156 0.000926945766 0.5 p-1 -1931864 278
754 892 m2 607982 -0.0337634906 0.5 p-1 -152347 61
580 894 m2 612011 -0.000272712641 0.5 p-1 -2695242 1135
581 895 m2 612023 -0.000242598515 0.5 p-1 -96341 18
582 896 m2 612329 6.81153494e-07 0.5 p-1 -4178554 1122
1022 897 m2 612917 2.69508348e-07 0.5 p-1 -1939057 44
610 898 m2 614385 -1.02429876e-05 0.5 p-1 -244114 32
1020 899 m2 614486 -0.00134837627 0.5 p-1 -121928 40
126 901 m2 615664 0.000286319177 0.5 p-1 -3401780 1717
1328 902 m2 616105 -0.116116628 0.5 p-1 -19691 8
127 903 m2 616482 0.00167450623 0.5 p-1 -3115053 548
611 904 m2 616680 0.00136880483 0.5 p-1 -407402 305
538 906 m2 617544 -0.00171760737 0.5 p-1 -11155 14
1155 907 m2 617839 0.0579619966 0.5 p-1 -52575 33
1292 908 m2 618257 0.000224822477 0.5 p-1 -93804 2
1479 909 m2 620801 0.0122491056 0.5 p-1 -26834 5
129 910 m2 621778 0.0198190156 0.5 p-1 -4347396 117
130 912 m2 623745 0.00157472747 0.5 p-1 -1894095 1447
1490 913 m2 624967 -0.00470144441 0.5 p-1 -3214 2
131 915 m2 625710 0.024376424 0.5 p-1 -5532096 1509
1147 917 m2 626548 -4.68770793e-07 0.5 p-1 -115146 33
133 918 m2 628279 -0.0310555547 0.5 p-1 -388722 421
134 919 m2 629300 0.0148904203 0.5 p-1 -3277121 1261
784 920 m2 629777 -6.78578189e-08 0.5 p-1 -99324 50
285 921 m2 631801 0.0385689437 0.5 p-1 -200311 120
666 922 m2 633399 -0.000519383408 0.5 p-1 -418800 217
841 923 m2 634016 3.15426951e-06 0.5 p-1 -978249 178
286 924 m2 634059 0.00112517178 0.5 p-1 -2760647 1598
287 926 m2 635245 -0.0104417447 0.5 p-1 -2456075 512
500 927 m2 635517 -0.00538789574 0.5 p-1 -1808762 184
831 930 m2 636970 -0.000482157804 0.5 p-1 -1242791 163
370 932 m2 638154 -0.000561898109 0.5 p-1 -1183230 275
540 933 m2 639129 2.18957066e-05 0.5 p-1 -4573889 132
1263 934 m2 640589 -0.0506094135 0.5 p-1 -18870 8
1356 935 m2 640981 1.55887101e-05 0.5 p-1 -198162 6
1425 936 m2 641497 -0.03397258 0.5 p-1 -1018 1
797 937 m2 641735 0.00446000835 0.5 p-1 -325047 67
137 939 m2 643525 -0.0183711015 0.5 p-1 -1979686 538
371 940 m2 643561 0.00716703478 0.5 p-1 -4408947 1462
1361 941 m2 644211 0.0172566418 0.5 p-1 -33530 7
541 943 m2 644969 -0.00940096099 0.5 p-1 -63935 17
900 944 m2 646325 9.25111672e-05 0.5 p-1 -724553 28
446 945 m2 647482 -0.0134997582 0.5 p-1 -2387355 797
1065 946 m2 647788 0.000318575272 0.5 p-1 -110026 17
740 947 m2 648117 0.00287752273 0.5 p-1 -110705 118
1487 948 m2 648499 0.000723795849 0.5 p-1 -3681 2
1407 949 m2 650074 0.00260161934 0.5 p-1 -15058 2
684 951 m2 650624 -0.0078921821 0.5 p-1 -577064 122
1175 952 m2 650682 -0.00433306582 0.5 p-1 -29740 4
612 953 m2 651106 -1.34793012e-08 0.5 p-1 -3789672 355
372 955 m2 651848 0.0225468911 0.5 p-1 -1796177 469
373 956 m2 651897 -0.000123964259 0.5 p-1 -2291598 509
503 957 m2 652155 8.8284607e-05 0.5 p-1 -720178 467
138 958 m2 652488 0.0171925388 0.5 p-1 -837645 1092
685 959 m2 654353 -0.0124882516 0.5 p-1 -69916 23
375 960 m2 655226 -0.000974830706 0.5 p-1 -1987611 387
376 961 m2 655698 -0.00495944405 0.5 p-1 -758201 273
1538 962 m2 655719 0.000594438228 0.5 p-1 -4403 1
139 963 m2 656559 -4.88569242e-07 0.5 p-1 -279713 259
785 965 m2 657487 -0.00373206893 0.5 p-1 -432872 91
1284 966 m2 657574 0.000815670646 0.5 p-1 -32437 12
141 969 m2 660418 -0.00474326918 0.5 p-1 -6037528 1629
142 970 m2 660743 -0.0469361581 0.5 p-1 -5912103 1994
143 971 m2 660875 -0.00134337205 0.5 p-1 -3356363 1297
1357 972 m2 661037 6.25881498e-08 0.5 p-1 -57856 3
144 973 m2 661293 6.78913068e-07 0.5 p-1 -1498567 1315
1473 974 m2 661694 -0.0104533546 0.5 p-1 -11228 5
1000 975 m2 662419 -0.00230157422 0.5 p-1 -148656 43
378 976 m2 663335 0.012430816 0.5 p-1 -353163 116
145 977 m2 663551 0.00203073048 0.5 p-1 -1945229 972
146 978 m2 664849 0.00318982452 0.5 p-1 -113189 99
147 980 m2 666103 0.00432071509 0.5 p-1 -4734849 1966
380 981 m2 667499 -0.0152496584 0.5 p-1 -71453 93
289 982 m2 667768 -0.0010944478 0.5 p-1 -727729 919
148 983 m2 668602 -0.0432528183 0.5 p-1 -8158013 1261
888 984 m2 668976 0.010477772 0.5 p-1 -1143287 104
1247 986 m2 670732 0.000504664029 0.5 p-1 -546015 48
1236 987 m2 673843 0.00785292592 0.5 p-1 -35971 6
1298 988 m2 674028 0.000372079958 0.5 p-1 -3027 1
381 990 m2 675296 0.0152306249 0.5 p-1 -1513046 875
962 991 m2 675968 3.79696736e-08 0.5 p-1 -198015 66
447 992 m2 676122 -0.0102980528 0.5 p-1 -477644 121
149 993 m2 677850 0.000187945014 0.5 p-1 -5728 8
1308 994 m2 678789 -0.00407971768 0.5 p-1 -17275 4
889 995 m2 678820 -0.00783696864 0.5 p-1 -76471 44
667 999 m2 680319 0.000308278482 0.5 p-1 -261907 247
448 1000 m2 680466 8.87772985e-05 0.5 p-1 -1156 7
290 1001 m2 680613 6.4377037e-10 0.5 p-1 -75379 62
150 1002 m2 680863 1.46116639e-08 0.5 p-1 -6849660 1061
1363 1004 m2 681271 4.54860565e-05 0.5 p-1 -19377 3
1228 1005 m2 681344 -0.000560079759 0.5 p-1 -8632 7
1021 1006 m2 681707 -0.0106494194 0.5 p-1 -254604 56
1009 1008 m2 682202 0.00896163564 0.5 p-1 -30069 86
1369 1009 m2 682715 -0.0426183119 0.5 p-1 -8854 15
987 1010 m2 683695 -1.1118275e-07 0.5 p-1 -47130 20
450 1011 m2 685234 -0.0200802758 0.5 p-1 -2002496 793
151 1013 m2 685285 -0.00759427762 0.5 p-1 -2210593 948
755 1014 m2 686432 -0.000316473917 0.5 p-1 -876205 111
1183 1015 m2 687770 0.00542342663 0.5 p-1 -125654 25
451 1016 m2 688734 -0.0013260938 0.5 p-1 -3102223 354
1176 1020 m2 691204 0.00486167474 0.5 p-1 -76280 4
291 1021 m2 691544 0.0139751406 0.5 p-1 -62733 38
1221 1022 m2 691561 8.51570585e-05 0.5 p-1 -35184 10
505 1024 m2 692063 -0.0965820029 0.5 p-1 -82024 80
153 1025 m2 692793 0.00752501935 0.5 p-1 -9053187 679
952 1027 m2 694585 -0.000425016187 0.5 p-1 -677788 82
154 1028 m2 694784 8.27166514e-05 0.5 p-1 -3378349 1125
1522 1029 m2 694999 0.0174716674 0.5 p-1 -15505 4
1066 1030 m2 697493 -0.0218587369 0.5 p-1 -23182 21
383 1031 m2 701657 -0.00100516516 0.5 p-1 -3091541 1226
1184 1032 m2 702152 0.0340503342 0.5 p-1 -500936 12
292 1033 m2 703598 -0.00472027529 0.5 p-1 -309988 182
157 1034 m2 703928 7.86184228e-06 0.5 p-1 -2053104 1372
904 1035 m2 705169 0.00258669374 0.5 p-1 -1825964 102
585 1036 m2 706431 0.0100399638 0.5 p-1 -2337424 577
1011 1037 m2 707405 -0.0758466199 0.5 p-1 -244755 63
1062 1038 m2 708152 -5.54621038e-05 0.5 p-1 -583567 24
723 1039 m2 708197 -0.00219356734 0.5 p-1 -1139790 191
949 1041 m2 710940 -0.0202375669 0.5 p-1 -1480129 126
1150 1042 m2 710955 0.00136566744 0.5 p-1 -48183 23
159 1044 m2 714760 -0.00838667434 0.5 p-1 -3836220 1430
160 1045 m2 715525 0.00512987282 0.5 p-1 -892816 1052
506 1047 m2 715686 0.00327531667 0.5 p-1 -2910349 460
1385 1050 m2 718949 0.0164855234 0.5 p-1 -28025 4
507 1051 m2 718953 8.29363557e-07 0.5 p-1 -593210 816
1141 1052 m2 721963 -0.0046309717 0.5 p-1 -75116 35
1091 1053 m2 722351 0.000112754315 0.5 p-1 -22183 4
668 1054 m2 722549 -0.000579620013 0.5 p-1 -265499 90
1237 1057 m2 723222 6.70141753e-06 0.5 p-1 -36144 18
452 1058 m2 724328 -0.00339290546 0.5 p-1 -2787792 795
453 1059 m2 724887 -0.00772514986 0.5 p-1 -713169 1003
293 1060 m2 725438 -0.00130519003 0.5 p-1 -4310710 1224
294 1061 m2 725518 0.000193836517 0.5 p-1 -473140 272
926 1062 m2 725547 1.01992814e-09 0.5 p-1 -296661 23
163 1064 m2 727638 0.0140966466 0.5 p-1 -8633303 1603
798 1065 m2 728284 0.00455724215 0.5 p-1 -6957 27
295 1066 m2 728832 0.00141087815 0.5 p-1 -595343 116
296 1067 m2 729461 0.0103340112 0.5 p-1 -2037030 873
1299 1069 m2 730752 0.00139842636 0.5 p-1 -75964 8
927 1071 m2 731624 3.3832941e-05 0.5 p-1 -329199 171
1304 1072 m2 731920 0.101400137 0.5 p-1 -13161 4
508 1073 m2 732936 -0.000114080729 0.5 p-1 -2583175 700
1269 1075 m2 733956 -0.081336759 0.5 p-1 -55178 11
1114 1076 m2 734097 0.0209506191 0.5 p-1 -98313 13
1392 1077 m2 734267 -0.00312576606 0.5 p-1 -13767 2
772 1078 m2 735560 -0.00125994068 0.5 p-1 -139890 4
1337 1079 m2 735797 -4.27154646e-06 0.5 p-1 -1866 2
686 1080 m2 736181 -0.00403988175 0.5 p-1 -21575 13
297 1081 m2 736259 6.98008944e-06 0.5 p-1 -169207 219
741 1083 m2 739009 0.00417388463 0.5 p-1 -248462 86
165 1084 m2 740287 -2.68592345e-07 0.5 p-1 -5648845 1161
384 1085 m2 740358 0.000999073847 0.5 p-1 -11563781 839
385 1087 m2 740440 -0.00205868343 0.5 p-1 -809541 114
646 1088 m2 740990 -0.000603984634 0.5 p-1 -1745544 176
1431 1089 m2 742527 -0.000187334415 0.5 p-1 -3079 1
878 1090 m2 742995 7.35288413e-05 0.5 p-1 -826926 103
298 1091 m2 743736 -1.06008429e-05 0.5 p-1 -4020533 608
543 1092 m2 744712 -0.0166399721 0.5 p-1 -177129 180
1227 1094 m2 745431 -0.000264023722 0.5 p-1 -2874 9
167 1095 m2 747560 9.79213582e-05 0.5 p-1 -3199608 1312
300 1096 m2 749045 -0.0165042728 0.5 p-1 -7568370 144
1034 1097 m2 749155 -0.0434000865 0.5 p-1 -117180 56
169 1099 m2 751775 -0.000467473554 0.5 p-1 -2090434 316
1238 1106 m2 757105 0.000365128304 0.5 p-1 -71975 5
454 1108 m2 758109 -2.0108786e-05 0.5 p-1 -4384993 341
170 1109 m2 759681 -0.0387582518 0.5 p-1 -1849729 262
171 1111 m2 761781 0.0399907008 0.5 p-1 -824293 260
386 1112 m2 762802 0.0296023991 0.5 p-1 -249757 138
832 1113 m2 762827 3.16851015e-07 0.5 p-1 -1888188 184
1092 1114 m2 763658 8.17726914e-07 0.5 p-1 -375047 7
705 1115 m2 763868 -0.0306731686 0.5 p-1 -438530 338
1254 1117 m2 765014 -3.97450058e-05 0.5 p-1 -785331 22
1421 1118 m2 765039 0.041749388 0.5 p-1 -85137 2
1255 1119 m2 765064 -0.00159614126 0.5 p-1 -1255996 22
172 1120 m2 765162 0.0513492711 0.5 p-1 -335971 113
301 1121 m2 765955 -1.99969963e-05 0.5 p-1 -6643864 1317
509 1122 m2 766067 -0.00170976867 0.5 p-1 -7057540 581
173 1123 m2 766498 -0.0010541525 0.5 p-1 -7036978 1706
799 1124 m2 766619 0.0462752171 0.5 p-1 -8201 59
1146 1125 m2 766622 0.00121854094 0.5 p-1 -60784 13
988 1126 m2 766794 0.000209254446 0.5 p-1 -988482 47
870 1127 m2 768045 0.000120167191 0.5 p-1 -841557 118
905 1130 m2 768691 -0.000239912115 0.5 p-1 -364912 212
700 1132 m2 771237 0.00235796371 0.5 p-1 -1102321 175
851 1134 m2 771912 -0.00457409816 0.5 p-1 -486810 68
647 1137 m2 773265 9.7291047e-07 0.5 p-1 -1013598 191
510 1138 m2 775193 -0.14944306 0.5 p-1 -1127774 159
176 1139 m2 775555 -0.0404758155 0.5 p-1 -7395154 1692
613 1140 m2 775710 -0.00313897268 0.5 p-1 -89103 117
916 1141 m2 776501 -0.00127999915 0.5 p-1 -481233 45
455 1144 m2 778664 -0.00452768803 0.5 p-1 -1850487 829
456 1145 m2 778732 -0.00442503113 0.5 p-1 -1385728 504
1012 1146 m2 780293 0.000118462514 0.5 p-1 -610472 94
1287 1147 m2 780648 -0.00533611886 0.5 p-1 -5137 15
614 1148 m2 780744 -0.000108281463 0.5 p-1 -2401913 158
302 1150 m2 781305 0.000433647423 0.5 p-1 -5342099 1053
1516 1151 m2 781552 -0.0209385343 0.5 p-1 -64100 1
615 1152 m2 781913 -0.012938791 0.5 p-1 -162908 65
948 1153 m2 782520 3.60813574e-05 0.5 p-1 -861206 10
178 1154 m2 782825 -0.00758842425 0.5 p-1 -9993489 508
757 1155 m2 782856 -0.00329316757 0.5 p-1 -326060 33
586 1156 m2 783926 0.00274442998 0.5 p-1 -888292 150
1413 1157 m2 785392 -0.0134393303 0.5 p-1 -4348 3
179 1158 m2 786246 -0.0648364574 0.5 p-1 -8541031 1811
180 1160 m2 787121 0.0531258434 0.5 p-1 -158947 95
1482 1161 m2 787395 0.000719406526 0.5 p-1 -12258 1
879 1164 m2 788747 0.000639845559 0.5 p-1 -7146222 91
1078 1165 m2 788856 -0.00200389046 0.5 p-1 -42197 5
917 1166 m2 789039 -0.000455016503 0.5 p-1 -403715 45
458 1167 m2 789922 -0.00164233882 0.5 p-1 -552191 56
459 1168 m2 790425 0.0651264042 0.5 p-1 -6117399 56
387 1170 m2 792830 -0.0427895971 0.5 p-1 -471833 580
687 1171 m2 793266 -0.0207768399 0.5 p-1 -338267 106
460 1172 m2 794680 1.18788388e-13 0.5 p-1 -1570308 114
1079 1173 m2 797136 0.00840888731 0.5 p-1 -5167 1
303 1174 m2 797754 -0.00146800268 0.5 p-1 -7124540 702
928 1175 m2 798295 -0.000463910052 0.5 p-1 -2346121 40
1340 1176 m2 799807 -0.0010405496 0.5 p-1 -453862 3
1399 1177 m2 801171 0.00546446815 0.5 p-1 -128540 4
1187 1179 m2 801660 1.39023086e-05 0.5 p-1 -5939 11
1015 1181 m2 802413 -0.00574534014 0.5 p-1 -107716 69
545 1182 m2 803340 -0.0156317875 0.5 p-1 -1189481 234
759 1183 m2 804680 0.0157765485 0.5 p-1 -748536 20
181 1185 m2 806968 -0.0121883461 0.5 p-1 -10810440 886
1495 1186 m2 807332 -0.00016102528 0.5 p-1 -21870 1
1127 1187 m2 807650 -0.0100857178 0.5 p-1 -24888 20
461 1189 m2 809513 0.00369169423 0.5 p-1 -2768385 928
1053 1190 m2 810038 0.0148017295 0.5 p-1 -47681 33
462 1191 m2 810332 -0.0214029811 0.5 p-1 -1157026 488
701 1192 m2 810553 -0.0194490198 0.5 p-1 -155072 38
811 1195 m2 812052 -0.0134054236 0.5 p-1 -7759 45
890 1198 m2 812855 2.8331126e-06 0.5 p-1 -3670509 23
800 1199 m2 813492 0.006122272 0.5 p-1 -247452 117
305 1200 m2 813551 -5.28076555e-07 0.5 p-1 -898920 531
871 1201 m2 813784 -0.0455350578 0.5 p-1 -48585 7
1110 1203 m2 815881 0.00954066962 0.5 p-1 -3268 21
1161 1204 m2 816545 0.00292756758 0.5 p-1 -205204 22
182 1205 m2 816667 -0.00351501931 0.5 p-1 -9523506 189
306 1207 m2 817470 0.00275121513 0.5 p-1 -266949 129
388 1208 m2 818765 -0.000294108497 0.5 p-1 -3399551 505
183 1209 m2 818894 7.95360756e-06 0.5 p-1 -4211851 1227
184 1210 m2 818993 0.000190451261 0.5 p-1 -8364642 1567
1214 1212 m2 820758 -1.50168489e-05 0.5 p-1 -2231143 14
186 1213 m2 821594 2.00250292e-06 0.5 p-1 -1135839 580
187 1214 m2 821735 -0.00436305115 0.5 p-1 -3227756 1220
918 1215 m2 822133 -4.25188773e-05 0.5 p-1 -58623 60
707 1216 m2 822223 0.000676571333 0.5 p-1 -601948 155
587 1217 m2 822722 0.000654128205 0.5 p-1 -71577 35
773 1218 m2 822838 -3.57592835e-05 0.5 p-1 -20798 11
189 1219 m2 824148 -1.40598444e-09 0.5 p-1 -1439204 268
1353 1220 m2 824200 -0.00315711112 0.5 p-1 -58985 1
307 1221 m2 824441 -5.34135652e-05 0.5 p-1 -1152986 802
190 1224 m2 826284 -0.000160222073 0.5 p-1 -2236081 1831
1537 1225 m2 826649 -2.37510158e-05 0.5 p-1 -7386 2
191 1226 m2 827376 -8.24544895e-06 0.5 p-1 -833218 282
1497 1228 m2 828117 -0.0100030852 0.5 p-1 -4812 3
390 1229 m2 828139 4.7945352e-05 0.5 p-1 -2330566 163
588 1230 m2 829938 0.000766889716 0.5 p-1 -352926 22
192 1231 m2 830211 0.000166489568 0.5 p-1 -8989146 1608
194 1234 m2 831991 -0.00913053844 0.5 p-1 -5128338 1017
616 1235 m2 831993 -0.0199150164 0.5 p-1 -288275 17
1111 1236 m2 832221 -0.00420673797 0.5 p-1 -293689 82
391 1237 m2 832545 0.00459730392 0.5 p-1 -4371854 1060
463 1239 m2 833198 0.00074862194 0.5 p-1 -818945 698
1156 1241 m2 834182 -0.000327294634 0.5 p-1 -16992 4
511 1244 m2 839142 0.000860171276 0.5 p-1 -3224361 201
1280 1245 m2 839147 0.00768810557 0.5 p-1 -30168 14
1112 1246 m2 839504 0.00115198921 0.5 p-1 -5492 11
547 1248 m2 843801 -0.0915282369 0.5 p-1 -1652934 146
196 1249 m2 844350 3.6277325e-07 0.5 p-1 -3683211 1134
197 1250 m2 844568 -0.00246277498 0.5 p-1 -449962 184
919 1251 m2 844946 -0.000742276839 0.5 p-1 -141131 122
308 1252 m2 845384 0.00197227742 0.5 p-1 -6603816 1646
1117 1253 m2 846039 7.98877154e-05 0.5 p-1 -99413 23
198 1254 m2 846226 -0.000425812003 0.5 p-1 -4002381 465
1017 1257 m2 850533 2.59757513e-07 0.5 p-1 -133907 33
1475 1258 m2 852868 -0.00849557761 0.5 p-1 -387 2
983 1259 m2 853649 0.000334348297 0.5 p-1 -943144 50
1250 1260 m2 854073 0.000597272418 0.5 p-1 -6443 14
309 1261 m2 854817 0.0105649484 0.5 p-1 -625364 505
310 1262 m2 855902 -2.06418292e-07 0.5 p-1 -4888545 1162
396 1263 m2 855938 0.000717505696 0.5 p-1 -93126 62
1087 1264 m2 856807 -0.0755015537 0.5 p-1 -2775235 78
1414 1265 m2 857439 0.0105773341 0.5 p-1 -10166 8
1203 1266 m2 857727 -0.0143878292 0.5 p-1 -2144450 20
648 1267 m2 858022 0.019310819 0.5 p-1 -22825 21
724 1268 m2 858216 0.0257554352 0.5 p-1 -6357652 86
311 1270 m2 861496 -0.00680805696 0.5 p-1 -10314078 584
649 1271 m2 862327 -0.0024583668 0.5 p-1 -184932 154
1504 1273 m2 863063 -0.001297076 0.5 p-1 -334 1
820 1274 m2 866682 0.0058443523 0.5 p-1 -2074169 77
464 1275 m2 867633 3.9956754e-07 0.5 p-1 -632233 314
312 1276 m2 868148 7.40676742e-10 0.5 p-1 -821771 912
650 1277 m2 868416 0.0722672641 0.5 p-1 -11452 18
1380 1278 m2 868561 -0.000854881248 0.5 p-1 -3970 12
397 1280 m2 870954 -0.00286016404 0.5 p-1 -475231 57
465 1282 m2 871271 1.77442271e-05 0.5 p-1 -1789015 334
1347 1283 m2 872462 -0.0179871339 0.5 p-1 -3733 5
548 1284 m2 872722 0.000225675816 0.5 p-1 -2773784 837
774 1285 m2 873679 -0.00323202461 0.5 p-1 -3603964 341
398 1286 m2 873860 1.16963679e-06 0.5 p-1 -5015051 1199
1168 1287 m2 874398 -2.02385627e-06 0.5 p-1 -113627 47
920 1288 m2 874426 0.00907363277 0.5 p-1 -301264 200
313 1290 m2 877385 0.000775892928 0.5 p-1 -4222613 1072
843 1291 m2 877402 5.56332088e-06 0.5 p-1 -468592 150
872 1292 m2 878013 -0.00164593896 0.5 p-1 -261382 58
873 1293 m2 878580 -0.010559191 0.5 p-1 -360206 54
1466 1294 m2 878761 0.0181582794 0.5 p-1 -300 1
1142 1295 m2 879318 -0.00255157729 0.5 p-1 -107558 37
813 1296 m2 880240 0.00247175898 0.5 p-1 -362017 112
314 1297 m2 880620 0.000184270029 0.5 p-1 -4882736 105
1517 1298 m2 882685 0.00643218681 0.5 p-1 -875 1
669 1299 m2 883275 0.000247218559 0.5 p-1 -85653 77
1531 1300 m2 883658 5.01823401e-08 0.5 p-1 -2273 1
466 1301 m2 884601 6.55447293e-05 0.5 p-1 -4381928 1215
201 1304 m2 885703 -8.02555369e-05 0.5 p-1 -664696 507
1300 1305 m2 885968 -0.0111730937 0.5 p-1 -1257 2
1469 1306 m2 887225 0.032915432 0.5 p-1 -17408 1
760 1307 m2 887977 0.0319684446 0.5 p-1 -120438 7
315 1309 m2 889579 0.00414805254 0.5 p-1 -1660935 540
1038 1311 m2 890765 -9.69125758e-05 0.5 p-1 -94483 32
513 1313 m2 891301 -4.0674855e-05 0.5 p-1 -3490646 336
1256 1314 m2 892446 -0.0183312967 0.5 p-1 -1026 10
316 1315 m2 892753 -0.00249434635 0.5 p-1 -4967101 550
402 1316 m2 893169 0.00255965395 0.5 p-1 -4546786 1587
787 1317 m2 893482 -0.00187360845 0.5 p-1 -1460326 362
788 1319 m2 894615 0.0198393203 0.5 p-1 -1420484 356
403 1320 m2 895029 -0.00222573779 0.5 p-1 -126308 70
404 1323 m2 898476 2.79929827e-06 0.5 p-1 -2176607 500
514 1324 m2 898946 0.0484523587 0.5 p-1 -248524 280
318 1325 m2 899976 -0.0153246066 0.5 p-1 -1301079 846
1039 1327 m2 900024 0.027601311 0.5 p-1 -217517 21
981 1328 m2 901336 9.25821514e-05 0.5 p-1 -535103 104
834 1330 m2 901688 -0.00753128761 0.5 p-1 -218523 135
671 1331 m2 901833 3.63099412e-10 0.5 p-1 -1856509 141
1379 1332 m2 902136 0.00255035656 0.5 p-1 -27414 1
672 1334 m2 902649 0.0162998997 0.5 p-1 -898861 210
725 1336 m2 904293 -0.000147543047 0.5 p-1 -1040724 5
551 1337 m2 904388 9.24808501e-06 0.5 p-1 -232344 199
203 1340 m2 907630 -2.39653182e-05 0.5 p-1 -4744524 1891
405 1341 m2 907787 0.000132478643 0.5 p-1 -446555 253
406 1346 m2 913817 4.92309582e-10 0.5 p-1 -19142 32
982 1347 m2 914685 0.0219719931 0.5 p-1 -127123 38
204 1348 m2 915203 -0.00124996039 0.5 p-1 -2727031 473
673 1349 m2 915318 0.00036134175 0.5 p-1 -4950656 19
1042 1350 m2 916980 0.0392466076 0.5 p-1 -21530 9
1324 1351 m2 917466 -0.0053497483 0.5 p-1 -5141 1
891 1352 m2 918038 5.94922858e-05 0.5 p-1 -155381 37
1257 1353 m2 918905 0.000262613408 0.5 p-1 -8291 5
835 1354 m2 919571 0.000136995615 0.5 p-1 -208831 151
319 1355 m2 920138 0.000427840103 0.5 p-1 -1231761 224
515 1356 m2 920630 3.90053128e-06 0.5 p-1 -947074 835
1433 1357 m2 921509 0.00333148381 0.5 p-1 -40259 2
1540 1361 m2 926035 -0.0710630044 0.5 p-1 -32876 1
468 1362 m2 926260 -0.000160031297 0.5 p-1 -4003983 621
552 1363 m2 926316 -0.00686843973 0.5 p-1 -726956 304
1359 1364 m2 926372 -7.70251702e-08 0.5 p-1 -5008 4
703 1367 m2 930321 0.0383424722 0.5 p-1 -407132 104
321 1368 m2 930698 0.00157011626 0.5 p-1 -162082 39
1528 1371 m2 931822 0.00250966661 0.5 p-1 -1130 1
1128 1372 m2 932052 -0.0184832197 0.5 p-1 -245433 21
469 1373 m2 932673 -0.00134589151 0.5 p-1 -1827501 902
322 1375 m2 933002 0.0195478611 0.5 p-1 -2832747 1100
206 1377 m2 934393 -0.000988899264 0.5 p-1 -1796731 1006
1067 1380 m2 934999 -0.0164031573 0.5 p-1 -17855 8
1068 1382 m2 936362 -0.00934180617 0.5 p-1 -252174 26
619 1385 m2 937065 0.0245368611 0.5 p-1 -1981594 473
323 1386 m2 938556 1.07748784e-11 0.5 p-1 -5190278 446
620 1387 m2 938821 0.00149520265 0.5 p-1 -411784 280
1162 1388 m2 938919 -0.0109725213 0.5 p-1 -32623 8
471 1391 m2 940439 -2.40494586e-07 0.5 p-1 -1350009 280
651 1393 m2 942442 -0.0168958344 0.5 p-1 -700109 186
652 1394 m2 942895 -0.000605573063 0.5 p-1 -2264214 212
407 1396 m2 944163 0.00144427782 0.5 p-1 -46910 158
954 1397 m2 946148 -0.0024691096 0.5 p-1 -183368 18
408 1399 m2 947134 0.00853214227 0.5 p-1 -2457843 647
1251 1400 m2 947299 -0.00306652859 0.5 p-1 -34532 28
472 1401 m2 947316 -0.00117034744 0.5 p-1 -1156202 345
208 1402 m2 949382 -0.0386054292 0.5 p-1 -2277171 1805
1189 1403 m2 949494 0.00108188763 0.5 p-1 -338497 18
653 1404 m2 949531 0.0484240018 0.5 p-1 -65520 125
727 1405 m2 950489 0.0137605416 0.5 p-1 -2153731 198
589 1406 m2 950539 0.00629234873 0.5 p-1 -3130830 269
324 1407 m2 951318 0.000770734623 0.5 p-1 -680756 334
935 1408 m2 951427 0.000400006888 0.5 p-1 -313813 74
1121 1409 m2 951612 0.00807852112 0.5 p-1 -38119 25
874 1410 m2 951758 0.0165699236 0.5 p-1 -349016 79
1503 1411 m2 951758 0.000126862753 0.5 p-1 -3411 2
325 1412 m2 951990 0.00161574094 0.5 p-1 -2927453 344
1411 1413 m2 952261 -3.36842209e-06 0.5 p-1 -110508 7
409 1414 m2 952445 0.00043024667 0.5 p-1 -972950 621
1023 1416 m2 953137 0.00368180219 0.5 p-1 -116367 37
326 1417 m2 955146 0.0012949591 0.5 p-1 -1057041 413
209 1418 m2 955186 -0.000181968135 0.5 p-1 -192283 93
621 1420 m2 956817 0.0133659691 0.5 p-1 -68179 100
775 1421 m2 957354 0.000687366526 0.5 p-1 -50357 26
1047 1422 m2 959062 -0.00301306159 0.5 p-1 -550895 41
1212 1423 m2 959488 -0.0014050107 0.5 p-1 -348488 36
553 1424 m2 959815 0.00279299286 0.5 p-1 -759259 152
210 1426 m2 960237 0.00783664454 0.5 p-1 -8749993 1779
836 1427 m2 960445 -0.0184883289 0.5 p-1 -1756937 204
212 1430 m2 961609 0.000330581242 0.5 p-1 -7944312 1468
328 1431 m2 962675 0.00501151057 0.5 p-1 -1752902 564
473 1432 m2 964406 0.000135355513 0.5 p-1 -408690 278
1169 1433 m2 965435 0.00277033704 0.5 p-1 -179463 9
213 1434 m2 965453 0.0243114885 0.5 p-1 -1301319 998
590 1435 m2 965857 -0.0297358632 0.5 p-1 -1269178 398
709 1436 m2 967047 -0.0203356594 0.5 p-1 -407948 56
329 1437 m2 967077 0.00273577217 0.5 p-1 -1293279 289
330 1438 m2 967259 5.10807404e-05 0.5 p-1 -6033057 1158
214 1439 m2 967260 8.35273931e-06 0.5 p-1 -5547492 842
1204 1440 m2 967295 -0.0351167284 0.5 p-1 -11646 4
1194 1443 m2 969796 -1.03075672e-06 0.5 p-1 -115603 14
936 1444 m2 969865 -0.0142152701 0.5 p-1 -141460 55
1525 1447 m2 972381 -0.0189669859 0.5 p-1 -5726 1
1216 1449 m2 972686 0.00466002291 0.5 p-1 -202873 26
215 1450 m2 972846 -5.52287156e-06 0.5 p-1 -2101221 761
1133 1451 m2 973081 -6.87817003e-09 0.5 p-1 -2285 16
980 1452 m2 973170 0.00769183552 0.5 p-1 -265930 53
1211 1453 m2 973788 2.7911763e-05 0.5 p-1 -111903 8
930 1454 m2 973811 -0.000158898547 0.5 p-1 -131575 81
216 1455 m2 974109 0.000558516127 0.5 p-1 -1647704 659
728 1456 m2 974413 0.00154218695 0.5 p-1 -31802 26
554 1458 m2 975169 -0.000957293902 0.5 p-1 -324189 64
1171 1459 m2 975209 -0.00480284542 0.5 p-1 -11360 2
931 1460 m2 976302 0.000889626623 0.5 p-1 -53746 39
865 1462 m2 980161 -0.000786432647 0.5 p-1 -945874 161
1296 1464 m2 981298 0.0941951722 0.5 p-1 -6850 4
331 1465 m2 983807 -0.000188426886 0.5 p-1 -776290 846
217 1468 m2 987644 0.0214309376 0.5 p-1 -2237313 692
516 1470 m2 988100 0.00165465183 0.5 p-1 -1784161 1123
729 1471 m2 988427 -0.000506296172 0.5 p-1 -1431511 353
742 1472 m2 988897 -0.000612057222 0.5 p-1 -4273853 70
1100 1473 m2 988984 0.000265506882 0.5 p-1 -11578 5
969 1474 m2 989048 0.000143108206 0.5 p-1 -90670 46
776 1475 m2 991007 0.0458053499 0.5 p-1 -398509 16
743 1477 m2 991732 0.00819708407 0.5 p-1 -3848610 278
218 1478 m2 992329 -0.000679282646 0.5 p-1 -5399478 1492
1243 1479 m2 993441 -0.037624862 0.5 p-1 -30183 5
1081 1480 m2 993444 0.0160396807 0.5 p-1 -131987 70
1240 1481 m2 996162 -0.00718551828 0.5 p-1 -15712 11
411 1482 m2 998051 0.000308175309 0.5 p-1 -477646 599
880 1484 m2 999047 0.00627739681 0.5 p-1 -1229083 105
1374 1485 m2 906224 -0.000336355035 0.5 p0 2 2
1484 1487 m2 915184 0.00077019399 0.5 p0 2 2
1132 1492 m2 959172 -0.0131420614 0.5 p0 2 5
1523 1495 m2 606981 -0.000187608559 0.5 p0 2 2
1520 1497 m2 471087 8.67702765e-05 0.5 p0 2 1
1438 1503 m2 838377 0.0274851173 0.5 p0 2 2
1348 1505 m2 24866 -0.000512201281 0.5 p0 2 2
1543 1506 m2 921214 0.000533243292 0.5 p0 2 1
1463 1510 m2 104898 0.00510681188 0.5 p0 2 5
1454 1511 m2 879941 -6.36421191e-07 0.5 p0 2 4
632 1512 m2 306812 -0.00587425148 0.5 p0 2 10
1388 1513 m2 16447 9.3186037e-07 0.5 p0 2 2
1398 1514 m2 412758 0.0164196268 0.5 p0 2 3
1311 1519 m2 940982 3.23855456e-05 0.5 p0 2 1
1351 1536 m2 69911 -0.00031126017 0.5 p0 2 4
1099 1541 m2 460699 -0.00952479523 0.5 p0 2 9
1378 1542 m2 849810 9.33372576e-07 0.5 p0 2 5
1489 1544 m2 540694 0.00268969988 0.5 p0 2 1
1262 1546 m2 762166 9.63702114e-05 0.5 p0 2 6
1394 1551 m2 585983 0.0264135674 0.5 p0 2 1
793 1555 m2 483758 0.0113512659 0.5 p0 2 23
1364 1556 m2 180820 0.00273421267 0.5 p0 2 2
838 1558 m2 199367 0.0148075726 0.5 p0 2 2
1325 1560 m2 150548 2.45909159e-05 0.5 p0 2 1
1326 1561 m2 172285 3.25420988e-05 0.5 p0 2 1
1140 1562 m2 377358 0.00776968384 0.5 p0 2 1
1383 1563 m2 544088 -0.000634208205 0.5 p0 2 2
1310 1571 m2 92055 -8.48464697e-06 0.5 p0 2 9
1429 1573 m2 978096 -0.00186815031 0.5 p0 2 3
906 1574 m2 817974 -0.00571657345 0.5 p0 2 12
656 1578 m2 145159 0.00597408693 0.5 p0 2 16
1451 1579 m2 654761 -1.7806884e-05 0.5 p0 2 3
1258 1585 m2 45545 0.0321106948 0.5 p0 2 6
1505 1599 m2 155546 -0.00330623263 0.5 p0 2 4
1188 1600 m2 859095 0.02954714 0.5 p0 2 6
1059 1601 m2 439597 0.00135842501 0.5 p0 2 9
985 1614 m2 127324 7.83808173e-06 0.5 p0 2 1
1464 1615 m2 141960 -0.00280937878 0.5 p0 2 1
1423 1616 m2 228713 0.0168510694 0.5 p0 2 1
1239 1618 m2 836414 -0.00990178902 0.5 p0 2 3
1493 1619 m2 927785 0.00015602127 0.5 p0 2 2
1332 1621 m2 581884 0.0509094149 0.5 p0 2 3
1544 1633 m2 215299 0.0333020911 0.5 p0 2 1
1496 1636 m2 555555 -3.08481431e-05 0.5 p0 2 1
1303 1641 m2 121729 0.000216884626 0.5 p0 2 5
1373 1644 m2 340121 0.00038859676 0.5 p0 2 7
1232 1645 m2 53126 3.79074627e-05 0.5 p0 2 9
1488 1662 m2 805193 0.056705419 0.5 p0 2 2
1375 1666 m2 299647 -0.00092562224 0.5 p0 2 4
1073 1681 m2 364659 -0.00189533143 0.5 p0 2 3
1499 1692 m2 338706 -9.33291844e-09 0.5 p0 2 1
1422 1693 m2 512137 3.07430099e-08 0.5 p0 2 3
1199 1697 m2 711859 -0.00510503678 0.5 p0 2 8
1439 1703 m2 724428 5.94828771e-06 0.5 p0 2 1
1508 1705 m2 396603 4.97585097e-05 0.5 p0 2 1
1329 1706 m2 808211 -1.22175584e-06 0.5 p0 2 1
1515 1707 m2 981549 0.000577436702 0.5 p0 2 1
1494 1709 m2 144890 -0.00249013072 0.5 p0 2 3
1346 1713 m2 89665 0.00373304402 0.5 p0 2 2
1435 1715 m2 546277 -0.0269651823 0.5 p0 2 1
1455 1726 m2 140698 -0.000444819365 0.5 p0 2 1
1457 1729 m2 69757 -0.0478437692 0.5 p0 2 2
844 1732 m2 69740 -0.00690642232 0.5 p0 2 3
1360 1734 m2 157193 -0.000829740078 0.5 p0 2 10
1376 1741 m2 573239 -0.000111910718 0.5 p0 2 2
1400 1750 m2 4216 -0.000616399338 0.5 p0 2 1
1108 1751 m2 632226 0.00444242032 0.5 p0 2 10
1486 1757 m2 31918 7.73737775e-05 0.5 p0 2 2
868 1768 m2 212930 0.0232632831 0.5 p0 2 10
1535 1770 m2 150293 -0.0104986336 0.5 p0 2 1
1341 1771 m2 951642 -0.0434288196 0.5 p0 2 3
1507 1776 m2 981563 0.000253945502 0.5 p0 2 1
1389 1777 m2 421420 0.00962714478 0.5 p0 2 1
1390 1778 m2 472094 -0.02607386 0.5 p0 2 1
1396 1779 m2 158040 1.18276503e-05 0.5 p0 2 3
1450 1781 m2 125706 2.4151288e-05 0.5 p0 2 3
1511 1782 m2 655842 0.000188579841 0.5 p0 2 1
1318 1806 m2 60584 0.000514608284 0.5 p0 2 2
1542 1807 m2 55136 -0.0013125221 0.5 p0 2 1
1235 1816 m2 873691 -0.000400130579 0.5 p0 2 3
1498 1818 m1 4627 0 0.5 p-1 -8567 1
1223 1819 m1 7726 0 0.5 p-1 -3352 5
1107 1820 m1 12677 -0 0.5 p-1 -8 7
1541 1821 m1 13733 0 0.5 p-1 -536 1
1248 1822 m1 15313 0 0.5 p-1 -8515 18
909 1823 m1 17225 -0 0.5 p-1 -151270 21
1093 1824 m1 20973 0 0.5 p-1 -28091 3
1007 1825 m1 21662 -0 0.5 p-1 -142088 43
3 1826 m1 22275 0 0.5 p-1 -2156861 1225
4 1827 m1 25473 0 0.5 p-1 -3108673 871
414 1828 m1 25547 -0 0.5 p-1 -2224639 689
221 1830 m1 34074 0 0.5 p-1 -1434126 811
622 1833 m1 35877 -0 0.5 p-1 -631357 101
712 1834 m1 36557 -0 0.5 p-1 -114195 8
7 1835 m1 38015 -0 0.5 p-1 -6059764 1979
837 1836 m1 38401 -0 0.5 p-1 -60290 10
1013 1837 m1 40009 0 0.5 p-1 -50504 21
623 1838 m1 40114 0 0.5 p-1 -1117865 897
1267 1839 m1 41882 0 0.5 p-1 -70200 27
690 1840 m1 46331 0 0.5 p-1 -271914 110
1088 1841 m1 47373 -0 0.5 p-1 -68438 13
1316 1842 m1 47579 -0 0.5 p-1 -303259 10
816 1844 m1 50897 -0 0.5 p-1 -146988 71
10 1845 m1 52283 0 0.5 p-1 -2999455 624
691 1847 m1 54022 0 0.5 p-1 -9314 14
1470 1848 m1 57798 0 0.5 p-1 -90138 4
224 1849 m1 57867 -0 0.5 p-1 -756518 556
1401 1850 m1 58468 -0 0.5 p-1 -380840 1
675 1851 m1 59199 -0 0.5 p-1 -27248 24
474 1852 m1 63220 0 0.5 p-1 -562515 394
226 1853 m1 63684 0 0.5 p-1 -4275463 1282
17 1855 m1 66108 -0 0.5 p-1 -3613619 966
789 1857 m1 71343 0 0.5 p-1 -490203 139
18 1858 m1 71874 -0 0.5 p-1 -12647938 226
1054 1859 m1 73435 -0 0.5 p-1 -196425 35
21 1860 m1 74320 -0 0.5 p-1 -3094339 727
335 1861 m1 74709 -0 0.5 p-1 -1876784 888
22 1863 m1 77607 -0 0.5 p-1 -1326168 725
978 1864 m1 77640 -0 0.5 p-1 -2035 11
902 1867 m1 96129 -0 0.5 p-1 -152314 76
937 1868 m1 97063 -0 0.5 p-1 -21554 37
1182 1869 m1 97876 -0 0.5 p-1 -19836 4
1259 1870 m1 98526 0 0.5 p-1 -13143 11
25 1871 m1 99290 0 0.5 p-1 -4580338 1768
1440 1872 m1 99766 -0 0.5 p-1 -1505 1
337 1873 m1 100879 0 0.5 p-1 -3816619 520
420 1874 m1 101793 0 0.5 p-1 -451967 411
1418 1875 m1 109220 0 0.5 p-1 -3137 1
521 1876 m1 113869 0 0.5 p-1 -1710209 273
338 1877 m1 120080 -0 0.5 p-1 -69565 15
854 1879 m1 128294 -0 0.5 p-1 -2692403 261
477 1880 m1 128937 -0 0.5 p-1 -3331356 661
629 1881 m1 131763 -0 0.5 p-1 -3235789 303
1105 1882 m1 132547 0 0.5 p-1 -1886039 17
713 1883 m1 133428 0 0.5 p-1 -571031 222
1095 1884 m1 133970 0 0.5 p-1 -368797 46
778 1886 m1 137350 -0 0.5 p-1 -290460 126
1476 1887 m1 141601 -0 0.5 p-1 -3534 1
1384 1888 m1 142227 0 0.5 p-1 -1136 3
1056 1889 m1 145088 -0 0.5 p-1 -143860 52
657 1890 m1 157248 0 0.5 p-1 -2641762 561
340 1891 m1 157822 0 0.5 p-1 -1411390 587
1387 1894 m1 159462 -0 0.5 p-1 -59364 1
822 1895 m1 159656 0 0.5 p-1 -83954 27
903 1896 m1 161311 0 0.5 p-1 -27836 44
1106 1897 m1 162224 0 0.5 p-1 -24985 13
422 1898 m1 163529 0 0.5 p-1 -1964979 521
1365 1899 m1 165041 -0 0.5 p-1 -625032 13
1205 1900 m1 168791 0 0.5 p-1 -14 19
676 1901 m1 169323 -0 0.5 p-1 -142645 46
522 1902 m1 169839 -0 0.5 p-1 -1378874 114
523 1904 m1 170047 -0 0.5 p-1 -1751992 110
35 1905 m1 172771 -0 0.5 p-1 -4025859 238
828 1906 m1 173412 0 0.5 p-1 -989 9
964 1907 m1 176692 0 0.5 p-1 -179885 24
423 1908 m1 179007 -0 0.5 p-1 -711460 91
1539 1910 m1 189098 0 0.5 p-1 -106332 1
847 1916 m1 197587 0 0.5 p-1 -294218 84
1462 1917 m1 198819 0 0.5 p-1 -5097 2
1119 1918 m1 201859 -0 0.5 p-1 -19816 24
803 1919 m1 202529 -0 0.5 p-1 -87210 59
714 1920 m1 204770 0 0.5 p-1 -107689 13
1024 1921 m1 205440 -0 0.5 p-1 -146134 71
1491 1922 m1 206672 -0 0.5 p-1 -38200 1
481 1925 m1 214560 0 0.5 p-1 -13066621 936
692 1926 m1 215342 0 0.5 p-1 -3101356 128
237 1927 m1 217107 -0 0.5 p-1 -641263 171
44 1928 m1 219110 -0 0.5 p-1 -1952255 361
1018 1929 m1 219931 0 0.5 p-1 -154364 17
939 1932 m1 221745 0 0.5 p-1 -223003 36
240 1933 m1 223203 0 0.5 p-1 -411126 357
715 1934 m1 223393 -0 0.5 p-1 -870 1
1492 1935 m1 225681 0 0.5 p-1 -86416 1
677 1936 m1 227078 0 0.5 p-1 -399556 105
1029 1937 m1 228839 0 0.5 p-1 -365984 21
47 1938 m1 229308 0 0.5 p-1 -2866911 1235
1008 1939 m1 230981 0 0.5 p-1 -76750 79
482 1940 m1 236674 0 0.5 p-1 -1021693 314
49 1941 m1 237332 -0 0.5 p-1 -2192370 1234
564 1942 m1 237389 -0 0.5 p-1 -2001336 648
50 1944 m1 240725 -0 0.5 p-1 -3669814 1383
746 1945 m1 240950 -0 0.5 p-1 -146734 11
1218 1947 m1 244340 -0 0.5 p-1 -355759 30
990 1949 m1 245807 0 0.5 p-1 -43194 28
1120 1950 m1 246119 0 0.5 p-1 -22598 18
241 1951 m1 246558 -0 0.5 p-1 -7619211 815
934 1953 m1 249029 -0 0.5 p-1 -271384 20
1447 1955 m1 250124 -0 0.5 p-1 -1665 3
659 1956 m1 252312 -0 0.5 p-1 -2659533 174
345 1957 m1 253415 -0 0.5 p-1 -2059152 943
823 1958 m1 253719 0 0.5 p-1 -825168 123
1035 1959 m1 254775 0 0.5 p-1 -104940 22
483 1961 m1 258885 0 0.5 p-1 -887102 304
1026 1962 m1 259075 0 0.5 p-1 -2614 7
1241 1963 m1 261627 -0 0.5 p-1 -62562 12
243 1964 m1 263428 -0 0.5 p-1 -711524 58
734 1966 m1 269176 0 0.5 p-1 -38711 44
347 1967 m1 269682 0 0.5 p-1 -231207 10
1368 1969 m1 274992 0 0.5 p-1 -246258 11
427 1972 m1 284136 -0 0.5 p-1 -11825973 282
1174 1974 m1 288759 0 0.5 p-1 -1324985 51
1072 1978 m1 293829 -0 0.5 p-1 -2421400 61
1417 1979 m1 296434 -0 0.5 p-1 -80058 7
1402 1981 m1 302997 0 0.5 p-1 -98321 32
65 1982 m1 303054 0 0.5 p-1 -1128890 712
1410 1984 m1 306693 -0 0.5 p-1 -22593 5
66 1985 m1 306857 -0 0.5 p-1 -2958862 930
1405 1986 m1 309234 0 0.5 p-1 -4678 6
839 1987 m1 311198 0 0.5 p-1 -1827699 71
1098 1989 m1 312922 -0 0.5 p-1 -167546 38
992 1992 m1 316664 -0 0.5 p-1 -69385 54
1264 1993 m1 317566 -0 0.5 p-1 -2022644 18
569 1994 m1 317968 0 0.5 p-1 -218444 163
1333 1995 m1 318336 0 0.5 p-1 -18602 4
353 1996 m1 319235 -0 0.5 p-1 -1482999 379
1045 1997 m1 320322 0 0.5 p-1 -260337 50
1354 2000 m1 328896 -0 0.5 p-1 -30297 14
1305 2001 m1 332765 -0 0.5 p-1 -52944 12
1322 2002 m1 334685 -0 0.5 p-1 -670751 24
486 2004 m1 334978 -0 0.5 p-1 -1117884 616
1419 2005 m1 336498 -0 0.5 p-1 -2080 6
71 2008 m1 342694 -0 0.5 p-1 -1318745 327
433 2010 m1 348622 0 0.5 p-1 -339029 55
716 2011 m1 354132 0 0.5 p-1 -53458 11
356 2012 m1 355656 -0 0.5 p-1 -3665914 889
825 2014 m1 359009 -0 0.5 p-1 -53805 6
76 2016 m1 362526 0 0.5 p-1 -1268449 453
77 2018 m1 369272 -0 0.5 p-1 -3031752 558
80 2021 m1 372118 -0 0.5 p-1 -1654242 987
1485 2023 m1 377653 0 0.5 p-1 -114753 1
571 2024 m1 378115 -0 0.5 p-1 -275874 230
974 2025 m1 386054 0 0.5 p-1 -37442 17
694 2026 m1 386174 0 0.5 p-1 -222291 9
84 2027 m1 394580 -0 0.5 p-1 -6451911 1920
941 2028 m1 395656 0 0.5 p-1 -191524 30
637 2029 m1 398568 0 0.5 p-1 -1468570 674
256 2030 m1 399769 -0 0.5 p-1 -2169851 551
1249 2032 m1 402112 0 0.5 p-1 -5504 3
1273 2034 m1 409744 0 0.5 p-1 -48360 25
258 2037 m1 414116 -0 0.5 p-1 -1233814 680
1382 2039 m1 418507 0 0.5 p-1 -10994 1
87 2041 m1 423060 -0 0.5 p-1 -3686676 1330
358 2042 m1 423685 -0 0.5 p-1 -12338154 676
437 2043 m1 423949 0 0.5 p-1 -2859874 417
89 2044 m1 425021 -0 0.5 p-1 -3946026 1913
1220 2045 m1 429304 0 0.5 p-1 -11579 9
359 2048 m1 436282 -0 0.5 p-1 -8384088 107
663 2049 m1 438106 -0 0.5 p-1 -19386 16
492 2050 m1 439533 -0 0.5 p-1 -162090 167
360 2051 m1 441187 0 0.5 p-1 -398072 38
96 2052 m1 441817 0 0.5 p-1 -1150468 612
718 2055 m1 444352 0 0.5 p-1 -1258946 165
97 2056 m1 444533 -0 0.5 p-1 -3694077 1389
1478 2057 m1 448887 0 0.5 p-1 -3280 4
363 2059 m1 455593 -0 0.5 p-1 -5888962 319
1409 2060 m1 462053 -0 0.5 p-1 -18498 3
642 2061 m1 462385 0 0.5 p-1 -2309534 174
267 2064 m1 467549 0 0.5 p-1 -959656 856
1197 2065 m1 473621 0 0.5 p-1 -14037 12
1010 2066 m1 475209 -0 0.5 p-1 -423872 105
1336 2068 m1 477666 0 0.5 p-1 -60012 4
1514 2070 m1 486538 0 0.5 p-1 -298277 2
665 2071 m1 488618 -0 0.5 p-1 -768944 158
751 2072 m1 489676 -0 0.5 p-1 -894541 387
105 2073 m1 490086 0 0.5 p-1 -165535 179
1366 2074 m1 492954 0 0.5 p-1 -10037 8
827 2075 m1 495710 0 0.5 p-1 -1144956 239
1136 2076 m1 497172 0 0.5 p-1 -643109 43
107 2077 m1 502281 -0 0.5 p-1 -727812 171
1427 2079 m1 504453 -0 0.5 p-1 -8020 2
605 2080 m1 506854 0 0.5 p-1 -256299 232
1064 2081 m1 509045 -0 0.5 p-1 -42006 7
861 2085 m1 514338 0 0.5 p-1 -7256 14
993 2086 m1 518929 -0 0.5 p-1 -46525 32
752 2087 m1 520538 0 0.5 p-1 -154134 77
1116 2088 m1 521969 -0 0.5 p-1 -5285 2
1137 2090 m1 532926 -0 0.5 p-1 -26198 12
1226 2092 m1 535684 -0 0.5 p-1 -942 11
770 2093 m1 536042 0 0.5 p-1 -707882 21
1090 2094 m1 538786 0 0.5 p-1 -106165 15
1170 2095 m1 543978 0 0.5 p-1 -102273 55
1509 2096 m1 546554 0 0.5 p-1 -11386 3
607 2098 m1 551611 0 0.5 p-1 -517825 27
116 2099 m1 552632 0 0.5 p-1 -8157821 1196
1129 2101 m1 553637 0 0.5 p-1 -51461 26
1452 2102 m1 561052 0 0.5 p-1 -51616 4
1453 2103 m1 563533 -0 0.5 p-1 -268543 4
1339 2104 m1 568700 0 0.5 p-1 -70570 3
368 2106 m1 573549 0 0.5 p-1 -4314184 325
1465 2107 m1 576773 -0 0.5 p-1 -1423 3
753 2108 m1 577903 0 0.5 p-1 -176183 76
1502 2109 m1 579549 -0 0.5 p-1 -24862 2
830 2110 m1 580254 0 0.5 p-1 -78989 36
644 2114 m1 585423 0 0.5 p-1 -650299 394
862 2115 m1 587142 0 0.5 p-1 -910863 51
979 2116 m1 589710 -0 0.5 p-1 -1479673 102
809 2117 m1 590233 -0 0.5 p-1 -507262 115
1377 2118 m1 592304 -0 0.5 p-1 -331348 14
1033 2119 m1 592711 0 0.5 p-1 -256387 60
499 2120 m1 596114 0 0.5 p-1 -1971752 113
284 2121 m1 597146 0 0.5 p-1 -4939821 963
124 2126 m1 607007 0 0.5 p-1 -5905733 1497
609 2129 m1 611362 -0 0.5 p-1 -798223 396
369 2131 m1 613124 0 0.5 p-1 -15172 27
947 2132 m1 613315 -0 0.5 p-1 -268099 46
125 2133 m1 613496 -0 0.5 p-1 -5150008 494
583 2135 m1 618299 0 0.5 p-1 -1128757 298
128 2136 m1 620671 -0 0.5 p-1 -5750798 419
539 2138 m1 624064 0 0.5 p-1 -2210957 489
1355 2139 m1 624193 -0 0.5 p-1 -193802 2
1456 2140 m1 625435 0 0.5 p-1 -11774 5
1301 2141 m1 627856 0 0.5 p-1 -1969 7
132 2142 m1 628002 0 0.5 p-1 -2075021 1187
135 2143 m1 630639 0 0.5 p-1 -611795 388
288 2144 m1 637330 0 0.5 p-1 -2246453 103
501 2145 m1 637336 0 0.5 p-1 -3124803 92
136 2146 m1 638243 -0 0.5 p-1 -7063281 1531
996 2147 m1 638861 0 0.5 p-1 -179471 69
1031 2148 m1 643028 -0 0.5 p-1 -6931 26
502 2149 m1 643362 0 0.5 p-1 -1796046 1172
1177 2151 m1 650840 -0 0.5 p-1 -17473 1
842 2152 m1 652129 -0 0.5 p-1 -32980 18
374 2153 m1 653583 -0 0.5 p-1 -1813291 339
1282 2154 m1 655231 -0 0.5 p-1 -86943 28
377 2156 m1 656854 -0 0.5 p-1 -1683183 318
1215 2158 m1 658315 0 0.5 p-1 -4319 18
140 2159 m1 659953 -0 0.5 p-1 -1563004 861
379 2160 m1 663396 0 0.5 p-1 -348210 116
771 2162 m1 668592 0 0.5 p-1 -276768 115
1272 2163 m1 671814 0 0.5 p-1 -27102 15
504 2165 m1 676335 0 0.5 p-1 -188557 202
704 2166 m1 678036 -0 0.5 p-1 -2112021 176
382 2169 m1 683666 -0 0.5 p-1 -272011 99
449 2170 m1 684389 0 0.5 p-1 -1278702 316
584 2171 m1 684492 0 0.5 p-1 -378340 212
951 2172 m1 687546 0 0.5 p-1 -307707 63
1534 2173 m1 690905 0 0.5 p-1 -6013 1
152 2174 m1 691213 0 0.5 p-1 -814129 326
155 2176 m1 694793 -0 0.5 p-1 -449148 296
156 2178 m1 696573 0 0.5 p-1 -2674473 1091
953 2179 m1 698624 0 0.5 p-1 -147068 76
158 2180 m1 703937 -0 0.5 p-1 -405017 20
1323 2181 m1 706457 -0 0.5 p-1 -9228 13
1513 2183 m1 714806 -0 0.5 p-1 -24069 2
161 2187 m1 721000 0 0.5 p-1 -11710999 1165
1265 2189 m1 723767 -0 0.5 p-1 -119628 10
1041 2191 m1 725366 0 0.5 p-1 -218444 24
542 2192 m1 726563 -0 0.5 p-1 -2535513 243
162 2193 m1 727444 -0 0.5 p-1 -6206317 1977
756 2194 m1 729671 0 0.5 p-1 -605450 68
810 2195 m1 734768 0 0.5 p-1 -247743 26
1131 2196 m1 736941 -0 0.5 p-1 -251622 65
164 2198 m1 737444 0 0.5 p-1 -57861 41
166 2199 m1 744683 0 0.5 p-1 -4086810 1513
544 2200 m1 744794 0 0.5 p-1 -1406631 387
299 2201 m1 747448 0 0.5 p-1 -286856 433
168 2202 m1 750368 -0 0.5 p-1 -673051 447
1242 2204 m1 752914 0 0.5 p-1 -87354 8
174 2207 m1 766889 0 0.5 p-1 -2192817 815
175 2208 m1 770895 0 0.5 p-1 -207648 79
1412 2209 m1 773018 -0 0.5 p-1 -90805 3
1125 2211 m1 773539 -0 0.5 p-1 -2344 6
457 2212 m1 779412 -0 0.5 p-1 -4176369 975
177 2213 m1 780454 -0 0.5 p-1 -4924434 1946
1037 2215 m1 783463 -0 0.5 p-1 -98548 65
1260 2216 m1 784049 -0 0.5 p-1 -366775 17
758 2218 m1 788574 -0 0.5 p-1 -475410 126
706 2220 m1 793448 -0 0.5 p-1 -1279826 66
1126 2221 m1 796803 0 0.5 p-1 -46138 14
546 2223 m1 803596 -0 0.5 p-1 -3550708 487
304 2224 m1 804668 0 0.5 p-1 -7422987 963
929 2225 m1 809897 -0 0.5 p-1 -54433 14
1437 2226 m1 811975 0 0.5 p-1 -4413 2
1358 2227 m1 815199 -0 0.5 p-1 -58252 2
185 2228 m1 819111 0 0.5 p-1 -11918431 1634
702 2229 m1 819796 -0 0.5 p-1 -434934 119
389 2231 m1 821128 0 0.5 p-1 -2522097 331
188 2232 m1 822701 -0 0.5 p-1 -2995065 1840
688 2233 m1 823562 0 0.5 p-1 -220736 70
863 2234 m1 824618 0 0.5 p-1 -364290 74
1016 2237 m1 828976 -0 0.5 p-1 -230135 49
1424 2238 m1 829735 0 0.5 p-1 -90022 2
193 2239 m1 831164 0 0.5 p-1 -844912 712
1178 2240 m1 831359 -0 0.5 p-1 -1888 1
1321 2241 m1 832425 0 0.5 p-1 -193872 4
392 2242 m1 832666 0 0.5 p-1 -1825976 1068
617 2244 m1 833951 -0 0.5 p-1 -1275464 71
1471 2245 m1 836670 0 0.5 p-1 -2221 4
393 2246 m1 837135 -0 0.5 p-1 -942214 338
1391 2247 m1 837439 -0 0.5 p-1 -16442 2
394 2248 m1 838801 -0 0.5 p-1 -541521 190
1102 2249 m1 841557 0 0.5 p-1 -171629 62
395 2250 m1 841709 -0 0.5 p-1 -6112546 387
195 2251 m1 841849 0 0.5 p-1 -698735 415
812 2252 m1 842832 -0 0.5 p-1 -301202 32
833 2253 m1 848310 -0 0.5 p-1 -1567251 60
199 2255 m1 849658 0 0.5 p-1 -540038 153
618 2256 m1 850969 0 0.5 p-1 -1614901 314
901 2257 m1 855019 -0 0.5 p-1 -1117804 186
786 2258 m1 861579 0 0.5 p-1 -149263 109
512 2259 m1 862385 0 0.5 p-1 -4243788 409
907 2260 m1 864022 -0 0.5 p-1 -75688 62
1268 2261 m1 865090 0 0.5 p-1 -1209 7
908 2262 m1 865803 -0 0.5 p-1 -670581 79
1209 2265 m1 874610 0 0.5 p-1 -55320 16
200 2268 m1 882518 -0 0.5 p-1 -1983610 775
399 2269 m1 882911 0 0.5 p-1 -872737 690
549 2271 m1 883837 0 0.5 p-1 -118309 61
550 2272 m1 884876 -0 0.5 p-1 -2897189 97
202 2274 m1 886018 0 0.5 p-1 -3966185 1587
1172 2276 m1 886401 -0 0.5 p-1 -22606 18
1103 2277 m1 886520 0 0.5 p-1 -5795 27
708 2278 m1 887556 -0 0.5 p-1 -2460943 117
670 2279 m1 889389 -0 0.5 p-1 -356951 41
864 2280 m1 889604 -0 0.5 p-1 -33571 20
989 2281 m1 890641 -0 0.5 p-1 -51325 15
400 2282 m1 891445 0 0.5 p-1 -276671 247
1367 2283 m1 892918 -0 0.5 p-1 -87352 2
401 2284 m1 893094 -0 0.5 p-1 -3852453 630
317 2285 m1 893573 -0 0.5 p-1 -1910744 460
1309 2286 m1 895096 0 0.5 p-1 -13307 16
910 2288 m1 902347 0 0.5 p-1 -40266 24
997 2290 m1 906177 0 0.5 p-1 -302729 60
467 2291 m1 907813 0 0.5 p-1 -11730256 1074
1408 2293 m1 910526 -0 0.5 p-1 -9803 1
1307 2294 m1 911696 -0 0.5 p-1 -116885 45
1051 2297 m1 922721 -0 0.5 p-1 -946 6
1225 2298 m1 923562 -0 0.5 p-1 -1512214 41
726 2299 m1 924056 -0 0.5 p-1 -5243619 300
205 2300 m1 924300 -0 0.5 p-1 -4108756 1766
1040 2301 m1 927862 -0 0.5 p-1 -163755 70
320 2302 m1 928878 -0 0.5 p-1 -1968013 528
1123 2303 m1 929158 -0 0.5 p-1 -1042 5
470 2305 m1 933947 -0 0.5 p-1 -546487 360
207 2307 m1 936770 0 0.5 p-1 -1925092 1876
1459 2308 m1 937498 -0 0.5 p-1 -161488 1
1206 2309 m1 942816 -0 0.5 p-1 -50155 7
327 2312 m1 955698 0 0.5 p-1 -2863442 1203
1124 2313 m1 955751 -0 0.5 p-1 -29421 13
211 2315 m1 961344 0 0.5 p-1 -1960572 1600
410 2316 m1 964393 0 0.5 p-1 -1122414 395
1157 2319 m1 968457 -0 0.5 p-1 -22344 11
801 2320 m1 971537 -0 0.5 p-1 -2524611 106
984 2321 m1 972185 0 0.5 p-1 -18754 15
591 2322 m1 973045 -0 0.5 p-1 -188720 66
1370 2327 m1 976434 -0 0.5 p-1 -15916 8
866 2328 m1 980773 0 0.5 p-1 -1429554 140
555 2329 m1 980830 -0 0.5 p-1 -423413 260
1518 2330 m1 981229 -0 0.5 p-1 -210067 1
710 2333 m1 992806 0 0.5 p-1 -534584 69
219 2334 m1 998007 -0 0.5 p-1 -6223379 1901
1202 2335 m1 998322 0 0.5 p-1 -7473 16
1510 2336 m1 999417 -0 0.5 p-1 -6663 2
