Temp_ID Permanent_ID Mutation_type Position s h Subpop Tick Number
167 0 m2 929 2.71498648e-05 0.5 p-1 -16488 4
272 1 m2 3685 9.03195087e-06 0.5 p-1 -12568 3
224 3 m2 10839 0.00572475931 0.5 p-1 -73754 17
122 4 m2 11273 0.000229154 0.5 p-1 -240026 256
30 5 m2 11767 0.00619344041 0.5 p-1 -3984896 1516
56 6 m2 13351 -0.0172906239 0.5 p-1 -2338554 709
57 7 m2 13744 0.00545600709 0.5 p-1 -175971 107
137 8 m2 20292 -0.000145868296 0.5 p-1 -66966 25
0 9 m2 25410 -0.000132987872 0.5 p-1 -4276476 730
145 10 m2 32527 0.000353188196 0.5 p-1 -92504 13
128 11 m2 37965 0.000810851168 0.5 p-1 -63897 23
261 12 m2 38564 -0.00153091212 0.5 p-1 -137203 12
67 13 m2 41675 0.00695252325 0.5 p-1 -647621 167
216 15 m2 57140 5.82967805e-05 0.5 p-1 -169753 8
263 16 m2 82124 0.0555484779 0.5 p-1 -63604 8
1 17 m2 82613 2.41030102e-05 0.5 p-1 -3930173 880
291 19 m2 85496 -2.27901569e-06 0.5 p-1 -4998 1
2 20 m2 88798 -0.0338704251 0.5 p-1 -4680079 1350
163 21 m2 93370 -0.00106979604 0.5 p-1 -101789 79
214 22 m2 102714 -3.01048954e-06 0.5 p-1 -153486 10
87 23 m2 104066 0.00376566895 0.5 p-1 -1096608 495
3 24 m2 107357 9.29601697e-07 0.5 p-1 -900153 946
292 25 m2 109794 -0.000836366846 0.5 p-1 -12366 1
94 26 m2 110139 -0.00204284978 0.5 p-1 -1534473 73
31 29 m2 117430 -0.0228964239 0.5 p-1 -835072 226
237 30 m2 123751 0.0157668572 0.5 p-1 -33740 8
169 31 m2 125792 0.0342976935 0.5 p-1 -86019 37
95 32 m2 125871 8.7216049e-06 0.5 p-1 -115685 103
153 33 m2 125921 0.00338314846 0.5 p-1 -48065 81
176 34 m2 129272 0.00526176905 0.5 p-1 -130861 48
32 36 m2 133183 0.00235424866 0.5 p-1 -1074124 954
194 37 m2 138357 4.7879854e-07 0.5 p-1 -103622 53
240 38 m2 144334 -0.000570142933 0.5 p-1 -15357 11
181 39 m2 150524 3.37040478e-06 0.5 p-1 -52629 17
58 40 m2 150823 -0.00130823429 0.5 p-1 -184057 158
110 41 m2 156030 0.0121184383 0.5 p-1 -757337 108
59 42 m2 157226 2.95594e-05 0.5 p-1 -1617778 324
213 43 m2 157993 5.4646327e-05 0.5 p-1 -41701 18
264 44 m2 160060 0.00106907566 0.5 p-1 -3306625 2
120 46 m2 170998 -0.00255593401 0.5 p-1 -1801382 162
249 47 m2 174215 -0.00126268319 0.5 p-1 -3342 6
212 48 m2 178197 -0.00221000682 0.5 p-1 -875 9
96 49 m2 179227 5.74374599e-06 0.5 p-1 -3595157 728
196 50 m2 184372 0.000268251373 0.5 p-1 -426447 14
88 51 m2 187536 -0.0131431343 0.5 p-1 -3828626 445
177 52 m2 192324 0.0224125441 0.5 p-1 -7762 9
89 53 m2 192598 -0.000517021341 0.5 p-1 -2125530 199
125 54 m2 199183 0.0391083546 0.5 p-1 -959195 228
259 57 m2 207790 9.53244671e-06 0.5 p-1 -10007080 20
219 58 m2 208792 0.000125652368 0.5 p-1 -7626 7
5 59 m2 213104 0.00157332816 0.5 p-1 -5542895 1837
225 60 m2 215040 -0.0349884145 0.5 p-1 -301 13
211 61 m2 215147 6.45711698e-05 0.5 p-1 -108492 31
60 62 m2 239164 0.00849906728 0.5 p-1 -1419527 75
116 63 m2 240031 0.0149105713 0.5 p-1 -136829 42
78 69 m2 255939 -0.000148928433 0.5 p-1 -278979 194
215 71 m2 261775 0.00172626355 0.5 p-1 -449 8
33 72 m2 267324 -0.0113070579 0.5 p-1 -2845152 1409
276 73 m2 272829 -0.0592885129 0.5 p-1 -11927 2
231 74 m2 273054 -0.000380920654 0.5 p-1 -17353 5
61 75 m2 278265 2.37083459e-05 0.5 p-1 -33210 48
7 76 m2 311774 -0.000491246348 0.5 p-1 -4914675 523
146 78 m2 314353 1.56867543e-07 0.5 p-1 -211193 59
103 79 m2 314427 -1.97578029e-05 0.5 p-1 -2624150 331
9 80 m2 326315 0.00238537951 0.5 p-1 -248207 123
34 81 m2 328418 0.0107181454 0.5 p-1 -5780463 1471
104 82 m2 330607 0.00318581308 0.5 p-1 -420452 132
140 84 m2 338626 1.21870471e-05 0.5 p-1 -303510 153
201 85 m2 346257 0.0184737742 0.5 p-1 -166200 48
186 87 m2 355203 -0.00485141436 0.5 p-1 -18244 33
69 88 m2 355659 0.0252819341 0.5 p-1 -1938515 314
35 89 m2 358958 0.000989955734 0.5 p-1 -6114427 1884
192 90 m2 368161 0.0387012549 0.5 p-1 -391332 89
36 95 m2 385810 -0.00801628642 0.5 p-1 -1750002 1063
105 96 m2 393368 -2.18359546e-05 0.5 p-1 -9743133 409
209 97 m2 396210 0.00055484398 0.5 p-1 -33370 14
166 98 m2 396852 0.0193199497 0.5 p-1 -51374 10
150 99 m2 396905 -8.37700863e-05 0.5 p-1 -197949 23
62 100 m2 399057 0.0204144828 0.5 p-1 -1867737 312
38 101 m2 399171 -0.00498245331 0.5 p-1 -1316699 497
287 103 m2 404412 0.000588825613 0.5 p-1 -10529 1
10 104 m2 406728 0.00260422891 0.5 p-1 -645113 925
97 105 m2 414925 -0.0114826635 0.5 p-1 -783500 224
238 106 m2 417123 0.000478964124 0.5 p-1 -39603 7
70 108 m2 420989 0.0183222108 0.5 p-1 -3019594 571
90 110 m2 430086 -0.00810338557 0.5 p-1 -1971914 240
187 111 m2 432626 7.75534209e-05 0.5 p-1 -41717 24
111 112 m2 434245 0.0134741282 0.5 p-1 -94928 4
197 113 m2 442843 -0.00089194061 0.5 p-1 -223388 32
285 114 m2 452574 0.0024820657 0.5 p-1 -20282 3
40 115 m2 453094 -0.00129289425 0.5 p-1 -70329 120
155 116 m2 455381 -0.0100605944 0.5 p-1 -315118 65
130 117 m2 459271 -0.0102943685 0.5 p-1 -3320 9
91 118 m2 460913 -0.00996714924 0.5 p-1 -17646 42
154 120 m2 467826 -0.000884894107 0.5 p-1 -138086 24
41 123 m2 487632 0.00488062203 0.5 p-1 -2730706 1333
72 124 m2 495073 0.000107461005 0.5 p-1 -1138369 518
143 125 m2 496203 0.00562869851 0.5 p-1 -506524 29
129 127 m2 497165 -8.39190488e-06 0.5 p-1 -72209 110
223 128 m2 501842 -4.78742868e-06 0.5 p-1 -307863 14
12 129 m2 504830 -0.00611239439 0.5 p-1 -3083302 1406
64 130 m2 512162 0.000996999326 0.5 p-1 -2683495 142
189 133 m2 530366 -0.00225792825 0.5 p-1 -6005 10
79 134 m2 531112 -0.000663478277 0.5 p-1 -3724688 174
101 135 m2 533057 0.00848673098 0.5 p-1 -1902521 144
232 136 m2 535573 0.00225897646 0.5 p-1 -20443 12
80 137 m2 539138 -9.27484434e-05 0.5 p-1 -52159 74
281 138 m2 539551 -0.000153837696 0.5 p-1 -18012 3
159 139 m2 540388 0.00693558436 0.5 p-1 -53061 17
117 140 m2 542136 0.00692350511 0.5 p-1 -379451 96
252 141 m2 544917 -2.47127249e-11 0.5 p-1 -47874 2
246 142 m2 549698 0.0652457476 0.5 p-1 -5275 5
135 143 m2 554220 0.00105867267 0.5 p-1 -697056 32
195 144 m2 556263 4.93246375e-07 0.5 p-1 -526781 11
275 145 m2 558874 -0.000247532502 0.5 p-1 -3727 3
73 146 m2 561894 0.00245684152 0.5 p-1 -756757 188
234 147 m2 566626 5.40366018e-05 0.5 p-1 -612075 5
199 148 m2 576597 -0.000391551614 0.5 p-1 -265302 46
262 149 m2 595229 -0.0131508708 0.5 p-1 -135964 5
222 150 m2 595771 0.000468979939 0.5 p-1 -43079 13
13 152 m2 598362 0.00370855746 0.5 p-1 -693252 673
268 153 m2 603723 0.0063034147 0.5 p-1 -34029 2
121 154 m2 603770 0.00367276976 0.5 p-1 -369274 123
149 157 m2 612958 -0.000986270374 0.5 p-1 -258204 71
102 158 m2 620204 0.00397274457 0.5 p-1 -30465 31
14 160 m2 622888 -1.27815701e-06 0.5 p-1 -2926648 513
49 161 m2 627240 0.00432990724 0.5 p-1 -2200422 384
75 162 m2 633401 -0.00886728242 0.5 p-1 -287482 60
16 163 m2 647367 0.00200700597 0.5 p-1 -7590194 1564
17 164 m2 647631 -0.00840359088 0.5 p-1 -6771494 473
42 165 m2 648749 -0.00684017921 0.5 p-1 -1150405 232
18 166 m2 651010 0.000213884778 0.5 p-1 -660720 386
50 167 m2 651486 0.0225054137 0.5 p-1 -285889 136
286 168 m2 653243 0.0368040726 0.5 p-1 -10247 6
20 171 m2 662059 -0.000464921526 0.5 p-1 -1214855 945
112 172 m2 663919 2.72328028e-11 0.5 p-1 -1302370 456
124 174 m2 666718 0.00313508464 0.5 p-1 -3538125 389
226 175 m2 669637 -0.0176869072 0.5 p-1 -22347 17
203 176 m2 671859 -7.89476144e-06 0.5 p-1 -120024 8
230 177 m2 672774 -0.0330382846 0.5 p-1 -6164 5
126 178 m2 674274 -1.40233806e-06 0.5 p-1 -291302 76
132 179 m2 675608 0.00205251761 0.5 p-1 -133825 98
274 180 m2 676530 -0.0217106286 0.5 p-1 -16417 3
43 181 m2 679080 0.0487059653 0.5 p-1 -1303510 1551
118 182 m2 683756 -0.00145770528 0.5 p-1 -836340 255
81 183 m2 687900 0.00541564636 0.5 p-1 -926830 92
113 186 m2 712762 0.000945524895 0.5 p-1 -1899750 248
82 188 m2 719006 -0.0313289501 0.5 p-1 -754105 130
106 189 m2 721188 -0.000404421968 0.5 p-1 -2707593 139
53 190 m2 722177 9.9781173e-05 0.5 p-1 -393993 491
190 191 m2 725077 -0.00990080647 0.5 p-1 -31184 8
144 193 m2 735438 0.00310707628 0.5 p-1 -2570900 110
205 194 m2 735728 0.000241768736 0.5 p-1 -76920 19
51 195 m2 736388 0.000904113171 0.5 p-1 -4549839 688
54 198 m2 753256 -0.000464562123 0.5 p-1 -164147 130
21 199 m2 755087 0.0030841094 0.5 p-1 -469437 271
22 200 m2 756565 0.00179576618 0.5 p-1 -333858 269
221 201 m2 760949 -0.00882574357 0.5 p-1 -137572 20
227 202 m2 763431 -0.000668821333 0.5 p-1 -271787 29
290 203 m2 769467 -1.4569971e-06 0.5 p-1 -66407 4
92 204 m2 773772 3.93475739e-06 0.5 p-1 -3846386 889
172 205 m2 781532 2.72788213e-07 0.5 p-1 -465476 28
256 206 m2 790610 -0.0016620669 0.5 p-1 -20314 13
204 207 m2 792078 0.00298972568 0.5 p-1 -107944 11
23 208 m2 795303 0.000391183072 0.5 p-1 -3510388 1459
235 210 m2 809296 0.00339764799 0.5 p-1 -56263 11
65 211 m2 813232 3.81230564e-07 0.5 p-1 -1601641 233
77 213 m2 817795 -0.00694300374 0.5 p-1 -299016 223
24 214 m2 818605 0.000451784872 0.5 p-1 -1409715 976
84 215 m2 826187 0.0442890674 0.5 p-1 -166882 84
160 218 m2 834775 0.000150276799 0.5 p-1 -18442 11
138 219 m2 838669 0.00320180575 0.5 p-1 -389517 61
44 220 m2 838786 -0.00481724134 0.5 p-1 -10700042 707
45 221 m2 844824 -0.0760867372 0.5 p-1 -6365457 1281
254 222 m2 846400 0.00807003118 0.5 p-1 -6646 4
168 223 m2 848174 0.00144030922 0.5 p-1 -801771 82
185 225 m2 853190 -0.0287270062 0.5 p-1 -229993 13
156 226 m2 853449 3.19146238e-08 0.5 p-1 -505847 88
228 229 m2 859604 0.00876246672 0.5 p-1 -15950 3
180 230 m2 863630 -2.6946429e-05 0.5 p-1 -3570 14
174 232 m2 866666 -0.0104573518 0.5 p-1 -25626 4
239 233 m2 867953 0.0166954082 0.5 p-1 -21468 6
161 236 m2 876920 1.44447167e-05 0.5 p-1 -401140 26
257 238 m2 882280 -0.000257270789 0.5 p-1 -31085 1
25 239 m2 883986 -0.00597750349 0.5 p-1 -658030 342
47 240 m2 884199 -0.000134069953 0.5 p-1 -1528554 298
188 241 m2 885128 0.00545803318 0.5 p-1 -170347 30
52 243 m2 890250 0.0207419302 0.5 p-1 -4829258 768
207 244 m2 899067 0.00625816174 0.5 p-1 -466279 3
147 245 m2 903053 0.00419911649 0.5 p-1 -86029 57
85 247 m2 912387 -0.000483612443 0.5 p-1 -646453 155
55 248 m2 914871 0.0249110758 0.5 p-1 -371790 183
107 249 m2 923422 1.72661746e-10 0.5 p-1 -2649834 111
108 252 m2 937960 -0.00576030323 0.5 p-1 -939329 138
148 253 m2 938656 -0.00194414263 0.5 p-1 -24058 10
157 254 m2 940309 0.00264860247 0.5 p-1 -543755 39
152 256 m2 940944 0.00142059044 0.5 p-1 -12101 3
27 257 m2 953088 -0.00100559974 0.5 p-1 -4672210 535
93 258 m2 959371 0.00014106372 0.5 p-1 -370329 78
119 259 m2 962501 -0.0221248008 0.5 p-1 -498534 198
247 260 m2 965591 0.0181194041 0.5 p-1 -156478 2
243 261 m2 970804 -0.00013787116 0.5 p-1 -34216 14
142 262 m2 971386 0.000902049127 0.5 p-1 -32413 2
244 263 m2 972200 -2.42565766e-05 0.5 p-1 -3615 8
48 264 m2 972383 -0.0208139345 0.5 p-1 -2841503 927
218 267 m2 979968 -8.56643146e-06 0.5 p-1 -326229 41
182 268 m2 986107 -0.00332556223 0.5 p-1 -36978 10
233 269 m2 990547 6.47399429e-05 0.5 p-1 -18619 3
29 270 m2 995425 0.00241437997 0.5 p-1 -3221017 1861
271 271 m2 996531 -0.0211972836 0.5 p-1 -21850 2
245 273 m2 108715 -0.000363306724 0.5 p0 2 1
206 274 m2 959690 0.0318813473 0.5 p0 2 3
198 278 m2 188511 0.00550051359 0.5 p0 2 2
283 281 m2 237925 0.00657044351 0.5 p0 2 3
277 284 m2 972769 -0.000167230653 0.5 p0 2 2
260 293 m2 104817 7.00748351e-05 0.5 p0 2 3
134 294 m2 930232 0.0464736857 0.5 p0 2 6
255 296 m2 824696 0.00946826581 0.5 p0 2 3
270 297 m2 666869 -0.0374070629 0.5 p0 2 2
191 298 m2 34107 0.0580382496 0.5 p0 2 6
136 300 m2 756347 0.0092283925 0.5 p0 2 5
164 301 m2 155918 0.0529007614 0.5 p0 2 40
282 308 m2 40357 -0.00340608205 0.5 p0 2 2
202 310 m2 808533 -0.000890595838 0.5 p0 2 16
284 312 m2 514544 0.0386454165 0.5 p0 2 1
171 316 m2 255405 -0.00121172192 0.5 p0 2 4
293 321 m2 936304 -0.00585023779 0.5 p0 2 1
265 322 m2 231062 0.00266763382 0.5 p0 2 1
170 323 m2 165565 -0.00614517601 0.5 p0 2 3
253 326 m2 767343 0.000324801658 0.5 p0 2 4
288 328 m2 69408 -0.000121414036 0.5 p0 2 3
251 329 m2 307603 0.00170968624 0.5 p0 2 9
258 330 m2 842290 4.23933816e-05 0.5 p0 2 7
280 332 m2 459223 -0.0475618802 0.5 p0 2 3
242 336 m1 4158 -0 0.5 p-1 -51430 17
208 337 m1 16454 -0 0.5 p-1 -281320 42
99 338 m1 42021 0 0.5 p-1 -554623 205
68 339 m1 45251 -0 0.5 p-1 -3127384 668
86 340 m1 67926 0 0.5 p-1 -1712754 322
278 341 m1 89862 0 0.5 p-1 -2713 1
279 342 m1 93345 0 0.5 p-1 -9953 1
109 343 m1 101385 -0 0.5 p-1 -446947 63
175 344 m1 107365 -0 0.5 p-1 -27641 89
123 345 m1 109628 -0 0.5 p-1 -3738211 85
100 348 m1 134361 0 0.5 p-1 -133140 30
184 350 m1 146460 0 0.5 p-1 -162638 17
4 351 m1 171949 -0 0.5 p-1 -5640555 1201
139 352 m1 198015 0 0.5 p-1 -271555 53
229 353 m1 211951 -0 0.5 p-1 -31659 26
200 355 m1 226438 -0 0.5 p-1 -31735 23
115 356 m1 228263 0 0.5 p-1 -15986 23
6 357 m1 231584 -0 0.5 p-1 -881756 387
250 358 m1 234666 -0 0.5 p-1 -20021 16
217 360 m1 257072 -0 0.5 p-1 -2193 16
241 361 m1 265088 -0 0.5 p-1 -3069 2
193 363 m1 310980 0 0.5 p-1 -203369 33
267 364 m1 316320 -0 0.5 p-1 -269 2
8 365 m1 318843 -0 0.5 p-1 -11326978 1937
210 366 m1 319284 -0 0.5 p-1 -345653 29
179 367 m1 348771 -0 0.5 p-1 -2254 2
37 368 m1 397926 -0 0.5 p-1 -276473 189
39 369 m1 403356 0 0.5 p-1 -63020 161
11 373 m1 464878 -0 0.5 p-1 -3532327 1365
63 375 m1 469067 0 0.5 p-1 -5211199 710
71 376 m1 486177 0 0.5 p-1 -8237966 239
248 377 m1 497362 -0 0.5 p-1 -4969 2
162 378 m1 529779 -0 0.5 p-1 -24622 13
98 382 m1 565722 -0 0.5 p-1 -276824 104
74 383 m1 585479 -0 0.5 p-1 -6221001 514
269 384 m1 596775 0 0.5 p-1 -5803 7
15 388 m1 637467 -0 0.5 p-1 -1004408 537
141 389 m1 640290 0 0.5 p-1 -476817 73
266 390 m1 651591 -0 0.5 p-1 -4835 2
173 391 m1 651983 0 0.5 p-1 -1043127 97
19 392 m1 659084 0 0.5 p-1 -6209953 1200
158 393 m1 705270 -0 0.5 p-1 -5650 11
114 396 m1 726771 -0 0.5 p-1 -870196 328
83 397 m1 733783 0 0.5 p-1 -44929 40
127 398 m1 753173 0 0.5 p-1 -270971 108
273 401 m1 767803 -0 0.5 p-1 -16042 7
289 402 m1 780725 0 0.5 p-1 -7001 2
76 403 m1 799694 0 0.5 p-1 -1853041 858
151 404 m1 801705 -0 0.5 p-1 -982396 90
66 405 m1 822703 0 0.5 p-1 -675258 629
220 407 m1 832847 -0 0.5 p-1 -213452 13
131 408 m1 841794 0 0.5 p-1 -2742448 67
46 409 m1 851407 0 0.5 p-1 -3141135 1437
183 411 m1 874730 -0 0.5 p-1 -9289 13
165 412 m1 876883 -0 0.5 p-1 -45142 8
133 413 m1 881824 0 0.5 p-1 -44736 78
26 414 m1 921510 0 0.5 p-1 -3121263 682
28 418 m1 971631 -0 0.5 p-1 -1754516 829
236 419 m1 973901 -0 0.5 p-1 -11495 25
178 420 m1 992002 -0 0.5 p-1 -502917 8
