Temp_ID Permanent_ID Mutation_type Position s h Subpop Tick Number
302 0 m2 12316 -0.00188776094 0.5 p-1 -201403 1
242 1 m2 16431 -0.000512092956 0.5 p-1 -4732 7
221 3 m2 19650 2.03009004e-05 0.5 p-1 -31520 24
165 6 m2 39931 -0.00658476399 0.5 p-1 -199695 28
226 7 m2 41606 0.00173663639 0.5 p-1 -8304 3
52 8 m2 45705 -1.71223655e-05 0.5 p-1 -5943053 1107
0 9 m2 46551 -7.0203525e-05 0.5 p-1 -7686865 1558
134 11 m2 57514 0.00295606605 0.5 p-1 -4586327 399
268 13 m2 65720 -1.54359896e-07 0.5 p-1 -24108 11
240 16 m2 70686 -0.0229827538 0.5 p-1 -3026 19
1 18 m2 88058 -0.000682248967 0.5 p-1 -955574 680
54 19 m2 94464 -0.00239607831 0.5 p-1 -2890660 725
110 20 m2 101948 7.64984725e-06 0.5 p-1 -4754813 218
111 21 m2 102685 0.00826652441 0.5 p-1 -11348053 340
3 23 m2 105842 0.0699202493 0.5 p-1 -2765591 854
229 24 m2 121394 0.00708297873 0.5 p-1 -68329 27
100 25 m2 125112 0.011139499 0.5 p-1 -476612 403
202 28 m2 143304 8.84783458e-06 0.5 p-1 -12972 5
55 31 m2 152469 -0.00506205857 0.5 p-1 -5623926 501
289 32 m2 154064 -0.00680097053 0.5 p-1 -35277 13
157 33 m2 155536 3.04916193e-06 0.5 p-1 -28794 43
251 35 m2 163294 -2.58283217e-05 0.5 p-1 -1700553 28
5 36 m2 166631 0.00201024814 0.5 p-1 -2749096 1912
271 37 m2 170256 0.02520339 0.5 p-1 -51405 22
244 39 m2 179749 0.147626579 0.5 p-1 -38043 7
170 40 m2 184798 -0.0264787395 0.5 p-1 -451545 18
286 41 m2 186491 0.00185614056 0.5 p-1 -23753 7
6 43 m2 190214 -9.46526707e-05 0.5 p-1 -2972945 1521
239 44 m2 191818 -0.00116572669 0.5 p-1 -401632 26
231 45 m2 196967 0.000184493023 0.5 p-1 -89633 63
185 47 m2 199198 -0.00393044762 0.5 p-1 -176254 21
152 48 m2 199205 -0.0335459001 0.5 p-1 -249911 82
167 49 m2 204095 -0.00454137102 0.5 p-1 -162471 182
8 50 m2 205156 0.000754067209 0.5 p-1 -2241920 1246
230 51 m2 216828 0.0271782409 0.5 p-1 -262660 18
292 54 m2 220325 0.0116655985 0.5 p-1 -1202 2
243 55 m2 221380 4.98080726e-06 0.5 p-1 -25640 4
58 56 m2 221665 -5.91682292e-05 0.5 p-1 -3312898 854
143 57 m2 222045 -0.000723765406 0.5 p-1 -498264 312
10 58 m2 222894 5.20735775e-05 0.5 p-1 -3918450 323
294 59 m2 226686 -2.41005267e-07 0.5 p-1 -93833 2
179 60 m2 227081 -0.111709103 0.5 p-1 -231701 38
136 61 m2 229610 0.00103046326 0.5 p-1 -1047115 128
250 62 m2 233571 7.29715509e-07 0.5 p-1 -66581 46
11 64 m2 252197 -0.00076180941 0.5 p-1 -2018019 1330
137 65 m2 260389 -0.000355753757 0.5 p-1 -81908 33
161 66 m2 260917 -0.00381130679 0.5 p-1 -56240 124
296 67 m2 263922 -0.00301895267 0.5 p-1 -7388 1
59 69 m2 267579 0.0186159667 0.5 p-1 -6804 15
131 70 m2 274908 -3.65232722e-06 0.5 p-1 -179371 50
189 73 m2 292972 -0.0208697803 0.5 p-1 -323370 168
12 74 m2 294576 -0.000929249392 0.5 p-1 -4495895 1500
174 75 m2 296361 -1.86070807e-07 0.5 p-1 -472957 222
215 76 m2 296574 0.00341448002 0.5 p-1 -86984 44
162 77 m2 301751 -0.0143654719 0.5 p-1 -76120 7
13 78 m2 303741 0.0013122583 0.5 p-1 -15985 54
122 79 m2 304921 -0.000216343178 0.5 p-1 -802728 83
180 80 m2 310296 0.00149793271 0.5 p-1 -46744 31
172 82 m2 319633 0.00978890155 0.5 p-1 -164369 91
219 84 m2 321433 -0.0194136295 0.5 p-1 -105625 67
163 85 m2 324031 0.00190496468 0.5 p-1 -270623 284
188 86 m2 329426 1.3067257e-05 0.5 p-1 -1081527 91
146 87 m2 333091 -3.80027304e-05 0.5 p-1 -67548 85
14 88 m2 334326 -0.00021901638 0.5 p-1 -5866936 816
147 89 m2 343369 -1.5249454e-05 0.5 p-1 -1549556 550
158 90 m2 343996 -1.39417798e-05 0.5 p-1 -861950 153
181 91 m2 348858 -4.19703696e-07 0.5 p-1 -265753 138
184 92 m2 350767 -0.000208813872 0.5 p-1 -23093 35
15 93 m2 353662 0.00547621166 0.5 p-1 -4919451 1528
175 94 m2 357207 -1.68552888e-05 0.5 p-1 -3025963 49
87 96 m2 370868 0.0113750566 0.5 p-1 -324806 226
213 97 m2 371543 -0.00231197709 0.5 p-1 -145782 47
88 99 m2 373628 -0.00103562512 0.5 p-1 -749301 480
214 100 m2 373775 -2.25744679e-05 0.5 p-1 -116656 39
16 101 m2 374275 0.00538075855 0.5 p-1 -1456064 1277
276 102 m2 381473 -0.000125403501 0.5 p-1 -728058 10
274 104 m2 385269 -0.0138250319 0.5 p-1 -28521 1
61 105 m2 385797 0.000453559594 0.5 p-1 -2857473 354
113 107 m2 400659 -0.000176685964 0.5 p-1 -1085516 721
102 108 m2 404390 -0.000147200757 0.5 p-1 -412353 218
186 109 m2 406598 0.0334270746 0.5 p-1 -186141 53
266 110 m2 408871 -0.00449543493 0.5 p-1 -38970 17
103 113 m2 447005 -0.0012229901 0.5 p-1 -549971 107
138 116 m2 455934 4.37043946e-06 0.5 p-1 -141918 193
89 117 m2 460530 0.00106075732 0.5 p-1 -6581917 1257
300 118 m2 464843 -0.00102498557 0.5 p-1 -22540 5
19 120 m2 472836 0.00610641064 0.5 p-1 -3922165 1851
20 121 m2 474919 -0.00909287948 0.5 p-1 -1113792 203
62 122 m2 476046 -0.00534595363 0.5 p-1 -5282711 497
104 123 m2 482806 -0.000136814662 0.5 p-1 -5035380 494
168 124 m2 486786 0.00579910679 0.5 p-1 -110672 12
23 125 m2 487715 0.000231371348 0.5 p-1 -1038161 65
63 126 m2 489577 -0.00238360488 0.5 p-1 -715494 216
24 127 m2 490360 -0.0177449677 0.5 p-1 -249498 90
125 128 m2 491014 -0.000326603767 0.5 p-1 -2136602 728
25 129 m2 491495 -0.00390944537 0.5 p-1 -3211426 1261
182 132 m2 507144 0.00234173355 0.5 p-1 -272676 52
64 134 m2 507906 3.64563275e-05 0.5 p-1 -744632 756
90 135 m2 526079 -0.0797439814 0.5 p-1 -1983547 809
279 136 m2 526450 2.9613866e-06 0.5 p-1 -6637 13
233 137 m2 526620 -0.0135188093 0.5 p-1 -27752 37
200 138 m2 528289 -0.000186534831 0.5 p-1 -540308 3
173 140 m2 531185 -0.00248907087 0.5 p-1 -119661 51
26 141 m2 532724 0.0241907462 0.5 p-1 -3183358 1750
204 142 m2 534799 0.00100258994 0.5 p-1 -343013 109
245 144 m2 543025 -0.000315514597 0.5 p-1 -525912 20
65 147 m2 553290 0.000439399533 0.5 p-1 -2650299 339
114 148 m2 558618 -0.00137928559 0.5 p-1 -5036628 354
282 149 m2 565418 0.00262355269 0.5 p-1 -28162 4
115 150 m2 567453 -0.00042661262 0.5 p-1 -472093 206
116 151 m2 570087 -0.00532258535 0.5 p-1 -3046319 388
232 152 m2 572095 -0.00177966896 0.5 p-1 -8793 6
28 156 m2 576133 0.000323603774 0.5 p-1 -1969146 1260
29 157 m2 577022 9.40456521e-05 0.5 p-1 -4058969 1679
291 158 m2 583316 -0.00163471105 0.5 p-1 -9893 5
263 159 m2 586379 -3.43507349e-06 0.5 p-1 -578 1
218 160 m2 593532 0.0055119996 0.5 p-1 -87940 20
106 161 m2 594211 0.010720863 0.5 p-1 -2360690 1149
293 162 m2 596142 0.0329824686 0.5 p-1 -17558 1
30 163 m2 597735 0.00466384785 0.5 p-1 -9407287 540
126 166 m2 602112 -9.5257775e-09 0.5 p-1 -1618748 952
253 167 m2 602797 1.2264084e-05 0.5 p-1 -11723 4
31 168 m2 603825 0.000147570638 0.5 p-1 -10904913 1355
67 170 m2 604819 0.00972600188 0.5 p-1 -613736 918
32 171 m2 606593 -8.25855459e-05 0.5 p-1 -4253381 750
68 173 m2 615028 -0.0098406896 0.5 p-1 -4704996 987
35 174 m2 617742 5.14134263e-06 0.5 p-1 -4419544 1599
36 175 m2 619766 -0.000152757653 0.5 p-1 -2403116 1155
190 176 m2 622622 -0.00569823384 0.5 p-1 -47024 6
301 177 m2 624438 -0.0022978303 0.5 p-1 -326991 2
256 178 m2 627675 8.32158767e-05 0.5 p-1 -70328 25
107 179 m2 628116 0.000203021176 0.5 p-1 -637902 111
149 180 m2 629113 0.000407823449 0.5 p-1 -435233 146
249 182 m2 643389 1.69704872e-05 0.5 p-1 -67542 8
69 184 m2 644537 0.000710575026 0.5 p-1 -3516865 543
228 185 m2 653433 -0.000302227505 0.5 p-1 -161462 112
91 186 m2 654176 0.00373847899 0.5 p-1 -1523992 466
70 187 m2 659915 0.0123145562 0.5 p-1 -816646 787
71 188 m2 661040 0.0191783477 0.5 p-1 -14381157 119
281 189 m2 663781 0.00579159288 0.5 p-1 -17984 2
155 190 m2 665165 3.43855863e-05 0.5 p-1 -650770 450
206 191 m2 669417 -0.0125466324 0.5 p-1 -13019 4
127 192 m2 671267 -0.000568035175 0.5 p-1 -234835 188
37 193 m2 673039 -0.00243827025 0.5 p-1 -5285518 1893
212 194 m2 675676 -0.00585382897 0.5 p-1 -2031999 18
38 195 m2 677118 0.0152191827 0.5 p-1 -2093931 428
39 198 m2 681676 -6.21797926e-06 0.5 p-1 -2577161 1045
267 199 m2 687766 0.00324071106 0.5 p-1 -3111 9
92 200 m2 687875 -0.000103141443 0.5 p-1 -1989838 413
153 201 m2 699595 -0.00483827619 0.5 p-1 -693647 96
72 202 m2 708098 -0.00202482776 0.5 p-1 -10156142 1076
73 203 m2 708611 -0.000269504468 0.5 p-1 -4488910 1083
93 204 m2 712458 0.00332457968 0.5 p-1 -941594 315
141 207 m2 727655 -0.000301668537 0.5 p-1 -74348 82
183 209 m2 729508 0.00674242573 0.5 p-1 -748620 85
40 210 m2 733698 -0.00270893262 0.5 p-1 -3502007 1148
164 211 m2 734301 -0.000396893214 0.5 p-1 -1668812 92
156 213 m2 736373 -0.0135101182 0.5 p-1 -4330333 50
74 215 m2 738517 0.00129714923 0.5 p-1 -12291856 662
191 216 m2 740927 0.00825963635 0.5 p-1 -39293 4
41 218 m2 755845 0.00128189451 0.5 p-1 -1752336 877
75 221 m2 769342 3.106043e-05 0.5 p-1 -362300 496
42 222 m2 774521 -0.0156230871 0.5 p-1 -3578499 1773
108 223 m2 776195 -0.0643281937 0.5 p-1 -925681 189
261 224 m2 776827 -0.000732679735 0.5 p-1 -612496 33
290 226 m2 777530 -2.76394263e-09 0.5 p-1 -7310 4
43 227 m2 787318 0.000426841842 0.5 p-1 -457720 843
139 228 m2 790816 -0.0501840562 0.5 p-1 -1408081 456
201 229 m2 793052 0.0548212081 0.5 p-1 -1793 13
225 230 m2 799042 -0.00342454249 0.5 p-1 -1660714 50
270 231 m2 799852 0.000708332227 0.5 p-1 -71282 5
262 232 m2 803868 -0.0352717489 0.5 p-1 -1299640 22
76 234 m2 808605 4.87565485e-05 0.5 p-1 -1655850 1734
44 235 m2 808951 -0.0211660899 0.5 p-1 -984750 79
196 236 m2 809570 0.0445257574 0.5 p-1 -986686 148
187 238 m2 816430 0.00246071094 0.5 p-1 -2887178 249
133 239 m2 819597 0.02524787 0.5 p-1 -3400566 209
45 240 m2 829252 0.014119667 0.5 p-1 -8036111 1911
47 241 m2 829889 -7.74147557e-05 0.5 p-1 -1942367 874
144 242 m2 833476 -0.00126441778 0.5 p-1 -51683 73
248 243 m2 835528 0.0189174414 0.5 p-1 -8599 13
178 244 m2 838253 1.38145611e-08 0.5 p-1 -40910 19
77 245 m2 838450 -0.05487689 0.5 p-1 -5193871 1112
78 246 m2 840539 -0.0601066723 0.5 p-1 -9363804 1310
79 247 m2 842141 -0.00215043197 0.5 p-1 -355181 54
94 248 m2 845435 -0.000350768911 0.5 p-1 -579754 448
176 249 m2 848155 0.011356703 0.5 p-1 -1047948 141
48 251 m2 851378 -3.58325019e-06 0.5 p-1 -1106522 829
194 252 m2 860977 4.77061003e-05 0.5 p-1 -488350 44
207 253 m2 869688 1.55141133e-05 0.5 p-1 -104879 10
285 254 m2 869732 0.000115166338 0.5 p-1 -82551 8
95 255 m2 878640 2.55138166e-05 0.5 p-1 -3322538 683
205 256 m2 879719 -0.00966663472 0.5 p-1 -42962 55
49 257 m2 885244 -0.0300561637 0.5 p-1 -1533009 1370
195 258 m2 886370 0.0350801237 0.5 p-1 -147376 149
119 259 m2 887862 0.00223695557 0.5 p-1 -3091081 633
241 261 m2 891239 -0.000399467914 0.5 p-1 -850062 53
222 264 m2 905227 0.000143974408 0.5 p-1 -7246 12
120 265 m2 906018 7.00712262e-05 0.5 p-1 -1159458 236
203 266 m2 908159 0.0134090967 0.5 p-1 -15673 16
265 267 m2 908224 0.00981891714 0.5 p-1 -39742 9
197 268 m2 908235 0.00126695796 0.5 p-1 -5778 18
129 270 m2 913570 0.0397869498 0.5 p-1 -7091065 319
193 271 m2 923957 -0.0236691982 0.5 p-1 -294180 21
121 272 m2 928014 -4.65978956e-05 0.5 p-1 -90568 84
145 273 m2 932246 -0.000593248522 0.5 p-1 -672976 601
50 274 m2 932599 2.93813955e-05 0.5 p-1 -1642222 1198
237 275 m2 936946 0.000885313086 0.5 p-1 -181938 50
260 276 m2 940379 0.00693335757 0.5 p-1 -2356 8
81 277 m2 940636 -0.0151091013 0.5 p-1 -19347493 1335
82 278 m2 941982 0.00390790403 0.5 p-1 -2517659 633
51 280 m2 949983 0.0133497156 0.5 p-1 -3251829 784
255 281 m2 968958 -0.00434496207 0.5 p-1 -24014 4
83 282 m2 969229 -0.00148487277 0.5 p-1 -6766612 352
97 283 m2 969451 0.0666349158 0.5 p-1 -4535756 1021
264 284 m2 969822 0.00116364122 0.5 p-1 -45649 7
258 286 m2 973450 -0.0142866625 0.5 p-1 -33221 14
84 287 m2 977992 0.000858891872 0.5 p-1 -3797355 1293
151 288 m2 981076 0.00739585375 0.5 p-1 -1092428 445
154 289 m2 985442 6.93806141e-05 0.5 p-1 -107290 226
86 291 m2 990631 -0.00242553116 0.5 p-1 -505593 116
287 292 m2 994998 5.66274502e-05 0.5 p-1 -408358 2
208 294 m2 998980 -8.66661878e-07 0.5 p-1 -901641 198
238 295 m2 999969 5.50759272e-10 0.5 p-1 -148009 98
298 297 m2 647572 -0.00481178612 0.5 p0 2 3
295 315 m2 227423 9.79930359e-10 0.5 p0 2 1
211 320 m2 522237 -0.00156183948 0.5 p0 2 7
257 330 m2 984638 0.0116425026 0.5 p0 2 13
252 334 m2 997219 0.00298543065 0.5 p0 2 2
283 341 m2 901365 -0.000351364695 0.5 p0 2 3
284 345 m2 558868 -0.0028392761 0.5 p0 2 2
132 350 m2 689495 0.00247631734 0.5 p0 2 11
254 359 m2 789793 -0.000297367398 0.5 p0 2 4
278 360 m2 691582 0.000323657034 0.5 p0 2 3
299 362 m2 436052 0.0293339714 0.5 p0 2 2
288 366 m2 507343 0.00269908947 0.5 p0 2 4
177 367 m1 1316 -0 0.5 p-1 -155143 62
98 369 m1 17431 0 0.5 p-1 -762067 369
280 370 m1 20796 -0 0.5 p-1 -15720 2
53 372 m1 45737 -0 0.5 p-1 -8476750 1108
269 373 m1 66908 0 0.5 p-1 -165629 10
2 374 m1 90443 0 0.5 p-1 -1075327 1092
99 376 m1 116934 -0 0.5 p-1 -648522 390
166 378 m1 129677 -0 0.5 p-1 -44963 61
4 381 m1 150171 0 0.5 p-1 -753568 166
246 382 m1 174759 0 0.5 p-1 -347875 25
101 383 m1 181948 -0 0.5 p-1 -1303187 885
135 384 m1 186177 0 0.5 p-1 -1952150 850
56 385 m1 186323 -0 0.5 p-1 -1296595 569
57 386 m1 195176 -0 0.5 p-1 -7326742 470
7 387 m1 199064 0 0.5 p-1 -5397827 1414
9 391 m1 213775 0 0.5 p-1 -2175621 1746
130 392 m1 261361 0 0.5 p-1 -335443 128
148 393 m1 268878 0 0.5 p-1 -734716 95
60 395 m1 277900 0 0.5 p-1 -330438 125
198 396 m1 279747 0 0.5 p-1 -87967 50
217 398 m1 282804 -0 0.5 p-1 -73315 45
224 400 m1 354578 0 0.5 p-1 -600016 118
247 401 m1 358065 0 0.5 p-1 -38741 26
112 402 m1 370950 0 0.5 p-1 -4308516 917
277 403 m1 377415 -0 0.5 p-1 -3044 15
17 404 m1 382026 -0 0.5 p-1 -2441433 1913
18 405 m1 397535 -0 0.5 p-1 -3465691 1501
171 406 m1 407946 0 0.5 p-1 -36899 75
227 407 m1 413816 -0 0.5 p-1 -140164 20
216 409 m1 417419 -0 0.5 p-1 -109497 75
123 411 m1 433385 0 0.5 p-1 -262407 235
124 412 m1 436318 0 0.5 p-1 -27527 13
21 414 m1 475474 -0 0.5 p-1 -6812091 1005
159 415 m1 475726 -0 0.5 p-1 -540249 253
22 417 m1 485629 -0 0.5 p-1 -2518442 1224
105 418 m1 501229 -0 0.5 p-1 -1569308 607
199 419 m1 516172 -0 0.5 p-1 -204001 24
209 420 m1 524279 -0 0.5 p-1 -199348 40
259 421 m1 539843 -0 0.5 p-1 -1581663 12
27 422 m1 549605 0 0.5 p-1 -3235012 450
66 423 m1 559679 -0 0.5 p-1 -357402 209
297 424 m1 561416 0 0.5 p-1 -11273 1
234 425 m1 584155 -0 0.5 p-1 -62514 11
33 426 m1 607441 0 0.5 p-1 -6744096 1341
34 427 m1 608012 -0 0.5 p-1 -2367776 426
223 429 m1 627066 0 0.5 p-1 -2694855 72
117 431 m1 695179 0 0.5 p-1 -11741857 454
220 432 m1 710353 -0 0.5 p-1 -1828785 24
118 433 m1 766213 0 0.5 p-1 -2126119 308
169 434 m1 774420 0 0.5 p-1 -640218 86
275 436 m1 825139 -0 0.5 p-1 -42195 11
46 437 m1 829387 0 0.5 p-1 -2356573 1271
160 439 m1 868680 0 0.5 p-1 -56989 48
128 440 m1 874615 -0 0.5 p-1 -267186 337
142 441 m1 882890 -0 0.5 p-1 -1192909 332
192 442 m1 888249 0 0.5 p-1 -721142 100
96 443 m1 904570 -0 0.5 p-1 -3848989 1173
80 444 m1 908657 0 0.5 p-1 -168156 159
140 446 m1 917007 0 0.5 p-1 -241709 72
210 447 m1 919828 0 0.5 p-1 -343255 49
236 448 m1 939634 -0 0.5 p-1 -1808446 127
273 449 m1 945903 -0 0.5 p-1 -42694 14
150 450 m1 951098 0 0.5 p-1 -222988 45
272 451 m1 958703 -0 0.5 p-1 -14219 4
235 452 m1 968883 0 0.5 p-1 -98559 35
85 454 m1 982717 0 0.5 p-1 -238432 193
109 455 m1 983130 -0 0.5 p-1 -395579 162
