Temp_ID Permanent_ID Mutation_type Position s h Subpop Tick Number
261 1 m2 155 -0.00127168652 0.5 p-1 -74595 17
1189 4 m2 1575 0.00572607294 0.5 p-1 -97943 32
262 5 m2 1739 0.000862756453 0.5 p-1 -160524 34
900 6 m2 1882 0.00891668256 0.5 p-1 -228897 67
833 7 m2 2600 0.0272948164 0.5 p-1 -38080 17
1508 11 m2 4056 0.00391614437 0.5 p-1 -11 4
909 12 m2 4738 0.000429705775 0.5 p-1 -1277986 197
1046 14 m2 5424 -0.0172701273 0.5 p-1 -246971 61
1239 15 m2 5970 1.90452065e-05 0.5 p-1 -182015 44
1216 17 m2 8708 0.000451200729 0.5 p-1 -306210 62
1015 19 m2 9044 3.61564503e-06 0.5 p-1 -25957 34
1225 20 m2 9426 0.0064323158 0.5 p-1 -70337 5
0 21 m2 9866 0.00133021513 0.5 p-1 -4200101 1777
1325 22 m2 10020 1.09240464e-05 0.5 p-1 -10670 3
541 24 m2 11094 -0.00238279626 0.5 p-1 -2928397 702
1405 25 m2 11127 0.00155277993 0.5 p-1 -42014 10
1 26 m2 11192 -0.00246180734 0.5 p-1 -4309776 1129
2 27 m2 11205 0.000274284655 0.5 p-1 -4342809 1129
1399 28 m2 11654 -0.00283070677 0.5 p-1 -121947 14
1245 29 m2 11816 -0.0116728973 0.5 p-1 -328727 71
931 30 m2 12059 -9.02629181e-05 0.5 p-1 -46689 14
263 32 m2 13239 0.00676231738 0.5 p-1 -1918275 251
1341 33 m2 13327 0.0104791019 0.5 p-1 -350411 12
542 34 m2 14558 0.0144735305 0.5 p-1 -3194302 920
264 35 m2 14665 0.000339183054 0.5 p-1 -1807994 589
834 36 m2 15705 0.00147026521 0.5 p-1 -429419 90
1098 37 m2 16100 0.00321305008 0.5 p-1 -176473 81
265 38 m2 16105 -0.00051077269 0.5 p-1 -2273988 1264
1322 39 m2 17307 0.000908442715 0.5 p-1 -13789 13
1273 42 m2 20350 0.00212537637 0.5 p-1 -83850 30
1309 43 m2 20559 0.000683635822 0.5 p-1 -68433 20
1255 45 m2 21507 -0.00616304902 0.5 p-1 -35223 24
400 47 m2 22346 -0.0103676617 0.5 p-1 -3881512 1294
1396 48 m2 22365 8.30362624e-05 0.5 p-1 -92317 23
4 49 m2 22547 -6.45532928e-05 0.5 p-1 -2020322 788
267 50 m2 22685 -0.00148544949 0.5 p-1 -128481 67
835 51 m2 22824 -0.0401621275 0.5 p-1 -128365 69
1620 54 m2 31289 -0.00110328302 0.5 p-1 -32550 7
1217 55 m2 31708 -0.00759058772 0.5 p-1 -19552 43
1246 56 m2 33451 -0.00701511186 0.5 p-1 -35780 28
804 57 m2 33828 0.00499345548 0.5 p-1 -295318 117
5 58 m2 34814 0.000841885689 0.5 p-1 -473737 171
268 60 m2 35097 0.00924106594 0.5 p-1 -699523 90
1016 61 m2 35226 -1.37772922e-05 0.5 p-1 -335295 3
401 62 m2 35757 8.0495937e-08 0.5 p-1 -263360 239
1554 63 m2 37132 0.00202767039 0.5 p-1 -1236 4
676 64 m2 37308 0.0305198319 0.5 p-1 -854875 178
1143 65 m2 37451 0.00249032886 0.5 p-1 -514408 77
836 66 m2 39338 0.00316952239 0.5 p-1 -93783 41
6 67 m2 39469 0.00425630994 0.5 p-1 -3609362 1327
598 68 m2 40041 -0.000143983838 0.5 p-1 -99575 32
270 70 m2 41521 0.0036025329 0.5 p-1 -1995791 730
1594 72 m2 42574 0.0234665312 0.5 p-1 -49332 7
873 73 m2 43210 -0.000196792142 0.5 p-1 -1218808 213
889 78 m2 45090 0.0084300274 0.5 p-1 -656947 170
1516 79 m2 45263 -0.00299362792 0.5 p-1 -136422 7
1605 80 m2 48060 6.19216371e-05 0.5 p-1 -28565 1
1732 81 m2 48744 5.6185876e-05 0.5 p-1 -96450 1
1630 82 m2 49433 -6.02847613e-05 0.5 p-1 -15522 2
635 83 m2 49494 0.0440151654 0.5 p-1 -1318122 360
271 84 m2 49868 0.0159166344 0.5 p-1 -2026982 1357
677 85 m2 49990 -0.00339361513 0.5 p-1 -20477 21
636 86 m2 50629 -3.47872119e-05 0.5 p-1 -94009 37
1173 88 m2 51190 -2.17766754e-07 0.5 p-1 -152532 34
1502 89 m2 51697 -0.00852705259 0.5 p-1 -128969 6
1480 91 m2 52232 -0.00403285027 0.5 p-1 -5656 6
678 92 m2 52279 -5.27419252e-05 0.5 p-1 -1114487 170
480 93 m2 52778 0.0004646694 0.5 p-1 -1994288 660
1257 94 m2 53438 -1.08576452e-15 0.5 p-1 -14238 25
637 95 m2 53624 0.00149636564 0.5 p-1 -3340274 589
402 96 m2 53640 -0.0226836465 0.5 p-1 -457178 234
9 99 m2 54246 -0.000399389653 0.5 p-1 -1928399 1538
740 100 m2 54771 7.60552939e-05 0.5 p-1 -261242 150
741 102 m2 56387 0.00353592215 0.5 p-1 -2355147 322
742 103 m2 56450 0.00637524668 0.5 p-1 -2104538 329
12 104 m2 56733 -0.0147473654 0.5 p-1 -169785 255
13 105 m2 57222 -0.00529164029 0.5 p-1 -538863 204
1274 106 m2 57374 -0.0336189345 0.5 p-1 -36493 15
1579 108 m2 57524 -0.0196428224 0.5 p-1 -8920 3
272 109 m2 59497 0.00490343804 0.5 p-1 -3293435 1295
1366 111 m2 60944 0.00480276253 0.5 p-1 -6378 7
403 112 m2 61687 5.087521e-06 0.5 p-1 -479506 174
679 114 m2 63602 -0.0218255036 0.5 p-1 -355570 129
1745 115 m2 64966 -0.0261081122 0.5 p-1 -207942 2
1606 116 m2 65455 -0.000593136938 0.5 p-1 -14455 1
273 117 m2 67293 3.59185178e-05 0.5 p-1 -4946558 1083
274 118 m2 67417 -0.00130178838 0.5 p-1 -3316000 1111
404 119 m2 67443 0.0440997966 0.5 p-1 -600487 295
1452 120 m2 67826 0.0401482917 0.5 p-1 -24999 3
275 121 m2 68191 -3.90116725e-07 0.5 p-1 -1545745 175
1047 122 m2 68217 -0.00270182476 0.5 p-1 -92223 9
543 123 m2 68514 -0.000742248027 0.5 p-1 -47223 30
942 124 m2 70038 2.25908625e-05 0.5 p-1 -7254711 153
1354 125 m2 70794 0.0153489998 0.5 p-1 -113875 43
481 126 m2 71308 -0.0046208147 0.5 p-1 -6195913 511
599 127 m2 72067 -0.0112558976 0.5 p-1 -143920 85
1099 128 m2 72613 -5.91314092e-05 0.5 p-1 -935728 45
1625 129 m2 72794 -0.00304768165 0.5 p-1 -3250 1
276 130 m2 75525 -1.76248932e-06 0.5 p-1 -4137129 830
1174 131 m2 75930 -0.0158530995 0.5 p-1 -30400 24
1296 132 m2 76896 0.00952337869 0.5 p-1 -41180 9
16 133 m2 77048 0.0165084321 0.5 p-1 -5148770 1573
405 134 m2 77148 -0.0450882912 0.5 p-1 -3121152 363
600 135 m2 77613 -0.00388738164 0.5 p-1 -1769471 375
1749 136 m2 78334 5.52758611e-05 0.5 p-1 -7882 1
1711 137 m2 78840 -4.67598404e-08 0.5 p-1 -116 2
482 138 m2 79002 0.00471503614 0.5 p-1 -5154028 903
1510 139 m2 79802 0.0175414979 0.5 p-1 -6629 2
1017 140 m2 81404 0.0249500927 0.5 p-1 -52287 6
910 143 m2 82194 0.0181200486 0.5 p-1 -227942 132
680 144 m2 82278 -0.00957260095 0.5 p-1 -1313465 249
1695 145 m2 82558 0.00162321469 0.5 p-1 -13433 3
638 146 m2 82668 0.0236673336 0.5 p-1 -46296 61
18 147 m2 82684 -0.0165948849 0.5 p-1 -7059116 1395
1381 148 m2 82910 0.00118403859 0.5 p-1 -22739 20
483 149 m2 82944 0.00438984809 0.5 p-1 -742668 30
485 152 m2 84280 -2.65077615e-05 0.5 p-1 -699792 60
1611 153 m2 84516 0.000837093277 0.5 p-1 -141209 6
681 154 m2 84988 -0.0299981311 0.5 p-1 -482291 77
277 156 m2 85713 0.000260654982 0.5 p-1 -4122588 816
926 157 m2 87298 0.00282924552 0.5 p-1 -319644 94
1596 158 m2 88449 -0.000540763896 0.5 p-1 -8431 5
19 159 m2 89475 0.00203753472 0.5 p-1 -4414363 1051
785 160 m2 89509 0.00306447013 0.5 p-1 -727971 447
1642 161 m2 89673 0.00620531617 0.5 p-1 -233 6
544 162 m2 91077 -0.000651533424 0.5 p-1 -52899 27
20 165 m2 94385 -4.55584711e-07 0.5 p-1 -1501491 822
1156 167 m2 95521 0.0189017635 0.5 p-1 -157764 33
837 168 m2 95664 0.00754158944 0.5 p-1 -121718 48
927 170 m2 95914 -3.77542019e-05 0.5 p-1 -206641 72
1121 171 m2 97029 1.98889776e-08 0.5 p-1 -1805945 91
954 172 m2 97879 -0.0213257503 0.5 p-1 -608514 86
1673 173 m2 97900 0.00542676635 0.5 p-1 -16716 4
279 174 m2 98586 0.00141133042 0.5 p-1 -2730623 663
486 175 m2 98852 -0.0105962874 0.5 p-1 -86062 47
545 176 m2 99357 -0.00907223579 0.5 p-1 -581441 175
546 177 m2 99400 -0.00011370374 0.5 p-1 -291108 70
968 178 m2 99564 0.00229791109 0.5 p-1 -827699 58
1000 181 m2 101150 1.15183511e-05 0.5 p-1 -22614 23
1587 182 m2 101633 0.00296219927 0.5 p-1 -36435 4
746 183 m2 101811 -0.000294005702 0.5 p-1 -1595773 141
22 184 m2 102216 -0.00970533956 0.5 p-1 -89784 97
955 186 m2 105363 1.64226449e-07 0.5 p-1 -223418 106
786 187 m2 105468 -1.31954221e-05 0.5 p-1 -32733 32
1196 188 m2 105493 -0.0272747893 0.5 p-1 -19505 22
838 190 m2 105957 -0.000246545387 0.5 p-1 -280612 44
875 191 m2 106401 0.0100449156 0.5 p-1 -986883 129
601 192 m2 107551 0.00042041007 0.5 p-1 -339762 148
970 193 m2 107938 0.00303111668 0.5 p-1 -133382 57
406 194 m2 107995 0.00648936955 0.5 p-1 -343146 232
1576 195 m2 108770 -0.0727529153 0.5 p-1 -25385 12
487 196 m2 108867 -0.072080262 0.5 p-1 -644624 278
1588 199 m2 113787 0.0109393839 0.5 p-1 -28587 4
23 201 m2 114653 0.0167607814 0.5 p-1 -3647322 812
1338 202 m2 115399 -0.0398117825 0.5 p-1 -87211 33
1305 203 m2 115735 -0.0051084361 0.5 p-1 -82166 19
283 204 m2 116150 2.98485162e-07 0.5 p-1 -9192902 470
932 205 m2 116384 2.11455209e-08 0.5 p-1 -658281 152
1551 206 m2 116846 0.00080808741 0.5 p-1 -28259 15
25 207 m2 118215 0.0126068266 0.5 p-1 -3032814 894
1122 208 m2 118463 0.00161174929 0.5 p-1 -141554 40
407 209 m2 119085 -0.0207694434 0.5 p-1 -507118 129
956 211 m2 119710 0.000791643572 0.5 p-1 -126066 73
547 212 m2 120317 -0.0054768906 0.5 p-1 -137057 48
1680 216 m2 122567 0.000450245803 0.5 p-1 -30682 2
943 217 m2 122936 0.0507291257 0.5 p-1 -1391845 374
805 219 m2 125640 -0.00388554949 0.5 p-1 -2488994 113
27 220 m2 125746 0.000949485984 0.5 p-1 -1733089 1289
1323 221 m2 127466 -0.00502788369 0.5 p-1 -1386909 65
1226 222 m2 128626 0.000119911609 0.5 p-1 -343875 13
1600 223 m2 130919 -0.00563034927 0.5 p-1 -5475 1
549 224 m2 131141 -0.0017904928 0.5 p-1 -1622738 484
911 225 m2 131894 -0.0139831081 0.5 p-1 -235432 113
28 226 m2 132101 -0.00297447899 0.5 p-1 -3323331 1764
29 228 m2 134677 0.00279022381 0.5 p-1 -1893889 1100
1355 229 m2 135638 0.000169616542 0.5 p-1 -17599 25
1058 230 m2 135951 -0.00083041779 0.5 p-1 -300096 94
30 231 m2 137304 -0.00585570699 0.5 p-1 -6532226 1261
285 232 m2 137331 -0.00432116864 0.5 p-1 -174726 82
957 234 m2 137753 -0.0778860003 0.5 p-1 -3419995 155
1190 237 m2 141280 5.35874315e-05 0.5 p-1 -6243 2
488 238 m2 141498 -0.0103747128 0.5 p-1 -170628 209
31 239 m2 141743 -0.0197378527 0.5 p-1 -5754155 1290
1414 240 m2 142202 -0.000725614256 0.5 p-1 -32983 11
980 241 m2 142830 0.00386129832 0.5 p-1 -1652491 65
1647 242 m2 142979 0.000175881185 0.5 p-1 -9114 3
1461 243 m2 144378 0.0111400206 0.5 p-1 -1477 9
32 244 m2 145143 -0.0108055286 0.5 p-1 -2934626 1670
33 245 m2 145343 0.00512844138 0.5 p-1 -1295738 1156
1329 247 m2 146090 0.00262230169 0.5 p-1 -4305 5
1025 248 m2 146312 0.0234833751 0.5 p-1 -181147 32
1105 251 m2 148551 -0.00199411483 0.5 p-1 -1466235 56
1182 252 m2 150270 0.00165049499 0.5 p-1 -646375 49
286 253 m2 150705 -9.60705165e-06 0.5 p-1 -306910 70
1001 254 m2 152313 1.81435769e-06 0.5 p-1 -58471 34
34 255 m2 152638 -0.000490479404 0.5 p-1 -2527348 429
489 257 m2 154102 -6.82997234e-06 0.5 p-1 -762715 545
1100 258 m2 154163 -0.0016109175 0.5 p-1 -6345 1
35 260 m2 154797 0.00174107694 0.5 p-1 -498753 276
747 261 m2 154950 0.0171117652 0.5 p-1 -90801 71
1372 262 m2 155005 -7.54795765e-05 0.5 p-1 -10715 1
876 265 m2 156484 -0.0491399914 0.5 p-1 -1069694 87
288 266 m2 158207 0.00385411689 0.5 p-1 -3303615 1201
1394 267 m2 158343 -0.0156842303 0.5 p-1 -10596 6
1298 268 m2 158436 -3.25172587e-05 0.5 p-1 -226178 64
1334 269 m2 158809 0.00930520333 0.5 p-1 -17630 61
289 270 m2 159052 0.00820660125 0.5 p-1 -2122561 803
1201 271 m2 161618 -0.000161489967 0.5 p-1 -17469 3
709 272 m2 161728 -0.000296080427 0.5 p-1 -86546 16
1391 273 m2 161818 -0.00345603703 0.5 p-1 -7071 8
1065 275 m2 162786 0.00045013713 0.5 p-1 -111104 53
1401 276 m2 164192 -0.00831732154 0.5 p-1 -1598974 12
290 277 m2 164269 -0.000357974583 0.5 p-1 -2300654 331
1236 279 m2 167144 1.97259604e-11 0.5 p-1 -214 5
1080 280 m2 167869 -0.00351122208 0.5 p-1 -7877 25
1297 281 m2 168240 0.00478335842 0.5 p-1 -106399 4
1534 282 m2 168885 -0.000295315636 0.5 p-1 -3670 2
37 284 m2 171753 0.00102907128 0.5 p-1 -5381453 1762
641 285 m2 172863 0.00528491195 0.5 p-1 -5656724 104
550 286 m2 173962 -0.000573661178 0.5 p-1 -156201 180
1419 287 m2 175254 -0.000141076132 0.5 p-1 -58381 6
710 289 m2 176393 -0.0962897763 0.5 p-1 -560644 212
492 290 m2 177514 0.00430217525 0.5 p-1 -388545 340
38 293 m2 179418 -0.0132345082 0.5 p-1 -342844 95
981 298 m2 185307 0.0135360193 0.5 p-1 -215657 230
1233 299 m2 185353 -0.000755289046 0.5 p-1 -69934 14
493 301 m2 187246 -0.00264733471 0.5 p-1 -610687 256
1472 302 m2 187780 0.0172702372 0.5 p-1 -14178 7
1342 304 m2 188877 -0.0239996593 0.5 p-1 -3681 4
1589 305 m2 189615 0.00216087 0.5 p-1 -119509 1
1059 306 m2 190596 -4.62386197e-05 0.5 p-1 -55224 41
1258 309 m2 194162 -0.0348868705 0.5 p-1 -117923 13
40 310 m2 194497 0.00109471171 0.5 p-1 -5998802 1584
1227 311 m2 194915 -0.0128337583 0.5 p-1 -57278 25
409 312 m2 195418 0.00161171879 0.5 p-1 -112073 52
992 313 m2 195447 0.00320095965 0.5 p-1 -391089 134
788 314 m2 195484 0.00720974803 0.5 p-1 -54377 84
818 315 m2 196075 -0.0020556068 0.5 p-1 -971117 152
41 316 m2 196348 0.0210285336 0.5 p-1 -8969918 1148
1081 317 m2 196403 -0.00356519129 0.5 p-1 -70259 46
42 318 m2 197304 0.131448999 0.5 p-1 -2657577 1548
1654 319 m2 197766 0.00253914995 0.5 p-1 -22927 6
1388 320 m2 198209 -0.000374244293 0.5 p-1 -4607 5
292 323 m2 198337 0.00135891873 0.5 p-1 -2497149 1742
1128 324 m2 198531 0.00900246296 0.5 p-1 -81750 46
43 325 m2 198592 0.00460436894 0.5 p-1 -14929643 1949
748 326 m2 198752 9.94338922e-09 0.5 p-1 -25935 13
1129 327 m2 198755 4.81314467e-11 0.5 p-1 -6381629 46
1130 328 m2 198770 -0.000465893099 0.5 p-1 -20930364 46
1131 330 m2 199199 -0.00142988539 0.5 p-1 -59340 46
1221 332 m2 202037 -0.00548848463 0.5 p-1 -418527 7
45 335 m2 203547 -2.94039583e-05 0.5 p-1 -4254384 1494
1367 336 m2 204723 6.17636624e-06 0.5 p-1 -79529 5
46 338 m2 205022 6.74672407e-09 0.5 p-1 -798796 637
958 339 m2 205523 0.00754469354 0.5 p-1 -2895187 188
294 340 m2 205901 -0.00162984687 0.5 p-1 -7163401 757
295 342 m2 207371 0.0301388502 0.5 p-1 -11866516 1581
1479 345 m2 208868 0.00170202507 0.5 p-1 -230466 6
1538 347 m2 210254 0.000535119209 0.5 p-1 -35226 1
1527 348 m2 210398 0.0354185142 0.5 p-1 -35382 6
296 349 m2 210513 -0.00230537727 0.5 p-1 -159787 49
494 350 m2 210638 5.17087647e-05 0.5 p-1 -760681 138
495 351 m2 210874 0.00396620249 0.5 p-1 -3598638 138
410 352 m2 210886 -2.4086446e-06 0.5 p-1 -1369493 1132
1559 354 m2 211971 2.24249034e-05 0.5 p-1 -15384 3
1486 355 m2 212315 0.00193838298 0.5 p-1 -84689 5
47 356 m2 212964 0.0036883459 0.5 p-1 -510353 264
48 357 m2 213012 -0.0193877369 0.5 p-1 -2419549 1274
411 358 m2 213153 -0.000138228672 0.5 p-1 -180338 100
1067 359 m2 213207 -0.0196114648 0.5 p-1 -164522 4
1449 362 m2 213906 -7.11211987e-06 0.5 p-1 -14644 7
749 364 m2 214519 0.000351293769 0.5 p-1 -1551059 378
551 366 m2 214899 7.23272678e-05 0.5 p-1 -163291 26
750 368 m2 215392 -0.0177910198 0.5 p-1 -299753 154
1002 369 m2 215727 -0.00157515157 0.5 p-1 -162427 69
1237 370 m2 215870 -0.0154191414 0.5 p-1 -133508 47
50 371 m2 217358 0.00106191402 0.5 p-1 -2767069 1520
51 372 m2 217440 0.000102480895 0.5 p-1 -4282631 1295
52 373 m2 218299 0.000292376382 0.5 p-1 -3763818 1607
605 374 m2 218343 -0.00133839657 0.5 p-1 -178510 173
53 376 m2 222112 -0.0132605769 0.5 p-1 -589235 1013
412 377 m2 222177 0.00320327561 0.5 p-1 -752639 344
934 378 m2 222625 0.052559372 0.5 p-1 -317034 39
1420 380 m2 222862 0.0104493434 0.5 p-1 -4943 8
54 381 m2 223570 0.0114820693 0.5 p-1 -551298 438
1082 383 m2 225186 0.000186531601 0.5 p-1 -165672 49
1222 384 m2 225773 -0.000201440227 0.5 p-1 -83351 82
644 385 m2 226436 -0.00542215724 0.5 p-1 -3504377 495
55 386 m2 226731 -2.35592415e-06 0.5 p-1 -3625097 1255
606 387 m2 227737 0.000432266388 0.5 p-1 -1250349 379
297 388 m2 227765 -3.57221325e-05 0.5 p-1 -628678 119
552 391 m2 228133 0.00315532368 0.5 p-1 -3440092 245
1207 393 m2 228630 -0.00277788821 0.5 p-1 -99535 55
299 394 m2 230192 0.000124450366 0.5 p-1 -1783707 1061
1631 396 m2 230747 0.000117430391 0.5 p-1 -3310 2
891 397 m2 233689 -0.0032927182 0.5 p-1 -161018 39
712 398 m2 234532 0.000708782289 0.5 p-1 -38719 10
751 399 m2 234827 -0.000988361775 0.5 p-1 -639419 107
1688 401 m2 235701 0.00124144729 0.5 p-1 -26637 9
1503 402 m2 235757 -0.00307207089 0.5 p-1 -150817 13
1263 403 m2 235811 -8.60925065e-05 0.5 p-1 -1502106 26
58 404 m2 235865 -0.000329160073 0.5 p-1 -10808235 1958
414 405 m2 236266 -0.0174177159 0.5 p-1 -734858 56
959 406 m2 236906 -0.000151358225 0.5 p-1 -292950 97
713 408 m2 237036 -1.05911859e-05 0.5 p-1 -1452950 298
300 410 m2 237586 -1.02064277e-11 0.5 p-1 -824311 469
714 411 m2 237669 -2.4315128e-05 0.5 p-1 -1537023 760
1689 413 m2 237832 1.40252178e-05 0.5 p-1 -219174 6
645 414 m2 238179 0.0173495598 0.5 p-1 -1189189 595
1213 416 m2 238802 0.0265547112 0.5 p-1 -21130 4
301 417 m2 239070 0.000769054692 0.5 p-1 -198902 177
1068 418 m2 239262 0.00923144631 0.5 p-1 -92606 18
59 419 m2 239783 0.0103280293 0.5 p-1 -11357750 1266
960 420 m2 240172 -0.0091814287 0.5 p-1 -414604 130
1214 421 m2 240444 -0.000892671349 0.5 p-1 -56268 4
61 422 m2 241276 -0.000127610634 0.5 p-1 -3148980 1585
302 424 m2 242160 -0.0413048752 0.5 p-1 -1156482 809
1123 426 m2 242930 0.0309259892 0.5 p-1 -1984694 50
912 427 m2 243813 -0.0295345746 0.5 p-1 -706005 235
303 428 m2 244237 0.0156002482 0.5 p-1 -660126 447
1539 429 m2 244819 -0.000483844866 0.5 p-1 -34949 3
1602 430 m2 244925 3.17941101e-07 0.5 p-1 -38423 2
304 433 m2 245735 4.09036184e-05 0.5 p-1 -2217207 886
1540 434 m2 246312 -0.000604283414 0.5 p-1 -143687 3
63 435 m2 246490 0.018367894 0.5 p-1 -675518 99
682 436 m2 246566 0.00222755643 0.5 p-1 -1894095 818
553 437 m2 247149 -1.8065959e-05 0.5 p-1 -3557746 922
306 441 m2 250204 0.0389258601 0.5 p-1 -771305 445
1492 442 m2 250242 0.109037749 0.5 p-1 -124543 11
1721 443 m2 255452 2.02546107e-06 0.5 p-1 -17492 2
554 444 m2 255999 -7.99765854e-09 0.5 p-1 -1270700 401
892 446 m2 257294 -0.000746881298 0.5 p-1 -81562 98
66 447 m2 258036 -0.00527773658 0.5 p-1 -61344 94
497 448 m2 258575 2.7813951e-06 0.5 p-1 -2065171 677
67 453 m2 260049 0.00210787822 0.5 p-1 -218681 91
1590 454 m2 260224 0.0146532422 0.5 p-1 -15970 1
1603 455 m2 260572 -0.000305379101 0.5 p-1 -11464 1
1259 456 m2 262094 -4.05944302e-05 0.5 p-1 -11736 14
1070 457 m2 263495 4.32393836e-06 0.5 p-1 -42046 43
646 458 m2 263888 -0.00169054384 0.5 p-1 -4344044 30
752 459 m2 264656 -0.0411900319 0.5 p-1 -2148401 338
69 462 m2 267355 0.00164115173 0.5 p-1 -2663940 1118
1469 463 m2 268163 -0.00275597768 0.5 p-1 -164182 19
70 465 m2 269649 -0.00174117368 0.5 p-1 -536652 764
945 466 m2 270055 -0.00503543857 0.5 p-1 -72654 70
753 467 m2 270325 0.00137168285 0.5 p-1 -73662 60
71 468 m2 271400 -0.000281367335 0.5 p-1 -8248483 359
1083 469 m2 271453 0.000448368723 0.5 p-1 -401548 13
1313 471 m2 272008 0.0213702377 0.5 p-1 -835104 74
499 472 m2 272465 -0.000819311128 0.5 p-1 -805949 906
1108 476 m2 275871 -0.00437268103 0.5 p-1 -1173232 4
417 477 m2 276083 5.16393129e-06 0.5 p-1 -2216569 307
1228 478 m2 276452 -0.00281934091 0.5 p-1 -302357 66
418 479 m2 277784 0.0146928681 0.5 p-1 -4535130 1586
419 481 m2 278905 0.0139711965 0.5 p-1 -4346978 437
420 482 m2 279889 -0.00807121769 0.5 p-1 -5130206 773
839 484 m2 280071 -0.0670441464 0.5 p-1 -182192 76
1133 486 m2 280694 -0.00126872596 0.5 p-1 -51124 5
421 488 m2 281360 5.49719662e-05 0.5 p-1 -392125 397
308 489 m2 281683 -0.000364146195 0.5 p-1 -5596152 1425
73 490 m2 282040 -0.00130191271 0.5 p-1 -2283722 646
309 493 m2 282624 9.67596279e-05 0.5 p-1 -784 10
1240 494 m2 282644 -0.00184914621 0.5 p-1 -27309 15
74 495 m2 283241 -0.00453386549 0.5 p-1 -503846 434
1140 496 m2 283636 0.0159445368 0.5 p-1 -323192 63
1364 497 m2 283842 0.00829348434 0.5 p-1 -21531 11
75 498 m2 284917 -0.000283887581 0.5 p-1 -3018804 1085
1134 499 m2 285537 -0.00237079733 0.5 p-1 -87873 5
555 500 m2 286449 0.0154860159 0.5 p-1 -490323 133
684 502 m2 286722 -0.00275938422 0.5 p-1 -1193231 53
1735 503 m2 286995 -0.00517021166 0.5 p-1 -10553 1
1376 504 m2 287012 0.0329125039 0.5 p-1 -26172 2
982 506 m2 287494 -0.00559116248 0.5 p-1 -3014806 80
1215 508 m2 289689 0.00783766154 0.5 p-1 -8701 4
893 509 m2 290260 4.66056463e-06 0.5 p-1 -481750 116
310 510 m2 290890 -0.000338472018 0.5 p-1 -3348393 1177
819 511 m2 291417 -0.000233050363 0.5 p-1 -48496 161
1487 513 m2 292848 0.00051349611 0.5 p-1 -593 1
685 514 m2 293849 -0.081122078 0.5 p-1 -30040 28
1632 515 m2 294849 -9.9463584e-08 0.5 p-1 -77971 3
76 516 m2 295136 -1.57374361e-05 0.5 p-1 -1053619 513
311 517 m2 295151 0.0768767595 0.5 p-1 -813191 1093
1736 518 m2 296096 0.00144238246 0.5 p-1 -6470 1
312 519 m2 297880 -0.02970808 0.5 p-1 -7897186 483
1610 521 m2 298965 3.01662385e-05 0.5 p-1 -24983 15
77 522 m2 299759 -0.0122383619 0.5 p-1 -1802576 370
1686 523 m2 300503 0.000711164845 0.5 p-1 -120803 1
1397 524 m2 300614 0.00158433348 0.5 p-1 -162848 11
1398 525 m2 300954 0.0229912493 0.5 p-1 -163145 11
1348 527 m2 301046 -0.00140768744 0.5 p-1 -115301 33
314 528 m2 301278 -0.000208574696 0.5 p-1 -5157238 282
556 529 m2 301500 -0.00178441673 0.5 p-1 -252784 114
500 531 m2 301845 -0.0117701013 0.5 p-1 -1487043 259
686 533 m2 303496 0.0121597806 0.5 p-1 -528412 546
558 534 m2 304083 -0.00497301621 0.5 p-1 -429384 82
501 537 m2 305637 0.00131324306 0.5 p-1 -2025859 126
1639 538 m2 306049 1.31877911e-07 0.5 p-1 -52899 2
80 539 m2 306288 0.000533222454 0.5 p-1 -681273 996
1541 541 m2 308343 -0.0185154174 0.5 p-1 -89311 18
687 542 m2 309437 -2.68134102e-07 0.5 p-1 -381670 140
315 543 m2 309903 -0.00362841017 0.5 p-1 -2732293 613
1071 545 m2 310511 1.90813736e-07 0.5 p-1 -23315 13
422 546 m2 311020 0.00320812804 0.5 p-1 -78414 31
1633 547 m2 311557 0.0029407267 0.5 p-1 -2879 2
715 548 m2 311569 -0.000584589434 0.5 p-1 -3183456 189
860 550 m2 313405 -2.17036377e-05 0.5 p-1 -2507683 344
1349 552 m2 314939 -0.000116433323 0.5 p-1 -9237 11
806 553 m2 315750 0.000295968464 0.5 p-1 -953694 153
608 554 m2 315919 0.00170014019 0.5 p-1 -177501 203
1658 555 m2 315973 -5.67305619e-07 0.5 p-1 -1709037 6
1153 556 m2 316696 0.00354114361 0.5 p-1 -282244 57
1521 557 m2 317524 -0.000421054108 0.5 p-1 -19265 6
317 558 m2 318972 0.00785503443 0.5 p-1 -9475836 1667
1407 560 m2 319778 0.0217367969 0.5 p-1 -2732 1
1652 561 m2 320865 0.000177497161 0.5 p-1 -36761 2
901 563 m2 321169 0.0212738011 0.5 p-1 -240285 169
609 564 m2 321787 0.042166952 0.5 p-1 -716280 658
840 565 m2 321804 0.00830439292 0.5 p-1 -225905 18
807 568 m2 323732 0.000974056253 0.5 p-1 -314118 98
1084 570 m2 324575 1.81806045e-05 0.5 p-1 -530198 36
318 571 m2 324796 0.00179354579 0.5 p-1 -1893713 262
1604 572 m2 324837 -0.00540721789 0.5 p-1 -25806 3
319 574 m2 325680 0.0313501507 0.5 p-1 -85589 96
1343 575 m2 325778 2.93326793e-05 0.5 p-1 -152331 32
503 578 m2 328046 -0.0180685539 0.5 p-1 -432506 395
1651 579 m2 328305 0.0331555568 0.5 p-1 -4180 5
1110 580 m2 328367 -0.00177661725 0.5 p-1 -65570 20
82 581 m2 328494 0.00113257242 0.5 p-1 -2519078 1338
1332 584 m2 330273 -0.0223806016 0.5 p-1 -37018 10
895 585 m2 330362 -0.0279544592 0.5 p-1 -40355 18
320 587 m2 331531 -0.00359035912 0.5 p-1 -4018134 553
1730 588 m2 331817 -0.00840049051 0.5 p-1 -157343 2
902 589 m2 332305 0.000490214035 0.5 p-1 -1044463 65
1482 591 m2 333093 0.000238172564 0.5 p-1 -9304 4
1135 593 m2 334436 -0.0156728495 0.5 p-1 -64161 20
841 594 m2 334967 0.00665452052 0.5 p-1 -15626 38
1336 595 m2 335504 0.0334819593 0.5 p-1 -118809 19
896 596 m2 335590 -0.00131909864 0.5 p-1 -783201 172
1393 597 m2 336059 -0.00344679318 0.5 p-1 -112341 4
1281 599 m2 336809 0.00295058265 0.5 p-1 -66362 15
423 600 m2 337634 -0.00618079212 0.5 p-1 -2827171 1055
648 602 m2 337875 0.00388719514 0.5 p-1 -461254 224
321 603 m2 338186 8.07115248e-06 0.5 p-1 -4334615 1932
559 605 m2 338890 0.00519504072 0.5 p-1 -3142525 689
84 608 m2 341542 -0.000192938198 0.5 p-1 -1063589 279
754 609 m2 342840 -0.000259472581 0.5 p-1 -33137 15
842 611 m2 343028 -0.000591255783 0.5 p-1 -76934 79
755 612 m2 343516 -0.0280752536 0.5 p-1 -3074735 271
85 613 m2 343894 -5.52214078e-05 0.5 p-1 -2423225 1770
86 614 m2 343905 0.0128998496 0.5 p-1 -3474845 1770
843 615 m2 344143 -0.0177249182 0.5 p-1 -752868 88
1136 616 m2 344784 -0.000930434791 0.5 p-1 -337177 21
88 618 m2 344994 0.0255256444 0.5 p-1 -227988 144
1303 620 m2 346678 0.000448363076 0.5 p-1 -153123 18
1072 621 m2 346908 9.43518753e-05 0.5 p-1 -95563 36
1424 622 m2 347105 -0.0784976631 0.5 p-1 -3595 7
1473 623 m2 347588 -0.000487516692 0.5 p-1 -1405 4
913 624 m2 347706 1.83966858e-06 0.5 p-1 -68749 21
322 625 m2 347940 -0.0393405743 0.5 p-1 -698745 319
820 628 m2 348338 -0.00337834959 0.5 p-1 -17799 12
649 629 m2 348403 -0.0223390199 0.5 p-1 -2971386 725
1279 630 m2 348579 0.00576560525 0.5 p-1 -68572 7
90 631 m2 348924 0.00140490301 0.5 p-1 -894572 253
650 634 m2 350194 -0.0344082639 0.5 p-1 -6233622 829
1165 637 m2 351408 8.10826969e-05 0.5 p-1 -51422 58
91 638 m2 352327 -1.40078168e-06 0.5 p-1 -1859716 1033
1331 639 m2 352620 0.00458191335 0.5 p-1 -29655 3
92 640 m2 352678 0.00030505209 0.5 p-1 -94963 157
94 643 m2 353946 -0.0189802237 0.5 p-1 -1351349 1663
95 646 m2 354256 -0.0179838296 0.5 p-1 -864299 948
1314 647 m2 354309 -0.0629310533 0.5 p-1 -46836 47
96 648 m2 354548 -0.00765336957 0.5 p-1 -3413908 1129
845 649 m2 355616 -0.000931390678 0.5 p-1 -331739 95
505 650 m2 356350 0.00388124632 0.5 p-1 -438072 327
756 651 m2 357176 0.0333512202 0.5 p-1 -311448 163
1552 652 m2 357824 0.0584552139 0.5 p-1 -15099 4
1168 653 m2 357864 -3.377748e-05 0.5 p-1 -27570 22
1116 654 m2 357911 -0.014160363 0.5 p-1 -500141 45
1471 656 m2 358638 0.0108253825 0.5 p-1 -414643 4
97 657 m2 360014 0.0275696851 0.5 p-1 -2026443 1457
1511 658 m2 360071 -0.0301628802 0.5 p-1 -41746 18
506 661 m2 363121 6.12444319e-06 0.5 p-1 -1679490 1049
611 662 m2 363166 -0.00215884461 0.5 p-1 -1229689 373
1073 663 m2 363373 1.3347341e-08 0.5 p-1 -405490 55
98 664 m2 363943 0.0396814756 0.5 p-1 -9714469 1336
1751 665 m2 363989 0.000268738921 0.5 p-1 -26004 1
612 666 m2 364846 0.00396034028 0.5 p-1 -160633 70
688 667 m2 365994 4.66698702e-06 0.5 p-1 -4282178 276
99 669 m2 366948 -2.20225484e-05 0.5 p-1 -4459447 1018
100 670 m2 367493 -6.79477921e-07 0.5 p-1 -3696913 313
961 671 m2 368230 0.0053533162 0.5 p-1 -40459 9
560 673 m2 369081 -0.00604046462 0.5 p-1 -101768 48
1570 674 m2 369211 -0.0107344622 0.5 p-1 -63724 1
914 677 m2 371252 -0.101924039 0.5 p-1 -44070 16
323 678 m2 371339 -0.0537151881 0.5 p-1 -916060 193
1288 679 m2 371387 -7.78946951e-09 0.5 p-1 -203359 26
915 680 m2 371434 0.0111538703 0.5 p-1 -50940 16
613 681 m2 371502 0.0508725494 0.5 p-1 -1353804 472
1291 683 m2 371667 -1.23974969e-05 0.5 p-1 -162705 6
1053 684 m2 371694 0.00300881662 0.5 p-1 -158962 69
324 686 m2 373873 0.0267451312 0.5 p-1 -886325 438
102 687 m2 374319 -0.0158770792 0.5 p-1 -1579845 298
103 688 m2 374953 -0.000200529437 0.5 p-1 -1803096 782
561 689 m2 375414 -0.00425573811 0.5 p-1 -1749093 840
689 690 m2 375530 0.0106141083 0.5 p-1 -138081 87
325 692 m2 376275 -0.00271598483 0.5 p-1 -5224384 1033
1169 693 m2 376298 0.000694543298 0.5 p-1 -137475 19
1431 694 m2 376546 0.0021066675 0.5 p-1 -88293 11
424 696 m2 376938 0.0182749145 0.5 p-1 -3861425 1543
507 697 m2 377226 -7.47764425e-05 0.5 p-1 -505843 98
1456 698 m2 377926 -0.0100129927 0.5 p-1 -9164 5
1252 699 m2 379924 -0.0032996512 0.5 p-1 -55731 40
1743 700 m2 380510 0.013922126 0.5 p-1 -47365 1
1333 701 m2 380986 8.59150584e-10 0.5 p-1 -20397 8
105 702 m2 382308 0.00219245232 0.5 p-1 -875299 437
1465 703 m2 383309 0.0138497613 0.5 p-1 -4215 9
1125 704 m2 384287 -1.12638013e-07 0.5 p-1 -35127 30
1670 705 m2 385302 0.0180937517 0.5 p-1 -28363 2
562 706 m2 385481 0.000204145326 0.5 p-1 -458368 174
425 707 m2 385527 0.0136964573 0.5 p-1 -191946 245
1478 708 m2 386669 0.00323767797 0.5 p-1 -29780 3
106 709 m2 387165 0.000388671266 0.5 p-1 -312279 332
426 710 m2 387215 0.00632834854 0.5 p-1 -140910 31
898 711 m2 387346 0.0246336311 0.5 p-1 -117200 62
107 712 m2 387374 0.0353538431 0.5 p-1 -389570 589
1026 713 m2 388115 0.0353094935 0.5 p-1 -35606 9
1731 714 m2 389038 3.74604679e-05 0.5 p-1 -2119 1
427 715 m2 391931 -0.0124270627 0.5 p-1 -5353058 54
1614 717 m2 393552 0.0538537689 0.5 p-1 -17805 2
1234 718 m2 393672 5.99460545e-05 0.5 p-1 -36762 4
1581 719 m2 394122 0.00225757482 0.5 p-1 -188551 2
1141 720 m2 394144 0.00619678106 0.5 p-1 -5010 7
1739 721 m2 394690 -0.00417645182 0.5 p-1 -11536 1
718 723 m2 395723 7.57337966e-06 0.5 p-1 -1203014 289
1117 724 m2 396122 0.0216810405 0.5 p-1 -8875662 60
1324 725 m2 396336 -6.57501296e-05 0.5 p-1 -39552 12
429 726 m2 396427 -0.00226453319 0.5 p-1 -2191193 891
1175 727 m2 397271 -1.70467174e-05 0.5 p-1 -210796 22
110 729 m2 397732 1.2862999e-05 0.5 p-1 -4575664 921
112 733 m2 401796 0.00361636071 0.5 p-1 -2355622 961
1356 734 m2 404817 0.0013702967 0.5 p-1 -9251 7
719 735 m2 405327 2.35883217e-05 0.5 p-1 -54761 11
1315 736 m2 405901 0.00171671296 0.5 p-1 -54353 28
113 737 m2 405941 0.00418129331 0.5 p-1 -1527988 1372
1176 738 m2 406161 0.000103680235 0.5 p-1 -521311 5
326 739 m2 406293 -0.145538777 0.5 p-1 -1571298 363
114 742 m2 407703 -0.000107854525 0.5 p-1 -733144 587
916 744 m2 407946 1.75415626e-05 0.5 p-1 -44112 32
1027 745 m2 408107 -0.0001540222 0.5 p-1 -204576 43
431 746 m2 408653 1.64457037e-06 0.5 p-1 -20655 9
690 747 m2 409553 0.0100657484 0.5 p-1 -5030113 963
691 748 m2 409580 0.000789193786 0.5 p-1 -4089437 969
432 751 m2 411583 0.000561793975 0.5 p-1 -19006 21
1247 752 m2 412343 -0.000866306713 0.5 p-1 -277984 28
116 754 m2 413941 -0.000712834531 0.5 p-1 -7077087 1993
1748 755 m2 415145 -1.09343e-06 0.5 p-1 -33959 1
565 756 m2 415593 0.00346099469 0.5 p-1 -672817 317
1283 759 m2 416262 -0.00278866035 0.5 p-1 -19969 6
1208 761 m2 418803 -0.00241293036 0.5 p-1 -8528 7
758 762 m2 420646 -0.000789731799 0.5 p-1 -1596840 133
1142 765 m2 422513 0.00820650253 0.5 p-1 -90319 12
759 766 m2 422732 0.000852622848 0.5 p-1 -429342 158
651 767 m2 422778 -5.09169404e-05 0.5 p-1 -747395 389
1557 768 m2 423152 3.67431239e-05 0.5 p-1 -234890 16
1660 769 m2 423704 0.0301933885 0.5 p-1 -133937 4
327 771 m2 424340 0.00206602388 0.5 p-1 -1065904 117
566 772 m2 424452 -0.00208745967 0.5 p-1 -4791663 929
567 773 m2 424657 0.0111951279 0.5 p-1 -3747386 785
1028 774 m2 424779 0.00829270016 0.5 p-1 -117115 20
118 775 m2 425502 -0.0531703755 0.5 p-1 -1640341 577
936 777 m2 428159 -0.000684642349 0.5 p-1 -1531483 113
119 778 m2 428326 -7.01997169e-06 0.5 p-1 -1265877 1150
962 780 m2 428853 0.00567869283 0.5 p-1 -1173657 113
120 783 m2 431673 -0.00031964021 0.5 p-1 -1685740 1349
720 784 m2 432529 -0.00270493887 0.5 p-1 -88871 64
328 785 m2 432956 0.00628203293 0.5 p-1 -524683 129
121 786 m2 433096 0.00384595268 0.5 p-1 -5425268 1665
122 787 m2 433236 0.0104492428 0.5 p-1 -5297744 1634
1248 789 m2 434663 -5.36112807e-08 0.5 p-1 -213958 14
983 790 m2 434981 -0.00138679205 0.5 p-1 -977849 190
329 791 m2 435597 -0.000757836679 0.5 p-1 -1709544 605
1528 794 m2 436458 -0.00687181111 0.5 p-1 -439337 19
616 795 m2 436535 -0.0226539727 0.5 p-1 -3887253 436
1126 796 m2 436735 -0.000523379073 0.5 p-1 -638995 26
1709 797 m2 438003 -0.00453217234 0.5 p-1 -9756 3
721 799 m2 439354 0.0160438679 0.5 p-1 -305295 206
433 801 m2 440608 0.0278785191 0.5 p-1 -502512 202
331 802 m2 441038 -0.149036482 0.5 p-1 -1512337 185
509 804 m2 441171 -0.0352260023 0.5 p-1 -1080273 577
1089 807 m2 441417 -0.00185653137 0.5 p-1 -108244 55
124 809 m2 442791 0.00121767051 0.5 p-1 -1849393 335
789 810 m2 442832 -2.84399789e-07 0.5 p-1 -30252 19
1039 815 m2 448372 0.0985374525 0.5 p-1 -135609 58
125 816 m2 448732 0.00164210424 0.5 p-1 -852413 200
126 817 m2 449293 -0.00411692681 0.5 p-1 -284471 220
877 818 m2 449331 0.00526907528 0.5 p-1 -3621504 77
510 819 m2 449790 0.0430818759 0.5 p-1 -405989 651
692 821 m2 452104 -0.00142862217 0.5 p-1 -962099 203
760 822 m2 452220 -0.00381720928 0.5 p-1 -381630 176
808 823 m2 452233 0.000825943251 0.5 p-1 -559605 188
1287 824 m2 452283 -0.010382005 0.5 p-1 -63918 19
878 825 m2 452497 -0.0548591278 0.5 p-1 -3587824 65
1573 826 m2 452602 4.9919846e-09 0.5 p-1 -156795 8
511 827 m2 453021 9.80077675e-05 0.5 p-1 -4739459 204
652 830 m2 454934 0.0146579761 0.5 p-1 -154180 167
1716 831 m2 458411 -0.00764897512 0.5 p-1 -19597 2
1043 832 m2 459069 -0.00196366245 0.5 p-1 -109760 44
653 833 m2 459082 -0.00323698577 0.5 p-1 -118793 107
654 835 m2 460753 -0.00892374385 0.5 p-1 -448216 200
1659 836 m2 462436 0.00884067453 0.5 p-1 -12337 4
879 837 m2 462619 0.00495898584 0.5 p-1 -11466795 347
131 838 m2 463475 -0.000469718536 0.5 p-1 -4575796 1626
995 840 m2 466866 0.00415876601 0.5 p-1 -317301 127
1747 841 m2 467767 -0.00751563767 0.5 p-1 -8706 1
1127 842 m2 468224 9.37725815e-07 0.5 p-1 -106619 19
132 844 m2 468797 -0.00430466421 0.5 p-1 -4541520 804
569 845 m2 469503 0.00760942372 0.5 p-1 -2146235 384
133 846 m2 472012 0.0573868565 0.5 p-1 -1597856 1381
1011 847 m2 472507 0.00707110856 0.5 p-1 -7131220 80
435 848 m2 472994 -0.000165989739 0.5 p-1 -450242 148
761 849 m2 473679 0.00870415568 0.5 p-1 -222767 15
1377 850 m2 476159 0.0221831668 0.5 p-1 -43334 9
512 853 m2 477482 0.0529748276 0.5 p-1 -4415610 511
762 855 m2 477780 -0.00419151783 0.5 p-1 -385703 80
1650 856 m2 479138 -2.12232771e-05 0.5 p-1 -3233 3
1592 857 m2 479378 0.0250535496 0.5 p-1 -18279 9
513 859 m2 479940 -0.000292040524 0.5 p-1 -1670692 495
655 862 m2 483551 -0.00961747579 0.5 p-1 -315444 56
1607 864 m2 484391 0.000123615464 0.5 p-1 -53194 5
135 866 m2 486210 -0.0115522658 0.5 p-1 -298434 198
570 867 m2 486285 -0.00292535801 0.5 p-1 -1132340 32
136 868 m2 486549 -0.000137976895 0.5 p-1 -4858942 834
1249 869 m2 486840 0.00892653316 0.5 p-1 -1334752 155
656 870 m2 486858 -0.0125885922 0.5 p-1 -1477154 78
436 872 m2 488884 0.000278303516 0.5 p-1 -1387263 249
336 873 m2 493897 -1.47056016e-06 0.5 p-1 -884686 734
1425 874 m2 494195 0.00922769215 0.5 p-1 -583667 6
1733 875 m2 494467 0.0156511962 0.5 p-1 -14375 1
437 877 m2 495526 0.00727852015 0.5 p-1 -68179 27
1430 878 m2 495861 0.00193037186 0.5 p-1 -167716 20
514 880 m2 497542 -0.00238547055 0.5 p-1 -6922233 675
1029 883 m2 498840 -0.189234942 0.5 p-1 -3006430 84
438 884 m2 498906 -7.41758267e-05 0.5 p-1 -35882 51
880 885 m2 498956 -0.000699085649 0.5 p-1 -389637 393
846 890 m2 501124 -0.0112320771 0.5 p-1 -313723 67
1299 891 m2 501959 -5.62460009e-05 0.5 p-1 -275249 23
1085 894 m2 502688 4.6511901e-05 0.5 p-1 -4192966 52
1094 896 m2 503813 0.00487691537 0.5 p-1 -31351 12
337 897 m2 503949 0.00300267269 0.5 p-1 -2515021 453
439 899 m2 505846 0.0463263243 0.5 p-1 -658375 1161
571 901 m2 507313 0.000393234572 0.5 p-1 -1614989 123
1191 903 m2 510299 -9.26275243e-05 0.5 p-1 -34504 82
790 904 m2 511710 -0.00474980334 0.5 p-1 -2922234 119
139 905 m2 512905 -0.00240914384 0.5 p-1 -1685285 400
1623 906 m2 513174 -0.0450933576 0.5 p-1 -27368 1
861 907 m2 513419 -0.00440977374 0.5 p-1 -1407538 130
515 908 m2 514028 0.00144902745 0.5 p-1 -4086670 663
1725 913 m2 516127 -0.00250186073 0.5 p-1 -29682 1
516 914 m2 516299 -0.00997796748 0.5 p-1 -984855 430
1726 915 m2 516635 -0.00241744099 0.5 p-1 -24561 1
1004 916 m2 516955 -0.00577204907 0.5 p-1 -630178 111
140 917 m2 517025 -6.54289897e-06 0.5 p-1 -2915568 846
1687 919 m2 519114 -0.00589747354 0.5 p-1 -5682 1
1019 920 m2 519833 0.00168554683 0.5 p-1 -543978 163
1531 921 m2 519848 0.00616924278 0.5 p-1 -31556 8
1012 922 m2 520255 -0.0239880383 0.5 p-1 -72162 22
1317 923 m2 520685 -0.000721800607 0.5 p-1 -31866 27
791 924 m2 521679 -3.87827459e-09 0.5 p-1 -208236 101
1520 925 m2 522507 1.84064847e-05 0.5 p-1 -72708 8
1030 926 m2 523022 0.00741493469 0.5 p-1 -636915 144
518 927 m2 523082 0.00103453232 0.5 p-1 -3078893 248
441 928 m2 523478 0.0569779091 0.5 p-1 -358592 43
442 930 m2 524661 0.00134011696 0.5 p-1 -706803 109
617 931 m2 524726 7.78807735e-05 0.5 p-1 -893725 503
519 932 m2 525125 0.00101170165 0.5 p-1 -1451311 65
693 934 m2 526404 -0.00039100775 0.5 p-1 -288456 84
1051 935 m2 527849 -0.000286701979 0.5 p-1 -78405 10
976 936 m2 529424 0.000100531717 0.5 p-1 -495147 201
339 937 m2 530012 0.0106556192 0.5 p-1 -2646628 1092
657 938 m2 530285 -0.000181767478 0.5 p-1 -292514 57
996 939 m2 530449 9.17821308e-05 0.5 p-1 -84178 45
572 940 m2 531089 0.000715211907 0.5 p-1 -146980 148
340 941 m2 531343 -6.34024618e-05 0.5 p-1 -1834173 461
341 942 m2 531472 -0.00249688071 0.5 p-1 -156953 66
443 943 m2 531616 0.00877533481 0.5 p-1 -665373 189
763 944 m2 532286 -0.00094340276 0.5 p-1 -278709 93
997 945 m2 533483 -0.0287469123 0.5 p-1 -18504 10
141 947 m2 533678 0.00408885535 0.5 p-1 -4802027 1264
937 948 m2 534003 -0.00128670712 0.5 p-1 -29274 12
142 949 m2 535255 0.00754251052 0.5 p-1 -4232531 1132
444 952 m2 535845 9.91022443e-06 0.5 p-1 -808575 160
1350 953 m2 536918 -2.34257059e-05 0.5 p-1 -7789 10
143 955 m2 537167 0.000935774646 0.5 p-1 -3292467 851
1031 956 m2 537267 0.00135828741 0.5 p-1 -87461 21
144 957 m2 537477 0.0527539961 0.5 p-1 -107209 115
1490 960 m2 539008 -0.00073332648 0.5 p-1 -50487 16
146 963 m2 541124 2.05577271e-05 0.5 p-1 -566664 254
342 964 m2 541509 -0.0026843443 0.5 p-1 -2515981 310
445 965 m2 541639 -0.00563688483 0.5 p-1 -985559 123
1488 967 m2 542722 -0.0775613412 0.5 p-1 -116568 3
343 968 m2 542882 0.00416944409 0.5 p-1 -510703 203
1421 969 m2 543603 -0.00086798775 0.5 p-1 -33614 2
1337 970 m2 544085 0.000733186898 0.5 p-1 -138012 16
520 971 m2 544106 -0.00524038635 0.5 p-1 -1001823 64
1280 972 m2 544205 -0.254533052 0.5 p-1 -933603 32
573 973 m2 544647 -0.0263665114 0.5 p-1 -353788 205
574 974 m2 544670 7.14523139e-07 0.5 p-1 -868384 310
575 977 m2 546624 0.0206004679 0.5 p-1 -1400407 519
862 978 m2 547900 0.0039489707 0.5 p-1 -101545 45
1268 979 m2 548482 0.00220708479 0.5 p-1 -319953 80
947 980 m2 548722 0.000282620749 0.5 p-1 -39000 51
446 981 m2 549418 -0.000189404629 0.5 p-1 -1049891 461
1020 982 m2 550541 -0.00230220659 0.5 p-1 -126457 8
521 983 m2 550561 -0.0547456965 0.5 p-1 -503303 257
863 984 m2 550667 -0.0574456118 0.5 p-1 -344230 92
447 986 m2 551632 2.6130092e-05 0.5 p-1 -1685895 987
1545 987 m2 551735 0.0228193589 0.5 p-1 -14962 1
723 988 m2 552480 -0.000353996205 0.5 p-1 -2402576 373
1206 990 m2 552622 -2.1901491e-05 0.5 p-1 -49370 33
792 991 m2 552623 0.0297679547 0.5 p-1 -4145 23
1235 992 m2 553485 0.00268626376 0.5 p-1 -10796 7
764 993 m2 553600 0.0448987111 0.5 p-1 -605802 43
948 994 m2 554419 0.00337454025 0.5 p-1 -348289 203
1219 996 m2 554610 0.00763572613 0.5 p-1 -273333 3
1724 997 m2 555360 -7.8084573e-05 0.5 p-1 -2270 1
847 998 m2 555504 -0.00220701098 0.5 p-1 -248626 161
1619 999 m2 555566 -0.00376882544 0.5 p-1 -29802 4
1119 1002 m2 556973 -0.0091319615 0.5 p-1 -303453 56
725 1004 m2 559456 -0.000765139994 0.5 p-1 -2516129 201
1112 1005 m2 560499 -0.0059265336 0.5 p-1 -70105 16
151 1006 m2 560712 0.0050739483 0.5 p-1 -550010 277
1466 1007 m2 561293 -0.00941531081 0.5 p-1 -24220 2
576 1008 m2 562062 -0.000695926428 0.5 p-1 -3712303 449
1223 1012 m2 564698 0.0059190169 0.5 p-1 -81060 27
1475 1013 m2 564928 -0.00122935674 0.5 p-1 -43735 3
1649 1015 m2 566271 -0.00816475879 0.5 p-1 -30212 1
1163 1016 m2 567450 0.000933028467 0.5 p-1 -55257 14
1203 1017 m2 569604 -0.00526748225 0.5 p-1 -232578 119
1444 1018 m2 569850 0.00947586168 0.5 p-1 -4764 3
658 1019 m2 570682 -0.00423237262 0.5 p-1 -367958 282
153 1021 m2 572951 -0.000528360717 0.5 p-1 -2301209 1481
1373 1022 m2 572955 -0.000633426826 0.5 p-1 -12403 5
1284 1023 m2 573209 0.021969635 0.5 p-1 -9073 21
904 1024 m2 573210 -4.68558561e-08 0.5 p-1 -3883836 198
154 1025 m2 573765 0.00661239075 0.5 p-1 -3200923 1858
156 1027 m2 574759 0.0489742607 0.5 p-1 -1576046 518
1616 1028 m2 574821 1.27901603e-05 0.5 p-1 -539246 4
1713 1029 m2 575782 -0.0140568428 0.5 p-1 -3700 1
1034 1030 m2 575884 -0.00655645551 0.5 p-1 -68276 25
793 1031 m2 576233 -0.00187500834 0.5 p-1 -499943 132
1624 1032 m2 576511 3.35191762e-05 0.5 p-1 -93501 7
448 1033 m2 577122 0.0155590782 0.5 p-1 -1838577 762
726 1036 m2 579168 -0.0223892368 0.5 p-1 -358211 123
577 1037 m2 579172 -0.00210296852 0.5 p-1 -2187544 535
1464 1038 m2 581123 -0.0270483568 0.5 p-1 -14843 5
345 1039 m2 581163 0.0104068397 0.5 p-1 -3056533 1498
618 1040 m2 582416 0.0195085052 0.5 p-1 -248209 171
157 1041 m2 582912 -0.000103941391 0.5 p-1 -5418945 1608
1574 1043 m2 583986 0.00945044216 0.5 p-1 -68243 3
938 1044 m2 584068 0.000265663461 0.5 p-1 -1600191 109
619 1046 m2 584260 -1.89347338e-06 0.5 p-1 -233167 67
1013 1047 m2 584416 0.00518299825 0.5 p-1 -36704 40
1427 1048 m2 585199 -0.00640569115 0.5 p-1 -1877987 8
949 1049 m2 585272 0.0208359156 0.5 p-1 -255401 313
1351 1051 m2 585942 -3.58354555e-05 0.5 p-1 -71611 24
346 1055 m2 586770 0.000327798858 0.5 p-1 -342694 242
1386 1057 m2 587993 0.0500976704 0.5 p-1 -385807 14
1678 1059 m2 591169 -5.89166411e-05 0.5 p-1 -1461 1
766 1060 m2 591786 -0.000185639379 0.5 p-1 -347402 185
1101 1061 m2 592238 0.000551450008 0.5 p-1 -117656 5
158 1063 m2 593415 0.0658100918 0.5 p-1 -4526039 1475
1244 1064 m2 593832 0.0182292666 0.5 p-1 -7383 41
1154 1066 m2 594249 0.00868496019 0.5 p-1 -33125 7
1671 1068 m2 596655 1.42020127e-07 0.5 p-1 -53130 2
1326 1069 m2 597275 0.00921492931 0.5 p-1 -25983 9
1260 1072 m2 601398 -0.00559886824 0.5 p-1 -29945 9
1275 1074 m2 603527 -1.20777236e-06 0.5 p-1 -75274 54
694 1075 m2 605175 -0.0048393188 0.5 p-1 -92563 69
1229 1076 m2 605601 3.7079204e-05 0.5 p-1 -62270 79
1558 1077 m2 606095 0.000248063647 0.5 p-1 -27987 26
159 1079 m2 606806 -0.029311819 0.5 p-1 -319555 369
523 1080 m2 607100 -3.27452709e-09 0.5 p-1 -637740 219
160 1083 m2 608798 -0.0486572981 0.5 p-1 -1020413 762
1375 1084 m2 609233 0.00625126623 0.5 p-1 -672 5
1411 1088 m2 611753 0.000220579721 0.5 p-1 -25926 20
659 1089 m2 611770 0.00244705984 0.5 p-1 -197126 72
1318 1090 m2 612167 0.0146598285 0.5 p-1 -6155 10
161 1092 m2 613243 0.0114613706 0.5 p-1 -2213287 865
162 1093 m2 613782 -0.000622606254 0.5 p-1 -1673912 1461
1155 1094 m2 613872 0.000136490169 0.5 p-1 -2212668 54
578 1095 m2 614117 0.0698343441 0.5 p-1 -2595034 493
1565 1097 m2 615164 -0.00285860151 0.5 p-1 -1917 1
851 1098 m2 616865 0.0388407931 0.5 p-1 -264098 164
768 1099 m2 616885 0.0132001285 0.5 p-1 -2128196 98
163 1101 m2 617722 -9.28379109e-07 0.5 p-1 -49505 124
1378 1103 m2 619992 -0.00089848059 0.5 p-1 -175529 4
1102 1104 m2 620072 -2.51221309e-06 0.5 p-1 -12064 4
917 1106 m2 620271 -0.0127007123 0.5 p-1 -180660 86
1319 1107 m2 620469 -0.00052223634 0.5 p-1 -16200 9
823 1108 m2 620520 -0.00109178864 0.5 p-1 -1066128 179
350 1112 m2 624115 -0.00481553562 0.5 p-1 -819895 482
864 1113 m2 624265 0.0177939739 0.5 p-1 -7691 24
1666 1120 m2 628727 -0.0218749195 0.5 p-1 -6353 4
166 1121 m2 629060 -0.00420586579 0.5 p-1 -3082031 1810
661 1122 m2 629740 0.0241159294 0.5 p-1 -3035616 534
167 1124 m2 630064 -0.000410977227 0.5 p-1 -802182 395
351 1125 m2 630244 -0.000844251132 0.5 p-1 -1150634 365
1075 1126 m2 630324 0.000766703801 0.5 p-1 -248526 100
352 1127 m2 631279 -0.00853517 0.5 p-1 -271371 80
1720 1130 m2 632303 -0.00153669133 0.5 p-1 -75565 2
1415 1131 m2 633219 -0.0866343826 0.5 p-1 -124010 4
1149 1132 m2 633525 -2.3152872e-05 0.5 p-1 -13670 13
1637 1133 m2 634008 0.00112596329 0.5 p-1 -12285 1
169 1134 m2 635061 -1.2369911e-05 0.5 p-1 -3458140 1219
769 1135 m2 635154 0.00698676147 0.5 p-1 -416355 325
1062 1136 m2 638796 0.011777564 0.5 p-1 -134928 73
353 1140 m2 641450 0.0126140323 0.5 p-1 -5626875 1384
354 1141 m2 642896 -0.00147356349 0.5 p-1 -5400545 430
170 1142 m2 643473 0.0600987338 0.5 p-1 -4228125 489
524 1143 m2 645429 0.000231880666 0.5 p-1 -7433972 751
582 1144 m2 645774 -0.0238896608 0.5 p-1 -2317500 77
1230 1146 m2 646316 0.00533143245 0.5 p-1 -189712 77
1446 1148 m2 649028 -0.0582366548 0.5 p-1 -9593 13
794 1149 m2 649103 -0.000832377002 0.5 p-1 -707142 196
1277 1151 m2 651274 0.00137233082 0.5 p-1 -49929 13
172 1152 m2 651959 -0.000222358824 0.5 p-1 -11414466 1928
1598 1153 m2 652646 0.000343647116 0.5 p-1 -598962 7
987 1154 m2 653576 -0.00590465777 0.5 p-1 -77052 48
174 1155 m2 654056 0.00233711279 0.5 p-1 -2759071 624
175 1156 m2 654221 0.000447839266 0.5 p-1 -2213901 378
663 1158 m2 654632 -4.79810797e-06 0.5 p-1 -4539637 914
1346 1159 m2 655587 0.000439165626 0.5 p-1 -141059 21
357 1160 m2 656149 -0.000540104753 0.5 p-1 -2475648 1380
176 1161 m2 656227 -0.0293485001 0.5 p-1 -1069059 354
1347 1163 m2 656870 0.00108064851 0.5 p-1 -66144 8
1507 1164 m2 657087 -0.00325583923 0.5 p-1 -4177 7
358 1166 m2 658357 1.36241715e-06 0.5 p-1 -358611 265
177 1167 m2 659240 -0.000384081504 0.5 p-1 -64929 69
1276 1168 m2 659343 0.0103533827 0.5 p-1 -34946 31
1455 1169 m2 660159 -0.00343842618 0.5 p-1 -147239 9
359 1170 m2 660589 -6.8498608e-05 0.5 p-1 -636887 233
178 1171 m2 661066 -0.00593937514 0.5 p-1 -3545968 1744
179 1172 m2 661359 0.000307721086 0.5 p-1 -617474 695
1613 1173 m2 661956 0.0481494069 0.5 p-1 -38663 9
1063 1174 m2 662205 0.0469310582 0.5 p-1 -343753 17
1404 1175 m2 663235 -0.00482929451 0.5 p-1 -128575 7
1021 1176 m2 663516 -0.0593706481 0.5 p-1 -374671 117
695 1177 m2 663702 0.00101752393 0.5 p-1 -3506253 985
1517 1178 m2 663743 -0.00104375847 0.5 p-1 -2048 8
1568 1179 m2 664604 -0.00421613688 0.5 p-1 -1352494 8
770 1181 m2 665803 0.0153246056 0.5 p-1 -1648223 148
180 1182 m2 665853 -0.00758747896 0.5 p-1 -311813 284
583 1184 m2 667721 0.0170624498 0.5 p-1 -215386 63
584 1185 m2 667976 -8.78262796e-08 0.5 p-1 -133234 38
1569 1186 m2 668413 0.0050234315 0.5 p-1 -60595 8
852 1187 m2 668660 0.0320728645 0.5 p-1 -338533 184
1693 1188 m2 670167 -0.00356740318 0.5 p-1 -32582 2
964 1189 m2 670298 -0.00693507819 0.5 p-1 -1681493 39
1365 1191 m2 671026 0.0345518515 0.5 p-1 -116223 20
1591 1192 m2 671165 -0.000590432959 0.5 p-1 -17965 1
696 1193 m2 671199 -0.000407082582 0.5 p-1 -253121 302
1292 1194 m2 671613 0.000534182065 0.5 p-1 -561531 39
1170 1195 m2 673423 -3.50992668e-05 0.5 p-1 -37904 11
585 1199 m2 675764 -0.000152794193 0.5 p-1 -922955 219
181 1201 m2 676623 -0.0167162381 0.5 p-1 -2491674 1208
452 1202 m2 676800 0.00336750038 0.5 p-1 -5821986 1107
905 1204 m2 679457 -0.0825579539 0.5 p-1 -241172 39
1754 1205 m2 679490 7.91996063e-05 0.5 p-1 -8790 1
728 1206 m2 679619 0.000938946789 0.5 p-1 -4288039 251
1253 1207 m2 679799 0.0418364778 0.5 p-1 -514566 31
182 1208 m2 680286 0.000743738201 0.5 p-1 -1669533 1614
453 1211 m2 681887 -0.00421185279 0.5 p-1 -3200217 1125
621 1212 m2 682665 0.00119884044 0.5 p-1 -2130442 271
360 1213 m2 683483 0.000468350918 0.5 p-1 -2800832 1100
771 1214 m2 683721 -0.00154997257 0.5 p-1 -292364 201
622 1217 m2 685279 -0.000224186035 0.5 p-1 -1560860 87
184 1219 m2 689160 -4.35241236e-05 0.5 p-1 -4032824 1131
454 1222 m2 690382 0.00178738195 0.5 p-1 -2081700 277
455 1223 m2 691196 -0.0192041788 0.5 p-1 -2478558 167
361 1224 m2 691225 0.000480787276 0.5 p-1 -899670 711
1090 1225 m2 693416 0.00152905774 0.5 p-1 -682961 43
362 1226 m2 693622 -4.94490769e-06 0.5 p-1 -6915205 344
185 1227 m2 694142 -0.00132628565 0.5 p-1 -2933188 1594
1293 1228 m2 694261 3.93562641e-06 0.5 p-1 -223113 61
363 1230 m2 696791 0.000292560318 0.5 p-1 -1793483 219
186 1231 m2 697358 0.00155122345 0.5 p-1 -2687211 1434
796 1235 m2 698832 0.00366247818 0.5 p-1 -507085 21
772 1236 m2 698850 0.000537949149 0.5 p-1 -175438 99
525 1237 m2 699075 2.89505042e-05 0.5 p-1 -1717988 219
526 1238 m2 699523 1.00884427e-06 0.5 p-1 -1653834 264
1209 1239 m2 699538 -7.28659461e-06 0.5 p-1 -329226 18
1271 1240 m2 699980 0.107895277 0.5 p-1 -6263 2
527 1241 m2 701041 -0.00998972077 0.5 p-1 -3404620 805
1166 1242 m2 701665 -0.00599573646 0.5 p-1 -33202 22
586 1243 m2 702327 0.00212073117 0.5 p-1 -3751544 236
1460 1244 m2 702741 -0.0584268868 0.5 p-1 -2148148 14
664 1248 m2 705836 0.00330935512 0.5 p-1 -2194913 300
188 1249 m2 706725 -0.000553092454 0.5 p-1 -2924799 1617
1694 1250 m2 706985 0.00301880669 0.5 p-1 -67151 2
365 1251 m2 707210 -3.71650349e-05 0.5 p-1 -10071823 1613
587 1252 m2 707229 -1.45619481e-07 0.5 p-1 -3969598 197
824 1253 m2 708266 0.000278914522 0.5 p-1 -2320552 65
797 1255 m2 709251 -0.00100723363 0.5 p-1 -774186 54
1667 1256 m2 709311 -0.000207391218 0.5 p-1 -6839 1
190 1258 m2 710561 -2.12721407e-05 0.5 p-1 -1703014 796
1655 1259 m2 710791 0.000161693766 0.5 p-1 -51862 1
1426 1261 m2 712113 0.000105261679 0.5 p-1 -28578 6
1593 1262 m2 712251 0.000987806357 0.5 p-1 -15453 5
191 1263 m2 712521 -0.014994028 0.5 p-1 -920078 371
192 1264 m2 713076 -0.000562412257 0.5 p-1 -3075844 1263
1005 1267 m2 714067 7.07837626e-06 0.5 p-1 -432144 166
193 1269 m2 714929 -0.000583112938 0.5 p-1 -6100245 480
1055 1270 m2 716065 -0.000463473611 0.5 p-1 -198296 44
1120 1272 m2 717305 -0.0789381787 0.5 p-1 -662491 62
1198 1273 m2 717413 0.00614813017 0.5 p-1 -2755869 44
1261 1274 m2 718022 0.000106249528 0.5 p-1 -273692 65
1150 1275 m2 718047 -0.00732862344 0.5 p-1 -228809 21
825 1277 m2 719102 0.0117511246 0.5 p-1 -131263 94
194 1278 m2 719189 -0.000896128709 0.5 p-1 -1521269 1611
1566 1279 m2 719745 -0.00599923683 0.5 p-1 -3295 9
1741 1280 m2 720011 -0.00738527812 0.5 p-1 -11872 2
196 1283 m2 723113 -0.00545230741 0.5 p-1 -2521455 660
1158 1284 m2 723142 -0.0466136262 0.5 p-1 -274163 55
978 1286 m2 724716 1.75227655e-08 0.5 p-1 -1983071 132
588 1287 m2 724735 -3.43481998e-09 0.5 p-1 -127971 20
457 1288 m2 725610 0.00275041722 0.5 p-1 -1421902 608
197 1289 m2 725744 -0.00803963188 0.5 p-1 -1077234 721
1699 1290 m2 726355 -0.0227891896 0.5 p-1 -5822 3
366 1295 m2 735201 0.00233643525 0.5 p-1 -3616112 930
811 1296 m2 735527 -0.000845582807 0.5 p-1 -4164828 81
198 1297 m2 735944 -0.00026202458 0.5 p-1 -29329 75
1597 1298 m2 736177 0.00303332624 0.5 p-1 -12634 1
697 1299 m2 737088 -0.00161176932 0.5 p-1 -276100 392
698 1300 m2 737575 0.0241838489 0.5 p-1 -256196 475
1535 1301 m2 737907 -0.000822989387 0.5 p-1 -3757 1
199 1304 m2 740154 0.00281884754 0.5 p-1 -1288660 854
200 1306 m2 740902 -0.0112480875 0.5 p-1 -3444350 1747
367 1307 m2 741347 -0.00496954005 0.5 p-1 -3557244 787
1542 1308 m2 741558 0.00130246521 0.5 p-1 -15439 8
1501 1309 m2 741894 9.4284318e-05 0.5 p-1 -56948 2
368 1310 m2 741929 -0.00172215456 0.5 p-1 -1864169 1738
826 1311 m2 742114 -0.043139182 0.5 p-1 -91544 31
1435 1312 m2 742521 -0.011929011 0.5 p-1 -5437 7
201 1313 m2 742635 0.000103292543 0.5 p-1 -119218 105
1159 1314 m2 744075 0.0047066221 0.5 p-1 -15076 24
731 1315 m2 745941 0.00217326474 0.5 p-1 -521968 75
459 1316 m2 746045 -1.2049278e-06 0.5 p-1 -8101332 267
666 1317 m2 746414 0.00132689159 0.5 p-1 -2513022 65
369 1318 m2 746467 -8.86417274e-06 0.5 p-1 -5871249 916
202 1319 m2 746998 -0.00749021117 0.5 p-1 -5155997 851
1428 1320 m2 747509 0.00141529343 0.5 p-1 -111830 20
1036 1321 m2 747883 -2.39535093e-05 0.5 p-1 -684304 73
1262 1322 m2 748752 -0.000239985297 0.5 p-1 -977807 58
773 1323 m2 749353 -0.00505731814 0.5 p-1 -1603203 217
1504 1325 m2 750420 -0.024634596 0.5 p-1 -395385 3
370 1326 m2 750739 -0.000627975794 0.5 p-1 -1154454 95
1636 1327 m2 750894 -0.000243155082 0.5 p-1 -21212 4
1701 1329 m2 752143 0.00367040024 0.5 p-1 -4054 4
528 1334 m2 755446 -0.0116447667 0.5 p-1 -3547610 443
732 1335 m2 755699 -0.000840349821 0.5 p-1 -130911 41
774 1337 m2 755930 0.000179516093 0.5 p-1 -489706 201
371 1339 m2 756502 -0.00587906316 0.5 p-1 -7811004 582
1306 1340 m2 757342 -0.00103420462 0.5 p-1 -39387 35
589 1341 m2 757467 -0.00241769198 0.5 p-1 -148050 87
1250 1342 m2 758027 -0.0157614145 0.5 p-1 -67741 20
1357 1343 m2 758107 0.000333632313 0.5 p-1 -33365 21
205 1344 m2 758341 -0.000114485942 0.5 p-1 -3912023 647
799 1345 m2 761138 -6.15674071e-06 0.5 p-1 -2019856 135
1091 1346 m2 761352 -1.02215317e-05 0.5 p-1 -2001711 77
800 1348 m2 761837 0.000787002209 0.5 p-1 -861792 150
372 1349 m2 762020 -0.000331500079 0.5 p-1 -276845 152
1369 1351 m2 762755 0.000720877724 0.5 p-1 -74352 21
827 1352 m2 763018 0.0607995316 0.5 p-1 -8473227 330
979 1353 m2 763340 0.0216038376 0.5 p-1 -121128 41
1006 1355 m2 764569 0.00220432621 0.5 p-1 -78553 73
625 1357 m2 764876 -0.036092788 0.5 p-1 -186653 9
460 1358 m2 765229 0.00303889904 0.5 p-1 -2709429 28
529 1359 m2 765422 0.000439703261 0.5 p-1 -1760309 444
1413 1360 m2 768672 -0.0649411082 0.5 p-1 -10027 11
206 1363 m2 772988 4.05534665e-05 0.5 p-1 -502387 411
1114 1364 m2 774128 3.89632987e-05 0.5 p-1 -41962 17
627 1365 m2 774677 0.00233348948 0.5 p-1 -2582700 691
1042 1366 m2 774707 -6.85929408e-05 0.5 p-1 -25007 23
854 1368 m2 774906 -6.15832978e-05 0.5 p-1 -129297 202
207 1369 m2 775144 0.0300965421 0.5 p-1 -836608 625
1445 1370 m2 775296 7.37071096e-05 0.5 p-1 -25640 10
628 1371 m2 775436 0.000783946307 0.5 p-1 -463622 43
208 1372 m2 775625 -7.19157397e-05 0.5 p-1 -4232515 1793
373 1376 m2 777762 -0.00224064873 0.5 p-1 -1123724 1573
461 1377 m2 778696 -0.0236348175 0.5 p-1 -84720 34
591 1379 m2 779373 -0.0851364806 0.5 p-1 -171015 92
374 1380 m2 780488 0.0178844538 0.5 p-1 -953143 506
463 1381 m2 781280 -8.38431879e-06 0.5 p-1 -2767558 148
210 1384 m2 781895 -0.030931484 0.5 p-1 -2847014 1800
668 1386 m2 783071 9.62882987e-05 0.5 p-1 -2212218 395
464 1387 m2 783460 -7.15964575e-07 0.5 p-1 -5267609 426
1289 1388 m2 784020 0.00266422261 0.5 p-1 -10030 9
375 1389 m2 784071 -0.000473639666 0.5 p-1 -4330700 336
868 1390 m2 784156 -0.0109917 0.5 p-1 -378052 267
1436 1392 m2 784795 -0.000224500138 0.5 p-1 -9748 15
211 1393 m2 785991 -0.000373681454 0.5 p-1 -80102 70
465 1394 m2 786225 0.0100032389 0.5 p-1 -1028648 457
1656 1395 m2 786403 0.00496583246 0.5 p-1 -12791 1
1172 1396 m2 786476 -0.0808829367 0.5 p-1 -50960 17
775 1399 m2 787946 -0.00770973414 0.5 p-1 -1345777 52
776 1401 m2 789021 -0.000872240635 0.5 p-1 -113922 29
1151 1402 m2 789305 0.0344510302 0.5 p-1 -209919 48
530 1404 m2 789701 -5.05011121e-06 0.5 p-1 -2901563 334
1518 1405 m2 789761 4.41898374e-06 0.5 p-1 -21476 2
801 1406 m2 791959 -0.00160495192 0.5 p-1 -903085 174
1599 1407 m2 793012 -0.00772581389 0.5 p-1 -8382 1
376 1408 m2 793340 -0.00138419052 0.5 p-1 -792401 332
1272 1410 m2 794758 -0.0251958966 0.5 p-1 -14443 2
1361 1411 m2 794816 0.000933337957 0.5 p-1 -142663 14
884 1412 m2 796195 0.0199199989 0.5 p-1 -730775 247
377 1415 m2 797676 -0.0732693225 0.5 p-1 -1455569 497
466 1416 m2 797981 0.000765844481 0.5 p-1 -8483697 443
699 1417 m2 798036 -0.0137727773 0.5 p-1 -3310457 571
531 1418 m2 798599 0.01223573 0.5 p-1 -1801313 686
1022 1419 m2 799844 0.00535340095 0.5 p-1 -112147 114
1664 1420 m2 799866 -2.68666577e-06 0.5 p-1 -12349 6
1681 1421 m2 801808 0.000164543322 0.5 p-1 -198285 3
1160 1422 m2 804229 -0.0431236662 0.5 p-1 -839120 36
1519 1423 m2 804522 0.000208596408 0.5 p-1 -4911 2
212 1424 m2 805868 0.00159333239 0.5 p-1 -5994490 972
1644 1425 m2 805881 -0.00424177432 0.5 p-1 -6072 6
1550 1426 m2 806410 -3.49106958e-05 0.5 p-1 -130782 2
1437 1427 m2 806477 0.0006252561 0.5 p-1 -5513 12
1103 1430 m2 808630 -0.000590878946 0.5 p-1 -75982 26
828 1431 m2 809251 1.80489703e-08 0.5 p-1 -260717 95
213 1432 m2 809935 3.68084329e-06 0.5 p-1 -9658369 1503
1145 1433 m2 810132 0.00494299037 0.5 p-1 -387046 30
869 1434 m2 811843 0.0214968976 0.5 p-1 -80246 155
1278 1436 m2 812589 -0.0594864301 0.5 p-1 -13195 15
629 1437 m2 812844 -0.00450057583 0.5 p-1 -43731 10
700 1438 m2 813259 -2.92947334e-06 0.5 p-1 -276535 111
1321 1439 m2 813622 -0.00834118575 0.5 p-1 -7902 34
467 1441 m2 815701 -3.24016473e-05 0.5 p-1 -1930168 763
777 1442 m2 816066 0.0382980853 0.5 p-1 -976425 52
870 1443 m2 818026 -0.0268954672 0.5 p-1 -91767 52
630 1445 m2 818417 -0.0180970728 0.5 p-1 -313688 276
532 1446 m2 818987 6.8860877e-06 0.5 p-1 -638964 384
919 1447 m2 820061 -0.00804059021 0.5 p-1 -128219 48
670 1448 m2 820224 0.0531672388 0.5 p-1 -766161 388
1617 1450 m2 821562 0.000149278319 0.5 p-1 -6057 4
378 1452 m2 822522 0.000287365663 0.5 p-1 -439090 167
216 1454 m2 824466 -0.0121386619 0.5 p-1 -2619047 1890
379 1455 m2 826021 -0.022655312 0.5 p-1 -109681 31
631 1456 m2 826029 0.0119930143 0.5 p-1 -2759203 759
1672 1460 m2 829208 -0.00256542908 0.5 p-1 -22888 3
1269 1462 m2 829580 -0.000247048243 0.5 p-1 -15874 35
1489 1466 m2 832238 -2.95223413e-06 0.5 p-1 -16729 21
219 1467 m2 833253 0.0586882047 0.5 p-1 -3177813 792
702 1468 m2 835783 3.38756145e-05 0.5 p-1 -605058 110
803 1470 m2 836761 0.00100959186 0.5 p-1 -3215100 121
533 1473 m2 838068 9.2459436e-07 0.5 p-1 -302971 387
812 1474 m2 838109 0.0877112076 0.5 p-1 -185838 77
1533 1475 m2 839179 0.0537692346 0.5 p-1 -262913 9
1146 1477 m2 839363 -0.000815329433 0.5 p-1 -34830 35
885 1479 m2 840752 0.0292915776 0.5 p-1 -346602 78
1076 1481 m2 841969 -7.86228047e-05 0.5 p-1 -42954 6
1077 1482 m2 842134 -0.00107722508 0.5 p-1 -148208 28
1187 1483 m2 842189 0.00120841339 0.5 p-1 -6685435 260
1199 1484 m2 842583 5.91840544e-05 0.5 p-1 -145651 7
381 1485 m2 842868 6.30744835e-05 0.5 p-1 -747165 393
814 1487 m2 843151 0.000236658394 0.5 p-1 -223018 48
469 1488 m2 844419 -0.0231168605 0.5 p-1 -937785 193
470 1489 m2 844552 4.21809273e-05 0.5 p-1 -1497348 415
1422 1491 m2 845786 0.02257788 0.5 p-1 -81398 17
988 1492 m2 846136 -0.00132592383 0.5 p-1 -359146 203
382 1493 m2 846590 7.87314946e-07 0.5 p-1 -4417514 424
1088 1494 m2 847173 2.6888225e-05 0.5 p-1 -47451 71
815 1495 m2 847222 -0.0206351969 0.5 p-1 -12943 40
1370 1497 m2 847904 0.0053211404 0.5 p-1 -44344 16
1307 1498 m2 848082 -5.96310065e-06 0.5 p-1 -12811 8
534 1500 m2 850353 -0.000829948462 0.5 p-1 -537507 159
1204 1501 m2 850596 -9.85186307e-06 0.5 p-1 -169032 73
1708 1502 m2 851482 0.00151271513 0.5 p-1 -46865 1
1491 1503 m2 851935 -0.0027035838 0.5 p-1 -59202 4
939 1505 m2 852084 0.0110210543 0.5 p-1 -440289 95
920 1506 m2 852669 0.0622083396 0.5 p-1 -21616 31
384 1507 m2 854770 -1.54667134e-06 0.5 p-1 -5930498 499
385 1508 m2 854850 0.00290545891 0.5 p-1 -1691855 1033
855 1510 m2 856759 -0.000138478703 0.5 p-1 -129941 29
1092 1511 m2 857322 -0.00251643406 0.5 p-1 -2884228 110
222 1513 m2 858779 0.0106669972 0.5 p-1 -13337213 1418
1374 1514 m2 858970 -4.76786272e-06 0.5 p-1 -27444 7
1416 1518 m2 862927 0.0232496206 0.5 p-1 -296781 13
1543 1519 m2 863832 -6.41838051e-05 0.5 p-1 -3095 2
1285 1520 m2 864345 -0.00224370765 0.5 p-1 -72500 56
1583 1522 m2 867113 1.48204242e-06 0.5 p-1 -49860 6
223 1523 m2 868493 -0.000622454565 0.5 p-1 -3176617 955
387 1525 m2 869337 0.000476227986 0.5 p-1 -1301050 306
388 1528 m2 871824 -0.00275977585 0.5 p-1 -4323791 961
389 1529 m2 872352 0.0103401858 0.5 p-1 -3398128 634
965 1530 m2 874377 0.0196951069 0.5 p-1 -299690 23
886 1531 m2 874922 1.57401459e-09 0.5 p-1 -483862 114
224 1532 m2 875121 -0.0324968733 0.5 p-1 -3078461 581
1752 1533 m2 875493 0.0162563343 0.5 p-1 -144229 1
1095 1534 m2 875501 -0.0114991572 0.5 p-1 -577229 37
391 1535 m2 876438 -1.87393678e-09 0.5 p-1 -1780410 1183
1096 1536 m2 877134 -0.0207100082 0.5 p-1 -434784 24
225 1538 m2 877478 0.00760560995 0.5 p-1 -1302787 1197
1358 1539 m2 878361 0.00468672859 0.5 p-1 -16231 10
1646 1540 m2 878448 0.00940303411 0.5 p-1 -5102 7
999 1541 m2 878460 1.0987621e-05 0.5 p-1 -101505 29
226 1543 m2 879268 -0.000827557815 0.5 p-1 -2160228 1954
1470 1544 m2 880160 0.00861466024 0.5 p-1 -2186 6
966 1545 m2 880576 0.00590932462 0.5 p-1 -87243 26
593 1546 m2 881425 -0.0103633394 0.5 p-1 -989536 649
1485 1548 m2 881507 0.00305891549 0.5 p-1 -34379 7
228 1549 m2 881985 0.0163862724 0.5 p-1 -4506294 1147
1662 1551 m2 883689 -0.000112459784 0.5 p-1 -25499 1
829 1552 m2 883836 -0.00124123611 0.5 p-1 -243533 122
1254 1553 m2 884149 -0.0585515499 0.5 p-1 -252804 12
229 1554 m2 884451 -0.000804721378 0.5 p-1 -4441439 1696
230 1556 m2 884897 -0.00188788574 0.5 p-1 -2172161 1400
231 1557 m2 884962 0.0208040234 0.5 p-1 -702634 593
1093 1558 m2 885306 -0.00113476324 0.5 p-1 -486099 15
232 1559 m2 886683 -0.00126197399 0.5 p-1 -1570986 805
778 1560 m2 887507 0.00543866353 0.5 p-1 -1191445 349
1553 1561 m2 887787 0.12834157 0.5 p-1 -63704 23
1429 1562 m2 888732 -0.00873953663 0.5 p-1 -214615 10
1737 1564 m2 888813 -0.0193399135 0.5 p-1 -1488 1
632 1566 m2 889660 0.0133219892 0.5 p-1 -76155 11
233 1568 m2 890472 0.00938067585 0.5 p-1 -1364314 1031
1608 1569 m2 891116 9.00049781e-05 0.5 p-1 -198904 4
1453 1570 m2 892027 6.75412884e-05 0.5 p-1 -287687 18
703 1571 m2 892675 0.00037014694 0.5 p-1 -11434 39
392 1572 m2 893004 0.0106904162 0.5 p-1 -3884454 694
1634 1574 m2 895546 0.004767993 0.5 p-1 -8556 1
871 1576 m2 896302 -0.0529072732 0.5 p-1 -312606 45
887 1577 m2 896464 -8.48569907e-05 0.5 p-1 -397612 346
1340 1578 m2 897654 -0.0359514691 0.5 p-1 -195383 33
1211 1579 m2 897846 -9.24543565e-06 0.5 p-1 -29549 15
1395 1580 m2 897937 0.034343686 0.5 p-1 -140733 21
1400 1581 m2 898740 4.54497458e-05 0.5 p-1 -47973 7
1178 1582 m2 898854 -0.000276540406 0.5 p-1 -786364 39
393 1583 m2 899561 -0.02672063 0.5 p-1 -1543340 472
595 1585 m2 900114 5.76547063e-05 0.5 p-1 -6361070 600
472 1586 m2 900914 -0.00971284602 0.5 p-1 -1871744 824
1512 1587 m2 902255 -0.0245847981 0.5 p-1 -10058 2
235 1588 m2 902432 -0.0120045552 0.5 p-1 -13672177 1043
1496 1589 m2 902820 0.0331718139 0.5 p-1 -3578 16
236 1590 m2 903260 -0.00488925679 0.5 p-1 -2454610 101
906 1591 m2 903408 -8.42304871e-06 0.5 p-1 -211941 69
1179 1592 m2 903763 0.00177455531 0.5 p-1 -14915 13
1057 1594 m2 905702 2.86482682e-05 0.5 p-1 -85141 36
394 1595 m2 906136 -0.00693351682 0.5 p-1 -779363 594
922 1596 m2 906905 -0.000443160941 0.5 p-1 -12911 21
674 1597 m2 907296 -0.0180050265 0.5 p-1 -197454 175
395 1598 m2 907496 0.00294397539 0.5 p-1 -146273 324
238 1600 m2 908972 -0.0363667868 0.5 p-1 -3443840 1813
940 1601 m2 909350 -7.9782847e-05 0.5 p-1 -664283 81
941 1602 m2 909668 -0.000190444916 0.5 p-1 -197514 81
1300 1603 m2 909862 -0.000276482548 0.5 p-1 -147203 69
1563 1604 m2 910457 -0.00057647028 0.5 p-1 -50004 8
734 1607 m2 911653 -0.00101065461 0.5 p-1 -271947 22
239 1608 m2 911713 -0.000198795751 0.5 p-1 -1320236 1055
1238 1610 m2 912236 0.0044286903 0.5 p-1 -151842 10
1079 1611 m2 912301 -0.00320073077 0.5 p-1 -1195310 127
240 1612 m2 912492 -4.606527e-05 0.5 p-1 -4575323 1975
1232 1613 m2 912673 -0.0309489146 0.5 p-1 -214663 15
241 1614 m2 913661 -0.0450689606 0.5 p-1 -11727117 418
633 1615 m2 914261 0.00265761605 0.5 p-1 -1041526 358
1578 1616 m2 914337 0.000183643075 0.5 p-1 -88049 4
536 1618 m2 915616 0.00109787949 0.5 p-1 -973480 33
856 1619 m2 915756 -1.56683072e-05 0.5 p-1 -1438584 182
243 1620 m2 916004 5.39635084e-06 0.5 p-1 -325806 246
1352 1621 m2 916052 0.00348959561 0.5 p-1 -70337 27
537 1622 m2 916308 0.00235677185 0.5 p-1 -473318 16
244 1623 m2 917044 6.5005901e-05 0.5 p-1 -2728993 960
1432 1624 m2 918098 -0.00121202995 0.5 p-1 -1311 11
951 1626 m2 918316 0.0031636213 0.5 p-1 -867453 150
704 1627 m2 919241 -3.9060661e-11 0.5 p-1 -1735817 208
857 1628 m2 919251 -1.78424634e-05 0.5 p-1 -216637 144
1564 1631 m2 920832 0.00264204945 0.5 p-1 -3062 4
1294 1632 m2 922834 0.0058850511 0.5 p-1 -3810 14
830 1634 m2 923076 6.87771826e-05 0.5 p-1 -827186 293
1663 1637 m2 923895 -0.000230469552 0.5 p-1 -2461 3
1463 1639 m2 926289 0.0006979928 0.5 p-1 -34362 3
1064 1640 m2 927430 1.31008637e-05 0.5 p-1 -28445 13
1499 1641 m2 928804 0.0618851893 0.5 p-1 -426090 17
245 1642 m2 929193 -0.000589038711 0.5 p-1 -4644619 1059
1440 1644 m2 930595 -1.01789555e-08 0.5 p-1 -23322 3
1493 1646 m2 931675 0.00743310619 0.5 p-1 -418408 21
735 1647 m2 932550 -0.0308191888 0.5 p-1 -3940 8
397 1648 m2 932834 -1.24437083e-05 0.5 p-1 -5179018 1385
246 1651 m2 936135 0.00656365231 0.5 p-1 -922676 824
929 1652 m2 936495 0.00314549357 0.5 p-1 -1606031 128
736 1653 m2 937317 -0.00709561212 0.5 p-1 -1664101 260
1402 1655 m2 937798 -1.84626151e-05 0.5 p-1 -110294 3
737 1656 m2 937848 -0.0399524122 0.5 p-1 -5769189 347
247 1657 m2 938101 0.0104442602 0.5 p-1 -2178968 164
1161 1658 m2 938730 -9.07737496e-11 0.5 p-1 -105626 30
816 1659 m2 940851 0.0131529504 0.5 p-1 -1122434 183
249 1660 m2 940869 -0.00124930171 0.5 p-1 -420362 195
1389 1661 m2 941125 -5.20482808e-06 0.5 p-1 -127949 9
1224 1662 m2 941463 0.00602355693 0.5 p-1 -905378 35
538 1663 m2 941607 0.000265331299 0.5 p-1 -5581169 805
779 1666 m2 943419 0.0524334498 0.5 p-1 -69289 15
1477 1667 m2 943430 0.0234072506 0.5 p-1 -28014 16
250 1668 m2 943558 -0.00171458756 0.5 p-1 -3185929 1467
1390 1670 m2 944107 0.0189712178 0.5 p-1 -397676 11
1137 1671 m2 944623 0.0182154905 0.5 p-1 -15569 4
831 1673 m2 945881 -0.034300562 0.5 p-1 -6381034 111
1212 1674 m2 946509 9.2984709e-07 0.5 p-1 -4194 15
1115 1677 m2 950038 -0.000847400515 0.5 p-1 -7354 7
1638 1678 m2 950288 -0.00108677556 0.5 p-1 -31593 3
780 1680 m2 952163 0.000509202306 0.5 p-1 -342053 359
858 1681 m2 953333 3.43762331e-05 0.5 p-1 -923771 190
1045 1683 m2 954460 -0.0112045761 0.5 p-1 -596366 173
1359 1684 m2 954718 -0.00450866623 0.5 p-1 -265417 21
1138 1686 m2 955614 -0.0448591486 0.5 p-1 -228080 65
706 1688 m2 957515 0.0194691978 0.5 p-1 -1970252 440
1104 1689 m2 958160 -0.0197457355 0.5 p-1 -181219 67
1561 1690 m2 958489 -0.0538074598 0.5 p-1 -1716 1
1645 1691 m2 958699 -0.0245916583 0.5 p-1 -149335 5
1703 1692 m2 960021 0.000326819398 0.5 p-1 -7518 1
399 1693 m2 960887 -0.0323151238 0.5 p-1 -857010 768
1483 1695 m2 961519 0.000880832842 0.5 p-1 -12027 15
707 1696 m2 962032 -0.0680634603 0.5 p-1 -213892 183
1023 1698 m2 963026 -0.0693134069 0.5 p-1 -59267 21
930 1700 m2 965729 -0.0108866999 0.5 p-1 -154327 75
634 1703 m2 967805 0.00113531342 0.5 p-1 -210820 151
1668 1704 m2 968073 -0.00176506117 0.5 p-1 -156808 5
1195 1705 m2 968792 -0.000104815255 0.5 p-1 -507466 8
1418 1706 m2 968898 -0.00664790813 0.5 p-1 -15164 21
1152 1708 m2 969422 -0.000252593978 0.5 p-1 -71104 48
1537 1709 m2 969432 -0.00555713661 0.5 p-1 -30969 12
675 1710 m2 969877 0.00210174406 0.5 p-1 -1626735 171
1669 1711 m2 970053 0.0203222074 0.5 p-1 -38756 5
832 1712 m2 970719 -0.004222841 0.5 p-1 -111165 53
1584 1715 m2 972208 -0.0169697795 0.5 p-1 -131422 9
1164 1717 m2 973697 2.66440793e-06 0.5 p-1 -280661 152
1618 1719 m2 974279 -0.000172569504 0.5 p-1 -331194 7
1382 1723 m2 978305 -0.0348553695 0.5 p-1 -12692 5
1312 1725 m2 978813 -5.41105123e-07 0.5 p-1 -40034 29
597 1726 m2 979208 0.00614970643 0.5 p-1 -5129427 696
781 1727 m2 979331 0.000357477984 0.5 p-1 -1017444 249
254 1729 m2 980130 0.00602547498 0.5 p-1 -6311174 932
475 1732 m2 981740 0.00638297945 0.5 p-1 -70669 181
257 1733 m2 982550 -0.0345997177 0.5 p-1 -5381390 1321
1008 1735 m2 984618 -0.00210582302 0.5 p-1 -39109 38
924 1736 m2 984947 0.00101130188 0.5 p-1 -200609 26
1641 1738 m2 986001 -0.00207513291 0.5 p-1 -4001 1
989 1739 m2 988326 -0.0185252763 0.5 p-1 -116056 29
476 1741 m2 989028 9.4629213e-05 0.5 p-1 -1289822 948
477 1742 m2 989137 0.000440428674 0.5 p-1 -851102 472
967 1743 m2 989439 -0.00482727494 0.5 p-1 -28408 8
1139 1744 m2 989562 -0.00247730967 0.5 p-1 -498005 196
258 1747 m2 990820 0.0664907172 0.5 p-1 -6383406 1920
259 1748 m2 991301 0.0102863926 0.5 p-1 -250120 287
539 1749 m2 991329 0.0686002523 0.5 p-1 -1890902 679
1180 1750 m2 992466 0.000287854898 0.5 p-1 -1479210 36
1363 1753 m2 995124 -0.000337040896 0.5 p-1 -8796 9
1197 1754 m2 995166 -0.000157374321 0.5 p-1 -519313 4
479 1755 m2 995584 -0.0014269636 0.5 p-1 -371315 190
953 1756 m2 996525 0.0112515008 0.5 p-1 -82564 47
872 1757 m2 997773 -1.80204534e-05 0.5 p-1 -960922 168
1484 1760 m2 999894 -0.000232510589 0.5 p-1 -42393 1
260 1761 m2 999927 0.02343034 0.5 p-1 -1716147 913
1267 1774 m2 205598 -0.0220216457 0.5 p0 2 7
1707 1781 m2 426267 0.0923388228 0.5 p0 2 2
1506 1787 m2 552328 -0.000121149678 0.5 p0 2 6
1481 1791 m2 179870 0.0101516508 0.5 p0 2 2
1330 1792 m2 437490 0.000288081879 0.5 p0 2 4
1450 1795 m2 243736 0.000421983888 0.5 p0 2 4
1648 1798 m2 693753 -0.0100139007 0.5 p0 2 1
1705 1804 m2 131064 0.0105604548 0.5 p0 2 2
1657 1805 m2 376989 -0.0111473966 0.5 p0 2 4
1320 1814 m2 661025 -2.23897714e-05 0.5 p0 2 11
1251 1815 m2 340002 -0.0284595992 0.5 p0 2 21
1024 1816 m2 986277 -0.000284222013 0.5 p0 2 13
1270 1817 m2 949359 0.00693515921 0.5 p0 2 15
1665 1822 m2 315350 -0.00784399826 0.5 p0 2 3
1536 1825 m2 746823 0.00424330076 0.5 p0 2 1
1044 1831 m2 549028 4.05845276e-06 0.5 p0 2 3
972 1832 m2 163447 -0.016299421 0.5 p0 2 2
1718 1834 m2 893820 0.00230440125 0.5 p0 2 3
1738 1840 m2 146428 0.00145718188 0.5 p0 2 1
1505 1841 m2 149588 -3.89235393e-05 0.5 p0 2 7
1683 1842 m2 735482 0.00171291071 0.5 p0 2 1
1684 1843 m2 792922 -0.00944622606 0.5 p0 2 1
821 1848 m2 366172 0.00794371031 0.5 p0 2 5
1547 1851 m2 422502 0.0372186378 0.5 p0 2 2
1546 1852 m2 348711 0.000766214973 0.5 p0 2 2
1157 1853 m2 148939 0.00792686082 0.5 p0 2 15
1060 1856 m2 544487 0.00199278025 0.5 p0 2 3
975 1857 m2 515075 0.0538039729 0.5 p0 2 4
1643 1859 m2 139416 -0.0174105503 0.5 p0 2 7
1628 1862 m2 27794 -0.000509958481 0.5 p0 2 2
963 1865 m2 641993 -3.51389936e-05 0.5 p0 2 3
1582 1867 m2 832500 0.000944587518 0.5 p0 2 4
1526 1873 m2 857132 -0.00510650408 0.5 p0 2 12
1740 1874 m2 527105 -0.0123126237 0.5 p0 2 2
1532 1898 m2 682177 1.74333909e-05 0.5 p0 2 3
1577 1900 m2 320765 -0.0145053379 0.5 p0 2 2
1715 1911 m2 160229 -0.00400237227 0.5 p0 2 1
1572 1919 m2 398657 -0.000210681872 0.5 p0 2 3
237 1931 m2 904412 0.0024110307 0.5 p0 2 77
1495 1936 m2 937740 0.0156352874 0.5 p0 2 12
1406 1941 m2 25971 -0.0018210659 0.5 p0 2 1
1622 1949 m2 769428 0.000158998446 0.5 p0 2 3
1722 1950 m2 968326 -0.0148071228 0.5 p0 2 3
1494 1963 m2 950285 0.0531433485 0.5 p0 2 4
923 1973 m2 946448 -0.0691018775 0.5 p0 2 19
603 1974 m2 168773 -0.00600434188 0.5 p0 2 6
1525 1975 m2 15843 1.65185463e-06 0.5 p0 2 12
1696 1976 m2 630352 0.00559442071 0.5 p0 2 3
1710 1977 m2 487106 0.000586914015 0.5 p0 2 3
1549 1978 m2 117154 0.0115438979 0.5 p0 2 5
1567 1979 m2 910991 2.77824383e-05 0.5 p0 2 2
1609 1980 m2 46160 0.000177221984 0.5 p0 2 2
1679 1988 m2 968210 1.5772006e-05 0.5 p0 2 1
1124 1989 m2 291006 -0.00551786227 0.5 p0 2 15
1530 2005 m2 924399 -0.0056696306 0.5 p0 2 2
1635 2014 m2 794554 -0.0698266625 0.5 p0 2 4
1750 2015 m2 724792 -0.000544858049 0.5 p0 2 2
1674 2019 m2 442678 -0.0100992043 0.5 p0 2 2
1408 2026 m2 377029 0.000116595169 0.5 p0 2 3
1560 2027 m2 291854 -0.000980183249 0.5 p0 2 3
1677 2030 m2 199052 0.0219060946 0.5 p0 2 2
767 2034 m2 615086 -0.0147024514 0.5 p0 2 9
1074 2041 m2 479184 -0.00557606807 0.5 p0 2 2
1078 2042 m2 854450 -1.97906938e-05 0.5 p0 2 2
1723 2054 m2 283892 -0.0671530217 0.5 p0 2 1
1188 2056 m2 987269 0.00090343185 0.5 p0 2 12
787 2063 m2 121359 0.0202165805 0.5 p0 2 25
1729 2066 m2 457453 -0.00551597727 0.5 p0 2 2
1007 2068 m2 932127 0.00133817596 0.5 p0 2 21
1290 2078 m2 2801 -0.0025060398 0.5 p0 2 6
1097 2080 m2 228 0.00273350766 0.5 p0 2 1
1498 2088 m2 966532 -0.00134226354 0.5 p0 2 9
1615 2103 m2 453332 -1.72932096e-06 0.5 p0 2 5
1627 2112 m2 738852 4.43922145e-05 0.5 p0 2 1
1467 2113 m2 480571 0.00276846136 0.5 p0 2 4
1468 2115 m2 177395 0.000193027576 0.5 p0 2 8
1595 2122 m2 487581 -4.45690421e-06 0.5 p0 2 7
1447 2123 m2 564743 -8.27591248e-06 0.5 p0 2 7
1410 2124 m2 914807 0.00129110191 0.5 p0 2 15
1509 2125 m2 66861 0.0347051695 0.5 p0 2 3
1692 2132 m2 664658 3.42290114e-05 0.5 p0 2 2
1727 2137 m2 545410 5.40249566e-05 0.5 p0 2 4
1629 2138 m2 142199 0.0322707295 0.5 p0 2 3
1544 2140 m2 332141 -0.0586063936 0.5 p0 2 1
1712 2145 m2 66132 -0.0697161481 0.5 p0 2 2
1580 2148 m2 189582 4.76717869e-05 0.5 p0 2 3
1442 2154 m2 659786 5.810044e-09 0.5 p0 2 7
1714 2158 m2 805227 -9.03260297e-06 0.5 p0 2 4
1383 2171 m1 5426 0 0.5 p-1 -47117 3
782 2172 m1 6394 0 0.5 p-1 -66416 53
3 2173 m1 12218 -0 0.5 p-1 -3021132 809
266 2175 m1 22390 -0 0.5 p-1 -37225 17
783 2176 m1 22884 0 0.5 p-1 -3177674 184
1295 2177 m1 27387 0 0.5 p-1 -1559998 36
1200 2178 m1 27917 -0 0.5 p-1 -10088 3
784 2181 m1 29741 -0 0.5 p-1 -989153 135
1181 2182 m1 30291 0 0.5 p-1 -272495 59
738 2183 m1 33805 -0 0.5 p-1 -7994 8
269 2185 m1 37139 -0 0.5 p-1 -2574472 233
1256 2186 m1 37665 0 0.5 p-1 -18891 24
874 2190 m1 44332 -0 0.5 p-1 -39353 117
1144 2191 m1 45048 0 0.5 p-1 -208634 37
739 2193 m1 48108 -0 0.5 p-1 -1355369 70
1371 2195 m1 51201 -0 0.5 p-1 -74174 2
7 2196 m1 51781 0 0.5 p-1 -5302435 1563
8 2197 m1 52169 0 0.5 p-1 -3553020 1830
1433 2198 m1 52972 0 0.5 p-1 -548991 10
10 2199 m1 54958 -0 0.5 p-1 -2185313 1726
11 2200 m1 56538 0 0.5 p-1 -7493462 1041
1548 2201 m1 59715 0 0.5 p-1 -59876 16
1753 2202 m1 61041 0 0.5 p-1 -1638 1
14 2203 m1 64635 0 0.5 p-1 -7226951 1817
859 2204 m1 68272 0 0.5 p-1 -294876 273
15 2206 m1 69517 0 0.5 p-1 -2688211 661
743 2209 m1 73727 0 0.5 p-1 -909602 148
744 2210 m1 74026 0 0.5 p-1 -1302312 726
890 2211 m1 74722 0 0.5 p-1 -3012910 155
1048 2215 m1 80256 -0 0.5 p-1 -299546 104
1562 2216 m1 80311 0 0.5 p-1 -241334 20
17 2217 m1 80403 0 0.5 p-1 -1344798 1416
484 2219 m1 83985 -0 0.5 p-1 -567887 35
278 2220 m1 85769 -0 0.5 p-1 -1521250 122
1009 2223 m1 89760 0 0.5 p-1 -259634 112
1734 2224 m1 95449 0 0.5 p-1 -10111 1
745 2225 m1 95840 0 0.5 p-1 -17096 3
708 2226 m1 97116 -0 0.5 p-1 -5356 15
21 2227 m1 99412 0 0.5 p-1 -892093 876
1690 2228 m1 103293 0 0.5 p-1 -433662 4
928 2229 m1 104212 0 0.5 p-1 -602738 310
969 2230 m1 107660 0 0.5 p-1 -30847 10
280 2232 m1 113164 -0 0.5 p-1 -8637213 1283
281 2233 m1 116133 -0 0.5 p-1 -6747773 413
282 2234 m1 116135 0 0.5 p-1 -4437521 470
24 2235 m1 117816 -0 0.5 p-1 -425350 362
26 2237 m1 118990 -0 0.5 p-1 -761147 486
1434 2238 m1 120087 0 0.5 p-1 -13534 5
602 2239 m1 120510 0 0.5 p-1 -1667753 299
284 2241 m1 125548 -0 0.5 p-1 -1346036 451
1675 2243 m1 127508 0 0.5 p-1 -4224 1
548 2245 m1 129730 -0 0.5 p-1 -5970547 1169
1601 2247 m1 135579 -0 0.5 p-1 -4763 1
639 2248 m1 138524 -0 0.5 p-1 -718330 678
1385 2249 m1 141335 -0 0.5 p-1 -57279 8
971 2253 m1 154934 -0 0.5 p-1 -1466 2
490 2254 m1 157127 -0 0.5 p-1 -510193 269
287 2255 m1 157958 -0 0.5 p-1 -3572694 1525
817 2257 m1 160099 -0 0.5 p-1 -890376 322
640 2259 m1 162733 -0 0.5 p-1 -272732 183
291 2260 m1 166682 -0 0.5 p-1 -8399950 1050
491 2262 m1 168312 -0 0.5 p-1 -618169 223
36 2263 m1 170584 0 0.5 p-1 -412801 203
408 2264 m1 171898 -0 0.5 p-1 -8338576 318
1264 2266 m1 175979 0 0.5 p-1 -19218 11
39 2268 m1 182078 0 0.5 p-1 -1935609 1842
990 2269 m1 184061 0 0.5 p-1 -3539195 20
991 2270 m1 184807 -0 0.5 p-1 -1790615 36
1049 2271 m1 185857 -0 0.5 p-1 -140413 30
642 2272 m1 190306 -0 0.5 p-1 -572607 244
604 2274 m1 194099 -0 0.5 p-1 -1146661 535
44 2278 m1 198723 0 0.5 p-1 -515678 123
293 2279 m1 200867 -0 0.5 p-1 -2400257 518
933 2280 m1 202348 -0 0.5 p-1 -24522 23
1218 2281 m1 204794 0 0.5 p-1 -30074 9
1066 2283 m1 208591 -0 0.5 p-1 -47260 8
1106 2284 m1 209141 -0 0.5 p-1 -1547 11
49 2285 m1 214359 0 0.5 p-1 -8861662 1138
643 2286 m1 214962 -0 0.5 p-1 -198737 264
1018 2287 m1 216497 -0 0.5 p-1 -612408 81
711 2288 m1 218259 0 0.5 p-1 -8586814 365
973 2290 m1 222435 -0 0.5 p-1 -2170237 101
56 2291 m1 227286 0 0.5 p-1 -16469044 1128
298 2292 m1 228265 -0 0.5 p-1 -10870443 569
1132 2293 m1 229976 -0 0.5 p-1 -16362 30
57 2294 m1 231781 -0 0.5 p-1 -3364097 1182
413 2296 m1 234539 -0 0.5 p-1 -5307700 776
993 2297 m1 236683 -0 0.5 p-1 -216098 25
415 2298 m1 236906 -0 0.5 p-1 -106354 49
944 2299 m1 237095 0 0.5 p-1 -69283 64
60 2300 m1 241042 0 0.5 p-1 -2094725 1529
62 2301 m1 242235 -0 0.5 p-1 -834638 218
1205 2302 m1 243842 -0 0.5 p-1 -26152 35
64 2303 m1 248296 -0 0.5 p-1 -104593 270
305 2304 m1 248632 -0 0.5 p-1 -1535976 1208
1513 2305 m1 248834 -0 0.5 p-1 -75141 1
65 2307 m1 251318 0 0.5 p-1 -4776016 1689
1685 2308 m1 254312 0 0.5 p-1 -47015 3
496 2309 m1 258435 -0 0.5 p-1 -680129 416
935 2310 m1 258750 -0 0.5 p-1 -168545 29
1183 2311 m1 259471 0 0.5 p-1 -575725 29
307 2312 m1 260294 0 0.5 p-1 -713206 409
1069 2313 m1 261169 -0 0.5 p-1 -1591660 38
416 2315 m1 263126 0 0.5 p-1 -3329425 291
498 2316 m1 265954 0 0.5 p-1 -357330 165
68 2317 m1 266337 -0 0.5 p-1 -1359203 713
1310 2320 m1 273351 0 0.5 p-1 -161707 53
1109 2322 m1 275991 0 0.5 p-1 -3110755 4
1523 2323 m1 276265 -0 0.5 p-1 -15916 4
607 2325 m1 277354 0 0.5 p-1 -1010443 219
647 2326 m1 278709 -0 0.5 p-1 -38493 11
72 2327 m1 281050 0 0.5 p-1 -3035829 1957
683 2328 m1 285411 0 0.5 p-1 -583841 171
1301 2330 m1 286075 -0 0.5 p-1 -19303 19
313 2332 m1 299782 0 0.5 p-1 -1082071 488
1702 2333 m1 300628 0 0.5 p-1 -28712 2
1443 2334 m1 301199 0 0.5 p-1 -3245 6
557 2335 m1 301878 0 0.5 p-1 -207823 106
78 2336 m1 302029 -0 0.5 p-1 -1463822 1328
1555 2337 m1 303297 -0 0.5 p-1 -41781 9
79 2338 m1 303446 0 0.5 p-1 -4590361 679
1202 2339 m1 311303 0 0.5 p-1 -144999 21
894 2340 m1 314496 0 0.5 p-1 -1471471 163
1147 2341 m1 314637 0 0.5 p-1 -19204 22
1556 2342 m1 315390 0 0.5 p-1 -362012 7
1742 2344 m1 317242 -0 0.5 p-1 -1334 1
316 2345 m1 318505 0 0.5 p-1 -3278674 1636
1010 2346 m1 318688 -0 0.5 p-1 -26502 73
1423 2348 m1 324473 -0 0.5 p-1 -3106 15
81 2349 m1 325043 0 0.5 p-1 -697027 771
610 2350 m1 325353 -0 0.5 p-1 -257974 178
502 2352 m1 327086 -0 0.5 p-1 -1661875 224
1500 2355 m1 328793 -0 0.5 p-1 -13398 5
1344 2357 m1 329616 -0 0.5 p-1 -14652 8
504 2358 m1 329680 -0 0.5 p-1 -327324 605
1302 2359 m1 331044 -0 0.5 p-1 -35983 17
1339 2360 m1 331646 -0 0.5 p-1 -442803 33
1335 2363 m1 333142 0 0.5 p-1 -68406 19
83 2364 m1 333437 0 0.5 p-1 -2729161 1414
1345 2365 m1 333748 0 0.5 p-1 -189779 8
974 2366 m1 337501 -0 0.5 p-1 -1821871 156
1529 2370 m1 344476 -0 0.5 p-1 -63119 11
87 2371 m1 344489 0 0.5 p-1 -3806516 1104
89 2372 m1 345446 0 0.5 p-1 -775213 740
716 2374 m1 352437 0 0.5 p-1 -541043 209
93 2376 m1 353922 0 0.5 p-1 -1773607 701
844 2377 m1 354023 0 0.5 p-1 -234607 82
717 2378 m1 356043 -0 0.5 p-1 -582177 70
1003 2380 m1 367662 0 0.5 p-1 -4083084 45
101 2382 m1 373344 -0 0.5 p-1 -1496622 689
1571 2383 m1 374960 -0 0.5 p-1 -144279 1
1653 2384 m1 378018 0 0.5 p-1 -54761 4
104 2385 m1 380338 -0 0.5 p-1 -2124745 1426
1744 2386 m1 382261 -0 0.5 p-1 -11619 1
897 2387 m1 384891 0 0.5 p-1 -344069 103
614 2389 m1 387163 -0 0.5 p-1 -1007364 109
1184 2391 m1 391484 0 0.5 p-1 -26299 11
108 2392 m1 392402 -0 0.5 p-1 -6771702 1700
1113 2393 m1 392861 0 0.5 p-1 -20786 34
1676 2395 m1 394074 0 0.5 p-1 -19378 3
428 2396 m1 396218 0 0.5 p-1 -5337331 608
615 2397 m1 396666 -0 0.5 p-1 -1642383 486
109 2400 m1 397111 -0 0.5 p-1 -3957379 962
508 2401 m1 398326 -0 0.5 p-1 -204257 56
563 2402 m1 398385 0 0.5 p-1 -10526723 379
111 2403 m1 399262 0 0.5 p-1 -1150455 388
1118 2405 m1 400742 0 0.5 p-1 -1300917 29
430 2407 m1 407990 0 0.5 p-1 -607158 524
115 2408 m1 408974 -0 0.5 p-1 -6014776 1461
1282 2410 m1 411587 0 0.5 p-1 -12080 6
1316 2411 m1 412194 0 0.5 p-1 -1527071 34
564 2412 m1 412356 0 0.5 p-1 -142778 113
1640 2413 m1 412520 0 0.5 p-1 -87 1
117 2414 m1 416025 0 0.5 p-1 -3427181 1966
757 2415 m1 416220 0 0.5 p-1 -79855 37
946 2416 m1 419549 0 0.5 p-1 -551681 168
330 2419 m1 436937 0 0.5 p-1 -1420846 574
984 2420 m1 438053 -0 0.5 p-1 -1508226 212
568 2421 m1 438512 0 0.5 p-1 -190946 34
123 2422 m1 438924 0 0.5 p-1 -914190 212
1050 2423 m1 439854 0 0.5 p-1 -180787 70
1459 2424 m1 442710 0 0.5 p-1 -3618 3
903 2425 m1 445497 0 0.5 p-1 -820497 192
994 2426 m1 446097 -0 0.5 p-1 -38441 21
434 2427 m1 446525 -0 0.5 p-1 -252106 109
127 2428 m1 449445 0 0.5 p-1 -2279360 933
128 2429 m1 450993 -0 0.5 p-1 -6986895 1664
1241 2430 m1 451041 0 0.5 p-1 -13621 12
129 2431 m1 453417 -0 0.5 p-1 -371893 311
899 2432 m1 456881 0 0.5 p-1 -940476 125
1327 2433 m1 462380 0 0.5 p-1 -20972 18
130 2434 m1 463463 0 0.5 p-1 -2718255 1626
1439 2435 m1 465143 0 0.5 p-1 -5484 6
332 2436 m1 472430 -0 0.5 p-1 -499402 409
1717 2437 m1 473293 -0 0.5 p-1 -6264 1
985 2439 m1 477481 0 0.5 p-1 -160066 50
134 2440 m1 481477 -0 0.5 p-1 -885357 477
333 2443 m1 485722 0 0.5 p-1 -1237973 699
334 2445 m1 493216 -0 0.5 p-1 -2997307 1133
335 2446 m1 493894 -0 0.5 p-1 -728781 734
137 2447 m1 497559 0 0.5 p-1 -7202361 1201
1586 2450 m1 503372 0 0.5 p-1 -42446 17
338 2452 m1 504155 -0 0.5 p-1 -3703888 1267
1185 2453 m1 508898 -0 0.5 p-1 -726280 56
138 2454 m1 510140 0 0.5 p-1 -89124 112
1719 2455 m1 514266 0 0.5 p-1 -13029 1
1192 2456 m1 514487 -0 0.5 p-1 -344847 20
517 2458 m1 517274 0 0.5 p-1 -1931818 765
722 2459 m1 517704 0 0.5 p-1 -1297262 227
440 2460 m1 521342 0 0.5 p-1 -745024 793
1054 2461 m1 524174 -0 0.5 p-1 -10361 13
145 2468 m1 540959 0 0.5 p-1 -1617898 686
986 2470 m1 545936 -0 0.5 p-1 -217827 118
1040 2471 m1 549593 0 0.5 p-1 -395395 12
1148 2472 m1 551483 0 0.5 p-1 -522904 122
147 2473 m1 551580 -0 0.5 p-1 -496742 663
1032 2474 m1 551775 -0 0.5 p-1 -238774 26
1033 2475 m1 553485 -0 0.5 p-1 -150273 40
148 2476 m1 553890 0 0.5 p-1 -138081 130
1111 2478 m1 554284 0 0.5 p-1 -17170 3
149 2479 m1 556125 -0 0.5 p-1 -3443988 1406
724 2482 m1 557014 -0 0.5 p-1 -468644 189
765 2484 m1 557431 -0 0.5 p-1 -1170234 72
1612 2485 m1 557723 -0 0.5 p-1 -76914 9
150 2486 m1 558521 0 0.5 p-1 -2576649 429
152 2487 m1 562629 0 0.5 p-1 -5406258 1763
1522 2488 m1 563797 -0 0.5 p-1 -24850 8
1474 2489 m1 564382 -0 0.5 p-1 -685754 3
344 2490 m1 564584 0 0.5 p-1 -7086910 945
1061 2493 m1 570806 0 0.5 p-1 -24504 3
522 2494 m1 571712 0 0.5 p-1 -3202585 539
1691 2495 m1 572297 0 0.5 p-1 -7210 1
848 2496 m1 573388 0 0.5 p-1 -515358 136
155 2497 m1 574419 0 0.5 p-1 -687210 488
1035 2500 m1 585171 -0 0.5 p-1 -93207 30
1220 2501 m1 585458 0 0.5 p-1 -66684 53
849 2502 m1 586540 -0 0.5 p-1 -134969 93
1403 2504 m1 589081 -0 0.5 p-1 -149061 7
822 2505 m1 594080 0 0.5 p-1 -526007 83
449 2507 m1 594655 0 0.5 p-1 -10528118 1558
1392 2511 m1 602089 0 0.5 p-1 -197796 9
1328 2512 m1 602522 -0 0.5 p-1 -28403 33
1052 2513 m1 603577 -0 0.5 p-1 -6637 4
347 2514 m1 608719 0 0.5 p-1 -2262413 871
348 2515 m1 609048 -0 0.5 p-1 -9558172 815
850 2516 m1 609973 0 0.5 p-1 -1198665 73
1086 2517 m1 611461 0 0.5 p-1 -644574 64
349 2518 m1 613570 -0 0.5 p-1 -4635292 817
1242 2521 m1 618870 -0 0.5 p-1 -1975868 33
660 2522 m1 619296 0 0.5 p-1 -8705933 521
164 2523 m1 619557 -0 0.5 p-1 -2042939 1652
1243 2524 m1 620150 0 0.5 p-1 -989042 32
1682 2525 m1 620523 0 0.5 p-1 -6501 4
1704 2526 m1 620819 -0 0.5 p-1 -43956 1
579 2527 m1 621114 0 0.5 p-1 -279791 288
580 2528 m1 623274 -0 0.5 p-1 -72766 9
1448 2530 m1 624542 -0 0.5 p-1 -4010 4
1379 2532 m1 627919 0 0.5 p-1 -103144 4
165 2533 m1 628654 -0 0.5 p-1 -4161915 1808
168 2535 m1 631007 -0 0.5 p-1 -4159790 1655
662 2536 m1 631133 0 0.5 p-1 -811972 119
581 2537 m1 632409 -0 0.5 p-1 -464718 527
450 2538 m1 634126 0 0.5 p-1 -2052249 1154
1409 2540 m1 638321 -0 0.5 p-1 -416522 14
451 2541 m1 642361 -0 0.5 p-1 -1616921 214
355 2542 m1 643784 0 0.5 p-1 -4880301 985
620 2543 m1 644726 -0 0.5 p-1 -297866 120
356 2544 m1 645375 -0 0.5 p-1 -163198 81
171 2545 m1 650278 0 0.5 p-1 -3473648 1373
809 2546 m1 651749 -0 0.5 p-1 -1084876 164
173 2548 m1 653312 0 0.5 p-1 -3199367 900
881 2551 m1 659519 -0 0.5 p-1 -351611 119
727 2553 m1 662942 0 0.5 p-1 -1009731 556
795 2554 m1 664253 0 0.5 p-1 -377127 127
1231 2555 m1 664538 0 0.5 p-1 -44674 9
1524 2557 m1 665990 0 0.5 p-1 -8156 3
865 2559 m1 667540 0 0.5 p-1 -199962 28
1412 2560 m1 670051 -0 0.5 p-1 -969 6
977 2564 m1 681919 0 0.5 p-1 -44434 66
183 2565 m1 682993 -0 0.5 p-1 -4986412 1692
918 2566 m1 686744 -0 0.5 p-1 -689018 161
1451 2570 m1 689470 -0 0.5 p-1 -1554 5
1626 2571 m1 690569 -0 0.5 p-1 -859 1
1728 2576 m1 697836 -0 0.5 p-1 -50915 2
1441 2577 m1 698186 -0 0.5 p-1 -15311 11
187 2578 m1 698590 0 0.5 p-1 -1797932 541
1360 2579 m1 700564 0 0.5 p-1 -942869 5
1417 2580 m1 700926 0 0.5 p-1 -1468 6
456 2581 m1 701725 -0 0.5 p-1 -1108097 370
882 2582 m1 704337 -0 0.5 p-1 -1501620 140
364 2583 m1 705534 -0 0.5 p-1 -133846 40
1014 2585 m1 706416 0 0.5 p-1 -378246 130
623 2586 m1 707244 -0 0.5 p-1 -725109 221
189 2587 m1 707285 0 0.5 p-1 -451116 190
624 2588 m1 707617 -0 0.5 p-1 -1776867 395
1585 2589 m1 710257 0 0.5 p-1 -6876 1
1186 2590 m1 710822 0 0.5 p-1 -140408 89
729 2591 m1 711724 0 0.5 p-1 -79929 36
1458 2592 m1 712957 -0 0.5 p-1 -117380 24
1706 2594 m1 714678 0 0.5 p-1 -10620 3
730 2597 m1 721339 0 0.5 p-1 -552828 346
195 2598 m1 722612 0 0.5 p-1 -3191501 1506
1265 2599 m1 728858 0 0.5 p-1 -377524 16
853 2602 m1 731365 -0 0.5 p-1 -163572 50
458 2603 m1 731693 -0 0.5 p-1 -5937785 351
810 2604 m1 734514 -0 0.5 p-1 -2727270 335
1697 2606 m1 736969 -0 0.5 p-1 -196866 3
950 2607 m1 737123 0 0.5 p-1 -127976 97
665 2610 m1 743686 0 0.5 p-1 -670595 151
1041 2613 m1 748325 -0 0.5 p-1 -6489073 101
1700 2615 m1 752168 -0 0.5 p-1 -29675 3
203 2616 m1 752846 -0 0.5 p-1 -1610930 390
1746 2619 m1 755761 -0 0.5 p-1 -439690 1
204 2620 m1 756179 0 0.5 p-1 -853537 457
798 2621 m1 757127 0 0.5 p-1 -5551349 77
866 2623 m1 757996 -0 0.5 p-1 -200247 44
1056 2625 m1 759890 -0 0.5 p-1 -932799 94
667 2626 m1 760841 0 0.5 p-1 -4879467 442
1438 2627 m1 764435 -0 0.5 p-1 -33072 8
733 2630 m1 770133 -0 0.5 p-1 -311850 94
867 2631 m1 770706 -0 0.5 p-1 -5435857 368
626 2632 m1 771073 0 0.5 p-1 -588644 189
590 2633 m1 771150 0 0.5 p-1 -351247 216
1514 2634 m1 772082 0 0.5 p-1 -41474 3
209 2636 m1 778798 0 0.5 p-1 -2440962 1023
462 2637 m1 779303 0 0.5 p-1 -1256559 254
998 2639 m1 780361 0 0.5 p-1 -148906 18
1497 2640 m1 780744 0 0.5 p-1 -69173 6
1266 2641 m1 784501 0 0.5 p-1 -686643 24
883 2642 m1 784519 0 0.5 p-1 -11918 58
669 2647 m1 794844 -0 0.5 p-1 -436019 367
1476 2649 m1 800276 0 0.5 p-1 -32143 14
1698 2651 m1 802054 0 0.5 p-1 -101361 3
1380 2653 m1 803875 0 0.5 p-1 -5430 2
1457 2654 m1 805552 0 0.5 p-1 -424828 44
1037 2655 m1 809049 0 0.5 p-1 -35505 29
214 2657 m1 814594 0 0.5 p-1 -2519652 1733
701 2659 m1 815773 0 0.5 p-1 -820518 427
215 2660 m1 816762 -0 0.5 p-1 -373599 129
1515 2661 m1 819994 0 0.5 p-1 -18538 2
468 2663 m1 821160 -0 0.5 p-1 -1593718 86
802 2664 m1 823300 -0 0.5 p-1 -140357 183
1087 2665 m1 823895 -0 0.5 p-1 -208172 25
217 2666 m1 825927 0 0.5 p-1 -3034506 1496
218 2668 m1 827151 0 0.5 p-1 -9331283 1367
671 2669 m1 827996 -0 0.5 p-1 -269200 298
592 2671 m1 831713 -0 0.5 p-1 -537220 313
1210 2672 m1 834044 -0 0.5 p-1 -31739 26
1107 2673 m1 834366 -0 0.5 p-1 -46758 12
380 2674 m1 840553 0 0.5 p-1 -283224 287
813 2675 m1 840674 -0 0.5 p-1 -1658831 163
220 2677 m1 846286 -0 0.5 p-1 -2702658 1454
383 2680 m1 851548 0 0.5 p-1 -4334754 575
221 2681 m1 852314 -0 0.5 p-1 -1961259 1178
1177 2682 m1 854346 -0 0.5 p-1 -190826 39
535 2683 m1 858277 -0 0.5 p-1 -150980 104
471 2685 m1 860651 0 0.5 p-1 -3539226 467
1311 2686 m1 862871 -0 0.5 p-1 -254090 12
1308 2687 m1 865866 0 0.5 p-1 -30791 30
386 2688 m1 866501 -0 0.5 p-1 -446075 180
1171 2690 m1 871789 0 0.5 p-1 -2537950 56
672 2691 m1 873924 -0 0.5 p-1 -3541599 225
390 2692 m1 874206 -0 0.5 p-1 -850987 505
1362 2693 m1 875521 0 0.5 p-1 -25514 7
921 2694 m1 875955 0 0.5 p-1 -31338 24
227 2695 m1 879555 -0 0.5 p-1 -7395753 1510
1304 2697 m1 880775 -0 0.5 p-1 -2039906 43
1194 2698 m1 884872 0 0.5 p-1 -27570 33
673 2703 m1 896358 -0 0.5 p-1 -214337 60
594 2704 m1 896704 0 0.5 p-1 -485143 362
1575 2707 m1 898825 0 0.5 p-1 -40213 8
234 2709 m1 900232 -0 0.5 p-1 -3283384 1774
1038 2711 m1 902919 0 0.5 p-1 -50084 66
888 2716 m1 911066 0 0.5 p-1 -167293 95
1454 2717 m1 912416 0 0.5 p-1 -32845 2
242 2718 m1 914153 -0 0.5 p-1 -1835166 619
1621 2719 m1 917844 0 0.5 p-1 -7591 1
1368 2721 m1 919246 -0 0.5 p-1 -22574 13
907 2722 m1 920786 -0 0.5 p-1 -345315 67
473 2725 m1 923391 0 0.5 p-1 -6145517 425
396 2726 m1 923516 0 0.5 p-1 -10790003 1426
248 2732 m1 939309 0 0.5 p-1 -2870630 1968
474 2733 m1 939781 0 0.5 p-1 -577633 454
1286 2736 m1 945578 -0 0.5 p-1 -49258 23
1384 2737 m1 947663 0 0.5 p-1 -34356 3
398 2738 m1 953161 0 0.5 p-1 -4209424 1682
1167 2739 m1 953376 -0 0.5 p-1 -57473 9
705 2740 m1 954987 0 0.5 p-1 -1352320 660
1462 2741 m1 955479 -0 0.5 p-1 -54019 17
1162 2743 m1 961169 0 0.5 p-1 -121629 32
251 2744 m1 963078 0 0.5 p-1 -2662412 1601
252 2745 m1 963327 0 0.5 p-1 -1054520 551
596 2746 m1 965933 -0 0.5 p-1 -499930 73
908 2747 m1 968796 -0 0.5 p-1 -277250 141
253 2748 m1 970706 0 0.5 p-1 -3603911 1565
1353 2750 m1 972074 -0 0.5 p-1 -34868 6
1193 2751 m1 973653 -0 0.5 p-1 -72000 4
952 2752 m1 973724 0 0.5 p-1 -137402 59
1661 2753 m1 979940 0 0.5 p-1 -9397 2
255 2754 m1 980451 0 0.5 p-1 -1259366 807
256 2755 m1 982329 -0 0.5 p-1 -6585901 1227
478 2757 m1 991028 -0 0.5 p-1 -945126 345
540 2758 m1 994329 0 0.5 p-1 -205776 230
925 2761 m1 997795 -0 0.5 p-1 -12069 18
1387 2762 m1 999795 0 0.5 p-1 -14627 8
