Temp_ID Permanent_ID Mutation_type Position s h Subpop Tick Number
0 0 m2 713 1.43623402e-05 0.5 p-1 -13657144 663
189 2 m2 8132 0.0235214997 0.5 p-1 -1355 7
114 3 m2 8465 -0.0250430759 0.5 p-1 -1424149 208
305 4 m2 18377 0.00298697501 0.5 p-1 -5394 2
108 5 m2 21365 0.000484364544 0.5 p-1 -811927 459
91 6 m2 28698 0.00985505618 0.5 p-1 -24861 16
45 7 m2 32020 0.00470228912 0.5 p-1 -2954354 934
238 8 m2 37184 -0.000101362966 0.5 p-1 -78600 22
274 9 m2 38613 -9.14371631e-05 0.5 p-1 -14033 2
179 10 m2 40358 -0.00104247883 0.5 p-1 -57218 62
315 11 m2 40404 -0.0139630036 0.5 p-1 -5600 2
102 12 m2 44815 0.00387196895 0.5 p-1 -4543891 404
130 13 m2 50642 0.000384515704 0.5 p-1 -456205 150
148 14 m2 52767 -0.00076079421 0.5 p-1 -27629 13
171 15 m2 57963 -0.00027560434 0.5 p-1 -179097 40
180 16 m2 62999 0.0016146428 0.5 p-1 -81986 37
93 17 m2 68503 3.30000694e-06 0.5 p-1 -37519 25
94 18 m2 70071 -0.000409370841 0.5 p-1 -709489 211
116 19 m2 76161 -0.00129379611 0.5 p-1 -145880 138
1 20 m2 78431 5.81792925e-09 0.5 p-1 -4488105 733
3 21 m2 80789 -0.000765696226 0.5 p-1 -7091371 1600
190 23 m2 86371 0.000129648455 0.5 p-1 -40948 7
221 24 m2 86485 -0.00112160144 0.5 p-1 -29116 4
127 25 m2 86593 -8.11952727e-09 0.5 p-1 -7255849 407
4 26 m2 86925 7.05250557e-07 0.5 p-1 -1372737 574
140 28 m2 88440 -0.00344419153 0.5 p-1 -276940 85
222 29 m2 90652 -0.000191991247 0.5 p-1 -283779 20
63 30 m2 91203 -1.42695353e-05 0.5 p-1 -1955082 1131
196 31 m2 97484 0.0031399352 0.5 p-1 -254650 11
145 32 m2 99385 -0.00213992852 0.5 p-1 -839490 134
136 33 m2 105651 -0.00208440516 0.5 p-1 -25961 22
46 34 m2 106767 -2.55350351e-05 0.5 p-1 -8276796 443
346 35 m2 110137 0.000646180764 0.5 p-1 -35201 1
163 36 m2 111211 -0.00228975271 0.5 p-1 -23084 21
64 37 m2 116125 3.88728004e-05 0.5 p-1 -2749344 1366
303 38 m2 118713 0.00942977332 0.5 p-1 -230778 6
123 39 m2 123782 0.00233335351 0.5 p-1 -1252301 101
178 40 m2 130415 -0.0127461804 0.5 p-1 -1390167 136
6 41 m2 130566 -0.0465993956 0.5 p-1 -8357066 1536
327 42 m2 133144 0.0141142774 0.5 p-1 -34846 2
158 43 m2 139738 -0.000253362552 0.5 p-1 -138136 87
347 44 m2 140545 -0.0475608706 0.5 p-1 -566 1
121 46 m2 150611 -0.0255594254 0.5 p-1 -120650 54
216 47 m2 151202 0.00435776031 0.5 p-1 -1190 12
7 48 m2 151894 -0.0452182218 0.5 p-1 -7018342 1480
8 49 m2 155667 0.072637327 0.5 p-1 -320404 206
281 50 m2 158489 0.00885007437 0.5 p-1 -1671 3
10 52 m2 173124 -5.4868093e-07 0.5 p-1 -2473983 743
11 53 m2 181345 0.0357872583 0.5 p-1 -263062 137
325 54 m2 183014 0.00803420972 0.5 p-1 -4687 2
239 55 m2 186746 -0.0122618973 0.5 p-1 -1219960 53
166 57 m2 190280 2.61554919e-06 0.5 p-1 -296116 57
78 58 m2 197828 -0.000625849585 0.5 p-1 -288271 29
95 59 m2 202560 -0.00445068022 0.5 p-1 -428176 181
215 60 m2 206483 0.00158556749 0.5 p-1 -40617 26
184 62 m2 215889 -0.0198206659 0.5 p-1 -45489 56
152 63 m2 215930 -0.0046806531 0.5 p-1 -1179130 181
202 64 m2 224111 0.000367896107 0.5 p-1 -161111 102
65 65 m2 229786 5.00676288e-06 0.5 p-1 -1751051 1240
14 66 m2 229896 0.000437698734 0.5 p-1 -2122327 689
110 69 m2 257562 -0.00120848464 0.5 p-1 -1950903 263
185 70 m2 259384 -1.4296772e-05 0.5 p-1 -710350 54
47 71 m2 261396 -0.000249955163 0.5 p-1 -3593951 736
336 72 m2 271945 0.00392917264 0.5 p-1 -5660 3
131 73 m2 277817 -0.00021469756 0.5 p-1 -171354 47
193 74 m2 278115 0.000293121557 0.5 p-1 -13411 3
16 78 m2 285379 -0.0124647552 0.5 p-1 -2735047 1073
199 79 m2 288449 -0.000272306352 0.5 p-1 -7244 4
104 80 m2 289377 0.000328816357 0.5 p-1 -1209140 429
124 81 m2 291258 0.0169779547 0.5 p-1 -96870 38
48 82 m2 291616 -0.000161292031 0.5 p-1 -183558 297
66 83 m2 292340 0.00545559544 0.5 p-1 -1745265 875
149 84 m2 295084 0.0124284141 0.5 p-1 -1662628 195
143 85 m2 299357 0.00360216037 0.5 p-1 -2536732 252
268 86 m2 303611 -0.000201187504 0.5 p-1 -2582 1
132 87 m2 308658 -8.50243014e-05 0.5 p-1 -599454 324
227 89 m2 318064 -8.09747289e-05 0.5 p-1 -72599 29
253 92 m2 327489 -0.011478601 0.5 p-1 -732639 19
301 93 m2 333093 0.000347858382 0.5 p-1 -1969 1
115 94 m2 335081 0.0564985685 0.5 p-1 -2924236 597
284 95 m2 336351 -0.00535652833 0.5 p-1 -283985 5
211 96 m2 336966 0.0145590417 0.5 p-1 -22686 3
291 97 m2 337535 0.00227151182 0.5 p-1 -51321 3
195 98 m2 338555 -0.00066146208 0.5 p-1 -23421 18
17 99 m2 340805 -0.000159097108 0.5 p-1 -4499376 1854
225 100 m2 368773 -7.34430432e-05 0.5 p-1 -13673 19
237 101 m2 369331 0.00147525605 0.5 p-1 -225877 4
338 102 m2 369643 0.000727690058 0.5 p-1 -925 1
217 103 m2 372859 -7.06305436e-05 0.5 p-1 -60992 4
50 104 m2 382915 0.00550221372 0.5 p-1 -627164 485
218 106 m2 392115 -0.0007240501 0.5 p-1 -6197 4
267 107 m2 395828 -7.26504586e-05 0.5 p-1 -1172 4
261 109 m2 411550 -3.05111898e-05 0.5 p-1 -18918 3
18 110 m2 412496 6.39940163e-06 0.5 p-1 -3073212 954
250 111 m2 420748 -0.0130102932 0.5 p-1 -3560 8
153 112 m2 421508 0.00225476921 0.5 p-1 -76571 12
334 113 m2 422811 0.00538291177 0.5 p-1 -2954 1
244 114 m2 424726 0.00052572228 0.5 p-1 -14716 3
181 115 m2 429048 0.011321241 0.5 p-1 -19052 12
318 116 m2 430290 -4.55412228e-05 0.5 p-1 -64809 3
81 117 m2 431058 -0.00659253541 0.5 p-1 -985695 1229
299 118 m2 432737 -0.0124002509 0.5 p-1 -43118 1
240 119 m2 439018 0.00846359227 0.5 p-1 -19688 10
137 120 m2 444894 0.00997562613 0.5 p-1 -67590 38
296 121 m2 445621 1.96008932e-06 0.5 p-1 -5939 3
19 122 m2 445988 -1.91462677e-05 0.5 p-1 -1639 3
271 123 m2 454513 1.10345177e-10 0.5 p-1 -45961 4
182 124 m2 463123 0.0076250853 0.5 p-1 -172212 56
133 125 m2 464147 0.00162510795 0.5 p-1 -114625 89
333 126 m2 464429 -1.67333255e-07 0.5 p-1 -2104 2
168 127 m2 465062 -1.59530956e-07 0.5 p-1 -1170367 152
20 128 m2 466685 0.00173921906 0.5 p-1 -934228 714
22 129 m2 475094 0.00248131924 0.5 p-1 -5064 2
248 130 m2 479581 0.000823476585 0.5 p-1 -13741 7
265 131 m2 482253 -0.00175473141 0.5 p-1 -349140 4
247 133 m2 486978 0.00616700901 0.5 p-1 -4509 2
24 136 m2 500433 0.0130614927 0.5 p-1 -1573119 1084
285 138 m2 509446 0.0539103337 0.5 p-1 -66498 7
25 139 m2 509762 0.00713638728 0.5 p-1 -4627868 1388
26 140 m2 510329 0.00472379569 0.5 p-1 -658581 1051
263 142 m2 513124 -0.000699312193 0.5 p-1 -23209 6
82 145 m2 531478 -0.00019212428 0.5 p-1 -263961 231
332 146 m2 539210 -0.041973982 0.5 p-1 -6093 1
27 147 m2 542546 -0.0149802379 0.5 p-1 -304158 277
210 148 m2 548406 -0.00285322592 0.5 p-1 -177166 17
154 149 m2 550568 -2.18664931e-09 0.5 p-1 -100564 18
69 151 m2 558348 -0.00297386991 0.5 p-1 -46541 6
280 152 m2 558558 -0.0568744056 0.5 p-1 -555 1
220 153 m2 570096 -0.00778203271 0.5 p-1 -40383 12
29 154 m2 570805 -0.00673955958 0.5 p-1 -3737608 1921
51 155 m2 573961 -1.00574439e-07 0.5 p-1 -158351 10
294 158 m2 578819 -0.00761917885 0.5 p-1 -1451816 2
228 159 m2 578910 -0.00908809807 0.5 p-1 -60381 15
139 160 m2 581772 -0.0130334683 0.5 p-1 -58009 25
230 161 m2 595054 -5.33795283e-05 0.5 p-1 -748503 9
30 162 m2 597940 -0.0197650529 0.5 p-1 -3816979 961
83 164 m2 605024 -0.000269037468 0.5 p-1 -1688087 571
214 165 m2 607510 -0.00801461935 0.5 p-1 -27840 22
169 167 m2 616458 -0.00156679132 0.5 p-1 -42223 23
170 169 m2 618911 0.000186483012 0.5 p-1 -72592 10
243 171 m2 624882 -0.00366866449 0.5 p-1 -64953 18
292 173 m2 631472 0.0115205646 0.5 p-1 -458175 1
52 175 m2 635339 -4.1748458e-06 0.5 p-1 -2341061 1239
219 178 m2 648375 -0.0529712252 0.5 p-1 -10141 8
335 179 m2 655652 -0.00789236557 0.5 p-1 -4694 2
349 180 m2 655873 0.00195011334 0.5 p-1 -3522 1
259 181 m2 659639 -0.00167007546 0.5 p-1 -1007 2
252 182 m2 662910 -0.0463176928 0.5 p-1 -2621 6
134 183 m2 664413 -0.00359740108 0.5 p-1 -382449 112
288 184 m2 664824 -0.000853701669 0.5 p-1 -22116 4
84 185 m2 671123 -0.00347387465 0.5 p-1 -900122 167
70 186 m2 684723 0.0074491105 0.5 p-1 -1476932 609
125 187 m2 685612 0.0168714207 0.5 p-1 -241441 154
198 188 m2 686715 0.00271209306 0.5 p-1 -307441 48
135 189 m2 689018 0.0172077958 0.5 p-1 -1346700 111
129 190 m2 693611 0.00225809612 0.5 p-1 -12914 8
150 191 m2 694567 0.0211351383 0.5 p-1 -837885 435
31 192 m2 695730 0.0112957135 0.5 p-1 -7936355 403
54 193 m2 696327 -1.51484107e-06 0.5 p-1 -6545843 337
32 194 m2 697410 0.00751851825 0.5 p-1 -2545371 1324
187 195 m2 700825 -6.67165295e-05 0.5 p-1 -68418 22
314 197 m2 704727 -0.0237652361 0.5 p-1 -887 1
112 198 m2 707198 -0.000159086747 0.5 p-1 -1901596 1041
311 199 m2 709584 -0.000295065896 0.5 p-1 -15252 6
264 201 m2 721935 -0.000193412227 0.5 p-1 -44295 3
71 202 m2 722024 0.000778743939 0.5 p-1 -2458943 599
73 203 m2 725781 0.00223137881 0.5 p-1 -1012241 938
286 205 m2 736940 0.000946892309 0.5 p-1 -57965 1
343 206 m2 739256 -0.0304665081 0.5 p-1 -4511 2
144 207 m2 742171 -0.000167695543 0.5 p-1 -7649714 205
224 208 m2 766820 -0.00020072714 0.5 p-1 -36831 13
262 209 m2 771819 5.69778967e-05 0.5 p-1 -3314 9
34 210 m2 774625 -0.00274267839 0.5 p-1 -4337708 1050
156 212 m2 776220 0.0348825678 0.5 p-1 -1091222 87
177 213 m2 779839 -3.4959412e-05 0.5 p-1 -239874 76
229 215 m2 795943 2.31560643e-05 0.5 p-1 -200544 12
188 216 m2 797967 -0.000571420183 0.5 p-1 -140145 34
98 217 m2 799720 -0.00524971168 0.5 p-1 -7585263 766
236 218 m2 808265 -0.00637884438 0.5 p-1 -22484 11
74 219 m2 811765 -0.000123157282 0.5 p-1 -3168620 1260
55 220 m2 816229 -0.00250739371 0.5 p-1 -56960 84
164 221 m2 816499 -0.0026363635 0.5 p-1 -945784 103
35 222 m2 822163 -0.00040742557 0.5 p-1 -6054548 548
118 224 m2 826098 -0.0431983098 0.5 p-1 -230314 167
36 225 m2 826428 0.014700219 0.5 p-1 -1182729 67
223 226 m2 834539 -0.0463051535 0.5 p-1 -4609 2
37 227 m2 836283 0.00235693972 0.5 p-1 -2529665 698
57 228 m2 837617 -3.6468879e-09 0.5 p-1 -2744331 1397
249 229 m2 838662 2.02734227e-05 0.5 p-1 -3805 7
86 230 m2 843034 -0.0572108887 0.5 p-1 -3080069 1385
307 232 m2 851804 -0.000280475069 0.5 p-1 -9553 2
287 233 m2 853993 -0.00206322339 0.5 p-1 -4519 4
87 234 m2 855313 4.32055325e-09 0.5 p-1 -1271737 369
38 235 m2 855981 3.62714272e-05 0.5 p-1 -2135736 491
162 236 m2 856453 -1.42626623e-05 0.5 p-1 -156458 89
309 237 m2 857543 0.00166372012 0.5 p-1 -218 1
75 238 m2 858342 9.23517509e-05 0.5 p-1 -6998150 1303
58 239 m2 862393 -5.08826888e-05 0.5 p-1 -4410508 1477
39 240 m2 871442 0.000741422293 0.5 p-1 -7999787 1744
320 241 m2 874812 -0.0713535771 0.5 p-1 -65188 3
167 243 m2 879361 -0.000609000737 0.5 p-1 -3063 11
41 244 m2 884074 0.0423617586 0.5 p-1 -673334 112
234 245 m2 884142 1.02597332e-05 0.5 p-1 -27806 11
342 247 m2 894831 -0.00578342844 0.5 p-1 -5378 1
160 249 m2 898604 -0.000113549322 0.5 p-1 -232605 64
42 250 m2 902824 0.00565882074 0.5 p-1 -1693190 1388
126 251 m2 912988 -0.00830478407 0.5 p-1 -44649 25
142 252 m2 914757 -0.0138682071 0.5 p-1 -5421 10
59 254 m2 918991 0.0505549461 0.5 p-1 -776523 243
76 255 m2 920488 1.58749435e-06 0.5 p-1 -1391469 1000
106 256 m2 923602 -0.00566233555 0.5 p-1 -1242629 575
43 257 m2 924156 0.0151381381 0.5 p-1 -156190 76
60 258 m2 924865 0.00963921566 0.5 p-1 -659591 917
77 259 m2 926202 0.00136921171 0.5 p-1 -6330735 272
232 260 m2 928408 0.00404685223 0.5 p-1 -150932 11
88 261 m2 932046 0.0139768729 0.5 p-1 -89538 29
159 262 m2 934721 1.50527251e-06 0.5 p-1 -53945 48
119 263 m2 940179 -0.000235358457 0.5 p-1 -6424182 236
241 264 m2 940799 -0.000821208756 0.5 p-1 -10931 2
89 266 m2 950192 -0.000178328308 0.5 p-1 -739306 357
61 267 m2 950284 -6.00159083e-13 0.5 p-1 -4999088 1160
107 268 m2 953364 0.00137918862 0.5 p-1 -7232977 182
293 269 m2 956356 0.0015142411 0.5 p-1 -6228 1
157 270 m2 956696 0.00167249818 0.5 p-1 -336412 329
62 271 m2 957783 1.1891953e-07 0.5 p-1 -2065316 810
323 273 m2 964368 -1.0082706e-06 0.5 p-1 -12331 4
113 274 m2 968344 -0.00863219611 0.5 p-1 -184676 13
207 275 m2 979575 -0.000812348851 0.5 p-1 -47160 54
206 276 m2 980983 8.62321122e-06 0.5 p-1 -300420 13
90 277 m2 984091 0.00655122846 0.5 p-1 -6130959 464
279 278 m2 987808 -0.00160483248 0.5 p-1 -8918 10
44 280 m2 989152 0.059885852 0.5 p-1 -1645488 969
174 281 m2 992083 2.61289781e-08 0.5 p-1 -35383 54
100 282 m2 994207 6.53692496e-06 0.5 p-1 -1573153 70
354 283 m2 374289 0.00145633705 0.5 p0 2 1
340 285 m2 9700 -0.00132030353 0.5 p0 2 1
312 286 m2 372982 -1.8373612e-06 0.5 p0 2 1
351 287 m2 379506 -0.0345312022 0.5 p0 2 1
258 288 m2 336062 0.000204397307 0.5 p0 2 3
344 289 m2 518263 -2.18349578e-05 0.5 p0 2 2
272 290 m2 282515 0.0265868511 0.5 p0 2 3
308 291 m2 240465 -0.0369067118 0.5 p0 2 2
304 294 m2 86717 -0.00203541946 0.5 p0 2 1
257 295 m2 910413 3.56450323e-06 0.5 p0 2 4
357 297 m2 928055 -0.00551726483 0.5 p0 2 1
353 299 m2 20066 -5.88925905e-05 0.5 p0 2 2
273 300 m2 188324 -0.0133531345 0.5 p0 2 3
278 303 m2 542696 -4.54711299e-05 0.5 p0 2 2
282 304 m2 68819 0.0117209852 0.5 p0 2 2
266 306 m2 556295 0.0285425112 0.5 p0 2 2
352 307 m2 297036 -0.000664893421 0.5 p0 2 1
328 309 m2 496849 0.00458603958 0.5 p0 2 1
297 310 m2 587238 -0.000304579065 0.5 p0 2 2
295 311 m2 801163 0.0174384788 0.5 p0 2 1
329 312 m2 373344 0.000338722748 0.5 p0 2 2
350 313 m2 924723 -0.00183663704 0.5 p0 2 1
316 314 m2 212210 -0.00533806253 0.5 p0 2 1
289 315 m2 263447 -0.00608339906 0.5 p0 2 2
255 316 m2 510924 2.35478801e-05 0.5 p0 2 2
203 317 m2 719204 -0.0123455375 0.5 p0 2 3
337 318 m2 654064 -0.000804139301 0.5 p0 2 1
233 319 m2 600497 0.0018065389 0.5 p0 2 1
348 320 m2 659860 0.00158367073 0.5 p0 2 1
226 322 m2 917987 0.00996096339 0.5 p0 2 1
310 323 m2 420605 1.17799109e-05 0.5 p0 2 2
322 324 m2 429300 0.000146697726 0.5 p0 2 1
355 325 m2 847465 -0.0235232022 0.5 p0 2 1
356 326 m2 444133 -0.000935389951 0.5 p0 2 1
339 331 m2 491506 0.00287358603 0.5 p0 2 1
331 332 m2 728847 -4.52128152e-05 0.5 p0 2 2
319 333 m2 768219 -0.00259994622 0.5 p0 2 1
330 334 m2 251421 -9.53578183e-06 0.5 p0 2 1
269 335 m2 795515 0.0459948406 0.5 p0 2 1
313 336 m2 931332 0.0032972733 0.5 p0 2 3
302 337 m2 459864 -0.00477881171 0.5 p0 2 1
306 338 m2 606502 0.00103169959 0.5 p0 2 2
317 339 m2 653675 -0.0318896323 0.5 p0 2 2
298 341 m2 73993 -0.00625280663 0.5 p0 2 2
165 343 m1 2493 0 0.5 p-1 -321907 126
242 344 m1 3279 0 0.5 p-1 -36193 5
175 345 m1 5944 0 0.5 p-1 -3427211 111
147 346 m1 18290 0 0.5 p-1 -181624 64
101 347 m1 19008 0 0.5 p-1 -1407767 178
341 348 m1 22706 -0 0.5 p-1 -6288 1
92 349 m1 62891 -0 0.5 p-1 -388785 103
2 351 m1 78971 -0 0.5 p-1 -11428470 1895
235 352 m1 84641 0 0.5 p-1 -78491 3
146 353 m1 104743 0 0.5 p-1 -418396 103
326 354 m1 113161 -0 0.5 p-1 -4998 1
5 355 m1 119707 -0 0.5 p-1 -424294 501
300 356 m1 141396 0 0.5 p-1 -1101 1
176 357 m1 149936 -0 0.5 p-1 -33339 18
276 358 m1 151704 -0 0.5 p-1 -85129 9
128 359 m1 151888 -0 0.5 p-1 -1785618 394
9 361 m1 172012 -0 0.5 p-1 -7675407 1899
12 363 m1 199417 -0 0.5 p-1 -483717 51
345 364 m1 203508 -0 0.5 p-1 -4683 1
13 365 m1 209126 -0 0.5 p-1 -7020877 1303
201 366 m1 215941 -0 0.5 p-1 -357751 83
109 367 m1 216866 0 0.5 p-1 -38479 29
122 368 m1 220925 -0 0.5 p-1 -2198744 34
103 369 m1 222122 0 0.5 p-1 -29496 23
15 371 m1 240281 -0 0.5 p-1 -3888158 1421
79 372 m1 250108 0 0.5 p-1 -402976 270
200 373 m1 259925 -0 0.5 p-1 -118814 15
191 374 m1 260876 0 0.5 p-1 -3348 2
251 375 m1 303924 -0 0.5 p-1 -24190 10
256 376 m1 313069 0 0.5 p-1 -21521 4
192 377 m1 342970 0 0.5 p-1 -408693 50
49 378 m1 343207 -0 0.5 p-1 -336422 205
172 379 m1 347356 -0 0.5 p-1 -727829 62
321 380 m1 363712 0 0.5 p-1 -1228741 7
96 381 m1 372300 -0 0.5 p-1 -668573 136
173 382 m1 374013 -0 0.5 p-1 -3296 3
80 383 m1 394736 -0 0.5 p-1 -1168305 33
155 384 m1 411313 0 0.5 p-1 -85477 77
161 385 m1 418331 0 0.5 p-1 -221570 68
105 386 m1 438850 0 0.5 p-1 -936593 116
254 387 m1 458943 -0 0.5 p-1 -2169 1
270 388 m1 463624 -0 0.5 p-1 -22964 5
21 389 m1 466700 -0 0.5 p-1 -358555 245
23 391 m1 485307 0 0.5 p-1 -989519 876
197 392 m1 492234 0 0.5 p-1 -173994 9
212 393 m1 514296 -0 0.5 p-1 -101310 26
194 394 m1 527651 -0 0.5 p-1 -124122 12
67 396 m1 549015 0 0.5 p-1 -1877700 252
68 397 m1 549150 0 0.5 p-1 -2185815 251
138 398 m1 550648 0 0.5 p-1 -3439354 61
28 399 m1 563747 0 0.5 p-1 -3043930 721
209 400 m1 597471 -0 0.5 p-1 -3983106 21
97 401 m1 602470 0 0.5 p-1 -87070 15
245 402 m1 627357 -0 0.5 p-1 -14543 10
53 403 m1 650258 0 0.5 p-1 -421359 233
246 404 m1 668513 0 0.5 p-1 -22265 15
290 405 m1 674995 0 0.5 p-1 -54517 18
111 406 m1 681049 -0 0.5 p-1 -423187 409
283 407 m1 698824 0 0.5 p-1 -27983 6
33 408 m1 716528 -0 0.5 p-1 -516615 41
260 409 m1 721037 0 0.5 p-1 -20197 11
72 410 m1 722923 -0 0.5 p-1 -165430 198
117 411 m1 735436 0 0.5 p-1 -740955 134
208 412 m1 744250 0 0.5 p-1 -202752 19
186 413 m1 764333 0 0.5 p-1 -507803 141
277 414 m1 766648 -0 0.5 p-1 -1812 3
183 415 m1 769651 0 0.5 p-1 -174857 21
213 416 m1 789378 0 0.5 p-1 -10164 9
85 418 m1 813412 0 0.5 p-1 -1349089 137
56 420 m1 828028 0 0.5 p-1 -491176 462
141 421 m1 846950 0 0.5 p-1 -113874 48
231 422 m1 860571 0 0.5 p-1 -25206 7
40 423 m1 883379 0 0.5 p-1 -3936639 977
204 426 m1 938535 -0 0.5 p-1 -541086 7
120 427 m1 942195 -0 0.5 p-1 -45017 15
324 429 m1 942361 -0 0.5 p-1 -413 2
151 430 m1 950896 -0 0.5 p-1 -192383 204
275 432 m1 976293 -0 0.5 p-1 -16991 3
99 433 m1 987125 0 0.5 p-1 -201786 59
205 434 m1 989477 0 0.5 p-1 -93515 24
