Temp_ID Permanent_ID Mutation_type Position s h Subpop Tick Number
292 0 m2 2733 0.011409116 0.5 p-1 -316850 113
378 2 m2 3763 0.000877694343 0.5 p-1 -3440952 282
755 3 m2 4307 5.70169577e-05 0.5 p-1 -297330 18
605 6 m2 6071 -0.000129452019 0.5 p-1 -7846 17
355 7 m2 7733 0.0395405218 0.5 p-1 -516992 44
0 9 m2 9239 2.77714498e-05 0.5 p-1 -2500900 761
490 11 m2 11216 -0.000954528863 0.5 p-1 -6180673 181
451 12 m2 11462 0.000482366479 0.5 p-1 -813776 49
434 13 m2 11680 0.00119889888 0.5 p-1 -265600 310
452 14 m2 11754 -1.62098859e-05 0.5 p-1 -6934195 99
252 15 m2 12194 -0.000336386845 0.5 p-1 -560310 283
379 17 m2 12818 0.000109705012 0.5 p-1 -505262 41
2 20 m2 16458 -1.77739441e-08 0.5 p-1 -645413 871
465 21 m2 16861 -0.0291974116 0.5 p-1 -578163 48
466 22 m2 17481 -1.54984064e-05 0.5 p-1 -84043 48
138 23 m2 18141 -1.61252615e-06 0.5 p-1 -1090913 155
3 27 m2 20229 2.21787741e-05 0.5 p-1 -1612123 891
783 29 m2 20971 0.00943990797 0.5 p-1 -11629 3
139 30 m2 21164 -0.00763435569 0.5 p-1 -1846636 528
411 31 m2 21199 -0.0019359485 0.5 p-1 -718620 200
723 32 m2 21704 -0.00324392645 0.5 p-1 -212372 19
716 33 m2 21778 0.00144178991 0.5 p-1 -72528 35
336 34 m2 24715 2.04250555e-05 0.5 p-1 -1840844 581
215 35 m2 25658 0.00465765316 0.5 p-1 -2753727 355
140 36 m2 26319 -0.000646097993 0.5 p-1 -5518886 673
5 37 m2 26855 -0.000222700968 0.5 p-1 -3617679 256
484 38 m2 27699 -0.00245747413 0.5 p-1 -1751556 172
356 41 m2 30548 -0.000162386146 0.5 p-1 -101336 134
810 43 m2 31789 0.00968882255 0.5 p-1 -219610 15
397 44 m2 32081 -1.32632549e-05 0.5 p-1 -50604 39
216 45 m2 33342 0.000114636918 0.5 p-1 -2445501 321
658 46 m2 33853 -0.0199033991 0.5 p-1 -11217 15
6 47 m2 33907 0.0152705163 0.5 p-1 -5768281 956
712 48 m2 34688 0.00531820813 0.5 p-1 -23218 6
653 50 m2 35375 0.0039409278 0.5 p-1 -192643 32
683 52 m2 36715 0.0290985759 0.5 p-1 -5065 11
829 53 m2 37308 0.00612213416 0.5 p-1 -37681 11
724 55 m2 38290 -0.0202817954 0.5 p-1 -280807 10
253 56 m2 39382 0.0726653263 0.5 p-1 -2817437 1463
837 57 m2 39657 -0.0108462851 0.5 p-1 -195122 11
8 59 m2 40848 -0.0110787917 0.5 p-1 -6663828 1605
713 60 m2 41267 -0.0807873458 0.5 p-1 -6739 6
9 61 m2 42726 -0.0455099009 0.5 p-1 -1940967 1224
357 64 m2 45330 0.0120786559 0.5 p-1 -287184 331
775 65 m2 45446 -0.0252571758 0.5 p-1 -4920 7
412 67 m2 46493 0.000319999002 0.5 p-1 -754642 334
531 69 m2 48286 0.000333375152 0.5 p-1 -131297 21
674 71 m2 52270 -6.03494072e-07 0.5 p-1 -5743626 36
922 72 m2 52760 -0.00978651736 0.5 p-1 -26857 4
749 73 m2 53907 -0.00146980875 0.5 p-1 -155236 8
821 74 m2 55826 -0.0448808484 0.5 p-1 -53765 8
217 76 m2 57101 -0.00794167537 0.5 p-1 -696031 85
359 77 m2 57212 1.71900263e-06 0.5 p-1 -292827 68
11 79 m2 59648 8.43494519e-09 0.5 p-1 -5464852 720
650 81 m2 62343 -0.0185405035 0.5 p-1 -901552 49
142 82 m2 62792 -0.00749023911 0.5 p-1 -3399133 300
705 83 m2 63241 0.0077798767 0.5 p-1 -52818 5
772 84 m2 65258 0.0372630097 0.5 p-1 -146229 17
13 86 m2 65534 0.00128256448 0.5 p-1 -2593746 1073
398 87 m2 66039 -0.00925154518 0.5 p-1 -182872 169
143 88 m2 66554 -1.90344804e-06 0.5 p-1 -772145 885
399 89 m2 66690 -4.71939848e-06 0.5 p-1 -921564 71
820 90 m2 68264 0.0006411348 0.5 p-1 -79655 7
612 91 m2 69188 0.0153242955 0.5 p-1 -77051 22
400 92 m2 71452 1.2712545e-05 0.5 p-1 -2321940 310
318 94 m2 73722 0.00555013958 0.5 p-1 -2377731 117
15 95 m2 73801 -0.00114562549 0.5 p-1 -4011859 719
16 96 m2 74498 0.0374698602 0.5 p-1 -5502619 1519
807 97 m2 77246 -2.40882255e-05 0.5 p-1 -16845 6
634 98 m2 80991 -6.73352531e-07 0.5 p-1 -638904 112
284 99 m2 82032 0.00175684283 0.5 p-1 -9687 5
575 100 m2 85331 0.00200707559 0.5 p-1 -27600 8
218 101 m2 85794 -0.000815011037 0.5 p-1 -1323780 405
570 102 m2 87008 -0.0218161903 0.5 p-1 -111385 33
293 103 m2 87811 0.00163627241 0.5 p-1 -401339 332
664 104 m2 88949 3.42753192e-05 0.5 p-1 -2987741 154
420 105 m2 89114 0.00398334442 0.5 p-1 -2353810 474
421 106 m2 90748 -0.0128996698 0.5 p-1 -99250 2
957 107 m2 91125 0.0221622828 0.5 p-1 -4559 1
480 108 m2 91351 -1.77203237e-05 0.5 p-1 -509058 62
18 110 m2 93146 0.000282718596 0.5 p-1 -3580048 1122
453 112 m2 93672 -0.00651132874 0.5 p-1 -1776373 251
19 114 m2 95621 0.00322825531 0.5 p-1 -3463603 544
295 115 m2 95798 0.000176362591 0.5 p-1 -5488946 464
219 116 m2 96617 -0.0628060848 0.5 p-1 -359932 338
338 117 m2 96984 9.8212302e-05 0.5 p-1 -767226 264
20 120 m2 99409 -0.00952763855 0.5 p-1 -6359223 1960
21 122 m2 102642 0.00103711523 0.5 p-1 -1075413 1042
23 123 m2 104690 0.0111984452 0.5 p-1 -7277970 1657
656 125 m2 105941 0.00152538053 0.5 p-1 -3599293 78
589 126 m2 106289 -0.00165790739 0.5 p-1 -451798 67
339 127 m2 106844 -0.0182959288 0.5 p-1 -598669 40
401 128 m2 110399 0.00367085193 0.5 p-1 -4363506 648
784 130 m2 111153 -0.00639407011 0.5 p-1 -118 4
613 132 m2 113647 -0.0117616756 0.5 p-1 -779122 225
766 133 m2 114952 0.00164174533 0.5 p-1 -225356 64
767 134 m2 116629 0.0047180308 0.5 p-1 -42853 47
24 135 m2 117583 0.0205384418 0.5 p-1 -6399489 1415
380 137 m2 118210 0.00739080459 0.5 p-1 -800348 214
668 138 m2 119227 -0.000375893316 0.5 p-1 -10389 26
26 139 m2 119763 0.0662101656 0.5 p-1 -1709849 696
145 140 m2 121924 0.0131990658 0.5 p-1 -6000577 821
319 141 m2 123301 0.000819553214 0.5 p-1 -276889 50
286 143 m2 124472 0.0124955988 0.5 p-1 -1176837 174
669 144 m2 128373 0.0632946268 0.5 p-1 -82576 26
467 145 m2 129199 -0.00604721764 0.5 p-1 -179307 28
868 146 m2 129564 0.000123683116 0.5 p-1 -99207 4
146 149 m2 130791 0.0262781344 0.5 p-1 -5530748 763
595 150 m2 135770 -0.000574750942 0.5 p-1 -39380 12
28 152 m2 136193 0.000227993602 0.5 p-1 -13088126 1869
147 155 m2 138965 -7.457425e-06 0.5 p-1 -1521523 272
440 157 m2 140213 6.18445702e-05 0.5 p-1 -74712 89
481 158 m2 140313 0.10227406 0.5 p-1 -4709 33
454 160 m2 144956 0.00184358144 0.5 p-1 -532033 193
798 163 m2 148554 -3.33555909e-05 0.5 p-1 -1838 11
900 164 m2 149416 -0.0138486009 0.5 p-1 -41199 2
928 165 m2 149793 -0.0163932424 0.5 p-1 -1917 1
848 166 m2 150709 -2.58180808e-06 0.5 p-1 -187468 4
150 167 m2 152464 0.00236012042 0.5 p-1 -2698710 833
29 168 m2 153969 0.0275094826 0.5 p-1 -9169909 1432
538 169 m2 154802 -5.22270857e-05 0.5 p-1 -16359 6
590 171 m2 155224 0.0365222283 0.5 p-1 -100018 38
822 172 m2 155339 0.0059819459 0.5 p-1 -146163 34
297 174 m2 159227 0.0243655965 0.5 p-1 -104551 96
760 176 m2 160946 0.0185310412 0.5 p-1 -39040 17
795 178 m2 163120 0.00753549766 0.5 p-1 -17938 6
861 179 m2 163158 1.70897216e-08 0.5 p-1 -40446 10
857 180 m2 164106 -0.0017670833 0.5 p-1 -508 7
298 182 m2 168333 0.0013262491 0.5 p-1 -514905 582
799 183 m2 168387 0.0221897792 0.5 p-1 -53155 12
30 185 m2 169500 1.73206706e-06 0.5 p-1 -6349872 1337
31 186 m2 170033 0.00100633455 0.5 p-1 -2166707 1399
455 187 m2 170849 0.00121002819 0.5 p-1 -33423 37
761 188 m2 171163 -1.82271069e-08 0.5 p-1 -60560 4
322 190 m2 171969 -0.000370204099 0.5 p-1 -663044 246
491 191 m2 172404 -0.00131567521 0.5 p-1 -807170 234
254 192 m2 173100 0.0234607067 0.5 p-1 -2367126 387
550 193 m2 175076 0.000369363464 0.5 p-1 -143904 14
887 194 m2 176137 -0.000251996215 0.5 p-1 -7982 2
151 196 m2 180348 -3.6052262e-07 0.5 p-1 -9501530 1286
220 197 m2 180846 0.00091482565 0.5 p-1 -2480768 1007
611 198 m2 181366 -0.0276038665 0.5 p-1 -187185 20
34 199 m2 183107 0.00863020029 0.5 p-1 -2590892 726
665 200 m2 183124 0.000810116995 0.5 p-1 -139415 27
773 201 m2 183629 -0.00781058939 0.5 p-1 -38064 3
919 202 m2 185177 0.000834456878 0.5 p-1 -14609 4
468 203 m2 185737 -0.0816929266 0.5 p-1 -807537 151
152 204 m2 188614 1.52920123e-07 0.5 p-1 -2208163 773
153 206 m2 190123 -0.0136568146 0.5 p-1 -1185874 489
746 207 m2 191695 -0.0246065464 0.5 p-1 -36268 16
402 208 m2 192148 2.54709032e-09 0.5 p-1 -197736 44
551 209 m2 192464 -0.0332100354 0.5 p-1 -21998 12
221 210 m2 193766 -0.0194761194 0.5 p-1 -1712274 902
35 212 m2 199053 -0.000182663178 0.5 p-1 -655360 244
36 213 m2 200428 -0.0331708156 0.5 p-1 -3914795 807
288 214 m2 202457 8.99367751e-06 0.5 p-1 -2061821 225
223 216 m2 207474 -0.000329993811 0.5 p-1 -173482 125
679 217 m2 209796 2.72402795e-05 0.5 p-1 -82432 13
485 218 m2 210564 -0.0003764625 0.5 p-1 -329195 196
747 219 m2 211225 0.00052173686 0.5 p-1 -20343 17
361 221 m2 212772 -0.000215436579 0.5 p-1 -2013025 777
851 222 m2 213023 -0.0128805386 0.5 p-1 -14188 4
937 224 m2 214470 0.0301214997 0.5 p-1 -16260 3
578 225 m2 216005 -6.04223214e-06 0.5 p-1 -5483 28
362 226 m2 216091 0.00341291004 0.5 p-1 -496619 328
363 228 m2 216882 -0.00017279078 0.5 p-1 -238067 118
818 230 m2 225407 0.0116837025 0.5 p-1 -41713 8
156 231 m2 226112 0.0015782048 0.5 p-1 -4703216 1018
825 232 m2 226805 -0.00447926717 0.5 p-1 -50541 10
852 235 m2 231678 6.50842685e-06 0.5 p-1 -131987 6
782 236 m2 231790 1.53264864e-06 0.5 p-1 -78922 22
833 238 m2 233853 -0.0284370445 0.5 p-1 -180754 9
300 242 m2 236952 0.0338531174 0.5 p-1 -1936393 266
792 243 m2 238573 -0.000382260972 0.5 p-1 -78170 32
591 244 m2 238878 0.00614395179 0.5 p-1 -25736 21
933 245 m2 239416 7.53584484e-09 0.5 p-1 -40899 1
157 246 m2 239705 -4.44501438e-06 0.5 p-1 -1126349 758
301 247 m2 241374 0.00332469726 0.5 p-1 -23089 21
422 249 m2 242432 0.000180310395 0.5 p-1 -2082674 455
774 250 m2 243470 0.00310677895 0.5 p-1 -40736 16
441 251 m2 244075 -0.000162687691 0.5 p-1 -1245418 56
709 252 m2 244267 -0.00415881164 0.5 p-1 -35996 16
256 253 m2 245114 -2.49592563e-06 0.5 p-1 -2983955 929
672 254 m2 246163 2.58815261e-11 0.5 p-1 -38651 44
382 255 m2 246720 -0.0137406448 0.5 p-1 -393141 167
37 256 m2 247888 3.93827322e-05 0.5 p-1 -2358893 896
38 257 m2 248418 0.000948588713 0.5 p-1 -2594799 795
721 258 m2 250743 -0.000267446536 0.5 p-1 -589427 34
860 261 m2 252681 0.000890830241 0.5 p-1 -27153 3
936 263 m2 253412 0.00244270056 0.5 p-1 -8668 4
854 266 m2 253956 -0.00936031342 0.5 p-1 -11697 21
539 268 m2 258400 -0.00102801248 0.5 p-1 -17257 16
158 269 m2 258849 0.00136012351 0.5 p-1 -4183838 1150
790 270 m2 259465 0.000132180227 0.5 p-1 -10353 11
741 272 m2 263979 0.00251649437 0.5 p-1 -13924 19
540 273 m2 264435 -0.0183049757 0.5 p-1 -1173213 55
40 274 m2 265121 -0.0046279938 0.5 p-1 -2568639 1815
41 275 m2 269899 -0.000317022728 0.5 p-1 -3821532 1404
257 276 m2 270763 -0.00300812139 0.5 p-1 -326420 299
866 277 m2 271037 0.0116819954 0.5 p-1 -269630 5
159 279 m2 273219 0.000219564521 0.5 p-1 -1041852 235
561 282 m2 274116 -4.08394335e-05 0.5 p-1 -219512 55
606 283 m2 278486 8.71672182e-06 0.5 p-1 -67575 51
758 284 m2 278493 -1.91724866e-05 0.5 p-1 -167227 11
42 285 m2 278825 -0.0474157557 0.5 p-1 -755321 525
160 286 m2 279257 0.00844830927 0.5 p-1 -1454453 265
302 287 m2 280229 -2.6687735e-07 0.5 p-1 -1149626 205
834 288 m2 281289 0.00187447795 0.5 p-1 -22 6
812 290 m2 283697 1.19970741e-06 0.5 p-1 -10196 8
258 291 m2 284135 -0.0206011962 0.5 p-1 -475985 152
224 292 m2 285774 -0.00332982047 0.5 p-1 -3181563 799
383 293 m2 286841 -0.00706013292 0.5 p-1 -8982 6
384 294 m2 287598 -0.00208429969 0.5 p-1 -130393 10
931 296 m2 290735 -0.00168301933 0.5 p-1 -5454 2
620 298 m2 291306 -0.0234923791 0.5 p-1 -261596 47
323 300 m2 295463 -0.00351430895 0.5 p-1 -1968507 225
43 301 m2 295711 0.040438436 0.5 p-1 -1593050 810
806 302 m2 295758 0.00195812248 0.5 p-1 -242550 14
580 303 m2 296276 -4.9590094e-06 0.5 p-1 -1630447 122
827 304 m2 296744 0.0161158275 0.5 p-1 -77786 2
864 305 m2 298935 0.0048434427 0.5 p-1 -19274 11
759 306 m2 299202 3.23309344e-08 0.5 p-1 -113473 16
521 307 m2 299695 -0.0193848107 0.5 p-1 -149447 37
424 308 m2 300084 -0.000102932929 0.5 p-1 -1603922 105
225 309 m2 301076 0.0113645047 0.5 p-1 -1471 24
44 310 m2 303142 -0.00348963053 0.5 p-1 -4475419 1715
45 311 m2 303652 0.0135817062 0.5 p-1 -3139118 1494
748 312 m2 303824 0.00256136386 0.5 p-1 -44699 13
889 313 m2 304426 0.00948904268 0.5 p-1 -12251 3
688 314 m2 308668 0.00179996167 0.5 p-1 -6881 2
162 316 m2 309581 0.0293374248 0.5 p-1 -1832148 703
385 317 m2 311032 -0.0008288885 0.5 p-1 -1484264 770
386 318 m2 312105 7.49399769e-05 0.5 p-1 -337416 264
46 320 m2 313220 0.0528470129 0.5 p-1 -1792584 1960
47 321 m2 316109 -0.00606174069 0.5 p-1 -712246 308
48 322 m2 318429 -0.000846028386 0.5 p-1 -8390409 1163
49 323 m2 318974 0.00214990764 0.5 p-1 -981333 370
50 324 m2 320215 0.000379777048 0.5 p-1 -7848106 1875
164 325 m2 323025 -0.000573661877 0.5 p-1 -2897915 1335
442 327 m2 326555 -4.11204128e-05 0.5 p-1 -832970 51
744 328 m2 330021 0.00610688655 0.5 p-1 -61117 11
259 330 m2 332473 -0.00157085515 0.5 p-1 -1186415 1110
340 331 m2 334128 -0.000213001229 0.5 p-1 -4449919 684
939 332 m2 335499 0.000153589805 0.5 p-1 -3388 1
902 334 m2 337208 -1.59284755e-05 0.5 p-1 -7401 4
53 335 m2 337321 0.0115676438 0.5 p-1 -7213368 887
425 336 m2 341824 -0.000918260019 0.5 p-1 -651781 108
638 338 m2 346083 0.00341682625 0.5 p-1 -1677962 54
680 339 m2 346435 0.000986788538 0.5 p-1 -74975 6
166 340 m2 346705 -0.000801372284 0.5 p-1 -341683 265
548 345 m2 353156 -0.00622931588 0.5 p-1 -239280 44
55 346 m2 354377 0.00327665335 0.5 p-1 -7268864 1832
635 347 m2 354630 0.000805817428 0.5 p-1 -452646 43
730 349 m2 354980 0.00678367354 0.5 p-1 -109228 6
56 350 m2 355936 -0.00908090174 0.5 p-1 -194791 198
800 351 m2 360030 -0.0132273966 0.5 p-1 -720516 37
426 352 m2 360760 -0.0276875496 0.5 p-1 -1867269 304
786 356 m2 368347 -0.0150450226 0.5 p-1 -117607 7
564 357 m2 368960 -9.94432121e-05 0.5 p-1 -275969 65
58 359 m2 370877 1.75344965e-07 0.5 p-1 -1026976 137
597 360 m2 371611 -0.000951295777 0.5 p-1 -100660 33
808 361 m2 373044 -0.0538488589 0.5 p-1 -27813 8
873 364 m2 377475 -0.000168736326 0.5 p-1 -21732 8
592 366 m2 380710 -0.0164647512 0.5 p-1 -308022 31
475 368 m2 384315 0.00753063615 0.5 p-1 -1766111 22
809 370 m2 388870 -0.0707843676 0.5 p-1 -11113 5
260 371 m2 389587 -0.00344466488 0.5 p-1 -216300 140
261 373 m2 392756 0.011939357 0.5 p-1 -863397 191
880 374 m2 393594 1.3466336e-05 0.5 p-1 -48391 6
662 376 m2 397462 0.0228050873 0.5 p-1 -313605 27
512 379 m2 399307 0.0104934433 0.5 p-1 -10502 17
487 382 m2 400670 -0.0183801632 0.5 p-1 -263171 31
816 383 m2 401378 0.00174722669 0.5 p-1 -1337 7
942 388 m2 406549 0.0171784088 0.5 p-1 -16077 3
720 389 m2 407670 0.0207008775 0.5 p-1 -750489 5
60 390 m2 407753 0.00134089764 0.5 p-1 -3307171 1221
838 391 m2 408104 -0.0232908484 0.5 p-1 -56407 7
835 393 m2 410103 -0.00126964226 0.5 p-1 -42296 8
607 394 m2 410903 -0.00826306269 0.5 p-1 -125719 17
61 397 m2 413340 -0.0130104022 0.5 p-1 -66012 74
226 398 m2 413403 0.00337931653 0.5 p-1 -1276515 715
364 400 m2 415520 0.000164149606 0.5 p-1 -155919 74
565 401 m2 416653 0.000460197625 0.5 p-1 -672590 108
414 402 m2 418352 0.0188034587 0.5 p-1 -116933 91
470 403 m2 418604 -0.000811746868 0.5 p-1 -24293 45
227 404 m2 419080 -0.00389749417 0.5 p-1 -1453816 368
947 405 m2 419987 -0.029021414 0.5 p-1 -173588 1
513 408 m2 430414 -0.000990826986 0.5 p-1 -1413292 180
170 409 m2 431621 -0.000136254384 0.5 p-1 -6977541 322
715 410 m2 432897 0.00750885252 0.5 p-1 -1446563 22
515 411 m2 436617 4.08251992e-07 0.5 p-1 -242830 62
608 412 m2 437873 -0.000223378636 0.5 p-1 -44833 31
65 413 m2 438331 0.0191594958 0.5 p-1 -85428 75
584 414 m2 438381 -0.0129978601 0.5 p-1 -22681 16
496 415 m2 438523 -0.00129487854 0.5 p-1 -138372 79
598 416 m2 439585 0.000503074029 0.5 p-1 -1038300 95
924 417 m2 439973 -0.0116956271 0.5 p-1 -58825 2
172 418 m2 442829 -0.0124219675 0.5 p-1 -2624941 493
444 420 m2 447811 -0.0189819299 0.5 p-1 -927241 235
609 421 m2 450426 0.00896577258 0.5 p-1 -67423 58
552 422 m2 451044 -3.80637721e-05 0.5 p-1 -127452 52
303 423 m2 452255 2.74941613e-05 0.5 p-1 -2984665 312
676 424 m2 453329 0.0437704585 0.5 p-1 -355643 59
735 426 m2 455806 0.000633746269 0.5 p-1 -75782 20
670 427 m2 458337 4.5988906e-09 0.5 p-1 -491421 36
66 428 m2 459359 -0.0270289797 0.5 p-1 -3256977 1810
173 430 m2 461822 -0.00724821212 0.5 p-1 -2425821 435
802 432 m2 463170 0.00412501441 0.5 p-1 -382777 9
697 433 m2 465038 0.0054208925 0.5 p-1 -49421 48
67 435 m2 465420 -0.0242811646 0.5 p-1 -1761060 1798
686 437 m2 468050 -5.29997706e-05 0.5 p-1 -24240 8
174 438 m2 469154 0.057031326 0.5 p-1 -161827 83
228 441 m2 470237 -0.00225866633 0.5 p-1 -4511527 472
68 442 m2 470300 -0.00578032294 0.5 p-1 -3151093 693
69 443 m2 470534 -0.0399419107 0.5 p-1 -266902 204
70 444 m2 470908 0.092285648 0.5 p-1 -1700477 202
663 447 m2 474680 0.0263436288 0.5 p-1 -638 7
341 448 m2 474716 0.0124069294 0.5 p-1 -251416 109
801 449 m2 478883 0.00336553552 0.5 p-1 -12249 10
71 450 m2 480452 0.0208507534 0.5 p-1 -6829841 1419
229 451 m2 481867 -0.0265835151 0.5 p-1 -3662443 995
72 453 m2 483073 -1.63304253e-06 0.5 p-1 -230718 49
666 454 m2 483250 0.000433654001 0.5 p-1 -65756 2
73 456 m2 488262 0.0179942753 0.5 p-1 -3421864 1583
365 457 m2 489863 0.0218505021 0.5 p-1 -844634 877
472 460 m2 491668 0.00233774795 0.5 p-1 -63121 48
366 461 m2 494694 -0.00724331336 0.5 p-1 -54668 47
74 462 m2 495334 0.000252813916 0.5 p-1 -1054809 123
932 463 m2 495485 -0.00858822837 0.5 p-1 -100 1
415 464 m2 496016 4.01713078e-05 0.5 p-1 -88981 107
642 466 m2 496812 0.00346389506 0.5 p-1 -2031944 31
75 467 m2 496840 0.000198444468 0.5 p-1 -3509341 1969
305 468 m2 497736 0.0458887294 0.5 p-1 -812249 97
456 469 m2 499647 0.000212692248 0.5 p-1 -173378 149
805 471 m2 499920 0.00447421288 0.5 p-1 -9313 4
824 472 m2 500229 0.000108229891 0.5 p-1 -9287 4
76 473 m2 503312 -0.00126682315 0.5 p-1 -2381886 1521
367 474 m2 503674 -0.0080655301 0.5 p-1 -14347 22
601 475 m2 505007 -3.25442966e-06 0.5 p-1 -296410 65
762 476 m2 507062 0.000465931778 0.5 p-1 -23417 17
388 477 m2 508427 -0.00011962853 0.5 p-1 -1004740 218
262 480 m2 509536 -0.00052212656 0.5 p-1 -1114365 410
342 482 m2 513383 -0.0185303129 0.5 p-1 -156635 33
492 484 m2 514370 0.000326370937 0.5 p-1 -269800 25
628 488 m2 515304 -0.00666274549 0.5 p-1 -2385024 111
324 489 m2 516334 1.53683668e-05 0.5 p-1 -91760 295
618 490 m2 519432 0.00127601984 0.5 p-1 -156086 21
230 491 m2 519711 -0.0214302298 0.5 p-1 -533827 330
263 492 m2 520276 -0.00609888881 0.5 p-1 -11535 29
176 493 m2 520457 0.0233902726 0.5 p-1 -1149640 501
652 494 m2 521846 0.000492386986 0.5 p-1 -49162 4
264 495 m2 522384 -0.00662560761 0.5 p-1 -1925014 697
780 496 m2 522460 -0.000172558037 0.5 p-1 -15087 10
823 497 m2 523677 -1.66002337e-05 0.5 p-1 -1450600 28
525 499 m2 525074 -0.0118630752 0.5 p-1 -60360 96
265 501 m2 528384 0.0170648862 0.5 p-1 -1863877 510
828 502 m2 528651 0.0091086328 0.5 p-1 -68478 12
700 503 m2 529086 -0.000943873078 0.5 p-1 -2302551 11
266 505 m2 529757 -3.61830425e-05 0.5 p-1 -304123 246
369 506 m2 530126 -1.0044042e-05 0.5 p-1 -1641296 323
267 507 m2 532611 0.0134829162 0.5 p-1 -1626592 258
791 508 m2 533331 0.00036081014 0.5 p-1 -13253 4
306 509 m2 533920 4.93446714e-05 0.5 p-1 -725598 231
923 510 m2 539195 0.000249848963 0.5 p-1 -11832 1
756 512 m2 539644 0.00210192427 0.5 p-1 -113846 25
898 515 m2 541021 0.0351744518 0.5 p-1 -66591 13
177 516 m2 541194 -2.60029628e-05 0.5 p-1 -1745906 968
906 517 m2 542430 0.00208450807 0.5 p-1 -15391 1
78 518 m2 542592 0.000920110964 0.5 p-1 -2896965 1289
389 520 m2 543344 4.81993254e-07 0.5 p-1 -1697510 380
79 521 m2 544057 -6.54263131e-05 0.5 p-1 -9430907 381
307 522 m2 544205 0.000416584691 0.5 p-1 -4204161 358
370 524 m2 545315 -0.00844345614 0.5 p-1 -51767 31
371 525 m2 545398 0.0030311069 0.5 p-1 -1245638 118
80 527 m2 546643 5.95949859e-05 0.5 p-1 -1170513 235
505 528 m2 546947 0.00371795497 0.5 p-1 -225373 79
629 529 m2 549759 0.020041436 0.5 p-1 -291197 43
566 532 m2 552209 5.41770751e-05 0.5 p-1 -175485 34
935 533 m2 552657 -0.00211809971 0.5 p-1 -10429 1
178 534 m2 553944 -4.78201036e-05 0.5 p-1 -892634 254
372 537 m2 557800 0.00131352956 0.5 p-1 -2431504 124
81 538 m2 559344 0.0112913167 0.5 p-1 -7192301 1458
269 540 m2 559865 -7.10777458e-05 0.5 p-1 -365506 251
179 541 m2 560027 6.65426205e-06 0.5 p-1 -4773371 1334
855 543 m2 561162 -0.000161798409 0.5 p-1 -126977 1
497 544 m2 563801 -0.00155636144 0.5 p-1 -150280 142
844 547 m2 565746 -0.00788598973 0.5 p-1 -4612 5
233 548 m2 566040 1.28710394e-06 0.5 p-1 -1506361 415
83 550 m2 566613 2.95576683e-05 0.5 p-1 -7951810 1752
572 551 m2 568491 -0.00128102896 0.5 p-1 -51131 18
180 552 m2 569921 0.000774007698 0.5 p-1 -1759565 1292
567 553 m2 570820 4.09450642e-08 0.5 p-1 -651607 4
346 554 m2 573720 -0.00938951317 0.5 p-1 -91547 61
405 555 m2 574952 -0.00708917808 0.5 p-1 -106657 128
726 556 m2 575248 2.22530289e-05 0.5 p-1 -6465 4
84 557 m2 576532 0.000280563923 0.5 p-1 -3038258 645
85 559 m2 576909 -0.00519754319 0.5 p-1 -1163676 798
770 563 m2 583590 0.00159927807 0.5 p-1 -28608 10
427 567 m2 585952 0.0150686018 0.5 p-1 -173348 111
733 570 m2 588588 -1.04538071e-06 0.5 p-1 -1057743 16
722 572 m2 591751 -0.00523560029 0.5 p-1 -32774 28
86 573 m2 593599 -0.00707698241 0.5 p-1 -1257995 535
87 575 m2 599315 -0.00410773978 0.5 p-1 -1141704 344
622 577 m2 600428 -0.0010218306 0.5 p-1 -56043 40
630 578 m2 600559 -1.54297704e-05 0.5 p-1 -2899 25
88 579 m2 603438 -5.15819784e-06 0.5 p-1 -1126591 858
89 582 m2 604369 -1.67398861e-09 0.5 p-1 -3942833 505
90 583 m2 605647 -0.00193611439 0.5 p-1 -2662810 1743
91 584 m2 605847 9.7157681e-08 0.5 p-1 -530201 122
271 586 m2 609596 -4.68367123e-10 0.5 p-1 -346327 418
92 588 m2 613327 -0.00765424455 0.5 p-1 -4436829 926
614 589 m2 613356 -0.000290005468 0.5 p-1 -402947 15
870 591 m2 617626 -0.00333782984 0.5 p-1 -6389 3
326 592 m2 617756 -0.000156274356 0.5 p-1 -1710 12
93 593 m2 618132 -0.00296905893 0.5 p-1 -8214383 1683
681 594 m2 619400 -0.0421954505 0.5 p-1 -56628 23
327 595 m2 619849 -0.019916568 0.5 p-1 -666291 545
553 597 m2 624559 0.000143003694 0.5 p-1 -73456 35
554 599 m2 627834 0.000914142583 0.5 p-1 -83051 36
95 602 m2 628276 -0.0341329388 0.5 p-1 -8262894 1591
234 604 m2 632040 0.000354535587 0.5 p-1 -1942168 574
918 606 m2 634941 0.0515673049 0.5 p-1 -246 7
921 609 m2 637135 -0.00362875452 0.5 p-1 -23225 5
707 610 m2 637991 0.00868494064 0.5 p-1 -1152 3
373 612 m2 638647 -0.020813942 0.5 p-1 -737567 129
659 613 m2 638729 0.0012577048 0.5 p-1 -21256 5
682 615 m2 640103 -0.0265656617 0.5 p-1 -28408 9
181 616 m2 640503 0.00178201566 0.5 p-1 -1448048 464
182 617 m2 640781 1.04443309e-07 0.5 p-1 -6348738 1181
98 618 m2 640933 0.0467551351 0.5 p-1 -5771614 1652
99 619 m2 641767 -0.0091886837 0.5 p-1 -2289010 1510
865 621 m2 642599 2.72921682e-07 0.5 p-1 -197992 6
329 622 m2 645219 -0.00732501131 0.5 p-1 -301937 29
891 623 m2 646369 -0.000557106512 0.5 p-1 -32553 4
457 624 m2 646479 2.00258619e-05 0.5 p-1 -429688 124
438 625 m2 648067 -0.00229478604 0.5 p-1 -188572 36
446 626 m2 649065 -0.0502193384 0.5 p-1 -61411 12
893 627 m2 649293 0.00147516595 0.5 p-1 -6262 4
727 629 m2 649345 0.000792732462 0.5 p-1 -69283 11
523 633 m2 653463 -0.000718894706 0.5 p-1 -52491 3
184 634 m2 654618 -0.000494922162 0.5 p-1 -742930 240
236 635 m2 654935 -0.0211215541 0.5 p-1 -4668382 836
237 636 m2 656141 0.00390347349 0.5 p-1 -1775374 790
374 637 m2 656800 1.02937679e-06 0.5 p-1 -1624295 195
839 639 m2 660468 0.0509819649 0.5 p-1 -55894 9
100 642 m2 661345 0.000276079547 0.5 p-1 -1631243 272
698 644 m2 665206 -1.88047397e-05 0.5 p-1 -67393 18
687 645 m2 666959 0.0422285497 0.5 p-1 -41076 29
186 648 m2 669538 -0.0111716613 0.5 p-1 -732361 99
788 650 m2 677256 0.0210260376 0.5 p-1 -249306 12
803 651 m2 677311 0.00237888983 0.5 p-1 -29615 8
846 652 m2 678431 -0.00967628602 0.5 p-1 -474899 11
187 653 m2 678894 1.93740707e-05 0.5 p-1 -6312897 1047
188 654 m2 680240 -0.0250930469 0.5 p-1 -392521 294
692 655 m2 680770 -0.00156975258 0.5 p-1 -1836607 82
524 656 m2 682180 0.0133458972 0.5 p-1 -153159 110
836 657 m2 682967 -0.0019324614 0.5 p-1 -30526 3
631 658 m2 683889 1.40571592e-06 0.5 p-1 -279248 32
562 664 m2 687516 0.0116677079 0.5 p-1 -694504 54
930 665 m2 688403 -0.016267065 0.5 p-1 -1906 4
901 666 m2 690015 -0.00154298963 0.5 p-1 -27386 1
858 667 m2 690695 0.038022574 0.5 p-1 -45984 4
348 668 m2 693473 3.64326697e-05 0.5 p-1 -4486280 601
568 669 m2 695103 0.0342869796 0.5 p-1 -221607 135
272 671 m2 695390 -0.0135274064 0.5 p-1 -11104626 612
576 672 m2 695629 -0.0468397886 0.5 p-1 -160033 38
390 674 m2 697467 -0.0396121182 0.5 p-1 -196946 77
956 676 m2 701127 0.0188568719 0.5 p-1 -13381 1
558 677 m2 701308 0.000200165174 0.5 p-1 -115141 29
273 679 m2 702906 -0.000451615517 0.5 p-1 -5023432 953
416 681 m2 703828 -1.51726772e-06 0.5 p-1 -133901 13
862 683 m2 705796 -0.103966296 0.5 p-1 -4441 1
944 685 m2 707892 0.00547308289 0.5 p-1 -10577 1
238 686 m2 709481 0.00986170117 0.5 p-1 -3935873 618
949 687 m2 710588 0.0136390794 0.5 p-1 -9114 3
239 688 m2 711392 0.000964233594 0.5 p-1 -1157355 1019
458 690 m2 712948 -0.000583995774 0.5 p-1 -319774 140
101 691 m2 714091 0.00808637775 0.5 p-1 -8022084 1790
330 692 m2 718129 0.0247128196 0.5 p-1 -1188805 208
488 694 m2 721349 -0.00450715842 0.5 p-1 -4379689 226
489 695 m2 722578 -0.000738305622 0.5 p-1 -520892 100
476 696 m2 723261 0.000190611987 0.5 p-1 -391944 97
643 697 m2 723834 3.39041217e-09 0.5 p-1 -285665 31
602 698 m2 724031 -0.00425077369 0.5 p-1 -473970 19
190 699 m2 724451 -0.0418340638 0.5 p-1 -421004 59
104 700 m2 725278 -0.000341991312 0.5 p-1 -4711882 290
106 701 m2 727878 -0.000244177587 0.5 p-1 -1481577 896
309 702 m2 727931 0.0719712153 0.5 p-1 -2773324 305
275 705 m2 729471 -6.51956507e-05 0.5 p-1 -1144284 512
639 706 m2 729564 0.003802252 0.5 p-1 -283788 65
753 709 m2 730693 0.0108861402 0.5 p-1 -28011 3
694 710 m2 731187 -0.00691362051 0.5 p-1 -11200 8
240 711 m2 731427 -0.00293906289 0.5 p-1 -38381 36
439 712 m2 732603 -1.98794908e-07 0.5 p-1 -172142 94
603 713 m2 733779 5.60566223e-05 0.5 p-1 -260659 63
915 715 m2 735727 -0.00290145306 0.5 p-1 -121250 3
785 716 m2 736038 0.00994836539 0.5 p-1 -6333 16
108 719 m2 738642 -0.0177562647 0.5 p-1 -4555444 384
477 720 m2 738879 -6.52884555e-05 0.5 p-1 -3847711 256
763 721 m2 739219 0.0158553887 0.5 p-1 -66004 9
109 722 m2 740737 -6.01187785e-05 0.5 p-1 -5116625 1838
909 723 m2 740976 0.000468891114 0.5 p-1 -14654 1
494 724 m2 741223 -0.0165199675 0.5 p-1 -196088 67
478 725 m2 742053 -0.0048453263 0.5 p-1 -363576 113
276 726 m2 742476 9.7671915e-09 0.5 p-1 -2052567 468
863 728 m2 743009 -0.000999826705 0.5 p-1 -395251 2
582 729 m2 743714 0.00102290115 0.5 p-1 -41095 7
110 730 m2 743889 -0.00268483581 0.5 p-1 -1269553 739
192 731 m2 745391 5.64562652e-05 0.5 p-1 -2895932 990
193 733 m2 747487 0.000812527898 0.5 p-1 -798700 358
559 734 m2 748824 -0.00894268509 0.5 p-1 -680089 36
911 735 m2 749808 -0.00160445925 0.5 p-1 -12349 2
111 736 m2 749940 6.37133581e-08 0.5 p-1 -6152355 1575
112 737 m2 750605 -0.000182490025 0.5 p-1 -2348686 467
194 738 m2 751436 0.00127815129 0.5 p-1 -4997494 473
195 739 m2 751472 0.0220219176 0.5 p-1 -4577932 356
196 740 m2 751777 -0.00978808384 0.5 p-1 -2887191 750
277 743 m2 755669 0.000107633336 0.5 p-1 -31261 18
242 745 m2 756600 0.000559688779 0.5 p-1 -533759 134
459 748 m2 759501 -1.35420241e-05 0.5 p-1 -7260193 60
113 751 m2 760848 -0.0167377405 0.5 p-1 -3054731 1846
197 752 m2 761859 -0.012881442 0.5 p-1 -2304920 108
660 754 m2 762837 0.00367697468 0.5 p-1 -442453 28
114 755 m2 762840 0.0164361019 0.5 p-1 -4624374 835
198 758 m2 764816 0.000146900536 0.5 p-1 -256768 84
914 759 m2 765942 0.00215246389 0.5 p-1 -3236 2
499 763 m2 767982 0.00067749602 0.5 p-1 -217910 73
695 764 m2 768836 -0.00166917476 0.5 p-1 -489197 8
706 765 m2 770294 0.00382739818 0.5 p-1 -2530 9
533 766 m2 770344 -0.000535166881 0.5 p-1 -461478 151
448 767 m2 770701 -0.00826862734 0.5 p-1 -212732 11
116 769 m2 771315 -0.00068545586 0.5 p-1 -291269 369
349 770 m2 772669 1.64042967e-06 0.5 p-1 -50208 37
583 771 m2 773355 0.000143825542 0.5 p-1 -1407950 97
929 772 m2 774049 0.0561411716 0.5 p-1 -88996 2
428 773 m2 774111 0.0196008384 0.5 p-1 -98422 45
757 774 m2 774493 -0.00598486932 0.5 p-1 -70033 3
626 776 m2 775153 -0.00948719587 0.5 p-1 -553774 6
200 778 m2 778463 0.108485639 0.5 p-1 -135723 177
544 779 m2 778501 0.000303456356 0.5 p-1 -1045 15
278 781 m2 783823 -0.00255253655 0.5 p-1 -543290 345
877 782 m2 783921 -0.00627761567 0.5 p-1 -14319 3
201 783 m2 784179 -0.0351620018 0.5 p-1 -239271 85
243 784 m2 792737 -0.000158520852 0.5 p-1 -2048530 734
534 785 m2 794006 -0.0445655733 0.5 p-1 -24726 6
202 786 m2 794192 9.41804103e-07 0.5 p-1 -1382169 922
718 787 m2 795037 -1.74761481e-05 0.5 p-1 -3307 13
789 788 m2 796916 -0.00661902782 0.5 p-1 -73890 24
311 789 m2 797860 0.0983862802 0.5 p-1 -1072659 37
393 790 m2 799524 0.0175337326 0.5 p-1 -1952245 382
671 793 m2 800242 7.32799754e-06 0.5 p-1 -137096 47
117 795 m2 802288 -0.0360546485 0.5 p-1 -772626 162
912 796 m2 803034 0.000156879643 0.5 p-1 -17828 2
430 797 m2 803359 -3.64523294e-06 0.5 p-1 -561927 158
896 798 m2 804483 -5.08299024e-07 0.5 p-1 -353 4
449 799 m2 805447 -1.1896891e-05 0.5 p-1 -19849 7
203 800 m2 805487 0.000171822219 0.5 p-1 -374918 175
244 801 m2 805936 0.0151943043 0.5 p-1 -299046 103
407 802 m2 805960 -0.00254599773 0.5 p-1 -548450 63
797 803 m2 806478 -0.00405433122 0.5 p-1 -22464 17
804 804 m2 807365 -0.0248773862 0.5 p-1 -566579 8
473 805 m2 807897 0.0666253939 0.5 p-1 -1404856 82
881 807 m2 808944 7.00330784e-05 0.5 p-1 -394330 1
655 808 m2 811305 -3.93256386e-07 0.5 p-1 -113873 31
604 809 m2 813882 0.0152647849 0.5 p-1 -84531 11
696 810 m2 815146 0.000362620398 0.5 p-1 -73622 6
118 811 m2 815703 7.18969068e-06 0.5 p-1 -3075893 355
750 812 m2 817167 0.00170039106 0.5 p-1 -11912 4
536 813 m2 817227 -5.86167371e-05 0.5 p-1 -102055 39
204 814 m2 820734 -0.00106750964 0.5 p-1 -6743 30
120 815 m2 821836 0.00180066214 0.5 p-1 -3402906 913
826 816 m2 826897 -0.0421794578 0.5 p-1 -14557 8
245 817 m2 827338 -0.000498951413 0.5 p-1 -1186359 431
246 818 m2 828206 5.80834183e-07 0.5 p-1 -376144 220
507 819 m2 828448 -0.0130137661 0.5 p-1 -956067 165
882 821 m2 829897 0.000167033591 0.5 p-1 -60516 4
313 822 m2 830174 -0.032024011 0.5 p-1 -2242036 763
314 823 m2 831213 0.0425222665 0.5 p-1 -1051999 507
560 826 m2 834262 -0.00121649588 0.5 p-1 -516179 126
510 827 m2 834277 -0.000705254846 0.5 p-1 -5484 10
247 828 m2 836057 -1.99537444e-05 0.5 p-1 -2450072 812
517 829 m2 836359 2.68897429e-06 0.5 p-1 -42818 19
122 831 m2 837178 0.00792334601 0.5 p-1 -1315665 369
460 832 m2 837249 0.013825885 0.5 p-1 -32138 47
556 834 m2 837337 6.05493187e-06 0.5 p-1 -149223 120
123 835 m2 837845 0.000527725904 0.5 p-1 -8098656 889
636 836 m2 839512 0.0173488129 0.5 p-1 -17615 21
395 837 m2 839640 0.00858117919 0.5 p-1 -729582 246
703 839 m2 840380 -0.0428453796 0.5 p-1 -13111 14
279 840 m2 841569 0.00286909915 0.5 p-1 -148055 157
408 841 m2 841720 -0.00407837471 0.5 p-1 -74019 86
482 843 m2 843989 -0.0544229709 0.5 p-1 -121106 95
124 844 m2 844041 0.00062966533 0.5 p-1 -1354483 226
125 846 m2 845476 0.000191635729 0.5 p-1 -2320162 1683
126 848 m2 847414 1.72712225e-05 0.5 p-1 -6091874 1724
350 849 m2 849080 -0.00781025644 0.5 p-1 -1813292 209
291 850 m2 849081 9.71135887e-05 0.5 p-1 -13148 24
673 851 m2 849629 0.000283470319 0.5 p-1 -17088 38
249 855 m2 852013 0.000930215872 0.5 p-1 -1064317 590
624 857 m2 857691 -0.00307870377 0.5 p-1 -93779 61
728 858 m2 859196 -0.000191758314 0.5 p-1 -19982 14
418 859 m2 859789 6.74325929e-05 0.5 p-1 -5137450 102
917 860 m2 863472 -8.98420785e-06 0.5 p-1 -16596 3
419 861 m2 865034 0.00104057894 0.5 p-1 -108176 55
545 862 m2 865431 0.0110280924 0.5 p-1 -341953 104
847 863 m2 866269 -0.00955461245 0.5 p-1 -2812 11
351 864 m2 867292 0.0230204277 0.5 p-1 -213699 117
352 868 m2 869528 0.0159843154 0.5 p-1 -310145 187
875 871 m2 876171 6.27804475e-05 0.5 p-1 -105701 1
886 872 m2 877714 1.27630728e-05 0.5 p-1 -19723 17
129 873 m2 877744 0.0011800041 0.5 p-1 -3606765 314
205 874 m2 879199 -0.00471645873 0.5 p-1 -825723 294
315 876 m2 880438 0.0304677114 0.5 p-1 -733657 246
280 877 m2 881725 -0.0276487432 0.5 p-1 -630451 354
316 878 m2 882934 -0.000342270796 0.5 p-1 -1152786 156
637 879 m2 885335 -0.00180646044 0.5 p-1 -29984 48
206 880 m2 886471 0.000967013068 0.5 p-1 -248794 247
409 881 m2 888496 -0.0205877032 0.5 p-1 -831916 217
742 883 m2 889545 -0.000463931821 0.5 p-1 -30206 7
501 884 m2 889858 -0.051918298 0.5 p-1 -300785 57
586 887 m2 891240 4.56213966e-05 0.5 p-1 -678669 64
462 888 m2 892988 0.00201863586 0.5 p-1 -132296 42
951 889 m2 893772 9.20776273e-08 0.5 p-1 -4218 1
740 890 m2 894743 -0.000396572374 0.5 p-1 -283431 21
463 891 m2 895113 -0.000614397461 0.5 p-1 -1527547 230
396 893 m2 895408 -0.00664985087 0.5 p-1 -3099 12
317 894 m2 896154 0.000766488491 0.5 p-1 -818707 235
207 895 m2 897149 -0.0318581462 0.5 p-1 -844145 944
431 896 m2 900112 6.35637036e-07 0.5 p-1 -1385161 135
954 897 m2 900181 -3.11600779e-05 0.5 p-1 -131414 1
594 899 m2 902920 -0.00183100381 0.5 p-1 -118556 90
250 900 m2 903423 -0.000573706347 0.5 p-1 -1257400 561
711 902 m2 904548 -0.00750722084 0.5 p-1 -43246 45
474 905 m2 909664 0.00270631956 0.5 p-1 -175077 47
677 908 m2 912223 0.000563724549 0.5 p-1 -202957 23
131 909 m2 914311 -1.44338073e-05 0.5 p-1 -1939798 640
689 910 m2 914362 0.000487806887 0.5 p-1 -21779 17
771 911 m2 914942 -0.00141708809 0.5 p-1 -161329 12
869 912 m2 916698 0.00132542744 0.5 p-1 -2970 10
920 915 m2 920201 0.00178450707 0.5 p-1 -6336 1
281 916 m2 922214 0.00723737152 0.5 p-1 -5592870 261
537 918 m2 924663 0.074965179 0.5 p-1 -46340 19
640 919 m2 925543 -0.00117777579 0.5 p-1 -18090 25
569 922 m2 930853 0.00932572782 0.5 p-1 -72116 88
410 923 m2 933731 5.8347021e-05 0.5 p-1 -322862 95
432 924 m2 934244 0.0134467287 0.5 p-1 -289528 66
685 926 m2 936772 0.0184382237 0.5 p-1 -36783 7
132 927 m2 937021 0.0343830809 0.5 p-1 -8345109 833
209 928 m2 938088 0.0118180811 0.5 p-1 -893532 499
527 931 m2 942259 -0.000340520026 0.5 p-1 -253693 84
899 932 m2 942526 -0.0068564075 0.5 p-1 -804 5
283 933 m2 942594 -0.000276429579 0.5 p-1 -1978198 652
133 934 m2 943057 0.00103812339 0.5 p-1 -4823949 1745
210 935 m2 943560 0.0201419946 0.5 p-1 -3453586 892
511 938 m2 947620 -5.62172572e-05 0.5 p-1 -11460 12
859 940 m2 949916 -0.00731457677 0.5 p-1 -9909 1
528 941 m2 949969 2.59463086e-05 0.5 p-1 -43032 36
577 942 m2 950093 -0.000252363243 0.5 p-1 -543421 127
546 946 m2 954684 0.00709039671 0.5 p-1 -243015 79
134 947 m2 955162 -0.00711756526 0.5 p-1 -752326 344
627 948 m2 956892 0.00375434104 0.5 p-1 -8910 2
518 949 m2 957918 0.00228299759 0.5 p-1 -542463 97
135 951 m2 959011 0.00881417189 0.5 p-1 -3206969 1170
503 952 m2 959319 0.000525960582 0.5 p-1 -74749 132
331 953 m2 959356 0.00359025947 0.5 p-1 -410882 547
648 954 m2 959401 0.0214911047 0.5 p-1 -72826 13
719 955 m2 961220 0.00976905506 0.5 p-1 -76716 14
332 956 m2 965126 -0.000624185486 0.5 p-1 -529185 224
732 958 m2 965391 -0.0916773528 0.5 p-1 -93512 16
814 959 m2 968356 1.82869262e-05 0.5 p-1 -1365751 7
736 960 m2 968715 -0.000295287027 0.5 p-1 -214942 27
815 961 m2 969774 -0.0260592233 0.5 p-1 -164764 7
961 962 m2 969993 1.10108786e-05 0.5 p-1 -929642 1
840 963 m2 970426 -0.0310869273 0.5 p-1 -4401 5
547 964 m2 971527 -0.00629193382 0.5 p-1 -86632 41
483 965 m2 971578 0.0974180698 0.5 p-1 -129379 65
765 967 m2 975764 -0.00291705737 0.5 p-1 -605 6
743 968 m2 979856 0.0137322005 0.5 p-1 -65420 16
251 969 m2 981173 -0.000825286028 0.5 p-1 -1050677 378
136 971 m2 985418 0.000181003255 0.5 p-1 -1455446 878
867 972 m2 987860 -0.00705652917 0.5 p-1 -62137 1
751 973 m2 988028 0.0124388346 0.5 p-1 -6308 17
212 975 m2 990019 -0.000943881809 0.5 p-1 -6962693 508
729 976 m2 991009 3.22726166e-08 0.5 p-1 -58684 3
633 977 m2 991079 0.00763781229 0.5 p-1 -278655 5
137 979 m2 992767 0.00638918113 0.5 p-1 -6112950 896
843 981 m2 993875 -0.0136353783 0.5 p-1 -69038 7
661 985 m2 997565 -0.00699726446 0.5 p-1 -78461 24
334 986 m2 997917 -3.64128391e-06 0.5 p-1 -88731 68
354 987 m2 998586 0.011211602 0.5 p-1 -3581777 64
948 992 m2 654386 0.00103931327 0.5 p0 2 2
255 995 m2 225046 0.000834599545 0.5 p0 2 17
910 1001 m2 102830 0.047269173 0.5 p0 2 1
853 1003 m2 531661 -0.00286353752 0.5 p0 2 3
871 1005 m2 519044 -0.000335488818 0.5 p0 2 1
959 1006 m2 656007 0.000826008618 0.5 p0 2 1
781 1011 m2 80364 -4.37267954e-05 0.5 p0 2 6
895 1017 m2 398032 1.02976228e-05 0.5 p0 2 1
831 1018 m2 605506 -0.00344299735 0.5 p0 2 13
941 1020 m2 162570 0.0349767655 0.5 p0 2 2
927 1023 m2 532909 -0.000427386549 0.5 p0 2 1
897 1027 m2 329313 9.83967257e-05 0.5 p0 2 1
817 1028 m2 727528 -2.65530052e-05 0.5 p0 2 6
945 1034 m2 854181 0.00363445352 0.5 p0 2 1
872 1037 m2 763823 0.000304681103 0.5 p0 2 1
883 1040 m2 301955 -0.00675473921 0.5 p0 2 1
850 1043 m2 105798 -0.000537248619 0.5 p0 2 4
819 1046 m2 742527 -0.0310269892 0.5 p0 2 6
813 1051 m2 895390 -0.040007621 0.5 p0 2 3
675 1055 m2 142597 -6.39837453e-05 0.5 p0 2 3
845 1056 m2 837745 -0.0123047363 0.5 p0 2 1
684 1062 m2 312883 -0.0384231471 0.5 p0 2 9
903 1068 m2 335115 -0.00100852794 0.5 p0 2 3
907 1070 m2 563052 0.000103736915 0.5 p0 2 1
832 1071 m2 969518 6.86314408e-11 0.5 p0 2 1
625 1075 m2 184159 1.0089816e-06 0.5 p0 2 5
885 1083 m2 456049 -6.0853381e-06 0.5 p0 2 1
934 1086 m2 315286 -2.41742214e-06 0.5 p0 2 3
701 1095 m2 531369 0.000249582605 0.5 p0 2 3
916 1098 m2 618180 0.0352835096 0.5 p0 2 3
777 1099 m2 3902 0.000192332198 0.5 p0 2 4
879 1101 m2 16783 -0.00789161678 0.5 p0 2 6
952 1102 m2 375377 0.000301888998 0.5 p0 2 2
925 1117 m2 918258 -0.00641791103 0.5 p0 2 1
856 1122 m2 974873 0.000157559887 0.5 p0 2 1
960 1138 m2 987409 -0.00981758814 0.5 p0 2 1
619 1144 m2 682354 -0.018827226 0.5 p0 2 14
955 1150 m2 173344 0.0783874169 0.5 p0 2 1
876 1157 m2 891690 -0.000260378496 0.5 p0 2 1
953 1158 m2 310195 2.54757629e-06 0.5 p0 2 2
841 1165 m2 180000 -0.000504256983 0.5 p0 2 3
581 1168 m2 734645 -0.00903917942 0.5 p0 2 1
793 1172 m2 513134 0.000301762688 0.5 p0 2 7
214 1180 m1 961 0 0.5 p-1 -4279749 1290
587 1181 m1 1198 0 0.5 p-1 -553438 38
1 1185 m1 12507 0 0.5 p-1 -7310688 1953
335 1188 m1 20866 -0 0.5 p-1 -145730 267
4 1190 m1 24032 0 0.5 p-1 -5301584 1457
141 1191 m1 28330 -0 0.5 p-1 -4409389 520
574 1192 m1 29069 0 0.5 p-1 -2116785 193
479 1193 m1 30106 -0 0.5 p-1 -7849 8
794 1194 m1 31508 0 0.5 p-1 -5414 3
495 1195 m1 32554 -0 0.5 p-1 -161170 109
529 1196 m1 35378 -0 0.5 p-1 -464649 87
7 1197 m1 38817 -0 0.5 p-1 -707867 305
530 1198 m1 40059 -0 0.5 p-1 -200556 46
10 1199 m1 47189 -0 0.5 p-1 -3384023 1172
358 1200 m1 48713 0 0.5 p-1 -911938 249
649 1202 m1 56333 0 0.5 p-1 -2709584 35
654 1203 m1 56979 -0 0.5 p-1 -307092 14
708 1206 m1 63395 -0 0.5 p-1 -34922 12
12 1207 m1 64474 0 0.5 p-1 -1260666 246
14 1209 m1 67791 -0 0.5 p-1 -93212 57
337 1210 m1 75979 -0 0.5 p-1 -133397 133
641 1211 m1 76900 -0 0.5 p-1 -197762 38
294 1214 m1 89611 0 0.5 p-1 -2461047 219
17 1215 m1 89975 0 0.5 p-1 -1435674 1298
571 1216 m1 93326 -0 0.5 p-1 -702806 146
811 1218 m1 99723 0 0.5 p-1 -83183 31
588 1219 m1 101331 0 0.5 p-1 -138181 16
22 1220 m1 103333 -0 0.5 p-1 -3763992 1642
778 1222 m1 111134 0 0.5 p-1 -263753 19
958 1224 m1 112460 -0 0.5 p-1 -7191 1
702 1225 m1 113314 0 0.5 p-1 -4811 9
600 1226 m1 113907 -0 0.5 p-1 -334316 257
25 1228 m1 117759 -0 0.5 p-1 -11591052 1161
144 1229 m1 117905 -0 0.5 p-1 -168001 96
285 1230 m1 118204 0 0.5 p-1 -4973642 771
296 1232 m1 125330 -0 0.5 p-1 -35067 75
27 1233 m1 125467 0 0.5 p-1 -823382 778
532 1236 m1 126643 -0 0.5 p-1 -2807903 24
413 1237 m1 126935 0 0.5 p-1 -70189 5
737 1238 m1 130047 0 0.5 p-1 -203366 60
360 1239 m1 132855 0 0.5 p-1 -1357720 80
287 1240 m1 133152 0 0.5 p-1 -326691 222
148 1242 m1 139991 0 0.5 p-1 -3690761 380
149 1244 m1 147009 -0 0.5 p-1 -1410374 261
320 1246 m1 153938 -0 0.5 p-1 -284717 135
830 1248 m1 154128 0 0.5 p-1 -1532 1
894 1251 m1 155735 -0 0.5 p-1 -7445 1
321 1252 m1 161788 0 0.5 p-1 -191524 144
32 1255 m1 181094 -0 0.5 p-1 -57794 33
33 1256 m1 182736 0 0.5 p-1 -4831374 815
519 1257 m1 191189 0 0.5 p-1 -2576198 61
154 1259 m1 196216 -0 0.5 p-1 -2802901 50
222 1262 m1 207142 0 0.5 p-1 -1057854 1055
779 1265 m1 210128 -0 0.5 p-1 -83326 16
764 1267 m1 217797 -0 0.5 p-1 -126137 23
155 1268 m1 220829 0 0.5 p-1 -720016 69
381 1269 m1 223047 0 0.5 p-1 -193584 17
738 1270 m1 223639 0 0.5 p-1 -151763 16
299 1272 m1 236695 0 0.5 p-1 -6138717 187
423 1277 m1 251523 0 0.5 p-1 -52274 38
289 1278 m1 258992 0 0.5 p-1 -648494 185
39 1279 m1 260480 0 0.5 p-1 -2208997 439
469 1282 m1 272400 0 0.5 p-1 -342755 56
486 1283 m1 283973 -0 0.5 p-1 -160887 79
161 1284 m1 287706 0 0.5 p-1 -2582344 789
290 1285 m1 287938 0 0.5 p-1 -1632864 118
435 1286 m1 292275 -0 0.5 p-1 -25323 14
621 1287 m1 293373 0 0.5 p-1 -46921 82
579 1288 m1 294647 -0 0.5 p-1 -121215 126
520 1289 m1 299682 0 0.5 p-1 -258781 76
946 1290 m1 305571 -0 0.5 p-1 -19898 1
163 1291 m1 313709 -0 0.5 p-1 -2305648 362
645 1292 m1 322258 -0 0.5 p-1 -96218 27
51 1295 m1 332139 -0 0.5 p-1 -1752247 1356
443 1296 m1 332456 -0 0.5 p-1 -1421899 272
52 1297 m1 335509 0 0.5 p-1 -6338236 1436
165 1298 m1 338427 0 0.5 p-1 -5217586 1491
691 1300 m1 340363 0 0.5 p-1 -361431 60
54 1301 m1 342599 -0 0.5 p-1 -4674636 903
167 1303 m1 353698 0 0.5 p-1 -1390380 277
904 1306 m1 362802 0 0.5 p-1 -414963 3
57 1307 m1 363518 0 0.5 p-1 -762966 321
678 1308 m1 363736 0 0.5 p-1 -527418 19
436 1309 m1 364870 0 0.5 p-1 -386718 279
725 1311 m1 369788 0 0.5 p-1 -95949 29
541 1312 m1 372554 0 0.5 p-1 -2027070 70
890 1314 m1 376977 0 0.5 p-1 -63231 3
787 1315 m1 377799 -0 0.5 p-1 -11558 9
59 1317 m1 385372 0 0.5 p-1 -4702057 1993
168 1318 m1 385626 -0 0.5 p-1 -117012 111
403 1319 m1 386784 0 0.5 p-1 -33098 31
616 1320 m1 387702 0 0.5 p-1 -139486 45
617 1322 m1 397300 -0 0.5 p-1 -154462 108
657 1323 m1 400979 -0 0.5 p-1 -1799957 40
169 1324 m1 401420 -0 0.5 p-1 -2169951 1685
62 1327 m1 415245 0 0.5 p-1 -184097 136
504 1328 m1 420774 -0 0.5 p-1 -133262 59
471 1330 m1 430097 0 0.5 p-1 -153980 76
514 1331 m1 430892 0 0.5 p-1 -623333 108
878 1332 m1 433051 -0 0.5 p-1 -31389 4
63 1333 m1 434396 0 0.5 p-1 -1229291 559
623 1334 m1 435190 0 0.5 p-1 -19519 15
64 1335 m1 435371 0 0.5 p-1 -235285 231
171 1336 m1 440659 -0 0.5 p-1 -7457259 853
710 1338 m1 449337 0 0.5 p-1 -432162 11
651 1339 m1 449826 0 0.5 p-1 -7707 1
445 1342 m1 455928 -0 0.5 p-1 -77190 23
940 1343 m1 459723 -0 0.5 p-1 -88988 2
304 1344 m1 462060 -0 0.5 p-1 -3283653 454
913 1345 m1 468485 0 0.5 p-1 -28472 1
731 1347 m1 474949 -0 0.5 p-1 -1031796 19
646 1348 m1 475370 0 0.5 p-1 -217563 13
752 1349 m1 483803 0 0.5 p-1 -1004661 12
796 1350 m1 484397 0 0.5 p-1 -249167 9
387 1355 m1 498036 0 0.5 p-1 -427512 297
368 1356 m1 508350 -0 0.5 p-1 -915336 710
343 1359 m1 513881 0 0.5 p-1 -2440390 227
892 1360 m1 514171 -0 0.5 p-1 -1500 2
344 1361 m1 516966 -0 0.5 p-1 -1338612 671
175 1362 m1 519286 -0 0.5 p-1 -3456574 1322
404 1365 m1 525383 -0 0.5 p-1 -154386 137
77 1366 m1 525917 -0 0.5 p-1 -488271 129
926 1367 m1 526428 0 0.5 p-1 -18617 1
231 1368 m1 528768 0 0.5 p-1 -701570 653
647 1370 m1 534295 0 0.5 p-1 -539118 40
232 1372 m1 537645 0 0.5 p-1 -1363582 301
938 1374 m1 545284 -0 0.5 p-1 -40152 1
596 1375 m1 546533 0 0.5 p-1 -250978 133
522 1376 m1 546721 0 0.5 p-1 -4387 15
268 1377 m1 547602 -0 0.5 p-1 -2764623 936
345 1380 m1 552038 -0 0.5 p-1 -855830 138
82 1381 m1 562089 -0 0.5 p-1 -3928034 915
542 1382 m1 563017 -0 0.5 p-1 -1169099 54
543 1384 m1 565225 -0 0.5 p-1 -102742 56
905 1385 m1 569888 -0 0.5 p-1 -1631 1
270 1387 m1 575799 -0 0.5 p-1 -3740379 992
739 1389 m1 586515 0 0.5 p-1 -39309 10
437 1390 m1 595920 0 0.5 p-1 -474775 292
493 1391 m1 596610 -0 0.5 p-1 -652303 189
325 1393 m1 598309 0 0.5 p-1 -1478445 256
943 1396 m1 615975 -0 0.5 p-1 -28006 4
734 1398 m1 618636 -0 0.5 p-1 -281175 8
94 1399 m1 619002 0 0.5 p-1 -4741850 425
328 1400 m1 619938 -0 0.5 p-1 -2242837 1033
516 1401 m1 623587 0 0.5 p-1 -1961539 291
585 1402 m1 633138 0 0.5 p-1 -1268007 41
235 1403 m1 635238 0 0.5 p-1 -3691865 646
96 1405 m1 637970 0 0.5 p-1 -872200 332
97 1406 m1 640670 0 0.5 p-1 -5188403 1323
183 1407 m1 643410 -0 0.5 p-1 -1313886 629
717 1408 m1 645018 0 0.5 p-1 -174777 12
347 1409 m1 646007 -0 0.5 p-1 -4451287 661
610 1410 m1 650021 0 0.5 p-1 -6044 7
593 1411 m1 660141 -0 0.5 p-1 -8006807 69
375 1412 m1 663279 0 0.5 p-1 -581013 141
185 1413 m1 666769 -0 0.5 p-1 -1179683 1215
699 1414 m1 668628 0 0.5 p-1 -45819 6
874 1416 m1 674199 -0 0.5 p-1 -84816 2
693 1417 m1 684534 0 0.5 p-1 -43964 13
189 1418 m1 688855 0 0.5 p-1 -2425765 1114
506 1420 m1 700426 0 0.5 p-1 -787192 116
563 1421 m1 703685 0 0.5 p-1 -161029 46
308 1423 m1 709908 0 0.5 p-1 -117016 77
274 1424 m1 713155 -0 0.5 p-1 -384244 428
102 1425 m1 719171 0 0.5 p-1 -1731584 1261
103 1427 m1 725267 0 0.5 p-1 -282622 240
105 1428 m1 726076 -0 0.5 p-1 -2649928 1374
107 1431 m1 729423 0 0.5 p-1 -5992447 708
406 1432 m1 730728 -0 0.5 p-1 -86106 77
908 1434 m1 731289 -0 0.5 p-1 -6924 2
191 1437 m1 739935 0 0.5 p-1 -15606785 896
555 1439 m1 744072 -0 0.5 p-1 -251017 100
769 1440 m1 744686 -0 0.5 p-1 -111722 13
498 1441 m1 745708 0 0.5 p-1 -63674 66
391 1442 m1 750024 -0 0.5 p-1 -443481 113
768 1443 m1 755519 0 0.5 p-1 -9700 12
241 1444 m1 755564 0 0.5 p-1 -1974195 155
447 1445 m1 764211 -0 0.5 p-1 -228904 85
115 1446 m1 765771 0 0.5 p-1 -2510737 1440
199 1448 m1 773702 0 0.5 p-1 -5615777 252
573 1449 m1 775160 0 0.5 p-1 -35003 30
392 1450 m1 777852 -0 0.5 p-1 -334144 121
849 1451 m1 777904 -0 0.5 p-1 -1010354 2
429 1452 m1 780472 0 0.5 p-1 -109745 11
526 1453 m1 786834 0 0.5 p-1 -317209 11
644 1454 m1 788670 0 0.5 p-1 -279335 25
417 1456 m1 791063 0 0.5 p-1 -1162341 310
310 1457 m1 793929 -0 0.5 p-1 -701663 101
535 1463 m1 809062 0 0.5 p-1 -55695 72
312 1466 m1 814266 0 0.5 p-1 -501654 98
690 1467 m1 817204 -0 0.5 p-1 -19094 9
599 1469 m1 820725 -0 0.5 p-1 -3251190 255
119 1470 m1 821299 -0 0.5 p-1 -5528158 1773
549 1471 m1 821541 -0 0.5 p-1 -212523 9
500 1472 m1 823979 0 0.5 p-1 -78856 65
508 1474 m1 829531 -0 0.5 p-1 -204498 23
509 1475 m1 830442 -0 0.5 p-1 -2213530 34
121 1476 m1 834949 0 0.5 p-1 -1995206 390
248 1477 m1 836262 -0 0.5 p-1 -1829839 1193
394 1478 m1 839165 0 0.5 p-1 -261547 37
557 1481 m1 848366 -0 0.5 p-1 -2858187 49
950 1482 m1 851906 -0 0.5 p-1 -8077 1
776 1484 m1 859675 -0 0.5 p-1 -45490 18
127 1486 m1 870169 0 0.5 p-1 -1963375 787
376 1488 m1 872819 0 0.5 p-1 -1170555 536
842 1489 m1 873165 0 0.5 p-1 -17353 18
128 1490 m1 874376 0 0.5 p-1 -4038060 857
667 1491 m1 878236 0 0.5 p-1 -14408 13
888 1493 m1 885331 0 0.5 p-1 -138858 15
130 1494 m1 887739 0 0.5 p-1 -1714514 1361
754 1496 m1 888986 -0 0.5 p-1 -21755 7
461 1498 m1 889388 0 0.5 p-1 -390768 190
502 1499 m1 890089 0 0.5 p-1 -159360 57
208 1503 m1 905580 0 0.5 p-1 -1174403 498
704 1505 m1 925063 0 0.5 p-1 -153269 82
282 1506 m1 935731 0 0.5 p-1 -355647 192
450 1507 m1 936072 -0 0.5 p-1 -41625 69
433 1508 m1 949414 0 0.5 p-1 -369495 93
884 1510 m1 956621 0 0.5 p-1 -27225 5
714 1511 m1 961286 -0 0.5 p-1 -17941 9
333 1512 m1 967930 0 0.5 p-1 -2062661 290
615 1513 m1 967932 -0 0.5 p-1 -46910 5
632 1515 m1 972453 -0 0.5 p-1 -5203 2
464 1517 m1 976809 -0 0.5 p-1 -97361 18
211 1519 m1 988360 0 0.5 p-1 -2857295 1457
377 1520 m1 991900 -0 0.5 p-1 -328557 293
745 1521 m1 992073 0 0.5 p-1 -43506 21
213 1522 m1 992166 -0 0.5 p-1 -7233245 1115
353 1523 m1 995830 0 0.5 p-1 -197198 380
