Temp_ID Permanent_ID Mutation_type Position s h Subpop Tick Number
212 0 m2 1296 0.00410431717 0.5 p-1 -10758 4
115 2 m2 6913 -0.000538579363 0.5 p-1 -506716 149
239 3 m2 14211 -1.41674027e-05 0.5 p-1 -61449 8
62 5 m2 17936 0.00309966016 0.5 p-1 -1532103 283
177 7 m2 23515 -0.000832611753 0.5 p-1 -1101825 60
121 8 m2 24554 -0.000397511234 0.5 p-1 -264421 198
84 9 m2 24965 -9.29452472e-06 0.5 p-1 -373386 378
1 10 m2 30994 1.31076722e-05 0.5 p-1 -2752878 881
200 11 m2 33493 -3.45395274e-05 0.5 p-1 -96269 39
63 12 m2 35314 0.0017831634 0.5 p-1 -4749574 578
2 13 m2 38646 0.00503093563 0.5 p-1 -4204705 1574
122 14 m2 41271 1.29299888e-05 0.5 p-1 -910847 239
267 15 m2 50576 0.0365427546 0.5 p-1 -33995 1
46 16 m2 57934 -5.24576135e-05 0.5 p-1 -2866817 671
47 18 m2 62079 0.000967309577 0.5 p-1 -705332 236
64 19 m2 62407 0.0228420291 0.5 p-1 -1802684 490
93 20 m2 64283 -0.00454090163 0.5 p-1 -433139 331
279 23 m2 73162 0.0044281166 0.5 p-1 -36699 3
233 24 m2 75739 0.00812341087 0.5 p-1 -24017 17
222 25 m2 78271 1.96756929e-07 0.5 p-1 -30779 6
223 26 m2 81961 -1.51362485e-06 0.5 p-1 -1656465 28
94 28 m2 94363 1.95290359e-05 0.5 p-1 -202314 38
163 29 m2 94722 0.00615581451 0.5 p-1 -259046 82
166 30 m2 95099 0.0156757534 0.5 p-1 -119526 190
262 31 m2 102028 0.000336493889 0.5 p-1 -1790209 6
134 32 m2 105633 9.28623413e-05 0.5 p-1 -3410265 169
107 33 m2 110999 0.015508824 0.5 p-1 -334470 110
198 34 m2 113706 -0.00307974592 0.5 p-1 -566661 18
226 35 m2 116271 -0.0848873556 0.5 p-1 -295819 55
182 36 m2 116610 -0.000395109382 0.5 p-1 -83089 28
227 38 m2 124392 0.0024997252 0.5 p-1 -23938 35
229 40 m2 126496 -0.00286943885 0.5 p-1 -5659 19
65 41 m2 129887 0.000143723548 0.5 p-1 -257042 427
154 42 m2 131290 -0.00955377333 0.5 p-1 -9580 32
272 43 m2 132605 0.0065370379 0.5 p-1 -57048 1
123 45 m2 139123 -0.00469938572 0.5 p-1 -666333 243
108 49 m2 165253 -2.66212965e-07 0.5 p-1 -1904388 370
195 50 m2 167241 -3.04840596e-05 0.5 p-1 -26874 11
109 51 m2 181787 -0.00845829677 0.5 p-1 -37234 28
6 52 m2 181971 0.00351120229 0.5 p-1 -7086173 115
48 53 m2 185281 0.0326960161 0.5 p-1 -604041 531
7 54 m2 187465 -4.56931703e-05 0.5 p-1 -1150248 662
238 55 m2 188907 0.000277136889 0.5 p-1 -40787 4
49 58 m2 192717 -0.00046838331 0.5 p-1 -345270 496
50 60 m2 200645 -0.0304459054 0.5 p-1 -3393264 1208
174 62 m2 201118 -0.0048558847 0.5 p-1 -45804 30
203 64 m2 217835 -3.39335202e-05 0.5 p-1 -43825 24
8 65 m2 223687 -0.00191150222 0.5 p-1 -6460484 885
104 67 m2 236543 -0.000641635503 0.5 p-1 -66210 86
66 68 m2 236947 0.00704585155 0.5 p-1 -209909 171
191 69 m2 241442 -7.462746e-05 0.5 p-1 -28483 24
141 71 m2 254566 0.00480054412 0.5 p-1 -122826 21
289 72 m2 259983 0.00403396972 0.5 p-1 -48159 1
215 73 m2 265089 0.0112631181 0.5 p-1 -32183 3
142 74 m2 275670 -0.00942932907 0.5 p-1 -930948 45
11 76 m2 284295 0.000330324547 0.5 p-1 -15007610 1797
225 77 m2 284504 0.0148053886 0.5 p-1 -84603 40
256 78 m2 288464 0.0238886941 0.5 p-1 -12643 1
242 79 m2 293113 0.00305140694 0.5 p-1 -3316 9
51 81 m2 297849 0.00299596065 0.5 p-1 -3069924 173
294 82 m2 311861 -1.70251803e-06 0.5 p-1 -5835 1
151 83 m2 312740 7.73319971e-06 0.5 p-1 -72745 15
12 84 m2 314109 -0.00300863851 0.5 p-1 -2737121 616
194 85 m2 316927 -1.95837742e-06 0.5 p-1 -3457743 76
286 86 m2 320788 -0.0137160402 0.5 p-1 -12247 1
264 88 m2 322607 -0.00430292822 0.5 p-1 -11503 6
218 89 m2 328959 0.00310123223 0.5 p-1 -243938 33
299 90 m2 341292 7.38528479e-06 0.5 p-1 -21064 1
281 91 m2 343587 -0.0115324445 0.5 p-1 -11840 5
276 92 m2 346096 0.000185316399 0.5 p-1 -110314 8
117 94 m2 355367 -0.0111552142 0.5 p-1 -213056 213
199 98 m2 359579 -0.0069429297 0.5 p-1 -1509 6
73 100 m2 369106 1.64112078e-06 0.5 p-1 -1312894 295
164 102 m2 372738 -0.0103120739 0.5 p-1 -39226 38
74 103 m2 373350 -0.0078989761 0.5 p-1 -1255676 788
274 104 m2 373585 -0.00532567268 0.5 p-1 -903931 1
105 106 m2 376470 0.0138796568 0.5 p-1 -10900136 534
14 107 m2 379267 2.78398293e-05 0.5 p-1 -4747576 1820
188 108 m2 382864 0.00477273343 0.5 p-1 -36848 9
160 109 m2 391724 -0.00298709492 0.5 p-1 -4523717 78
15 110 m2 394922 0.0609410144 0.5 p-1 -925082 561
189 111 m2 399436 2.02509409e-06 0.5 p-1 -857694 15
167 112 m2 401613 -0.00965042878 0.5 p-1 -339869 56
282 113 m2 401973 0.0114759402 0.5 p-1 -7737 6
75 114 m2 404264 1.08909189e-05 0.5 p-1 -5147986 616
17 115 m2 407150 -8.51931982e-05 0.5 p-1 -583863 652
171 116 m2 413636 0.017137412 0.5 p-1 -61180 35
143 118 m2 418103 -8.42837253e-05 0.5 p-1 -1326805 84
296 120 m2 424961 -8.44335591e-05 0.5 p-1 -110525 1
85 121 m2 425145 0.0328423157 0.5 p-1 -3870014 345
168 122 m2 425617 0.0100423098 0.5 p-1 -60896 5
113 124 m2 432407 -0.036261335 0.5 p-1 -1366028 63
275 125 m2 435799 0.0207617618 0.5 p-1 -10129 5
20 126 m2 443048 -0.0274490807 0.5 p-1 -4784503 792
285 132 m2 459297 0.00018622198 0.5 p-1 -2018 7
219 133 m2 463587 0.000840797729 0.5 p-1 -158015 36
220 134 m2 464352 -9.35283566e-08 0.5 p-1 -92709 36
86 135 m2 464827 0.00809391495 0.5 p-1 -981331 407
240 136 m2 476182 -0.0203361381 0.5 p-1 -7454 1
208 137 m2 477328 0.000301168824 0.5 p-1 -263423 12
21 138 m2 481750 0.00470033009 0.5 p-1 -3678004 1454
136 140 m2 484176 0.00321559189 0.5 p-1 -773090 34
260 142 m2 489247 0.00524235563 0.5 p-1 -20490 6
53 145 m2 501505 -0.0120759802 0.5 p-1 -1451296 448
258 148 m2 509121 0.00471791113 0.5 p-1 -100190 2
270 149 m2 509899 -0.000894970959 0.5 p-1 -85968 10
99 150 m2 510506 0.0458789021 0.5 p-1 -972078 297
54 152 m2 516130 -0.000998166506 0.5 p-1 -1139216 958
250 155 m2 538895 0.00889126584 0.5 p-1 -250853 3
236 156 m2 542451 -0.000403533515 0.5 p-1 -262333 11
23 157 m2 544113 -0.00697456067 0.5 p-1 -372049 517
237 158 m2 544635 -0.00138377829 0.5 p-1 -23038 3
24 160 m2 549432 -0.000965903979 0.5 p-1 -6365010 1931
179 161 m2 549476 -0.0023016606 0.5 p-1 -78151 41
152 162 m2 552565 0.00680485321 0.5 p-1 -200546 138
234 163 m2 561585 0.00267467275 0.5 p-1 -38090 3
137 165 m2 569595 -0.0738856047 0.5 p-1 -109303 129
55 167 m2 572099 -0.00918765552 0.5 p-1 -2530954 752
161 169 m2 576577 -0.00523033179 0.5 p-1 -35812 28
206 172 m2 578911 0.00189980213 0.5 p-1 -7627 1
249 173 m2 579360 0.0441640466 0.5 p-1 -5142 15
25 174 m2 589080 0.00304059195 0.5 p-1 -2136325 1606
100 175 m2 594405 -0.00138184475 0.5 p-1 -5889574 495
77 177 m2 600127 -0.011168927 0.5 p-1 -905507 452
128 178 m2 602361 -0.00127396872 0.5 p-1 -407256 271
56 179 m2 609879 3.42286732e-08 0.5 p-1 -12051571 108
87 181 m2 617410 -0.020581685 0.5 p-1 -105348 32
265 183 m2 619414 -0.0282225646 0.5 p-1 -32164 6
88 184 m2 620244 -0.0124300756 0.5 p-1 -729788 626
101 185 m2 624015 0.00323904608 0.5 p-1 -727956 279
57 187 m2 640775 0.00172070577 0.5 p-1 -6936442 1022
26 188 m2 645492 0.000100472469 0.5 p-1 -1412936 445
184 189 m2 646806 -0.000430893648 0.5 p-1 -110270 10
58 190 m2 654417 -0.0010637095 0.5 p-1 -10984170 339
27 191 m2 665153 0.0204211567 0.5 p-1 -2828245 506
190 192 m2 667900 -2.61374538e-07 0.5 p-1 -45681 73
228 193 m2 668951 -0.00864218362 0.5 p-1 -36021 27
129 195 m2 672550 0.00297451741 0.5 p-1 -70873 12
59 196 m2 675917 0.00545074837 0.5 p-1 -2573282 516
130 197 m2 677286 -0.00415947614 0.5 p-1 -124193 38
28 198 m2 682358 0.000831480371 0.5 p-1 -8098920 1886
172 200 m2 688989 0.00907919928 0.5 p-1 -411491 67
246 201 m2 693849 -0.000985020772 0.5 p-1 -3245 4
78 203 m2 694822 0.0104611926 0.5 p-1 -2275893 525
176 206 m2 717024 0.00346889789 0.5 p-1 -1411086 52
30 207 m2 717880 0.00135638029 0.5 p-1 -5138231 1952
269 208 m2 720145 0.0130964806 0.5 p-1 -31648 5
131 209 m2 721727 -0.0151674636 0.5 p-1 -75143 18
124 210 m2 724168 -0.000319039013 0.5 p-1 -201401 113
216 211 m2 724808 -0.00489769457 0.5 p-1 -7966 5
110 212 m2 727329 -0.00130167243 0.5 p-1 -22888 54
31 213 m2 735619 0.0148067353 0.5 p-1 -4983971 1895
132 214 m2 736109 0.00754158804 0.5 p-1 -201111 17
244 215 m2 737111 0.0034388944 0.5 p-1 -1373 3
165 216 m2 742976 0.000135414579 0.5 p-1 -1580813 79
169 217 m2 754399 -1.27516546e-06 0.5 p-1 -1489056 45
140 218 m2 757382 0.00172588986 0.5 p-1 -64219 82
245 219 m2 766879 0.0060266247 0.5 p-1 -22249 20
102 221 m2 770266 0.00104518444 0.5 p-1 -205345 134
33 222 m2 787722 -0.0068753059 0.5 p-1 -7392973 1316
79 223 m2 788185 4.66520178e-05 0.5 p-1 -931841 430
248 224 m2 790376 0.000879859435 0.5 p-1 -184415 16
257 225 m2 792412 -0.00187945995 0.5 p-1 -14962 10
111 227 m2 799260 6.60691658e-05 0.5 p-1 -7047659 382
34 228 m2 800188 -0.000600133731 0.5 p-1 -7382949 1842
35 229 m2 801379 -0.00303547108 0.5 p-1 -4238421 626
232 230 m2 805306 0.00157996675 0.5 p-1 -7181 2
119 231 m2 807198 3.44182627e-05 0.5 p-1 -1224295 74
230 232 m2 812288 -7.81699327e-06 0.5 p-1 -60285 11
36 233 m2 813208 -0.0012364696 0.5 p-1 -3653593 1242
69 234 m2 822679 6.32945448e-05 0.5 p-1 -138050 129
193 236 m2 826070 0.00605163351 0.5 p-1 -94281 29
90 237 m2 829836 0.0110538304 0.5 p-1 -273907 93
221 240 m2 837079 -0.00763612753 0.5 p-1 -31908 36
125 241 m2 839633 -2.18265109e-06 0.5 p-1 -222237 181
103 243 m2 860816 0.000260206667 0.5 p-1 -7243683 681
149 244 m2 861817 0.000348498696 0.5 p-1 -219768 18
181 245 m2 862138 -0.000540438632 0.5 p-1 -1967126 68
80 246 m2 868901 -0.000500371447 0.5 p-1 -864127 362
266 247 m2 872327 0.000171267602 0.5 p-1 -963 6
196 248 m2 875716 0.0491329692 0.5 p-1 -289350 59
37 250 m2 878077 -0.00822797138 0.5 p-1 -3975448 1734
60 251 m2 888639 0.00144361658 0.5 p-1 -9547817 1262
207 252 m2 888966 -0.0629698262 0.5 p-1 -2466 12
91 254 m2 890837 -9.53977069e-05 0.5 p-1 -1230248 216
157 255 m2 890886 0.0098719988 0.5 p-1 -15523787 298
178 256 m2 892620 -0.000255446619 0.5 p-1 -13770 15
120 257 m2 892860 -0.00146906055 0.5 p-1 -203603 124
40 260 m2 913513 0.0160976965 0.5 p-1 -2339795 1613
81 261 m2 913862 -7.14101698e-05 0.5 p-1 -2325443 168
41 262 m2 914174 -0.0100236284 0.5 p-1 -1219249 767
263 264 m2 916051 -0.00786272436 0.5 p-1 -53358 3
133 265 m2 917088 -0.0418378524 0.5 p-1 -724889 88
70 267 m2 930235 0.00169120892 0.5 p-1 -29305 27
42 268 m2 932362 -0.0122098001 0.5 p-1 -4599966 1472
247 271 m2 952740 -0.00459708646 0.5 p-1 -2209 4
138 273 m2 961762 -0.00231503625 0.5 p-1 -893984 88
61 274 m2 966349 0.0502936877 0.5 p-1 -445080 530
44 275 m2 966571 -0.0012119168 0.5 p-1 -274704 334
45 276 m2 967891 -0.0319132358 0.5 p-1 -1208876 734
112 277 m2 974862 8.31054131e-05 0.5 p-1 -32290 9
186 278 m2 975208 -0.0015971039 0.5 p-1 -158654 35
187 279 m2 976478 -0.0188141111 0.5 p-1 -263308 26
280 280 m2 981111 5.40862175e-07 0.5 p-1 -17703 2
92 281 m2 986754 6.98204967e-05 0.5 p-1 -972330 733
300 282 m2 987518 0.00106537156 0.5 p-1 -21549 1
254 284 m2 992362 -7.26805069e-07 0.5 p-1 -8130 9
82 286 m2 994693 -0.0306838993 0.5 p-1 -298013 120
170 287 m2 995221 -0.000233934596 0.5 p-1 -345 13
146 288 m2 999906 0.001287197 0.5 p-1 -2048858 59
173 290 m2 84657 0.0044933795 0.5 p0 2 7
144 292 m2 603351 0.00424278108 0.5 p0 2 4
271 295 m2 656373 -3.52157053e-06 0.5 p0 2 2
156 296 m2 382844 -0.0480138808 0.5 p0 2 7
297 304 m2 897491 0.0149771785 0.5 p0 2 1
185 306 m2 881862 0.0132420063 0.5 p0 2 4
261 317 m2 598744 0.0279204305 0.5 p0 2 3
253 319 m2 3167 0.00338604138 0.5 p0 2 8
243 326 m2 380793 0.000139995522 0.5 p0 2 9
298 329 m2 416566 6.69875808e-05 0.5 p0 2 1
287 330 m2 427208 -0.000997702358 0.5 p0 2 1
210 337 m2 276647 -0.0151167344 0.5 p0 2 5
241 345 m2 519606 0.00262216991 0.5 p0 2 4
288 348 m2 68884 0.0213731844 0.5 p0 2 4
147 350 m1 13163 -0 0.5 p-1 -60418 125
83 351 m1 23361 0 0.5 p-1 -332127 455
0 352 m1 26729 -0 0.5 p-1 -1953996 661
291 353 m1 35765 0 0.5 p-1 -1855 1
278 354 m1 39981 -0 0.5 p-1 -436 2
214 355 m1 51361 0 0.5 p-1 -580536 50
3 356 m1 53387 0 0.5 p-1 -14175805 1782
126 358 m1 59694 0 0.5 p-1 -1482685 100
159 360 m1 99459 -0 0.5 p-1 -182970 64
98 362 m1 106192 0 0.5 p-1 -96591 156
252 363 m1 122793 -0 0.5 p-1 -33387 37
211 364 m1 127346 0 0.5 p-1 -28105 7
4 365 m1 152347 0 0.5 p-1 -2690710 295
283 366 m1 153222 0 0.5 p-1 -3026 9
259 367 m1 155334 0 0.5 p-1 -2312 6
139 368 m1 171398 0 0.5 p-1 -1576672 423
5 370 m1 174557 0 0.5 p-1 -1945353 713
71 371 m1 196723 -0 0.5 p-1 -414299 60
9 372 m1 235319 0 0.5 p-1 -2000065 1535
150 373 m1 239387 -0 0.5 p-1 -1337276 111
72 374 m1 249483 0 0.5 p-1 -7148227 958
148 375 m1 251286 -0 0.5 p-1 -110112 97
202 376 m1 268763 0 0.5 p-1 -48462 10
10 377 m1 272783 -0 0.5 p-1 -4925340 653
255 378 m1 278914 -0 0.5 p-1 -216458 13
180 379 m1 287884 -0 0.5 p-1 -75867 24
162 380 m1 293053 0 0.5 p-1 -140291 56
95 381 m1 307336 0 0.5 p-1 -34740 6
116 382 m1 313565 -0 0.5 p-1 -7027189 279
13 383 m1 324284 0 0.5 p-1 -7169323 1705
135 384 m1 333879 -0 0.5 p-1 -99268 142
67 385 m1 349189 0 0.5 p-1 -768517 347
52 387 m1 361027 -0 0.5 p-1 -834884 442
235 389 m1 376947 -0 0.5 p-1 -22874 3
68 390 m1 382087 -0 0.5 p-1 -700515 443
16 392 m1 405721 -0 0.5 p-1 -3399019 616
18 393 m1 411508 -0 0.5 p-1 -2301824 1092
19 394 m1 417963 -0 0.5 p-1 -4732408 755
183 395 m1 429649 -0 0.5 p-1 -39930 5
251 396 m1 432897 0 0.5 p-1 -28638 7
284 397 m1 458322 0 0.5 p-1 -24789 5
201 398 m1 463208 -0 0.5 p-1 -76459 38
22 400 m1 501264 -0 0.5 p-1 -410570 166
114 401 m1 505487 0 0.5 p-1 -2088725 240
76 403 m1 524353 0 0.5 p-1 -244386 129
292 405 m1 525659 -0 0.5 p-1 -10603 2
127 407 m1 533772 -0 0.5 p-1 -332782 179
192 408 m1 534151 0 0.5 p-1 -201551 37
158 409 m1 557350 0 0.5 p-1 -8081 12
155 412 m1 601011 -0 0.5 p-1 -150429 61
224 413 m1 609064 0 0.5 p-1 -262058 14
205 414 m1 629453 0 0.5 p-1 -196502 14
295 415 m1 629496 0 0.5 p-1 -65509 1
96 417 m1 650710 0 0.5 p-1 -931422 112
153 418 m1 654035 -0 0.5 p-1 -107868 114
118 420 m1 667265 -0 0.5 p-1 -730837 95
273 421 m1 685611 -0 0.5 p-1 -10900 4
89 422 m1 686267 -0 0.5 p-1 -1901832 730
204 423 m1 689027 -0 0.5 p-1 -41075 49
29 424 m1 690157 0 0.5 p-1 -7083667 1664
293 425 m1 697718 0 0.5 p-1 -31019 3
268 429 m1 719376 -0 0.5 p-1 -15522 5
209 430 m1 740966 -0 0.5 p-1 -33543 39
175 431 m1 741783 0 0.5 p-1 -86636 28
217 432 m1 742752 -0 0.5 p-1 -71529 17
32 433 m1 745054 0 0.5 p-1 -4153584 1836
145 437 m1 831257 -0 0.5 p-1 -376004 127
213 440 m1 883857 -0 0.5 p-1 -53728 7
38 441 m1 888598 -0 0.5 p-1 -3865794 1274
39 442 m1 897494 -0 0.5 p-1 -1537994 393
277 443 m1 910660 -0 0.5 p-1 -151337 4
106 444 m1 931197 0 0.5 p-1 -4029712 179
231 445 m1 932044 0 0.5 p-1 -57252 6
290 446 m1 938626 -0 0.5 p-1 -319095 1
43 447 m1 941851 0 0.5 p-1 -1706934 1775
97 448 m1 954222 0 0.5 p-1 -4955777 233
197 449 m1 972199 -0 0.5 p-1 -1061164 105
