Temp_ID Permanent_ID Mutation_type Position s h Subpop Tick Number
219 0 m2 1026 0.0267882776 0.5 p-1 -577466 81
302 4 m2 3078 0.0130929863 0.5 p-1 -63629 16
407 5 m2 7081 -0.00626404956 0.5 p-1 -45946 14
285 6 m2 7581 0.000151116212 0.5 p-1 -8866 3
348 7 m2 11676 0.013936284 0.5 p-1 -50033 9
108 8 m2 13701 0.000205561519 0.5 p-1 -138259 20
163 9 m2 15370 0.00342208333 0.5 p-1 -5469681 541
329 10 m2 18249 -0.00886691082 0.5 p-1 -974436 17
411 12 m2 18963 0.000672417867 0.5 p-1 -67800 8
412 13 m2 20658 -0.0254479293 0.5 p-1 -75696 8
109 14 m2 21713 0.00309475372 0.5 p-1 -2609043 804
84 15 m2 24607 -8.18937281e-07 0.5 p-1 -1234657 244
361 16 m2 24812 -1.02067479e-05 0.5 p-1 -56128 17
138 17 m2 28747 0.00093379087 0.5 p-1 -38451 52
150 18 m2 29864 0.0619665869 0.5 p-1 -11501159 731
449 20 m2 35005 -0.000145474871 0.5 p-1 -2642 2
262 22 m2 36561 -0.000417669886 0.5 p-1 -528261 104
451 23 m2 39877 0.00129835831 0.5 p-1 -24652 3
259 26 m2 45352 -0.00728835678 0.5 p-1 -3344415 103
85 27 m2 45519 -0.00584799564 0.5 p-1 -88717 55
384 28 m2 50996 0.0152260568 0.5 p-1 -4568 13
221 29 m2 52068 0.000558783649 0.5 p-1 -84700 21
273 30 m2 55776 0.0490271039 0.5 p-1 -407118 112
388 31 m2 59746 -0.0456047505 0.5 p-1 -13808 3
313 32 m2 61659 0.0241131894 0.5 p-1 -82366 30
1 33 m2 62485 -7.0651372e-06 0.5 p-1 -3790783 620
222 35 m2 67663 -0.0160348266 0.5 p-1 -1184072 119
234 36 m2 69045 0.00440802425 0.5 p-1 -495047 72
380 37 m2 69672 -0.076480411 0.5 p-1 -120482 7
110 38 m2 72315 0.00470141089 0.5 p-1 -405957 83
215 39 m2 73813 0.000309950876 0.5 p-1 -7151949 166
2 40 m2 75093 -0.0014678142 0.5 p-1 -3085599 1256
408 41 m2 84234 -0.000742164731 0.5 p-1 -23140 9
314 42 m2 84767 -0.0202328581 0.5 p-1 -76220 61
289 43 m2 89073 0.00339853228 0.5 p-1 -36431 28
187 44 m2 90531 0.00532106869 0.5 p-1 -1310221 65
223 45 m2 91758 -0.0039920886 0.5 p-1 -2990959 60
276 47 m2 98711 -0.012341097 0.5 p-1 -391293 41
324 48 m2 102710 -0.0146904998 0.5 p-1 -33177 2
263 49 m2 103745 0.0199611671 0.5 p-1 -671762 53
415 50 m2 107436 0.00477558887 0.5 p-1 -30951 4
111 51 m2 109604 -0.185874879 0.5 p-1 -4735515 972
441 52 m2 110446 0.00207331497 0.5 p-1 -1791 1
336 53 m2 111310 0.0425309576 0.5 p-1 -7724 15
244 55 m2 121176 0.0100474842 0.5 p-1 -881969 137
172 56 m2 123232 -0.00252675824 0.5 p-1 -212987 87
295 57 m2 127363 0.00562045956 0.5 p-1 -241790 17
277 58 m2 127429 -0.000102981096 0.5 p-1 -820176 151
112 59 m2 130075 1.92096595e-05 0.5 p-1 -1238125 292
173 60 m2 130379 3.5395653e-05 0.5 p-1 -162525 41
4 62 m2 135482 -9.82149868e-05 0.5 p-1 -5161371 612
414 63 m2 141869 0.00909777172 0.5 p-1 -24843 1
153 64 m2 143733 -1.02239562e-06 0.5 p-1 -1051822 232
5 66 m2 150199 -0.00682498561 0.5 p-1 -4668357 234
280 67 m2 151132 -0.024536714 0.5 p-1 -2335 10
250 69 m2 153859 9.9960962e-05 0.5 p-1 -81595 111
193 71 m2 161213 7.32145636e-05 0.5 p-1 -890265 350
56 72 m2 161937 -0.0138561036 0.5 p-1 -1167922 469
373 73 m2 164744 0.00247459975 0.5 p-1 -5921 2
6 74 m2 165048 -6.41848601e-05 0.5 p-1 -4166898 1015
87 75 m2 167599 0.00153591449 0.5 p-1 -927367 477
88 77 m2 175771 -0.000367266766 0.5 p-1 -2850147 826
57 79 m2 177263 0.000228839097 0.5 p-1 -2687988 837
125 80 m2 177700 0.00489220861 0.5 p-1 -883450 77
359 81 m2 178972 -0.0156203005 0.5 p-1 -31241 11
346 82 m2 179411 0.00410408527 0.5 p-1 -11985 2
113 83 m2 181683 -0.00187762908 0.5 p-1 -427242 48
424 84 m2 182395 -0.00968698505 0.5 p-1 -4470 3
174 85 m2 189988 0.0213120263 0.5 p-1 -125016 24
7 87 m2 193392 -0.00880771689 0.5 p-1 -103883 104
245 88 m2 194994 0.0304680821 0.5 p-1 -1020702 311
225 90 m2 196475 0.00245252228 0.5 p-1 -1927346 67
8 92 m2 202218 -0.00544486055 0.5 p-1 -6042833 500
464 93 m2 204932 -0.0116312411 0.5 p-1 -62722 2
89 94 m2 206074 -0.00548890093 0.5 p-1 -2581925 417
58 95 m2 210282 0.00207688706 0.5 p-1 -477410 462
239 96 m2 214247 -0.0059128725 0.5 p-1 -42910 145
9 98 m2 215842 0.0128556732 0.5 p-1 -3021971 936
278 99 m2 217021 -1.39335934e-05 0.5 p-1 -2803 4
240 100 m2 221632 0.0681978315 0.5 p-1 -441330 165
368 101 m2 225787 2.18516021e-07 0.5 p-1 -45810 4
11 102 m2 230970 4.26966231e-08 0.5 p-1 -1423500 1154
12 103 m2 235319 -2.64792401e-08 0.5 p-1 -3284247 1808
420 104 m2 239529 0.029920632 0.5 p-1 -32091 4
13 105 m2 239943 0.00217175903 0.5 p-1 -2194490 1629
283 108 m2 243971 -0.0135961901 0.5 p-1 -100557 35
60 109 m2 246943 5.64705838e-10 0.5 p-1 -5796705 521
154 110 m2 248317 1.31730346e-07 0.5 p-1 -260782 94
269 111 m2 248426 0.00017605444 0.5 p-1 -10381 6
210 113 m2 251128 -0.00615718868 0.5 p-1 -4441902 158
14 115 m2 253912 0.0171418414 0.5 p-1 -4350064 564
369 116 m2 255453 -4.006573e-05 0.5 p-1 -1064 2
15 118 m2 264519 -4.62906144e-07 0.5 p-1 -1808067 289
274 119 m2 266331 -0.00172799826 0.5 p-1 -517658 40
16 121 m2 268261 0.00239949347 0.5 p-1 -2732249 1503
338 122 m2 272895 -0.00752124051 0.5 p-1 -250120 13
206 123 m2 276769 -2.14229101e-09 0.5 p-1 -597832 74
17 124 m2 284213 6.81105075e-06 0.5 p-1 -509569 391
453 125 m2 284917 0.0038935144 0.5 p-1 -4782 4
18 127 m2 293214 -0.00467450637 0.5 p-1 -934870 1219
450 128 m2 293815 -0.0103737861 0.5 p-1 -38463 4
19 129 m2 293896 -2.97000867e-07 0.5 p-1 -525751 531
235 130 m2 294099 0.00476902584 0.5 p-1 -684528 170
61 131 m2 294177 0.00165695511 0.5 p-1 -3169593 939
228 132 m2 296463 0.00408731587 0.5 p-1 -1784121 203
126 133 m2 301113 -0.0399625376 0.5 p-1 -735469 114
90 134 m2 304987 -0.00339656672 0.5 p-1 -3779791 863
114 135 m2 308659 0.0162698254 0.5 p-1 -45770 1
476 137 m2 321628 0.011954478 0.5 p-1 -9950 1
20 138 m2 322145 0.00480401004 0.5 p-1 -3850870 1600
139 140 m2 324909 -0.00161083764 0.5 p-1 -1477840 281
454 142 m2 330283 0.0127086574 0.5 p-1 -22374 5
207 143 m2 331780 -3.36921257e-05 0.5 p-1 -152075 86
202 144 m2 332766 -0.222393796 0.5 p-1 -4871236 542
211 146 m2 333466 8.68122498e-08 0.5 p-1 -206336 64
21 148 m2 334888 -0.000221335678 0.5 p-1 -1202322 250
279 149 m2 337662 -0.0574832335 0.5 p-1 -36387 11
256 150 m2 337683 0.00117285422 0.5 p-1 -63252 13
290 151 m2 338607 -0.00045435506 0.5 p-1 -16212 17
350 153 m2 340083 2.84600246e-05 0.5 p-1 -28603 11
328 154 m2 343560 -0.000839005981 0.5 p-1 -264564 24
212 156 m2 346875 -0.0116909919 0.5 p-1 -57488 23
165 158 m2 349733 -0.0112850415 0.5 p-1 -335194 24
341 159 m2 351212 -0.0113308961 0.5 p-1 -8222 15
91 160 m2 355206 -0.00179029244 0.5 p-1 -899320 214
181 161 m2 355294 -5.49435463e-05 0.5 p-1 -250158 57
398 163 m2 361819 6.5055603e-05 0.5 p-1 -24172 8
431 164 m2 363059 -0.00148257753 0.5 p-1 -1647 2
403 165 m2 373727 0.00150884676 0.5 p-1 -5424 1
297 166 m2 374456 0.00964559708 0.5 p-1 -13200 19
22 167 m2 374568 -0.00889163278 0.5 p-1 -198767 270
140 168 m2 378860 -1.71484971e-05 0.5 p-1 -341455 84
23 169 m2 383347 -0.000223595518 0.5 p-1 -14583673 1935
286 171 m2 398446 1.09630319e-05 0.5 p-1 -120401 45
377 172 m2 399863 -0.0225069318 0.5 p-1 -135633 3
323 174 m2 401787 -0.00144635944 0.5 p-1 -208014 46
236 175 m2 402276 -0.00429821992 0.5 p-1 -184159 83
213 176 m2 404737 0.00143990212 0.5 p-1 -1164549 129
94 177 m2 405646 -6.03322906e-06 0.5 p-1 -9477579 290
342 181 m2 416665 0.00201495155 0.5 p-1 -58451 20
347 182 m2 420004 -0.0646581724 0.5 p-1 -390958 18
166 184 m2 426879 -0.0576666035 0.5 p-1 -357479 165
397 186 m2 436767 -0.0249085091 0.5 p-1 -17386 8
167 187 m2 438691 -0.0154176923 0.5 p-1 -178732 102
25 188 m2 440003 6.29543848e-08 0.5 p-1 -339084 80
196 189 m2 440661 0.0029029334 0.5 p-1 -153341 165
322 191 m2 440819 -0.0239602234 0.5 p-1 -593165 16
308 193 m2 450174 0.00153912068 0.5 p-1 -21202 4
156 194 m2 453433 0.00587322609 0.5 p-1 -1894322 252
300 195 m2 453980 0.000161149641 0.5 p-1 -136337 43
231 196 m2 457414 -0.000296731567 0.5 p-1 -698897 212
175 198 m2 460213 0.00734480424 0.5 p-1 -677509 90
128 199 m2 462794 0.00333918305 0.5 p-1 -3424834 203
247 201 m2 465611 -0.000112349328 0.5 p-1 -37157 7
65 204 m2 471508 0.000605286623 0.5 p-1 -2696573 616
442 205 m2 472476 -0.0142031703 0.5 p-1 -1574 1
455 206 m2 472602 0.000376462587 0.5 p-1 -9607 1
229 207 m2 473068 2.58140767e-06 0.5 p-1 -12046 28
381 208 m2 474059 0.000227315148 0.5 p-1 -12981 1
168 209 m2 475112 0.00440160325 0.5 p-1 -4525535 283
422 212 m2 478245 -0.016649764 0.5 p-1 -5878 5
203 213 m2 479450 0.00808766671 0.5 p-1 -254932 112
95 214 m2 481156 0.00970999058 0.5 p-1 -805339 907
141 215 m2 488124 0.07632339 0.5 p-1 -192656 243
402 216 m2 490704 -0.024262609 0.5 p-1 -2704 13
116 217 m2 496615 1.76101312e-05 0.5 p-1 -25360 5
96 218 m2 510803 0.0138064139 0.5 p-1 -4800631 446
117 219 m2 513401 0.00572385173 0.5 p-1 -586571 13
27 221 m2 526261 0.0197173897 0.5 p-1 -3487526 1052
66 222 m2 531329 -0.198027939 0.5 p-1 -1065228 336
237 223 m2 535954 -0.0395817272 0.5 p-1 -130175 150
28 224 m2 536558 0.000601105625 0.5 p-1 -3525805 1632
97 226 m2 538696 -0.00346824387 0.5 p-1 -1082731 448
29 228 m2 542807 1.36901164e-07 0.5 p-1 -2749863 726
31 229 m2 544879 0.0165454615 0.5 p-1 -2078940 499
291 233 m2 551128 -0.0252346359 0.5 p-1 -1254386 28
301 235 m2 553173 0.00178847066 0.5 p-1 -208020 73
32 236 m2 553896 -0.0115249604 0.5 p-1 -5753 9
157 237 m2 557362 -0.0790014863 0.5 p-1 -775216 369
434 238 m2 562121 0.00347061339 0.5 p-1 -1366 2
67 241 m2 566475 0.0169254821 0.5 p-1 -4360001 213
472 243 m2 569987 0.0300703961 0.5 p-1 -1451 1
406 245 m2 571725 0.00068999338 0.5 p-1 -381 2
392 246 m2 579400 -0.0422390811 0.5 p-1 -40898 10
35 248 m2 583486 0.000636474579 0.5 p-1 -1815750 906
176 249 m2 587366 0.000818354078 0.5 p-1 -1320270 242
68 250 m2 592145 2.03972177e-05 0.5 p-1 -2448804 359
184 251 m2 592433 -0.00525876973 0.5 p-1 -1099043 133
69 252 m2 593466 -0.00167034834 0.5 p-1 -2556751 1200
364 253 m2 594136 -0.0455667116 0.5 p-1 -56926 5
444 254 m2 598219 -0.00282137329 0.5 p-1 -4285 6
70 256 m2 605998 -0.00205310923 0.5 p-1 -1698931 545
189 257 m2 608765 0.00321960426 0.5 p-1 -113664 139
158 258 m2 609183 -0.0124363126 0.5 p-1 -9060950 285
37 260 m2 611601 -0.000189237791 0.5 p-1 -277400 227
99 261 m2 613736 -1.86391658e-09 0.5 p-1 -6784386 548
296 262 m2 615088 -0.00473488541 0.5 p-1 -932877 59
38 263 m2 615645 0.00119092944 0.5 p-1 -3926903 289
316 264 m2 617966 -0.000226541713 0.5 p-1 -42515 54
129 265 m2 619606 -0.0136451684 0.5 p-1 -178800 101
354 266 m2 627231 0.000368489651 0.5 p-1 -3061 5
477 267 m2 627527 -0.00474146334 0.5 p-1 -109848 1
337 268 m2 632953 0.00152613397 0.5 p-1 -7731 1
480 269 m2 636237 -0.122140601 0.5 p-1 -136706 1
144 271 m2 637667 0.0165368803 0.5 p-1 -937528 265
253 273 m2 638928 0.00287588616 0.5 p-1 -187746 74
169 274 m2 640977 0.00542765716 0.5 p-1 -242044 64
204 276 m2 647661 -0.030541556 0.5 p-1 -227349 79
131 277 m2 649796 0.00758022023 0.5 p-1 -168731 211
317 278 m2 651336 -8.64692481e-07 0.5 p-1 -150161 32
465 279 m2 654501 -0.0196217038 0.5 p-1 -3161 1
197 280 m2 654750 -2.59500212e-05 0.5 p-1 -2497789 718
248 281 m2 654828 -8.29348664e-07 0.5 p-1 -183423 64
39 282 m2 656174 -3.14298525e-08 0.5 p-1 -655765 764
100 286 m2 662214 0.00043356762 0.5 p-1 -1610552 740
132 288 m2 664906 -0.00196976727 0.5 p-1 -64506 60
72 289 m2 673844 -0.00167596422 0.5 p-1 -3375877 868
394 290 m2 674049 0.018887274 0.5 p-1 -29158 13
118 293 m2 677449 7.08461948e-06 0.5 p-1 -1386188 571
40 295 m2 685788 0.00121074496 0.5 p-1 -4778452 548
185 296 m2 686504 0.000777315989 0.5 p-1 -251422 183
255 297 m2 690888 -0.000300510001 0.5 p-1 -3791854 161
304 298 m2 692485 -0.0427900515 0.5 p-1 -659878 106
41 300 m2 699248 -0.000955916534 0.5 p-1 -3120647 567
306 301 m2 700501 0.0222033691 0.5 p-1 -49147 7
133 302 m2 706853 -0.0580434687 0.5 p-1 -3789589 1132
42 303 m2 711272 -5.70687106e-08 0.5 p-1 -2603489 930
119 304 m2 715012 -0.000150688473 0.5 p-1 -64415 90
134 305 m2 716802 -0.0273540057 0.5 p-1 -105062 96
257 306 m2 719150 -0.0336394459 0.5 p-1 -141954 45
327 307 m2 720667 0.000538486755 0.5 p-1 -58913 16
43 308 m2 722537 -9.48895031e-05 0.5 p-1 -1405972 806
271 309 m2 723099 -0.000261519977 0.5 p-1 -116693 46
432 310 m2 724396 -0.000420631754 0.5 p-1 -85035 2
198 311 m2 727616 -0.00337476819 0.5 p-1 -319147 162
419 313 m2 730490 0.0014458826 0.5 p-1 -9118 2
170 314 m2 734357 2.43829545e-05 0.5 p-1 -406147 134
372 315 m2 735044 -0.000228039789 0.5 p-1 -5213 5
258 316 m2 735314 -0.0390009843 0.5 p-1 -996072 51
238 317 m2 736375 0.055165872 0.5 p-1 -112201 50
332 318 m2 736855 -0.000260213536 0.5 p-1 -55861 50
438 319 m2 740777 4.35305219e-06 0.5 p-1 -1529 2
146 320 m2 752804 0.0140232677 0.5 p-1 -667765 166
318 321 m2 753593 -3.73654575e-06 0.5 p-1 -48201 22
264 323 m2 758820 -2.63469104e-07 0.5 p-1 -109959 58
315 324 m2 759078 -1.32154048e-06 0.5 p-1 -3449 4
44 325 m2 760449 0.00989311188 0.5 p-1 -18267610 346
265 326 m2 765770 0.0155267799 0.5 p-1 -626108 104
282 327 m2 767458 5.77827961e-07 0.5 p-1 -55651 8
73 328 m2 767747 0.0149771776 0.5 p-1 -1801874 551
242 331 m2 771570 -0.021455301 0.5 p-1 -254285 38
217 333 m2 775258 -0.000658931036 0.5 p-1 -6218 18
351 334 m2 779566 -0.00814219285 0.5 p-1 -268002 50
352 335 m2 782074 0.00040711739 0.5 p-1 -46163 27
120 336 m2 782100 0.000191926796 0.5 p-1 -810164 241
46 337 m2 783291 0.00144616363 0.5 p-1 -4760933 1600
190 338 m2 783720 -6.27423697e-06 0.5 p-1 -168033 49
74 339 m2 784116 4.76406434e-08 0.5 p-1 -3029657 1781
376 340 m2 786613 0.000465594174 0.5 p-1 -10218 8
357 341 m2 795625 -0.00595546607 0.5 p-1 -13867 12
344 342 m2 795804 0.000204058408 0.5 p-1 -56069 44
333 344 m2 802581 -0.00907421485 0.5 p-1 -56370 23
47 345 m2 806038 -0.0157372355 0.5 p-1 -1955600 1894
356 346 m2 806410 0.0101168156 0.5 p-1 -34032 7
200 347 m2 810592 0.00365356449 0.5 p-1 -25284 58
48 348 m2 812284 -0.00465602195 0.5 p-1 -2946346 786
435 349 m2 813259 -3.80937479e-07 0.5 p-1 -44315 1
226 350 m2 813522 -0.00342510222 0.5 p-1 -1042965 97
413 351 m2 816512 -0.0342361629 0.5 p-1 -30073 8
214 352 m2 817278 -0.152419642 0.5 p-1 -3629857 144
471 353 m2 818093 -1.15649463e-07 0.5 p-1 -3266 1
268 354 m2 818835 3.82736154e-08 0.5 p-1 -775488 77
459 356 m2 821194 1.38350299e-06 0.5 p-1 -12814 1
49 357 m2 821690 -2.93598691e-06 0.5 p-1 -2081050 985
458 360 m2 826414 -0.0165462252 0.5 p-1 -10400 1
75 361 m2 827478 0.00974743161 0.5 p-1 -8571470 1300
50 362 m2 827522 -0.00893133599 0.5 p-1 -11049036 700
363 363 m2 830444 1.11580557e-05 0.5 p-1 -771149 29
102 364 m2 833427 -0.000161648757 0.5 p-1 -11828472 1430
147 366 m2 835081 -9.26020075e-05 0.5 p-1 -316306 323
319 367 m2 835310 -4.59168623e-05 0.5 p-1 -568060 17
251 368 m2 840524 -0.00467586704 0.5 p-1 -291107 44
288 370 m2 844893 3.44510518e-05 0.5 p-1 -21497 7
77 371 m2 852898 0.0159847494 0.5 p-1 -2828045 1188
383 373 m2 857906 -8.77877756e-06 0.5 p-1 -19282 11
366 374 m2 859471 0.00346170249 0.5 p-1 -134056 36
121 375 m2 860648 0.00613232329 0.5 p-1 -1520741 101
320 378 m2 868833 -0.00587407267 0.5 p-1 -23945 28
103 379 m2 870928 -0.00627324358 0.5 p-1 -9862086 452
343 380 m2 872464 -0.000463558943 0.5 p-1 -7850 8
201 381 m2 872526 -0.00130095298 0.5 p-1 -749502 175
148 384 m2 891900 -5.67501156e-05 0.5 p-1 -460118 298
230 385 m2 894999 0.00147452101 0.5 p-1 -52076 82
254 386 m2 903445 0.000197768051 0.5 p-1 -4162311 60
52 387 m2 905250 -0.00556658302 0.5 p-1 -4414597 1811
470 388 m2 905511 -0.000209654492 0.5 p-1 -108543 1
186 390 m2 914093 0.00146299449 0.5 p-1 -4305649 453
321 391 m2 915257 -0.00323875854 0.5 p-1 -154901 56
355 392 m2 919052 -0.000565089285 0.5 p-1 -211728 40
457 393 m2 921086 -0.000191488987 0.5 p-1 -545509 2
358 394 m2 924247 -0.00453266548 0.5 p-1 -16461 8
104 395 m2 924324 3.99457946e-07 0.5 p-1 -12816383 981
105 396 m2 924329 -0.0118910819 0.5 p-1 -325662 86
171 398 m2 928858 0.00908509083 0.5 p-1 -256438 21
191 399 m2 933038 0.00205144007 0.5 p-1 -521380 145
433 400 m2 933984 -0.00108139787 0.5 p-1 -21087 7
227 405 m2 945998 -0.00046975931 0.5 p-1 -6280996 272
122 406 m2 946619 -0.0153963231 0.5 p-1 -580248 357
305 408 m2 949990 -1.70798603e-06 0.5 p-1 -25439 12
466 410 m2 951274 -0.00993892364 0.5 p-1 -26676 1
53 411 m2 952798 3.13003262e-10 0.5 p-1 -5809325 1686
307 412 m2 953087 -0.000271190307 0.5 p-1 -379280 14
469 413 m2 953156 -8.26159667e-05 0.5 p-1 -10151 1
249 414 m2 956105 -1.01607798e-08 0.5 p-1 -120235 46
80 416 m2 958290 1.2475426e-05 0.5 p-1 -1404078 1168
462 417 m2 958608 -0.0158879962 0.5 p-1 -5787 1
180 418 m2 960084 -0.000305858412 0.5 p-1 -22810 3
106 419 m2 960583 -0.000404103368 0.5 p-1 -1021468 325
107 420 m2 965239 2.81759412e-06 0.5 p-1 -6516853 530
367 423 m2 978021 0.00258272327 0.5 p-1 -17230 14
82 425 m2 983261 0.0301211569 0.5 p-1 -5029840 1342
161 426 m2 984711 -0.0172639731 0.5 p-1 -1984698 281
430 427 m2 992727 0.000104090606 0.5 p-1 -17334 2
401 428 m2 996710 -0.00254931115 0.5 p-1 -152980 8
149 429 m2 997132 -0.000852351426 0.5 p-1 -453500 412
137 430 m2 998381 -0.000251853984 0.5 p-1 -2108000 309
417 433 m2 270992 -0.000273385202 0.5 p0 2 1
410 437 m2 726834 -0.00138660369 0.5 p0 2 4
427 441 m2 183165 0.0344464295 0.5 p0 2 2
439 443 m2 916822 -0.00595566304 0.5 p0 2 1
440 444 m2 255944 -0.0508044809 0.5 p0 2 1
395 445 m2 705136 7.70452715e-08 0.5 p0 2 4
362 446 m2 962913 -0.00653801067 0.5 p0 2 1
378 447 m2 742524 -0.000201246163 0.5 p0 2 2
461 448 m2 291839 -3.4817213e-10 0.5 p0 2 2
460 454 m2 959499 -0.0143789621 0.5 p0 2 1
475 456 m2 658197 0.000185139579 0.5 p0 2 1
405 458 m2 356447 0.00147285115 0.5 p0 2 1
426 459 m2 107874 -4.1857551e-05 0.5 p0 2 1
421 460 m2 535800 0.0338245407 0.5 p0 2 2
473 465 m2 625661 0.00149339181 0.5 p0 2 1
416 466 m2 555534 -0.000490312523 0.5 p0 2 1
452 473 m2 194541 0.0122221652 0.5 p0 2 2
437 476 m2 675034 0.00265652989 0.5 p0 2 1
445 488 m2 913932 0.000917490281 0.5 p0 2 1
409 489 m2 927832 0.0318601206 0.5 p0 2 1
418 499 m2 385034 -0.00142810948 0.5 p0 2 2
448 503 m2 726903 -0.0026040948 0.5 p0 2 2
155 507 m2 449196 -0.00586380158 0.5 p0 2 4
312 508 m2 645669 0.000117966054 0.5 p0 2 8
463 509 m2 775593 0.00185228174 0.5 p0 2 2
423 510 m2 89609 -0.000194985929 0.5 p0 2 4
360 511 m2 759339 -0.042021133 0.5 p0 2 3
393 513 m2 574288 0.000620284874 0.5 p0 2 4
428 514 m2 936186 -6.24169797e-06 0.5 p0 2 3
429 516 m2 522897 -1.44900396e-05 0.5 p0 2 2
467 517 m2 506980 -0.056183245 0.5 p0 2 2
446 522 m2 290354 -0.000175078545 0.5 p0 2 1
389 523 m1 4172 -0 0.5 p-1 -5279 1
261 524 m1 22585 -0 0.5 p-1 -405479 34
233 525 m1 24677 0 0.5 p-1 -409505 77
220 526 m1 31984 0 0.5 p-1 -146406 43
205 527 m1 38066 0 0.5 p-1 -203652 23
124 528 m1 39163 0 0.5 p-1 -93395 14
310 529 m1 40593 -0 0.5 p-1 -86387 12
192 530 m1 42905 0 0.5 p-1 -357785 204
0 531 m1 55881 -0 0.5 p-1 -1488729 686
345 532 m1 56237 0 0.5 p-1 -10195 3
151 534 m1 76269 -0 0.5 p-1 -466054 393
209 537 m1 107959 -0 0.5 p-1 -117232 38
86 538 m1 111124 0 0.5 p-1 -1891173 337
3 539 m1 112505 0 0.5 p-1 -1867277 1638
152 540 m1 121935 0 0.5 p-1 -5910116 197
335 542 m1 141250 0 0.5 p-1 -98108 13
292 543 m1 142370 0 0.5 p-1 -850005 16
330 544 m1 157624 0 0.5 p-1 -681792 38
188 546 m1 165368 -0 0.5 p-1 -224326 143
370 547 m1 179484 -0 0.5 p-1 -372293 20
194 548 m1 187974 -0 0.5 p-1 -6291425 600
284 549 m1 189242 -0 0.5 p-1 -284153 107
224 550 m1 189338 0 0.5 p-1 -794514 330
164 553 m1 207369 0 0.5 p-1 -660022 200
10 554 m1 218112 -0 0.5 p-1 -4014630 402
478 555 m1 224552 0 0.5 p-1 -11514 1
59 556 m1 238618 0 0.5 p-1 -1325846 861
246 557 m1 242311 0 0.5 p-1 -21567 5
195 558 m1 244956 0 0.5 p-1 -1165197 199
252 559 m1 250552 0 0.5 p-1 -75778 16
371 561 m1 251778 -0 0.5 p-1 -20704 17
396 562 m1 255078 0 0.5 p-1 -741651 12
479 564 m1 274449 -0 0.5 p-1 -1891 1
374 565 m1 294010 -0 0.5 p-1 -24241 2
436 566 m1 298705 0 0.5 p-1 -132556 3
62 567 m1 320010 0 0.5 p-1 -260129 449
349 568 m1 334873 0 0.5 p-1 -831 6
92 569 m1 360218 0 0.5 p-1 -216691 101
63 571 m1 371657 -0 0.5 p-1 -1653126 793
294 573 m1 378114 0 0.5 p-1 -20345 9
399 574 m1 379439 -0 0.5 p-1 -42870 12
404 575 m1 394701 0 0.5 p-1 -34134 9
93 576 m1 397100 0 0.5 p-1 -2572183 1278
64 577 m1 399989 0 0.5 p-1 -433670 185
216 578 m1 410766 0 0.5 p-1 -99102 27
456 579 m1 415203 -0 0.5 p-1 -4937 3
241 580 m1 420294 0 0.5 p-1 -296053 49
127 581 m1 423286 -0 0.5 p-1 -3874149 676
24 582 m1 426222 -0 0.5 p-1 -1880065 920
385 585 m1 462671 -0 0.5 p-1 -148093 7
26 586 m1 479869 -0 0.5 p-1 -2269300 491
115 588 m1 482738 0 0.5 p-1 -154474 112
182 589 m1 483440 0 0.5 p-1 -11493032 390
339 590 m1 491514 0 0.5 p-1 -236706 26
270 591 m1 498023 -0 0.5 p-1 -52128 11
183 593 m1 513862 0 0.5 p-1 -20372 29
30 595 m1 543833 0 0.5 p-1 -2276786 1710
266 596 m1 544504 0 0.5 p-1 -48221 15
391 597 m1 547401 -0 0.5 p-1 -125679 50
303 598 m1 549342 -0 0.5 p-1 -9356 10
311 599 m1 550213 -0 0.5 p-1 -69883 34
468 600 m1 553908 -0 0.5 p-1 -51090 1
33 601 m1 561538 0 0.5 p-1 -119781 20
386 602 m1 563076 0 0.5 p-1 -1780 3
98 603 m1 565983 0 0.5 p-1 -573445 230
281 604 m1 568751 0 0.5 p-1 -10517 9
34 607 m1 572796 -0 0.5 p-1 -525836 154
331 609 m1 584680 -0 0.5 p-1 -262908 9
36 610 m1 592604 0 0.5 p-1 -1947039 485
142 611 m1 603468 -0 0.5 p-1 -110766 16
159 613 m1 620244 0 0.5 p-1 -31705 20
143 614 m1 621442 0 0.5 p-1 -463494 441
130 615 m1 641540 0 0.5 p-1 -326891 281
71 616 m1 648188 -0 0.5 p-1 -2860486 732
325 617 m1 649738 0 0.5 p-1 -30624 4
145 619 m1 660901 -0 0.5 p-1 -227944 51
177 620 m1 666077 -0 0.5 p-1 -256165 189
298 621 m1 666275 -0 0.5 p-1 -12828 7
299 622 m1 676518 0 0.5 p-1 -88559 6
275 623 m1 677113 0 0.5 p-1 -375964 14
287 624 m1 681061 -0 0.5 p-1 -126514 159
178 625 m1 682040 0 0.5 p-1 -43491 35
340 627 m1 689369 0 0.5 p-1 -226204 27
101 628 m1 696205 0 0.5 p-1 -3928624 800
160 629 m1 698761 -0 0.5 p-1 -11395 44
425 630 m1 702160 0 0.5 p-1 -1039 2
443 632 m1 725308 0 0.5 p-1 -5895 2
232 633 m1 726815 0 0.5 p-1 -411378 67
272 634 m1 727432 0 0.5 p-1 -1235627 85
447 635 m1 746238 -0 0.5 p-1 -7919 4
199 636 m1 750798 0 0.5 p-1 -107691 139
474 637 m1 752050 0 0.5 p-1 -5036 1
382 638 m1 755217 -0 0.5 p-1 -2217 11
375 639 m1 755535 -0 0.5 p-1 -6982 13
135 640 m1 763564 -0 0.5 p-1 -145294 106
45 642 m1 772276 0 0.5 p-1 -13076771 1826
179 643 m1 777199 -0 0.5 p-1 -50648 24
400 644 m1 790603 0 0.5 p-1 -54575 8
208 647 m1 824322 -0 0.5 p-1 -161231 141
353 648 m1 830220 0 0.5 p-1 -41624 5
51 649 m1 832371 0 0.5 p-1 -4443172 805
76 650 m1 833198 0 0.5 p-1 -39185 23
387 651 m1 835393 0 0.5 p-1 -440572 32
390 653 m1 846589 0 0.5 p-1 -86743 3
136 654 m1 870003 0 0.5 p-1 -806421 667
365 655 m1 872713 0 0.5 p-1 -46827 4
334 656 m1 873213 -0 0.5 p-1 -45603 12
78 659 m1 901590 -0 0.5 p-1 -469044 151
309 660 m1 904442 0 0.5 p-1 -25078 14
293 661 m1 906282 0 0.5 p-1 -1512645 100
326 662 m1 922252 0 0.5 p-1 -341952 31
260 664 m1 935743 0 0.5 p-1 -1204828 173
79 665 m1 941088 -0 0.5 p-1 -2483994 758
267 667 m1 950071 -0 0.5 p-1 -305916 226
81 668 m1 960486 0 0.5 p-1 -225415 188
123 669 m1 975403 -0 0.5 p-1 -2215262 446
218 671 m1 983738 0 0.5 p-1 -114837 253
243 672 m1 984248 0 0.5 p-1 -345996 28
162 673 m1 984821 -0 0.5 p-1 -3045442 320
54 675 m1 990283 0 0.5 p-1 -2988188 1572
83 676 m1 990938 0 0.5 p-1 -2194502 224
55 677 m1 992925 -0 0.5 p-1 -3203246 1642
379 678 m1 999756 0 0.5 p-1 -61996 16
