Temp_ID Permanent_ID Mutation_type Position s h Subpop Tick Number
227 0 m2 355 0.000144699297 0.5 p-1 -803259 461
115 1 m2 371 -0.00335466256 0.5 p-1 -1446090 826
410 2 m2 1931 -0.0209427383 0.5 p-1 -323215 215
0 4 m2 4562 5.69942586e-06 0.5 p-1 -969592 569
436 5 m2 4602 -0.00859727431 0.5 p-1 -272391 5
228 7 m2 10192 -0.0154068843 0.5 p-1 -10118462 495
1 8 m2 11013 0.00706087565 0.5 p-1 -4993688 947
604 9 m2 12866 -1.70431158e-05 0.5 p-1 -16002 31
556 10 m2 15603 -1.64696103e-05 0.5 p-1 -75440 33
481 11 m2 16632 0.00452398555 0.5 p-1 -158739 33
671 13 m2 17035 -0.0237937644 0.5 p-1 -11556 6
229 14 m2 17223 0.000387979613 0.5 p-1 -138949 32
542 15 m2 18875 0.0297651924 0.5 p-1 -22299 11
544 16 m2 19048 0.000370075257 0.5 p-1 -11836 17
250 17 m2 20155 0.059321437 0.5 p-1 -49643 35
251 20 m2 23272 -0.0159443691 0.5 p-1 -325009 152
116 22 m2 25403 0.0132521903 0.5 p-1 -549615 317
611 24 m2 26834 0.0076582008 0.5 p-1 -141241 2
117 25 m2 28078 0.0256222244 0.5 p-1 -451026 485
118 29 m2 32654 0.0323319882 0.5 p-1 -3353192 1583
365 31 m2 35545 0.000466558151 0.5 p-1 -6438457 546
119 33 m2 43183 0.0328293405 0.5 p-1 -5077007 1644
2 34 m2 43351 0.00118432415 0.5 p-1 -4185330 1731
388 36 m2 44022 2.46126683e-06 0.5 p-1 -6402 31
715 37 m2 44331 -0.0296368059 0.5 p-1 -19963 7
367 38 m2 46039 0.00135009631 0.5 p-1 -1359426 473
120 39 m2 49277 0.00019070039 0.5 p-1 -777748 460
121 40 m2 51708 0.0518618114 0.5 p-1 -5096507 927
360 41 m2 52186 -0.00048164482 0.5 p-1 -83337 93
204 42 m2 55899 -0.0501858965 0.5 p-1 -98584 22
3 43 m2 57229 0.00865417533 0.5 p-1 -4744651 1040
430 44 m2 57265 0.00117071718 0.5 p-1 -767141 12
123 46 m2 59332 0.000165322461 0.5 p-1 -3917600 1496
709 48 m2 59586 3.8912498e-05 0.5 p-1 -3523 1
437 49 m2 66422 7.74968357e-05 0.5 p-1 -2176672 134
503 53 m2 71896 0.0168579537 0.5 p-1 -625248 109
325 54 m2 73753 0.0339534767 0.5 p-1 -3097742 590
277 55 m2 74275 0.0021834732 0.5 p-1 -831251 248
368 56 m2 76004 0.00131693389 0.5 p-1 -196810 194
490 58 m2 76368 0.02557059 0.5 p-1 -656229 39
719 59 m2 78126 0.000128826767 0.5 p-1 -2897 1
676 60 m2 78940 0.0111884503 0.5 p-1 -45184 15
371 61 m2 79542 0.00024708148 0.5 p-1 -5081 8
278 62 m2 80776 4.88063545e-09 0.5 p-1 -836744 114
421 63 m2 87765 7.10061295e-06 0.5 p-1 -9642 4
653 65 m2 89652 0.0317198113 0.5 p-1 -27593 9
336 66 m2 92333 0.0457173437 0.5 p-1 -3425411 342
4 67 m2 93878 -0.00153425056 0.5 p-1 -1974153 876
5 68 m2 94644 0.000303559151 0.5 p-1 -382045 301
720 69 m2 95213 0.00604440272 0.5 p-1 -1502 5
647 70 m2 96966 0.00597175024 0.5 p-1 -45864 4
179 73 m2 99277 -0.000150491862 0.5 p-1 -1959498 355
279 74 m2 102448 -3.15283415e-07 0.5 p-1 -488026 305
730 75 m2 103843 5.66327299e-06 0.5 p-1 -18102 1
253 77 m2 105172 2.12584808e-07 0.5 p-1 -947782 607
231 78 m2 106828 -0.00711957971 0.5 p-1 -1326849 364
125 79 m2 107111 0.000339358841 0.5 p-1 -4398408 975
536 81 m2 109512 -0.00448200991 0.5 p-1 -201376 8
232 83 m2 111898 -0.00408319756 0.5 p-1 -1414342 719
7 85 m2 112689 -0.00382538629 0.5 p-1 -4216697 863
254 86 m2 114177 -0.0207162648 0.5 p-1 -426516 168
470 87 m2 115035 0.00121835957 0.5 p-1 -22331 22
314 89 m2 119682 0.0271940101 0.5 p-1 -3697503 271
746 90 m2 120517 -0.000395865878 0.5 p-1 -15502 1
126 91 m2 123578 0.00176646584 0.5 p-1 -7192404 828
664 92 m2 124734 -0.0187709276 0.5 p-1 -109208 13
464 95 m2 128142 -0.0169065949 0.5 p-1 -417894 141
280 96 m2 128827 1.39585188e-06 0.5 p-1 -471401 430
401 97 m2 131225 -0.0599385314 0.5 p-1 -765723 164
660 98 m2 134119 -4.71221938e-05 0.5 p-1 -141233 22
599 99 m2 134273 -0.000629580871 0.5 p-1 -353543 21
681 100 m2 135329 0.000628318638 0.5 p-1 -517872 1
702 101 m2 135632 -0.00473712618 0.5 p-1 -204226 10
8 105 m2 145000 0.0467614979 0.5 p-1 -4760985 764
533 106 m2 145015 7.93521831e-05 0.5 p-1 -136251 23
500 107 m2 147671 -0.0739393532 0.5 p-1 -17901 3
127 109 m2 149564 -0.0104315737 0.5 p-1 -380248 381
683 110 m2 149682 0.00232130033 0.5 p-1 -2190 2
315 111 m2 152745 0.00308758277 0.5 p-1 -214985 22
471 112 m2 154220 0.00479824236 0.5 p-1 -437537 81
206 113 m2 154909 -1.50060728e-08 0.5 p-1 -3254784 265
299 115 m2 158648 1.48393795e-07 0.5 p-1 -80768 15
426 116 m2 161835 7.16533759e-06 0.5 p-1 -196909 73
282 117 m2 163273 4.00287054e-10 0.5 p-1 -236340 91
300 118 m2 165892 -0.000353780459 0.5 p-1 -324516 185
255 119 m2 166390 -0.000177997354 0.5 p-1 -57799 30
10 120 m2 167613 0.000111268149 0.5 p-1 -849624 424
633 121 m2 167625 0.00654416485 0.5 p-1 -55550 20
361 125 m2 173903 0.0134413708 0.5 p-1 -68111 86
283 126 m2 173936 -0.001386669 0.5 p-1 -213748 55
128 127 m2 174659 2.87280891e-05 0.5 p-1 -3145675 1119
576 128 m2 174771 -0.000975652016 0.5 p-1 -199513 29
129 130 m2 177877 0.000189222366 0.5 p-1 -535463 732
130 131 m2 179884 -0.000916861114 0.5 p-1 -511302 231
12 132 m2 180454 0.000738341128 0.5 p-1 -4256141 1728
731 133 m2 180945 -0.00954610575 0.5 p-1 -4386 1
131 135 m2 182308 -0.0171170365 0.5 p-1 -646336 47
680 136 m2 182676 -0.0205053296 0.5 p-1 -101236 19
316 138 m2 188196 0.00717781857 0.5 p-1 -3419986 867
207 140 m2 189675 -0.0228314754 0.5 p-1 -2489171 497
711 141 m2 190610 0.0197458547 0.5 p-1 -100254 10
521 142 m2 191837 -1.98471344e-06 0.5 p-1 -212924 10
605 143 m2 195107 0.044565551 0.5 p-1 -4133 9
634 144 m2 195329 -0.05243738 0.5 p-1 -133437 20
522 145 m2 196965 -0.00201524631 0.5 p-1 -175835 10
133 146 m2 197043 -0.00131741946 0.5 p-1 -6224148 330
14 147 m2 198168 0.0011688692 0.5 p-1 -2184756 1229
15 148 m2 199628 0.0114987437 0.5 p-1 -6441606 886
134 149 m2 199879 -0.019686332 0.5 p-1 -3739447 1510
326 151 m2 203272 0.0161700938 0.5 p-1 -1277977 421
284 152 m2 203393 0.0140962452 0.5 p-1 -9315909 95
525 154 m2 206498 7.16000727e-07 0.5 p-1 -428534 80
465 155 m2 208847 -0.00273149414 0.5 p-1 -2082969 6
580 156 m2 209394 0.00829305314 0.5 p-1 -50119 10
16 159 m2 212679 -0.00633357884 0.5 p-1 -1890239 949
372 160 m2 213965 0.0359332375 0.5 p-1 -17451 11
136 163 m2 217566 -0.000253598409 0.5 p-1 -4469344 1533
561 164 m2 218120 1.49684065e-05 0.5 p-1 -100254 25
405 165 m2 219787 0.00153388048 0.5 p-1 -178056 64
353 166 m2 220034 0.00505600637 0.5 p-1 -345 24
540 167 m2 222770 0.0101843467 0.5 p-1 -466587 70
553 168 m2 223105 1.32674913e-07 0.5 p-1 -567182 53
762 171 m2 227117 0.0219343267 0.5 p-1 -66 2
233 172 m2 228329 0.000353015726 0.5 p-1 -1020259 302
18 173 m2 229243 0.0316113643 0.5 p-1 -1112655 930
137 174 m2 233881 0.00988264661 0.5 p-1 -4064529 796
138 175 m2 234465 0.00872247014 0.5 p-1 -4594774 95
758 176 m2 234987 -0.0178945828 0.5 p-1 -268 3
19 177 m2 235024 -6.43132007e-05 0.5 p-1 -2218874 1376
450 178 m2 239335 -8.33251906e-05 0.5 p-1 -2537754 44
749 180 m2 240171 7.43754117e-06 0.5 p-1 -9692 6
285 181 m2 243534 -0.011721123 0.5 p-1 -998638 97
609 182 m2 243762 0.0425028689 0.5 p-1 -318139 54
286 183 m2 244182 0.038001921 0.5 p-1 -1735583 895
627 185 m2 247229 -0.00943173468 0.5 p-1 -74979 21
473 187 m2 249356 0.0238633938 0.5 p-1 -160095 88
474 188 m2 251356 6.82812242e-05 0.5 p-1 -133660 59
20 189 m2 254557 0.000426083163 0.5 p-1 -1789227 1628
301 191 m2 258830 -0.000186713558 0.5 p-1 -7302770 215
21 193 m2 259185 0.0401767157 0.5 p-1 -1997109 1325
140 194 m2 260802 -0.00128072116 0.5 p-1 -1729215 1226
22 195 m2 261732 0.0120929061 0.5 p-1 -1443713 887
338 196 m2 262416 0.000650581846 0.5 p-1 -82217 107
583 199 m2 264159 -0.000821738795 0.5 p-1 -52714 26
642 201 m2 269599 -0.0559517704 0.5 p-1 -31707 3
256 202 m2 272256 0.00987600069 0.5 p-1 -142749 229
632 203 m2 272310 0.00186096726 0.5 p-1 -54085 3
491 205 m2 275882 -0.00383103359 0.5 p-1 -35047 30
339 207 m2 278800 -0.014753174 0.5 p-1 -301801 106
24 208 m2 278900 -0.00143971469 0.5 p-1 -3188789 660
340 209 m2 279210 -0.00429207971 0.5 p-1 -362130 106
237 210 m2 280485 9.94029106e-05 0.5 p-1 -426385 416
550 211 m2 281598 0.0020346297 0.5 p-1 -120423 62
287 212 m2 284095 0.000554263766 0.5 p-1 -1334555 578
257 213 m2 285277 -0.000230244535 0.5 p-1 -892665 180
258 215 m2 285370 -0.000381217833 0.5 p-1 -196972 29
411 217 m2 287573 -0.000180002651 0.5 p-1 -701053 109
259 218 m2 288165 -0.00946733449 0.5 p-1 -976387 99
288 220 m2 288857 -0.000182370219 0.5 p-1 -100999 100
559 221 m2 289078 -0.00614917651 0.5 p-1 -14483 20
302 222 m2 290149 -0.019028835 0.5 p-1 -1904322 125
441 223 m2 290512 -0.00461124675 0.5 p-1 -205783 183
25 224 m2 291414 -4.95551785e-06 0.5 p-1 -158912 165
506 225 m2 291467 -0.00943300314 0.5 p-1 -179042 46
26 226 m2 292899 0.00316621852 0.5 p-1 -3300296 914
27 228 m2 295624 0.000769315637 0.5 p-1 -3701917 925
402 229 m2 298069 0.000462428201 0.5 p-1 -1215255 20
713 230 m2 298919 0.0157198869 0.5 p-1 -241490 1
650 231 m2 300578 -0.0183626767 0.5 p-1 -70495 10
28 232 m2 301379 0.000541523914 0.5 p-1 -8593377 1995
678 234 m2 302463 -1.02510076e-05 0.5 p-1 -295556 9
764 236 m2 303398 -0.00571542978 0.5 p-1 -4603 1
679 238 m2 304200 -0.000125264763 0.5 p-1 -13527 7
208 239 m2 306217 0.0317039117 0.5 p-1 -1060374 832
674 241 m2 307688 0.0240377299 0.5 p-1 -87490 12
29 243 m2 308597 -8.57086343e-05 0.5 p-1 -3740018 935
619 247 m2 323087 -0.00075318123 0.5 p-1 -4104074 43
759 248 m2 325152 -0.0127546974 0.5 p-1 -6734 2
498 253 m2 334917 -0.00344742811 0.5 p-1 -291022 43
31 254 m2 335260 0.000274124119 0.5 p-1 -3687499 1298
32 255 m2 337263 0.010894265 0.5 p-1 -5430084 1923
514 257 m2 338919 0.0449984968 0.5 p-1 -519148 61
682 258 m2 339581 0.00904714596 0.5 p-1 -10448 3
564 259 m2 340441 0.00587796839 0.5 p-1 -29758 22
210 260 m2 343632 0.0443593003 0.5 p-1 -469969 287
142 261 m2 345561 -0.0150440792 0.5 p-1 -3331950 1604
289 262 m2 346544 0.0110345175 0.5 p-1 -362166 152
445 263 m2 347193 0.047108911 0.5 p-1 -25090 14
460 265 m2 349763 -0.00771490764 0.5 p-1 -672428 107
34 266 m2 351301 -0.0202738866 0.5 p-1 -2393254 1201
526 267 m2 353780 0.00291495072 0.5 p-1 -39166 18
35 269 m2 354836 0.000262963615 0.5 p-1 -12570909 615
380 270 m2 354855 -2.13369185e-05 0.5 p-1 -72112 7
438 271 m2 355336 0.0026674259 0.5 p-1 -1705 14
656 272 m2 355564 0.0178153757 0.5 p-1 -1284 5
290 273 m2 355715 -0.000411947694 0.5 p-1 -2442181 676
727 274 m2 355993 1.78845748e-05 0.5 p-1 -144701 3
704 275 m2 356468 -0.000413289235 0.5 p-1 -77173 10
341 277 m2 357665 -0.0263844021 0.5 p-1 -94901 63
36 279 m2 359578 1.3085222e-06 0.5 p-1 -3754118 160
37 280 m2 360035 6.56781485e-05 0.5 p-1 -2967215 1150
686 282 m2 361496 0.000153318673 0.5 p-1 -62116 11
143 284 m2 362794 0.00199300982 0.5 p-1 -2638499 1393
39 286 m2 367023 8.60016953e-05 0.5 p-1 -3359523 1008
691 287 m2 367367 -0.00207131263 0.5 p-1 -20961 2
181 288 m2 367969 -0.01122656 0.5 p-1 -2336265 796
182 289 m2 368439 -4.70864506e-07 0.5 p-1 -1098170 583
362 290 m2 368769 2.11867446e-05 0.5 p-1 -18838 8
507 291 m2 369987 0.00152321171 0.5 p-1 -2602 6
670 292 m2 370302 -0.000279834057 0.5 p-1 -385759 17
666 293 m2 371249 0.00116351643 0.5 p-1 -669440 10
588 295 m2 371862 -0.00284386193 0.5 p-1 -939189 7
596 296 m2 371887 -2.15516593e-05 0.5 p-1 -126541 21
439 299 m2 374178 -0.000910908682 0.5 p-1 -29193 4
397 300 m2 374860 -6.37780773e-10 0.5 p-1 -132652 49
694 301 m2 375037 -0.00704581197 0.5 p-1 -368142 8
329 302 m2 375559 0.000154328576 0.5 p-1 -486686 172
41 304 m2 376893 -9.47542321e-06 0.5 p-1 -7667610 1746
42 306 m2 378780 0.000832455757 0.5 p-1 -3118263 1481
620 307 m2 380386 0.000263503724 0.5 p-1 -49457 21
478 308 m2 380529 -0.010954937 0.5 p-1 -3838 12
687 309 m2 382813 2.62209801e-06 0.5 p-1 -36142 9
354 310 m2 385555 -0.0346118137 0.5 p-1 -829549 79
144 311 m2 385581 -0.00373180211 0.5 p-1 -1493118 1037
291 312 m2 388783 0.00549135543 0.5 p-1 -2400530 581
517 313 m2 394866 0.00320732198 0.5 p-1 -26590 11
718 315 m2 398037 -0.00510093663 0.5 p-1 -5412 5
398 316 m2 399522 0.010775554 0.5 p-1 -295909 116
44 317 m2 399853 0.00297483988 0.5 p-1 -3777137 999
389 320 m2 401708 0.00258965464 0.5 p-1 -712156 62
211 321 m2 404193 0.0475104749 0.5 p-1 -205214 104
499 322 m2 404862 2.01212206e-05 0.5 p-1 -147570 12
342 323 m2 404939 -0.000301773805 0.5 p-1 -1000872 477
479 325 m2 406528 0.0109388148 0.5 p-1 -260044 116
46 326 m2 407590 -0.000865383248 0.5 p-1 -8497560 849
628 327 m2 408366 5.0155613e-09 0.5 p-1 -362825 19
571 329 m2 409349 -0.000159075949 0.5 p-1 -25179 47
541 330 m2 409915 -1.42437566e-05 0.5 p-1 -84959 25
717 331 m2 410806 0.000680960424 0.5 p-1 -11621 6
47 332 m2 411670 -0.00448326534 0.5 p-1 -1751830 680
586 333 m2 412290 -0.00303764222 0.5 p-1 -101893 27
508 335 m2 412851 -0.0440836139 0.5 p-1 -5409152 156
386 336 m2 413609 1.83121156e-05 0.5 p-1 -170562 239
699 337 m2 413976 0.00436426187 0.5 p-1 -54661 11
183 338 m2 414078 -1.07305332e-05 0.5 p-1 -159836 27
652 339 m2 414766 0.0052611758 0.5 p-1 -21612 16
475 340 m2 416691 -0.00737265777 0.5 p-1 -1254292 142
413 341 m2 419753 -5.32434541e-09 0.5 p-1 -5356372 113
572 342 m2 419755 1.19554834e-05 0.5 p-1 -1292 16
414 343 m2 421640 0.000273270212 0.5 p-1 -243384 66
597 344 m2 422959 -0.0024263165 0.5 p-1 -30117 11
643 345 m2 423978 -6.03822009e-05 0.5 p-1 -452908 4
212 346 m2 425831 0.0151520194 0.5 p-1 -698848 493
239 347 m2 427644 -0.012938926 0.5 p-1 -2114659 1215
355 348 m2 428095 0.0168694649 0.5 p-1 -64141 42
49 349 m2 429290 -0.0323926546 0.5 p-1 -3292722 1200
50 350 m2 430172 -1.17232403e-05 0.5 p-1 -806470 260
51 351 m2 430775 -0.0219135694 0.5 p-1 -4988727 1147
52 352 m2 432722 0.00966925081 0.5 p-1 -6056875 1976
240 353 m2 432900 -0.00274646259 0.5 p-1 -877090 620
292 354 m2 433941 0.00917350221 0.5 p-1 -3726031 741
390 355 m2 434137 0.00059357693 0.5 p-1 -1187389 143
373 356 m2 435548 0.00189706171 0.5 p-1 -7621 15
293 357 m2 435978 -5.84871123e-05 0.5 p-1 -172668 83
692 359 m2 438974 0.000402209756 0.5 p-1 -248 4
545 360 m2 439168 0.012991393 0.5 p-1 -883474 64
493 362 m2 439283 0.00205060933 0.5 p-1 -231442 61
755 363 m2 439457 0.0283788554 0.5 p-1 -5457 1
440 364 m2 440837 -0.0019300665 0.5 p-1 -617397 27
303 365 m2 441109 -0.015791839 0.5 p-1 -846660 354
263 366 m2 441737 -0.0179750398 0.5 p-1 -9333 9
184 367 m2 442121 -0.011838547 0.5 p-1 -3961742 323
241 368 m2 442414 0.0112690525 0.5 p-1 -6007645 160
242 369 m2 442731 0.0115890549 0.5 p-1 -340186 119
243 370 m2 443120 0.00276804366 0.5 p-1 -2599679 184
294 371 m2 443482 0.0120599363 0.5 p-1 -17669 14
631 373 m2 446258 0.0387093835 0.5 p-1 -20851 18
528 376 m2 451653 0.0842199624 0.5 p-1 -325910 12
363 377 m2 455427 -0.00894058403 0.5 p-1 -823691 223
145 380 m2 459814 6.27913978e-05 0.5 p-1 -1125507 1016
431 382 m2 461480 0.0102786701 0.5 p-1 -85459 129
146 384 m2 467016 -0.0105661759 0.5 p-1 -780607 127
304 385 m2 468834 0.00901856273 0.5 p-1 -2136437 455
613 387 m2 473546 0.000277352723 0.5 p-1 -5833 5
432 389 m2 475484 0.0279071145 0.5 p-1 -116166 67
415 390 m2 476399 0.0223920438 0.5 p-1 -35746 15
529 392 m2 477098 0.000352873118 0.5 p-1 -451802 18
446 394 m2 482659 0.0015281965 0.5 p-1 -916379 150
185 395 m2 485909 0.000292403158 0.5 p-1 -5505304 844
502 396 m2 486915 4.63111428e-05 0.5 p-1 -11766 26
677 397 m2 488662 0.00265534152 0.5 p-1 -6738 17
518 398 m2 489264 -0.00184887962 0.5 p-1 -89182 89
391 400 m2 490719 -0.00877230149 0.5 p-1 -3842378 309
712 402 m2 493023 -0.0677884668 0.5 p-1 -19930 4
659 403 m2 493581 -0.000359156198 0.5 p-1 -3421 18
147 404 m2 493613 0.000995676033 0.5 p-1 -1504447 333
148 405 m2 493715 0.000103707476 0.5 p-1 -192879 71
614 406 m2 493717 0.000536849548 0.5 p-1 -29572 5
392 407 m2 496619 -0.00385695673 0.5 p-1 -360780 255
399 408 m2 498907 -0.0293614212 0.5 p-1 -382938 270
700 409 m2 501945 0.0310552809 0.5 p-1 -71665 6
732 410 m2 503725 -0.00444378005 0.5 p-1 -14960 9
422 414 m2 509151 4.62188791e-06 0.5 p-1 -146184 5
516 415 m2 509795 -0.00572069595 0.5 p-1 -340937 60
265 416 m2 512356 0.0176249128 0.5 p-1 -1112670 242
406 417 m2 513933 -0.00752615463 0.5 p-1 -129383 159
186 418 m2 517165 -0.000191393323 0.5 p-1 -2066468 522
266 419 m2 517994 -0.000301097491 0.5 p-1 -8646866 408
244 420 m2 520546 -0.0246528313 0.5 p-1 -517646 635
563 423 m2 527173 0.000290863594 0.5 p-1 -436390 75
149 424 m2 528407 -0.00364299794 0.5 p-1 -4150220 1446
356 425 m2 530525 -0.0053934739 0.5 p-1 -212401 140
623 426 m2 530836 -0.00244548917 0.5 p-1 -37301 11
760 427 m2 530939 -0.0303012859 0.5 p-1 -44267 1
466 428 m2 531402 0.00962351449 0.5 p-1 -428283 137
56 429 m2 532689 0.00839177333 0.5 p-1 -2334329 577
555 430 m2 532842 0.000379908481 0.5 p-1 -2682161 11
214 431 m2 532856 0.0171631873 0.5 p-1 -16007 7
150 432 m2 532959 -0.000152601977 0.5 p-1 -993452 364
546 434 m2 539061 -0.0116100721 0.5 p-1 -1981981 23
433 435 m2 539104 1.0290363e-06 0.5 p-1 -1526693 41
454 436 m2 539294 -0.00160857767 0.5 p-1 -169212 7
382 438 m2 541142 -0.000429691776 0.5 p-1 -48971 42
189 439 m2 541393 0.00122882577 0.5 p-1 -293501 585
151 441 m2 545204 -0.00065381435 0.5 p-1 -350166 555
425 442 m2 547040 0.00870177336 0.5 p-1 -1578277 56
190 443 m2 548488 -0.00709085632 0.5 p-1 -1207164 390
58 444 m2 552240 3.97535405e-05 0.5 p-1 -7488816 610
696 445 m2 553472 0.00606322801 0.5 p-1 -93803 3
530 447 m2 554231 0.000121453515 0.5 p-1 -6817 4
331 449 m2 559003 0.0302762575 0.5 p-1 -704999 385
531 450 m2 559610 -1.08624572e-05 0.5 p-1 -566551 50
60 451 m2 563325 0.0661299154 0.5 p-1 -5851304 1205
519 452 m2 563693 0.000754664245 0.5 p-1 -340189 47
387 453 m2 564460 -0.0460514575 0.5 p-1 -284738 180
511 454 m2 565552 -0.00181495165 0.5 p-1 -119477 39
306 456 m2 566476 3.26471418e-05 0.5 p-1 -3326931 487
591 457 m2 567197 0.00226736884 0.5 p-1 -107304 24
374 458 m2 567879 1.25872702e-07 0.5 p-1 -278902 155
547 459 m2 567919 0.00231048395 0.5 p-1 -317892 102
592 461 m2 572989 -0.0456090607 0.5 p-1 -143748 30
551 462 m2 573744 0.000201220377 0.5 p-1 -20710 21
61 463 m2 575841 0.00403122464 0.5 p-1 -372245 51
416 468 m2 580239 0.0109687271 0.5 p-1 -913857 143
590 469 m2 587044 -0.0115239816 0.5 p-1 -25808 3
152 470 m2 591181 0.0573977754 0.5 p-1 -3697584 672
295 471 m2 591995 0.00128268031 0.5 p-1 -563031 79
192 472 m2 592032 -0.00196404872 0.5 p-1 -802617 273
593 473 m2 592279 -0.000134141301 0.5 p-1 -4434 20
737 474 m2 592426 -0.00496404152 0.5 p-1 -43101 1
665 475 m2 594602 0.011941175 0.5 p-1 -662851 17
693 476 m2 594676 0.00851929933 0.5 p-1 -18179 9
343 477 m2 595633 0.000399325683 0.5 p-1 -409163 345
62 480 m2 597042 5.8384685e-05 0.5 p-1 -351107 115
461 481 m2 598584 0.00275117089 0.5 p-1 -23920 7
268 482 m2 602249 0.00323495315 0.5 p-1 -1013678 228
626 483 m2 602478 0.00197993428 0.5 p-1 -16208 7
153 484 m2 603120 0.047388982 0.5 p-1 -12900242 1070
640 487 m2 612514 -0.110282145 0.5 p-1 -314162 1
512 488 m2 613882 -0.0016546679 0.5 p-1 -168312 34
598 489 m2 616824 -0.0196005702 0.5 p-1 -129026 35
245 491 m2 622947 -0.0639513507 0.5 p-1 -111117 125
654 492 m2 623934 -0.0133982813 0.5 p-1 -1345282 3
154 493 m2 624681 -0.00407379493 0.5 p-1 -6337005 511
332 494 m2 624770 -0.107826598 0.5 p-1 -334073 132
270 497 m2 630119 -2.00776586e-08 0.5 p-1 -1402566 94
369 498 m2 631765 0.0350174233 0.5 p-1 -259065 183
486 499 m2 634497 -0.0196862966 0.5 p-1 -865446 62
615 500 m2 635565 0.00297656562 0.5 p-1 -78066 28
757 502 m2 636371 -1.15473504e-05 0.5 p-1 -15836 1
63 503 m2 638337 0.0107614528 0.5 p-1 -915568 708
624 504 m2 639032 -0.00358097279 0.5 p-1 -5646 7
333 505 m2 639092 0.00102708046 0.5 p-1 -260411 60
766 506 m2 640368 -1.37876868e-05 0.5 p-1 -39393 1
193 507 m2 641593 0.00780422334 0.5 p-1 -2267362 654
216 508 m2 641755 -0.00505686179 0.5 p-1 -5524919 825
64 510 m2 644286 0.115615115 0.5 p-1 -262076 356
537 511 m2 645669 0.000347311201 0.5 p-1 -2643 16
194 514 m2 648368 -1.64776139e-08 0.5 p-1 -699901 426
271 515 m2 648916 0.000533110928 0.5 p-1 -1913788 322
65 517 m2 650659 0.00934940018 0.5 p-1 -3557744 1721
407 520 m2 653918 -0.00579776894 0.5 p-1 -55905 25
346 523 m2 657500 -0.00225206022 0.5 p-1 -352974 64
195 524 m2 660681 0.0281168669 0.5 p-1 -118281 143
155 526 m2 666209 -0.00688749785 0.5 p-1 -107398 49
318 527 m2 668124 -0.0507935546 0.5 p-1 -500552 203
646 528 m2 670350 4.48547477e-10 0.5 p-1 -1837042 7
574 530 m2 673332 2.48935095e-07 0.5 p-1 -72301 10
364 531 m2 673952 -0.00825404748 0.5 p-1 -1114063 310
427 534 m2 677913 0.0529253855 0.5 p-1 -124969 118
487 536 m2 679584 -0.0105330423 0.5 p-1 -688455 56
697 537 m2 682969 -0.00464755297 0.5 p-1 -7176 10
67 538 m2 682972 0.0338038467 0.5 p-1 -4051666 1581
347 540 m2 687750 0.00145394972 0.5 p-1 -95901 223
196 542 m2 689312 0.00196121493 0.5 p-1 -1001234 301
587 543 m2 690529 -0.00723286672 0.5 p-1 -242148 34
467 544 m2 690546 -1.50247442e-05 0.5 p-1 -2028352 40
68 545 m2 691100 -0.018554572 0.5 p-1 -5769410 1943
483 546 m2 691821 -0.000101240068 0.5 p-1 -24349 20
156 547 m2 692600 -0.000199669113 0.5 p-1 -386512 182
307 548 m2 692752 0.00678763958 0.5 p-1 -790196 143
70 549 m2 698200 0.023737533 0.5 p-1 -2670795 278
157 550 m2 701998 0.000104848674 0.5 p-1 -4656811 993
462 551 m2 702544 -0.0922250748 0.5 p-1 -30272 46
71 552 m2 703237 -0.00103569834 0.5 p-1 -1571803 1741
158 553 m2 708284 0.0274067018 0.5 p-1 -823738 747
602 554 m2 710672 0.0140309129 0.5 p-1 -24305 30
357 555 m2 715689 -0.00863130018 0.5 p-1 -1467689 69
217 556 m2 716079 5.17359786e-06 0.5 p-1 -4731774 846
638 558 m2 716422 -0.00124053797 0.5 p-1 -19986 14
74 559 m2 721426 -0.0119887637 0.5 p-1 -3405569 1607
75 560 m2 722287 0.0459530316 0.5 p-1 -4821133 1662
160 561 m2 722506 0.0180156473 0.5 p-1 -3538341 326
296 564 m2 724401 0.000212577419 0.5 p-1 -5893493 761
218 565 m2 725684 0.00287370756 0.5 p-1 -810585 92
161 566 m2 726189 3.92843212e-05 0.5 p-1 -2663490 1081
552 567 m2 727816 0.00246355124 0.5 p-1 -15268 13
308 570 m2 729980 0.0173209514 0.5 p-1 -3209389 48
740 571 m2 730716 0.0229352638 0.5 p-1 -13103 2
162 572 m2 730773 -0.00345508754 0.5 p-1 -3411103 507
455 573 m2 732872 -0.000145070415 0.5 p-1 -212611 55
451 574 m2 735197 0.000250658835 0.5 p-1 -103823 96
76 575 m2 738262 0.0063390173 0.5 p-1 -11650834 1220
77 576 m2 740662 0.00329713034 0.5 p-1 -3198782 609
662 577 m2 743806 -4.36733281e-08 0.5 p-1 -22105 4
219 578 m2 745230 0.0509054065 0.5 p-1 -1314542 790
78 579 m2 746970 0.0180818643 0.5 p-1 -10123525 791
164 580 m2 748410 -0.0230166633 0.5 p-1 -4437519 978
220 582 m2 749774 0.00128771726 0.5 p-1 -1428501 686
79 584 m2 750168 0.0210500229 0.5 p-1 -2487582 942
629 586 m2 756936 0.0172652025 0.5 p-1 -116241 11
560 587 m2 758637 -5.62968171e-06 0.5 p-1 -55630 14
81 589 m2 760053 -0.0136749838 0.5 p-1 -4068347 1588
428 590 m2 760245 0.0424259044 0.5 p-1 -2035716 93
658 591 m2 761982 2.72501524e-07 0.5 p-1 -90413 7
606 593 m2 770250 0.000508712779 0.5 p-1 -16961 7
348 594 m2 772440 2.79495055e-07 0.5 p-1 -324544 185
273 595 m2 772949 0.000137768584 0.5 p-1 -3100062 126
383 596 m2 774145 -0.00234744791 0.5 p-1 -136245 69
458 597 m2 774820 -0.0301599577 0.5 p-1 -191008 112
641 598 m2 774918 0.00100672129 0.5 p-1 -101656 22
703 600 m2 776046 3.09775751e-05 0.5 p-1 -13392 3
459 601 m2 776077 0.0712671205 0.5 p-1 -47664 19
83 603 m2 777200 -0.00548285618 0.5 p-1 -2725916 1499
452 604 m2 778310 0.0307272747 0.5 p-1 -368966 17
420 605 m2 780651 0.00315360655 0.5 p-1 -124155 47
247 608 m2 782588 0.00815735757 0.5 p-1 -374374 31
463 609 m2 783225 -5.83113979e-05 0.5 p-1 -1536718 170
630 610 m2 784463 -0.0992061645 0.5 p-1 -95387 27
496 612 m2 787962 2.1133269e-06 0.5 p-1 -104314 38
377 614 m2 788155 0.00538735325 0.5 p-1 -1155125 564
655 615 m2 789126 0.000329788047 0.5 p-1 -58520 20
84 616 m2 789692 0.00178477797 0.5 p-1 -3504629 1701
297 617 m2 790721 0.000513495295 0.5 p-1 -3015274 164
566 618 m2 791082 -0.0123955579 0.5 p-1 -48796 46
85 619 m2 792184 0.0175828319 0.5 p-1 -6018633 1192
165 620 m2 793364 0.000237408633 0.5 p-1 -398973 359
298 621 m2 794391 -0.0060941726 0.5 p-1 -658778 510
274 622 m2 798932 -0.0174666774 0.5 p-1 -430144 128
685 623 m2 800399 0.0920582786 0.5 p-1 -13894 4
412 624 m2 808241 -0.0481091253 0.5 p-1 -58983 45
309 625 m2 808273 0.000702163146 0.5 p-1 -237801 50
310 626 m2 810119 -0.0236178357 0.5 p-1 -92365 88
569 627 m2 813505 7.95966262e-05 0.5 p-1 -4020665 16
585 628 m2 813635 -0.020000888 0.5 p-1 -34361 22
311 630 m2 815122 0.00272857235 0.5 p-1 -1144638 494
86 631 m2 816065 0.00049483648 0.5 p-1 -3360901 434
166 632 m2 817804 -6.29866463e-07 0.5 p-1 -4131023 1119
87 633 m2 817838 -0.00656128908 0.5 p-1 -2632234 910
275 635 m2 819253 -3.55389025e-12 0.5 p-1 -783080 223
520 637 m2 825813 0.000294347672 0.5 p-1 -15934 5
88 638 m2 827763 -0.0521009825 0.5 p-1 -2229339 439
349 639 m2 828432 -0.0357857682 0.5 p-1 -5580573 155
434 640 m2 829153 0.0216346737 0.5 p-1 -470898 56
321 642 m2 831342 -0.0032992647 0.5 p-1 -1665292 412
384 645 m2 833265 0.0304327253 0.5 p-1 -25855 40
621 649 m2 840278 -0.00303537282 0.5 p-1 -549207 3
567 652 m2 843298 -0.0082441289 0.5 p-1 -655785 60
167 655 m2 844627 -0.000229706013 0.5 p-1 -826363 256
221 656 m2 846085 -0.00136970275 0.5 p-1 -29569 36
91 657 m2 846288 -0.036646001 0.5 p-1 -1727024 1606
92 658 m2 847823 -0.00166105211 0.5 p-1 -8093286 1771
394 659 m2 849024 1.3350993e-05 0.5 p-1 -1100710 47
761 660 m2 849040 0.0128345983 0.5 p-1 -5253 1
222 661 m2 860998 -4.20944707e-06 0.5 p-1 -4377817 343
409 662 m2 864300 -0.0116571086 0.5 p-1 -468192 91
168 663 m2 864434 0.000328185852 0.5 p-1 -6897268 1093
741 664 m2 864444 -0.03161107 0.5 p-1 -12807 2
668 665 m2 866707 0.00130673847 0.5 p-1 -4986 3
223 667 m2 868948 0.00175590313 0.5 p-1 -5858196 336
224 668 m2 869001 -0.00775211258 0.5 p-1 -758144 336
95 669 m2 871856 -3.99276541e-06 0.5 p-1 -4193401 1076
501 671 m2 874394 -0.000171325213 0.5 p-1 -100548 18
276 672 m2 875992 -0.020594338 0.5 p-1 -4143003 717
96 674 m2 876737 -0.0210819393 0.5 p-1 -2527730 654
456 675 m2 877584 -4.11422398e-08 0.5 p-1 -415153 125
169 676 m2 879386 0.00112709333 0.5 p-1 -2988942 1088
729 677 m2 879521 0.0011413818 0.5 p-1 -112657 3
97 678 m2 880755 -0.000208062556 0.5 p-1 -4046034 1099
170 679 m2 882876 -0.00131565065 0.5 p-1 -1500455 401
370 680 m2 884825 9.13956137e-06 0.5 p-1 -280268 187
625 681 m2 885632 0.00395694608 0.5 p-1 -385966 15
663 682 m2 887745 -0.00976248365 0.5 p-1 -292443 35
171 683 m2 890689 -0.00370073109 0.5 p-1 -3006688 774
98 684 m2 892379 -0.000728779647 0.5 p-1 -886335 594
249 686 m2 894887 0.00626101671 0.5 p-1 -1111709 128
476 687 m2 898000 0.00267620175 0.5 p-1 -161852 20
99 688 m2 898861 -0.00863029901 0.5 p-1 -5422249 564
442 690 m2 900473 -0.000741341384 0.5 p-1 -24483 23
100 691 m2 900779 7.57567104e-05 0.5 p-1 -111997 91
197 693 m2 902650 0.032021679 0.5 p-1 -4488106 1347
577 695 m2 905734 -0.000174056389 0.5 p-1 -113437 6
477 696 m2 906644 0.000266536139 0.5 p-1 -300900 60
198 697 m2 907065 0.0332812406 0.5 p-1 -24679 31
733 698 m2 907079 0.00917564332 0.5 p-1 -13660 5
639 699 m2 907381 -0.03925943 0.5 p-1 -7934 2
378 700 m2 907441 0.0264079273 0.5 p-1 -218990 144
199 701 m2 907619 0.00163898396 0.5 p-1 -1065161 519
523 702 m2 909118 4.53511202e-05 0.5 p-1 -2619422 46
101 703 m2 909601 4.55380103e-07 0.5 p-1 -2326629 1778
644 705 m2 910096 0.000388077809 0.5 p-1 -432869 1
172 706 m2 912125 0.00383913517 0.5 p-1 -1105275 541
200 707 m2 912618 0.000840398832 0.5 p-1 -2854600 852
358 708 m2 916109 0.00212681829 0.5 p-1 -309962 88
102 710 m2 918570 -0.000570568314 0.5 p-1 -2949477 1075
448 711 m2 921186 -3.8334405e-05 0.5 p-1 -159518 37
104 712 m2 923679 -8.74339001e-09 0.5 p-1 -7497582 1104
201 713 m2 924868 -0.00740374951 0.5 p-1 -1777488 431
105 714 m2 925556 0.0455037206 0.5 p-1 -10071181 1453
106 715 m2 929547 -0.00196143449 0.5 p-1 -2564944 359
565 716 m2 930243 -0.00128633541 0.5 p-1 -3956 31
335 717 m2 930414 0.00178917754 0.5 p-1 -124476 21
107 718 m2 930976 0.0339211114 0.5 p-1 -1333283 911
108 719 m2 931139 0.00296067866 0.5 p-1 -10730473 1645
489 720 m2 935349 -0.057598114 0.5 p-1 -12518 30
379 721 m2 937327 9.27033834e-05 0.5 p-1 -435032 101
173 724 m2 940443 0.0001945447 0.5 p-1 -5776644 967
721 725 m2 940922 0.00288834283 0.5 p-1 -16866 5
109 726 m2 944287 -1.59831779e-06 0.5 p-1 -2016904 514
225 727 m2 945546 0.000198962196 0.5 p-1 -686327 43
645 728 m2 946291 -0.00323700486 0.5 p-1 -11174 8
174 729 m2 947593 0.00734980451 0.5 p-1 -2266363 993
765 731 m2 948882 0.000143563753 0.5 p-1 -217444 1
610 733 m2 951766 -0.0555650853 0.5 p-1 -253354 8
752 737 m2 960610 -5.27411867e-05 0.5 p-1 -4952 5
400 738 m2 962724 -0.00795533694 0.5 p-1 -177095 37
110 739 m2 962741 0.0489759222 0.5 p-1 -15691641 1044
622 740 m2 965301 -0.0140825175 0.5 p-1 -205334 20
689 742 m2 970278 0.000881676853 0.5 p-1 -13844 7
226 743 m2 970651 0.00147663779 0.5 p-1 -15758324 113
745 744 m2 973770 -0.0170980785 0.5 p-1 -27524 1
312 745 m2 973837 -0.0860891938 0.5 p-1 -85874 30
359 746 m2 974433 0.0143717844 0.5 p-1 -40810 30
176 748 m2 975911 4.14529604e-05 0.5 p-1 -4407978 558
515 749 m2 979804 6.30455179e-05 0.5 p-1 -68100 5
648 751 m2 983035 -0.0284492411 0.5 p-1 -9663 4
532 752 m2 985703 -0.000326738431 0.5 p-1 -89225 73
751 753 m2 985974 -0.012795683 0.5 p-1 -13770 1
688 755 m2 986009 -0.00404524989 0.5 p-1 -5277 9
510 757 m2 986158 0.00310462993 0.5 p-1 -5854496 52
708 760 m2 996018 -0.00166051637 0.5 p-1 -71126 5
313 761 m2 997369 -0.00167785853 0.5 p-1 -189013 195
570 762 m2 999535 0.0986904204 0.5 p-1 -262837 74
114 763 m2 999851 0.00419162819 0.5 p-1 -445728 197
669 765 m2 846849 -3.58954367e-06 0.5 p0 2 7
497 769 m2 268131 0.00348795624 0.5 p0 2 10
735 775 m2 275960 0.0134105645 0.5 p0 2 1
618 782 m2 173064 0.000207652469 0.5 p0 2 5
637 785 m2 547717 0.000610552321 0.5 p0 2 9
472 787 m2 228444 -1.295939e-06 0.5 p0 2 11
595 794 m2 940808 1.21605308e-06 0.5 p0 2 20
716 817 m2 844690 -0.00672846474 0.5 p0 2 3
754 828 m2 475249 1.97595564e-05 0.5 p0 2 1
725 834 m2 154988 -0.0025669029 0.5 p0 2 1
705 836 m2 260530 0.0355139934 0.5 p0 2 8
736 841 m2 680242 -0.00523036998 0.5 p0 2 2
600 844 m2 519297 0.00181548961 0.5 p0 2 13
726 848 m2 368274 -0.00130506302 0.5 p0 2 5
667 854 m2 832783 1.18513581e-05 0.5 p0 2 4
549 868 m2 984565 0.0848608613 0.5 p0 2 11
443 869 m2 309259 0.00411930773 0.5 p0 2 13
617 872 m2 811527 0.0174038876 0.5 p0 2 2
603 877 m2 880561 -0.0858182162 0.5 p0 2 7
763 885 m2 602772 0.02127604 0.5 p0 2 1
651 895 m2 236173 -0.0022713209 0.5 p0 2 3
724 901 m2 785279 0.0958140716 0.5 p0 2 2
538 911 m2 862660 0.000432226399 0.5 p0 2 21
753 925 m2 9922 7.7916593e-05 0.5 p0 2 1
750 931 m2 550617 0.0211954601 0.5 p0 2 1
738 939 m2 703503 0.00154462678 0.5 p0 2 5
579 941 m1 2187 0 0.5 p-1 -15464 14
323 942 m1 2458 -0 0.5 p-1 -101974 32
469 944 m1 9274 -0 0.5 p-1 -959272 152
177 945 m1 12199 0 0.5 p-1 -950764 484
661 946 m1 16180 -0 0.5 p-1 -8680 6
482 947 m1 22452 0 0.5 p-1 -99840 71
695 948 m1 26799 0 0.5 p-1 -4321 2
324 949 m1 27146 -0 0.5 p-1 -220531 46
352 952 m1 34104 0 0.5 p-1 -1069537 106
202 953 m1 36991 -0 0.5 p-1 -10504351 282
539 954 m1 43775 -0 0.5 p-1 -266911 120
366 955 m1 45605 0 0.5 p-1 -129464 95
178 957 m1 50718 -0 0.5 p-1 -4149986 164
122 958 m1 51955 -0 0.5 p-1 -1378180 1087
612 959 m1 54094 0 0.5 p-1 -18954 2
252 960 m1 54223 -0 0.5 p-1 -112529 75
203 961 m1 55156 -0 0.5 p-1 -359208 460
403 962 m1 56897 0 0.5 p-1 -66341 56
453 963 m1 60790 -0 0.5 p-1 -109169 46
524 965 m1 78096 -0 0.5 p-1 -386476 56
230 966 m1 89364 0 0.5 p-1 -297182 105
657 967 m1 90671 0 0.5 p-1 -146039 7
6 968 m1 101953 -0 0.5 p-1 -3401617 1646
124 969 m1 102591 0 0.5 p-1 -1543795 497
578 970 m1 103346 -0 0.5 p-1 -6304 5
404 972 m1 106040 -0 0.5 p-1 -392842 170
205 973 m1 109614 0 0.5 p-1 -2392073 1266
337 975 m1 125120 0 0.5 p-1 -516448 253
608 976 m1 133475 -0 0.5 p-1 -110508 17
281 978 m1 137962 0 0.5 p-1 -25469 48
180 979 m1 138637 -0 0.5 p-1 -2647735 521
9 982 m1 148551 0 0.5 p-1 -346744 273
395 983 m1 150820 -0 0.5 p-1 -173212 22
504 986 m1 155822 -0 0.5 p-1 -839010 107
495 987 m1 156859 0 0.5 p-1 -1507412 37
505 988 m1 157514 0 0.5 p-1 -1110846 126
690 992 m1 165825 -0 0.5 p-1 -5552 2
513 993 m1 168490 0 0.5 p-1 -79340 13
11 994 m1 172474 -0 0.5 p-1 -685355 536
13 995 m1 183427 0 0.5 p-1 -3500683 1441
132 996 m1 185563 0 0.5 p-1 -247674 145
135 998 m1 202890 0 0.5 p-1 -4861678 1489
327 1000 m1 214696 0 0.5 p-1 -537191 234
317 1001 m1 215596 0 0.5 p-1 -6796050 737
17 1002 m1 219321 0 0.5 p-1 -658890 457
584 1003 m1 230660 0 0.5 p-1 -328185 14
234 1004 m1 232297 0 0.5 p-1 -985445 253
649 1006 m1 244200 0 0.5 p-1 -79195 11
235 1007 m1 244657 0 0.5 p-1 -188599 181
236 1010 m1 253216 -0 0.5 p-1 -1271142 442
739 1011 m1 254073 -0 0.5 p-1 -52592 2
139 1012 m1 254079 0 0.5 p-1 -376237 123
328 1014 m1 264157 0 0.5 p-1 -1176276 533
23 1015 m1 268564 -0 0.5 p-1 -5188627 1659
535 1016 m1 279151 0 0.5 p-1 -1602925 104
558 1017 m1 288226 -0 0.5 p-1 -156584 20
743 1019 m1 291476 -0 0.5 p-1 -53380 4
607 1021 m1 294407 -0 0.5 p-1 -30162 8
396 1022 m1 295215 -0 0.5 p-1 -898387 174
141 1023 m1 299833 0 0.5 p-1 -2290098 1140
30 1025 m1 323231 0 0.5 p-1 -5362344 1957
209 1027 m1 331080 -0 0.5 p-1 -4202367 786
444 1030 m1 340257 0 0.5 p-1 -39730 14
238 1031 m1 342246 0 0.5 p-1 -967137 195
527 1032 m1 343443 -0 0.5 p-1 -163743 39
33 1033 m1 344393 0 0.5 p-1 -3668273 560
635 1034 m1 347794 0 0.5 p-1 -209846 32
492 1036 m1 363940 -0 0.5 p-1 -45990 100
38 1037 m1 365666 0 0.5 p-1 -6759166 1253
40 1038 m1 373972 -0 0.5 p-1 -8080516 1629
582 1039 m1 378924 -0 0.5 p-1 -47879 8
381 1040 m1 384226 0 0.5 p-1 -300391 344
260 1041 m1 393852 -0 0.5 p-1 -1951817 248
261 1042 m1 394235 -0 0.5 p-1 -3376270 884
43 1043 m1 395280 0 0.5 p-1 -3078418 1065
45 1046 m1 403427 0 0.5 p-1 -6206402 501
48 1047 m1 414312 -0 0.5 p-1 -1687026 307
509 1048 m1 416642 0 0.5 p-1 -500 7
714 1049 m1 420773 0 0.5 p-1 -127067 16
706 1050 m1 422413 0 0.5 p-1 -111982 2
330 1052 m1 431477 -0 0.5 p-1 -242295 53
262 1053 m1 437151 0 0.5 p-1 -950631 90
264 1054 m1 444683 0 0.5 p-1 -3970815 1111
672 1056 m1 448636 0 0.5 p-1 -54991 4
734 1057 m1 454965 0 0.5 p-1 -75778 3
723 1061 m1 474333 -0 0.5 p-1 -52703 2
673 1065 m1 498189 0 0.5 p-1 -31762 15
53 1067 m1 504628 0 0.5 p-1 -892288 345
54 1068 m1 506474 0 0.5 p-1 -791265 791
213 1069 m1 512345 0 0.5 p-1 -246122 37
55 1071 m1 522509 -0 0.5 p-1 -4238143 929
562 1072 m1 523801 0 0.5 p-1 -41129 20
187 1073 m1 527672 0 0.5 p-1 -2319939 646
423 1075 m1 527822 0 0.5 p-1 -80440 9
698 1076 m1 528482 -0 0.5 p-1 -42188 4
305 1077 m1 529498 0 0.5 p-1 -836306 178
188 1078 m1 531540 0 0.5 p-1 -91819 102
756 1079 m1 531826 -0 0.5 p-1 -6938 1
57 1080 m1 536475 0 0.5 p-1 -2014675 782
480 1082 m1 553005 -0 0.5 p-1 -3031 18
447 1083 m1 555960 0 0.5 p-1 -873534 105
191 1084 m1 558308 -0 0.5 p-1 -113105 24
710 1085 m1 558834 -0 0.5 p-1 -5825 6
744 1086 m1 560830 -0 0.5 p-1 -28408 2
59 1087 m1 561307 0 0.5 p-1 -1459731 817
485 1088 m1 567543 0 0.5 p-1 -492998 68
215 1090 m1 570151 0 0.5 p-1 -6695968 443
267 1094 m1 585702 0 0.5 p-1 -2188640 264
701 1095 m1 587548 0 0.5 p-1 -125856 12
424 1097 m1 594501 0 0.5 p-1 -741256 196
581 1100 m1 618225 -0 0.5 p-1 -7323 12
728 1102 m1 622283 -0 0.5 p-1 -15558 2
269 1104 m1 625136 -0 0.5 p-1 -1470523 263
344 1105 m1 631854 0 0.5 p-1 -51718 14
636 1106 m1 633453 -0 0.5 p-1 -30015 21
345 1108 m1 644544 -0 0.5 p-1 -636902 78
575 1109 m1 647686 -0 0.5 p-1 -905103 42
616 1110 m1 664983 0 0.5 p-1 -154441 31
417 1112 m1 671599 0 0.5 p-1 -85336 65
375 1113 m1 671628 -0 0.5 p-1 -379474 76
66 1114 m1 681045 0 0.5 p-1 -1976619 354
488 1115 m1 690104 -0 0.5 p-1 -281643 58
69 1116 m1 693124 -0 0.5 p-1 -256079 348
272 1117 m1 700592 -0 0.5 p-1 -126496 16
707 1118 m1 700649 -0 0.5 p-1 -255280 11
747 1119 m1 705917 0 0.5 p-1 -61794 1
246 1120 m1 707425 0 0.5 p-1 -736257 83
72 1122 m1 712171 -0 0.5 p-1 -598921 212
73 1123 m1 712245 0 0.5 p-1 -2717753 1919
457 1124 m1 715327 0 0.5 p-1 -249233 122
376 1125 m1 720360 -0 0.5 p-1 -289732 230
159 1126 m1 721755 0 0.5 p-1 -9102605 188
334 1127 m1 726715 0 0.5 p-1 -122277 129
418 1128 m1 738417 0 0.5 p-1 -2986460 125
419 1129 m1 739610 0 0.5 p-1 -2978395 60
163 1130 m1 741988 0 0.5 p-1 -1315540 523
319 1131 m1 756409 0 0.5 p-1 -316535 12
320 1132 m1 758119 -0 0.5 p-1 -118608 12
80 1133 m1 759979 -0 0.5 p-1 -6637579 953
82 1136 m1 770672 -0 0.5 p-1 -467471 296
543 1137 m1 772067 0 0.5 p-1 -59536 63
408 1138 m1 776075 -0 0.5 p-1 -616319 201
557 1139 m1 777546 0 0.5 p-1 -1759227 42
601 1140 m1 782281 -0 0.5 p-1 -5995 7
589 1141 m1 785957 -0 0.5 p-1 -131334 19
684 1142 m1 794216 0 0.5 p-1 -19063 5
429 1143 m1 797410 0 0.5 p-1 -28350 86
748 1146 m1 809863 -0 0.5 p-1 -6940 1
322 1149 m1 832954 0 0.5 p-1 -534854 52
350 1150 m1 834459 -0 0.5 p-1 -151843 51
435 1151 m1 837490 -0 0.5 p-1 -28827 19
89 1152 m1 839768 -0 0.5 p-1 -5978714 1414
568 1153 m1 841824 0 0.5 p-1 -69643 9
90 1154 m1 843534 -0 0.5 p-1 -1878974 1028
393 1155 m1 848889 -0 0.5 p-1 -8283256 47
93 1156 m1 859949 -0 0.5 p-1 -6062324 1739
94 1157 m1 861427 -0 0.5 p-1 -3354662 1683
468 1159 m1 865802 0 0.5 p-1 -182740 124
248 1160 m1 868671 -0 0.5 p-1 -319167 420
484 1165 m1 889210 -0 0.5 p-1 -291982 33
675 1166 m1 889393 0 0.5 p-1 -547 3
494 1167 m1 890079 -0 0.5 p-1 -20466 13
103 1170 m1 920671 -0 0.5 p-1 -255625 256
594 1171 m1 922020 0 0.5 p-1 -1010 23
573 1172 m1 923125 0 0.5 p-1 -62256 12
548 1173 m1 926069 -0 0.5 p-1 -21432 15
534 1175 m1 928160 -0 0.5 p-1 -3476764 35
742 1177 m1 935859 0 0.5 p-1 -28144 2
449 1179 m1 939686 -0 0.5 p-1 -39855 22
722 1181 m1 958470 -0 0.5 p-1 -24424 4
554 1182 m1 964214 0 0.5 p-1 -60930 55
111 1183 m1 967702 -0 0.5 p-1 -5580101 1707
175 1184 m1 969386 0 0.5 p-1 -6800266 545
351 1185 m1 978604 0 0.5 p-1 -3151332 564
112 1186 m1 979280 0 0.5 p-1 -664588 122
385 1187 m1 995682 0 0.5 p-1 -684459 151
113 1188 m1 998208 0 0.5 p-1 -2405288 951
