Temp_ID Permanent_ID Mutation_type Position s h Subpop Tick Number
227 0 m2 544 -0.00030150832 0.5 p-1 -1457 6
131 1 m2 3041 -0.0163678713 0.5 p-1 -142331 41
87 2 m2 9299 -1.9712299e-05 0.5 p-1 -257632 55
179 3 m2 12311 -1.59969222e-05 0.5 p-1 -109312 27
94 7 m2 46181 -0.0102143716 0.5 p-1 -3155127 385
71 8 m2 47679 -0.00645942846 0.5 p-1 -480417 217
56 9 m2 57693 -5.9381382e-06 0.5 p-1 -162190 41
204 10 m2 60271 -0.0722407773 0.5 p-1 -10283 7
263 12 m2 63871 -0.000329555682 0.5 p-1 -15678 2
220 13 m2 65770 -0.00172389031 0.5 p-1 -19142 9
82 14 m2 71189 -0.00728557399 0.5 p-1 -9065 4
117 15 m2 74624 -0.000628877373 0.5 p-1 -106142 42
238 17 m2 77388 -0.0270828698 0.5 p-1 -22553 1
72 18 m2 79299 -0.00431026751 0.5 p-1 -1016712 796
0 20 m2 86455 -0.0239300448 0.5 p-1 -867639 596
262 21 m2 90091 -0.00682617258 0.5 p-1 -10040 5
160 23 m2 97956 -0.00054203195 0.5 p-1 -1492640 90
197 25 m2 110664 -0.00251362473 0.5 p-1 -13188 3
217 26 m2 112574 -0.00703755161 0.5 p-1 -7849 1
25 27 m2 118198 -3.50163173e-05 0.5 p-1 -1402820 657
79 30 m2 124605 -0.00105361594 0.5 p-1 -823579 443
195 31 m2 126853 -0.0223185569 0.5 p-1 -141268 24
26 32 m2 128821 -0.00961483642 0.5 p-1 -1812574 476
168 34 m2 145218 -0.0120377662 0.5 p-1 -135436 22
216 35 m2 153502 -0.043667417 0.5 p-1 -675 2
223 37 m2 158152 -0.00156060362 0.5 p-1 -54534 14
83 38 m2 162075 -0.0152458465 0.5 p-1 -33088 7
27 39 m2 164140 -0.0192486439 0.5 p-1 -3139681 793
224 40 m2 167772 -0.00421250612 0.5 p-1 -85433 16
247 41 m2 170656 -0.0068381927 0.5 p-1 -30941 3
95 43 m2 182080 -0.0299045574 0.5 p-1 -509233 120
101 45 m2 186115 -2.95771834e-08 0.5 p-1 -574262 80
245 46 m2 187432 -0.000557751337 0.5 p-1 -103006 5
164 48 m2 202884 -0.00180545647 0.5 p-1 -54369 60
28 49 m2 207857 -0.0788451284 0.5 p-1 -1303391 1291
88 50 m2 212843 -7.80865867e-06 0.5 p-1 -1905240 353
140 52 m2 218628 -0.00986926444 0.5 p-1 -88720 3
246 53 m2 222408 -0.0209738407 0.5 p-1 -9747 2
137 54 m2 226764 -0.000226915232 0.5 p-1 -950708 24
201 55 m2 227380 -0.00531880651 0.5 p-1 -94043 38
214 58 m2 234043 -0.00989817921 0.5 p-1 -51480 10
163 59 m2 238243 -3.93654673e-08 0.5 p-1 -9552 22
132 60 m2 263555 -0.000842869747 0.5 p-1 -23359 16
5 61 m2 265288 -0.0194759294 0.5 p-1 -5525334 771
118 62 m2 271910 -0.0258592665 0.5 p-1 -299988 63
159 68 m2 288849 -0.000207245626 0.5 p-1 -58174 53
182 69 m2 304287 -0.00332840672 0.5 p-1 -349104 38
58 70 m2 305896 -0.0259001963 0.5 p-1 -1976955 1006
80 71 m2 310938 -9.47896333e-05 0.5 p-1 -835879 638
203 72 m2 317640 -0.000693815062 0.5 p-1 -373 11
161 73 m2 322055 -0.000825274561 0.5 p-1 -29083 9
6 74 m2 322616 -0.0252362136 0.5 p-1 -2594776 1003
31 75 m2 326124 -2.49538251e-10 0.5 p-1 -3267257 954
7 76 m2 326791 -0.00769248046 0.5 p-1 -74352 61
66 77 m2 327770 -0.000303359411 0.5 p-1 -2278374 1263
199 79 m2 335935 -0.0137818614 0.5 p-1 -5180 5
8 80 m2 339530 -0.00234649167 0.5 p-1 -6744742 1405
176 81 m2 341681 -0.0314542092 0.5 p-1 -21795 10
59 82 m2 348191 -0.0035895831 0.5 p-1 -5110440 894
84 83 m2 360665 -3.48512295e-11 0.5 p-1 -2771329 397
9 86 m2 374859 -5.83356705e-05 0.5 p-1 -4858496 1818
10 87 m2 379170 -0.0684549809 0.5 p-1 -2134012 676
221 88 m2 385145 -0.000234748091 0.5 p-1 -62345 17
108 90 m2 390560 -0.00180765789 0.5 p-1 -861893 194
189 94 m2 415223 -5.52491547e-05 0.5 p-1 -77412 16
127 95 m2 417289 -0.0464368649 0.5 p-1 -500013 206
111 96 m2 419572 -0.0527321063 0.5 p-1 -777035 216
106 97 m2 422405 -0.00245212438 0.5 p-1 -229591 310
174 98 m2 427163 -0.00404797541 0.5 p-1 -415067 107
212 99 m2 429596 -0.0513062663 0.5 p-1 -1153761 5
119 100 m2 431144 -0.0065234215 0.5 p-1 -383370 102
229 104 m2 439888 -0.00615208736 0.5 p-1 -7350 4
12 105 m2 442821 -0.00214424846 0.5 p-1 -14147505 1951
173 107 m2 452334 -0.00262863026 0.5 p-1 -31779 5
112 108 m2 459499 -0.0228266437 0.5 p-1 -119583 33
13 109 m2 460945 -0.00146790664 0.5 p-1 -325311 224
208 110 m2 463782 -1.11368026e-10 0.5 p-1 -16032 23
194 111 m2 464458 -0.0201017391 0.5 p-1 -52279 2
48 112 m2 470669 -0.00103765971 0.5 p-1 -1790691 581
85 114 m2 486152 -0.00172593491 0.5 p-1 -151309 75
78 115 m2 486503 -0.00163963332 0.5 p-1 -1909875 728
32 118 m2 499661 -0.000240296373 0.5 p-1 -3525723 1181
177 119 m2 503636 -0.108150095 0.5 p-1 -347692 33
121 120 m2 503663 -0.000410679379 0.5 p-1 -654948 253
143 121 m2 504261 -1.25153619e-07 0.5 p-1 -382638 39
33 123 m2 506680 -0.00908523425 0.5 p-1 -4008868 421
141 124 m2 507613 -4.73807586e-06 0.5 p-1 -115365 28
34 125 m2 514939 -0.00339954416 0.5 p-1 -5889977 1252
157 127 m2 519786 -0.0634114891 0.5 p-1 -516726 135
193 128 m2 526557 -1.35506695e-09 0.5 p-1 -304505 20
231 129 m2 526890 -0.0158010293 0.5 p-1 -117684 2
97 130 m2 527673 -0.00126604945 0.5 p-1 -51140 16
123 131 m2 534032 -0.0322792195 0.5 p-1 -333920 108
178 133 m2 538594 -0.000247811811 0.5 p-1 -1940709 33
153 134 m2 543991 -0.00129835075 0.5 p-1 -61014 45
250 135 m2 546176 -9.59509271e-05 0.5 p-1 -11620 1
122 137 m2 550992 -0.0206666365 0.5 p-1 -97835 98
188 138 m2 553336 -0.000187874117 0.5 p-1 -51044 26
252 139 m2 558151 -0.00795525406 0.5 p-1 -2595 2
102 142 m2 571012 -0.00874365028 0.5 p-1 -6058928 346
49 143 m2 577233 -0.00151153211 0.5 p-1 -1645118 851
144 144 m2 581289 -0.00888052583 0.5 p-1 -81032 28
14 145 m2 585052 -0.00126923271 0.5 p-1 -4904577 724
134 146 m2 592989 -0.042808339 0.5 p-1 -1768320 120
90 148 m2 594578 -0.0219762214 0.5 p-1 -6416020 189
50 149 m2 603383 -0.00505756075 0.5 p-1 -4877857 980
107 150 m2 605362 -0.00183394668 0.5 p-1 -19764 17
210 151 m2 608719 -2.19068647e-06 0.5 p-1 -1295 2
242 152 m2 610310 -0.000527749711 0.5 p-1 -2046 2
113 153 m2 614890 -0.000649038062 0.5 p-1 -273878 10
114 154 m2 619494 -9.52795672e-05 0.5 p-1 -291738 213
67 155 m2 620063 -0.00125832111 0.5 p-1 -41597 63
180 157 m2 629523 -0.00201802026 0.5 p-1 -60852 23
256 158 m2 630542 -0.00822643284 0.5 p-1 -9792 1
15 162 m2 652664 -0.000229393845 0.5 p-1 -4343262 1932
257 163 m2 659586 -0.00235070405 0.5 p-1 -16353 1
165 165 m2 671350 -0.0121311182 0.5 p-1 -144816 75
91 166 m2 674384 -0.000483685377 0.5 p-1 -430369 135
103 167 m2 675762 -0.00767036295 0.5 p-1 -252586 134
259 168 m2 676347 -1.07589221e-05 0.5 p-1 -9610 2
135 169 m2 679426 -0.00710414397 0.5 p-1 -168086 58
100 170 m2 691687 -0.000144041638 0.5 p-1 -181843 323
104 171 m2 698917 -0.00682958635 0.5 p-1 -144168 33
68 174 m2 710066 -0.0196941588 0.5 p-1 -3262395 368
62 175 m2 713299 -0.00597693864 0.5 p-1 -161210 93
181 177 m2 729621 -0.00185560109 0.5 p-1 -76320 24
38 178 m2 731098 -0.0123924604 0.5 p-1 -2525588 1520
69 179 m2 731441 -0.000181879645 0.5 p-1 -67050 68
39 180 m2 739421 -0.0174308158 0.5 p-1 -91951 20
75 181 m2 743355 -0.0143215051 0.5 p-1 -406797 129
139 182 m2 753997 -0.0191282444 0.5 p-1 -117785 140
53 183 m2 754568 -0.00302876718 0.5 p-1 -521060 304
241 185 m2 760639 -0.016603021 0.5 p-1 -3239 1
258 186 m2 760779 -0.0538559854 0.5 p-1 -730 7
40 187 m2 765883 -0.0606064983 0.5 p-1 -4567412 678
63 190 m2 771309 -0.0735459849 0.5 p-1 -427187 339
146 191 m2 775396 -0.00563115161 0.5 p-1 -54504 21
154 192 m2 776084 -0.00474367384 0.5 p-1 -353793 134
41 193 m2 777547 -0.000197321569 0.5 p-1 -845376 228
166 195 m2 783133 -0.00447924715 0.5 p-1 -358880 125
147 197 m2 790236 -0.00602641981 0.5 p-1 -84229 95
130 198 m2 793025 -4.86530195e-13 0.5 p-1 -4035240 429
158 199 m2 797961 -0.00469418988 0.5 p-1 -2505507 144
64 200 m2 798519 -0.0132913124 0.5 p-1 -59248 32
42 201 m2 801567 -0.00125923532 0.5 p-1 -2266344 1547
187 202 m2 803406 -5.62171699e-05 0.5 p-1 -61708 13
215 203 m2 806428 -0.0156480763 0.5 p-1 -38939 32
54 204 m2 807195 -0.000489523169 0.5 p-1 -1284674 1111
170 206 m2 814576 -0.00779248588 0.5 p-1 -51452 28
92 207 m2 814764 -0.000843598391 0.5 p-1 -5506 1
243 208 m2 816316 -1.01060346e-06 0.5 p-1 -174534 8
150 210 m2 819449 -0.0104951551 0.5 p-1 -54358 35
105 211 m2 821380 -0.000579144456 0.5 p-1 -216504 99
237 212 m2 822569 -0.00202522846 0.5 p-1 -145371 6
124 214 m2 825989 -2.27555286e-09 0.5 p-1 -5921 7
151 217 m2 833286 -0.0470191501 0.5 p-1 -2123507 146
76 218 m2 843912 -0.0397894904 0.5 p-1 -686852 40
226 219 m2 847663 -0.000172418979 0.5 p-1 -33153 10
206 221 m2 857997 -2.82016822e-06 0.5 p-1 -377406 3
43 222 m2 859913 -0.000280277338 0.5 p-1 -4693505 136
99 223 m2 863004 -0.00193702721 0.5 p-1 -681246 185
239 224 m2 867656 -0.00215340429 0.5 p-1 -21863 11
213 225 m2 874466 -0.000184159464 0.5 p-1 -57001 10
230 226 m2 876886 -0.0758128762 0.5 p-1 -51077 9
125 227 m2 880194 -0.00563415 0.5 p-1 -235861 174
156 229 m2 908097 -1.29725349e-05 0.5 p-1 -286007 102
261 231 m2 910408 -0.0149380742 0.5 p-1 -1596 1
191 232 m2 913156 -0.000424680067 0.5 p-1 -19312 11
55 233 m2 913989 -0.000807170814 0.5 p-1 -919835 484
202 235 m2 920026 -0.000265807612 0.5 p-1 -12169 4
185 239 m2 927072 -0.0468941033 0.5 p-1 -69597 7
192 240 m2 929723 -0.00361139094 0.5 p-1 -77828 25
152 242 m2 943116 -0.00157562969 0.5 p-1 -121495 38
222 243 m2 945727 -0.0383012444 0.5 p-1 -265488 8
167 244 m2 946157 -0.0178011432 0.5 p-1 -109290 29
44 245 m2 946224 -0.0299958214 0.5 p-1 -929760 786
115 246 m2 946428 -0.0159680825 0.5 p-1 -1237991 171
21 247 m2 951148 -0.0126694422 0.5 p-1 -2666963 1266
70 249 m2 958193 -1.63297773e-06 0.5 p-1 -1076060 530
22 250 m2 960271 -0.0113238245 0.5 p-1 -47975 37
232 251 m2 962930 -5.30547513e-05 0.5 p-1 -32808 11
264 252 m2 971495 -0.000185056051 0.5 p-1 -18441 1
196 253 m2 971574 -0.000471002539 0.5 p-1 -507992 34
47 254 m2 975873 -1.88146914e-05 0.5 p-1 -4367827 272
128 255 m2 976562 -0.0153702619 0.5 p-1 -365596 60
129 256 m2 977443 -0.015754642 0.5 p-1 -3458490 147
186 257 m2 979953 -6.23947053e-05 0.5 p-1 -23437 13
148 259 m2 983909 -6.40826556e-06 0.5 p-1 -152841 90
184 260 m2 989531 -9.02868996e-05 0.5 p-1 -24216 18
24 262 m2 998495 -0.00162605778 0.5 p-1 -8696379 1707
211 263 m2 999811 -0.000359989033 0.5 p-1 -5900 4
254 264 m2 630683 -0.000320847961 0.5 p0 2 7
249 265 m2 52801 -2.55852265e-05 0.5 p0 2 3
244 266 m2 422117 -0.00360317854 0.5 p0 2 1
228 268 m2 652814 -0.00336817908 0.5 p0 2 3
240 278 m2 319911 -4.27600622e-09 0.5 p0 2 2
251 279 m2 232455 -0.00378384395 0.5 p0 2 5
190 283 m2 588436 -0.120842218 0.5 p0 2 2
235 287 m2 335493 -0.00917660724 0.5 p0 2 2
207 295 m2 20952 -0.0265128165 0.5 p0 2 2
209 297 m2 382934 -8.85458212e-05 0.5 p0 2 5
219 299 m2 383506 -0.0672009736 0.5 p0 2 6
200 300 m2 766030 -0.00169191009 0.5 p0 2 1
248 302 m2 778284 -0.0451416746 0.5 p0 2 6
198 310 m1 12369 0 0.5 p-1 -722978 22
225 311 m1 18840 0 0.5 p-1 -18945 2
172 312 m1 34596 0 0.5 p-1 -261820 86
110 315 m1 68967 0 0.5 p-1 -517358 216
175 316 m1 70493 0 0.5 p-1 -228542 4
1 323 m1 186050 0 0.5 p-1 -1724598 1734
2 324 m1 187486 0 0.5 p-1 -3242587 392
57 325 m1 189084 0 0.5 p-1 -435499 677
3 326 m1 194438 0 0.5 p-1 -2300732 483
136 328 m1 198995 0 0.5 p-1 -833790 155
4 329 m1 200446 0 0.5 p-1 -909336 597
73 330 m1 201132 0 0.5 p-1 -602297 677
29 331 m1 219156 0 0.5 p-1 -1993295 644
30 332 m1 249046 0 0.5 p-1 -61069 85
74 334 m1 320374 0 0.5 p-1 -287274 36
142 335 m1 353414 0 0.5 p-1 -42245 3
89 336 m1 358379 0 0.5 p-1 -126456 23
60 337 m1 375149 0 0.5 p-1 -133148 74
138 339 m1 386985 0 0.5 p-1 -204373 244
77 340 m1 392927 0 0.5 p-1 -1428136 403
11 342 m1 404124 0 0.5 p-1 -3565478 1895
81 343 m1 426671 0 0.5 p-1 -41554 38
126 345 m1 449078 0 0.5 p-1 -6219 3
260 347 m1 468636 0 0.5 p-1 -6131 1
61 348 m1 475958 0 0.5 p-1 -556529 63
155 349 m1 485103 0 0.5 p-1 -5929256 108
171 350 m1 488437 0 0.5 p-1 -10679 21
86 352 m1 495925 0 0.5 p-1 -297126 343
96 353 m1 513318 0 0.5 p-1 -145927 51
35 354 m1 517726 0 0.5 p-1 -3543138 276
162 355 m1 520806 0 0.5 p-1 -693465 43
233 356 m1 548961 0 0.5 p-1 -307514 10
36 357 m1 553046 0 0.5 p-1 -1204382 137
98 358 m1 568375 0 0.5 p-1 -3662244 161
37 359 m1 575665 0 0.5 p-1 -215800 239
255 360 m1 584753 0 0.5 p-1 -6954 5
253 365 m1 655730 0 0.5 p-1 -164184 3
218 366 m1 663002 0 0.5 p-1 -76883 8
51 367 m1 667163 0 0.5 p-1 -3291043 519
52 368 m1 671051 0 0.5 p-1 -8763404 1191
16 369 m1 701035 0 0.5 p-1 -1344246 1039
145 370 m1 716166 0 0.5 p-1 -29297 42
120 371 m1 723557 0 0.5 p-1 -1062317 58
17 374 m1 777176 0 0.5 p-1 -3794047 374
149 375 m1 778587 0 0.5 p-1 -11177 24
169 376 m1 781692 0 0.5 p-1 -125711 33
133 377 m1 784482 0 0.5 p-1 -8645 4
205 379 m1 794001 0 0.5 p-1 -31958 10
18 380 m1 800600 0 0.5 p-1 -3589909 1256
183 381 m1 833978 0 0.5 p-1 -25070 36
19 382 m1 840834 0 0.5 p-1 -1053542 321
20 384 m1 863231 0 0.5 p-1 -7006415 1982
65 387 m1 909009 0 0.5 p-1 -272688 109
234 388 m1 912940 0 0.5 p-1 -10307 4
45 392 m1 954438 0 0.5 p-1 -9277586 1880
236 393 m1 958670 0 0.5 p-1 -8785 9
116 394 m1 965076 0 0.5 p-1 -163649 21
46 395 m1 970637 0 0.5 p-1 -4770189 715
109 396 m1 974618 0 0.5 p-1 -148833 64
23 397 m1 987803 0 0.5 p-1 -7934994 1809
93 398 m1 991859 0 0.5 p-1 -372590 81
