Temp_ID Permanent_ID Mutation_type Position s h Subpop Tick Number
357 0 m2 2733 0.011409116 0.5 p-1 -316850 153
287 2 m2 3763 0.000877694343 0.5 p-1 -3440952 259
341 3 m2 4307 5.70169577e-05 0.5 p-1 -297330 32
1057 6 m2 6071 -0.000129452019 0.5 p-1 -7846 2
418 7 m2 7733 0.0395405218 0.5 p-1 -516992 64
1 9 m2 9239 2.77714498e-05 0.5 p-1 -2500900 794
459 11 m2 11216 -0.000954528863 0.5 p-1 -6180673 259
533 12 m2 11462 0.000482366479 0.5 p-1 -813776 56
476 13 m2 11680 0.00119889888 0.5 p-1 -265600 329
534 14 m2 11754 -1.62098859e-05 0.5 p-1 -6934195 142
2 15 m2 12194 -0.000336386845 0.5 p-1 -560310 227
744 16 m2 12806 -0.0123175457 0.5 p-1 -4164 7
385 17 m2 12818 0.000109705012 0.5 p-1 -505262 34
940 18 m2 14759 0.00787216425 0.5 p-1 -5681 3
135 20 m2 16458 -1.77739441e-08 0.5 p-1 -645413 796
419 21 m2 16861 -0.0291974116 0.5 p-1 -578163 23
420 22 m2 17481 -1.54984064e-05 0.5 p-1 -84043 23
4 23 m2 18141 -1.61252615e-06 0.5 p-1 -1090913 147
1104 25 m2 18631 -0.000607556198 0.5 p-1 -494 1
5 27 m2 20229 2.21787741e-05 0.5 p-1 -1612123 884
862 29 m2 20971 0.00943990797 0.5 p-1 -11629 11
373 30 m2 21164 -0.00763435569 0.5 p-1 -1846636 489
342 31 m2 21199 -0.0019359485 0.5 p-1 -718620 241
434 32 m2 21704 -0.00324392645 0.5 p-1 -212372 33
722 33 m2 21778 0.00144178991 0.5 p-1 -72528 37
254 34 m2 24715 2.04250555e-05 0.5 p-1 -1840844 530
8 35 m2 25658 0.00465765316 0.5 p-1 -2753727 388
9 36 m2 26319 -0.000646097993 0.5 p-1 -5518886 687
288 37 m2 26855 -0.000222700968 0.5 p-1 -3617679 399
10 38 m2 27699 -0.00245747413 0.5 p-1 -1751556 206
289 41 m2 30548 -0.000162386146 0.5 p-1 -101336 184
811 42 m2 31240 -0.0263226423 0.5 p-1 -3071 1
602 43 m2 31789 0.00968882255 0.5 p-1 -219610 34
731 44 m2 32081 -1.32632549e-05 0.5 p-1 -50604 18
386 45 m2 33342 0.000114636918 0.5 p-1 -2445501 425
952 46 m2 33853 -0.0199033991 0.5 p-1 -11217 2
358 47 m2 33907 0.0152705163 0.5 p-1 -5768281 899
1076 48 m2 34688 0.00531820813 0.5 p-1 -23218 1
679 50 m2 35375 0.0039409278 0.5 p-1 -192643 32
812 52 m2 36715 0.0290985759 0.5 p-1 -5065 13
642 53 m2 37308 0.00612213416 0.5 p-1 -37681 30
876 54 m2 38175 0.0263569392 0.5 p-1 -12471 1
933 55 m2 38290 -0.0202817954 0.5 p-1 -280807 9
12 56 m2 39382 0.0726653263 0.5 p-1 -2817437 1420
782 57 m2 39657 -0.0108462851 0.5 p-1 -195122 10
1077 58 m2 39901 -0.00304447766 0.5 p-1 -13813 1
13 59 m2 40848 -0.0110787917 0.5 p-1 -6663828 1694
14 61 m2 42726 -0.0455099009 0.5 p-1 -1940967 1164
991 63 m2 43972 0.000147861443 0.5 p-1 -1229 1
501 64 m2 45330 0.0120786559 0.5 p-1 -287184 275
1031 65 m2 45446 -0.0252571758 0.5 p-1 -4920 6
15 67 m2 46493 0.000319999002 0.5 p-1 -754642 314
974 68 m2 46796 0.021318879 0.5 p-1 -7854 1
256 69 m2 48286 0.000333375152 0.5 p-1 -131297 79
17 71 m2 52270 -6.03494072e-07 0.5 p-1 -5743626 96
698 72 m2 52760 -0.00978651736 0.5 p-1 -26857 5
290 73 m2 53907 -0.00146980875 0.5 p-1 -155236 25
460 76 m2 57101 -0.00794167537 0.5 p-1 -696031 106
672 77 m2 57212 1.71900263e-06 0.5 p-1 -292827 113
18 79 m2 59648 8.43494519e-09 0.5 p-1 -5464852 653
678 81 m2 62343 -0.0185405035 0.5 p-1 -901552 44
257 82 m2 62792 -0.00749023911 0.5 p-1 -3399133 201
767 83 m2 63241 0.0077798767 0.5 p-1 -52818 5
649 84 m2 65258 0.0372630097 0.5 p-1 -146229 16
924 85 m2 65423 0.000120230783 0.5 p-1 -4020 5
19 86 m2 65534 0.00128256448 0.5 p-1 -2593746 992
344 87 m2 66039 -0.00925154518 0.5 p-1 -182872 160
20 88 m2 66554 -1.90344804e-06 0.5 p-1 -772145 729
360 89 m2 66690 -4.71939848e-06 0.5 p-1 -921564 76
502 90 m2 68264 0.0006411348 0.5 p-1 -79655 10
660 91 m2 69188 0.0153242955 0.5 p-1 -77051 12
320 92 m2 71452 1.2712545e-05 0.5 p-1 -2321940 310
470 94 m2 73722 0.00555013958 0.5 p-1 -2377731 66
21 95 m2 73801 -0.00114562549 0.5 p-1 -4011859 652
22 96 m2 74498 0.0374698602 0.5 p-1 -5502619 1508
1011 97 m2 77246 -2.40882255e-05 0.5 p-1 -16845 2
471 98 m2 80991 -6.73352531e-07 0.5 p-1 -638904 123
972 99 m2 82032 0.00175684283 0.5 p-1 -9687 2
1032 100 m2 85331 0.00200707559 0.5 p-1 -27600 5
462 101 m2 85794 -0.000815011037 0.5 p-1 -1323780 392
645 102 m2 87008 -0.0218161903 0.5 p-1 -111385 56
137 103 m2 87811 0.00163627241 0.5 p-1 -401339 395
387 104 m2 88949 3.42753192e-05 0.5 p-1 -2987741 163
199 105 m2 89114 0.00398334442 0.5 p-1 -2353810 565
200 106 m2 90748 -0.0128996698 0.5 p-1 -99250 15
626 107 m2 91125 0.0221622828 0.5 p-1 -4559 9
293 108 m2 91351 -1.77203237e-05 0.5 p-1 -509058 65
139 110 m2 93146 0.000282718596 0.5 p-1 -3580048 1097
24 112 m2 93672 -0.00651132874 0.5 p-1 -1776373 258
140 114 m2 95621 0.00322825531 0.5 p-1 -3463603 503
141 115 m2 95798 0.000176362591 0.5 p-1 -5488946 507
142 116 m2 96617 -0.0628060848 0.5 p-1 -359932 376
201 117 m2 96984 9.8212302e-05 0.5 p-1 -767226 297
850 118 m2 97839 -1.45567196e-06 0.5 p-1 -3086 4
25 120 m2 99409 -0.00952763855 0.5 p-1 -6359223 1937
202 122 m2 102642 0.00103711523 0.5 p-1 -1075413 1058
27 123 m2 104690 0.0111984452 0.5 p-1 -7277970 1709
671 125 m2 105941 0.00152538053 0.5 p-1 -3599293 88
699 126 m2 106289 -0.00165790739 0.5 p-1 -451798 23
584 127 m2 106844 -0.0182959288 0.5 p-1 -598669 43
203 128 m2 110399 0.00367085193 0.5 p-1 -4363506 739
1079 130 m2 111153 -0.00639407011 0.5 p-1 -118 1
1027 131 m2 113338 0.000561347639 0.5 p-1 -53320 2
521 132 m2 113647 -0.0117616756 0.5 p-1 -779122 219
477 133 m2 114952 0.00164174533 0.5 p-1 -225356 69
707 134 m2 116629 0.0047180308 0.5 p-1 -42853 43
143 135 m2 117583 0.0205384418 0.5 p-1 -6399489 1292
374 137 m2 118210 0.00739080459 0.5 p-1 -800348 191
1036 138 m2 119227 -0.000375893316 0.5 p-1 -10389 2
145 139 m2 119763 0.0662101656 0.5 p-1 -1709849 627
28 140 m2 121924 0.0131990658 0.5 p-1 -6000577 864
388 141 m2 123301 0.000819553214 0.5 p-1 -276889 33
146 143 m2 124472 0.0124955988 0.5 p-1 -1176837 177
745 144 m2 128373 0.0632946268 0.5 p-1 -82576 5
362 145 m2 129199 -0.00604721764 0.5 p-1 -179307 45
321 146 m2 129564 0.000123683116 0.5 p-1 -99207 22
147 149 m2 130791 0.0262781344 0.5 p-1 -5530748 618
703 150 m2 135770 -0.000574750942 0.5 p-1 -39380 12
148 152 m2 136193 0.000227993602 0.5 p-1 -13088126 1869
1021 154 m2 138413 -0.0338858664 0.5 p-1 -4080 3
30 155 m2 138965 -7.457425e-06 0.5 p-1 -1521523 420
549 157 m2 140213 6.18445702e-05 0.5 p-1 -74712 43
664 158 m2 140313 0.10227406 0.5 p-1 -4709 3
295 160 m2 144956 0.00184358144 0.5 p-1 -532033 188
551 162 m2 147137 -0.0218355339 0.5 p-1 -4693 1
906 163 m2 148554 -3.33555909e-05 0.5 p-1 -1838 4
958 164 m2 149416 -0.0138486009 0.5 p-1 -41199 6
783 165 m2 149793 -0.0163932424 0.5 p-1 -1917 1
975 166 m2 150709 -2.58180808e-06 0.5 p-1 -187468 1
151 167 m2 152464 0.00236012042 0.5 p-1 -2698710 746
31 168 m2 153969 0.0275094826 0.5 p-1 -9169909 1484
685 169 m2 154802 -5.22270857e-05 0.5 p-1 -16359 8
504 171 m2 155224 0.0365222283 0.5 p-1 -100018 53
831 172 m2 155339 0.0059819459 0.5 p-1 -146163 14
590 174 m2 159227 0.0243655965 0.5 p-1 -104551 84
591 176 m2 160946 0.0185310412 0.5 p-1 -39040 6
1037 179 m2 163158 1.70897216e-08 0.5 p-1 -40446 2
472 180 m2 164106 -0.0017670833 0.5 p-1 -508 10
604 181 m2 164511 -0.00169169845 0.5 p-1 -6548 7
375 182 m2 168333 0.0013262491 0.5 p-1 -514905 484
945 183 m2 168387 0.0221897792 0.5 p-1 -53155 4
1081 184 m2 169428 -1.23263288e-10 0.5 p-1 -86721 1
33 185 m2 169500 1.73206706e-06 0.5 p-1 -6349872 1311
34 186 m2 170033 0.00100633455 0.5 p-1 -2166707 1366
630 187 m2 170849 0.00121002819 0.5 p-1 -33423 42
662 188 m2 171163 -1.82271069e-08 0.5 p-1 -60560 13
1050 189 m2 171964 0.00695588253 0.5 p-1 -9870 2
35 190 m2 171969 -0.000370204099 0.5 p-1 -663044 304
505 191 m2 172404 -0.00131567521 0.5 p-1 -807170 160
205 192 m2 173100 0.0234607067 0.5 p-1 -2367126 354
643 193 m2 175076 0.000369363464 0.5 p-1 -143904 15
1090 194 m2 176137 -0.000251996215 0.5 p-1 -7982 3
152 196 m2 180348 -3.6052262e-07 0.5 p-1 -9501530 1233
296 197 m2 180846 0.00091482565 0.5 p-1 -2480768 936
525 198 m2 181366 -0.0276038665 0.5 p-1 -187185 29
37 199 m2 183107 0.00863020029 0.5 p-1 -2590892 700
363 200 m2 183124 0.000810116995 0.5 p-1 -139415 33
1073 202 m2 185177 0.000834456878 0.5 p-1 -14609 1
153 203 m2 185737 -0.0816929266 0.5 p-1 -807537 141
206 204 m2 188614 1.52920123e-07 0.5 p-1 -2208163 773
38 205 m2 189371 -0.00492935209 0.5 p-1 -13743 17
207 206 m2 190123 -0.0136568146 0.5 p-1 -1185874 477
870 207 m2 191695 -0.0246065464 0.5 p-1 -36268 2
625 208 m2 192148 2.54709032e-09 0.5 p-1 -197736 26
1024 209 m2 192464 -0.0332100354 0.5 p-1 -21998 1
39 210 m2 193766 -0.0194761194 0.5 p-1 -1712274 843
346 212 m2 199053 -0.000182663178 0.5 p-1 -655360 295
208 213 m2 200428 -0.0331708156 0.5 p-1 -3914795 804
154 214 m2 202457 8.99367751e-06 0.5 p-1 -2061821 163
390 216 m2 207474 -0.000329993811 0.5 p-1 -173482 97
611 217 m2 209796 2.72402795e-05 0.5 p-1 -82432 21
258 218 m2 210564 -0.0003764625 0.5 p-1 -329195 228
605 219 m2 211225 0.00052173686 0.5 p-1 -20343 10
1093 220 m2 211758 -1.45909596e-07 0.5 p-1 -647 1
41 221 m2 212772 -0.000215436579 0.5 p-1 -2013025 737
854 222 m2 213023 -0.0128805386 0.5 p-1 -14188 8
976 224 m2 214470 0.0301214997 0.5 p-1 -16260 2
918 225 m2 216005 -6.04223214e-06 0.5 p-1 -5483 9
259 226 m2 216091 0.00341291004 0.5 p-1 -496619 381
391 228 m2 216882 -0.00017279078 0.5 p-1 -238067 101
841 230 m2 225407 0.0116837025 0.5 p-1 -41713 7
42 231 m2 226112 0.0015782048 0.5 p-1 -4703216 1011
946 232 m2 226805 -0.00447926717 0.5 p-1 -50541 6
855 235 m2 231678 6.50842685e-06 0.5 p-1 -131987 8
422 236 m2 231790 1.53264864e-06 0.5 p-1 -78922 33
815 237 m2 232581 0.00710115535 0.5 p-1 -36385 6
715 238 m2 233853 -0.0284370445 0.5 p-1 -180754 21
464 242 m2 236952 0.0338531174 0.5 p-1 -1936393 238
779 243 m2 238573 -0.000382260972 0.5 p-1 -78170 19
875 244 m2 238878 0.00614395179 0.5 p-1 -25736 16
954 245 m2 239416 7.53584484e-09 0.5 p-1 -40899 5
43 246 m2 239705 -4.44501438e-06 0.5 p-1 -1126349 854
465 247 m2 241374 0.00332469726 0.5 p-1 -23089 18
697 248 m2 242054 2.34762592e-06 0.5 p-1 -4952 5
260 249 m2 242432 0.000180310395 0.5 p-1 -2082674 587
709 250 m2 243470 0.00310677895 0.5 p-1 -40736 17
44 251 m2 244075 -0.000162687691 0.5 p-1 -1245418 79
1018 252 m2 244267 -0.00415881164 0.5 p-1 -35996 6
155 253 m2 245114 -2.49592563e-06 0.5 p-1 -2983955 1041
915 254 m2 246163 2.58815261e-11 0.5 p-1 -38651 20
209 255 m2 246720 -0.0137406448 0.5 p-1 -393141 267
297 256 m2 247888 3.93827322e-05 0.5 p-1 -2358893 770
298 257 m2 248418 0.000948588713 0.5 p-1 -2594799 544
612 258 m2 250743 -0.000267446536 0.5 p-1 -589427 26
934 261 m2 252681 0.000890830241 0.5 p-1 -27153 9
466 262 m2 253239 -0.020112792 0.5 p-1 -12288 12
909 263 m2 253412 0.00244270056 0.5 p-1 -8668 17
620 266 m2 253956 -0.00936031342 0.5 p-1 -11697 6
755 268 m2 258400 -0.00102801248 0.5 p-1 -17257 12
156 269 m2 258849 0.00136012351 0.5 p-1 -4183838 1042
646 270 m2 259465 0.000132180227 0.5 p-1 -10353 20
916 272 m2 263979 0.00251649437 0.5 p-1 -13924 13
634 273 m2 264435 -0.0183049757 0.5 p-1 -1173213 42
45 274 m2 265121 -0.0046279938 0.5 p-1 -2568639 1850
46 275 m2 269899 -0.000317022728 0.5 p-1 -3821532 1488
478 276 m2 270763 -0.00300812139 0.5 p-1 -326420 231
210 277 m2 271037 0.0116819954 0.5 p-1 -269630 20
479 279 m2 273219 0.000219564521 0.5 p-1 -1041852 210
436 282 m2 274116 -4.08394335e-05 0.5 p-1 -219512 72
529 283 m2 278486 8.71672182e-06 0.5 p-1 -67575 35
860 284 m2 278493 -1.91724866e-05 0.5 p-1 -167227 3
48 285 m2 278825 -0.0474157557 0.5 p-1 -755321 526
423 286 m2 279257 0.00844830927 0.5 p-1 -1454453 264
641 287 m2 280229 -2.6687735e-07 0.5 p-1 -1149626 165
780 288 m2 281289 0.00187447795 0.5 p-1 -22 6
836 290 m2 283697 1.19970741e-06 0.5 p-1 -10196 4
506 291 m2 284135 -0.0206011962 0.5 p-1 -475985 186
211 292 m2 285774 -0.00332982047 0.5 p-1 -3181563 795
932 294 m2 287598 -0.00208429969 0.5 p-1 -130393 11
564 296 m2 290735 -0.00168301933 0.5 p-1 -5454 5
939 298 m2 291306 -0.0234923791 0.5 p-1 -261596 22
50 300 m2 295463 -0.00351430895 0.5 p-1 -1968507 338
213 301 m2 295711 0.040438436 0.5 p-1 -1593050 876
686 302 m2 295758 0.00195812248 0.5 p-1 -242550 40
51 303 m2 296276 -4.9590094e-06 0.5 p-1 -1630447 155
748 304 m2 296744 0.0161158275 0.5 p-1 -77786 2
299 305 m2 298935 0.0048434427 0.5 p-1 -19274 5
799 306 m2 299202 3.23309344e-08 0.5 p-1 -113473 16
752 307 m2 299695 -0.0193848107 0.5 p-1 -149447 77
393 308 m2 300084 -0.000102932929 0.5 p-1 -1603922 120
1049 309 m2 301076 0.0113645047 0.5 p-1 -1471 2
52 310 m2 303142 -0.00348963053 0.5 p-1 -4475419 1690
53 311 m2 303652 0.0135817062 0.5 p-1 -3139118 1444
158 312 m2 303824 0.00256136386 0.5 p-1 -44699 26
262 316 m2 309581 0.0293374248 0.5 p-1 -1832148 679
214 317 m2 311032 -0.0008288885 0.5 p-1 -1484264 771
364 318 m2 312105 7.49399769e-05 0.5 p-1 -337416 283
54 320 m2 313220 0.0528470129 0.5 p-1 -1792584 1869
454 321 m2 316109 -0.00606174069 0.5 p-1 -712246 306
216 322 m2 318429 -0.000846028386 0.5 p-1 -8390409 1147
507 323 m2 318974 0.00214990764 0.5 p-1 -981333 290
55 324 m2 320215 0.000379777048 0.5 p-1 -7848106 1868
217 325 m2 323025 -0.000573661877 0.5 p-1 -2897915 1434
739 326 m2 323289 0.00305528753 0.5 p-1 -5862 2
409 327 m2 326555 -4.11204128e-05 0.5 p-1 -832970 65
968 328 m2 330021 0.00610688655 0.5 p-1 -61117 15
840 329 m2 330495 -0.0033646042 0.5 p-1 -2530 8
159 330 m2 332473 -0.00157085515 0.5 p-1 -1186415 1132
160 331 m2 334128 -0.000213001229 0.5 p-1 -4449919 871
992 332 m2 335499 0.000153589805 0.5 p-1 -3388 4
58 335 m2 337321 0.0115676438 0.5 p-1 -7213368 1016
647 336 m2 341824 -0.000918260019 0.5 p-1 -651781 100
733 338 m2 346083 0.00341682625 0.5 p-1 -1677962 39
631 339 m2 346435 0.000986788538 0.5 p-1 -74975 34
301 340 m2 346705 -0.000801372284 0.5 p-1 -341683 255
826 342 m2 348939 0.00799590442 0.5 p-1 -10557 5
1058 344 m2 352712 0.000535439525 0.5 p-1 -3649 1
394 345 m2 353156 -0.00622931588 0.5 p-1 -239280 44
60 346 m2 354377 0.00327665335 0.5 p-1 -7268864 1815
365 347 m2 354630 0.000805817428 0.5 p-1 -452646 36
928 348 m2 354956 -0.0434615649 0.5 p-1 -7247 7
719 349 m2 354980 0.00678367354 0.5 p-1 -109228 17
302 350 m2 355936 -0.00908090174 0.5 p-1 -194791 167
218 351 m2 360030 -0.0132273966 0.5 p-1 -720516 54
61 352 m2 360760 -0.0276875496 0.5 p-1 -1867269 310
1063 353 m2 361700 -0.00115484453 0.5 p-1 -5532 3
776 354 m2 363450 0.000930686831 0.5 p-1 -24505 2
665 356 m2 368347 -0.0150450226 0.5 p-1 -117607 16
395 357 m2 368960 -9.94432121e-05 0.5 p-1 -275969 44
303 359 m2 370877 1.75344965e-07 0.5 p-1 -1026976 173
455 360 m2 371611 -0.000951295777 0.5 p-1 -100660 48
770 361 m2 373044 -0.0538488589 0.5 p-1 -27813 11
937 362 m2 374524 0.00947205722 0.5 p-1 -5140 3
999 363 m2 375638 0.00459105987 0.5 p-1 -1155 4
700 364 m2 377475 -0.000168736326 0.5 p-1 -21732 23
711 366 m2 380710 -0.0164647512 0.5 p-1 -308022 39
638 368 m2 384315 0.00753063615 0.5 p-1 -1766111 11
997 370 m2 388870 -0.0707843676 0.5 p-1 -11113 2
437 371 m2 389587 -0.00344466488 0.5 p-1 -216300 143
438 373 m2 392756 0.011939357 0.5 p-1 -863397 217
817 374 m2 393594 1.3466336e-05 0.5 p-1 -48391 19
766 376 m2 397462 0.0228050873 0.5 p-1 -313605 39
813 378 m2 397765 -2.73195164e-05 0.5 p-1 -14100 8
635 382 m2 400670 -0.0183801632 0.5 p-1 -263171 49
935 384 m2 401654 0.00659902161 0.5 p-1 -5121 2
682 387 m2 404708 0.000254026731 0.5 p-1 -748971 4
613 388 m2 406549 0.0171784088 0.5 p-1 -16077 13
749 389 m2 407670 0.0207008775 0.5 p-1 -750489 12
65 390 m2 407753 0.00134089764 0.5 p-1 -3307171 1279
456 391 m2 408104 -0.0232908484 0.5 p-1 -56407 44
944 393 m2 410103 -0.00126964226 0.5 p-1 -42296 9
723 394 m2 410903 -0.00826306269 0.5 p-1 -125719 41
568 397 m2 413340 -0.0130104022 0.5 p-1 -66012 22
265 398 m2 413403 0.00337931653 0.5 p-1 -1276515 767
680 400 m2 415520 0.000164149606 0.5 p-1 -155919 33
376 401 m2 416653 0.000460197625 0.5 p-1 -672590 92
266 402 m2 418352 0.0188034587 0.5 p-1 -116933 72
648 403 m2 418604 -0.000811746868 0.5 p-1 -24293 35
162 404 m2 419080 -0.00389749417 0.5 p-1 -1453816 378
816 405 m2 419987 -0.029021414 0.5 p-1 -173588 13
1043 407 m2 428193 -0.0248648543 0.5 p-1 -818 5
583 408 m2 430414 -0.000990826986 0.5 p-1 -1413292 195
396 409 m2 431621 -0.000136254384 0.5 p-1 -6977541 245
907 410 m2 432897 0.00750885252 0.5 p-1 -1446563 5
756 411 m2 436617 4.08251992e-07 0.5 p-1 -242830 35
690 412 m2 437873 -0.000223378636 0.5 p-1 -44833 46
570 413 m2 438331 0.0191594958 0.5 p-1 -85428 54
809 414 m2 438381 -0.0129978601 0.5 p-1 -22681 7
514 415 m2 438523 -0.00129487854 0.5 p-1 -138372 46
426 416 m2 439585 0.000503074029 0.5 p-1 -1038300 168
614 417 m2 439973 -0.0116956271 0.5 p-1 -58825 7
164 418 m2 442829 -0.0124219675 0.5 p-1 -2624941 469
165 420 m2 447811 -0.0189819299 0.5 p-1 -927241 215
628 421 m2 450426 0.00896577258 0.5 p-1 -67423 66
805 422 m2 451044 -3.80637721e-05 0.5 p-1 -127452 29
219 423 m2 452255 2.74941613e-05 0.5 p-1 -2984665 347
554 424 m2 453329 0.0437704585 0.5 p-1 -355643 52
827 425 m2 455066 -0.00206227298 0.5 p-1 -4166 2
761 426 m2 455806 0.000633746269 0.5 p-1 -75782 36
220 427 m2 458337 4.5988906e-09 0.5 p-1 -491421 63
166 428 m2 459359 -0.0270289797 0.5 p-1 -3256977 1818
983 429 m2 461676 3.82603102e-05 0.5 p-1 -5178 1
221 430 m2 461822 -0.00724821212 0.5 p-1 -2425821 461
304 432 m2 463170 0.00412501441 0.5 p-1 -382777 13
536 433 m2 465038 0.0054208925 0.5 p-1 -49421 57
66 435 m2 465420 -0.0242811646 0.5 p-1 -1761060 1787
824 437 m2 468050 -5.29997706e-05 0.5 p-1 -24240 23
267 438 m2 469154 0.057031326 0.5 p-1 -161827 36
1071 440 m2 469638 -0.000179254726 0.5 p-1 -1678 1
67 441 m2 470237 -0.00225866633 0.5 p-1 -4511527 405
68 442 m2 470300 -0.00578032294 0.5 p-1 -3151093 710
348 443 m2 470534 -0.0399419107 0.5 p-1 -266902 232
349 444 m2 470908 0.092285648 0.5 p-1 -1700477 219
984 445 m2 471453 -0.00180341676 0.5 p-1 -832 1
661 446 m2 473231 0.000136607865 0.5 p-1 -86699 5
914 447 m2 474680 0.0263436288 0.5 p-1 -638 3
223 448 m2 474716 0.0124069294 0.5 p-1 -251416 121
879 449 m2 478883 0.00336553552 0.5 p-1 -12249 19
69 450 m2 480452 0.0208507534 0.5 p-1 -6829841 1538
268 451 m2 481867 -0.0265835151 0.5 p-1 -3662443 933
594 453 m2 483073 -1.63304253e-06 0.5 p-1 -230718 38
864 454 m2 483250 0.000433654001 0.5 p-1 -65756 9
1025 455 m2 487860 0.0401111506 0.5 p-1 -1284 1
70 456 m2 488262 0.0179942753 0.5 p-1 -3421864 1539
169 457 m2 489863 0.0218505021 0.5 p-1 -844634 802
694 459 m2 491266 0.000145744954 0.5 p-1 -6079 3
170 460 m2 491668 0.00233774795 0.5 p-1 -63121 60
571 461 m2 494694 -0.00724331336 0.5 p-1 -54668 13
367 462 m2 495334 0.000252813916 0.5 p-1 -1054809 196
1020 463 m2 495485 -0.00858822837 0.5 p-1 -100 2
427 464 m2 496016 4.01713078e-05 0.5 p-1 -88981 69
774 466 m2 496812 0.00346389506 0.5 p-1 -2031944 43
71 467 m2 496840 0.000198444468 0.5 p-1 -3509341 1957
439 468 m2 497736 0.0458887294 0.5 p-1 -812249 92
537 469 m2 499647 0.000212692248 0.5 p-1 -173378 152
917 471 m2 499920 0.00447421288 0.5 p-1 -9313 4
1005 472 m2 500229 0.000108229891 0.5 p-1 -9287 1
72 473 m2 503312 -0.00126682315 0.5 p-1 -2381886 1551
883 474 m2 503674 -0.0080655301 0.5 p-1 -14347 4
473 475 m2 505007 -3.25442966e-06 0.5 p-1 -296410 81
866 476 m2 507062 0.000465931778 0.5 p-1 -23417 2
526 477 m2 508427 -0.00011962853 0.5 p-1 -1004740 229
710 478 m2 508502 -1.59969422e-05 0.5 p-1 -23890 7
171 480 m2 509536 -0.00052212656 0.5 p-1 -1114365 311
586 482 m2 513383 -0.0185303129 0.5 p-1 -156635 67
622 484 m2 514370 0.000326370937 0.5 p-1 -269800 52
957 485 m2 514703 -0.0179765392 0.5 p-1 -756 3
306 488 m2 515304 -0.00666274549 0.5 p-1 -2385024 157
226 489 m2 516334 1.53683668e-05 0.5 p-1 -91760 183
825 490 m2 519432 0.00127601984 0.5 p-1 -156086 30
74 491 m2 519711 -0.0214302298 0.5 p-1 -533827 301
530 492 m2 520276 -0.00609888881 0.5 p-1 -11535 6
75 493 m2 520457 0.0233902726 0.5 p-1 -1149640 483
753 494 m2 521846 0.000492386986 0.5 p-1 -49162 27
457 495 m2 522384 -0.00662560761 0.5 p-1 -1925014 658
965 496 m2 522460 -0.000172558037 0.5 p-1 -15087 16
307 497 m2 523677 -1.66002337e-05 0.5 p-1 -1450600 68
556 499 m2 525074 -0.0118630752 0.5 p-1 -60360 114
172 501 m2 528384 0.0170648862 0.5 p-1 -1863877 499
725 502 m2 528651 0.0091086328 0.5 p-1 -68478 18
350 503 m2 529086 -0.000943873078 0.5 p-1 -2302551 74
629 504 m2 529516 -0.0226460136 0.5 p-1 -156421 2
527 505 m2 529757 -3.61830425e-05 0.5 p-1 -304123 159
428 506 m2 530126 -1.0044042e-05 0.5 p-1 -1641296 309
324 507 m2 532611 0.0134829162 0.5 p-1 -1626592 171
768 508 m2 533331 0.00036081014 0.5 p-1 -13253 16
474 509 m2 533920 4.93446714e-05 0.5 p-1 -725598 323
726 510 m2 539195 0.000249848963 0.5 p-1 -11832 14
668 512 m2 539644 0.00210192427 0.5 p-1 -113846 25
798 515 m2 541021 0.0351744518 0.5 p-1 -66591 8
377 516 m2 541194 -2.60029628e-05 0.5 p-1 -1745906 914
269 518 m2 542592 0.000920110964 0.5 p-1 -2896965 1274
970 519 m2 542884 -0.0112457732 0.5 p-1 -2398 7
174 520 m2 543344 4.81993254e-07 0.5 p-1 -1697510 500
351 521 m2 544057 -6.54263131e-05 0.5 p-1 -9430907 539
175 522 m2 544205 0.000416584691 0.5 p-1 -4204161 398
742 523 m2 545048 2.88717992e-08 0.5 p-1 -3667 2
867 524 m2 545315 -0.00844345614 0.5 p-1 -51767 8
77 525 m2 545398 0.0030311069 0.5 p-1 -1245638 94
971 526 m2 546393 0.000496530265 0.5 p-1 -3139 7
369 527 m2 546643 5.95949859e-05 0.5 p-1 -1170513 340
78 528 m2 546947 0.00371795497 0.5 p-1 -225373 86
492 529 m2 549759 0.020041436 0.5 p-1 -291197 13
1041 530 m2 551161 -0.00595295522 0.5 p-1 -28988 2
904 531 m2 552051 -0.00466594286 0.5 p-1 -13183 2
667 532 m2 552209 5.41770751e-05 0.5 p-1 -175485 55
950 533 m2 552657 -0.00211809971 0.5 p-1 -10429 6
483 534 m2 553944 -4.78201036e-05 0.5 p-1 -892634 199
448 537 m2 557800 0.00131352956 0.5 p-1 -2431504 75
79 538 m2 559344 0.0112913167 0.5 p-1 -7192301 1469
948 539 m2 559392 -0.000426823884 0.5 p-1 -221 6
441 540 m2 559865 -7.10777458e-05 0.5 p-1 -365506 240
176 541 m2 560027 6.65426205e-06 0.5 p-1 -4773371 1228
988 542 m2 561108 0.00954204705 0.5 p-1 -3233 3
989 543 m2 561162 -0.000161798409 0.5 p-1 -126977 11
688 544 m2 563801 -0.00155636144 0.5 p-1 -150280 80
990 545 m2 564495 0.00061398797 0.5 p-1 -11168 4
930 547 m2 565746 -0.00788598973 0.5 p-1 -4612 4
270 548 m2 566040 1.28710394e-06 0.5 p-1 -1506361 533
821 549 m2 566358 0.00389267481 0.5 p-1 -13522 3
81 550 m2 566613 2.95576683e-05 0.5 p-1 -7951810 1722
800 551 m2 568491 -0.00128102896 0.5 p-1 -51131 14
82 552 m2 569921 0.000774007698 0.5 p-1 -1759565 1279
623 553 m2 570820 4.09450642e-08 0.5 p-1 -651607 20
401 554 m2 573720 -0.00938951317 0.5 p-1 -91547 38
325 555 m2 574952 -0.00708917808 0.5 p-1 -106657 81
893 556 m2 575248 2.22530289e-05 0.5 p-1 -6465 15
83 557 m2 576532 0.000280563923 0.5 p-1 -3038258 637
229 559 m2 576909 -0.00519754319 0.5 p-1 -1163676 737
1078 561 m2 579835 5.84956724e-05 0.5 p-1 -6739 1
729 563 m2 583590 0.00159927807 0.5 p-1 -28608 4
740 565 m2 584460 -0.0328705236 0.5 p-1 -7720 9
557 567 m2 585952 0.0150686018 0.5 p-1 -173348 147
764 569 m2 588427 -0.0092255557 0.5 p-1 -6361 14
430 570 m2 588588 -1.04538071e-06 0.5 p-1 -1057743 25
802 571 m2 589787 0.00649147248 0.5 p-1 -13612 3
853 572 m2 591751 -0.00523560029 0.5 p-1 -32774 12
230 573 m2 593599 -0.00707698241 0.5 p-1 -1257995 458
1092 574 m2 595198 0.00488949381 0.5 p-1 -7028 1
231 575 m2 599315 -0.00410773978 0.5 p-1 -1141704 326
515 577 m2 600428 -0.0010218306 0.5 p-1 -56043 75
177 579 m2 603438 -5.15819784e-06 0.5 p-1 -1126591 774
1007 580 m2 603528 -0.00028988297 0.5 p-1 -332 4
701 581 m2 604035 -2.47288899e-05 0.5 p-1 -322193 9
85 582 m2 604369 -1.67398861e-09 0.5 p-1 -3942833 449
86 583 m2 605647 -0.00193611439 0.5 p-1 -2662810 1838
493 584 m2 605847 9.7157681e-08 0.5 p-1 -530201 133
352 586 m2 609596 -4.68367123e-10 0.5 p-1 -346327 471
272 588 m2 613327 -0.00765424455 0.5 p-1 -4436829 937
531 589 m2 613356 -0.000290005468 0.5 p-1 -402947 19
558 590 m2 614135 -0.00125319336 0.5 p-1 -8659 5
1009 591 m2 617626 -0.00333782984 0.5 p-1 -6389 6
510 592 m2 617756 -0.000156274356 0.5 p-1 -1710 3
87 593 m2 618132 -0.00296905893 0.5 p-1 -8214383 1731
828 594 m2 619400 -0.0421954505 0.5 p-1 -56628 4
88 595 m2 619849 -0.019916568 0.5 p-1 -666291 619
942 596 m2 620700 0.000364742853 0.5 p-1 -5279 3
606 597 m2 624559 0.000143003694 0.5 p-1 -73456 57
1069 598 m2 626770 -0.000662653591 0.5 p-1 -6406 1
522 599 m2 627834 0.000914142583 0.5 p-1 -83051 65
179 602 m2 628276 -0.0341329388 0.5 p-1 -8262894 1506
1098 603 m2 630920 4.30967928e-09 0.5 p-1 -13202 1
310 604 m2 632040 0.000354535587 0.5 p-1 -1942168 592
851 609 m2 637135 -0.00362875452 0.5 p-1 -23225 11
1047 610 m2 637991 0.00868494064 0.5 p-1 -1152 1
868 611 m2 638024 -0.000408044347 0.5 p-1 -651 2
411 612 m2 638647 -0.020813942 0.5 p-1 -737567 148
775 613 m2 638729 0.0012577048 0.5 p-1 -21256 4
994 615 m2 640103 -0.0265656617 0.5 p-1 -28408 7
326 616 m2 640503 0.00178201566 0.5 p-1 -1448048 431
180 617 m2 640781 1.04443309e-07 0.5 p-1 -6348738 1129
92 618 m2 640933 0.0467551351 0.5 p-1 -5771614 1626
181 619 m2 641767 -0.0091886837 0.5 p-1 -2289010 1466
1067 621 m2 642599 2.72921682e-07 0.5 p-1 -197992 3
732 622 m2 645219 -0.00732501131 0.5 p-1 -301937 24
683 623 m2 646369 -0.000557106512 0.5 p-1 -32553 8
681 624 m2 646479 2.00258619e-05 0.5 p-1 -429688 136
822 625 m2 648067 -0.00229478604 0.5 p-1 -188572 24
1022 626 m2 649065 -0.0502193384 0.5 p-1 -61411 9
982 627 m2 649293 0.00147516595 0.5 p-1 -6262 3
691 628 m2 649321 -0.0143396137 0.5 p-1 -3029 2
675 629 m2 649345 0.000792732462 0.5 p-1 -69283 37
458 633 m2 653463 -0.000718894706 0.5 p-1 -52491 13
327 634 m2 654618 -0.000494922162 0.5 p-1 -742930 227
274 635 m2 654935 -0.0211215541 0.5 p-1 -4668382 842
93 636 m2 656141 0.00390347349 0.5 p-1 -1775374 721
378 637 m2 656800 1.02937679e-06 0.5 p-1 -1624295 202
830 638 m2 658014 -1.03977463e-05 0.5 p-1 -10374 2
796 639 m2 660468 0.0509819649 0.5 p-1 -55894 22
1102 641 m2 661160 0.00200558361 0.5 p-1 -8735 1
182 642 m2 661345 0.000276079547 0.5 p-1 -1631243 363
1105 643 m2 663920 0.000114164766 0.5 p-1 -8473 1
596 644 m2 665206 -1.88047397e-05 0.5 p-1 -67393 22
692 645 m2 666959 0.0422285497 0.5 p-1 -41076 27
607 648 m2 669538 -0.0111716613 0.5 p-1 -732361 101
494 650 m2 677256 0.0210260376 0.5 p-1 -249306 43
597 651 m2 677311 0.00237888983 0.5 p-1 -29615 16
467 652 m2 678431 -0.00967628602 0.5 p-1 -474899 36
183 653 m2 678894 1.93740707e-05 0.5 p-1 -6312897 1059
184 654 m2 680240 -0.0250930469 0.5 p-1 -392521 307
328 655 m2 680770 -0.00156975258 0.5 p-1 -1836607 109
442 656 m2 682180 0.0133458972 0.5 p-1 -153159 125
772 657 m2 682967 -0.0019324614 0.5 p-1 -30526 3
565 658 m2 683889 1.40571592e-06 0.5 p-1 -279248 16
848 659 m2 684010 -0.0155678857 0.5 p-1 -1557 9
978 663 m2 685798 -0.00521055516 0.5 p-1 -8124 3
598 664 m2 687516 0.0116677079 0.5 p-1 -694504 33
695 665 m2 688403 -0.016267065 0.5 p-1 -1906 5
329 666 m2 690015 -0.00154298963 0.5 p-1 -27386 33
881 667 m2 690695 0.038022574 0.5 p-1 -45984 9
95 668 m2 693473 3.64326697e-05 0.5 p-1 -4486280 745
379 669 m2 695103 0.0342869796 0.5 p-1 -221607 180
185 671 m2 695390 -0.0135274064 0.5 p-1 -11104626 561
669 672 m2 695629 -0.0468397886 0.5 p-1 -160033 42
985 673 m2 696519 0.000466369151 0.5 p-1 -55864 1
443 674 m2 697467 -0.0396121182 0.5 p-1 -196946 179
1055 675 m2 700015 -0.000214881031 0.5 p-1 -12098 2
1004 676 m2 701127 0.0188568719 0.5 p-1 -13381 3
96 677 m2 701308 0.000200165174 0.5 p-1 -115141 38
234 679 m2 702906 -0.000451615517 0.5 p-1 -5023432 975
897 681 m2 703828 -1.51726772e-06 0.5 p-1 -133901 4
973 685 m2 707892 0.00547308289 0.5 p-1 -10577 1
97 686 m2 709481 0.00986170117 0.5 p-1 -3935873 667
846 687 m2 710588 0.0136390794 0.5 p-1 -9114 2
98 688 m2 711392 0.000964233594 0.5 p-1 -1157355 949
444 690 m2 712948 -0.000583995774 0.5 p-1 -319774 211
99 691 m2 714091 0.00808637775 0.5 p-1 -8022084 1795
313 692 m2 718129 0.0247128196 0.5 p-1 -1188805 212
330 694 m2 721349 -0.00450715842 0.5 p-1 -4379689 273
331 695 m2 722578 -0.000738305622 0.5 p-1 -520892 129
737 696 m2 723261 0.000190611987 0.5 p-1 -391944 62
475 697 m2 723834 3.39041217e-09 0.5 p-1 -285665 39
616 698 m2 724031 -0.00425077369 0.5 p-1 -473970 40
100 699 m2 724451 -0.0418340638 0.5 p-1 -421004 129
101 700 m2 725278 -0.000341991312 0.5 p-1 -4711882 293
236 701 m2 727878 -0.000244177587 0.5 p-1 -1481577 834
276 702 m2 727931 0.0719712153 0.5 p-1 -2773324 290
238 705 m2 729471 -6.51956507e-05 0.5 p-1 -1144284 390
636 706 m2 729564 0.003802252 0.5 p-1 -283788 62
941 709 m2 730693 0.0108861402 0.5 p-1 -28011 5
1012 710 m2 731187 -0.00691362051 0.5 p-1 -11200 5
572 711 m2 731427 -0.00293906289 0.5 p-1 -38381 22
412 712 m2 732603 -1.98794908e-07 0.5 p-1 -172142 67
380 713 m2 733779 5.60566223e-05 0.5 p-1 -260659 45
1044 714 m2 733982 0.0016650795 0.5 p-1 -928 3
538 715 m2 735727 -0.00290145306 0.5 p-1 -121250 4
381 716 m2 736038 0.00994836539 0.5 p-1 -6333 9
354 719 m2 738642 -0.0177562647 0.5 p-1 -4555444 494
355 720 m2 738879 -6.52884555e-05 0.5 p-1 -3847711 286
676 721 m2 739219 0.0158553887 0.5 p-1 -66004 46
104 722 m2 740737 -6.01187785e-05 0.5 p-1 -5116625 1789
1015 723 m2 740976 0.000468891114 0.5 p-1 -14654 4
624 724 m2 741223 -0.0165199675 0.5 p-1 -196088 67
511 725 m2 742053 -0.0048453263 0.5 p-1 -363576 79
105 726 m2 742476 9.7671915e-09 0.5 p-1 -2052567 530
859 728 m2 743009 -0.000999826705 0.5 p-1 -395251 14
786 729 m2 743714 0.00102290115 0.5 p-1 -41095 11
277 730 m2 743889 -0.00268483581 0.5 p-1 -1269553 797
106 731 m2 745391 5.64562652e-05 0.5 p-1 -2895932 1059
1051 732 m2 746446 -0.0338704586 0.5 p-1 -68474 1
278 733 m2 747487 0.000812527898 0.5 p-1 -798700 401
843 734 m2 748824 -0.00894268509 0.5 p-1 -680089 27
107 736 m2 749940 6.37133581e-08 0.5 p-1 -6152355 1535
239 737 m2 750605 -0.000182490025 0.5 p-1 -2348686 512
332 738 m2 751436 0.00127815129 0.5 p-1 -4997494 438
398 739 m2 751472 0.0220219176 0.5 p-1 -4577932 321
187 740 m2 751777 -0.00978808384 0.5 p-1 -2887191 725
1052 741 m2 754403 0.0821118504 0.5 p-1 -37173 1
240 743 m2 755669 0.000107633336 0.5 p-1 -31261 7
566 745 m2 756600 0.000559688779 0.5 p-1 -533759 126
938 746 m2 756839 -0.00170737307 0.5 p-1 -7068 2
684 748 m2 759501 -1.35420241e-05 0.5 p-1 -7260193 25
818 750 m2 760820 -0.0489089116 0.5 p-1 -957 5
241 751 m2 760848 -0.0167377405 0.5 p-1 -3054731 1817
333 752 m2 761859 -0.012881442 0.5 p-1 -2304920 94
1099 753 m2 762018 -0.010558458 0.5 p-1 -565 1
708 754 m2 762837 0.00367697468 0.5 p-1 -442453 50
188 755 m2 762840 0.0164361019 0.5 p-1 -4624374 849
839 756 m2 763153 -0.000503230316 0.5 p-1 -24283 1
889 757 m2 763490 0.00257058349 0.5 p-1 -148037 3
639 758 m2 764816 0.000146900536 0.5 p-1 -256768 56
880 759 m2 765942 0.00215246389 0.5 p-1 -3236 3
743 762 m2 767475 -1.16005638e-09 0.5 p-1 -141 1
485 763 m2 767982 0.00067749602 0.5 p-1 -217910 109
837 764 m2 768836 -0.00166917476 0.5 p-1 -489197 8
1023 765 m2 770294 0.00382739818 0.5 p-1 -2530 2
544 766 m2 770344 -0.000535166881 0.5 p-1 -461478 102
834 767 m2 770701 -0.00826862734 0.5 p-1 -212732 10
242 769 m2 771315 -0.00068545586 0.5 p-1 -291269 327
898 770 m2 772669 1.64042967e-06 0.5 p-1 -50208 4
592 771 m2 773355 0.000143825542 0.5 p-1 -1407950 126
1096 772 m2 774049 0.0561411716 0.5 p-1 -88996 1
335 773 m2 774111 0.0196008384 0.5 p-1 -98422 59
720 774 m2 774493 -0.00598486932 0.5 p-1 -70033 3
869 775 m2 774879 0.00406684494 0.5 p-1 -1316 2
789 776 m2 775153 -0.00948719587 0.5 p-1 -553774 8
567 778 m2 778463 0.108485639 0.5 p-1 -135723 168
947 779 m2 778501 0.000303456356 0.5 p-1 -1045 2
713 780 m2 783351 0.0014307939 0.5 p-1 -6418 10
372 781 m2 783823 -0.00255253655 0.5 p-1 -543290 435
189 783 m2 784179 -0.0351620018 0.5 p-1 -239271 142
191 784 m2 792737 -0.000158520852 0.5 p-1 -2048530 709
993 785 m2 794006 -0.0445655733 0.5 p-1 -24726 7
111 786 m2 794192 9.41804103e-07 0.5 p-1 -1382169 979
657 788 m2 796916 -0.00661902782 0.5 p-1 -73890 34
677 789 m2 797860 0.0983862802 0.5 p-1 -1072659 24
279 790 m2 799524 0.0175337326 0.5 p-1 -1952245 434
524 793 m2 800242 7.32799754e-06 0.5 p-1 -137096 101
1010 794 m2 800835 -0.000248721801 0.5 p-1 -11439 1
658 795 m2 802288 -0.0360546485 0.5 p-1 -772626 129
576 797 m2 803359 -3.64523294e-06 0.5 p-1 -561927 94
1106 798 m2 804483 -5.08299024e-07 0.5 p-1 -353 1
835 799 m2 805447 -1.1896891e-05 0.5 p-1 -19849 3
244 800 m2 805487 0.000171822219 0.5 p-1 -374918 187
560 801 m2 805936 0.0151943043 0.5 p-1 -299046 109
517 802 m2 805960 -0.00254599773 0.5 p-1 -548450 77
1065 803 m2 806478 -0.00405433122 0.5 p-1 -22464 5
801 804 m2 807365 -0.0248773862 0.5 p-1 -566579 22
547 805 m2 807897 0.0666253939 0.5 p-1 -1404856 96
1103 807 m2 808944 7.00330784e-05 0.5 p-1 -394330 1
280 808 m2 811305 -3.93256386e-07 0.5 p-1 -113873 24
1017 809 m2 813882 0.0152647849 0.5 p-1 -84531 4
670 810 m2 815146 0.000362620398 0.5 p-1 -73622 12
193 811 m2 815703 7.18969068e-06 0.5 p-1 -3075893 358
956 812 m2 817167 0.00170039106 0.5 p-1 -11912 6
399 813 m2 817227 -5.86167371e-05 0.5 p-1 -102055 49
995 814 m2 820734 -0.00106750964 0.5 p-1 -6743 4
113 815 m2 821836 0.00180066214 0.5 p-1 -3402906 928
823 816 m2 826897 -0.0421794578 0.5 p-1 -14557 4
413 817 m2 827338 -0.000498951413 0.5 p-1 -1186359 291
414 818 m2 828206 5.80834183e-07 0.5 p-1 -376144 185
451 819 m2 828448 -0.0130137661 0.5 p-1 -956067 182
445 821 m2 829897 0.000167033591 0.5 p-1 -60516 7
114 822 m2 830174 -0.032024011 0.5 p-1 -2242036 729
245 823 m2 831213 0.0425222665 0.5 p-1 -1051999 474
1006 824 m2 831700 -0.000182963471 0.5 p-1 -5386 3
496 826 m2 834262 -0.00121649588 0.5 p-1 -516179 109
894 827 m2 834277 -0.000705254846 0.5 p-1 -5484 11
246 828 m2 836057 -1.99537444e-05 0.5 p-1 -2450072 825
758 829 m2 836359 2.68897429e-06 0.5 p-1 -42818 12
247 831 m2 837178 0.00792334601 0.5 p-1 -1315665 270
617 832 m2 837249 0.013825885 0.5 p-1 -32138 21
403 834 m2 837337 6.05493187e-06 0.5 p-1 -149223 103
116 835 m2 837845 0.000527725904 0.5 p-1 -8098656 868
431 836 m2 839512 0.0173488129 0.5 p-1 -17615 14
337 837 m2 839640 0.00858117919 0.5 p-1 -729582 188
771 839 m2 840380 -0.0428453796 0.5 p-1 -13111 13
283 840 m2 841569 0.00286909915 0.5 p-1 -148055 91
315 841 m2 841720 -0.00407837471 0.5 p-1 -74019 76
759 843 m2 843989 -0.0544229709 0.5 p-1 -121106 45
248 844 m2 844041 0.00062966533 0.5 p-1 -1354483 244
1008 845 m2 844214 2.48478329e-07 0.5 p-1 -2734 2
117 846 m2 845476 0.000191635729 0.5 p-1 -2320162 1635
118 848 m2 847414 1.72712225e-05 0.5 p-1 -6091874 1632
404 849 m2 849080 -0.00781025644 0.5 p-1 -1813292 192
750 850 m2 849081 9.71135887e-05 0.5 p-1 -13148 6
979 851 m2 849629 0.000283470319 0.5 p-1 -17088 4
1053 853 m2 849758 -0.00930148177 0.5 p-1 -18827 2
316 855 m2 852013 0.000930215872 0.5 p-1 -1064317 512
663 856 m2 853423 -1.15548264e-05 0.5 p-1 -52969 5
561 857 m2 857691 -0.00307870377 0.5 p-1 -93779 51
738 858 m2 859196 -0.000191758314 0.5 p-1 -19982 20
518 859 m2 859789 6.74325929e-05 0.5 p-1 -5137450 159
487 860 m2 863472 -8.98420785e-06 0.5 p-1 -16596 5
609 861 m2 865034 0.00104057894 0.5 p-1 -108176 106
545 862 m2 865431 0.0110280924 0.5 p-1 -341953 148
895 863 m2 866269 -0.00955461245 0.5 p-1 -2812 11
497 864 m2 867292 0.0230204277 0.5 p-1 -213699 68
119 868 m2 869528 0.0159843154 0.5 p-1 -310145 159
962 870 m2 871938 -0.000460804382 0.5 p-1 -14268 1
865 871 m2 876171 6.27804475e-05 0.5 p-1 -105701 8
746 872 m2 877714 1.27630728e-05 0.5 p-1 -19723 14
339 873 m2 877744 0.0011800041 0.5 p-1 -3606765 285
121 874 m2 879199 -0.00471645873 0.5 p-1 -825723 341
1066 875 m2 879625 -0.0106085651 0.5 p-1 -5810 2
550 876 m2 880438 0.0304677114 0.5 p-1 -733657 161
194 877 m2 881725 -0.0276487432 0.5 p-1 -630451 479
249 878 m2 882934 -0.000342270796 0.5 p-1 -1152786 135
498 879 m2 885335 -0.00180646044 0.5 p-1 -29984 26
250 880 m2 886471 0.000967013068 0.5 p-1 -248794 325
251 881 m2 888496 -0.0205877032 0.5 p-1 -831916 280
1086 883 m2 889545 -0.000463931821 0.5 p-1 -30206 1
405 884 m2 889858 -0.051918298 0.5 p-1 -300785 79
383 887 m2 891240 4.56213966e-05 0.5 p-1 -678669 70
468 888 m2 892988 0.00201863586 0.5 p-1 -132296 39
896 889 m2 893772 9.20776273e-08 0.5 p-1 -4218 10
512 890 m2 894743 -0.000396572374 0.5 p-1 -283431 27
340 891 m2 895113 -0.000614397461 0.5 p-1 -1527547 247
791 893 m2 895408 -0.00664985087 0.5 p-1 -3099 6
588 894 m2 896154 0.000766488491 0.5 p-1 -818707 221
123 895 m2 897149 -0.0318581462 0.5 p-1 -844145 1060
124 896 m2 900112 6.35637036e-07 0.5 p-1 -1385161 227
577 897 m2 900181 -3.11600779e-05 0.5 p-1 -131414 12
499 899 m2 902920 -0.00183100381 0.5 p-1 -118556 78
125 900 m2 903423 -0.000573706347 0.5 p-1 -1257400 704
519 902 m2 904548 -0.00750722084 0.5 p-1 -43246 62
488 905 m2 909664 0.00270631956 0.5 p-1 -175077 80
1000 907 m2 912123 -0.00202256883 0.5 p-1 -17175 3
578 908 m2 912223 0.000563724549 0.5 p-1 -202957 25
127 909 m2 914311 -1.44338073e-05 0.5 p-1 -1939798 725
489 911 m2 914942 -0.00141708809 0.5 p-1 -161329 10
1013 912 m2 916698 0.00132542744 0.5 p-1 -2970 1
1087 913 m2 917239 -0.00485343253 0.5 p-1 -12096 1
912 915 m2 920201 0.00178450707 0.5 p-1 -6336 2
252 916 m2 922214 0.00723737152 0.5 p-1 -5592870 217
949 917 m2 924336 -0.00626685657 0.5 p-1 -294 4
637 918 m2 924663 0.074965179 0.5 p-1 -46340 46
728 919 m2 925543 -0.00117777579 0.5 p-1 -18090 13
580 920 m2 926878 -0.000567150302 0.5 p-1 -7126 9
659 922 m2 930853 0.00932572782 0.5 p-1 -72116 67
593 923 m2 933731 5.8347021e-05 0.5 p-1 -322862 155
407 924 m2 934244 0.0134467287 0.5 p-1 -289528 79
318 927 m2 937021 0.0343830809 0.5 p-1 -8345109 831
128 928 m2 938088 0.0118180811 0.5 p-1 -893532 512
696 930 m2 939352 0.00370102446 0.5 p-1 -8953 10
469 931 m2 942259 -0.000340520026 0.5 p-1 -253693 101
286 933 m2 942594 -0.000276429579 0.5 p-1 -1978198 589
129 934 m2 943057 0.00103812339 0.5 p-1 -4823949 1667
130 935 m2 943560 0.0201419946 0.5 p-1 -3453586 825
1082 937 m2 946956 0.00859988295 0.5 p-1 -9297 1
955 938 m2 947620 -5.62172572e-05 0.5 p-1 -11460 7
902 940 m2 949916 -0.00731457677 0.5 p-1 -9909 4
872 941 m2 949969 2.59463086e-05 0.5 p-1 -43032 17
500 942 m2 950093 -0.000252363243 0.5 p-1 -543421 106
926 944 m2 951034 -0.000153926871 0.5 p-1 -26253 5
520 946 m2 954684 0.00709039671 0.5 p-1 -243015 104
415 947 m2 955162 -0.00711756526 0.5 p-1 -752326 348
1068 948 m2 956892 0.00375434104 0.5 p-1 -8910 2
539 949 m2 957918 0.00228299759 0.5 p-1 -542463 93
131 951 m2 959011 0.00881417189 0.5 p-1 -3206969 1218
581 952 m2 959319 0.000525960582 0.5 p-1 -74749 65
132 953 m2 959356 0.00359025947 0.5 p-1 -410882 549
546 954 m2 959401 0.0214911047 0.5 p-1 -72826 12
447 955 m2 961220 0.00976905506 0.5 p-1 -76716 27
490 956 m2 965126 -0.000624185486 0.5 p-1 -529185 193
788 958 m2 965391 -0.0916773528 0.5 p-1 -93512 11
922 959 m2 968356 1.82869262e-05 0.5 p-1 -1365751 18
319 960 m2 968715 -0.000295287027 0.5 p-1 -214942 61
923 961 m2 969774 -0.0260592233 0.5 p-1 -164764 18
747 962 m2 969993 1.10108786e-05 0.5 p-1 -929642 8
762 964 m2 971527 -0.00629193382 0.5 p-1 -86632 36
582 965 m2 971578 0.0974180698 0.5 p-1 -129379 8
919 966 m2 972314 -0.0235059019 0.5 p-1 -1782 3
1046 967 m2 975764 -0.00291705737 0.5 p-1 -605 1
532 968 m2 979856 0.0137322005 0.5 p-1 -65420 15
195 969 m2 981173 -0.000825286028 0.5 p-1 -1050677 390
196 971 m2 985418 0.000181003255 0.5 p-1 -1455446 940
540 972 m2 987860 -0.00705652917 0.5 p-1 -62137 1
253 973 m2 988028 0.0124388346 0.5 p-1 -6308 20
416 975 m2 990019 -0.000943881809 0.5 p-1 -6962693 367
911 976 m2 991009 3.22726166e-08 0.5 p-1 -58684 12
858 977 m2 991079 0.00763781229 0.5 p-1 -278655 31
417 979 m2 992767 0.00638918113 0.5 p-1 -6112950 794
969 981 m2 993875 -0.0136353783 0.5 p-1 -69038 4
717 984 m2 997084 -0.0099932244 0.5 p-1 -32263 12
400 985 m2 997565 -0.00699726446 0.5 p-1 -78461 33
861 986 m2 997917 -3.64128391e-06 0.5 p-1 -88731 13
356 987 m2 998586 0.011211602 0.5 p-1 -3581777 40
718 988 m2 999437 0.000282028428 0.5 p-1 -19653 12
528 989 m2 809751 0.0336208269 0.5 p0 2 5
1091 990 m2 12693 -0.00741733238 0.5 p0 2 1
925 992 m2 654386 0.00103931327 0.5 p0 2 4
977 995 m2 225046 0.000834599545 0.5 p0 2 1
1097 996 m2 626758 -1.21931826e-05 0.5 p0 2 1
959 1003 m2 531661 -0.00286353752 0.5 p0 2 5
1101 1004 m2 840244 0.0159715489 0.5 p0 2 1
1026 1014 m2 206639 -0.00801322237 0.5 p0 2 2
1034 1015 m2 264917 -4.34026617e-07 0.5 p0 2 2
1040 1016 m2 181018 0.00139743078 0.5 p0 2 1
1003 1023 m2 532909 -0.000427386549 0.5 p0 2 2
987 1028 m2 727528 -2.65530052e-05 0.5 p0 2 8
905 1032 m2 281248 2.75553321e-05 0.5 p0 2 5
807 1033 m2 684415 1.73779688e-06 0.5 p0 2 5
1062 1035 m2 644000 -0.00524758408 0.5 p0 2 1
555 1036 m2 512669 -0.00222871243 0.5 p0 2 4
943 1043 m2 105798 -0.000537248619 0.5 p0 2 1
1064 1044 m2 445367 0.00188259047 0.5 p0 2 3
1061 1045 m2 432464 -0.0265119001 0.5 p0 2 3
495 1047 m2 686253 -8.34586626e-06 0.5 p0 2 3
960 1048 m2 732069 3.35182199e-06 0.5 p0 2 7
1002 1050 m2 179310 -0.0509735495 0.5 p0 2 4
892 1051 m2 895390 -0.040007621 0.5 p0 2 2
1108 1056 m2 837745 -0.0123047363 0.5 p0 2 1
871 1058 m2 949962 0.00410842802 0.5 p0 2 1
654 1060 m2 851113 3.37191705e-06 0.5 p0 2 11
769 1062 m2 312883 -0.0384231471 0.5 p0 2 1
996 1064 m2 924018 0.000324136665 0.5 p0 2 3
1001 1065 m2 897660 -0.00406029169 0.5 p0 2 1
981 1069 m2 524940 -0.0165769663 0.5 p0 2 1
792 1076 m2 985479 0.0174825322 0.5 p0 2 1
1095 1080 m2 204243 -0.00341008836 0.5 p0 2 1
1039 1082 m2 645726 0.00208764197 0.5 p0 2 1
1072 1083 m2 456049 -6.0853381e-06 0.5 p0 2 1
1070 1090 m2 648242 9.61222904e-05 0.5 p0 2 1
808 1095 m2 531369 0.000249582605 0.5 p0 2 1
849 1096 m2 869276 0.000202762923 0.5 p0 2 7
730 1098 m2 618180 0.0352835096 0.5 p0 2 1
806 1099 m2 3902 0.000192332198 0.5 p0 2 1
1075 1102 m2 375377 0.000301888998 0.5 p0 2 1
829 1105 m2 655932 -0.0114873787 0.5 p0 2 2
931 1107 m2 778151 0.0166728254 0.5 p0 2 2
595 1109 m2 495749 0.000320601423 0.5 p0 2 7
610 1110 m2 893255 0.0333101302 0.5 p0 2 3
674 1111 m2 370391 0.0128193991 0.5 p0 2 3
1094 1112 m2 47045 -0.00145341922 0.5 p0 2 1
884 1118 m2 738632 0.0031235416 0.5 p0 2 1
986 1124 m2 877003 -6.51994753e-07 0.5 p0 2 2
888 1130 m2 286887 -0.0217879917 0.5 p0 2 2
963 1135 m2 92663 -1.3011956e-08 0.5 p0 2 4
964 1136 m2 287767 -0.00242214534 0.5 p0 2 2
1074 1137 m2 967079 2.21837968e-06 0.5 p0 2 1
790 1138 m2 987409 -0.00981758814 0.5 p0 2 3
820 1140 m2 855340 5.76673483e-06 0.5 p0 2 12
842 1141 m2 474072 0.00800457969 0.5 p0 2 7
1019 1142 m2 143826 0.000475249428 0.5 p0 2 4
1038 1144 m2 682354 -0.018827226 0.5 p0 2 2
847 1146 m2 216035 -0.0454839393 0.5 p0 2 2
338 1147 m2 860648 1.24214184e-05 0.5 p0 2 9
814 1155 m2 408386 0.0202288907 0.5 p0 2 1
900 1159 m2 732678 0.000111652094 0.5 p0 2 2
903 1160 m2 683236 5.51232406e-05 0.5 p0 2 3
886 1163 m2 773685 -0.0096488893 0.5 p0 2 1
1100 1165 m2 180000 -0.000504256983 0.5 p0 2 2
951 1166 m2 332072 0.0237849746 0.5 p0 2 6
1030 1167 m2 926108 -1.37796815e-06 0.5 p0 2 1
785 1168 m2 734645 -0.00903917942 0.5 p0 2 2
1048 1170 m2 62810 0.0241454225 0.5 p0 2 1
920 1173 m2 833852 -6.22775269e-06 0.5 p0 2 2
810 1175 m2 30787 2.34938489e-06 0.5 p0 2 1
0 1180 m1 961 0 0.5 p-1 -4279749 1147
793 1181 m1 1198 0 0.5 p-1 -553438 34
1107 1183 m1 8302 0 0.5 p-1 -5641 1
3 1185 m1 12507 0 0.5 p-1 -7310688 1924
885 1186 m1 13754 0 0.5 p-1 -6117 1
6 1188 m1 20866 -0 0.5 p-1 -145730 231
714 1189 m1 23113 0 0.5 p-1 -120 7
7 1190 m1 24032 0 0.5 p-1 -5301584 1486
198 1191 m1 28330 -0 0.5 p-1 -4409389 548
11 1192 m1 29069 0 0.5 p-1 -2116785 236
967 1193 m1 30106 -0 0.5 p-1 -7849 4
929 1194 m1 31508 0 0.5 p-1 -5414 5
255 1195 m1 32554 -0 0.5 p-1 -161170 76
644 1196 m1 35378 -0 0.5 p-1 -464649 88
359 1197 m1 38817 -0 0.5 p-1 -707867 381
343 1198 m1 40059 -0 0.5 p-1 -200556 62
16 1199 m1 47189 -0 0.5 p-1 -3384023 1144
136 1200 m1 48713 0 0.5 p-1 -911938 223
794 1201 m1 56008 -0 0.5 p-1 -4602 3
877 1202 m1 56333 0 0.5 p-1 -2709584 24
291 1203 m1 56979 -0 0.5 p-1 -307092 19
1059 1204 m1 57746 -0 0.5 p-1 -1494 2
1016 1205 m1 61257 0 0.5 p-1 -1194 2
563 1206 m1 63395 -0 0.5 p-1 -34922 15
461 1207 m1 64474 0 0.5 p-1 -1260666 336
640 1209 m1 67791 -0 0.5 p-1 -93212 71
435 1210 m1 75979 -0 0.5 p-1 -133397 125
292 1211 m1 76900 -0 0.5 p-1 -197762 64
138 1214 m1 89611 0 0.5 p-1 -2461047 255
23 1215 m1 89975 0 0.5 p-1 -1435674 1334
503 1216 m1 93326 -0 0.5 p-1 -702806 121
961 1217 m1 95080 0 0.5 p-1 -1737 3
1085 1218 m1 99723 0 0.5 p-1 -83183 2
294 1219 m1 101331 0 0.5 p-1 -138181 12
26 1220 m1 103333 -0 0.5 p-1 -3763992 1681
882 1221 m1 110507 -0 0.5 p-1 -667196 1
585 1222 m1 111134 0 0.5 p-1 -263753 28
1045 1224 m1 112460 -0 0.5 p-1 -7191 4
541 1225 m1 113314 0 0.5 p-1 -4811 7
361 1226 m1 113907 -0 0.5 p-1 -334316 208
144 1228 m1 117759 -0 0.5 p-1 -11591052 1063
603 1229 m1 117905 -0 0.5 p-1 -168001 63
204 1230 m1 118204 0 0.5 p-1 -4973642 700
452 1232 m1 125330 -0 0.5 p-1 -35067 20
29 1233 m1 125467 0 0.5 p-1 -823382 767
908 1235 m1 126467 0 0.5 p-1 -4833 1
673 1236 m1 126643 -0 0.5 p-1 -2807903 22
706 1237 m1 126935 0 0.5 p-1 -70189 10
734 1238 m1 130047 0 0.5 p-1 -203366 64
589 1239 m1 132855 0 0.5 p-1 -1357720 60
408 1240 m1 133152 0 0.5 p-1 -326691 255
149 1242 m1 139991 0 0.5 p-1 -3690761 383
150 1244 m1 147009 -0 0.5 p-1 -1410374 248
345 1246 m1 153938 -0 0.5 p-1 -284717 130
421 1247 m1 154084 0 0.5 p-1 -19613 9
980 1248 m1 154128 0 0.5 p-1 -1532 3
913 1251 m1 155735 -0 0.5 p-1 -7445 1
32 1252 m1 161788 0 0.5 p-1 -191524 131
966 1254 m1 172013 0 0.5 p-1 -74 4
389 1255 m1 181094 -0 0.5 p-1 -57794 14
36 1256 m1 182736 0 0.5 p-1 -4831374 768
453 1257 m1 191189 0 0.5 p-1 -2576198 85
542 1259 m1 196216 -0 0.5 p-1 -2802901 43
1080 1260 m1 205039 -0 0.5 p-1 -4616 1
40 1262 m1 207142 0 0.5 p-1 -1057854 1138
1083 1263 m1 207350 0 0.5 p-1 -13151 1
784 1265 m1 210128 -0 0.5 p-1 -83326 29
650 1267 m1 217797 -0 0.5 p-1 -126137 37
543 1268 m1 220829 0 0.5 p-1 -720016 43
618 1269 m1 223047 0 0.5 p-1 -193584 4
878 1270 m1 223639 0 0.5 p-1 -151763 17
1060 1271 m1 229756 -0 0.5 p-1 -3664 4
463 1272 m1 236695 0 0.5 p-1 -6138717 200
619 1273 m1 237611 -0 0.5 p-1 -1156 1
651 1276 m1 246214 0 0.5 p-1 -4919 6
552 1277 m1 251523 0 0.5 p-1 -52274 52
261 1278 m1 258992 0 0.5 p-1 -648494 267
322 1279 m1 260480 0 0.5 p-1 -2208997 476
47 1282 m1 272400 0 0.5 p-1 -342755 75
392 1283 m1 283973 -0 0.5 p-1 -160887 111
157 1284 m1 287706 0 0.5 p-1 -2582344 671
212 1285 m1 287938 0 0.5 p-1 -1632864 142
735 1286 m1 292275 -0 0.5 p-1 -25323 12
553 1287 m1 293373 0 0.5 p-1 -46921 35
49 1288 m1 294647 -0 0.5 p-1 -121215 162
751 1289 m1 299682 0 0.5 p-1 -258781 97
773 1290 m1 305571 -0 0.5 p-1 -19898 8
215 1291 m1 313709 -0 0.5 p-1 -2305648 353
480 1292 m1 322258 -0 0.5 p-1 -96218 61
56 1295 m1 332139 -0 0.5 p-1 -1752247 1418
300 1296 m1 332456 -0 0.5 p-1 -1421899 303
57 1297 m1 335509 0 0.5 p-1 -6338236 1345
263 1298 m1 338427 0 0.5 p-1 -5217586 1418
936 1299 m1 339694 0 0.5 p-1 -7966 3
621 1300 m1 340363 0 0.5 p-1 -361431 54
59 1301 m1 342599 -0 0.5 p-1 -4674636 973
410 1303 m1 353698 0 0.5 p-1 -1390380 352
535 1306 m1 362802 0 0.5 p-1 -414963 6
264 1307 m1 363518 0 0.5 p-1 -762966 329
508 1308 m1 363736 0 0.5 p-1 -527418 34
424 1309 m1 364870 0 0.5 p-1 -386718 306
819 1311 m1 369788 0 0.5 p-1 -95949 43
716 1312 m1 372554 0 0.5 p-1 -2027070 30
787 1314 m1 376977 0 0.5 p-1 -63231 4
666 1315 m1 377799 -0 0.5 p-1 -11558 9
62 1317 m1 385372 0 0.5 p-1 -4702057 1974
63 1318 m1 385626 -0 0.5 p-1 -117012 167
509 1319 m1 386784 0 0.5 p-1 -33098 21
481 1320 m1 387702 0 0.5 p-1 -139486 20
482 1322 m1 397300 -0 0.5 p-1 -154462 9
64 1323 m1 400979 -0 0.5 p-1 -1799957 128
161 1324 m1 401420 -0 0.5 p-1 -2169951 1602
804 1325 m1 406579 0 0.5 p-1 -113900 5
366 1327 m1 415245 0 0.5 p-1 -184097 121
687 1328 m1 420774 -0 0.5 p-1 -133262 24
1089 1329 m1 422835 -0 0.5 p-1 -1284 1
425 1330 m1 430097 0 0.5 p-1 -153980 50
627 1331 m1 430892 0 0.5 p-1 -623333 109
656 1332 m1 433051 -0 0.5 p-1 -31389 28
347 1333 m1 434396 0 0.5 p-1 -1229291 532
1029 1334 m1 435190 0 0.5 p-1 -19519 4
569 1335 m1 435371 0 0.5 p-1 -235285 176
163 1336 m1 440659 -0 0.5 p-1 -7457259 887
797 1338 m1 449337 0 0.5 p-1 -432162 35
760 1339 m1 449826 0 0.5 p-1 -7707 17
704 1340 m1 450031 0 0.5 p-1 -1730 8
757 1342 m1 455928 -0 0.5 p-1 -77190 17
910 1343 m1 459723 -0 0.5 p-1 -88988 14
222 1344 m1 462060 -0 0.5 p-1 -3283653 474
741 1345 m1 468485 0 0.5 p-1 -28472 8
224 1347 m1 474949 -0 0.5 p-1 -1031796 28
777 1348 m1 475370 0 0.5 p-1 -217563 26
167 1349 m1 483803 0 0.5 p-1 -1004661 39
168 1350 m1 484397 0 0.5 p-1 -249167 34
724 1351 m1 484453 0 0.5 p-1 -247744 4
856 1353 m1 489566 -0 0.5 p-1 -5520 3
305 1355 m1 498036 0 0.5 p-1 -427512 220
225 1356 m1 508350 -0 0.5 p-1 -915336 639
705 1357 m1 508397 -0 0.5 p-1 -12956 12
323 1359 m1 513881 0 0.5 p-1 -2440390 255
227 1361 m1 516966 -0 0.5 p-1 -1338612 707
73 1362 m1 519286 -0 0.5 p-1 -3456574 1327
1035 1363 m1 520539 0 0.5 p-1 -2884 1
890 1364 m1 525135 -0 0.5 p-1 -34883 10
368 1365 m1 525383 -0 0.5 p-1 -154386 125
440 1366 m1 525917 -0 0.5 p-1 -488271 148
844 1367 m1 526428 0 0.5 p-1 -18617 9
308 1368 m1 528768 0 0.5 p-1 -701570 625
1084 1369 m1 530252 0 0.5 p-1 -5390 1
173 1370 m1 534295 0 0.5 p-1 -539118 61
76 1372 m1 537645 0 0.5 p-1 -1363582 341
921 1373 m1 541051 0 0.5 p-1 -15504 5
1054 1374 m1 545284 -0 0.5 p-1 -40152 3
429 1375 m1 546533 0 0.5 p-1 -250978 71
615 1376 m1 546721 0 0.5 p-1 -4387 17
228 1377 m1 547602 -0 0.5 p-1 -2764623 915
579 1380 m1 552038 -0 0.5 p-1 -855830 143
80 1381 m1 562089 -0 0.5 p-1 -3928034 1029
652 1382 m1 563017 -0 0.5 p-1 -1169099 37
653 1384 m1 565225 -0 0.5 p-1 -102742 38
874 1385 m1 569888 -0 0.5 p-1 -1631 6
1042 1386 m1 573573 -0 0.5 p-1 -141537 5
271 1387 m1 575799 -0 0.5 p-1 -3740379 928
484 1389 m1 586515 0 0.5 p-1 -39309 9
370 1390 m1 595920 0 0.5 p-1 -474775 266
84 1391 m1 596610 -0 0.5 p-1 -652303 304
309 1393 m1 598309 0 0.5 p-1 -1478445 269
795 1395 m1 615520 -0 0.5 p-1 -2350 4
727 1396 m1 615975 -0 0.5 p-1 -28006 7
765 1398 m1 618636 -0 0.5 p-1 -281175 16
232 1399 m1 619002 0 0.5 p-1 -4741850 400
89 1400 m1 619938 -0 0.5 p-1 -2242837 1159
178 1401 m1 623587 0 0.5 p-1 -1961539 332
371 1402 m1 633138 0 0.5 p-1 -1268007 45
90 1403 m1 635238 0 0.5 p-1 -3691865 741
891 1404 m1 637583 -0 0.5 p-1 -707 1
273 1405 m1 637970 0 0.5 p-1 -872200 334
91 1406 m1 640670 0 0.5 p-1 -5188403 1372
397 1407 m1 643410 -0 0.5 p-1 -1313886 655
600 1408 m1 645018 0 0.5 p-1 -174777 26
311 1409 m1 646007 -0 0.5 p-1 -4451287 615
587 1410 m1 650021 0 0.5 p-1 -6044 6
353 1411 m1 660141 -0 0.5 p-1 -8006807 96
449 1412 m1 663279 0 0.5 p-1 -581013 97
94 1413 m1 666769 -0 0.5 p-1 -1179683 1305
736 1414 m1 668628 0 0.5 p-1 -45819 14
998 1415 m1 673164 0 0.5 p-1 -122431 2
778 1416 m1 674199 -0 0.5 p-1 -84816 16
845 1417 m1 684534 0 0.5 p-1 -43964 2
233 1418 m1 688855 0 0.5 p-1 -2425765 1032
312 1420 m1 700426 0 0.5 p-1 -787192 122
887 1421 m1 703685 0 0.5 p-1 -161029 16
803 1422 m1 704025 0 0.5 p-1 -2677 6
275 1423 m1 709908 0 0.5 p-1 -117016 49
235 1424 m1 713155 -0 0.5 p-1 -384244 368
186 1425 m1 719171 0 0.5 p-1 -1731584 1231
873 1426 m1 724283 -0 0.5 p-1 -153182 5
450 1427 m1 725267 0 0.5 p-1 -282622 206
102 1428 m1 726076 -0 0.5 p-1 -2649928 1323
1028 1429 m1 726306 0 0.5 p-1 -3889 2
237 1431 m1 729423 0 0.5 p-1 -5992447 544
402 1432 m1 730728 -0 0.5 p-1 -86106 75
1014 1434 m1 731289 -0 0.5 p-1 -6924 4
314 1435 m1 736322 0 0.5 p-1 -1856 3
1033 1436 m1 736566 0 0.5 p-1 -11006 1
103 1437 m1 739935 0 0.5 p-1 -15606785 1029
574 1439 m1 744072 -0 0.5 p-1 -251017 103
899 1440 m1 744686 -0 0.5 p-1 -111722 2
655 1441 m1 745708 0 0.5 p-1 -63674 35
523 1442 m1 750024 -0 0.5 p-1 -443481 120
852 1443 m1 755519 0 0.5 p-1 -9700 16
108 1444 m1 755564 0 0.5 p-1 -1974195 150
109 1445 m1 764211 -0 0.5 p-1 -228904 97
110 1446 m1 765771 0 0.5 p-1 -2510737 1547
334 1448 m1 773702 0 0.5 p-1 -5615777 252
516 1449 m1 775160 0 0.5 p-1 -35003 30
243 1450 m1 777852 -0 0.5 p-1 -334144 153
575 1451 m1 777904 -0 0.5 p-1 -1010354 21
336 1452 m1 780472 0 0.5 p-1 -109745 31
702 1453 m1 786834 0 0.5 p-1 -317209 10
559 1454 m1 788670 0 0.5 p-1 -279335 53
190 1456 m1 791063 0 0.5 p-1 -1162341 322
192 1457 m1 793929 -0 0.5 p-1 -701663 149
1056 1460 m1 799773 0 0.5 p-1 -4997 2
953 1462 m1 803971 0 0.5 p-1 -5266 3
632 1463 m1 809062 0 0.5 p-1 -55695 56
486 1466 m1 814266 0 0.5 p-1 -501654 111
833 1467 m1 817204 -0 0.5 p-1 -19094 13
281 1469 m1 820725 -0 0.5 p-1 -3251190 258
112 1470 m1 821299 -0 0.5 p-1 -5528158 1768
1088 1471 m1 821541 -0 0.5 p-1 -212523 4
601 1472 m1 823979 0 0.5 p-1 -78856 66
832 1473 m1 828889 -0 0.5 p-1 -1173 3
599 1474 m1 829531 -0 0.5 p-1 -204498 39
548 1475 m1 830442 -0 0.5 p-1 -2213530 80
282 1476 m1 834949 0 0.5 p-1 -1995206 355
115 1477 m1 836262 -0 0.5 p-1 -1829839 1203
382 1478 m1 839165 0 0.5 p-1 -261547 71
754 1480 m1 844333 -0 0.5 p-1 -1402 2
608 1481 m1 848366 -0 0.5 p-1 -2858187 59
838 1482 m1 851906 -0 0.5 p-1 -8077 15
781 1484 m1 859675 -0 0.5 p-1 -45490 14
284 1486 m1 870169 0 0.5 p-1 -1963375 915
285 1488 m1 872819 0 0.5 p-1 -1170555 494
721 1489 m1 873165 0 0.5 p-1 -17353 15
120 1490 m1 874376 0 0.5 p-1 -4038060 870
927 1491 m1 878236 0 0.5 p-1 -14408 7
432 1493 m1 885331 0 0.5 p-1 -138858 25
122 1494 m1 887739 0 0.5 p-1 -1714514 1391
863 1496 m1 888986 -0 0.5 p-1 -21755 30
317 1498 m1 889388 0 0.5 p-1 -390768 125
406 1499 m1 890089 0 0.5 p-1 -159360 80
901 1500 m1 893868 -0 0.5 p-1 -6927 5
126 1503 m1 905580 0 0.5 p-1 -1174403 444
513 1505 m1 925063 0 0.5 p-1 -153269 70
446 1506 m1 935731 0 0.5 p-1 -355647 171
433 1507 m1 936072 -0 0.5 p-1 -41625 57
633 1508 m1 949414 0 0.5 p-1 -369495 118
689 1509 m1 953303 0 0.5 p-1 -1424 7
693 1510 m1 956621 0 0.5 p-1 -27225 5
573 1511 m1 961286 -0 0.5 p-1 -17941 14
491 1512 m1 967930 0 0.5 p-1 -2062661 285
562 1513 m1 967932 -0 0.5 p-1 -46910 29
857 1515 m1 972453 -0 0.5 p-1 -5203 14
712 1517 m1 976809 -0 0.5 p-1 -97361 49
133 1519 m1 988360 0 0.5 p-1 -2857295 1557
384 1520 m1 991900 -0 0.5 p-1 -328557 233
763 1521 m1 992073 0 0.5 p-1 -43506 10
134 1522 m1 992166 -0 0.5 p-1 -7233245 1114
197 1523 m1 995830 0 0.5 p-1 -197198 306
