Temp_ID Permanent_ID Mutation_type Position s h Subpop Tick Number
110 0 m2 355 0.000144699297 0.5 p-1 -803259 386
111 1 m2 371 -0.00335466256 0.5 p-1 -1446090 738
432 2 m2 1931 -0.0209427383 0.5 p-1 -323215 127
163 4 m2 4562 5.69942586e-06 0.5 p-1 -969592 600
735 5 m2 4602 -0.00859727431 0.5 p-1 -272391 1
714 6 m2 7569 0.0106033776 0.5 p-1 -2797 3
0 7 m2 10192 -0.0154068843 0.5 p-1 -10118462 544
1 8 m2 11013 0.00706087565 0.5 p-1 -4993688 999
695 9 m2 12866 -1.70431158e-05 0.5 p-1 -16002 2
608 10 m2 15603 -1.64696103e-05 0.5 p-1 -75440 34
641 11 m2 16632 0.00452398555 0.5 p-1 -158739 5
570 14 m2 17223 0.000387979613 0.5 p-1 -138949 26
405 15 m2 18875 0.0297651924 0.5 p-1 -22299 15
721 17 m2 20155 0.059321437 0.5 p-1 -49643 5
209 20 m2 23272 -0.0159443691 0.5 p-1 -325009 86
288 22 m2 25403 0.0132521903 0.5 p-1 -549615 282
463 24 m2 26834 0.0076582008 0.5 p-1 -141241 33
165 25 m2 28078 0.0256222244 0.5 p-1 -451026 462
2 29 m2 32654 0.0323319882 0.5 p-1 -3353192 1609
3 31 m2 35545 0.000466558151 0.5 p-1 -6438457 484
4 33 m2 43183 0.0328293405 0.5 p-1 -5077007 1602
112 34 m2 43351 0.00118432415 0.5 p-1 -4185330 1684
681 35 m2 43359 4.70300802e-05 0.5 p-1 -78269 5
643 36 m2 44022 2.46126683e-06 0.5 p-1 -6402 14
516 37 m2 44331 -0.0296368059 0.5 p-1 -19963 20
6 38 m2 46039 0.00135009631 0.5 p-1 -1359426 530
113 39 m2 49277 0.00019070039 0.5 p-1 -777748 452
7 40 m2 51708 0.0518618114 0.5 p-1 -5096507 868
438 41 m2 52186 -0.00048164482 0.5 p-1 -83337 77
441 42 m2 55899 -0.0501858965 0.5 p-1 -98584 54
9 43 m2 57229 0.00865417533 0.5 p-1 -4744651 988
482 44 m2 57265 0.00117071718 0.5 p-1 -767141 9
640 45 m2 58968 -0.00311084744 0.5 p-1 -17926 2
10 46 m2 59332 0.000165322461 0.5 p-1 -3917600 1635
363 49 m2 66422 7.74968357e-05 0.5 p-1 -2176672 202
715 50 m2 66558 0.00629513804 0.5 p-1 -22548 1
319 53 m2 71896 0.0168579537 0.5 p-1 -625248 69
11 54 m2 73753 0.0339534767 0.5 p-1 -3097742 679
343 55 m2 74275 0.0021834732 0.5 p-1 -831251 215
12 56 m2 76004 0.00131693389 0.5 p-1 -196810 158
442 58 m2 76368 0.02557059 0.5 p-1 -656229 74
672 59 m2 78126 0.000128826767 0.5 p-1 -2897 7
645 60 m2 78940 0.0111884503 0.5 p-1 -45184 9
483 62 m2 80776 4.88063545e-09 0.5 p-1 -836744 96
579 64 m2 89102 -0.0367267653 0.5 p-1 -6051 3
588 65 m2 89652 0.0317198113 0.5 p-1 -27593 12
320 66 m2 92333 0.0457173437 0.5 p-1 -3425411 253
13 67 m2 93878 -0.00153425056 0.5 p-1 -1974153 908
14 68 m2 94644 0.000303559151 0.5 p-1 -382045 214
266 73 m2 99277 -0.000150491862 0.5 p-1 -1959498 278
16 74 m2 102448 -3.15283415e-07 0.5 p-1 -488026 251
667 75 m2 103843 5.66327299e-06 0.5 p-1 -18102 3
760 76 m2 103913 0.000197023895 0.5 p-1 -4862 1
114 77 m2 105172 2.12584808e-07 0.5 p-1 -947782 685
306 78 m2 106828 -0.00711957971 0.5 p-1 -1326849 302
17 79 m2 107111 0.000339358841 0.5 p-1 -4398408 996
19 83 m2 111898 -0.00408319756 0.5 p-1 -1414342 749
746 84 m2 112056 -0.0182767808 0.5 p-1 -3706 1
239 85 m2 112689 -0.00382538629 0.5 p-1 -4216697 772
240 86 m2 114177 -0.0207162648 0.5 p-1 -426516 164
675 87 m2 115035 0.00121835957 0.5 p-1 -22331 5
307 89 m2 119682 0.0271940101 0.5 p-1 -3697503 370
627 90 m2 120517 -0.000395865878 0.5 p-1 -15502 4
20 91 m2 123578 0.00176646584 0.5 p-1 -7192404 820
650 92 m2 124734 -0.0187709276 0.5 p-1 -109208 16
280 95 m2 128142 -0.0169065949 0.5 p-1 -417894 242
167 96 m2 128827 1.39585188e-06 0.5 p-1 -471401 378
444 97 m2 131225 -0.0599385314 0.5 p-1 -765723 177
521 98 m2 134119 -4.71221938e-05 0.5 p-1 -141233 17
575 99 m2 134273 -0.000629580871 0.5 p-1 -353543 6
484 100 m2 135329 0.000628318638 0.5 p-1 -517872 3
458 101 m2 135632 -0.00473712618 0.5 p-1 -204226 16
526 103 m2 143319 -4.17002211e-09 0.5 p-1 -22641 12
115 105 m2 145000 0.0467614979 0.5 p-1 -4760985 716
558 106 m2 145015 7.93521831e-05 0.5 p-1 -136251 20
690 107 m2 147671 -0.0739393532 0.5 p-1 -17901 5
168 109 m2 149564 -0.0104315737 0.5 p-1 -380248 469
476 111 m2 152745 0.00308758277 0.5 p-1 -214985 3
169 112 m2 154220 0.00479824236 0.5 p-1 -437537 72
420 113 m2 154909 -1.50060728e-08 0.5 p-1 -3254784 241
435 115 m2 158648 1.48393795e-07 0.5 p-1 -80768 20
323 116 m2 161835 7.16533759e-06 0.5 p-1 -196909 105
22 117 m2 163273 4.00287054e-10 0.5 p-1 -236340 146
23 118 m2 165892 -0.000353780459 0.5 p-1 -324516 206
504 119 m2 166390 -0.000177997354 0.5 p-1 -57799 9
170 120 m2 167613 0.000111268149 0.5 p-1 -849624 502
616 121 m2 167625 0.00654416485 0.5 p-1 -55550 7
561 125 m2 173903 0.0134413708 0.5 p-1 -68111 58
364 126 m2 173936 -0.001386669 0.5 p-1 -213748 66
210 127 m2 174659 2.87280891e-05 0.5 p-1 -3145675 1100
324 128 m2 174771 -0.000975652016 0.5 p-1 -199513 73
450 129 m2 175917 -0.00235078274 0.5 p-1 -10441 14
172 130 m2 177877 0.000189222366 0.5 p-1 -535463 759
394 131 m2 179884 -0.000916861114 0.5 p-1 -511302 199
24 132 m2 180454 0.000738341128 0.5 p-1 -4256141 1779
550 135 m2 182308 -0.0171170365 0.5 p-1 -646336 80
527 136 m2 182676 -0.0205053296 0.5 p-1 -101236 43
211 138 m2 188196 0.00717781857 0.5 p-1 -3419986 811
26 140 m2 189675 -0.0228314754 0.5 p-1 -2489171 489
594 141 m2 190610 0.0197458547 0.5 p-1 -100254 36
556 142 m2 191837 -1.98471344e-06 0.5 p-1 -212924 7
725 143 m2 195107 0.044565551 0.5 p-1 -4133 1
655 144 m2 195329 -0.05243738 0.5 p-1 -133437 4
557 145 m2 196965 -0.00201524631 0.5 p-1 -175835 7
212 146 m2 197043 -0.00131741946 0.5 p-1 -6224148 303
173 147 m2 198168 0.0011688692 0.5 p-1 -2184756 1160
267 148 m2 199628 0.0114987437 0.5 p-1 -6441606 742
27 149 m2 199879 -0.019686332 0.5 p-1 -3739447 1734
345 151 m2 203272 0.0161700938 0.5 p-1 -1277977 347
500 152 m2 203393 0.0140962452 0.5 p-1 -9315909 64
490 154 m2 206498 7.16000727e-07 0.5 p-1 -428534 77
559 155 m2 208847 -0.00273149414 0.5 p-1 -2082969 31
451 156 m2 209394 0.00829305314 0.5 p-1 -50119 27
117 159 m2 212679 -0.00633357884 0.5 p-1 -1890239 895
29 163 m2 217566 -0.000253598409 0.5 p-1 -4469344 1665
576 164 m2 218120 1.49684065e-05 0.5 p-1 -100254 2
374 165 m2 219787 0.00153388048 0.5 p-1 -178056 29
577 167 m2 222770 0.0101843467 0.5 p-1 -466587 7
325 168 m2 223105 1.32674913e-07 0.5 p-1 -567182 71
356 172 m2 228329 0.000353015726 0.5 p-1 -1020259 350
175 173 m2 229243 0.0316113643 0.5 p-1 -1112655 839
176 174 m2 233881 0.00988264661 0.5 p-1 -4064529 816
213 175 m2 234465 0.00872247014 0.5 p-1 -4594774 99
31 177 m2 235024 -6.43132007e-05 0.5 p-1 -2218874 1460
241 178 m2 239335 -8.33251906e-05 0.5 p-1 -2537754 53
528 180 m2 240171 7.43754117e-06 0.5 p-1 -9692 5
381 181 m2 243534 -0.011721123 0.5 p-1 -998638 44
282 182 m2 243762 0.0425028689 0.5 p-1 -318139 107
32 183 m2 244182 0.038001921 0.5 p-1 -1735583 938
598 184 m2 247012 -4.29083047e-05 0.5 p-1 -8027 2
214 185 m2 247229 -0.00943173468 0.5 p-1 -74979 34
595 186 m2 247480 -0.000566731789 0.5 p-1 -76283 8
215 187 m2 249356 0.0238633938 0.5 p-1 -160095 123
485 188 m2 251356 6.82812242e-05 0.5 p-1 -133660 78
33 189 m2 254557 0.000426083163 0.5 p-1 -1789227 1553
268 191 m2 258830 -0.000186713558 0.5 p-1 -7302770 142
34 193 m2 259185 0.0401767157 0.5 p-1 -1997109 1311
35 194 m2 260802 -0.00128072116 0.5 p-1 -1729215 1220
36 195 m2 261732 0.0120929061 0.5 p-1 -1443713 966
339 196 m2 262416 0.000650581846 0.5 p-1 -82217 104
648 199 m2 264159 -0.000821738795 0.5 p-1 -52714 29
599 201 m2 269599 -0.0559517704 0.5 p-1 -31707 18
382 202 m2 272256 0.00987600069 0.5 p-1 -142749 105
120 205 m2 275882 -0.00383103359 0.5 p-1 -35047 38
445 207 m2 278800 -0.014753174 0.5 p-1 -301801 150
121 208 m2 278900 -0.00143971469 0.5 p-1 -3188789 766
446 209 m2 279210 -0.00429207971 0.5 p-1 -362130 150
453 210 m2 280485 9.94029106e-05 0.5 p-1 -426385 216
311 211 m2 281598 0.0020346297 0.5 p-1 -120423 61
37 212 m2 284095 0.000554263766 0.5 p-1 -1334555 586
242 213 m2 285277 -0.000230244535 0.5 p-1 -892665 182
243 215 m2 285370 -0.000381217833 0.5 p-1 -196972 55
122 217 m2 287573 -0.000180002651 0.5 p-1 -701053 102
244 218 m2 288165 -0.00946733449 0.5 p-1 -976387 87
290 220 m2 288857 -0.000182370219 0.5 p-1 -100999 199
472 221 m2 289078 -0.00614917651 0.5 p-1 -14483 25
312 222 m2 290149 -0.019028835 0.5 p-1 -1904322 103
291 223 m2 290512 -0.00461124675 0.5 p-1 -205783 161
216 224 m2 291414 -4.95551785e-06 0.5 p-1 -158912 106
529 225 m2 291467 -0.00943300314 0.5 p-1 -179042 36
123 226 m2 292899 0.00316621852 0.5 p-1 -3300296 839
178 228 m2 295624 0.000769315637 0.5 p-1 -3701917 881
673 229 m2 298069 0.000462428201 0.5 p-1 -1215255 6
406 231 m2 300578 -0.0183626767 0.5 p-1 -70495 7
565 233 m2 301594 0.00179455383 0.5 p-1 -43475 6
581 234 m2 302463 -1.02510076e-05 0.5 p-1 -295556 25
723 236 m2 303398 -0.00571542978 0.5 p-1 -4603 2
668 238 m2 304200 -0.000125264763 0.5 p-1 -13527 3
39 239 m2 306217 0.0317039117 0.5 p-1 -1060374 941
179 240 m2 307263 -4.48619576e-05 0.5 p-1 -6390 6
585 241 m2 307688 0.0240377299 0.5 p-1 -87490 10
180 242 m2 307795 2.72848268e-07 0.5 p-1 -9911 6
124 243 m2 308597 -8.57086343e-05 0.5 p-1 -3740018 972
125 247 m2 323087 -0.00075318123 0.5 p-1 -4104074 63
625 248 m2 325152 -0.0127546974 0.5 p-1 -6734 19
473 253 m2 334917 -0.00344742811 0.5 p-1 -291022 39
127 254 m2 335260 0.000274124119 0.5 p-1 -3687499 1281
41 255 m2 337263 0.010894265 0.5 p-1 -5430084 1853
433 257 m2 338919 0.0449984968 0.5 p-1 -519148 100
689 258 m2 339581 0.00904714596 0.5 p-1 -10448 10
562 259 m2 340441 0.00587796839 0.5 p-1 -29758 17
418 260 m2 343632 0.0443593003 0.5 p-1 -469969 215
43 261 m2 345561 -0.0150440792 0.5 p-1 -3331950 1594
407 262 m2 346544 0.0110345175 0.5 p-1 -362166 109
492 263 m2 347193 0.047108911 0.5 p-1 -25090 26
246 265 m2 349763 -0.00771490764 0.5 p-1 -672428 98
44 266 m2 351301 -0.0202738866 0.5 p-1 -2393254 1367
564 267 m2 353780 0.00291495072 0.5 p-1 -39166 25
128 269 m2 354836 0.000262963615 0.5 p-1 -12570909 569
751 270 m2 354855 -2.13369185e-05 0.5 p-1 -72112 1
704 272 m2 355564 0.0178153757 0.5 p-1 -1284 5
129 273 m2 355715 -0.000411947694 0.5 p-1 -2442181 629
411 274 m2 355993 1.78845748e-05 0.5 p-1 -144701 66
707 275 m2 356468 -0.000413289235 0.5 p-1 -77173 1
292 277 m2 357665 -0.0263844021 0.5 p-1 -94901 41
45 279 m2 359578 1.3085222e-06 0.5 p-1 -3754118 139
46 280 m2 360035 6.56781485e-05 0.5 p-1 -2967215 1160
537 282 m2 361496 0.000153318673 0.5 p-1 -62116 25
130 284 m2 362794 0.00199300982 0.5 p-1 -2638499 1261
47 286 m2 367023 8.60016953e-05 0.5 p-1 -3359523 918
48 288 m2 367969 -0.01122656 0.5 p-1 -2336265 821
270 289 m2 368439 -4.70864506e-07 0.5 p-1 -1098170 756
506 291 m2 369987 0.00152321171 0.5 p-1 -2602 14
534 292 m2 370302 -0.000279834057 0.5 p-1 -385759 41
665 293 m2 371249 0.00116351643 0.5 p-1 -669440 10
365 295 m2 371862 -0.00284386193 0.5 p-1 -939189 19
132 296 m2 371887 -2.15516593e-05 0.5 p-1 -126541 39
649 297 m2 372667 -0.0209477525 0.5 p-1 -3089 2
752 299 m2 374178 -0.000910908682 0.5 p-1 -29193 1
518 300 m2 374860 -6.37780773e-10 0.5 p-1 -132652 76
749 301 m2 375037 -0.00704581197 0.5 p-1 -368142 2
293 302 m2 375559 0.000154328576 0.5 p-1 -486686 115
133 304 m2 376893 -9.47542321e-06 0.5 p-1 -7667610 1771
313 305 m2 377438 1.0887582e-05 0.5 p-1 -21206 2
50 306 m2 378780 0.000832455757 0.5 p-1 -3118263 1431
701 307 m2 380386 0.000263503724 0.5 p-1 -49457 1
580 308 m2 380529 -0.010954937 0.5 p-1 -3838 3
538 309 m2 382813 2.62209801e-06 0.5 p-1 -36142 15
383 310 m2 385555 -0.0346118137 0.5 p-1 -829549 116
294 311 m2 385581 -0.00373180211 0.5 p-1 -1493118 1112
395 312 m2 388783 0.00549135543 0.5 p-1 -2400530 439
505 313 m2 394866 0.00320732198 0.5 p-1 -26590 10
740 314 m2 397961 -0.00158552267 0.5 p-1 -525 1
327 316 m2 399522 0.010775554 0.5 p-1 -295909 137
218 317 m2 399853 0.00297483988 0.5 p-1 -3777137 956
569 320 m2 401708 0.00258965464 0.5 p-1 -712156 37
271 321 m2 404193 0.0475104749 0.5 p-1 -205214 45
314 322 m2 404862 2.01212206e-05 0.5 p-1 -147570 37
134 323 m2 404939 -0.000301773805 0.5 p-1 -1000872 473
543 325 m2 406528 0.0109388148 0.5 p-1 -260044 26
135 326 m2 407590 -0.000865383248 0.5 p-1 -8497560 663
357 327 m2 408366 5.0155613e-09 0.5 p-1 -362825 29
744 328 m2 408668 -0.000280001696 0.5 p-1 -10497 2
396 329 m2 409349 -0.000159075949 0.5 p-1 -25179 33
619 330 m2 409915 -1.42437566e-05 0.5 p-1 -84959 10
220 332 m2 411670 -0.00448326534 0.5 p-1 -1751830 667
611 333 m2 412290 -0.00303764222 0.5 p-1 -101893 20
384 335 m2 412851 -0.0440836139 0.5 p-1 -5409152 180
421 336 m2 413609 1.83121156e-05 0.5 p-1 -170562 172
693 337 m2 413976 0.00436426187 0.5 p-1 -54661 7
620 338 m2 414078 -1.07305332e-05 0.5 p-1 -159836 37
283 340 m2 416691 -0.00737265777 0.5 p-1 -1254292 187
272 341 m2 419753 -5.32434541e-09 0.5 p-1 -5356372 145
661 342 m2 419755 1.19554834e-05 0.5 p-1 -1292 11
614 343 m2 421640 0.000273270212 0.5 p-1 -243384 41
590 344 m2 422959 -0.0024263165 0.5 p-1 -30117 17
519 345 m2 423978 -6.03822009e-05 0.5 p-1 -452908 17
52 346 m2 425831 0.0151520194 0.5 p-1 -698848 411
136 347 m2 427644 -0.012938926 0.5 p-1 -2114659 1126
498 348 m2 428095 0.0168694649 0.5 p-1 -64141 67
137 349 m2 429290 -0.0323926546 0.5 p-1 -3292722 1220
222 350 m2 430172 -1.17232403e-05 0.5 p-1 -806470 321
223 351 m2 430775 -0.0219135694 0.5 p-1 -4988727 1136
53 352 m2 432722 0.00966925081 0.5 p-1 -6056875 1941
54 353 m2 432900 -0.00274646259 0.5 p-1 -877090 588
55 354 m2 433941 0.00917350221 0.5 p-1 -3726031 645
273 355 m2 434137 0.00059357693 0.5 p-1 -1187389 172
544 357 m2 435978 -5.84871123e-05 0.5 p-1 -172668 50
753 358 m2 437340 0.00468811719 0.5 p-1 -11588 1
274 360 m2 439168 0.012991393 0.5 p-1 -883474 137
452 362 m2 439283 0.00205060933 0.5 p-1 -231442 107
678 363 m2 439457 0.0283788554 0.5 p-1 -5457 3
385 364 m2 440837 -0.0019300665 0.5 p-1 -617397 100
248 365 m2 441109 -0.015791839 0.5 p-1 -846660 377
688 366 m2 441737 -0.0179750398 0.5 p-1 -9333 10
56 367 m2 442121 -0.011838547 0.5 p-1 -3961742 479
328 368 m2 442414 0.0112690525 0.5 p-1 -6007645 62
329 369 m2 442731 0.0115890549 0.5 p-1 -340186 43
330 370 m2 443120 0.00276804366 0.5 p-1 -2599679 129
545 371 m2 443482 0.0120599363 0.5 p-1 -17669 17
366 373 m2 446258 0.0387093835 0.5 p-1 -20851 24
711 376 m2 451653 0.0842199624 0.5 p-1 -325910 7
474 377 m2 455427 -0.00894058403 0.5 p-1 -823691 134
58 380 m2 459814 6.27913978e-05 0.5 p-1 -1125507 805
295 382 m2 461480 0.0102786701 0.5 p-1 -85459 112
465 384 m2 467016 -0.0105661759 0.5 p-1 -780607 240
138 385 m2 468834 0.00901856273 0.5 p-1 -2136437 519
624 387 m2 473546 0.000277352723 0.5 p-1 -5833 5
358 389 m2 475484 0.0279071145 0.5 p-1 -116166 50
615 390 m2 476399 0.0223920438 0.5 p-1 -35746 2
644 392 m2 477098 0.000352873118 0.5 p-1 -451802 6
296 394 m2 482659 0.0015281965 0.5 p-1 -916379 216
59 395 m2 485909 0.000292403158 0.5 p-1 -5505304 664
666 397 m2 488662 0.00265534152 0.5 p-1 -6738 4
428 398 m2 489264 -0.00184887962 0.5 p-1 -89182 77
436 399 m2 490496 0.0194879454 0.5 p-1 -24502 28
368 400 m2 490719 -0.00877230149 0.5 p-1 -3842378 326
636 402 m2 493023 -0.0677884668 0.5 p-1 -19930 8
139 404 m2 493613 0.000995676033 0.5 p-1 -1504447 334
297 405 m2 493715 0.000103707476 0.5 p-1 -192879 87
477 406 m2 493717 0.000536849548 0.5 p-1 -29572 19
298 407 m2 496619 -0.00385695673 0.5 p-1 -360780 268
359 408 m2 498907 -0.0293614212 0.5 p-1 -382938 272
360 409 m2 501945 0.0310552809 0.5 p-1 -71665 16
736 410 m2 503725 -0.00444378005 0.5 p-1 -14960 2
361 414 m2 509151 4.62188791e-06 0.5 p-1 -146184 15
454 415 m2 509795 -0.00572069595 0.5 p-1 -340937 24
346 416 m2 512356 0.0176249128 0.5 p-1 -1112670 276
523 417 m2 513933 -0.00752615463 0.5 p-1 -129383 105
60 418 m2 517165 -0.000191393323 0.5 p-1 -2066468 491
184 419 m2 517994 -0.000301097491 0.5 p-1 -8646866 516
340 420 m2 520546 -0.0246528313 0.5 p-1 -517646 565
140 423 m2 527173 0.000290863594 0.5 p-1 -436390 125
141 424 m2 528407 -0.00364299794 0.5 p-1 -4150220 1388
552 425 m2 530525 -0.0053934739 0.5 p-1 -212401 123
507 426 m2 530836 -0.00244548917 0.5 p-1 -37301 24
412 428 m2 531402 0.00962351449 0.5 p-1 -428283 177
62 429 m2 532689 0.00839177333 0.5 p-1 -2334329 606
622 430 m2 532842 0.000379908481 0.5 p-1 -2682161 23
553 431 m2 532856 0.0171631873 0.5 p-1 -16007 21
375 432 m2 532959 -0.000152601977 0.5 p-1 -993452 317
494 434 m2 539061 -0.0116100721 0.5 p-1 -1981981 7
397 435 m2 539104 1.0290363e-06 0.5 p-1 -1526693 68
386 436 m2 539294 -0.00160857767 0.5 p-1 -169212 31
676 438 m2 541142 -0.000429691776 0.5 p-1 -48971 26
347 439 m2 541393 0.00122882577 0.5 p-1 -293501 459
64 441 m2 545204 -0.00065381435 0.5 p-1 -350166 669
387 442 m2 547040 0.00870177336 0.5 p-1 -1578277 82
284 443 m2 548488 -0.00709085632 0.5 p-1 -1207164 447
249 444 m2 552240 3.97535405e-05 0.5 p-1 -7488816 643
729 445 m2 553472 0.00606322801 0.5 p-1 -93803 2
250 449 m2 559003 0.0302762575 0.5 p-1 -704999 528
376 450 m2 559610 -1.08624572e-05 0.5 p-1 -566551 64
65 451 m2 563325 0.0661299154 0.5 p-1 -5851304 1136
621 452 m2 563693 0.000754664245 0.5 p-1 -340189 40
66 453 m2 564460 -0.0460514575 0.5 p-1 -284738 177
478 454 m2 565552 -0.00181495165 0.5 p-1 -119477 13
187 456 m2 566476 3.26471418e-05 0.5 p-1 -3326931 461
657 457 m2 567197 0.00226736884 0.5 p-1 -107304 12
285 458 m2 567879 1.25872702e-07 0.5 p-1 -278902 151
540 459 m2 567919 0.00231048395 0.5 p-1 -317892 119
658 461 m2 572989 -0.0456090607 0.5 p-1 -143748 8
554 462 m2 573744 0.000201220377 0.5 p-1 -20710 48
546 463 m2 575841 0.00403122464 0.5 p-1 -372245 28
142 468 m2 580239 0.0109687271 0.5 p-1 -913857 213
709 469 m2 587044 -0.0115239816 0.5 p-1 -25808 13
251 470 m2 591181 0.0573977754 0.5 p-1 -3697584 824
486 471 m2 591995 0.00128268031 0.5 p-1 -563031 56
252 472 m2 592032 -0.00196404872 0.5 p-1 -802617 344
659 473 m2 592279 -0.000134141301 0.5 p-1 -4434 4
508 474 m2 592426 -0.00496404152 0.5 p-1 -43101 22
479 475 m2 594602 0.011941175 0.5 p-1 -662851 57
743 476 m2 594676 0.00851929933 0.5 p-1 -18179 2
190 477 m2 595633 0.000399325683 0.5 p-1 -409163 254
332 480 m2 597042 5.8384685e-05 0.5 p-1 -351107 150
369 482 m2 602249 0.00323495315 0.5 p-1 -1013678 242
191 484 m2 603120 0.047388982 0.5 p-1 -12900242 995
348 485 m2 605769 -0.0331820659 0.5 p-1 -11806 2
617 487 m2 612514 -0.110282145 0.5 p-1 -314162 6
591 488 m2 613882 -0.0016546679 0.5 p-1 -168312 34
225 489 m2 616824 -0.0196005702 0.5 p-1 -129026 26
686 490 m2 620453 -5.58056399e-07 0.5 p-1 -8340 3
143 491 m2 622947 -0.0639513507 0.5 p-1 -111117 118
592 492 m2 623934 -0.0133982813 0.5 p-1 -1345282 70
192 493 m2 624681 -0.00407379493 0.5 p-1 -6337005 586
193 494 m2 624770 -0.107826598 0.5 p-1 -334073 112
398 497 m2 630119 -2.00776586e-08 0.5 p-1 -1402566 53
253 498 m2 631765 0.0350174233 0.5 p-1 -259065 141
541 499 m2 634497 -0.0196862966 0.5 p-1 -865446 65
654 502 m2 636371 -1.15473504e-05 0.5 p-1 -15836 2
275 503 m2 638337 0.0107614528 0.5 p-1 -915568 659
662 504 m2 639032 -0.00358097279 0.5 p-1 -5646 7
600 505 m2 639092 0.00102708046 0.5 p-1 -260411 13
299 507 m2 641593 0.00780422334 0.5 p-1 -2267362 569
67 508 m2 641755 -0.00505686179 0.5 p-1 -5524919 944
144 510 m2 644286 0.115615115 0.5 p-1 -262076 271
145 514 m2 648368 -1.64776139e-08 0.5 p-1 -699901 314
68 515 m2 648916 0.000533110928 0.5 p-1 -1913788 342
757 516 m2 650521 -0.00411695428 0.5 p-1 -19869 2
69 517 m2 650659 0.00934940018 0.5 p-1 -3557744 1749
607 519 m2 652855 -0.000517984037 0.5 p-1 -7089 5
194 520 m2 653918 -0.00579776894 0.5 p-1 -55905 48
437 523 m2 657500 -0.00225206022 0.5 p-1 -352974 175
276 524 m2 660681 0.0281168669 0.5 p-1 -118281 46
609 526 m2 666209 -0.00688749785 0.5 p-1 -107398 56
300 527 m2 668124 -0.0507935546 0.5 p-1 -500552 225
563 530 m2 673332 2.48935095e-07 0.5 p-1 -72301 41
226 531 m2 673952 -0.00825404748 0.5 p-1 -1114063 320
195 534 m2 677913 0.0529253855 0.5 p-1 -124969 90
351 536 m2 679584 -0.0105330423 0.5 p-1 -688455 138
547 537 m2 682969 -0.00464755297 0.5 p-1 -7176 14
146 538 m2 682972 0.0338038467 0.5 p-1 -4051666 1584
739 539 m2 686366 -0.000996697112 0.5 p-1 -3742 1
419 540 m2 687750 0.00145394972 0.5 p-1 -95901 163
377 542 m2 689312 0.00196121493 0.5 p-1 -1001234 210
495 543 m2 690529 -0.00723286672 0.5 p-1 -242148 3
399 544 m2 690546 -1.50247442e-05 0.5 p-1 -2028352 51
70 545 m2 691100 -0.018554572 0.5 p-1 -5769410 1960
301 547 m2 692600 -0.000199669113 0.5 p-1 -386512 120
414 548 m2 692752 0.00678763958 0.5 p-1 -790196 99
389 549 m2 698200 0.023737533 0.5 p-1 -2670795 267
73 550 m2 701998 0.000104848674 0.5 p-1 -4656811 1062
548 551 m2 702544 -0.0922250748 0.5 p-1 -30272 68
74 552 m2 703237 -0.00103569834 0.5 p-1 -1571803 1665
227 553 m2 708284 0.0274067018 0.5 p-1 -823738 562
551 554 m2 710672 0.0140309129 0.5 p-1 -24305 55
536 555 m2 715689 -0.00863130018 0.5 p-1 -1467689 33
255 556 m2 716079 5.17359786e-06 0.5 p-1 -4731774 840
76 559 m2 721426 -0.0119887637 0.5 p-1 -3405569 1649
77 560 m2 722287 0.0459530316 0.5 p-1 -4821133 1693
315 561 m2 722506 0.0180156473 0.5 p-1 -3538341 284
390 563 m2 723120 0.0004625945 0.5 p-1 -1643 52
256 564 m2 724401 0.000212577419 0.5 p-1 -5893493 726
480 565 m2 725684 0.00287370756 0.5 p-1 -810585 118
148 566 m2 726189 3.92843212e-05 0.5 p-1 -2663490 1187
302 567 m2 727816 0.00246355124 0.5 p-1 -15268 27
542 570 m2 729980 0.0173209514 0.5 p-1 -3209389 86
378 571 m2 730716 0.0229352638 0.5 p-1 -13103 16
303 572 m2 730773 -0.00345508754 0.5 p-1 -3411103 532
228 573 m2 732872 -0.000145070415 0.5 p-1 -212611 169
78 574 m2 735197 0.000250658835 0.5 p-1 -103823 67
196 575 m2 738262 0.0063390173 0.5 p-1 -11650834 1174
79 576 m2 740662 0.00329713034 0.5 p-1 -3198782 417
638 577 m2 743806 -4.36733281e-08 0.5 p-1 -22105 6
149 578 m2 745230 0.0509054065 0.5 p-1 -1314542 791
229 579 m2 746970 0.0180818643 0.5 p-1 -10123525 599
80 580 m2 748410 -0.0230166633 0.5 p-1 -4437519 929
81 582 m2 749774 0.00128771726 0.5 p-1 -1428501 622
150 584 m2 750168 0.0210500229 0.5 p-1 -2487582 954
496 586 m2 756936 0.0172652025 0.5 p-1 -116241 61
481 587 m2 758637 -5.62968171e-06 0.5 p-1 -55630 70
83 589 m2 760053 -0.0136749838 0.5 p-1 -4068347 1542
511 590 m2 760245 0.0424259044 0.5 p-1 -2035716 87
728 591 m2 761982 2.72501524e-07 0.5 p-1 -90413 3
694 593 m2 770250 0.000508712779 0.5 p-1 -16961 9
439 594 m2 772440 2.79495055e-07 0.5 p-1 -324544 106
455 595 m2 772949 0.000137768584 0.5 p-1 -3100062 104
334 596 m2 774145 -0.00234744791 0.5 p-1 -136245 97
230 597 m2 774820 -0.0301599577 0.5 p-1 -191008 99
699 598 m2 774918 0.00100672129 0.5 p-1 -101656 13
647 600 m2 776046 3.09775751e-05 0.5 p-1 -13392 14
741 601 m2 776077 0.0712671205 0.5 p-1 -47664 2
151 603 m2 777200 -0.00548285618 0.5 p-1 -2725916 1573
750 604 m2 778310 0.0307272747 0.5 p-1 -368966 2
631 605 m2 780651 0.00315360655 0.5 p-1 -124155 19
724 606 m2 780813 0.000934984128 0.5 p-1 -311 2
629 607 m2 782274 -0.0342156738 0.5 p-1 -5463 6
606 608 m2 782588 0.00815735757 0.5 p-1 -374374 64
391 609 m2 783225 -5.83113979e-05 0.5 p-1 -1536718 251
84 610 m2 784463 -0.0992061645 0.5 p-1 -95387 34
520 612 m2 787962 2.1133269e-06 0.5 p-1 -104314 63
232 614 m2 788155 0.00538735325 0.5 p-1 -1155125 653
233 615 m2 789126 0.000329788047 0.5 p-1 -58520 45
85 616 m2 789692 0.00178477797 0.5 p-1 -3504629 1735
258 617 m2 790721 0.000513495295 0.5 p-1 -3015274 132
488 618 m2 791082 -0.0123955579 0.5 p-1 -48796 68
86 619 m2 792184 0.0175828319 0.5 p-1 -6018633 1262
335 620 m2 793364 0.000237408633 0.5 p-1 -398973 376
259 621 m2 794391 -0.0060941726 0.5 p-1 -658778 530
352 622 m2 798932 -0.0174666774 0.5 p-1 -430144 84
234 623 m2 800399 0.0920582786 0.5 p-1 -13894 23
400 624 m2 808241 -0.0481091253 0.5 p-1 -58983 40
531 625 m2 808273 0.000702163146 0.5 p-1 -237801 16
532 626 m2 810119 -0.0236178357 0.5 p-1 -92365 31
660 627 m2 813505 7.95966262e-05 0.5 p-1 -4020665 11
623 628 m2 813635 -0.020000888 0.5 p-1 -34361 12
87 630 m2 815122 0.00272857235 0.5 p-1 -1144638 600
260 631 m2 816065 0.00049483648 0.5 p-1 -3360901 522
88 632 m2 817804 -6.29866463e-07 0.5 p-1 -4131023 1330
198 633 m2 817838 -0.00656128908 0.5 p-1 -2632234 677
89 635 m2 819253 -3.55389025e-12 0.5 p-1 -783080 252
235 638 m2 827763 -0.0521009825 0.5 p-1 -2229339 364
415 639 m2 828432 -0.0357857682 0.5 p-1 -5580573 121
336 640 m2 829153 0.0216346737 0.5 p-1 -470898 105
152 642 m2 831342 -0.0032992647 0.5 p-1 -1665292 392
698 645 m2 833265 0.0304327253 0.5 p-1 -25855 8
730 649 m2 840278 -0.00303537282 0.5 p-1 -549207 1
236 652 m2 843298 -0.0082441289 0.5 p-1 -655785 155
379 655 m2 844627 -0.000229706013 0.5 p-1 -826363 308
670 656 m2 846085 -0.00136970275 0.5 p-1 -29569 14
91 657 m2 846288 -0.036646001 0.5 p-1 -1727024 1609
92 658 m2 847823 -0.00166105211 0.5 p-1 -8093286 1707
502 659 m2 849024 1.3350993e-05 0.5 p-1 -1100710 71
727 660 m2 849040 0.0128345983 0.5 p-1 -5253 1
304 661 m2 860998 -4.20944707e-06 0.5 p-1 -4377817 223
279 662 m2 864300 -0.0116571086 0.5 p-1 -468192 84
95 663 m2 864434 0.000328185852 0.5 p-1 -6897268 1120
200 667 m2 868948 0.00175590313 0.5 p-1 -5858196 475
201 668 m2 869001 -0.00775211258 0.5 p-1 -758144 475
96 669 m2 871856 -3.99276541e-06 0.5 p-1 -4193401 1254
410 671 m2 874394 -0.000171325213 0.5 p-1 -100548 37
97 672 m2 875992 -0.020594338 0.5 p-1 -4143003 734
202 674 m2 876737 -0.0210819393 0.5 p-1 -2527730 655
203 675 m2 877584 -4.11422398e-08 0.5 p-1 -415153 188
98 676 m2 879386 0.00112709333 0.5 p-1 -2988942 1122
618 677 m2 879521 0.0011413818 0.5 p-1 -112657 7
154 678 m2 880755 -0.000208062556 0.5 p-1 -4046034 940
155 679 m2 882876 -0.00131565065 0.5 p-1 -1500455 457
533 680 m2 884825 9.13956137e-06 0.5 p-1 -280268 110
489 681 m2 885632 0.00395694608 0.5 p-1 -385966 28
392 682 m2 887745 -0.00976248365 0.5 p-1 -292443 81
204 683 m2 890689 -0.00370073109 0.5 p-1 -3006688 746
99 684 m2 892379 -0.000728779647 0.5 p-1 -886335 481
261 686 m2 894887 0.00626101671 0.5 p-1 -1111709 149
401 687 m2 898000 0.00267620175 0.5 p-1 -161852 77
317 688 m2 898861 -0.00863029901 0.5 p-1 -5422249 529
402 689 m2 899565 -0.0114605883 0.5 p-1 -67306 48
652 690 m2 900473 -0.000741341384 0.5 p-1 -24483 20
461 691 m2 900779 7.57567104e-05 0.5 p-1 -111997 18
156 693 m2 902650 0.032021679 0.5 p-1 -4488106 1212
630 695 m2 905734 -0.000174056389 0.5 p-1 -113437 9
403 696 m2 906644 0.000266536139 0.5 p-1 -300900 130
738 697 m2 907065 0.0332812406 0.5 p-1 -24679 1
713 699 m2 907381 -0.03925943 0.5 p-1 -7934 6
100 700 m2 907441 0.0264079273 0.5 p-1 -218990 222
205 701 m2 907619 0.00163898396 0.5 p-1 -1065161 595
404 702 m2 909118 4.53511202e-05 0.5 p-1 -2619422 123
101 703 m2 909601 4.55380103e-07 0.5 p-1 -2326629 1646
426 705 m2 910096 0.000388077809 0.5 p-1 -432869 7
102 706 m2 912125 0.00383913517 0.5 p-1 -1105275 570
157 707 m2 912618 0.000840398832 0.5 p-1 -2854600 872
512 708 m2 916109 0.00212681829 0.5 p-1 -309962 113
509 709 m2 916344 0.00116594753 0.5 p-1 -5632 2
103 710 m2 918570 -0.000570568314 0.5 p-1 -2949477 1055
637 711 m2 921186 -3.8334405e-05 0.5 p-1 -159518 3
104 712 m2 923679 -8.74339001e-09 0.5 p-1 -7497582 1004
206 713 m2 924868 -0.00740374951 0.5 p-1 -1777488 525
207 714 m2 925556 0.0455037206 0.5 p-1 -10071181 1552
337 715 m2 929547 -0.00196143449 0.5 p-1 -2564944 316
702 716 m2 930243 -0.00128633541 0.5 p-1 -3956 4
720 717 m2 930414 0.00178917754 0.5 p-1 -124476 1
238 718 m2 930976 0.0339211114 0.5 p-1 -1333283 830
158 719 m2 931139 0.00296067866 0.5 p-1 -10730473 1578
587 720 m2 935349 -0.057598114 0.5 p-1 -12518 23
371 721 m2 937327 9.27033834e-05 0.5 p-1 -435032 128
159 724 m2 940443 0.0001945447 0.5 p-1 -5776644 1051
632 725 m2 940922 0.00288834283 0.5 p-1 -16866 11
105 726 m2 944287 -1.59831779e-06 0.5 p-1 -2016904 493
633 727 m2 945546 0.000198962196 0.5 p-1 -686327 22
106 729 m2 947593 0.00734980451 0.5 p-1 -2266363 1125
593 733 m2 951766 -0.0555650853 0.5 p-1 -253354 12
602 736 m2 960077 -5.67862662e-06 0.5 p-1 -1371 1
549 738 m2 962724 -0.00795533694 0.5 p-1 -177095 37
160 739 m2 962741 0.0489759222 0.5 p-1 -15691641 972
440 740 m2 965301 -0.0140825175 0.5 p-1 -205334 46
674 742 m2 970278 0.000881676853 0.5 p-1 -13844 9
448 743 m2 970651 0.00147663779 0.5 p-1 -15758324 143
732 744 m2 973770 -0.0170980785 0.5 p-1 -27524 5
262 745 m2 973837 -0.0860891938 0.5 p-1 -85874 36
703 746 m2 974433 0.0143717844 0.5 p-1 -40810 5
108 748 m2 975911 4.14529604e-05 0.5 p-1 -4407978 709
626 750 m2 980908 0.000457407383 0.5 p-1 -196 8
646 751 m2 983035 -0.0284492411 0.5 p-1 -9663 13
162 752 m2 985703 -0.000326738431 0.5 p-1 -89225 46
431 757 m2 986158 0.00310462993 0.5 p-1 -5854496 128
555 760 m2 996018 -0.00166051637 0.5 p-1 -71126 7
263 761 m2 997369 -0.00167785853 0.5 p-1 -189013 350
584 762 m2 999535 0.0986904204 0.5 p-1 -262837 11
208 763 m2 999851 0.00419162819 0.5 p-1 -445728 95
596 766 m2 679389 -0.0457232967 0.5 p0 2 2
696 768 m2 511387 0.0153082153 0.5 p0 2 4
726 770 m2 847892 0.000428410567 0.5 p0 2 4
758 777 m2 605922 0.00397395995 0.5 p0 2 1
748 782 m2 173064 0.000207652469 0.5 p0 2 1
525 783 m2 549645 0.00469429884 0.5 p0 2 4
747 789 m2 539104 -4.86545068e-05 0.5 p0 2 2
429 803 m2 620771 -4.23275026e-10 0.5 p0 2 8
639 809 m2 258363 -3.48906324e-05 0.5 p0 2 3
669 810 m2 618557 8.59934298e-05 0.5 p0 2 1
524 813 m2 956534 0.000866689312 0.5 p0 2 16
737 815 m2 203540 0.000312368793 0.5 p0 2 2
612 820 m2 1745 -0.00064480427 0.5 p0 2 2
663 821 m2 419669 0.0203379039 0.5 p0 2 14
712 833 m2 470445 -0.00135886017 0.5 p0 2 2
685 837 m2 347635 0.0170809999 0.5 p0 2 1
682 840 m2 658357 0.00131369673 0.5 p0 2 4
708 852 m2 940271 0.00807551015 0.5 p0 2 4
734 855 m2 81750 8.53059191e-06 0.5 p0 2 3
759 862 m2 744059 -0.00291996682 0.5 p0 2 1
522 867 m2 718447 -0.0004864191 0.5 p0 2 5
742 874 m2 932370 -0.0553870909 0.5 p0 2 1
706 876 m2 864059 -0.0167161208 0.5 p0 2 8
722 878 m2 998846 -0.00927348435 0.5 p0 2 2
684 885 m2 602772 0.02127604 0.5 p0 2 1
586 886 m2 804349 0.00356013863 0.5 p0 2 7
664 893 m2 52885 0.041412916 0.5 p0 2 6
716 895 m2 236173 -0.0022713209 0.5 p0 2 2
653 896 m2 401589 4.04642506e-08 0.5 p0 2 5
367 912 m2 479264 -0.00330039719 0.5 p0 2 13
717 913 m2 61677 -0.00110499782 0.5 p0 2 4
710 917 m2 7061 2.05167021e-06 0.5 p0 2 2
656 933 m2 661570 -0.000459948613 0.5 p0 2 3
719 934 m2 54763 -4.99221596e-06 0.5 p0 2 7
603 938 m2 212000 -0.00859792251 0.5 p0 2 10
692 941 m1 2187 0 0.5 p-1 -15464 7
513 942 m1 2458 -0 0.5 p-1 -101974 62
578 943 m1 5119 0 0.5 p-1 -3476 15
462 944 m1 9274 -0 0.5 p-1 -959272 169
164 945 m1 12199 0 0.5 p-1 -950764 462
677 946 m1 16180 -0 0.5 p-1 -8680 1
372 947 m1 22452 0 0.5 p-1 -99840 25
468 948 m1 26799 0 0.5 p-1 -4321 22
475 949 m1 27146 -0 0.5 p-1 -220531 129
470 952 m1 34104 0 0.5 p-1 -1069537 141
416 953 m1 36991 -0 0.5 p-1 -10504351 407
5 954 m1 43775 -0 0.5 p-1 -266911 134
373 955 m1 45605 0 0.5 p-1 -129464 106
264 957 m1 50718 -0 0.5 p-1 -4149986 209
8 958 m1 51955 -0 0.5 p-1 -1378180 1216
338 959 m1 54094 0 0.5 p-1 -18954 40
318 960 m1 54223 -0 0.5 p-1 -112529 57
265 961 m1 55156 -0 0.5 p-1 -359208 360
354 962 m1 56897 0 0.5 p-1 -66341 55
514 963 m1 60790 -0 0.5 p-1 -109169 63
499 965 m1 78096 -0 0.5 p-1 -386476 87
443 966 m1 89364 0 0.5 p-1 -297182 113
535 967 m1 90671 0 0.5 p-1 -146039 30
15 968 m1 101953 -0 0.5 p-1 -3401617 1508
166 969 m1 102591 0 0.5 p-1 -1543795 662
321 970 m1 103346 -0 0.5 p-1 -6304 19
380 972 m1 106040 -0 0.5 p-1 -392842 141
18 973 m1 109614 0 0.5 p-1 -2392073 1319
355 975 m1 125120 0 0.5 p-1 -516448 325
613 976 m1 133475 -0 0.5 p-1 -110508 11
308 978 m1 137962 0 0.5 p-1 -25469 22
21 979 m1 138637 -0 0.5 p-1 -2647735 450
281 982 m1 148551 0 0.5 p-1 -346744 265
642 983 m1 150820 -0 0.5 p-1 -173212 15
322 984 m1 152941 -0 0.5 p-1 -7207 20
745 985 m1 153391 0 0.5 p-1 -12183 1
344 986 m1 155822 -0 0.5 p-1 -839010 112
116 987 m1 156859 0 0.5 p-1 -1507412 50
449 988 m1 157514 0 0.5 p-1 -1110846 150
574 993 m1 168490 0 0.5 p-1 -79340 13
171 994 m1 172474 -0 0.5 p-1 -685355 644
25 995 m1 183427 0 0.5 p-1 -3500683 1445
464 996 m1 185563 0 0.5 p-1 -247674 185
28 998 m1 202890 0 0.5 p-1 -4861678 1614
309 1000 m1 214696 0 0.5 p-1 -537191 263
174 1001 m1 215596 0 0.5 p-1 -6796050 782
30 1002 m1 219321 0 0.5 p-1 -658890 441
417 1003 m1 230660 0 0.5 p-1 -328185 21
530 1004 m1 232297 0 0.5 p-1 -985445 138
289 1006 m1 244200 0 0.5 p-1 -79195 37
517 1007 m1 244657 0 0.5 p-1 -188599 203
310 1010 m1 253216 -0 0.5 p-1 -1271142 435
691 1011 m1 254073 -0 0.5 p-1 -52592 9
118 1012 m1 254079 0 0.5 p-1 -376237 191
177 1014 m1 264157 0 0.5 p-1 -1176276 524
119 1015 m1 268564 -0 0.5 p-1 -5188627 1540
269 1016 m1 279151 0 0.5 p-1 -1602925 73
471 1017 m1 288226 -0 0.5 p-1 -156584 28
700 1019 m1 291476 -0 0.5 p-1 -53380 5
628 1021 m1 294407 -0 0.5 p-1 -30162 19
245 1022 m1 295215 -0 0.5 p-1 -898387 251
38 1023 m1 299833 0 0.5 p-1 -2290098 1140
40 1025 m1 323231 0 0.5 p-1 -5362344 1937
126 1027 m1 331080 -0 0.5 p-1 -4202367 667
491 1030 m1 340257 0 0.5 p-1 -39730 24
503 1031 m1 342246 0 0.5 p-1 -967137 125
469 1032 m1 343443 -0 0.5 p-1 -163743 36
42 1033 m1 344393 0 0.5 p-1 -3668273 543
326 1034 m1 347794 0 0.5 p-1 -209846 64
447 1036 m1 363940 -0 0.5 p-1 -45990 98
131 1037 m1 365666 0 0.5 p-1 -6759166 1105
49 1038 m1 373972 -0 0.5 p-1 -8080516 1612
604 1039 m1 378924 -0 0.5 p-1 -47879 28
51 1040 m1 384226 0 0.5 p-1 -300391 343
247 1041 m1 393852 -0 0.5 p-1 -1951817 270
181 1042 m1 394235 -0 0.5 p-1 -3376270 800
217 1043 m1 395280 0 0.5 p-1 -3078418 1049
219 1046 m1 403427 0 0.5 p-1 -6206402 389
221 1047 m1 414312 -0 0.5 p-1 -1687026 205
635 1048 m1 416642 0 0.5 p-1 -500 7
422 1049 m1 420773 0 0.5 p-1 -127067 30
560 1052 m1 431477 -0 0.5 p-1 -242295 40
567 1053 m1 437151 0 0.5 p-1 -950631 72
57 1054 m1 444683 0 0.5 p-1 -3970815 787
571 1057 m1 454965 0 0.5 p-1 -75778 14
610 1061 m1 474333 -0 0.5 p-1 -52703 11
733 1063 m1 485384 0 0.5 p-1 -5596 2
687 1065 m1 498189 0 0.5 p-1 -31762 7
182 1067 m1 504628 0 0.5 p-1 -892288 352
183 1068 m1 506474 0 0.5 p-1 -791265 905
510 1069 m1 512345 0 0.5 p-1 -246122 35
61 1071 m1 522509 -0 0.5 p-1 -4238143 953
341 1072 m1 523801 0 0.5 p-1 -41129 25
185 1073 m1 527672 0 0.5 p-1 -2319939 591
539 1075 m1 527822 0 0.5 p-1 -80440 40
515 1076 m1 528482 -0 0.5 p-1 -42188 14
186 1077 m1 529498 0 0.5 p-1 -836306 143
493 1078 m1 531540 0 0.5 p-1 -91819 61
679 1079 m1 531826 -0 0.5 p-1 -6938 3
63 1080 m1 536475 0 0.5 p-1 -2014675 1007
683 1082 m1 553005 -0 0.5 p-1 -3031 4
331 1083 m1 555960 0 0.5 p-1 -873534 140
566 1084 m1 558308 -0 0.5 p-1 -113105 8
705 1086 m1 560830 -0 0.5 p-1 -28408 10
224 1087 m1 561307 0 0.5 p-1 -1459731 933
188 1088 m1 567543 0 0.5 p-1 -492998 46
731 1089 m1 568501 -0 0.5 p-1 -759 1
189 1090 m1 570151 0 0.5 p-1 -6695968 517
423 1091 m1 577506 0 0.5 p-1 -14940 5
413 1094 m1 585702 0 0.5 p-1 -2188640 293
597 1095 m1 587548 0 0.5 p-1 -125856 14
408 1097 m1 594501 0 0.5 p-1 -741256 164
718 1098 m1 603896 -0 0.5 p-1 -11865 1
349 1104 m1 625136 -0 0.5 p-1 -1470523 327
466 1105 m1 631854 0 0.5 p-1 -51718 10
459 1106 m1 633453 -0 0.5 p-1 -30015 48
572 1108 m1 644544 -0 0.5 p-1 -636902 48
601 1109 m1 647686 -0 0.5 p-1 -905103 12
350 1110 m1 664983 0 0.5 p-1 -154441 42
333 1112 m1 671599 0 0.5 p-1 -85336 65
487 1113 m1 671628 -0 0.5 p-1 -379474 45
388 1114 m1 681045 0 0.5 p-1 -1976619 423
589 1115 m1 690104 -0 0.5 p-1 -281643 53
71 1116 m1 693124 -0 0.5 p-1 -256079 332
72 1117 m1 700592 -0 0.5 p-1 -126496 24
370 1118 m1 700649 -0 0.5 p-1 -255280 33
424 1119 m1 705917 0 0.5 p-1 -61794 2
425 1120 m1 707425 0 0.5 p-1 -736257 92
254 1122 m1 712171 -0 0.5 p-1 -598921 215
75 1123 m1 712245 0 0.5 p-1 -2717753 1801
147 1124 m1 715327 0 0.5 p-1 -249233 166
277 1125 m1 720360 -0 0.5 p-1 -289732 248
278 1126 m1 721755 0 0.5 p-1 -9102605 275
409 1127 m1 726715 0 0.5 p-1 -122277 68
257 1128 m1 738417 0 0.5 p-1 -2986460 247
434 1129 m1 739610 0 0.5 p-1 -2978395 30
316 1130 m1 741988 0 0.5 p-1 -1315540 420
754 1131 m1 756409 0 0.5 p-1 -316535 2
755 1132 m1 758119 -0 0.5 p-1 -118608 2
82 1133 m1 759979 -0 0.5 p-1 -6637579 950
197 1136 m1 770672 -0 0.5 p-1 -467471 207
286 1137 m1 772067 0 0.5 p-1 -59536 75
231 1138 m1 776075 -0 0.5 p-1 -616319 217
582 1139 m1 777546 0 0.5 p-1 -1759227 52
497 1141 m1 785957 -0 0.5 p-1 -131334 22
697 1142 m1 794216 0 0.5 p-1 -19063 5
430 1143 m1 797410 0 0.5 p-1 -28350 134
605 1146 m1 809863 -0 0.5 p-1 -6940 25
460 1149 m1 832954 0 0.5 p-1 -534854 61
467 1150 m1 834459 -0 0.5 p-1 -151843 64
573 1151 m1 837490 -0 0.5 p-1 -28827 3
199 1152 m1 839768 -0 0.5 p-1 -5978714 1271
153 1153 m1 841824 0 0.5 p-1 -69643 12
90 1154 m1 843534 -0 0.5 p-1 -1878974 952
501 1155 m1 848889 -0 0.5 p-1 -8283256 71
93 1156 m1 859949 -0 0.5 p-1 -6062324 1741
94 1157 m1 861427 -0 0.5 p-1 -3354662 1698
362 1159 m1 865802 0 0.5 p-1 -182740 61
287 1160 m1 868671 -0 0.5 p-1 -319167 429
583 1165 m1 889210 -0 0.5 p-1 -291982 31
680 1166 m1 889393 0 0.5 p-1 -547 19
671 1167 m1 890079 -0 0.5 p-1 -20466 3
756 1168 m1 911949 -0 0.5 p-1 -11453 1
427 1170 m1 920671 -0 0.5 p-1 -255625 114
568 1172 m1 923125 0 0.5 p-1 -62256 11
456 1174 m1 927676 -0 0.5 p-1 -57736 25
237 1175 m1 928160 -0 0.5 p-1 -3476764 20
651 1177 m1 935859 0 0.5 p-1 -28144 20
457 1179 m1 939686 -0 0.5 p-1 -39855 33
634 1181 m1 958470 -0 0.5 p-1 -24424 11
353 1182 m1 964214 0 0.5 p-1 -60930 26
107 1183 m1 967702 -0 0.5 p-1 -5580101 1681
161 1184 m1 969386 0 0.5 p-1 -6800266 630
305 1185 m1 978604 0 0.5 p-1 -3151332 570
342 1186 m1 979280 0 0.5 p-1 -664588 70
393 1187 m1 995682 0 0.5 p-1 -684459 183
109 1188 m1 998208 0 0.5 p-1 -2405288 741
