Temp_ID Permanent_ID Mutation_type Position s h Subpop Tick Number
186 0 m2 12316 -0.00188776094 0.5 p-1 -201403 42
272 1 m2 16431 -0.000512092956 0.5 p-1 -4732 4
324 2 m2 16613 -1.00866964e-05 0.5 p-1 -35273 1
219 3 m2 19650 2.03009004e-05 0.5 p-1 -31520 69
304 4 m2 33237 -0.00792229921 0.5 p-1 -2703 1
216 6 m2 39931 -0.00658476399 0.5 p-1 -199695 38
291 7 m2 41606 0.00173663639 0.5 p-1 -8304 2
48 8 m2 45705 -1.71223655e-05 0.5 p-1 -5943053 1175
0 9 m2 46551 -7.0203525e-05 0.5 p-1 -7686865 1530
188 10 m2 48596 0.000310671603 0.5 p-1 -87444 12
146 11 m2 57514 0.00295606605 0.5 p-1 -4586327 382
238 13 m2 65720 -1.54359896e-07 0.5 p-1 -24108 14
281 16 m2 70686 -0.0229827538 0.5 p-1 -3026 1
124 17 m2 84159 -0.0396832637 0.5 p-1 -7829 3
50 18 m2 88058 -0.000682248967 0.5 p-1 -955574 615
51 19 m2 94464 -0.00239607831 0.5 p-1 -2890660 738
92 20 m2 101948 7.64984725e-06 0.5 p-1 -4754813 206
1 21 m2 102685 0.00826652441 0.5 p-1 -11348053 348
242 22 m2 104096 -0.00234203483 0.5 p-1 -9581 10
2 23 m2 105842 0.0699202493 0.5 p-1 -2765591 860
261 24 m2 121394 0.00708297873 0.5 p-1 -68329 6
108 25 m2 125112 0.011139499 0.5 p-1 -476612 410
256 26 m2 128403 -9.06888454e-06 0.5 p-1 -1485598 4
296 28 m2 143304 8.84783458e-06 0.5 p-1 -12972 5
328 29 m2 148695 0.00143407483 0.5 p-1 -1874 1
109 31 m2 152469 -0.00506205857 0.5 p-1 -5623926 553
243 33 m2 155536 3.04916193e-06 0.5 p-1 -28794 6
263 35 m2 163294 -2.58283217e-05 0.5 p-1 -1700553 7
3 36 m2 166631 0.00201024814 0.5 p-1 -2749096 1924
273 37 m2 170256 0.02520339 0.5 p-1 -51405 19
234 39 m2 179749 0.147626579 0.5 p-1 -38043 7
226 40 m2 184798 -0.0264787395 0.5 p-1 -451545 30
110 41 m2 186491 0.00185614056 0.5 p-1 -23753 19
6 43 m2 190214 -9.46526707e-05 0.5 p-1 -2972945 1620
250 44 m2 191818 -0.00116572669 0.5 p-1 -401632 28
154 45 m2 196967 0.000184493023 0.5 p-1 -89633 78
305 46 m2 199085 1.32897922e-05 0.5 p-1 -4182 2
237 47 m2 199198 -0.00393044762 0.5 p-1 -176254 4
229 48 m2 199205 -0.0335459001 0.5 p-1 -249911 55
52 49 m2 204095 -0.00454137102 0.5 p-1 -162471 228
8 50 m2 205156 0.000754067209 0.5 p-1 -2241920 1239
278 51 m2 216828 0.0271782409 0.5 p-1 -262660 3
251 54 m2 220325 0.0116655985 0.5 p-1 -1202 6
286 55 m2 221380 4.98080726e-06 0.5 p-1 -25640 1
10 56 m2 221665 -5.91682292e-05 0.5 p-1 -3312898 1013
147 57 m2 222045 -0.000723765406 0.5 p-1 -498264 408
159 58 m2 222894 5.20735775e-05 0.5 p-1 -3918450 257
235 59 m2 226686 -2.41005267e-07 0.5 p-1 -93833 14
204 60 m2 227081 -0.111709103 0.5 p-1 -231701 48
121 61 m2 229610 0.00103046326 0.5 p-1 -1047115 99
206 62 m2 233571 7.29715509e-07 0.5 p-1 -66581 41
53 64 m2 252197 -0.00076180941 0.5 p-1 -2018019 1251
260 65 m2 260389 -0.000355753757 0.5 p-1 -81908 42
54 66 m2 260917 -0.00381130679 0.5 p-1 -56240 79
265 67 m2 263922 -0.00301895267 0.5 p-1 -7388 16
287 69 m2 267579 0.0186159667 0.5 p-1 -6804 14
207 70 m2 274908 -3.65232722e-06 0.5 p-1 -179371 52
311 71 m2 275580 -0.00463433797 0.5 p-1 -9630 1
259 72 m2 285673 -0.034486182 0.5 p-1 -1551019 1
94 73 m2 292972 -0.0208697803 0.5 p-1 -323370 180
11 74 m2 294576 -0.000929249392 0.5 p-1 -4495895 1458
185 75 m2 296361 -1.86070807e-07 0.5 p-1 -472957 193
240 76 m2 296574 0.00341448002 0.5 p-1 -86984 62
155 77 m2 301751 -0.0143654719 0.5 p-1 -76120 19
205 78 m2 303741 0.0013122583 0.5 p-1 -15985 20
202 79 m2 304921 -0.000216343178 0.5 p-1 -802728 39
223 80 m2 310296 0.00149793271 0.5 p-1 -46744 36
193 82 m2 319633 0.00978890155 0.5 p-1 -164369 71
125 84 m2 321433 -0.0194136295 0.5 p-1 -105625 41
12 85 m2 324031 0.00190496468 0.5 p-1 -270623 321
191 86 m2 329426 1.3067257e-05 0.5 p-1 -1081527 77
80 87 m2 333091 -3.80027304e-05 0.5 p-1 -67548 62
55 88 m2 334326 -0.00021901638 0.5 p-1 -5866936 902
13 89 m2 343369 -1.5249454e-05 0.5 p-1 -1549556 606
56 90 m2 343996 -1.39417798e-05 0.5 p-1 -861950 199
215 91 m2 348858 -4.19703696e-07 0.5 p-1 -265753 109
292 92 m2 350767 -0.000208813872 0.5 p-1 -23093 2
14 93 m2 353662 0.00547621166 0.5 p-1 -4919451 1556
144 94 m2 357207 -1.68552888e-05 0.5 p-1 -3025963 51
187 96 m2 370868 0.0113750566 0.5 p-1 -324806 153
167 97 m2 371543 -0.00231197709 0.5 p-1 -145782 57
15 99 m2 373628 -0.00103562512 0.5 p-1 -749301 402
168 100 m2 373775 -2.25744679e-05 0.5 p-1 -116656 62
57 101 m2 374275 0.00538075855 0.5 p-1 -1456064 1278
246 102 m2 381473 -0.000125403501 0.5 p-1 -728058 32
264 103 m2 381617 0.00782668684 0.5 p-1 -200 11
170 105 m2 385797 0.000453559594 0.5 p-1 -2857473 296
58 107 m2 400659 -0.000176685964 0.5 p-1 -1085516 705
59 108 m2 404390 -0.000147200757 0.5 p-1 -412353 260
253 109 m2 406598 0.0334270746 0.5 p-1 -186141 28
214 110 m2 408871 -0.00449543493 0.5 p-1 -38970 30
321 111 m2 414449 0.00713321753 0.5 p-1 -6040 1
164 113 m2 447005 -0.0012229901 0.5 p-1 -549971 153
279 115 m2 455297 -0.00134579593 0.5 p-1 -4987 4
95 116 m2 455934 4.37043946e-06 0.5 p-1 -141918 280
18 117 m2 460530 0.00106075732 0.5 p-1 -6581917 1211
262 118 m2 464843 -0.00102498557 0.5 p-1 -22540 3
19 120 m2 472836 0.00610641064 0.5 p-1 -3922165 1859
165 121 m2 474919 -0.00909287948 0.5 p-1 -1113792 200
127 122 m2 476046 -0.00534595363 0.5 p-1 -5282711 503
20 123 m2 482806 -0.000136814662 0.5 p-1 -5035380 497
323 124 m2 486786 0.00579910679 0.5 p-1 -110672 3
209 125 m2 487715 0.000231371348 0.5 p-1 -1038161 45
162 126 m2 489577 -0.00238360488 0.5 p-1 -715494 197
169 127 m2 490360 -0.0177449677 0.5 p-1 -249498 108
128 128 m2 491014 -0.000326603767 0.5 p-1 -2136602 603
97 129 m2 491495 -0.00390944537 0.5 p-1 -3211426 1227
303 131 m2 505888 -0.071471639 0.5 p-1 -18753 5
98 132 m2 507144 0.00234173355 0.5 p-1 -272676 62
236 133 m2 507771 0.00589309679 0.5 p-1 -3229 4
22 134 m2 507906 3.64563275e-05 0.5 p-1 -744632 664
23 135 m2 526079 -0.0797439814 0.5 p-1 -1983547 909
218 137 m2 526620 -0.0135188093 0.5 p-1 -27752 22
290 138 m2 528289 -0.000186534831 0.5 p-1 -540308 2
283 139 m2 530034 2.20024305e-07 0.5 p-1 -66806 5
150 140 m2 531185 -0.00248907087 0.5 p-1 -119661 30
24 141 m2 532724 0.0241907462 0.5 p-1 -3183358 1632
181 142 m2 534799 0.00100258994 0.5 p-1 -343013 130
267 143 m2 536994 4.91875562e-06 0.5 p-1 -403 14
244 144 m2 543025 -0.000315514597 0.5 p-1 -525912 14
131 147 m2 553290 0.000439399533 0.5 p-1 -2650299 459
113 148 m2 558618 -0.00137928559 0.5 p-1 -5036628 319
179 150 m2 567453 -0.00042661262 0.5 p-1 -472093 211
26 151 m2 570087 -0.00532258535 0.5 p-1 -3046319 323
233 152 m2 572095 -0.00177966896 0.5 p-1 -8793 7
62 156 m2 576133 0.000323603774 0.5 p-1 -1969146 1383
27 157 m2 577022 9.40456521e-05 0.5 p-1 -4058969 1677
276 160 m2 593532 0.0055119996 0.5 p-1 -87940 4
28 161 m2 594211 0.010720863 0.5 p-1 -2360690 1236
177 162 m2 596142 0.0329824686 0.5 p-1 -17558 4
132 163 m2 597735 0.00466384785 0.5 p-1 -9407287 579
257 164 m2 599412 -0.00158069236 0.5 p-1 -1581 2
245 165 m2 601174 -0.00016454664 0.5 p-1 -16185 15
63 166 m2 602112 -9.5257775e-09 0.5 p-1 -1618748 994
282 167 m2 602797 1.2264084e-05 0.5 p-1 -11723 2
64 168 m2 603825 0.000147570638 0.5 p-1 -10904913 1497
65 170 m2 604819 0.00972600188 0.5 p-1 -613736 1011
114 171 m2 606593 -8.25855459e-05 0.5 p-1 -4253381 754
29 173 m2 615028 -0.0098406896 0.5 p-1 -4704996 1019
100 174 m2 617742 5.14134263e-06 0.5 p-1 -4419544 1474
30 175 m2 619766 -0.000152757653 0.5 p-1 -2403116 1239
231 176 m2 622622 -0.00569823384 0.5 p-1 -47024 28
171 177 m2 624438 -0.0022978303 0.5 p-1 -326991 42
227 178 m2 627675 8.32158767e-05 0.5 p-1 -70328 34
31 179 m2 628116 0.000203021176 0.5 p-1 -637902 143
158 180 m2 629113 0.000407823449 0.5 p-1 -435233 85
269 182 m2 643389 1.69704872e-05 0.5 p-1 -67542 15
32 184 m2 644537 0.000710575026 0.5 p-1 -3516865 588
175 185 m2 653433 -0.000302227505 0.5 p-1 -161462 142
33 186 m2 654176 0.00373847899 0.5 p-1 -1523992 426
83 187 m2 659915 0.0123145562 0.5 p-1 -816646 654
189 188 m2 661040 0.0191783477 0.5 p-1 -14381157 79
289 189 m2 663781 0.00579159288 0.5 p-1 -17984 1
67 190 m2 665165 3.43855863e-05 0.5 p-1 -650770 355
249 191 m2 669417 -0.0125466324 0.5 p-1 -13019 19
190 192 m2 671267 -0.000568035175 0.5 p-1 -234835 176
34 193 m2 673039 -0.00243827025 0.5 p-1 -5285518 1847
133 194 m2 675676 -0.00585382897 0.5 p-1 -2031999 31
115 195 m2 677118 0.0152191827 0.5 p-1 -2093931 497
228 196 m2 680125 -0.0001674714 0.5 p-1 -1247 2
68 198 m2 681676 -6.21797926e-06 0.5 p-1 -2577161 987
331 199 m2 687766 0.00324071106 0.5 p-1 -3111 1
69 200 m2 687875 -0.000103141443 0.5 p-1 -1989838 518
116 201 m2 699595 -0.00483827619 0.5 p-1 -693647 112
35 202 m2 708098 -0.00202482776 0.5 p-1 -10156142 1038
36 203 m2 708611 -0.000269504468 0.5 p-1 -4488910 1039
137 204 m2 712458 0.00332457968 0.5 p-1 -941594 292
199 207 m2 727655 -0.000301668537 0.5 p-1 -74348 109
312 208 m2 729390 -0.0199941341 0.5 p-1 -2610 3
138 209 m2 729508 0.00674242573 0.5 p-1 -748620 98
85 210 m2 733698 -0.00270893262 0.5 p-1 -3502007 1065
194 211 m2 734301 -0.000396893214 0.5 p-1 -1668812 61
247 213 m2 736373 -0.0135101182 0.5 p-1 -4330333 49
101 215 m2 738517 0.00129714923 0.5 p-1 -12291856 657
239 216 m2 740927 0.00825963635 0.5 p-1 -39293 9
255 217 m2 752088 -0.0476282761 0.5 p-1 -24334 8
129 218 m2 755845 0.00128189451 0.5 p-1 -1752336 645
172 221 m2 769342 3.106043e-05 0.5 p-1 -362300 366
71 222 m2 774521 -0.0156230871 0.5 p-1 -3578499 1811
37 223 m2 776195 -0.0643281937 0.5 p-1 -925681 227
200 224 m2 776827 -0.000732679735 0.5 p-1 -612496 83
298 226 m2 777530 -2.76394263e-09 0.5 p-1 -7310 4
72 227 m2 787318 0.000426841842 0.5 p-1 -457720 753
86 228 m2 790816 -0.0501840562 0.5 p-1 -1408081 375
307 229 m2 793052 0.0548212081 0.5 p-1 -1793 1
195 230 m2 799042 -0.00342454249 0.5 p-1 -1660714 24
258 231 m2 799852 0.000708332227 0.5 p-1 -71282 13
270 232 m2 803868 -0.0352717489 0.5 p-1 -1299640 16
38 234 m2 808605 4.87565485e-05 0.5 p-1 -1655850 1790
173 235 m2 808951 -0.0211660899 0.5 p-1 -984750 95
139 236 m2 809570 0.0445257574 0.5 p-1 -986686 225
319 237 m2 811510 -0.000922669249 0.5 p-1 -6149 2
73 238 m2 816430 0.00246071094 0.5 p-1 -2887178 231
178 239 m2 819597 0.02524787 0.5 p-1 -3400566 154
39 240 m2 829252 0.014119667 0.5 p-1 -8036111 1821
87 241 m2 829889 -7.74147557e-05 0.5 p-1 -1942367 997
203 242 m2 833476 -0.00126441778 0.5 p-1 -51683 65
151 243 m2 835528 0.0189174414 0.5 p-1 -8599 18
313 244 m2 838253 1.38145611e-08 0.5 p-1 -40910 2
75 245 m2 838450 -0.05487689 0.5 p-1 -5193871 1160
40 246 m2 840539 -0.0601066723 0.5 p-1 -9363804 1360
212 247 m2 842141 -0.00215043197 0.5 p-1 -355181 67
41 248 m2 845435 -0.000350768911 0.5 p-1 -579754 352
103 249 m2 848155 0.011356703 0.5 p-1 -1047948 137
302 250 m2 850981 0.0159920361 0.5 p-1 -19603 2
42 251 m2 851378 -3.58325019e-06 0.5 p-1 -1106522 750
225 252 m2 860977 4.77061003e-05 0.5 p-1 -488350 13
222 253 m2 869688 1.55141133e-05 0.5 p-1 -104879 22
297 254 m2 869732 0.000115166338 0.5 p-1 -82551 9
43 255 m2 878640 2.55138166e-05 0.5 p-1 -3322538 671
183 256 m2 879719 -0.00966663472 0.5 p-1 -42962 54
44 257 m2 885244 -0.0300561637 0.5 p-1 -1533009 1281
76 258 m2 886370 0.0350801237 0.5 p-1 -147376 143
88 259 m2 887862 0.00223695557 0.5 p-1 -3091081 726
141 261 m2 891239 -0.000399467914 0.5 p-1 -850062 32
271 264 m2 905227 0.000143974408 0.5 p-1 -7246 9
46 265 m2 906018 7.00712262e-05 0.5 p-1 -1159458 197
220 266 m2 908159 0.0134090967 0.5 p-1 -15673 51
314 267 m2 908224 0.00981891714 0.5 p-1 -39742 2
299 268 m2 908235 0.00126695796 0.5 p-1 -5778 5
254 269 m2 912072 0.00205402402 0.5 p-1 -6425 3
104 270 m2 913570 0.0397869498 0.5 p-1 -7091065 463
163 271 m2 923957 -0.0236691982 0.5 p-1 -294180 24
196 272 m2 928014 -4.65978956e-05 0.5 p-1 -90568 47
89 273 m2 932246 -0.000593248522 0.5 p-1 -672976 588
77 274 m2 932599 2.93813955e-05 0.5 p-1 -1642222 1152
135 275 m2 936946 0.000885313086 0.5 p-1 -181938 56
332 276 m2 940379 0.00693335757 0.5 p-1 -2356 1
105 277 m2 940636 -0.0151091013 0.5 p-1 -19347493 1373
117 278 m2 941982 0.00390790403 0.5 p-1 -2517659 594
208 279 m2 945795 0.0405312143 0.5 p-1 -1801 17
118 280 m2 949983 0.0133497156 0.5 p-1 -3251829 773
90 282 m2 969229 -0.00148487277 0.5 p-1 -6766612 360
106 283 m2 969451 0.0666349158 0.5 p-1 -4535756 1040
224 284 m2 969822 0.00116364122 0.5 p-1 -45649 16
326 285 m2 970734 0.0198122412 0.5 p-1 -135533 1
310 286 m2 973450 -0.0142866625 0.5 p-1 -33221 8
78 287 m2 977992 0.000858891872 0.5 p-1 -3797355 1322
176 288 m2 981076 0.00739585375 0.5 p-1 -1092428 450
79 289 m2 985442 6.93806141e-05 0.5 p-1 -107290 188
221 291 m2 990631 -0.00242553116 0.5 p-1 -505593 93
300 292 m2 994998 5.66274502e-05 0.5 p-1 -408358 4
161 294 m2 998980 -8.66661878e-07 0.5 p-1 -901641 211
166 295 m2 999969 5.50759272e-10 0.5 p-1 -148009 108
309 297 m2 647572 -0.00481178612 0.5 p0 2 3
327 302 m2 969318 -3.3042772e-05 0.5 p0 2 1
315 303 m2 106397 -2.27452929e-05 0.5 p0 2 1
316 304 m2 790961 -0.000173214721 0.5 p0 2 1
301 306 m2 370985 -0.00488358689 0.5 p0 2 1
322 308 m2 951571 -8.70590611e-06 0.5 p0 2 1
330 313 m2 290954 -1.14795021e-05 0.5 p0 2 1
318 314 m2 391004 -0.000590885233 0.5 p0 2 1
274 316 m2 685177 -0.0096810041 0.5 p0 2 2
288 317 m2 646005 0.000149363172 0.5 p0 2 1
306 318 m2 874542 -0.00259887986 0.5 p0 2 2
333 331 m2 72580 -0.0461448245 0.5 p0 2 1
275 334 m2 997219 0.00298543065 0.5 p0 2 2
230 336 m2 425152 -0.00838708226 0.5 p0 2 8
295 337 m2 980764 0.000296936603 0.5 p0 2 2
280 339 m2 667354 -0.0187991746 0.5 p0 2 2
248 340 m2 903744 0.0012908323 0.5 p0 2 17
284 342 m2 940842 -5.79343032e-05 0.5 p0 2 4
285 343 m2 929833 -0.00377589907 0.5 p0 2 9
329 350 m2 689495 0.00247631734 0.5 p0 2 1
320 354 m2 419718 0.002713311 0.5 p0 2 1
308 356 m2 534666 -0.0193822552 0.5 p0 2 2
123 365 m2 990851 0.000428736443 0.5 p0 2 5
149 367 m1 1316 -0 0.5 p-1 -155143 57
152 369 m1 17431 0 0.5 p-1 -762067 370
325 371 m1 27529 -0 0.5 p-1 -9457 1
49 372 m1 45737 -0 0.5 p-1 -8476750 1175
153 373 m1 66908 0 0.5 p-1 -165629 1
91 374 m1 90443 0 0.5 p-1 -1075327 1022
107 376 m1 116934 -0 0.5 p-1 -648522 302
184 378 m1 129677 -0 0.5 p-1 -44963 41
174 381 m1 150171 0 0.5 p-1 -753568 133
268 382 m1 174759 0 0.5 p-1 -347875 17
4 383 m1 181948 -0 0.5 p-1 -1303187 1018
5 384 m1 186177 0 0.5 p-1 -1952150 823
120 385 m1 186323 -0 0.5 p-1 -1296595 577
93 386 m1 195176 -0 0.5 p-1 -7326742 495
7 387 m1 199064 0 0.5 p-1 -5397827 1491
9 391 m1 213775 0 0.5 p-1 -2175621 1699
111 392 m1 261361 0 0.5 p-1 -335443 126
112 393 m1 268878 0 0.5 p-1 -734716 86
293 394 m1 270253 0 0.5 p-1 -4054 1
201 395 m1 277900 0 0.5 p-1 -330438 137
136 396 m1 279747 0 0.5 p-1 -87967 38
294 397 m1 281269 -0 0.5 p-1 -2730 1
130 398 m1 282804 -0 0.5 p-1 -73315 45
148 400 m1 354578 0 0.5 p-1 -600016 130
277 401 m1 358065 0 0.5 p-1 -38741 9
81 402 m1 370950 0 0.5 p-1 -4308516 868
16 404 m1 382026 -0 0.5 p-1 -2441433 1840
17 405 m1 397535 -0 0.5 p-1 -3465691 1504
232 406 m1 407946 0 0.5 p-1 -36899 40
211 407 m1 413816 -0 0.5 p-1 -140164 33
317 408 m1 416541 0 0.5 p-1 -61932 2
157 409 m1 417419 -0 0.5 p-1 -109497 54
122 411 m1 433385 0 0.5 p-1 -262407 288
126 412 m1 436318 0 0.5 p-1 -27527 9
60 414 m1 475474 -0 0.5 p-1 -6812091 1045
96 415 m1 475726 -0 0.5 p-1 -540249 284
21 417 m1 485629 -0 0.5 p-1 -2518442 1303
82 418 m1 501229 -0 0.5 p-1 -1569308 530
217 419 m1 516172 -0 0.5 p-1 -204001 21
241 420 m1 524279 -0 0.5 p-1 -199348 36
197 421 m1 539843 -0 0.5 p-1 -1581663 37
25 422 m1 549605 0 0.5 p-1 -3235012 441
61 423 m1 559679 -0 0.5 p-1 -357402 222
266 425 m1 584155 -0 0.5 p-1 -62514 10
66 426 m1 607441 0 0.5 p-1 -6744096 1275
99 427 m1 608012 -0 0.5 p-1 -2367776 461
252 429 m1 627066 0 0.5 p-1 -2694855 63
70 431 m1 695179 0 0.5 p-1 -11741857 368
84 432 m1 710353 -0 0.5 p-1 -1828785 46
102 433 m1 766213 0 0.5 p-1 -2126119 318
134 434 m1 774420 0 0.5 p-1 -640218 33
213 436 m1 825139 -0 0.5 p-1 -42195 16
74 437 m1 829387 0 0.5 p-1 -2356573 1199
210 439 m1 868680 0 0.5 p-1 -56989 59
140 440 m1 874615 -0 0.5 p-1 -267186 395
156 441 m1 882890 -0 0.5 p-1 -1192909 328
180 442 m1 888249 0 0.5 p-1 -721142 93
45 443 m1 904570 -0 0.5 p-1 -3848989 1101
142 444 m1 908657 0 0.5 p-1 -168156 226
145 446 m1 917007 0 0.5 p-1 -241709 131
160 447 m1 919828 0 0.5 p-1 -343255 84
47 448 m1 939634 -0 0.5 p-1 -1808446 180
198 449 m1 945903 -0 0.5 p-1 -42694 11
192 450 m1 951098 0 0.5 p-1 -222988 64
119 452 m1 968883 0 0.5 p-1 -98559 105
182 454 m1 982717 0 0.5 p-1 -238432 232
143 455 m1 983130 -0 0.5 p-1 -395579 137
