Temp_ID Permanent_ID Mutation_type Position s h Subpop Tick Number
1380 1 m2 155 -0.00127168652 0.5 p-1 -74595 12
1928 3 m2 1055 -4.40109943e-05 0.5 p-1 -10682 1
589 4 m2 1575 0.00572607294 0.5 p-1 -97943 41
978 5 m2 1739 0.000862756453 0.5 p-1 -160524 48
1441 6 m2 1882 0.00891668256 0.5 p-1 -228897 30
1193 7 m2 2600 0.0272948164 0.5 p-1 -38080 33
1701 8 m2 2961 -0.000288233598 0.5 p-1 -24055 4
1289 11 m2 4056 0.00391614437 0.5 p-1 -11 7
987 12 m2 4738 0.000429705775 0.5 p-1 -1277986 203
520 14 m2 5424 -0.0172701273 0.5 p-1 -246971 26
988 15 m2 5970 1.90452065e-05 0.5 p-1 -182015 18
924 17 m2 8708 0.000451200729 0.5 p-1 -306210 55
0 19 m2 9044 3.61564503e-06 0.5 p-1 -25957 49
1729 20 m2 9426 0.0064323158 0.5 p-1 -70337 8
251 21 m2 9866 0.00133021513 0.5 p-1 -4200101 1694
1792 22 m2 10020 1.09240464e-05 0.5 p-1 -10670 2
521 24 m2 11094 -0.00238279626 0.5 p-1 -2928397 851
1072 25 m2 11127 0.00155277993 0.5 p-1 -42014 49
1 26 m2 11192 -0.00246180734 0.5 p-1 -4309776 1226
2 27 m2 11205 0.000274284655 0.5 p-1 -4342809 1228
1693 28 m2 11654 -0.00283070677 0.5 p-1 -121947 12
1003 29 m2 11816 -0.0116728973 0.5 p-1 -328727 104
1037 30 m2 12059 -9.02629181e-05 0.5 p-1 -46689 20
1275 31 m2 12097 1.70010298e-05 0.5 p-1 -56506 11
634 32 m2 13239 0.00676231738 0.5 p-1 -1918275 330
1292 33 m2 13327 0.0104791019 0.5 p-1 -350411 29
368 34 m2 14558 0.0144735305 0.5 p-1 -3194302 1012
3 35 m2 14665 0.000339183054 0.5 p-1 -1807994 508
1316 36 m2 15705 0.00147026521 0.5 p-1 -429419 80
941 37 m2 16100 0.00321305008 0.5 p-1 -176473 87
4 38 m2 16105 -0.00051077269 0.5 p-1 -2273988 1389
1242 39 m2 17307 0.000908442715 0.5 p-1 -13789 6
1937 40 m2 18655 -0.000625624612 0.5 p-1 -7305 1
1662 41 m2 19773 0.00042871121 0.5 p-1 -25067 5
1219 42 m2 20350 0.00212537637 0.5 p-1 -83850 66
1116 43 m2 20559 0.000683635822 0.5 p-1 -68433 19
1617 44 m2 20991 -0.00106771593 0.5 p-1 -5257 5
1386 45 m2 21507 -0.00616304902 0.5 p-1 -35223 15
1566 46 m2 22270 0.0433979556 0.5 p-1 -13208 7
5 47 m2 22346 -0.0103676617 0.5 p-1 -3881512 1296
1442 48 m2 22365 8.30362624e-05 0.5 p-1 -92317 23
369 49 m2 22547 -6.45532928e-05 0.5 p-1 -2020322 839
758 50 m2 22685 -0.00148544949 0.5 p-1 -128481 57
665 51 m2 22824 -0.0401621275 0.5 p-1 -128365 82
1713 53 m2 30950 0.00254693162 0.5 p-1 -19238 2
1206 54 m2 31289 -0.00110328302 0.5 p-1 -32550 10
1227 55 m2 31708 -0.00759058772 0.5 p-1 -19552 13
1612 56 m2 33451 -0.00701511186 0.5 p-1 -35780 12
1208 57 m2 33828 0.00499345548 0.5 p-1 -295318 76
458 58 m2 34814 0.000841885689 0.5 p-1 -473737 119
1431 59 m2 34892 0.00063498813 0.5 p-1 -4879 5
1022 60 m2 35097 0.00924106594 0.5 p-1 -699523 107
1432 61 m2 35226 -1.37772922e-05 0.5 p-1 -335295 9
727 62 m2 35757 8.0495937e-08 0.5 p-1 -263360 260
371 64 m2 37308 0.0305198319 0.5 p-1 -854875 267
819 65 m2 37451 0.00249032886 0.5 p-1 -514408 94
666 66 m2 39338 0.00316952239 0.5 p-1 -93783 74
253 67 m2 39469 0.00425630994 0.5 p-1 -3609362 1413
925 68 m2 40041 -0.000143983838 0.5 p-1 -99575 56
6 70 m2 41521 0.0036025329 0.5 p-1 -1995791 908
1628 71 m2 42500 0.00615806552 0.5 p-1 -1373 7
1172 72 m2 42574 0.0234665312 0.5 p-1 -49332 7
372 73 m2 43210 -0.000196792142 0.5 p-1 -1218808 114
1547 76 m2 44320 -0.000873123878 0.5 p-1 -16229 2
694 78 m2 45090 0.0084300274 0.5 p-1 -656947 159
1556 79 m2 45263 -0.00299362792 0.5 p-1 -136422 8
1791 80 m2 48060 6.19216371e-05 0.5 p-1 -28565 4
1078 82 m2 49433 -6.02847613e-05 0.5 p-1 -15522 26
759 83 m2 49494 0.0440151654 0.5 p-1 -1318122 322
7 84 m2 49868 0.0159166344 0.5 p-1 -2026982 1411
1524 85 m2 49990 -0.00339361513 0.5 p-1 -20477 6
1443 86 m2 50629 -3.47872119e-05 0.5 p-1 -94009 24
1209 88 m2 51190 -2.17766754e-07 0.5 p-1 -152532 24
1520 89 m2 51697 -0.00852705259 0.5 p-1 -128969 8
459 92 m2 52279 -5.27419252e-05 0.5 p-1 -1114487 234
9 93 m2 52778 0.0004646694 0.5 p-1 -1994288 597
1540 94 m2 53438 -1.08576452e-15 0.5 p-1 -14238 10
10 95 m2 53624 0.00149636564 0.5 p-1 -3340274 574
522 96 m2 53640 -0.0226836465 0.5 p-1 -457178 256
1548 98 m2 53678 0.01023925 0.5 p-1 -2042 2
11 99 m2 54246 -0.000399389653 0.5 p-1 -1928399 1620
728 100 m2 54771 7.60552939e-05 0.5 p-1 -261242 104
821 102 m2 56387 0.00353592215 0.5 p-1 -2355147 282
822 103 m2 56450 0.00637524668 0.5 p-1 -2104538 294
955 104 m2 56733 -0.0147473654 0.5 p-1 -169785 278
860 105 m2 57222 -0.00529164029 0.5 p-1 -538863 61
1626 106 m2 57374 -0.0336189345 0.5 p-1 -36493 4
1125 108 m2 57524 -0.0196428224 0.5 p-1 -8920 40
255 109 m2 59497 0.00490343804 0.5 p-1 -3293435 1278
1896 111 m2 60944 0.00480276253 0.5 p-1 -6378 1
523 112 m2 61687 5.087521e-06 0.5 p-1 -479506 116
729 114 m2 63602 -0.0218255036 0.5 p-1 -355570 163
1766 115 m2 64966 -0.0261081122 0.5 p-1 -207942 5
1286 116 m2 65455 -0.000593136938 0.5 p-1 -14455 4
15 117 m2 67293 3.59185178e-05 0.5 p-1 -4946558 1064
256 118 m2 67417 -0.00130178838 0.5 p-1 -3316000 1029
460 119 m2 67443 0.0440997966 0.5 p-1 -600487 285
1819 120 m2 67826 0.0401482917 0.5 p-1 -24999 1
999 121 m2 68191 -3.90116725e-07 0.5 p-1 -1545745 176
1269 122 m2 68217 -0.00270182476 0.5 p-1 -92223 2
1189 123 m2 68514 -0.000742248027 0.5 p-1 -47223 44
524 124 m2 70038 2.25908625e-05 0.5 p-1 -7254711 114
1423 125 m2 70794 0.0153489998 0.5 p-1 -113875 24
257 126 m2 71308 -0.0046208147 0.5 p-1 -6195913 577
760 127 m2 72067 -0.0112558976 0.5 p-1 -143920 133
525 128 m2 72613 -5.91314092e-05 0.5 p-1 -935728 76
17 130 m2 75525 -1.76248932e-06 0.5 p-1 -4137129 846
1591 131 m2 75930 -0.0158530995 0.5 p-1 -30400 20
1399 132 m2 76896 0.00952337869 0.5 p-1 -41180 26
374 133 m2 77048 0.0165084321 0.5 p-1 -5148770 1579
18 134 m2 77148 -0.0450882912 0.5 p-1 -3121152 348
526 135 m2 77613 -0.00388738164 0.5 p-1 -1769471 339
1827 136 m2 78334 5.52758611e-05 0.5 p-1 -7882 4
19 138 m2 79002 0.00471503614 0.5 p-1 -5154028 889
1335 139 m2 79802 0.0175414979 0.5 p-1 -6629 9
1210 140 m2 81404 0.0249500927 0.5 p-1 -52287 4
1799 141 m2 81535 -0.0294850003 0.5 p-1 -726 6
1038 143 m2 82194 0.0181200486 0.5 p-1 -227942 193
375 144 m2 82278 -0.00957260095 0.5 p-1 -1313465 197
964 145 m2 82558 0.00162321469 0.5 p-1 -13433 3
592 146 m2 82668 0.0236673336 0.5 p-1 -46296 39
258 147 m2 82684 -0.0165948849 0.5 p-1 -7059116 1458
1454 148 m2 82910 0.00118403859 0.5 p-1 -22739 14
1134 149 m2 82944 0.00438984809 0.5 p-1 -742668 39
1305 152 m2 84280 -2.65077615e-05 0.5 p-1 -699792 84
1270 153 m2 84516 0.000837093277 0.5 p-1 -141209 3
461 154 m2 84988 -0.0299981311 0.5 p-1 -482291 93
21 156 m2 85713 0.000260654982 0.5 p-1 -4122588 747
890 157 m2 87298 0.00282924552 0.5 p-1 -319644 112
259 159 m2 89475 0.00203753472 0.5 p-1 -4414363 922
527 160 m2 89509 0.00306447013 0.5 p-1 -727971 342
1578 161 m2 89673 0.00620531617 0.5 p-1 -233 7
1306 162 m2 91077 -0.000651533424 0.5 p-1 -52899 20
462 165 m2 94385 -4.55584711e-07 0.5 p-1 -1501491 672
1618 166 m2 95520 0.0015262746 0.5 p-1 -54830 3
1228 167 m2 95521 0.0189017635 0.5 p-1 -157764 32
1220 168 m2 95664 0.00754158944 0.5 p-1 -121718 32
1601 169 m2 95771 0.00315523171 0.5 p-1 -3720 3
891 170 m2 95914 -3.77542019e-05 0.5 p-1 -206641 34
1066 171 m2 97029 1.98889776e-08 0.5 p-1 -1805945 136
761 172 m2 97879 -0.0213257503 0.5 p-1 -608514 58
1033 173 m2 97900 0.00542676635 0.5 p-1 -16716 20
22 174 m2 98586 0.00141133042 0.5 p-1 -2730623 620
1052 175 m2 98852 -0.0105962874 0.5 p-1 -86062 42
463 176 m2 99357 -0.00907223579 0.5 p-1 -581441 199
1039 177 m2 99400 -0.00011370374 0.5 p-1 -291108 67
636 178 m2 99564 0.00229791109 0.5 p-1 -827699 91
1685 181 m2 101150 1.15183511e-05 0.5 p-1 -22614 17
1724 182 m2 101633 0.00296219927 0.5 p-1 -36435 7
840 183 m2 101811 -0.000294005702 0.5 p-1 -1595773 152
1097 184 m2 102216 -0.00970533956 0.5 p-1 -89784 97
637 186 m2 105363 1.64226449e-07 0.5 p-1 -223418 89
1000 187 m2 105468 -1.31954221e-05 0.5 p-1 -32733 28
1435 188 m2 105493 -0.0272747893 0.5 p-1 -19505 19
1652 189 m2 105656 2.02624778e-05 0.5 p-1 -3829 1
787 190 m2 105957 -0.000246545387 0.5 p-1 -280612 36
1004 191 m2 106401 0.0100449156 0.5 p-1 -986883 63
762 192 m2 107551 0.00042041007 0.5 p-1 -339762 120
842 193 m2 107938 0.00303111668 0.5 p-1 -133382 75
1034 194 m2 107995 0.00648936955 0.5 p-1 -343146 220
1165 195 m2 108770 -0.0727529153 0.5 p-1 -25385 22
1035 196 m2 108867 -0.072080262 0.5 p-1 -644624 238
1367 197 m2 112830 -0.000339175778 0.5 p-1 -85886 1
1908 198 m2 113221 -0.01046592 0.5 p-1 -6289 1
1725 199 m2 113787 0.0109393839 0.5 p-1 -28587 9
23 201 m2 114653 0.0167607814 0.5 p-1 -3647322 762
261 202 m2 115399 -0.0398117825 0.5 p-1 -87211 16
1173 203 m2 115735 -0.0051084361 0.5 p-1 -82166 8
697 204 m2 116150 2.98485162e-07 0.5 p-1 -9192902 478
799 205 m2 116384 2.11455209e-08 0.5 p-1 -658281 161
1614 206 m2 116846 0.00080808741 0.5 p-1 -28259 21
24 207 m2 118215 0.0126068266 0.5 p-1 -3032814 957
464 208 m2 118463 0.00161174929 0.5 p-1 -141554 35
638 209 m2 119085 -0.0207694434 0.5 p-1 -507118 158
763 211 m2 119710 0.000791643572 0.5 p-1 -126066 80
1040 212 m2 120317 -0.0054768906 0.5 p-1 -137057 69
1608 215 m2 122252 0.00025631985 0.5 p-1 -3940 3
1368 216 m2 122567 0.000450245803 0.5 p-1 -30682 4
668 217 m2 122936 0.0507291257 0.5 p-1 -1391845 403
698 219 m2 125640 -0.00388554949 0.5 p-1 -2488994 126
26 220 m2 125746 0.000949485984 0.5 p-1 -1733089 1242
466 221 m2 127466 -0.00502788369 0.5 p-1 -1386909 81
1235 222 m2 128626 0.000119911609 0.5 p-1 -343875 48
699 224 m2 131141 -0.0017904928 0.5 p-1 -1622738 435
669 225 m2 131894 -0.0139831081 0.5 p-1 -235432 118
27 226 m2 132101 -0.00297447899 0.5 p-1 -3323331 1827
1670 227 m2 134017 0.000733869791 0.5 p-1 -26357 7
264 228 m2 134677 0.00279022381 0.5 p-1 -1893889 1189
1103 229 m2 135638 0.000169616542 0.5 p-1 -17599 22
467 230 m2 135951 -0.00083041779 0.5 p-1 -300096 96
28 231 m2 137304 -0.00585570699 0.5 p-1 -6532226 1128
700 232 m2 137331 -0.00432116864 0.5 p-1 -174726 67
764 234 m2 137753 -0.0778860003 0.5 p-1 -3419995 103
1680 237 m2 141280 5.35874315e-05 0.5 p-1 -6243 2
265 238 m2 141498 -0.0103747128 0.5 p-1 -170628 239
30 239 m2 141743 -0.0197378527 0.5 p-1 -5754155 1265
926 240 m2 142202 -0.000725614256 0.5 p-1 -32983 26
1110 241 m2 142830 0.00386129832 0.5 p-1 -1652491 92
1391 242 m2 142979 0.000175881185 0.5 p-1 -9114 4
31 244 m2 145143 -0.0108055286 0.5 p-1 -2934626 1690
32 245 m2 145343 0.00512844138 0.5 p-1 -1295738 1222
1754 246 m2 145682 -0.0135960653 0.5 p-1 -2627 3
1369 248 m2 146312 0.0234833751 0.5 p-1 -181147 3
956 251 m2 148551 -0.00199411483 0.5 p-1 -1466235 104
1149 252 m2 150270 0.00165049499 0.5 p-1 -646375 30
266 253 m2 150705 -9.60705165e-06 0.5 p-1 -306910 199
1336 254 m2 152313 1.81435769e-06 0.5 p-1 -58471 15
529 255 m2 152638 -0.000490479404 0.5 p-1 -2527348 346
904 256 m2 153760 0.00257841637 0.5 p-1 -3044 4
33 257 m2 154102 -6.82997234e-06 0.5 p-1 -762715 455
1659 258 m2 154163 -0.0016109175 0.5 p-1 -6345 5
765 260 m2 154797 0.00174107694 0.5 p-1 -498753 258
530 261 m2 154950 0.0171117652 0.5 p-1 -90801 96
1479 262 m2 155005 -7.54795765e-05 0.5 p-1 -10715 10
1528 264 m2 156131 2.13922348e-07 0.5 p-1 -2735 7
1388 265 m2 156484 -0.0491399914 0.5 p-1 -1069694 37
35 266 m2 158207 0.00385411689 0.5 p-1 -3303615 1182
1692 267 m2 158343 -0.0156842303 0.5 p-1 -10596 4
979 268 m2 158436 -3.25172587e-05 0.5 p-1 -226178 21
980 269 m2 158809 0.00930520333 0.5 p-1 -17630 16
36 270 m2 159052 0.00820660125 0.5 p-1 -2122561 901
1554 271 m2 161618 -0.000161489967 0.5 p-1 -17469 1
825 272 m2 161728 -0.000296080427 0.5 p-1 -86546 41
927 275 m2 162786 0.00045013713 0.5 p-1 -111104 48
1117 276 m2 164192 -0.00831732154 0.5 p-1 -1598974 18
268 277 m2 164269 -0.000357974583 0.5 p-1 -2300654 433
1358 279 m2 167144 1.97259604e-11 0.5 p-1 -214 11
1877 280 m2 167869 -0.00351122208 0.5 p-1 -7877 2
1240 281 m2 168240 0.00478335842 0.5 p-1 -106399 12
37 284 m2 171753 0.00102907128 0.5 p-1 -5381453 1732
531 285 m2 172863 0.00528491195 0.5 p-1 -5656724 66
594 286 m2 173962 -0.000573661178 0.5 p-1 -156201 156
701 287 m2 175254 -0.000141076132 0.5 p-1 -58381 10
670 289 m2 176393 -0.0962897763 0.5 p-1 -560644 179
269 290 m2 177514 0.00430217525 0.5 p-1 -388545 315
1868 291 m2 178162 -0.00508673489 0.5 p-1 -1851 2
1758 292 m2 179224 4.58282739e-06 0.5 p-1 -250627 5
38 293 m2 179418 -0.0132345082 0.5 p-1 -342844 33
470 298 m2 185307 0.0135360193 0.5 p-1 -215657 259
1529 299 m2 185353 -0.000755289046 0.5 p-1 -69934 7
861 301 m2 187246 -0.00264733471 0.5 p-1 -610687 241
532 302 m2 187780 0.0172702372 0.5 p-1 -14178 9
1649 304 m2 188877 -0.0239996593 0.5 p-1 -3681 2
1532 305 m2 189615 0.00216087 0.5 p-1 -119509 6
1365 306 m2 190596 -4.62386197e-05 0.5 p-1 -55224 54
1706 307 m2 192979 -0.0198267605 0.5 p-1 -1313 3
1333 308 m2 193359 -2.89061936e-05 0.5 p-1 -26875 29
1607 309 m2 194162 -0.0348868705 0.5 p-1 -117923 7
40 310 m2 194497 0.00109471171 0.5 p-1 -5998802 1622
1258 311 m2 194915 -0.0128337583 0.5 p-1 -57278 17
1005 312 m2 195418 0.00161171879 0.5 p-1 -112073 96
671 313 m2 195447 0.00320095965 0.5 p-1 -391089 122
845 314 m2 195484 0.00720974803 0.5 p-1 -54377 114
826 315 m2 196075 -0.0020556068 0.5 p-1 -971117 163
41 316 m2 196348 0.0210285336 0.5 p-1 -8969918 1085
1141 317 m2 196403 -0.00356519129 0.5 p-1 -70259 14
595 318 m2 197304 0.131448999 0.5 p-1 -2657577 1488
1816 319 m2 197766 0.00253914995 0.5 p-1 -22927 3
1045 320 m2 198209 -0.000374244293 0.5 p-1 -4607 37
42 323 m2 198337 0.00135891873 0.5 p-1 -2497149 1760
1359 324 m2 198531 0.00900246296 0.5 p-1 -81750 37
43 325 m2 198592 0.00460436894 0.5 p-1 -14929643 1939
44 326 m2 198752 9.94338922e-09 0.5 p-1 -25935 11
1079 327 m2 198755 4.81314467e-11 0.5 p-1 -6381629 56
1080 328 m2 198770 -0.000465893099 0.5 p-1 -20930364 56
1360 330 m2 199199 -0.00142988539 0.5 p-1 -59340 37
1912 332 m2 202037 -0.00548848463 0.5 p-1 -418527 2
1794 333 m2 202803 -0.00630889321 0.5 p-1 -12344 3
45 335 m2 203547 -2.94039583e-05 0.5 p-1 -4254384 1470
1774 336 m2 204723 6.17636624e-06 0.5 p-1 -79529 17
271 338 m2 205022 6.74672407e-09 0.5 p-1 -798796 499
767 339 m2 205523 0.00754469354 0.5 p-1 -2895187 246
472 340 m2 205901 -0.00162984687 0.5 p-1 -7163401 852
1557 341 m2 206199 0.00150298222 0.5 p-1 -89414 3
46 342 m2 207371 0.0301388502 0.5 p-1 -11866516 1711
1678 345 m2 208868 0.00170202507 0.5 p-1 -230466 6
47 346 m2 209316 1.63238328e-05 0.5 p-1 -29838 3
1845 347 m2 210254 0.000535119209 0.5 p-1 -35226 5
1777 348 m2 210398 0.0354185142 0.5 p-1 -35382 1
878 349 m2 210513 -0.00230537727 0.5 p-1 -159787 45
1142 350 m2 210638 5.17087647e-05 0.5 p-1 -760681 85
1143 351 m2 210874 0.00396620249 0.5 p-1 -3598638 85
272 352 m2 210886 -2.4086446e-06 0.5 p-1 -1369493 1350
1836 354 m2 211971 2.24249034e-05 0.5 p-1 -15384 2
1389 355 m2 212315 0.00193838298 0.5 p-1 -84689 9
731 356 m2 212964 0.0036883459 0.5 p-1 -510353 215
48 357 m2 213012 -0.0193877369 0.5 p-1 -2419549 1366
703 358 m2 213153 -0.000138228672 0.5 p-1 -180338 97
1437 359 m2 213207 -0.0196114648 0.5 p-1 -164522 20
1509 361 m2 213668 -2.70560008e-06 0.5 p-1 -46909 3
49 364 m2 214519 0.000351293769 0.5 p-1 -1551059 502
1224 366 m2 214899 7.23272678e-05 0.5 p-1 -163291 34
596 368 m2 215392 -0.0177910198 0.5 p-1 -299753 170
918 369 m2 215727 -0.00157515157 0.5 p-1 -162427 73
1284 370 m2 215870 -0.0154191414 0.5 p-1 -133508 46
50 371 m2 217358 0.00106191402 0.5 p-1 -2767069 1453
533 372 m2 217440 0.000102480895 0.5 p-1 -4282631 1218
51 373 m2 218299 0.000292376382 0.5 p-1 -3763818 1478
273 374 m2 218343 -0.00133839657 0.5 p-1 -178510 183
274 376 m2 222112 -0.0132605769 0.5 p-1 -589235 1025
942 377 m2 222177 0.00320327561 0.5 p-1 -752639 356
1414 378 m2 222625 0.052559372 0.5 p-1 -317034 39
1934 380 m2 222862 0.0104493434 0.5 p-1 -4943 3
52 381 m2 223570 0.0114820693 0.5 p-1 -551298 347
1757 382 m2 224668 0.000838638458 0.5 p-1 -9316 1
1041 383 m2 225186 0.000186531601 0.5 p-1 -165672 61
1135 384 m2 225773 -0.000201440227 0.5 p-1 -83351 51
53 385 m2 226436 -0.00542215724 0.5 p-1 -3504377 408
275 386 m2 226731 -2.35592415e-06 0.5 p-1 -3625097 1314
534 387 m2 227737 0.000432266388 0.5 p-1 -1250349 318
1111 388 m2 227765 -3.57221325e-05 0.5 p-1 -628678 89
1501 389 m2 227789 0.00864104927 0.5 p-1 -16936 15
381 391 m2 228133 0.00315532368 0.5 p-1 -3440092 190
1821 392 m2 228519 0.000223801704 0.5 p-1 -3343 5
1337 393 m2 228630 -0.00277788821 0.5 p-1 -99535 52
54 394 m2 230192 0.000124450366 0.5 p-1 -1783707 1202
928 397 m2 233689 -0.0032927182 0.5 p-1 -161018 57
1301 398 m2 234532 0.000708782289 0.5 p-1 -38719 22
788 399 m2 234827 -0.000988361775 0.5 p-1 -639419 113
383 401 m2 235701 0.00124144729 0.5 p-1 -26637 13
929 402 m2 235757 -0.00307207089 0.5 p-1 -150817 27
1001 403 m2 235811 -8.60925065e-05 0.5 p-1 -1502106 18
55 404 m2 235865 -0.000329160073 0.5 p-1 -10808235 1939
989 405 m2 236266 -0.0174177159 0.5 p-1 -734858 84
768 406 m2 236906 -0.000151358225 0.5 p-1 -292950 85
276 408 m2 237036 -1.05911859e-05 0.5 p-1 -1452950 310
1644 409 m2 237585 -0.0123392483 0.5 p-1 -8874 5
56 410 m2 237586 -1.02064277e-11 0.5 p-1 -824311 506
277 411 m2 237669 -2.4315128e-05 0.5 p-1 -1537023 817
1151 412 m2 237695 0.000130205692 0.5 p-1 -12994 11
384 413 m2 237832 1.40252178e-05 0.5 p-1 -219174 16
57 414 m2 238179 0.0173495598 0.5 p-1 -1189189 548
1294 416 m2 238802 0.0265547112 0.5 p-1 -21130 15
800 417 m2 239070 0.000769054692 0.5 p-1 -198902 116
1190 418 m2 239262 0.00923144631 0.5 p-1 -92606 31
58 419 m2 239783 0.0103280293 0.5 p-1 -11357750 1300
1014 420 m2 240172 -0.0091814287 0.5 p-1 -414604 68
1295 421 m2 240444 -0.000892671349 0.5 p-1 -56268 21
59 422 m2 241276 -0.000127610634 0.5 p-1 -3148980 1500
1733 423 m2 241921 -0.00495583983 0.5 p-1 -1282 1
279 424 m2 242160 -0.0413048752 0.5 p-1 -1156482 912
801 426 m2 242930 0.0309259892 0.5 p-1 -1984694 73
280 427 m2 243813 -0.0295345746 0.5 p-1 -706005 276
597 428 m2 244237 0.0156002482 0.5 p-1 -660126 536
957 429 m2 244819 -0.000483844866 0.5 p-1 -34949 16
640 430 m2 244925 3.17941101e-07 0.5 p-1 -38423 31
385 433 m2 245735 4.09036184e-05 0.5 p-1 -2217207 1104
958 434 m2 246312 -0.000604283414 0.5 p-1 -143687 15
1144 435 m2 246490 0.018367894 0.5 p-1 -675518 36
473 436 m2 246566 0.00222755643 0.5 p-1 -1894095 886
60 437 m2 247149 -1.8065959e-05 0.5 p-1 -3557746 943
1619 438 m2 247713 0.0088472059 0.5 p-1 -10290 4
61 440 m2 248605 -0.00434065983 0.5 p-1 -55 1
641 441 m2 250204 0.0389258601 0.5 p-1 -771305 441
1814 442 m2 250242 0.109037749 0.5 p-1 -124543 5
1508 443 m2 255452 2.02546107e-06 0.5 p-1 -17492 11
64 444 m2 255999 -7.99765854e-09 0.5 p-1 -1270700 489
1053 445 m2 256984 0.00250334735 0.5 p-1 -1332 2
1136 446 m2 257294 -0.000746881298 0.5 p-1 -81562 72
1394 447 m2 258036 -0.00527773658 0.5 p-1 -61344 66
387 448 m2 258575 2.7813951e-06 0.5 p-1 -2065171 574
1266 453 m2 260049 0.00210787822 0.5 p-1 -218681 49
1533 454 m2 260224 0.0146532422 0.5 p-1 -15970 7
827 455 m2 260572 -0.000305379101 0.5 p-1 -11464 8
1480 456 m2 262094 -4.05944302e-05 0.5 p-1 -11736 6
1267 457 m2 263495 4.32393836e-06 0.5 p-1 -42046 36
1082 458 m2 263888 -0.00169054384 0.5 p-1 -4344044 63
388 459 m2 264656 -0.0411900319 0.5 p-1 -2148401 432
65 462 m2 267355 0.00164115173 0.5 p-1 -2663940 1015
944 463 m2 268163 -0.00275597768 0.5 p-1 -164182 14
66 465 m2 269649 -0.00174117368 0.5 p-1 -536652 662
1381 466 m2 270055 -0.00503543857 0.5 p-1 -72654 18
1155 467 m2 270325 0.00137168285 0.5 p-1 -73662 79
67 468 m2 271400 -0.000281367335 0.5 p-1 -8248483 458
732 469 m2 271453 0.000448368723 0.5 p-1 -401548 33
1376 470 m2 271605 -0.000347234774 0.5 p-1 -22451 8
1354 471 m2 272008 0.0213702377 0.5 p-1 -835104 36
68 472 m2 272465 -0.000819311128 0.5 p-1 -805949 1004
1901 475 m2 274168 2.79707582e-08 0.5 p-1 -482 1
1550 476 m2 275871 -0.00437268103 0.5 p-1 -1173232 12
474 477 m2 276083 5.16393129e-06 0.5 p-1 -2216569 378
538 478 m2 276452 -0.00281934091 0.5 p-1 -302357 57
69 479 m2 277784 0.0146928681 0.5 p-1 -4535130 1718
70 481 m2 278905 0.0139711965 0.5 p-1 -4346978 372
71 482 m2 279889 -0.00807121769 0.5 p-1 -5130206 771
1296 484 m2 280071 -0.0670441464 0.5 p-1 -182192 24
672 486 m2 280694 -0.00126872596 0.5 p-1 -51124 4
1838 487 m2 281038 0.0181124695 0.5 p-1 -16548 3
769 488 m2 281360 5.49719662e-05 0.5 p-1 -392125 342
73 489 m2 281683 -0.000364146195 0.5 p-1 -5596152 1507
74 490 m2 282040 -0.00130191271 0.5 p-1 -2283722 490
1271 494 m2 282644 -0.00184914621 0.5 p-1 -27309 21
75 495 m2 283241 -0.00453386549 0.5 p-1 -503846 331
931 496 m2 283636 0.0159445368 0.5 p-1 -323192 92
1355 497 m2 283842 0.00829348434 0.5 p-1 -21531 6
76 498 m2 284917 -0.000283887581 0.5 p-1 -3018804 1022
673 499 m2 285537 -0.00237079733 0.5 p-1 -87873 6
1126 500 m2 286449 0.0154860159 0.5 p-1 -490323 186
1909 501 m2 286613 -4.56103626e-05 0.5 p-1 -65002 3
1112 502 m2 286722 -0.00275938422 0.5 p-1 -1193231 96
1064 503 m2 286995 -0.00517021166 0.5 p-1 -10553 7
390 504 m2 287012 0.0329125039 0.5 p-1 -26172 16
1109 506 m2 287494 -0.00559116248 0.5 p-1 -3014806 68
1780 508 m2 289689 0.00783766154 0.5 p-1 -8701 1
77 509 m2 290260 4.66056463e-06 0.5 p-1 -481750 136
539 510 m2 290890 -0.000338472018 0.5 p-1 -3348393 1071
1199 511 m2 291417 -0.000233050363 0.5 p-1 -48496 81
1726 513 m2 292848 0.00051349611 0.5 p-1 -593 1
1408 514 m2 293849 -0.081122078 0.5 p-1 -30040 16
1474 515 m2 294849 -9.9463584e-08 0.5 p-1 -77971 6
476 516 m2 295136 -1.57374361e-05 0.5 p-1 -1053619 466
78 517 m2 295151 0.0768767595 0.5 p-1 -813191 1009
1759 518 m2 296096 0.00144238246 0.5 p-1 -6470 4
477 519 m2 297880 -0.02970808 0.5 p-1 -7897186 568
1745 521 m2 298965 3.01662385e-05 0.5 p-1 -24983 7
789 522 m2 299759 -0.0122383619 0.5 p-1 -1802576 311
1127 524 m2 300614 0.00158433348 0.5 p-1 -162848 38
1128 525 m2 300954 0.0229912493 0.5 p-1 -163145 38
1015 527 m2 301046 -0.00140768744 0.5 p-1 -115301 32
846 528 m2 301278 -0.000208574696 0.5 p-1 -5157238 281
1083 529 m2 301500 -0.00178441673 0.5 p-1 -252784 124
80 531 m2 301845 -0.0117701013 0.5 p-1 -1487043 251
540 533 m2 303496 0.0121597806 0.5 p-1 -528412 521
478 534 m2 304083 -0.00497301621 0.5 p-1 -429384 67
1919 536 m2 304741 0.000706767722 0.5 p-1 -29564 1
82 537 m2 305637 0.00131324306 0.5 p-1 -2025859 101
1054 538 m2 306049 1.31877911e-07 0.5 p-1 -52899 5
283 539 m2 306288 0.000533222454 0.5 p-1 -681273 963
1932 540 m2 307170 0.00105271454 0.5 p-1 -415 1
1085 541 m2 308343 -0.0185154174 0.5 p-1 -89311 13
1171 542 m2 309437 -2.68134102e-07 0.5 p-1 -381670 113
541 543 m2 309903 -0.00362841017 0.5 p-1 -2732293 580
1513 545 m2 310511 1.90813736e-07 0.5 p-1 -23315 17
965 546 m2 311020 0.00320812804 0.5 p-1 -78414 25
748 548 m2 311569 -0.000584589434 0.5 p-1 -3183456 195
391 550 m2 313405 -2.17036377e-05 0.5 p-1 -2507683 299
1055 553 m2 315750 0.000295968464 0.5 p-1 -953694 179
479 554 m2 315919 0.00170014019 0.5 p-1 -177501 236
1892 555 m2 315973 -5.67305619e-07 0.5 p-1 -1709037 1
1029 556 m2 316696 0.00354114361 0.5 p-1 -282244 50
1807 557 m2 317524 -0.000421054108 0.5 p-1 -19265 1
84 558 m2 318972 0.00785503443 0.5 p-1 -9475836 1729
1666 560 m2 319778 0.0217367969 0.5 p-1 -2732 1
284 563 m2 321169 0.0212738011 0.5 p-1 -240285 198
393 564 m2 321787 0.042166952 0.5 p-1 -716280 663
749 565 m2 321804 0.00830439292 0.5 p-1 -225905 35
1086 568 m2 323732 0.000974056253 0.5 p-1 -314118 143
598 570 m2 324575 1.81806045e-05 0.5 p-1 -530198 66
847 571 m2 324796 0.00179354579 0.5 p-1 -1893713 316
1783 572 m2 324837 -0.00540721789 0.5 p-1 -25806 5
863 573 m2 324895 1.30575918e-05 0.5 p-1 -29709 8
828 574 m2 325680 0.0313501507 0.5 p-1 -85589 151
1259 575 m2 325778 2.93326793e-05 0.5 p-1 -152331 54
395 578 m2 328046 -0.0180685539 0.5 p-1 -432506 370
1714 579 m2 328305 0.0331555568 0.5 p-1 -4180 5
1119 580 m2 328367 -0.00177661725 0.5 p-1 -65570 73
285 581 m2 328494 0.00113257242 0.5 p-1 -2519078 1368
893 582 m2 328641 0.000395762268 0.5 p-1 -8522 1
864 584 m2 330273 -0.0223806016 0.5 p-1 -37018 13
1564 585 m2 330362 -0.0279544592 0.5 p-1 -40355 9
770 587 m2 331531 -0.00359035912 0.5 p-1 -4018134 647
879 588 m2 331817 -0.00840049051 0.5 p-1 -157343 16
85 589 m2 332305 0.000490214035 0.5 p-1 -1044463 48
1405 590 m2 333092 -0.00268320995 0.5 p-1 -27350 8
1007 593 m2 334436 -0.0156728495 0.5 p-1 -64161 33
1457 594 m2 334967 0.00665452052 0.5 p-1 -15626 2
1157 595 m2 335504 0.0334819593 0.5 p-1 -118809 12
945 596 m2 335590 -0.00131909864 0.5 p-1 -783201 199
1073 597 m2 336059 -0.00344679318 0.5 p-1 -112341 24
1214 599 m2 336809 0.00295058265 0.5 p-1 -66362 1
398 600 m2 337634 -0.00618079212 0.5 p-1 -2827171 1128
906 602 m2 337875 0.00388719514 0.5 p-1 -461254 132
86 603 m2 338186 8.07115248e-06 0.5 p-1 -4334615 1957
1181 604 m2 338698 3.51799572e-05 0.5 p-1 -35507 21
87 605 m2 338890 0.00519504072 0.5 p-1 -3142525 710
399 608 m2 341542 -0.000192938198 0.5 p-1 -1063589 236
1057 609 m2 342840 -0.000259472581 0.5 p-1 -33137 18
1458 611 m2 343028 -0.000591255783 0.5 p-1 -76934 19
400 612 m2 343516 -0.0280752536 0.5 p-1 -3074735 386
88 613 m2 343894 -5.52214078e-05 0.5 p-1 -2423225 1695
89 614 m2 343905 0.0128998496 0.5 p-1 -3474845 1695
1129 615 m2 344143 -0.0177249182 0.5 p-1 -752868 50
829 616 m2 344784 -0.000930434791 0.5 p-1 -337177 54
907 618 m2 344994 0.0255256444 0.5 p-1 -227988 70
1667 619 m2 346318 -0.0135191055 0.5 p-1 -33543 4
401 620 m2 346678 0.000448363076 0.5 p-1 -153123 26
1247 621 m2 346908 9.43518753e-05 0.5 p-1 -95563 50
1829 622 m2 347105 -0.0784976631 0.5 p-1 -3595 2
1445 624 m2 347706 1.83966858e-06 0.5 p-1 -68749 12
402 625 m2 347940 -0.0393405743 0.5 p-1 -698745 357
1910 627 m2 348149 -1.37636844e-05 0.5 p-1 -5498 1
1489 628 m2 348338 -0.00337834959 0.5 p-1 -17799 19
91 629 m2 348403 -0.0223390199 0.5 p-1 -2971386 756
1542 630 m2 348579 0.00576560525 0.5 p-1 -68572 7
1074 631 m2 348924 0.00140490301 0.5 p-1 -894572 186
288 634 m2 350194 -0.0344082639 0.5 p-1 -6233622 914
1251 637 m2 351408 8.10826969e-05 0.5 p-1 -51422 21
289 638 m2 352327 -1.40078168e-06 0.5 p-1 -1859716 867
1697 639 m2 352620 0.00458191335 0.5 p-1 -29655 3
894 640 m2 352678 0.00030505209 0.5 p-1 -94963 58
1866 641 m2 352713 4.92774234e-07 0.5 p-1 -6344 1
92 643 m2 353946 -0.0189802237 0.5 p-1 -1351349 1580
93 646 m2 354256 -0.0179838296 0.5 p-1 -864299 991
94 647 m2 354309 -0.0629310533 0.5 p-1 -46836 61
95 648 m2 354548 -0.00765336957 0.5 p-1 -3413908 1209
1460 649 m2 355616 -0.000931390678 0.5 p-1 -331739 15
599 650 m2 356350 0.00388124632 0.5 p-1 -438072 376
543 651 m2 357176 0.0333512202 0.5 p-1 -311448 174
1191 653 m2 357864 -3.377748e-05 0.5 p-1 -27570 35
865 654 m2 357911 -0.014160363 0.5 p-1 -500141 45
1624 655 m2 358546 -0.00127635768 0.5 p-1 -15458 3
1130 656 m2 358638 0.0108253825 0.5 p-1 -414643 20
290 657 m2 360014 0.0275696851 0.5 p-1 -2026443 1434
1229 658 m2 360071 -0.0301628802 0.5 p-1 -41746 25
96 661 m2 363121 6.12444319e-06 0.5 p-1 -1679490 1231
97 662 m2 363166 -0.00215884461 0.5 p-1 -1229689 540
790 663 m2 363373 1.3347341e-08 0.5 p-1 -405490 66
98 664 m2 363943 0.0396814756 0.5 p-1 -9714469 1329
482 666 m2 364846 0.00396034028 0.5 p-1 -160633 149
404 667 m2 365994 4.66698702e-06 0.5 p-1 -4282178 378
291 669 m2 366948 -2.20225484e-05 0.5 p-1 -4459447 978
704 670 m2 367493 -6.79477921e-07 0.5 p-1 -3696913 376
771 671 m2 368230 0.0053533162 0.5 p-1 -40459 20
1200 673 m2 369081 -0.00604046462 0.5 p-1 -101768 25
1708 674 m2 369211 -0.0107344622 0.5 p-1 -63724 5
1855 676 m2 371240 -0.00492239418 0.5 p-1 -20555 2
1620 677 m2 371252 -0.101924039 0.5 p-1 -44070 15
932 678 m2 371339 -0.0537151881 0.5 p-1 -916060 212
1104 679 m2 371387 -7.78946951e-09 0.5 p-1 -203359 12
1621 680 m2 371434 0.0111538703 0.5 p-1 -50940 15
99 681 m2 371502 0.0508725494 0.5 p-1 -1353804 400
1642 682 m2 371502 0.103851758 0.5 p-1 -1744 2
1211 683 m2 371667 -1.23974969e-05 0.5 p-1 -162705 1
830 684 m2 371694 0.00300881662 0.5 p-1 -158962 64
1917 685 m2 372718 2.43245704e-05 0.5 p-1 -5527 1
483 686 m2 373873 0.0267451312 0.5 p-1 -886325 475
880 687 m2 374319 -0.0158770792 0.5 p-1 -1579845 145
772 688 m2 374953 -0.000200529437 0.5 p-1 -1803096 716
101 689 m2 375414 -0.00425573811 0.5 p-1 -1749093 949
405 690 m2 375530 0.0106141083 0.5 p-1 -138081 156
1863 691 m2 375589 0.017872544 0.5 p-1 -85319 5
102 692 m2 376275 -0.00271598483 0.5 p-1 -5224384 1264
1092 693 m2 376298 0.000694543298 0.5 p-1 -137475 44
831 694 m2 376546 0.0021066675 0.5 p-1 -88293 26
103 696 m2 376938 0.0182749145 0.5 p-1 -3861425 1585
1146 697 m2 377226 -7.47764425e-05 0.5 p-1 -505843 136
1823 698 m2 377926 -0.0100129927 0.5 p-1 -9164 4
1067 699 m2 379924 -0.0032996512 0.5 p-1 -55731 16
1832 700 m2 380510 0.013922126 0.5 p-1 -47365 4
1236 701 m2 380986 8.59150584e-10 0.5 p-1 -20397 49
544 702 m2 382308 0.00219245232 0.5 p-1 -875299 394
1681 704 m2 384287 -1.12638013e-07 0.5 p-1 -35127 8
1822 705 m2 385302 0.0180937517 0.5 p-1 -28363 5
773 706 m2 385481 0.000204145326 0.5 p-1 -458368 192
105 707 m2 385527 0.0136964573 0.5 p-1 -191946 258
1543 708 m2 386669 0.00323767797 0.5 p-1 -29780 5
966 709 m2 387165 0.000388671266 0.5 p-1 -312279 233
908 710 m2 387215 0.00632834854 0.5 p-1 -140910 23
881 711 m2 387346 0.0246336311 0.5 p-1 -117200 51
106 712 m2 387374 0.0353538431 0.5 p-1 -389570 420
1158 713 m2 388115 0.0353094935 0.5 p-1 -35606 10
1770 714 m2 389038 3.74604679e-05 0.5 p-1 -2119 3
485 715 m2 391931 -0.0124270627 0.5 p-1 -5353058 85
1815 717 m2 393552 0.0538537689 0.5 p-1 -17805 7
1318 719 m2 394122 0.00225757482 0.5 p-1 -188551 19
1828 720 m2 394144 0.00619678106 0.5 p-1 -5010 3
1793 721 m2 394690 -0.00417645182 0.5 p-1 -11536 3
1319 722 m2 394717 -0.00952604692 0.5 p-1 -4552 11
407 723 m2 395723 7.57337966e-06 0.5 p-1 -1203014 339
803 724 m2 396122 0.0216810405 0.5 p-1 -8875662 94
909 725 m2 396336 -6.57501296e-05 0.5 p-1 -39552 5
109 726 m2 396427 -0.00226453319 0.5 p-1 -2191193 1207
1331 727 m2 397271 -1.70467174e-05 0.5 p-1 -210796 19
111 729 m2 397732 1.2862999e-05 0.5 p-1 -4575664 927
1599 731 m2 399893 -0.00604312727 0.5 p-1 -142193 4
113 733 m2 401796 0.00361636071 0.5 p-1 -2355622 915
1230 734 m2 404817 0.0013702967 0.5 p-1 -9251 1
1372 735 m2 405327 2.35883217e-05 0.5 p-1 -54761 7
1159 736 m2 405901 0.00171671296 0.5 p-1 -54353 11
114 737 m2 405941 0.00418129331 0.5 p-1 -1527988 1316
1409 738 m2 406161 0.000103680235 0.5 p-1 -521311 19
547 739 m2 406293 -0.145538777 0.5 p-1 -1571298 480
1717 740 m2 406855 1.60170021e-05 0.5 p-1 -2682 2
1496 741 m2 407153 0.0301111117 0.5 p-1 -99 9
734 742 m2 407703 -0.000107854525 0.5 p-1 -733144 618
292 744 m2 407946 1.75415626e-05 0.5 p-1 -44112 29
832 745 m2 408107 -0.0001540222 0.5 p-1 -204576 69
1609 746 m2 408653 1.64457037e-06 0.5 p-1 -20655 16
116 747 m2 409553 0.0100657484 0.5 p-1 -5030113 895
117 748 m2 409580 0.000789193786 0.5 p-1 -4089437 907
1461 750 m2 410194 -0.0345710367 0.5 p-1 -6898 2
1610 751 m2 411583 0.000561793975 0.5 p-1 -19006 16
960 752 m2 412343 -0.000866306713 0.5 p-1 -277984 42
118 754 m2 413941 -0.000712834531 0.5 p-1 -7077087 1970
1425 755 m2 415145 -1.09343e-06 0.5 p-1 -33959 8
775 756 m2 415593 0.00346099469 0.5 p-1 -672817 411
1760 757 m2 416023 0.00565977255 0.5 p-1 -50792 3
804 758 m2 416226 1.77476224e-07 0.5 p-1 -159 6
1216 759 m2 416262 -0.00278866035 0.5 p-1 -19969 8
1703 760 m2 417702 -0.00112320099 0.5 p-1 -1051 3
882 762 m2 420646 -0.000789731799 0.5 p-1 -1596840 163
1530 764 m2 422201 0.000203782925 0.5 p-1 -27044 4
601 765 m2 422513 0.00820650253 0.5 p-1 -90319 43
933 766 m2 422732 0.000852622848 0.5 p-1 -429342 203
548 767 m2 422778 -5.09169404e-05 0.5 p-1 -747395 308
1656 768 m2 423152 3.67431239e-05 0.5 p-1 -234890 9
1426 769 m2 423704 0.0301933885 0.5 p-1 -133937 10
1865 770 m2 424265 -0.0177039672 0.5 p-1 -944 2
833 771 m2 424340 0.00206602388 0.5 p-1 -1065904 122
120 772 m2 424452 -0.00208745967 0.5 p-1 -4791663 1064
121 773 m2 424657 0.0111951279 0.5 p-1 -3747386 901
1526 774 m2 424779 0.00829270016 0.5 p-1 -117115 12
293 775 m2 425502 -0.0531703755 0.5 p-1 -1640341 655
848 777 m2 428159 -0.000684642349 0.5 p-1 -1531483 130
122 778 m2 428326 -7.01997169e-06 0.5 p-1 -1265877 1084
706 780 m2 428853 0.00567869283 0.5 p-1 -1173657 198
123 783 m2 431673 -0.00031964021 0.5 p-1 -1685740 1416
1494 784 m2 432529 -0.00270493887 0.5 p-1 -88871 35
1008 785 m2 432956 0.00628203293 0.5 p-1 -524683 161
124 786 m2 433096 0.00384595268 0.5 p-1 -5425268 1567
125 787 m2 433236 0.0104492428 0.5 p-1 -5297744 1547
1602 789 m2 434663 -5.36112807e-08 0.5 p-1 -213958 5
849 790 m2 434981 -0.00138679205 0.5 p-1 -977849 238
294 791 m2 435597 -0.000757836679 0.5 p-1 -1709544 614
1237 793 m2 436362 0.0041501075 0.5 p-1 -105982 3
1878 794 m2 436458 -0.00687181111 0.5 p-1 -439337 2
295 795 m2 436535 -0.0226539727 0.5 p-1 -3887253 652
1058 796 m2 436735 -0.000523379073 0.5 p-1 -638995 10
296 799 m2 439354 0.0160438679 0.5 p-1 -305295 133
910 801 m2 440608 0.0278785191 0.5 p-1 -502512 121
884 802 m2 441038 -0.149036482 0.5 p-1 -1512337 282
410 804 m2 441171 -0.0352260023 0.5 p-1 -1080273 571
919 805 m2 441267 -0.00463131862 0.5 p-1 -6715 28
850 807 m2 441417 -0.00185653137 0.5 p-1 -108244 17
297 809 m2 442791 0.00121767051 0.5 p-1 -1849393 359
1694 810 m2 442832 -2.84399789e-07 0.5 p-1 -30252 7
1452 815 m2 448372 0.0985374525 0.5 p-1 -135609 19
486 816 m2 448732 0.00164210424 0.5 p-1 -852413 153
487 817 m2 449293 -0.00411692681 0.5 p-1 -284471 182
1075 818 m2 449331 0.00526907528 0.5 p-1 -3621504 91
643 819 m2 449790 0.0430818759 0.5 p-1 -405989 503
411 821 m2 452104 -0.00142862217 0.5 p-1 -962099 102
644 822 m2 452220 -0.00381720928 0.5 p-1 -381630 130
834 823 m2 452233 0.000825943251 0.5 p-1 -559605 262
412 824 m2 452283 -0.010382005 0.5 p-1 -63918 25
1076 825 m2 452497 -0.0548591278 0.5 p-1 -3587824 46
1323 826 m2 452602 4.9919846e-09 0.5 p-1 -156795 8
1077 827 m2 453021 9.80077675e-05 0.5 p-1 -4739459 198
1812 828 m2 453933 -0.00809872709 0.5 p-1 -4946 4
1900 829 m2 454734 -0.00510168029 0.5 p-1 -46698 1
736 830 m2 454934 0.0146579761 0.5 p-1 -154180 238
1761 831 m2 458411 -0.00764897512 0.5 p-1 -19597 3
1087 832 m2 459069 -0.00196366245 0.5 p-1 -109760 58
1024 833 m2 459082 -0.00323698577 0.5 p-1 -118793 119
488 835 m2 460753 -0.00892374385 0.5 p-1 -448216 301
1285 836 m2 462436 0.00884067453 0.5 p-1 -12337 6
489 837 m2 462619 0.00495898584 0.5 p-1 -11466795 371
131 838 m2 463475 -0.000469718536 0.5 p-1 -4575796 1572
1030 840 m2 466866 0.00415876601 0.5 p-1 -317301 105
1911 841 m2 467767 -0.00751563767 0.5 p-1 -8706 2
1068 842 m2 468224 9.37725815e-07 0.5 p-1 -106619 18
132 844 m2 468797 -0.00430466421 0.5 p-1 -4541520 828
707 845 m2 469503 0.00760942372 0.5 p-1 -2146235 268
133 846 m2 472012 0.0573868565 0.5 p-1 -1597856 1327
646 847 m2 472507 0.00707110856 0.5 p-1 -7131220 58
982 848 m2 472994 -0.000165989739 0.5 p-1 -450242 158
805 849 m2 473679 0.00870415568 0.5 p-1 -222767 17
1756 850 m2 476159 0.0221831668 0.5 p-1 -43334 2
298 853 m2 477482 0.0529748276 0.5 p-1 -4415610 462
806 855 m2 477780 -0.00419151783 0.5 p-1 -385703 39
1567 856 m2 479138 -2.12232771e-05 0.5 p-1 -3233 6
1428 857 m2 479378 0.0250535496 0.5 p-1 -18279 17
1739 858 m2 479621 -0.0279005412 0.5 p-1 -18994 1
603 859 m2 479940 -0.000292040524 0.5 p-1 -1670692 689
413 862 m2 483551 -0.00961747579 0.5 p-1 -315444 113
1597 863 m2 483689 0.00970699359 0.5 p-1 -726 1
1132 864 m2 484391 0.000123615464 0.5 p-1 -53194 12
1322 865 m2 485414 0.0265406892 0.5 p-1 -942 4
647 866 m2 486210 -0.0115522658 0.5 p-1 -298434 86
1519 867 m2 486285 -0.00292535801 0.5 p-1 -1132340 13
300 868 m2 486549 -0.000137976895 0.5 p-1 -4858942 835
993 869 m2 486840 0.00892653316 0.5 p-1 -1334752 133
414 870 m2 486858 -0.0125885922 0.5 p-1 -1477154 119
897 872 m2 488884 0.000278303516 0.5 p-1 -1387263 157
550 873 m2 493897 -1.47056016e-06 0.5 p-1 -884686 689
1775 874 m2 494195 0.00922769215 0.5 p-1 -583667 9
1834 875 m2 494467 0.0156511962 0.5 p-1 -14375 4
1604 876 m2 495459 1.33408803e-05 0.5 p-1 -18469 8
1314 877 m2 495526 0.00727852015 0.5 p-1 -68179 36
708 878 m2 495861 0.00193037186 0.5 p-1 -167716 24
551 880 m2 497542 -0.00238547055 0.5 p-1 -6922233 645
851 883 m2 498840 -0.189234942 0.5 p-1 -3006430 102
1315 884 m2 498906 -7.41758267e-05 0.5 p-1 -35882 29
137 885 m2 498956 -0.000699085649 0.5 p-1 -389637 436
1429 889 m2 500790 -0.000404624181 0.5 p-1 -53909 18
552 890 m2 501124 -0.0112320771 0.5 p-1 -313723 78
301 891 m2 501959 -5.62460009e-05 0.5 p-1 -275249 46
709 894 m2 502688 4.6511901e-05 0.5 p-1 -4192966 42
604 895 m2 502737 -5.0848379e-05 0.5 p-1 -120937 13
1510 896 m2 503813 0.00487691537 0.5 p-1 -31351 20
139 897 m2 503949 0.00300267269 0.5 p-1 -2515021 684
303 899 m2 505846 0.0463263243 0.5 p-1 -658375 1020
553 901 m2 507313 0.000393234572 0.5 p-1 -1614989 160
1290 903 m2 510299 -9.26275243e-05 0.5 p-1 -34504 36
490 904 m2 511710 -0.00474980334 0.5 p-1 -2922234 88
140 905 m2 512905 -0.00240914384 0.5 p-1 -1685285 379
968 906 m2 513174 -0.0450933576 0.5 p-1 -27368 10
304 907 m2 513419 -0.00440977374 0.5 p-1 -1407538 80
415 908 m2 514028 0.00144902745 0.5 p-1 -4086670 629
1881 909 m2 515127 -0.00340190553 0.5 p-1 -3157 1
1593 910 m2 515149 -0.0260030106 0.5 p-1 -10961 2
1634 912 m2 515935 -0.0022347928 0.5 p-1 -3578 6
1201 913 m2 516127 -0.00250186073 0.5 p-1 -29682 18
305 914 m2 516299 -0.00997796748 0.5 p-1 -984855 423
1202 915 m2 516635 -0.00241744099 0.5 p-1 -24561 18
676 916 m2 516955 -0.00577204907 0.5 p-1 -630178 272
491 917 m2 517025 -6.54289897e-06 0.5 p-1 -2915568 872
1439 919 m2 519114 -0.00589747354 0.5 p-1 -5682 9
416 920 m2 519833 0.00168554683 0.5 p-1 -543978 172
1771 921 m2 519848 0.00616924278 0.5 p-1 -31556 7
648 922 m2 520255 -0.0239880383 0.5 p-1 -72162 5
1253 923 m2 520685 -0.000721800607 0.5 p-1 -31866 12
1100 924 m2 521679 -3.87827459e-09 0.5 p-1 -208236 97
1332 925 m2 522507 1.84064847e-05 0.5 p-1 -72708 22
307 926 m2 523022 0.00741493469 0.5 p-1 -636915 112
417 927 m2 523082 0.00103453232 0.5 p-1 -3078893 381
885 928 m2 523478 0.0569779091 0.5 p-1 -358592 78
308 930 m2 524661 0.00134011696 0.5 p-1 -706803 119
737 931 m2 524726 7.78807735e-05 0.5 p-1 -893725 529
1069 932 m2 525125 0.00101170165 0.5 p-1 -1451311 72
1776 933 m2 525808 -0.003476087 0.5 p-1 -3772 1
920 934 m2 526404 -0.00039100775 0.5 p-1 -288456 65
994 935 m2 527849 -0.000286701979 0.5 p-1 -78405 17
1025 936 m2 529424 0.000100531717 0.5 p-1 -495147 209
309 937 m2 530012 0.0106556192 0.5 p-1 -2646628 996
418 938 m2 530285 -0.000181767478 0.5 p-1 -292514 116
921 939 m2 530449 9.17821308e-05 0.5 p-1 -84178 94
710 940 m2 531089 0.000715211907 0.5 p-1 -146980 164
310 941 m2 531343 -6.34024618e-05 0.5 p-1 -1834173 401
912 942 m2 531472 -0.00249688071 0.5 p-1 -156953 78
555 943 m2 531616 0.00877533481 0.5 p-1 -665373 97
649 944 m2 532286 -0.00094340276 0.5 p-1 -278709 57
922 945 m2 533483 -0.0287469123 0.5 p-1 -18504 16
142 947 m2 533678 0.00408885535 0.5 p-1 -4802027 1177
711 948 m2 534003 -0.00128670712 0.5 p-1 -29274 9
492 949 m2 535255 0.00754251052 0.5 p-1 -4232531 1169
1262 951 m2 535440 -0.00944068283 0.5 p-1 -29592 4
1042 952 m2 535845 9.91022443e-06 0.5 p-1 -808575 135
143 955 m2 537167 0.000935774646 0.5 p-1 -3292467 989
311 956 m2 537267 0.00135828741 0.5 p-1 -87461 10
1302 957 m2 537477 0.0527539961 0.5 p-1 -107209 32
807 960 m2 539008 -0.00073332648 0.5 p-1 -50487 15
1516 961 m2 539568 0.048456125 0.5 p-1 -18910 2
995 963 m2 541124 2.05577271e-05 0.5 p-1 -566664 175
738 964 m2 541509 -0.0026843443 0.5 p-1 -2515981 439
494 965 m2 541639 -0.00563688483 0.5 p-1 -985559 75
1679 966 m2 542573 0.00230691349 0.5 p-1 -27564 11
1798 967 m2 542722 -0.0775613412 0.5 p-1 -116568 1
750 968 m2 542882 0.00416944409 0.5 p-1 -510703 251
1573 969 m2 543603 -0.00086798775 0.5 p-1 -33614 16
677 970 m2 544085 0.000733186898 0.5 p-1 -138012 41
1002 971 m2 544106 -0.00524038635 0.5 p-1 -1001823 66
678 972 m2 544205 -0.254533052 0.5 p-1 -933603 113
144 973 m2 544647 -0.0263665114 0.5 p-1 -353788 131
145 974 m2 544670 7.14523139e-07 0.5 p-1 -868384 257
1637 975 m2 545968 -2.6542275e-05 0.5 p-1 -11465 2
1883 976 m2 546531 -0.0595957786 0.5 p-1 -7719 2
146 977 m2 546624 0.0206004679 0.5 p-1 -1400407 388
1447 978 m2 547900 0.0039489707 0.5 p-1 -101545 7
1009 979 m2 548482 0.00220708479 0.5 p-1 -319953 74
1016 980 m2 548722 0.000282620749 0.5 p-1 -39000 11
495 981 m2 549418 -0.000189404629 0.5 p-1 -1049891 455
1081 982 m2 550541 -0.00230220659 0.5 p-1 -126457 24
679 983 m2 550561 -0.0547456965 0.5 p-1 -503303 359
419 984 m2 550667 -0.0574456118 0.5 p-1 -344230 172
147 986 m2 551632 2.6130092e-05 0.5 p-1 -1685895 916
1598 987 m2 551735 0.0228193589 0.5 p-1 -14962 1
777 988 m2 552480 -0.000353996205 0.5 p-1 -2402576 355
1059 990 m2 552622 -2.1901491e-05 0.5 p-1 -49370 13
1663 991 m2 552623 0.0297679547 0.5 p-1 -4145 5
1277 992 m2 553485 0.00268626376 0.5 p-1 -10796 16
556 993 m2 553600 0.0448987111 0.5 p-1 -605802 43
148 994 m2 554419 0.00337454025 0.5 p-1 -348289 151
1471 996 m2 554610 0.00763572613 0.5 p-1 -273333 10
680 998 m2 555504 -0.00220701098 0.5 p-1 -248626 201
1521 999 m2 555566 -0.00376882544 0.5 p-1 -29802 14
149 1002 m2 556973 -0.0091319615 0.5 p-1 -303453 51
1046 1004 m2 559456 -0.000765139994 0.5 p-1 -2516129 148
1507 1005 m2 560499 -0.0059265336 0.5 p-1 -70105 9
1047 1006 m2 560712 0.0050739483 0.5 p-1 -550010 197
1661 1007 m2 561293 -0.00941531081 0.5 p-1 -24220 5
315 1008 m2 562062 -0.000695926428 0.5 p-1 -3712303 400
1558 1012 m2 564698 0.0059190169 0.5 p-1 -81060 9
1196 1015 m2 566271 -0.00816475879 0.5 p-1 -30212 14
1939 1016 m2 567450 0.000933028467 0.5 p-1 -55257 1
1254 1017 m2 569604 -0.00526748225 0.5 p-1 -232578 71
1453 1018 m2 569850 0.00947586168 0.5 p-1 -4764 2
605 1019 m2 570682 -0.00423237262 0.5 p-1 -367958 319
1534 1020 m2 571767 0.00209108507 0.5 p-1 -3455 6
152 1021 m2 572951 -0.000528360717 0.5 p-1 -2301209 1503
1139 1022 m2 572955 -0.000633426826 0.5 p-1 -12403 35
1600 1023 m2 573209 0.021969635 0.5 p-1 -9073 10
559 1024 m2 573210 -4.68558561e-08 0.5 p-1 -3883836 150
153 1025 m2 573765 0.00661239075 0.5 p-1 -3200923 1924
1796 1026 m2 574384 -0.0150987748 0.5 p-1 -66352 7
792 1027 m2 574759 0.0489742607 0.5 p-1 -1576046 384
961 1028 m2 574821 1.27901603e-05 0.5 p-1 -539246 33
1788 1029 m2 575782 -0.0140568428 0.5 p-1 -3700 2
316 1030 m2 575884 -0.00655645551 0.5 p-1 -68276 53
651 1031 m2 576233 -0.00187500834 0.5 p-1 -499943 70
1781 1032 m2 576511 3.35191762e-05 0.5 p-1 -93501 4
154 1033 m2 577122 0.0155590782 0.5 p-1 -1838577 797
752 1036 m2 579168 -0.0223892368 0.5 p-1 -358211 82
317 1037 m2 579172 -0.00210296852 0.5 p-1 -2187544 636
1588 1038 m2 581123 -0.0270483568 0.5 p-1 -14843 6
155 1039 m2 581163 0.0104068397 0.5 p-1 -3056533 1548
681 1040 m2 582416 0.0195085052 0.5 p-1 -248209 147
156 1041 m2 582912 -0.000103941391 0.5 p-1 -5418945 1537
1467 1042 m2 583685 -0.00026195083 0.5 p-1 -148878 11
1382 1043 m2 583986 0.00945044216 0.5 p-1 -68243 6
560 1044 m2 584068 0.000265663461 0.5 p-1 -1600191 113
1120 1046 m2 584260 -1.89347338e-06 0.5 p-1 -233167 82
652 1047 m2 584416 0.00518299825 0.5 p-1 -36704 11
970 1048 m2 585199 -0.00640569115 0.5 p-1 -1877987 12
778 1049 m2 585272 0.0208359156 0.5 p-1 -255401 339
1175 1051 m2 585942 -3.58354555e-05 0.5 p-1 -71611 24
319 1055 m2 586770 0.000327798858 0.5 p-1 -342694 331
1147 1057 m2 587993 0.0500976704 0.5 p-1 -385807 21
1562 1059 m2 591169 -5.89166411e-05 0.5 p-1 -1461 1
422 1060 m2 591786 -0.000185639379 0.5 p-1 -347402 94
1225 1061 m2 592238 0.000551450008 0.5 p-1 -117656 26
1535 1062 m2 592398 -4.64821824e-05 0.5 p-1 -6120 6
320 1063 m2 593415 0.0658100918 0.5 p-1 -4526039 1235
1671 1064 m2 593832 0.0182292666 0.5 p-1 -7383 4
852 1066 m2 594249 0.00868496019 0.5 p-1 -33125 1
1581 1068 m2 596655 1.42020127e-07 0.5 p-1 -53130 4
1370 1069 m2 597275 0.00921492931 0.5 p-1 -25983 19
753 1072 m2 601398 -0.00559886824 0.5 p-1 -29945 19
1690 1073 m2 602908 8.87094138e-05 0.5 p-1 -3608 2
779 1074 m2 603527 -1.20777236e-06 0.5 p-1 -75274 41
947 1075 m2 605175 -0.0048393188 0.5 p-1 -92563 37
496 1076 m2 605601 3.7079204e-05 0.5 p-1 -62270 110
1065 1077 m2 606095 0.000248063647 0.5 p-1 -27987 39
1584 1078 m2 606241 0.000425753853 0.5 p-1 -214508 6
322 1079 m2 606806 -0.029311819 0.5 p-1 -319555 287
323 1080 m2 607100 -3.27452709e-09 0.5 p-1 -637740 188
1743 1081 m2 607246 4.63276883e-05 0.5 p-1 -4481 1
324 1083 m2 608798 -0.0486572981 0.5 p-1 -1020413 654
1710 1084 m2 609233 0.00625126623 0.5 p-1 -672 5
1673 1085 m2 610238 0.000736379239 0.5 p-1 -34846 1
741 1086 m2 610267 7.89264476e-08 0.5 p-1 -1211 5
1486 1087 m2 611536 0.0346710458 0.5 p-1 -2347 5
780 1088 m2 611753 0.000220579721 0.5 p-1 -25926 41
561 1089 m2 611770 0.00244705984 0.5 p-1 -197126 57
423 1092 m2 613243 0.0114613706 0.5 p-1 -2213287 833
159 1093 m2 613782 -0.000622606254 0.5 p-1 -1673912 1347
808 1094 m2 613872 0.000136490169 0.5 p-1 -2212668 87
498 1095 m2 614117 0.0698343441 0.5 p-1 -2595034 569
1654 1096 m2 615153 0.0636117458 0.5 p-1 -29598 9
325 1098 m2 616865 0.0388407931 0.5 p-1 -264098 241
742 1099 m2 616885 0.0132001285 0.5 p-1 -2128196 118
1238 1101 m2 617722 -9.28379109e-07 0.5 p-1 -49505 39
1568 1104 m2 620072 -2.51221309e-06 0.5 p-1 -12064 9
1031 1106 m2 620271 -0.0127007123 0.5 p-1 -180660 71
161 1108 m2 620520 -0.00109178864 0.5 p-1 -1066128 254
1752 1111 m2 622998 -0.00680724951 0.5 p-1 -2851 1
326 1112 m2 624115 -0.00481553562 0.5 p-1 -819895 524
1650 1113 m2 624265 0.0177939739 0.5 p-1 -7691 2
1861 1116 m2 626103 0.00641851779 0.5 p-1 -15531 1
1375 1118 m2 627755 0.0136350384 0.5 p-1 -18552 19
1905 1120 m2 628727 -0.0218749195 0.5 p-1 -6353 2
163 1121 m2 629060 -0.00420586579 0.5 p-1 -3082031 1721
164 1122 m2 629740 0.0241159294 0.5 p-1 -3035616 443
887 1124 m2 630064 -0.000410977227 0.5 p-1 -802182 206
425 1125 m2 630244 -0.000844251132 0.5 p-1 -1150634 531
898 1126 m2 630324 0.000766703801 0.5 p-1 -248526 203
835 1127 m2 631279 -0.00853517 0.5 p-1 -271371 90
1930 1128 m2 631398 -0.0382356569 0.5 p-1 -4082 1
1356 1129 m2 631635 5.5543893e-07 0.5 p-1 -170972 4
1727 1130 m2 632303 -0.00153669133 0.5 p-1 -75565 13
499 1131 m2 633219 -0.0866343826 0.5 p-1 -124010 45
1313 1132 m2 633525 -2.3152872e-05 0.5 p-1 -13670 27
809 1133 m2 634008 0.00112596329 0.5 p-1 -12285 8
166 1134 m2 635061 -1.2369911e-05 0.5 p-1 -3458140 1394
653 1135 m2 635154 0.00698676147 0.5 p-1 -416355 181
167 1136 m2 638796 0.011777564 0.5 p-1 -134928 62
1498 1138 m2 640105 -0.00906879175 0.5 p-1 -5477 3
1605 1139 m2 641232 0.0185411125 0.5 p-1 -6915 3
328 1140 m2 641450 0.0126140323 0.5 p-1 -5626875 1402
606 1141 m2 642896 -0.00147356349 0.5 p-1 -5400545 411
500 1142 m2 643473 0.0600987338 0.5 p-1 -4228125 391
330 1143 m2 645429 0.000231880666 0.5 p-1 -7433972 868
607 1144 m2 645774 -0.0238896608 0.5 p-1 -2317500 169
1589 1145 m2 646044 2.64365626e-05 0.5 p-1 -13802 6
713 1146 m2 646316 0.00533143245 0.5 p-1 -189712 109
1027 1148 m2 649028 -0.0582366548 0.5 p-1 -9593 26
714 1149 m2 649103 -0.000832377002 0.5 p-1 -707142 303
1455 1151 m2 651274 0.00137233082 0.5 p-1 -49929 17
170 1152 m2 651959 -0.000222358824 0.5 p-1 -11414466 1909
934 1153 m2 652646 0.000343647116 0.5 p-1 -598962 17
1101 1154 m2 653576 -0.00590465777 0.5 p-1 -77052 61
331 1155 m2 654056 0.00233711279 0.5 p-1 -2759071 589
715 1156 m2 654221 0.000447839266 0.5 p-1 -2213901 320
1674 1157 m2 654231 -0.000217074994 0.5 p-1 -23432 1
172 1158 m2 654632 -4.79810797e-06 0.5 p-1 -4539637 878
935 1159 m2 655587 0.000439165626 0.5 p-1 -141059 38
426 1160 m2 656149 -0.000540104753 0.5 p-1 -2475648 1373
608 1161 m2 656227 -0.0293485001 0.5 p-1 -1069059 252
1539 1163 m2 656870 0.00108064851 0.5 p-1 -66144 12
1192 1164 m2 657087 -0.00325583923 0.5 p-1 -4177 12
654 1166 m2 658357 1.36241715e-06 0.5 p-1 -358611 255
1702 1167 m2 659240 -0.000384081504 0.5 p-1 -64929 9
1395 1168 m2 659343 0.0103533827 0.5 p-1 -34946 14
1728 1169 m2 660159 -0.00343842618 0.5 p-1 -147239 12
332 1170 m2 660589 -6.8498608e-05 0.5 p-1 -636887 283
174 1171 m2 661066 -0.00593937514 0.5 p-1 -3545968 1697
564 1172 m2 661359 0.000307721086 0.5 p-1 -617474 565
899 1173 m2 661956 0.0481494069 0.5 p-1 -38663 37
1320 1174 m2 662205 0.0469310582 0.5 p-1 -343753 39
1280 1175 m2 663235 -0.00482929451 0.5 p-1 -128575 20
853 1176 m2 663516 -0.0593706481 0.5 p-1 -374671 81
333 1177 m2 663702 0.00101752393 0.5 p-1 -3506253 919
1835 1178 m2 663743 -0.00104375847 0.5 p-1 -2048 5
1943 1180 m2 665225 -1.1331057e-07 0.5 p-1 -437 1
810 1181 m2 665803 0.0153246056 0.5 p-1 -1648223 174
948 1182 m2 665853 -0.00758747896 0.5 p-1 -311813 154
1675 1183 m2 666210 -1.88724862e-05 0.5 p-1 -13838 1
1121 1184 m2 667721 0.0170624498 0.5 p-1 -215386 88
1122 1185 m2 667976 -8.78262796e-08 0.5 p-1 -133234 52
565 1187 m2 668660 0.0320728645 0.5 p-1 -338533 200
1124 1188 m2 670167 -0.00356740318 0.5 p-1 -32582 27
1133 1189 m2 670298 -0.00693507819 0.5 p-1 -1681493 34
175 1191 m2 671026 0.0345518515 0.5 p-1 -116223 18
1499 1192 m2 671165 -0.000590432959 0.5 p-1 -17965 3
501 1193 m2 671199 -0.000407082582 0.5 p-1 -253121 204
781 1194 m2 671613 0.000534182065 0.5 p-1 -561531 31
1321 1195 m2 673423 -3.50992668e-05 0.5 p-1 -37904 38
176 1199 m2 675764 -0.000152794193 0.5 p-1 -922955 187
427 1201 m2 676623 -0.0167162381 0.5 p-1 -2491674 1228
177 1202 m2 676800 0.00336750038 0.5 p-1 -5821986 1087
936 1204 m2 679457 -0.0825579539 0.5 p-1 -241172 31
1363 1205 m2 679490 7.91996063e-05 0.5 p-1 -8790 12
854 1206 m2 679619 0.000938946789 0.5 p-1 -4288039 253
1176 1207 m2 679799 0.0418364778 0.5 p-1 -514566 47
334 1208 m2 680286 0.000743738201 0.5 p-1 -1669533 1483
428 1211 m2 681887 -0.00421185279 0.5 p-1 -3200217 1225
335 1212 m2 682665 0.00119884044 0.5 p-1 -2130442 248
179 1213 m2 683483 0.000468350918 0.5 p-1 -2800832 1100
609 1214 m2 683721 -0.00154997257 0.5 p-1 -292364 201
937 1217 m2 685279 -0.000224186035 0.5 p-1 -1560860 65
180 1219 m2 689160 -4.35241236e-05 0.5 p-1 -4032824 974
1632 1220 m2 689898 0.00316635962 0.5 p-1 -2659 6
1585 1221 m2 690263 -0.0118615637 0.5 p-1 -3997 6
336 1222 m2 690382 0.00178738195 0.5 p-1 -2081700 329
855 1223 m2 691196 -0.0192041788 0.5 p-1 -2478558 158
337 1224 m2 691225 0.000480787276 0.5 p-1 -899670 927
610 1225 m2 693416 0.00152905774 0.5 p-1 -682961 144
716 1226 m2 693622 -4.94490769e-06 0.5 p-1 -6915205 374
338 1227 m2 694142 -0.00132628565 0.5 p-1 -2933188 1562
1232 1228 m2 694261 3.93562641e-06 0.5 p-1 -223113 45
1177 1229 m2 695824 -0.0240893401 0.5 p-1 -25766 11
656 1230 m2 696791 0.000292560318 0.5 p-1 -1793483 252
339 1231 m2 697358 0.00155122345 0.5 p-1 -2687211 1535
1773 1232 m2 697562 0.00475780154 0.5 p-1 -3448 2
1415 1235 m2 698832 0.00366247818 0.5 p-1 -507085 19
657 1236 m2 698850 0.000537949149 0.5 p-1 -175438 71
856 1237 m2 699075 2.89505042e-05 0.5 p-1 -1717988 219
658 1238 m2 699523 1.00884427e-06 0.5 p-1 -1653834 275
971 1239 m2 699538 -7.28659461e-06 0.5 p-1 -329226 19
1153 1240 m2 699980 0.107895277 0.5 p-1 -6263 10
181 1241 m2 701041 -0.00998972077 0.5 p-1 -3404620 905
1373 1242 m2 701665 -0.00599573646 0.5 p-1 -33202 23
782 1243 m2 702327 0.00212073117 0.5 p-1 -3751544 291
972 1244 m2 702741 -0.0584268868 0.5 p-1 -2148148 54
612 1248 m2 705836 0.00330935512 0.5 p-1 -2194913 292
182 1249 m2 706725 -0.000553092454 0.5 p-1 -2924799 1597
1248 1250 m2 706985 0.00301880669 0.5 p-1 -67151 12
183 1251 m2 707210 -3.71650349e-05 0.5 p-1 -10071823 1611
340 1252 m2 707229 -1.45619481e-07 0.5 p-1 -3969598 306
1272 1253 m2 708266 0.000278914522 0.5 p-1 -2320552 73
1243 1255 m2 709251 -0.00100723363 0.5 p-1 -774186 57
1779 1256 m2 709311 -0.000207391218 0.5 p-1 -6839 3
184 1258 m2 710561 -2.12721407e-05 0.5 p-1 -1703014 693
1711 1259 m2 710791 0.000161693766 0.5 p-1 -51862 3
1622 1261 m2 712113 0.000105261679 0.5 p-1 -28578 2
1505 1262 m2 712251 0.000987806357 0.5 p-1 -15453 14
868 1263 m2 712521 -0.014994028 0.5 p-1 -920078 354
185 1264 m2 713076 -0.000562412257 0.5 p-1 -3075844 1140
186 1267 m2 714067 7.07837626e-06 0.5 p-1 -432144 115
717 1269 m2 714929 -0.000583112938 0.5 p-1 -6100245 339
341 1270 m2 716065 -0.000463473611 0.5 p-1 -198296 92
901 1272 m2 717305 -0.0789381787 0.5 p-1 -662491 53
429 1273 m2 717413 0.00614813017 0.5 p-1 -2755869 97
1233 1274 m2 718022 0.000106249528 0.5 p-1 -273692 62
1299 1275 m2 718047 -0.00732862344 0.5 p-1 -228809 45
1668 1276 m2 718104 0.00133324636 0.5 p-1 -22842 3
684 1277 m2 719102 0.0117511246 0.5 p-1 -131263 74
342 1278 m2 719189 -0.000896128709 0.5 p-1 -1521269 1615
1249 1279 m2 719745 -0.00599923683 0.5 p-1 -3295 10
1511 1280 m2 720011 -0.00738527812 0.5 p-1 -11872 5
1407 1281 m2 721388 8.4072657e-05 0.5 p-1 -5449 3
718 1283 m2 723113 -0.00545230741 0.5 p-1 -2521455 740
949 1284 m2 723142 -0.0466136262 0.5 p-1 -274163 78
1741 1285 m2 723871 -0.000774546352 0.5 p-1 -318330 7
503 1286 m2 724716 1.75227655e-08 0.5 p-1 -1983071 171
1049 1287 m2 724735 -3.43481998e-09 0.5 p-1 -127971 43
568 1288 m2 725610 0.00275041722 0.5 p-1 -1421902 467
430 1289 m2 725744 -0.00803963188 0.5 p-1 -1077234 794
1872 1290 m2 726355 -0.0227891896 0.5 p-1 -5822 2
1742 1291 m2 726530 0.000515737163 0.5 p-1 -6753 6
188 1295 m2 735201 0.00233643525 0.5 p-1 -3616112 902
962 1296 m2 735527 -0.000845582807 0.5 p-1 -4164828 132
1676 1297 m2 735944 -0.00026202458 0.5 p-1 -29329 26
1403 1298 m2 736177 0.00303332624 0.5 p-1 -12634 15
719 1299 m2 737088 -0.00161176932 0.5 p-1 -276100 271
720 1300 m2 737575 0.0241838489 0.5 p-1 -256196 346
1522 1301 m2 737907 -0.000822989387 0.5 p-1 -3757 3
1867 1303 m2 740129 0.00392102683 0.5 p-1 -5058 1
431 1304 m2 740154 0.00281884754 0.5 p-1 -1288660 871
1875 1305 m2 740891 0.000199984352 0.5 p-1 -8229 2
189 1306 m2 740902 -0.0112480875 0.5 p-1 -3444350 1717
569 1307 m2 741347 -0.00496954005 0.5 p-1 -3557244 736
1575 1308 m2 741558 0.00130246521 0.5 p-1 -15439 17
1623 1309 m2 741894 9.4284318e-05 0.5 p-1 -56948 3
190 1310 m2 741929 -0.00172215456 0.5 p-1 -1864169 1750
686 1311 m2 742114 -0.043139182 0.5 p-1 -91544 39
1401 1312 m2 742521 -0.011929011 0.5 p-1 -5437 12
687 1313 m2 742635 0.000103292543 0.5 p-1 -119218 58
836 1314 m2 744075 0.0047066221 0.5 p-1 -15076 12
902 1315 m2 745941 0.00217326474 0.5 p-1 -521968 49
191 1316 m2 746045 -1.2049278e-06 0.5 p-1 -8101332 265
857 1317 m2 746414 0.00132689159 0.5 p-1 -2513022 43
343 1318 m2 746467 -8.86417274e-06 0.5 p-1 -5871249 938
504 1319 m2 746998 -0.00749021117 0.5 p-1 -5155997 770
1396 1320 m2 747509 0.00141529343 0.5 p-1 -111830 20
1071 1321 m2 747883 -2.39535093e-05 0.5 p-1 -684304 41
1090 1322 m2 748752 -0.000239985297 0.5 p-1 -977807 63
192 1323 m2 749353 -0.00505731814 0.5 p-1 -1603203 202
1154 1325 m2 750420 -0.024634596 0.5 p-1 -395385 24
614 1326 m2 750739 -0.000627975794 0.5 p-1 -1154454 121
1268 1327 m2 750894 -0.000243155082 0.5 p-1 -21212 11
1854 1329 m2 752143 0.00367040024 0.5 p-1 -4054 5
1769 1330 m2 752249 -0.000561719644 0.5 p-1 -3677 1
1416 1332 m2 753690 -0.000350185961 0.5 p-1 -13554 8
1060 1333 m2 755014 -5.81910681e-05 0.5 p-1 -42286 7
743 1334 m2 755446 -0.0116447667 0.5 p-1 -3547610 456
1061 1335 m2 755699 -0.000840349821 0.5 p-1 -130911 26
193 1337 m2 755930 0.000179516093 0.5 p-1 -489706 139
194 1339 m2 756502 -0.00587906316 0.5 p-1 -7811004 606
1255 1340 m2 757342 -0.00103420462 0.5 p-1 -39387 13
1050 1341 m2 757467 -0.00241769198 0.5 p-1 -148050 124
1366 1342 m2 758027 -0.0157614145 0.5 p-1 -67741 28
869 1343 m2 758107 0.000333632313 0.5 p-1 -33365 27
195 1344 m2 758341 -0.000114485942 0.5 p-1 -3912023 513
871 1345 m2 761138 -6.15674071e-06 0.5 p-1 -2019856 194
1107 1346 m2 761352 -1.02215317e-05 0.5 p-1 -2001711 91
1888 1347 m2 761833 -0.0535221361 0.5 p-1 -20385 2
984 1348 m2 761837 0.000787002209 0.5 p-1 -861792 253
433 1349 m2 762020 -0.000331500079 0.5 p-1 -276845 87
505 1351 m2 762755 0.000720877724 0.5 p-1 -74352 68
344 1352 m2 763018 0.0607995316 0.5 p-1 -8473227 336
950 1353 m2 763340 0.0216038376 0.5 p-1 -121128 70
659 1355 m2 764569 0.00220432621 0.5 p-1 -78553 73
1648 1356 m2 764724 -8.1901203e-07 0.5 p-1 -38774 6
1244 1357 m2 764876 -0.036092788 0.5 p-1 -186653 16
1329 1358 m2 765229 0.00303889904 0.5 p-1 -2709429 25
688 1359 m2 765422 0.000439703261 0.5 p-1 -1760309 556
1707 1360 m2 768672 -0.0649411082 0.5 p-1 -10027 10
506 1363 m2 772988 4.05534665e-05 0.5 p-1 -502387 384
616 1364 m2 774128 3.89632987e-05 0.5 p-1 -41962 57
345 1365 m2 774677 0.00233348948 0.5 p-1 -2582700 748
1640 1366 m2 774707 -6.85929408e-05 0.5 p-1 -25007 10
721 1368 m2 774906 -6.15832978e-05 0.5 p-1 -129297 225
617 1369 m2 775144 0.0300965421 0.5 p-1 -836608 590
1309 1371 m2 775436 0.000783946307 0.5 p-1 -463622 26
197 1372 m2 775625 -7.19157397e-05 0.5 p-1 -4232515 1759
1417 1374 m2 777122 -0.00286418456 0.5 p-1 -24051 1
198 1376 m2 777762 -0.00224064873 0.5 p-1 -1123724 1694
507 1377 m2 778696 -0.0236348175 0.5 p-1 -84720 70
872 1379 m2 779373 -0.0851364806 0.5 p-1 -171015 121
434 1380 m2 780488 0.0178844538 0.5 p-1 -953143 394
509 1381 m2 781280 -8.38431879e-06 0.5 p-1 -2767558 123
199 1384 m2 781895 -0.030931484 0.5 p-1 -2847014 1901
1570 1385 m2 782346 0.0025250006 0.5 p-1 -23836 1
200 1386 m2 783071 9.62882987e-05 0.5 p-1 -2212218 413
722 1387 m2 783460 -7.15964575e-07 0.5 p-1 -5267609 360
1397 1388 m2 784020 0.00266422261 0.5 p-1 -10030 16
510 1389 m2 784071 -0.000473639666 0.5 p-1 -4330700 407
435 1390 m2 784156 -0.0109917 0.5 p-1 -378052 237
1420 1392 m2 784795 -0.000224500138 0.5 p-1 -9748 26
1495 1393 m2 785991 -0.000373681454 0.5 p-1 -80102 44
347 1394 m2 786225 0.0100032389 0.5 p-1 -1028648 533
1763 1395 m2 786403 0.00496583246 0.5 p-1 -12791 7
1625 1396 m2 786476 -0.0808829367 0.5 p-1 -50960 13
951 1399 m2 787946 -0.00770973414 0.5 p-1 -1345777 87
1559 1400 m2 788108 1.91694554e-07 0.5 p-1 -17024 7
952 1401 m2 789021 -0.000872240635 0.5 p-1 -113922 56
1338 1402 m2 789305 0.0344510302 0.5 p-1 -209919 33
618 1404 m2 789701 -5.05011121e-06 0.5 p-1 -2901563 394
1182 1405 m2 789761 4.41898374e-06 0.5 p-1 -21476 23
619 1406 m2 791959 -0.00160495192 0.5 p-1 -903085 235
436 1408 m2 793340 -0.00138419052 0.5 p-1 -792401 335
1890 1410 m2 794758 -0.0251958966 0.5 p-1 -14443 1
348 1411 m2 794816 0.000933337957 0.5 p-1 -142663 42
201 1412 m2 796195 0.0199199989 0.5 p-1 -730775 333
202 1415 m2 797676 -0.0732693225 0.5 p-1 -1455569 643
755 1416 m2 797981 0.000765844481 0.5 p-1 -8483697 436
437 1417 m2 798036 -0.0137727773 0.5 p-1 -3310457 557
572 1418 m2 798599 0.01223573 0.5 p-1 -1801313 576
689 1419 m2 799844 0.00535340095 0.5 p-1 -112147 89
793 1420 m2 799866 -2.68666577e-06 0.5 p-1 -12349 3
963 1422 m2 804229 -0.0431236662 0.5 p-1 -839120 60
1183 1423 m2 804522 0.000208596408 0.5 p-1 -4911 17
204 1424 m2 805868 0.00159333239 0.5 p-1 -5994490 864
1421 1427 m2 806477 0.0006252561 0.5 p-1 -5513 15
1298 1430 m2 808630 -0.000590878946 0.5 p-1 -75982 39
939 1431 m2 809251 1.80489703e-08 0.5 p-1 -260717 97
349 1432 m2 809935 3.68084329e-06 0.5 p-1 -9658369 1511
873 1433 m2 810132 0.00494299037 0.5 p-1 -387046 38
953 1434 m2 811843 0.0214968976 0.5 p-1 -80246 123
1017 1435 m2 811859 -0.000222004775 0.5 p-1 -316401 3
1583 1436 m2 812589 -0.0594864301 0.5 p-1 -13195 6
1765 1437 m2 812844 -0.00450057583 0.5 p-1 -43731 8
621 1438 m2 813259 -2.92947334e-06 0.5 p-1 -276535 115
1088 1439 m2 813622 -0.00834118575 0.5 p-1 -7902 15
1672 1440 m2 815038 -0.000125272811 0.5 p-1 -13951 2
573 1441 m2 815701 -3.24016473e-05 0.5 p-1 -1930168 762
837 1442 m2 816066 0.0382980853 0.5 p-1 -976425 82
1093 1443 m2 818026 -0.0268954672 0.5 p-1 -91767 49
438 1445 m2 818417 -0.0180970728 0.5 p-1 -313688 241
574 1446 m2 818987 6.8860877e-06 0.5 p-1 -638964 239
1339 1447 m2 820061 -0.00804059021 0.5 p-1 -128219 29
744 1448 m2 820224 0.0531672388 0.5 p-1 -766161 385
1889 1449 m2 820810 0.0033451349 0.5 p-1 -2681 2
1487 1450 m2 821562 0.000149278319 0.5 p-1 -6057 3
1440 1451 m2 821815 0.012675372 0.5 p-1 -3354 10
813 1452 m2 822522 0.000287365663 0.5 p-1 -439090 116
206 1454 m2 824466 -0.0121386619 0.5 p-1 -2619047 1914
440 1455 m2 826021 -0.022655312 0.5 p-1 -109681 23
208 1456 m2 826029 0.0119930143 0.5 p-1 -2759203 792
1858 1460 m2 829208 -0.00256542908 0.5 p-1 -22888 2
1555 1462 m2 829580 -0.000247048243 0.5 p-1 -15874 4
1698 1463 m2 830427 0.0539535768 0.5 p-1 -27579 1
575 1466 m2 832238 -2.95223413e-06 0.5 p-1 -16729 8
351 1467 m2 833253 0.0586882047 0.5 p-1 -3177813 599
209 1468 m2 835783 3.38756145e-05 0.5 p-1 -605058 140
1113 1470 m2 836761 0.00100959186 0.5 p-1 -3215100 109
1805 1471 m2 837251 6.33582822e-05 0.5 p-1 -50666 3
512 1473 m2 838068 9.2459436e-07 0.5 p-1 -302971 349
874 1474 m2 838109 0.0877112076 0.5 p-1 -185838 59
1531 1475 m2 839179 0.0537692346 0.5 p-1 -262913 9
954 1477 m2 839363 -0.000815329433 0.5 p-1 -34830 66
1377 1479 m2 840752 0.0292915776 0.5 p-1 -346602 35
815 1481 m2 841969 -7.86228047e-05 0.5 p-1 -42954 8
816 1482 m2 842134 -0.00107722508 0.5 p-1 -148208 55
210 1483 m2 842189 0.00120841339 0.5 p-1 -6685435 278
1281 1484 m2 842583 5.91840544e-05 0.5 p-1 -145651 13
817 1485 m2 842868 6.30744835e-05 0.5 p-1 -747165 469
1221 1487 m2 843151 0.000236658394 0.5 p-1 -223018 25
352 1488 m2 844419 -0.0231168605 0.5 p-1 -937785 246
353 1489 m2 844552 4.21809273e-05 0.5 p-1 -1497348 482
1378 1491 m2 845786 0.02257788 0.5 p-1 -81398 48
576 1492 m2 846136 -0.00132592383 0.5 p-1 -359146 173
212 1493 m2 846590 7.87314946e-07 0.5 p-1 -4417514 508
794 1494 m2 847173 2.6888225e-05 0.5 p-1 -47451 44
1413 1495 m2 847222 -0.0206351969 0.5 p-1 -12943 10
838 1497 m2 847904 0.0053211404 0.5 p-1 -44344 31
1256 1498 m2 848082 -5.96310065e-06 0.5 p-1 -12811 8
723 1500 m2 850353 -0.000829948462 0.5 p-1 -537507 115
1273 1501 m2 850596 -9.85186307e-06 0.5 p-1 -169032 76
1560 1502 m2 851482 0.00151271513 0.5 p-1 -46865 7
1108 1505 m2 852084 0.0110210543 0.5 p-1 -440289 141
623 1506 m2 852669 0.0622083396 0.5 p-1 -21616 47
213 1507 m2 854770 -1.54667134e-06 0.5 p-1 -5930498 648
214 1508 m2 854850 0.00290545891 0.5 p-1 -1691855 1034
1517 1509 m2 855170 0.00170733267 0.5 p-1 -12306 2
1051 1510 m2 856759 -0.000138478703 0.5 p-1 -129941 33
785 1511 m2 857322 -0.00251643406 0.5 p-1 -2884228 208
578 1513 m2 858779 0.0106669972 0.5 p-1 -13337213 1418
624 1514 m2 858970 -4.76786272e-06 0.5 p-1 -27444 33
1293 1518 m2 862927 0.0232496206 0.5 p-1 -296781 12
1422 1520 m2 864345 -0.00224370765 0.5 p-1 -72500 42
1860 1522 m2 867113 1.48204242e-06 0.5 p-1 -49860 1
215 1523 m2 868493 -0.000622454565 0.5 p-1 -3176617 1016
513 1525 m2 869337 0.000476227986 0.5 p-1 -1301050 266
1684 1526 m2 869844 -0.00282503944 0.5 p-1 -4182 12
1734 1527 m2 870351 0.00103686866 0.5 p-1 -2168 2
216 1528 m2 871824 -0.00275977585 0.5 p-1 -4323791 1018
442 1529 m2 872352 0.0103401858 0.5 p-1 -3398128 619
1341 1530 m2 874377 0.0196951069 0.5 p-1 -299690 33
661 1531 m2 874922 1.57401459e-09 0.5 p-1 -483862 98
217 1532 m2 875121 -0.0324968733 0.5 p-1 -3078461 423
1927 1533 m2 875493 0.0162563343 0.5 p-1 -144229 2
1263 1534 m2 875501 -0.0114991572 0.5 p-1 -577229 37
443 1535 m2 876438 -1.87393678e-09 0.5 p-1 -1780410 1222
1264 1536 m2 877134 -0.0207100082 0.5 p-1 -434784 35
218 1538 m2 877478 0.00760560995 0.5 p-1 -1302787 1060
1615 1539 m2 878361 0.00468672859 0.5 p-1 -16231 1
1274 1541 m2 878460 1.0987621e-05 0.5 p-1 -101505 35
1062 1542 m2 879147 -0.000238938999 0.5 p-1 -52992 7
219 1543 m2 879268 -0.000827557815 0.5 p-1 -2160228 1940
1645 1544 m2 880160 0.00861466024 0.5 p-1 -2186 2
1245 1545 m2 880576 0.00590932462 0.5 p-1 -87243 30
444 1546 m2 881425 -0.0103633394 0.5 p-1 -989536 624
1364 1548 m2 881507 0.00305891549 0.5 p-1 -34379 18
445 1549 m2 881985 0.0163862724 0.5 p-1 -4506294 1097
220 1550 m2 883122 0.00025797158 0.5 p-1 -29045 2
1595 1551 m2 883689 -0.000112459784 0.5 p-1 -25499 2
1342 1552 m2 883836 -0.00124123611 0.5 p-1 -243533 59
625 1553 m2 884149 -0.0585515499 0.5 p-1 -252804 39
221 1554 m2 884451 -0.000804721378 0.5 p-1 -4441439 1754
222 1556 m2 884897 -0.00188788574 0.5 p-1 -2172161 1530
223 1557 m2 884962 0.0208040234 0.5 p-1 -702634 501
1246 1558 m2 885306 -0.00113476324 0.5 p-1 -486099 20
580 1559 m2 886683 -0.00126197399 0.5 p-1 -1570986 759
626 1560 m2 887507 0.00543866353 0.5 p-1 -1191445 259
446 1561 m2 887787 0.12834157 0.5 p-1 -63704 39
1178 1564 m2 888813 -0.0193399135 0.5 p-1 -1488 5
745 1566 m2 889660 0.0133219892 0.5 p-1 -76155 22
1606 1567 m2 890311 -0.00672359578 0.5 p-1 -24850 1
224 1568 m2 890472 0.00938067585 0.5 p-1 -1364314 971
1546 1569 m2 891116 9.00049781e-05 0.5 p-1 -198904 8
1475 1570 m2 892027 6.75412884e-05 0.5 p-1 -287687 13
1412 1571 m2 892675 0.00037014694 0.5 p-1 -11434 14
225 1572 m2 893004 0.0106904162 0.5 p-1 -3884454 656
1731 1573 m2 893544 0.00350109045 0.5 p-1 -5786 3
1304 1574 m2 895546 0.004767993 0.5 p-1 -8556 13
1028 1576 m2 896302 -0.0529072732 0.5 p-1 -312606 31
915 1577 m2 896464 -8.48569907e-05 0.5 p-1 -397612 380
1677 1578 m2 897654 -0.0359514691 0.5 p-1 -195383 7
1185 1579 m2 897846 -9.24543565e-06 0.5 p-1 -29549 11
916 1580 m2 897937 0.034343686 0.5 p-1 -140733 32
1553 1581 m2 898740 4.54497458e-05 0.5 p-1 -47973 4
1018 1582 m2 898854 -0.000276540406 0.5 p-1 -786364 95
356 1583 m2 899561 -0.02672063 0.5 p-1 -1543340 389
725 1585 m2 900114 5.76547063e-05 0.5 p-1 -6361070 543
227 1586 m2 900914 -0.00971284602 0.5 p-1 -1871744 814
1660 1587 m2 902255 -0.0245847981 0.5 p-1 -10058 5
357 1588 m2 902432 -0.0120045552 0.5 p-1 -13672177 929
796 1590 m2 903260 -0.00488925679 0.5 p-1 -2454610 42
1260 1591 m2 903408 -8.42304871e-06 0.5 p-1 -211941 43
1019 1592 m2 903763 0.00177455531 0.5 p-1 -14915 32
1572 1594 m2 905702 2.86482682e-05 0.5 p-1 -85141 9
581 1595 m2 906136 -0.00693351682 0.5 p-1 -779363 519
1465 1596 m2 906905 -0.000443160941 0.5 p-1 -12911 6
448 1597 m2 907296 -0.0180050265 0.5 p-1 -197454 334
582 1598 m2 907496 0.00294397539 0.5 p-1 -146273 302
228 1600 m2 908972 -0.0363667868 0.5 p-1 -3443840 1880
1204 1601 m2 909350 -7.9782847e-05 0.5 p-1 -664283 72
1205 1602 m2 909668 -0.000190444916 0.5 p-1 -197514 71
229 1603 m2 909862 -0.000276482548 0.5 p-1 -147203 112
1476 1605 m2 911071 0.00156780076 0.5 p-1 -76939 2
692 1607 m2 911653 -0.00101065461 0.5 p-1 -271947 26
449 1608 m2 911713 -0.000198795751 0.5 p-1 -1320236 1038
797 1609 m2 912205 -7.82119096e-05 0.5 p-1 -2452 4
1140 1610 m2 912236 0.0044286903 0.5 p-1 -151842 10
230 1611 m2 912301 -0.00320073077 0.5 p-1 -1195310 155
231 1612 m2 912492 -4.606527e-05 0.5 p-1 -4575323 1961
1094 1613 m2 912673 -0.0309489146 0.5 p-1 -214663 22
583 1614 m2 913661 -0.0450689606 0.5 p-1 -11727117 422
451 1615 m2 914261 0.00265761605 0.5 p-1 -1041526 327
1477 1616 m2 914337 0.000183643075 0.5 p-1 -88049 21
1921 1617 m2 914768 0.000670643232 0.5 p-1 -4472 2
1095 1618 m2 915616 0.00109787949 0.5 p-1 -973480 30
452 1619 m2 915756 -1.56683072e-05 0.5 p-1 -1438584 189
232 1620 m2 916004 5.39635084e-06 0.5 p-1 -325806 222
1343 1621 m2 916052 0.00348959561 0.5 p-1 -70337 34
1096 1622 m2 916308 0.00235677185 0.5 p-1 -473318 12
233 1623 m2 917044 6.5005901e-05 0.5 p-1 -2728993 1048
1687 1624 m2 918098 -0.00121202995 0.5 p-1 -1311 1
1186 1626 m2 918316 0.0031636213 0.5 p-1 -867453 120
515 1627 m2 919241 -3.9060661e-11 0.5 p-1 -1735817 233
453 1628 m2 919251 -1.78424634e-05 0.5 p-1 -216637 170
1904 1630 m2 920781 0.0072455653 0.5 p-1 -4520 1
1500 1631 m2 920832 0.00264204945 0.5 p-1 -3062 11
1938 1632 m2 922834 0.0058850511 0.5 p-1 -3810 1
1719 1633 m2 922992 -0.000855615712 0.5 p-1 -8780 3
786 1634 m2 923076 6.87771826e-05 0.5 p-1 -827186 363
1265 1635 m2 923448 -0.000651114795 0.5 p-1 -300424 3
662 1639 m2 926289 0.0006979928 0.5 p-1 -34362 13
1643 1640 m2 927430 1.31008637e-05 0.5 p-1 -28445 10
1207 1641 m2 928804 0.0618851893 0.5 p-1 -426090 37
234 1642 m2 929193 -0.000589038711 0.5 p-1 -4644619 1200
1641 1643 m2 929950 -0.000488473102 0.5 p-1 -283 1
1362 1644 m2 930595 -1.01789555e-08 0.5 p-1 -23322 12
454 1646 m2 931675 0.00743310619 0.5 p-1 -418408 43
693 1647 m2 932550 -0.0308191888 0.5 p-1 -3940 3
359 1648 m2 932834 -1.24437083e-05 0.5 p-1 -5179018 1443
1852 1649 m2 934263 0.000103550716 0.5 p-1 -2026 1
1478 1650 m2 934771 -0.0304416902 0.5 p-1 -4514 2
235 1651 m2 936135 0.00656365231 0.5 p-1 -922676 775
360 1652 m2 936495 0.00314549357 0.5 p-1 -1606031 112
361 1653 m2 937317 -0.00709561212 0.5 p-1 -1664101 288
1935 1654 m2 937645 -0.00240588631 0.5 p-1 -8663 1
1485 1655 m2 937798 -1.84626151e-05 0.5 p-1 -110294 10
362 1656 m2 937848 -0.0399524122 0.5 p-1 -5769189 480
236 1657 m2 938101 0.0104442602 0.5 p-1 -2178968 151
1385 1658 m2 938730 -9.07737496e-11 0.5 p-1 -105626 36
363 1659 m2 940851 0.0131529504 0.5 p-1 -1122434 191
238 1660 m2 940869 -0.00124930171 0.5 p-1 -420362 193
1327 1661 m2 941125 -5.20482808e-06 0.5 p-1 -127949 15
986 1662 m2 941463 0.00602355693 0.5 p-1 -905378 53
364 1663 m2 941607 0.000265331299 0.5 p-1 -5581169 801
1577 1665 m2 943394 4.85895661e-08 0.5 p-1 -803 3
1114 1666 m2 943419 0.0524334498 0.5 p-1 -69289 32
746 1667 m2 943430 0.0234072506 0.5 p-1 -28014 24
239 1668 m2 943558 -0.00171458756 0.5 p-1 -3185929 1369
1261 1670 m2 944107 0.0189712178 0.5 p-1 -397676 32
1848 1672 m2 945215 0.0141133824 0.5 p-1 -8237 2
629 1673 m2 945881 -0.034300562 0.5 p-1 -6381034 82
1187 1674 m2 946509 9.2984709e-07 0.5 p-1 -4194 12
1164 1678 m2 950288 -0.00108677556 0.5 p-1 -31593 31
630 1680 m2 952163 0.000509202306 0.5 p-1 -342053 264
663 1681 m2 953333 3.43762331e-05 0.5 p-1 -923771 220
585 1683 m2 954460 -0.0112045761 0.5 p-1 -596366 189
1102 1684 m2 954718 -0.00450866623 0.5 p-1 -265417 23
977 1686 m2 955614 -0.0448591486 0.5 p-1 -228080 44
859 1688 m2 957515 0.0194691978 0.5 p-1 -1970252 450
1179 1689 m2 958160 -0.0197457355 0.5 p-1 -181219 42
1582 1691 m2 958699 -0.0245916583 0.5 p-1 -149335 2
1506 1692 m2 960021 0.000326819398 0.5 p-1 -7518 6
240 1693 m2 960887 -0.0323151238 0.5 p-1 -857010 743
1197 1694 m2 961413 3.03588763e-06 0.5 p-1 -3045 13
798 1695 m2 961519 0.000880832842 0.5 p-1 -12027 30
586 1696 m2 962032 -0.0680634603 0.5 p-1 -213892 184
1813 1697 m2 962183 2.277166e-06 0.5 p-1 -6374 2
1374 1698 m2 963026 -0.0693134069 0.5 p-1 -59267 2
726 1700 m2 965729 -0.0108866999 0.5 p-1 -154327 29
818 1703 m2 967805 0.00113531342 0.5 p-1 -210820 101
1282 1704 m2 968073 -0.00176506117 0.5 p-1 -156808 6
1514 1705 m2 968792 -0.000104815255 0.5 p-1 -507466 5
889 1706 m2 968898 -0.00664790813 0.5 p-1 -15164 4
1188 1708 m2 969422 -0.000252593978 0.5 p-1 -71104 43
876 1709 m2 969432 -0.00555713661 0.5 p-1 -30969 50
632 1710 m2 969877 0.00210174406 0.5 p-1 -1626735 71
1283 1711 m2 970053 0.0203222074 0.5 p-1 -38756 6
455 1712 m2 970719 -0.004222841 0.5 p-1 -111165 45
1020 1713 m2 971220 0.0382048711 0.5 p-1 -17884 16
1043 1715 m2 972208 -0.0169697795 0.5 p-1 -131422 23
1853 1716 m2 972862 0.00116612494 0.5 p-1 -5112 2
664 1717 m2 973697 2.66440793e-06 0.5 p-1 -280661 149
1523 1719 m2 974279 -0.000172569504 0.5 p-1 -331194 8
1603 1720 m2 975052 -0.0128218522 0.5 p-1 -8969 1
1169 1723 m2 978305 -0.0348553695 0.5 p-1 -12692 9
1569 1725 m2 978813 -5.41105123e-07 0.5 p-1 -40034 19
243 1726 m2 979208 0.00614970643 0.5 p-1 -5129427 740
747 1727 m2 979331 0.000357477984 0.5 p-1 -1017444 247
244 1729 m2 980130 0.00602547498 0.5 p-1 -6311174 867
1180 1731 m2 980663 -0.00958718639 0.5 p-1 -25952 3
519 1732 m2 981740 0.00638297945 0.5 p-1 -70669 198
247 1733 m2 982550 -0.0345997177 0.5 p-1 -5381390 1317
877 1735 m2 984618 -0.00210582302 0.5 p-1 -39109 41
1345 1736 m2 984947 0.00101130188 0.5 p-1 -200609 20
1346 1738 m2 986001 -0.00207513291 0.5 p-1 -4001 14
1170 1739 m2 988326 -0.0185252763 0.5 p-1 -116056 22
366 1741 m2 989028 9.4629213e-05 0.5 p-1 -1289822 1053
456 1742 m2 989137 0.000440428674 0.5 p-1 -851102 737
1012 1743 m2 989439 -0.00482727494 0.5 p-1 -28408 17
587 1744 m2 989562 -0.00247730967 0.5 p-1 -498005 200
248 1747 m2 990820 0.0664907172 0.5 p-1 -6383406 1890
1218 1748 m2 991301 0.0102863926 0.5 p-1 -250120 92
367 1749 m2 991329 0.0686002523 0.5 p-1 -1890902 694
1250 1750 m2 992466 0.000287854898 0.5 p-1 -1479210 36
1427 1751 m2 993060 -5.45834591e-05 0.5 p-1 -14792 12
1613 1753 m2 995124 -0.000337040896 0.5 p-1 -8796 3
1874 1754 m2 995166 -0.000157374321 0.5 p-1 -519313 2
249 1755 m2 995584 -0.0014269636 0.5 p-1 -371315 219
1115 1756 m2 996525 0.0112515008 0.5 p-1 -82564 18
588 1757 m2 997773 -1.80204534e-05 0.5 p-1 -960922 126
1468 1760 m2 999894 -0.000232510589 0.5 p-1 -42393 13
250 1761 m2 999927 0.02343034 0.5 p-1 -1716147 936
1718 1762 m2 221102 -0.0148067558 0.5 p0 2 1
1732 1769 m2 592128 -0.0226215608 0.5 p0 2 3
1923 1770 m2 734038 0.00570094632 0.5 p0 2 2
1936 1772 m2 93168 -0.0022895271 0.5 p0 2 1
1704 1776 m2 80982 0.00131615682 0.5 p0 2 3
1118 1777 m2 231483 0.0876072496 0.5 p0 2 6
1148 1778 m2 177423 -3.81204845e-05 0.5 p0 2 4
1492 1785 m2 809678 0.00590697117 0.5 p0 2 1
1594 1787 m2 552328 -0.000121149678 0.5 p0 2 2
1871 1796 m2 38997 -0.0154294083 0.5 p0 2 1
1933 1797 m2 165915 -1.5186266e-05 0.5 p0 2 2
1802 1806 m2 98637 0.00254824851 0.5 p0 2 3
1647 1807 m2 776568 -7.04345366e-05 0.5 p0 2 1
1472 1808 m2 679843 0.0114129148 0.5 p0 2 4
1311 1812 m2 32969 0.00142619223 0.5 p0 2 7
1631 1813 m2 665617 -8.7711868e-08 0.5 p0 2 6
1587 1820 m2 64659 -0.000793487241 0.5 p0 2 4
1579 1821 m2 265227 -0.00368601084 0.5 p0 2 3
1884 1826 m2 722652 0.00123177387 0.5 p0 2 2
1885 1827 m2 834620 -0.000822579954 0.5 p0 2 2
844 1832 m2 163447 -0.016299421 0.5 p0 2 4
1820 1833 m2 439309 0.000196788809 0.5 p0 2 2
1826 1834 m2 893820 0.00230440125 0.5 p0 2 5
1767 1837 m2 453158 -0.00394640025 0.5 p0 2 2
1768 1838 m2 529733 -0.0661949366 0.5 p0 2 2
1226 1839 m2 708477 0.00142663869 0.5 p0 2 2
1857 1841 m2 149588 -3.89235393e-05 0.5 p0 2 1
1748 1844 m2 229255 -8.92543426e-07 0.5 p0 2 2
1683 1845 m2 639357 0.00101903616 0.5 p0 2 4
1778 1848 m2 366172 0.00794371031 0.5 p0 2 1
1297 1850 m2 632869 0.00304877874 0.5 p0 2 2
1483 1851 m2 422502 0.0372186378 0.5 p0 2 5
1942 1852 m2 348711 0.000766214973 0.5 p0 2 1
1749 1855 m2 213107 2.30751157e-05 0.5 p0 2 2
1750 1856 m2 544487 0.00199278025 0.5 p0 2 3
1804 1860 m2 991670 0.000820444257 0.5 p0 2 2
1669 1862 m2 27794 -0.000509958481 0.5 p0 2 3
1753 1863 m2 921441 0.00145063037 0.5 p0 2 1
1561 1864 m2 540890 -1.78819337e-05 0.5 p0 2 1
1818 1868 m2 674015 0.00120370532 0.5 p0 2 3
1098 1869 m2 226588 0.0289600194 0.5 p0 2 2
1730 1870 m2 271729 -0.0622557886 0.5 p0 2 1
1400 1871 m2 686325 -0.000110710316 0.5 p0 2 6
1859 1874 m2 527105 -0.0123126237 0.5 p0 2 4
1830 1877 m2 163009 0.00392316841 0.5 p0 2 2
1922 1882 m2 199937 0.0202295277 0.5 p0 2 1
1925 1883 m2 23859 0.00662314519 0.5 p0 2 1
1639 1884 m2 19739 -0.0172388181 0.5 p0 2 1
1410 1887 m2 771858 0.00738533027 0.5 p0 2 2
1914 1890 m2 572872 0.0153616481 0.5 p0 2 1
1036 1891 m2 766487 0.00734864222 0.5 p0 2 6
1920 1892 m2 351039 8.09568301e-05 0.5 p0 2 1
1856 1896 m2 946604 -0.00399001827 0.5 p0 2 1
1801 1897 m2 841019 0.00414190488 0.5 p0 2 2
1571 1902 m2 257892 -0.0137850847 0.5 p0 2 3
1357 1903 m2 114050 0.00676396955 0.5 p0 2 8
1784 1907 m2 253352 0.00199013064 0.5 p0 2 1
1484 1908 m2 174804 -0.00170073181 0.5 p0 2 3
1665 1909 m2 259753 0.000434096524 0.5 p0 2 3
1222 1918 m2 872771 -0.015654033 0.5 p0 2 3
967 1919 m2 398657 -0.000210681872 0.5 p0 2 1
969 1920 m2 568760 0.00939856283 0.5 p0 2 1
1864 1923 m2 793313 0.00200942159 0.5 p0 2 1
1744 1932 m2 883928 0.033663705 0.5 p0 2 3
1688 1933 m2 856567 -0.0126171634 0.5 p0 2 2
1924 1934 m2 15804 0.00193018035 0.5 p0 2 2
1686 1935 m2 861653 3.66442805e-07 0.5 p0 2 1
1837 1945 m2 894846 0.117521212 0.5 p0 2 2
1482 1955 m2 348089 0.00346612651 0.5 p0 2 2
1940 1957 m2 967799 0.0255552381 0.5 p0 2 1
1469 1958 m2 201165 0.000735545414 0.5 p0 2 6
1790 1960 m2 852104 1.54849731e-05 0.5 p0 2 1
1810 1963 m2 950285 0.0531433485 0.5 p0 2 7
1918 1964 m2 426119 1.71250656e-06 0.5 p0 2 1
1906 1976 m2 630352 0.00559442071 0.5 p0 2 2
1449 1978 m2 117154 0.0115438979 0.5 p0 2 1
1451 1979 m2 910991 2.77824383e-05 0.5 p0 2 1
1746 1985 m2 513194 -0.000252570899 0.5 p0 2 1
1705 1988 m2 968210 1.5772006e-05 0.5 p0 2 4
1803 1989 m2 291006 -0.00551786227 0.5 p0 2 4
1870 1992 m2 490765 0.0521406978 0.5 p0 2 1
1800 1995 m2 483123 0.00853380002 0.5 p0 2 1
991 1996 m2 333178 0.000160334559 0.5 p0 2 5
1842 1997 m2 156452 -0.0271623153 0.5 p0 2 2
1552 1999 m2 405106 0.000103073267 0.5 p0 2 3
1549 2000 m2 198843 0.0246864483 0.5 p0 2 3
1700 2002 m2 803357 -0.008024971 0.5 p0 2 2
1755 2005 m2 924399 -0.0056696306 0.5 p0 2 1
1929 2007 m2 949628 0.00670554396 0.5 p0 2 1
1163 2008 m2 825964 0.017446395 0.5 p0 2 26
1887 2010 m2 685339 -0.0572022423 0.5 p0 2 1
1831 2016 m2 420057 -5.49165634e-06 0.5 p0 2 1
1786 2019 m2 442678 -0.0100992043 0.5 p0 2 4
1696 2021 m2 23233 -0.00729959505 0.5 p0 2 1
1747 2027 m2 291854 -0.000980183249 0.5 p0 2 5
1808 2028 m2 669108 -0.00042410384 0.5 p0 2 3
1809 2029 m2 673869 0.0204531867 0.5 p0 2 3
1712 2033 m2 729359 -0.0213336274 0.5 p0 2 11
1772 2036 m2 546359 -0.000297202263 0.5 p0 2 3
1851 2037 m2 877973 -0.0045124921 0.5 p0 2 2
1252 2039 m2 419995 -0.000996612944 0.5 p0 2 3
1630 2045 m2 340421 0.00411594613 0.5 p0 2 5
1841 2047 m2 437686 0.000448946987 0.5 p0 2 3
1824 2048 m2 797056 0.000113013921 0.5 p0 2 4
1740 2049 m2 123953 0.000257879437 0.5 p0 2 1
1361 2051 m2 287213 -0.0016365581 0.5 p0 2 5
1406 2055 m2 254621 -0.0111516668 0.5 p0 2 2
1576 2057 m2 985965 -1.63039058e-05 0.5 p0 2 1
1340 2064 m2 119072 0.0116509395 0.5 p0 2 7
1664 2067 m2 844985 0.0442027226 0.5 p0 2 3
1876 2069 m2 698966 -0.00619756291 0.5 p0 2 1
1565 2072 m2 938265 0.00105658069 0.5 p0 2 3
1518 2074 m2 282913 -0.000464108889 0.5 p0 2 3
1825 2079 m2 516146 -0.0186331198 0.5 p0 2 5
1658 2080 m2 228 0.00273350766 0.5 p0 2 2
1722 2082 m2 447178 0.0124708237 0.5 p0 2 2
1931 2089 m2 118105 -0.0545404591 0.5 p0 2 1
1902 2090 m2 245292 -0.0302582085 0.5 p0 2 2
1941 2092 m2 973317 2.38894918e-05 0.5 p0 2 1
1131 2102 m2 402021 1.56963813e-06 0.5 p0 2 5
1287 2109 m2 691999 0.00431222143 0.5 p0 2 2
1636 2111 m2 916933 0.00365079567 0.5 p0 2 3
1891 2121 m2 769594 0.00047790914 0.5 p0 2 2
1541 2122 m2 487581 -4.45690421e-06 0.5 p0 2 4
1596 2123 m2 564743 -8.27591248e-06 0.5 p0 2 4
1379 2124 m2 914807 0.00129110191 0.5 p0 2 5
1490 2127 m2 820050 -0.00996744633 0.5 p0 2 3
1897 2128 m2 317705 0.00538265053 0.5 p0 2 1
1123 2132 m2 664658 3.42290114e-05 0.5 p0 2 10
1627 2133 m2 301097 0.00968439039 0.5 p0 2 5
1789 2135 m2 661670 0.00513820956 0.5 p0 2 2
1638 2146 m2 561791 -1.09279208e-05 0.5 p0 2 2
1695 2151 m2 932211 -8.59920601e-06 0.5 p0 2 4
1525 2152 m2 254151 0.00278965686 0.5 p0 2 2
1682 2156 m2 860325 -0.00968889985 0.5 p0 2 2
1392 2160 m2 202647 -0.00498448592 0.5 p0 2 3
1879 2163 m2 383816 0.0189037044 0.5 p0 2 1
1611 2166 m2 520272 -0.000994106289 0.5 p0 2 10
1349 2167 m2 938848 -0.000705527375 0.5 p0 2 11
1504 2171 m1 5426 0 0.5 p-1 -47117 17
1424 2172 m1 6394 0 0.5 p-1 -66416 13
252 2173 m1 12218 -0 0.5 p-1 -3021132 858
1536 2175 m1 22390 -0 0.5 p-1 -37225 7
590 2176 m1 22884 0 0.5 p-1 -3177674 173
1398 2177 m1 27387 0 0.5 p-1 -1559998 44
1194 2178 m1 27917 -0 0.5 p-1 -10088 13
635 2181 m1 29741 -0 0.5 p-1 -989153 144
1473 2182 m1 30291 0 0.5 p-1 -272495 32
998 2183 m1 33805 -0 0.5 p-1 -7994 16
1466 2184 m1 34742 -0 0.5 p-1 -2906 5
370 2185 m1 37139 -0 0.5 p-1 -2574472 292
1387 2186 m1 37665 0 0.5 p-1 -18891 13
1537 2189 m1 43387 0 0.5 p-1 -4210 7
1393 2190 m1 44332 -0 0.5 p-1 -39353 20
1044 2191 m1 45048 0 0.5 p-1 -208634 29
1434 2192 m1 45648 -0 0.5 p-1 -6175 10
820 2193 m1 48108 -0 0.5 p-1 -1355369 94
254 2196 m1 51781 0 0.5 p-1 -5302435 1521
8 2197 m1 52169 0 0.5 p-1 -3553020 1753
1351 2198 m1 52972 0 0.5 p-1 -548991 27
12 2199 m1 54958 -0 0.5 p-1 -2185313 1688
13 2200 m1 56538 0 0.5 p-1 -7493462 1146
1448 2201 m1 59715 0 0.5 p-1 -59876 18
1195 2202 m1 61041 0 0.5 p-1 -1638 13
14 2203 m1 64635 0 0.5 p-1 -7226951 1818
823 2204 m1 68272 0 0.5 p-1 -294876 178
16 2206 m1 69517 0 0.5 p-1 -2688211 732
1882 2207 m1 71185 0 0.5 p-1 -11410 1
1926 2208 m1 71888 -0 0.5 p-1 -3907 1
591 2209 m1 73727 0 0.5 p-1 -909602 149
373 2210 m1 74026 0 0.5 p-1 -1302312 636
824 2211 m1 74722 0 0.5 p-1 -3012910 115
1512 2214 m1 79789 0 0.5 p-1 -1095 3
667 2215 m1 80256 -0 0.5 p-1 -299546 124
1032 2216 m1 80311 0 0.5 p-1 -241334 33
20 2217 m1 80403 0 0.5 p-1 -1344798 1444
1023 2219 m1 83985 -0 0.5 p-1 -567887 62
1063 2220 m1 85769 -0 0.5 p-1 -1521250 101
1198 2222 m1 87680 -0 0.5 p-1 -8377 5
593 2223 m1 89760 0 0.5 p-1 -259634 157
1257 2224 m1 95449 0 0.5 p-1 -10111 4
1300 2225 m1 95840 0 0.5 p-1 -17096 8
1174 2226 m1 97116 -0 0.5 p-1 -5356 20
260 2227 m1 99412 0 0.5 p-1 -892093 794
1880 2228 m1 103293 0 0.5 p-1 -433662 1
892 2229 m1 104212 0 0.5 p-1 -602738 257
841 2230 m1 107660 0 0.5 p-1 -30847 14
1787 2231 m1 109551 0 0.5 p-1 -11293 4
528 2232 m1 113164 -0 0.5 p-1 -8637213 1299
695 2233 m1 116133 -0 0.5 p-1 -6747773 412
696 2234 m1 116135 0 0.5 p-1 -4437521 478
262 2235 m1 117816 -0 0.5 p-1 -425350 334
263 2237 m1 118990 -0 0.5 p-1 -761147 401
1691 2238 m1 120087 0 0.5 p-1 -13534 2
25 2239 m1 120510 0 0.5 p-1 -1667753 182
465 2241 m1 125548 -0 0.5 p-1 -1346036 452
1653 2243 m1 127508 0 0.5 p-1 -4224 4
376 2245 m1 129730 -0 0.5 p-1 -5970547 1203
29 2248 m1 138524 -0 0.5 p-1 -718330 716
1390 2249 m1 141335 -0 0.5 p-1 -57279 7
843 2253 m1 154934 -0 0.5 p-1 -1466 10
267 2254 m1 157127 -0 0.5 p-1 -510193 303
34 2255 m1 157958 -0 0.5 p-1 -3572694 1598
1785 2256 m1 158028 0 0.5 p-1 -1471 3
468 2257 m1 160099 -0 0.5 p-1 -890376 240
1013 2259 m1 162733 -0 0.5 p-1 -272732 148
377 2260 m1 166682 -0 0.5 p-1 -8399950 959
917 2262 m1 168312 -0 0.5 p-1 -618169 208
639 2263 m1 170584 0 0.5 p-1 -412801 167
469 2264 m1 171898 -0 0.5 p-1 -8338576 370
1212 2266 m1 175979 0 0.5 p-1 -19218 12
39 2268 m1 182078 0 0.5 p-1 -1935609 1803
1629 2269 m1 184061 0 0.5 p-1 -3539195 13
1213 2270 m1 184807 -0 0.5 p-1 -1790615 23
471 2271 m1 185857 -0 0.5 p-1 -140413 57
702 2272 m1 190306 -0 0.5 p-1 -572607 306
766 2274 m1 194099 -0 0.5 p-1 -1146661 438
905 2278 m1 198723 0 0.5 p-1 -515678 70
270 2279 m1 200867 -0 0.5 p-1 -2400257 493
1223 2280 m1 202348 -0 0.5 p-1 -24522 19
730 2281 m1 204794 0 0.5 p-1 -30074 21
1843 2282 m1 207727 -0 0.5 p-1 -3251 2
1436 2283 m1 208591 -0 0.5 p-1 -47260 33
378 2285 m1 214359 0 0.5 p-1 -8861662 1048
981 2286 m1 214962 -0 0.5 p-1 -198737 270
1006 2287 m1 216497 -0 0.5 p-1 -612408 78
379 2288 m1 218259 0 0.5 p-1 -8586814 483
943 2290 m1 222435 -0 0.5 p-1 -2170237 110
380 2291 m1 227286 0 0.5 p-1 -16469044 1114
535 2292 m1 228265 -0 0.5 p-1 -10870443 434
1404 2293 m1 229976 -0 0.5 p-1 -16362 12
382 2294 m1 231781 -0 0.5 p-1 -3364097 1095
1846 2295 m1 233148 -0 0.5 p-1 -6397 1
536 2296 m1 234539 -0 0.5 p-1 -5307700 799
1795 2297 m1 236683 -0 0.5 p-1 -216098 3
990 2298 m1 236906 -0 0.5 p-1 -106354 64
1150 2299 m1 237095 0 0.5 p-1 -69283 36
278 2300 m1 241042 0 0.5 p-1 -2094725 1482
862 2301 m1 242235 -0 0.5 p-1 -834638 90
1446 2302 m1 243842 -0 0.5 p-1 -26152 23
930 2303 m1 248296 -0 0.5 p-1 -104593 180
62 2304 m1 248632 -0 0.5 p-1 -1535976 1166
1353 2305 m1 248834 -0 0.5 p-1 -75141 2
63 2307 m1 251318 0 0.5 p-1 -4776016 1734
386 2309 m1 258435 -0 0.5 p-1 -680129 394
1137 2310 m1 258750 -0 0.5 p-1 -168545 12
1371 2311 m1 259471 0 0.5 p-1 -575725 12
281 2312 m1 260294 0 0.5 p-1 -713206 418
959 2313 m1 261169 -0 0.5 p-1 -1591660 59
1470 2314 m1 262331 0 0.5 p-1 -628 5
537 2315 m1 263126 0 0.5 p-1 -3329425 279
642 2316 m1 265954 0 0.5 p-1 -357330 141
389 2317 m1 266337 -0 0.5 p-1 -1359203 694
1502 2318 m1 266697 -0 0.5 p-1 -195145 18
1312 2320 m1 273351 0 0.5 p-1 -161707 39
1551 2322 m1 275991 0 0.5 p-1 -3110755 12
1839 2323 m1 276265 -0 0.5 p-1 -15916 2
802 2325 m1 277354 0 0.5 p-1 -1010443 178
1145 2326 m1 278709 -0 0.5 p-1 -38493 21
72 2327 m1 281050 0 0.5 p-1 -3035829 1981
475 2328 m1 285411 0 0.5 p-1 -583841 225
1515 2330 m1 286075 -0 0.5 p-1 -19303 9
1497 2331 m1 299038 0 0.5 p-1 -1034 13
79 2332 m1 299782 0 0.5 p-1 -1082071 439
1592 2333 m1 300628 0 0.5 p-1 -28712 13
1886 2334 m1 301199 0 0.5 p-1 -3245 1
1084 2335 m1 301878 0 0.5 p-1 -207823 127
282 2336 m1 302029 -0 0.5 p-1 -1463822 1303
1655 2337 m1 303297 -0 0.5 p-1 -41781 12
81 2338 m1 303446 0 0.5 p-1 -4590361 577
1444 2339 m1 311303 0 0.5 p-1 -144999 10
392 2340 m1 314496 0 0.5 p-1 -1471471 154
1334 2341 m1 314637 0 0.5 p-1 -19204 4
1503 2342 m1 315390 0 0.5 p-1 -362012 32
1840 2344 m1 317242 -0 0.5 p-1 -1334 2
83 2345 m1 318505 0 0.5 p-1 -3278674 1721
1307 2346 m1 318688 -0 0.5 p-1 -26502 20
1899 2348 m1 324473 -0 0.5 p-1 -3106 1
674 2349 m1 325043 0 0.5 p-1 -697027 704
394 2350 m1 325353 -0 0.5 p-1 -257974 149
1056 2352 m1 327086 -0 0.5 p-1 -1661875 202
1893 2357 m1 329616 -0 0.5 p-1 -14652 1
396 2358 m1 329680 -0 0.5 p-1 -327324 467
397 2359 m1 331044 -0 0.5 p-1 -35983 24
480 2360 m1 331646 -0 0.5 p-1 -442803 62
1689 2361 m1 332102 -0 0.5 p-1 -4773 5
1156 2363 m1 333142 0 0.5 p-1 -68406 12
286 2364 m1 333437 0 0.5 p-1 -2729161 1373
1894 2365 m1 333748 0 0.5 p-1 -189779 1
992 2366 m1 337501 -0 0.5 p-1 -1821871 71
1538 2368 m1 341206 0 0.5 p-1 -12811 1
1328 2369 m1 343324 -0 0.5 p-1 -28434 2
1438 2370 m1 344476 -0 0.5 p-1 -63119 14
90 2371 m1 344489 0 0.5 p-1 -3806516 1238
287 2372 m1 345446 0 0.5 p-1 -775213 751
403 2374 m1 352437 0 0.5 p-1 -541043 286
481 2376 m1 353922 0 0.5 p-1 -1773607 509
1459 2377 m1 354023 0 0.5 p-1 -234607 10
542 2378 m1 356043 -0 0.5 p-1 -582177 85
1099 2380 m1 367662 0 0.5 p-1 -4083084 53
1317 2381 m1 372671 0 0.5 p-1 -20456 10
100 2382 m1 373344 -0 0.5 p-1 -1496622 726
1709 2383 m1 374960 -0 0.5 p-1 -144279 5
1347 2384 m1 378018 0 0.5 p-1 -54761 6
104 2385 m1 380338 -0 0.5 p-1 -2124745 1551
1833 2386 m1 382261 -0 0.5 p-1 -11619 4
484 2387 m1 384891 0 0.5 p-1 -344069 121
1481 2388 m1 385636 0 0.5 p-1 -30147 1
406 2389 m1 387163 -0 0.5 p-1 -1007364 132
1419 2391 m1 391484 0 0.5 p-1 -26299 12
107 2392 m1 392402 -0 0.5 p-1 -6771702 1622
1633 2393 m1 392861 0 0.5 p-1 -20786 11
545 2395 m1 394074 0 0.5 p-1 -19378 24
108 2396 m1 396218 0 0.5 p-1 -5337331 815
733 2397 m1 396666 -0 0.5 p-1 -1642383 296
110 2400 m1 397111 -0 0.5 p-1 -3957379 845
546 2401 m1 398326 -0 0.5 p-1 -204257 149
112 2402 m1 398385 0 0.5 p-1 -10526723 388
705 2403 m1 399262 0 0.5 p-1 -1150455 403
408 2405 m1 400742 0 0.5 p-1 -1300917 79
735 2407 m1 407990 0 0.5 p-1 -607158 645
115 2408 m1 408974 -0 0.5 p-1 -6014776 1484
1215 2410 m1 411587 0 0.5 p-1 -12080 1
1160 2411 m1 412194 0 0.5 p-1 -1527071 11
774 2412 m1 412356 0 0.5 p-1 -142778 95
119 2414 m1 416025 0 0.5 p-1 -3427181 1955
1352 2415 m1 416220 0 0.5 p-1 -79855 21
600 2416 m1 419549 0 0.5 p-1 -551681 151
1580 2418 m1 433087 0 0.5 p-1 -35251 4
126 2419 m1 436937 0 0.5 p-1 -1420846 578
127 2420 m1 438053 -0 0.5 p-1 -1508226 201
883 2421 m1 438512 0 0.5 p-1 -190946 71
409 2422 m1 438924 0 0.5 p-1 -914190 180
866 2423 m1 439854 0 0.5 p-1 -180787 95
1715 2424 m1 442710 0 0.5 p-1 -3618 5
895 2425 m1 445497 0 0.5 p-1 -820497 131
1847 2426 m1 446097 -0 0.5 p-1 -38441 5
1138 2427 m1 446525 -0 0.5 p-1 -252106 43
128 2428 m1 449445 0 0.5 p-1 -2279360 906
129 2429 m1 450993 -0 0.5 p-1 -6986895 1694
1616 2430 m1 451041 0 0.5 p-1 -13621 1
645 2431 m1 453417 -0 0.5 p-1 -371893 270
675 2432 m1 456881 0 0.5 p-1 -940476 118
896 2433 m1 462380 0 0.5 p-1 -20972 5
130 2434 m1 463463 0 0.5 p-1 -2718255 1572
791 2436 m1 472430 -0 0.5 p-1 -499402 477
1895 2437 m1 473293 -0 0.5 p-1 -6264 1
602 2439 m1 477481 0 0.5 p-1 -160066 66
134 2440 m1 481477 -0 0.5 p-1 -885357 350
1869 2441 m1 481593 0 0.5 p-1 -1670 1
299 2443 m1 485722 0 0.5 p-1 -1237973 726
135 2445 m1 493216 -0 0.5 p-1 -2997307 1121
549 2446 m1 493894 -0 0.5 p-1 -728781 689
136 2447 m1 497559 0 0.5 p-1 -7202361 1270
138 2450 m1 503372 0 0.5 p-1 -42446 25
1276 2451 m1 503835 -0 0.5 p-1 -5055 6
302 2452 m1 504155 -0 0.5 p-1 -3703888 1112
911 2453 m1 508898 -0 0.5 p-1 -726280 55
867 2454 m1 510140 0 0.5 p-1 -89124 43
1430 2456 m1 514487 -0 0.5 p-1 -344847 33
1782 2457 m1 516752 -0 0.5 p-1 -1431 1
141 2458 m1 517274 0 0.5 p-1 -1931818 691
554 2459 m1 517704 0 0.5 p-1 -1297262 150
306 2460 m1 521342 0 0.5 p-1 -745024 837
1723 2461 m1 524174 -0 0.5 p-1 -10361 4
1762 2462 m1 524920 -0 0.5 p-1 -5137 2
1913 2466 m1 533701 0 0.5 p-1 -2744 1
493 2468 m1 540959 0 0.5 p-1 -1617898 578
776 2470 m1 545936 -0 0.5 p-1 -217827 101
712 2471 m1 549593 0 0.5 p-1 -395395 8
946 2472 m1 551483 0 0.5 p-1 -522904 92
312 2473 m1 551580 -0 0.5 p-1 -496742 597
313 2474 m1 551775 -0 0.5 p-1 -238774 14
314 2475 m1 553485 -0 0.5 p-1 -150273 44
1303 2476 m1 553890 0 0.5 p-1 -138081 37
1737 2478 m1 554284 0 0.5 p-1 -17170 3
650 2479 m1 556125 -0 0.5 p-1 -3443988 1398
739 2482 m1 557014 -0 0.5 p-1 -468644 241
557 2484 m1 557431 -0 0.5 p-1 -1170234 82
1324 2485 m1 557723 -0 0.5 p-1 -76914 16
558 2486 m1 558521 0 0.5 p-1 -2576649 435
150 2487 m1 562629 0 0.5 p-1 -5406258 1805
1308 2488 m1 563797 -0 0.5 p-1 -24850 8
1811 2489 m1 564382 -0 0.5 p-1 -685754 3
420 2490 m1 564584 0 0.5 p-1 -7086910 1062
1751 2493 m1 570806 0 0.5 p-1 -24504 4
151 2494 m1 571712 0 0.5 p-1 -3202585 576
996 2495 m1 572297 0 0.5 p-1 -7210 9
751 2496 m1 573388 0 0.5 p-1 -515358 95
421 2497 m1 574419 0 0.5 p-1 -687210 384
318 2500 m1 585171 -0 0.5 p-1 -93207 44
1231 2501 m1 585458 0 0.5 p-1 -66684 18
740 2502 m1 586540 -0 0.5 p-1 -134969 58
1764 2503 m1 589027 0 0.5 p-1 -69963 7
1806 2504 m1 589081 -0 0.5 p-1 -149061 3
1026 2505 m1 594080 0 0.5 p-1 -526007 85
321 2507 m1 594655 0 0.5 p-1 -10528118 1313
997 2512 m1 602522 -0 0.5 p-1 -28403 9
886 2513 m1 603577 -0 0.5 p-1 -6637 12
157 2514 m1 608719 0 0.5 p-1 -2262413 895
158 2515 m1 609048 -0 0.5 p-1 -9558172 931
983 2516 m1 609973 0 0.5 p-1 -1198665 96
1089 2517 m1 611461 0 0.5 p-1 -644574 78
497 2518 m1 613570 -0 0.5 p-1 -4635292 816
1278 2521 m1 618870 -0 0.5 p-1 -1975868 18
424 2522 m1 619296 0 0.5 p-1 -8705933 527
160 2523 m1 619557 -0 0.5 p-1 -2042939 1598
1279 2524 m1 620150 0 0.5 p-1 -989042 14
1736 2525 m1 620523 0 0.5 p-1 -6501 4
562 2527 m1 621114 0 0.5 p-1 -279791 229
1070 2528 m1 623274 -0 0.5 p-1 -72766 23
1862 2532 m1 627919 0 0.5 p-1 -103144 1
162 2533 m1 628654 -0 0.5 p-1 -4161915 1714
165 2535 m1 631007 -0 0.5 p-1 -4159790 1699
1048 2536 m1 631133 0 0.5 p-1 -811972 164
563 2537 m1 632409 -0 0.5 p-1 -464718 446
327 2538 m1 634126 0 0.5 p-1 -2052249 1319
1491 2540 m1 638321 -0 0.5 p-1 -416522 4
168 2541 m1 642361 -0 0.5 p-1 -1616921 296
329 2542 m1 643784 0 0.5 p-1 -4880301 1148
888 2543 m1 644726 -0 0.5 p-1 -297866 75
1105 2544 m1 645375 -0 0.5 p-1 -163198 75
169 2545 m1 650278 0 0.5 p-1 -3473648 1374
1152 2546 m1 651749 -0 0.5 p-1 -1084876 151
171 2548 m1 653312 0 0.5 p-1 -3199367 927
173 2551 m1 659519 -0 0.5 p-1 -351611 100
655 2553 m1 662942 0 0.5 p-1 -1009731 624
923 2554 m1 664253 0 0.5 p-1 -377127 75
1462 2555 m1 664538 0 0.5 p-1 -44674 7
1590 2556 m1 664580 -0 0.5 p-1 -302509 7
1716 2557 m1 665990 0 0.5 p-1 -8156 1
1651 2559 m1 667540 0 0.5 p-1 -199962 13
1574 2562 m1 676747 0 0.5 p-1 -23052 13
1166 2564 m1 681919 0 0.5 p-1 -44434 55
178 2565 m1 682993 -0 0.5 p-1 -4986412 1714
811 2566 m1 686744 -0 0.5 p-1 -689018 115
1721 2571 m1 690569 -0 0.5 p-1 -859 2
1646 2573 m1 692005 0 0.5 p-1 -4931 1
1735 2576 m1 697836 -0 0.5 p-1 -50915 5
1348 2577 m1 698186 -0 0.5 p-1 -15311 11
611 2578 m1 698590 0 0.5 p-1 -1797932 609
1161 2579 m1 700564 0 0.5 p-1 -942869 14
502 2581 m1 701725 -0 0.5 p-1 -1108097 357
566 2582 m1 704337 -0 0.5 p-1 -1501620 76
900 2583 m1 705534 -0 0.5 p-1 -133846 62
567 2585 m1 706416 0 0.5 p-1 -378246 70
682 2586 m1 707244 -0 0.5 p-1 -725109 284
1326 2587 m1 707285 0 0.5 p-1 -451116 83
683 2588 m1 707617 -0 0.5 p-1 -1776867 439
1217 2590 m1 710822 0 0.5 p-1 -140408 74
1402 2591 m1 711724 0 0.5 p-1 -79929 24
973 2592 m1 712957 -0 0.5 p-1 -117380 53
1797 2594 m1 714678 0 0.5 p-1 -10620 5
685 2597 m1 721339 0 0.5 p-1 -552828 297
187 2598 m1 722612 0 0.5 p-1 -3191501 1424
1544 2599 m1 728858 0 0.5 p-1 -377524 20
1817 2601 m1 730182 0 0.5 p-1 -22242 1
1106 2602 m1 731365 -0 0.5 p-1 -163572 46
613 2603 m1 731693 -0 0.5 p-1 -5937785 387
812 2604 m1 734514 -0 0.5 p-1 -2727270 396
1527 2606 m1 736969 -0 0.5 p-1 -196866 4
938 2607 m1 737123 0 0.5 p-1 -127976 75
1203 2609 m1 741393 -0 0.5 p-1 -1663 5
783 2610 m1 743686 0 0.5 p-1 -670595 198
974 2613 m1 748325 -0 0.5 p-1 -6489073 168
1873 2615 m1 752168 -0 0.5 p-1 -29675 2
754 2616 m1 752846 -0 0.5 p-1 -1610930 353
1720 2617 m1 752904 -0 0.5 p-1 -15458 2
975 2619 m1 755761 -0 0.5 p-1 -439690 2
432 2620 m1 756179 0 0.5 p-1 -853537 370
858 2621 m1 757127 0 0.5 p-1 -5551349 78
913 2623 m1 757996 -0 0.5 p-1 -200247 36
1699 2624 m1 758098 -0 0.5 p-1 -11185 3
870 2625 m1 759890 -0 0.5 p-1 -932799 103
196 2626 m1 760841 0 0.5 p-1 -4879467 498
1738 2627 m1 764435 -0 0.5 p-1 -33072 9
914 2630 m1 770133 -0 0.5 p-1 -311850 88
570 2631 m1 770706 -0 0.5 p-1 -5435857 278
571 2632 m1 771073 0 0.5 p-1 -588644 191
615 2633 m1 771150 0 0.5 p-1 -351247 233
1383 2634 m1 772082 0 0.5 p-1 -41474 5
346 2636 m1 778798 0 0.5 p-1 -2440962 1106
508 2637 m1 779303 0 0.5 p-1 -1256559 326
985 2639 m1 780361 0 0.5 p-1 -148906 67
1635 2640 m1 780744 0 0.5 p-1 -69173 12
1310 2641 m1 784501 0 0.5 p-1 -686643 28
1850 2642 m1 784519 0 0.5 p-1 -11918 1
784 2647 m1 794844 -0 0.5 p-1 -436019 283
1545 2649 m1 800276 0 0.5 p-1 -32143 3
1288 2650 m1 801047 -0 0.5 p-1 -3553 4
1898 2651 m1 802054 0 0.5 p-1 -101361 1
203 2654 m1 805552 0 0.5 p-1 -424828 66
620 2655 m1 809049 0 0.5 p-1 -35505 35
976 2656 m1 813483 -0 0.5 p-1 -15456 2
205 2657 m1 814594 0 0.5 p-1 -2519652 1683
622 2659 m1 815773 0 0.5 p-1 -820518 379
1291 2660 m1 816762 -0 0.5 p-1 -373599 59
1384 2661 m1 819994 0 0.5 p-1 -18538 4
1411 2662 m1 820292 0 0.5 p-1 -1375 8
1241 2663 m1 821160 -0 0.5 p-1 -1593718 68
439 2664 m1 823300 -0 0.5 p-1 -140357 116
1325 2665 m1 823895 -0 0.5 p-1 -208172 69
207 2666 m1 825927 0 0.5 p-1 -3034506 1424
350 2668 m1 827151 0 0.5 p-1 -9331283 1318
690 2669 m1 827996 -0 0.5 p-1 -269200 213
511 2671 m1 831713 -0 0.5 p-1 -537220 370
1184 2672 m1 834044 -0 0.5 p-1 -31739 39
1488 2673 m1 834366 -0 0.5 p-1 -46758 10
814 2674 m1 840553 0 0.5 p-1 -283224 300
875 2675 m1 840674 -0 0.5 p-1 -1658831 100
1167 2676 m1 840973 0 0.5 p-1 -6292 5
211 2677 m1 846286 -0 0.5 p-1 -2702658 1602
660 2680 m1 851548 0 0.5 p-1 -4334754 521
354 2681 m1 852314 -0 0.5 p-1 -1961259 1089
577 2682 m1 854346 -0 0.5 p-1 -190826 32
724 2683 m1 858277 -0 0.5 p-1 -150980 57
691 2685 m1 860651 0 0.5 p-1 -3539226 609
1162 2686 m1 862871 -0 0.5 p-1 -254090 21
1239 2687 m1 865866 0 0.5 p-1 -30791 33
441 2688 m1 866501 -0 0.5 p-1 -446075 169
579 2690 m1 871789 0 0.5 p-1 -2537950 47
756 2691 m1 873924 -0 0.5 p-1 -3541599 298
514 2692 m1 874206 -0 0.5 p-1 -850987 548
1450 2693 m1 875521 0 0.5 p-1 -25514 12
1463 2694 m1 875955 0 0.5 p-1 -31338 11
355 2695 m1 879555 -0 0.5 p-1 -7395753 1483
1456 2696 m1 880279 0 0.5 p-1 -20140 5
1350 2697 m1 880775 -0 0.5 p-1 -2039906 24
839 2698 m1 884872 0 0.5 p-1 -27570 30
1916 2699 m1 889879 0 0.5 p-1 -58 2
795 2700 m1 890117 0 0.5 p-1 -7598 8
1464 2703 m1 896358 -0 0.5 p-1 -214337 13
447 2704 m1 896704 0 0.5 p-1 -485143 388
1418 2705 m1 896800 0 0.5 p-1 -74130 7
1903 2706 m1 897177 -0 0.5 p-1 -19153 1
1563 2707 m1 898825 0 0.5 p-1 -40213 3
226 2709 m1 900232 -0 0.5 p-1 -3283384 1717
1168 2711 m1 902919 0 0.5 p-1 -50084 35
1010 2716 m1 911066 0 0.5 p-1 -167293 75
1915 2717 m1 912416 0 0.5 p-1 -32845 1
450 2718 m1 914153 -0 0.5 p-1 -1835166 541
1586 2719 m1 917844 0 0.5 p-1 -7591 6
627 2722 m1 920786 -0 0.5 p-1 -345315 79
1907 2724 m1 921899 -0 0.5 p-1 -144140 1
584 2725 m1 923391 0 0.5 p-1 -6145517 532
358 2726 m1 923516 0 0.5 p-1 -10790003 1433
1849 2731 m1 939165 0 0.5 p-1 -8057 1
237 2732 m1 939309 0 0.5 p-1 -2870630 1959
628 2733 m1 939781 0 0.5 p-1 -577633 380
1844 2734 m1 942235 -0 0.5 p-1 -27310 1
1330 2735 m1 945408 0 0.5 p-1 -28508 1
1011 2736 m1 945578 -0 0.5 p-1 -49258 19
1234 2737 m1 947663 0 0.5 p-1 -34356 8
365 2738 m1 953161 0 0.5 p-1 -4209424 1656
1091 2739 m1 953376 -0 0.5 p-1 -57473 49
516 2740 m1 954987 0 0.5 p-1 -1352320 711
1433 2741 m1 955479 -0 0.5 p-1 -54019 11
940 2743 m1 961169 0 0.5 p-1 -121629 35
241 2744 m1 963078 0 0.5 p-1 -2662412 1615
517 2745 m1 963327 0 0.5 p-1 -1054520 538
518 2746 m1 965933 -0 0.5 p-1 -499930 66
631 2747 m1 968796 -0 0.5 p-1 -277250 78
242 2748 m1 970706 0 0.5 p-1 -3603911 1555
1021 2749 m1 971447 0 0.5 p-1 -315145 21
1344 2750 m1 972074 -0 0.5 p-1 -34868 19
1493 2751 m1 973653 -0 0.5 p-1 -72000 7
903 2752 m1 973724 0 0.5 p-1 -137402 42
245 2754 m1 980451 0 0.5 p-1 -1259366 760
246 2755 m1 982329 -0 0.5 p-1 -6585901 1247
633 2757 m1 991028 -0 0.5 p-1 -945126 444
457 2758 m1 994329 0 0.5 p-1 -205776 190
1657 2759 m1 994415 0 0.5 p-1 -7080 7
757 2760 m1 995702 0 0.5 p-1 -87733 9
