Temp_ID Permanent_ID Mutation_type Position s h Subpop Tick Number
1107 1 m2 772 -7.7467148e-06 0.5 p-1 -445177 6
178 2 m2 1484 -1.20553586e-05 0.5 p-1 -2311107 420
920 3 m2 2357 -0.0111259846 0.5 p-1 -46771 14
874 4 m2 3095 0.000533503946 0.5 p-1 -345586 35
423 5 m2 4380 0.000189024373 0.5 p-1 -654141 149
872 6 m2 4881 -1.08820304e-05 0.5 p-1 -3384 11
1077 8 m2 4923 4.65815792e-05 0.5 p-1 -231 1
258 10 m2 7001 -0.0110744331 0.5 p-1 -777589 102
424 14 m2 12015 0.000503490737 0.5 p-1 -3654578 122
315 15 m2 12956 -0.0203038435 0.5 p-1 -3998003 339
179 16 m2 15606 -0.00724051194 0.5 p-1 -2002313 183
1068 17 m2 15855 7.30182437e-05 0.5 p-1 -1440 2
1 18 m2 17102 -0.0061359047 0.5 p-1 -3221358 1930
2 19 m2 17940 0.00271308329 0.5 p-1 -5696299 1693
983 20 m2 19632 0.000191055908 0.5 p-1 -8095 8
394 22 m2 22112 -0.000666663167 0.5 p-1 -1320356 124
181 24 m2 24178 0.00175224186 0.5 p-1 -4515612 167
485 25 m2 24697 -1.48152376e-05 0.5 p-1 -387192 223
1195 26 m2 24784 0.00457474403 0.5 p-1 -6573 1
3 27 m2 25125 -0.00188633834 0.5 p-1 -2983399 641
4 28 m2 26413 -3.94048402e-06 0.5 p-1 -5031333 1351
182 29 m2 26519 0.00260640588 0.5 p-1 -2548174 906
879 30 m2 26821 -0.000324943656 0.5 p-1 -441793 39
259 31 m2 27293 -4.55842866e-08 0.5 p-1 -805465 302
260 33 m2 29941 -0.00120196724 0.5 p-1 -985214 500
183 34 m2 30670 0.00750271836 0.5 p-1 -2531981 1224
1005 36 m2 32054 -0.0729231536 0.5 p-1 -64844 16
661 38 m2 32245 0.0046775043 0.5 p-1 -689132 102
486 39 m2 32798 0.00014298434 0.5 p-1 -533076 261
261 41 m2 33876 -6.31659059e-05 0.5 p-1 -3710483 1286
1057 42 m2 34201 -0.0159892924 0.5 p-1 -2779 2
624 43 m2 34781 9.30365786e-05 0.5 p-1 -608285 236
5 44 m2 35180 -0.000325804722 0.5 p-1 -4592401 1783
635 45 m2 36353 -0.00317734177 0.5 p-1 -565647 72
1047 46 m2 37396 0.00603621081 0.5 p-1 -23907 10
1084 47 m2 37486 -0.0102356691 0.5 p-1 -8520 6
819 48 m2 37774 -0.0226233602 0.5 p-1 -6006688 9
6 49 m2 38087 -1.72284435e-05 0.5 p-1 -3922227 968
869 50 m2 38116 -0.00603380753 0.5 p-1 -103340 38
518 51 m2 39298 4.65343219e-05 0.5 p-1 -26235 26
448 53 m2 41140 0.00522240717 0.5 p-1 -1623906 862
355 54 m2 42713 0.0113057932 0.5 p-1 -1212945 96
356 55 m2 42923 -5.54731996e-05 0.5 p-1 -1804695 129
576 56 m2 43968 -0.000300083717 0.5 p-1 -1808512 414
7 57 m2 44590 0.0209707301 0.5 p-1 -947402 356
612 59 m2 46482 0.00478648255 0.5 p-1 -15054 5
509 60 m2 48967 0.00303107756 0.5 p-1 -983804 184
1179 61 m2 49541 2.38685643e-05 0.5 p-1 -3764 2
519 62 m2 52329 -0.0238192026 0.5 p-1 -61292 34
779 63 m2 53279 -0.0306479409 0.5 p-1 -70765 28
755 64 m2 54111 0.0825588331 0.5 p-1 -265637 56
756 67 m2 55337 9.3002127e-05 0.5 p-1 -62344 55
551 68 m2 55375 -5.60741569e-07 0.5 p-1 -477705 117
8 69 m2 55667 0.00588175142 0.5 p-1 -5023651 1144
510 70 m2 55927 0.00148242642 0.5 p-1 -10687492 698
1009 71 m2 56003 0.00247614621 0.5 p-1 -49909 3
9 72 m2 56624 0.00668496825 0.5 p-1 -3695405 319
262 73 m2 60684 -0.00478447648 0.5 p-1 -2088124 1048
263 74 m2 60770 0.026847234 0.5 p-1 -307842 431
912 75 m2 60912 -2.08508524e-07 0.5 p-1 -12950 18
487 79 m2 64907 -0.0106155826 0.5 p-1 -178363 59
10 80 m2 65040 0.0409361832 0.5 p-1 -1308509 11
881 82 m2 65665 0.000179095368 0.5 p-1 -177321 11
11 83 m2 66605 -0.0163997989 0.5 p-1 -4193209 1037
944 84 m2 66902 -0.0433722287 0.5 p-1 -67889 5
669 85 m2 67016 -3.06622496e-05 0.5 p-1 -469682 46
426 86 m2 67894 2.48476852e-07 0.5 p-1 -2322503 362
187 89 m2 70550 -4.65866433e-05 0.5 p-1 -3255215 1244
651 90 m2 71778 -0.000951366092 0.5 p-1 -228438 61
1097 91 m2 73143 0.00493173534 0.5 p-1 -12996 6
1154 93 m2 73937 0.000571473269 0.5 p-1 -101488 2
427 94 m2 74900 0.0296822805 0.5 p-1 -2652259 586
1135 95 m2 75367 -3.05723347e-07 0.5 p-1 -11326 1
805 96 m2 77431 0.000293612247 0.5 p-1 -169831 113
652 97 m2 77630 0.000742910546 0.5 p-1 -132239 45
357 98 m2 77964 -0.0169346742 0.5 p-1 -2394577 952
714 99 m2 78554 -6.49815847e-05 0.5 p-1 -1993 20
12 100 m2 79758 0.00319407531 0.5 p-1 -5310731 1017
428 101 m2 79784 0.000249051605 0.5 p-1 -1200300 212
670 102 m2 80328 -0.000150429347 0.5 p-1 -874860 270
264 103 m2 80354 -0.0102473721 0.5 p-1 -1873737 1376
817 105 m2 81669 0.0290090125 0.5 p-1 -483647 36
594 106 m2 82490 -1.81726534e-07 0.5 p-1 -193654 66
1039 107 m2 84077 0.0079731103 0.5 p-1 -25524 9
552 108 m2 85239 -0.004544002 0.5 p-1 -273352 25
681 109 m2 85627 -0.0235602316 0.5 p-1 -39106 65
359 112 m2 86788 -0.00924008153 0.5 p-1 -116873 51
764 113 m2 87018 -0.000325900182 0.5 p-1 -103008 86
606 114 m2 87361 0.000858906365 0.5 p-1 -207502 98
1167 116 m2 89429 -0.000467867882 0.5 p-1 -51762 3
577 117 m2 89498 0.00655185711 0.5 p-1 -663728 120
1092 118 m2 89545 0.000157966773 0.5 p-1 -2840 6
1086 119 m2 90873 0.00475767814 0.5 p-1 -21915 4
922 120 m2 91429 0.00287381117 0.5 p-1 -121963 9
13 121 m2 91692 -0.0283114314 0.5 p-1 -266297 243
188 122 m2 91708 -0.00131396519 0.5 p-1 -2677243 1200
956 123 m2 92383 1.45337754e-06 0.5 p-1 -517637 23
1069 125 m2 96180 0.119516596 0.5 p-1 -87 4
625 126 m2 97889 -0.010175244 0.5 p-1 -459463 44
747 128 m2 101148 -0.0356260315 0.5 p-1 -170664 82
14 129 m2 101242 2.03814288e-05 0.5 p-1 -610329 573
15 130 m2 103261 -0.0114194378 0.5 p-1 -10814276 1723
1102 131 m2 104876 -0.000574402686 0.5 p-1 -17725 1
189 132 m2 105544 -2.52157279e-05 0.5 p-1 -751806 311
748 133 m2 105829 0.0020736251 0.5 p-1 -112353 60
734 135 m2 106992 -0.0155887632 0.5 p-1 -34719 27
1017 136 m2 107238 0.0505648926 0.5 p-1 -9199 4
360 137 m2 107415 0.00625192095 0.5 p-1 -5171576 579
469 138 m2 108115 -0.00133129489 0.5 p-1 -850543 1058
569 139 m2 108285 0.00172714796 0.5 p-1 -862605 44
449 140 m2 108323 2.25875016e-08 0.5 p-1 -437984 135
190 141 m2 110509 0.00721967779 0.5 p-1 -1395971 304
553 142 m2 112917 -0.00022042339 0.5 p-1 -367769 59
749 143 m2 115556 -0.000418322597 0.5 p-1 -334483 157
470 144 m2 116303 0.00240996201 0.5 p-1 -63292 53
676 145 m2 116361 -0.00443798164 0.5 p-1 -228768 13
1033 146 m2 117883 3.48286158e-05 0.5 p-1 -46590 8
677 147 m2 120403 0.00390940066 0.5 p-1 -5438711 201
773 149 m2 120906 -0.00457368745 0.5 p-1 -15009 23
450 151 m2 121725 0.00047218948 0.5 p-1 -66556 66
18 152 m2 121948 -0.00511168502 0.5 p-1 -2527095 1717
977 153 m2 122942 -0.000357563316 0.5 p-1 -38137 2
19 154 m2 123489 -0.00110910076 0.5 p-1 -3617 13
1006 156 m2 125439 -0.000615579658 0.5 p-1 -18687 3
891 158 m2 127889 -0.00422675814 0.5 p-1 -11549 23
20 159 m2 128113 0.00672736205 0.5 p-1 -2230789 562
865 160 m2 128393 -2.72327861e-06 0.5 p-1 -24242 5
554 161 m2 128644 0.00361317908 0.5 p-1 -512652 35
488 162 m2 129802 -0.00644071912 0.5 p-1 -2154344 57
708 163 m2 130087 -0.0261967368 0.5 p-1 -214939 43
885 164 m2 131152 0.00713677611 0.5 p-1 -25918 16
21 166 m2 132454 0.00452498812 0.5 p-1 -3746945 1744
795 167 m2 133472 -0.0663886517 0.5 p-1 -263928 12
489 168 m2 134683 5.97792568e-05 0.5 p-1 -292335 239
1056 169 m2 136921 -0.0706029162 0.5 p-1 -25973 8
1182 170 m2 139917 -0.00291560311 0.5 p-1 -2969 2
490 171 m2 140325 -8.45554155e-07 0.5 p-1 -4032919 83
931 172 m2 142505 -0.010474775 0.5 p-1 -40380 9
361 173 m2 142540 9.67036322e-05 0.5 p-1 -198153 49
750 176 m2 143689 -8.3312525e-06 0.5 p-1 -39878 40
317 177 m2 145846 -0.0331747308 0.5 p-1 -13453 17
451 178 m2 146507 0.00332686189 0.5 p-1 -2099586 214
23 179 m2 146750 0.0033662403 0.5 p-1 -4297976 1765
318 180 m2 146864 -0.00119110337 0.5 p-1 -480630 179
1199 181 m2 147018 -0.00141877891 0.5 p-1 -25135 1
538 182 m2 148077 2.56469775e-05 0.5 p-1 -449956 339
491 183 m2 149281 -0.0211049225 0.5 p-1 -2277622 351
24 185 m2 151170 5.3805602e-06 0.5 p-1 -8080561 540
1140 186 m2 152248 -0.000631077681 0.5 p-1 -70233 5
539 187 m2 153552 0.0031907924 0.5 p-1 -417834 108
840 188 m2 153788 0.000700850738 0.5 p-1 -2482258 16
319 189 m2 154069 -0.00324180583 0.5 p-1 -3859737 318
910 190 m2 154127 0.00206656056 0.5 p-1 -2140 2
25 191 m2 155224 -0.00248099561 0.5 p-1 -2694689 1789
192 192 m2 155842 -5.49316548e-09 0.5 p-1 -186398 90
1087 194 m2 156696 4.65532212e-05 0.5 p-1 -8939 1
362 196 m2 157956 1.17705649e-05 0.5 p-1 -41359 8
266 197 m2 159964 -0.00442522205 0.5 p-1 -37547 24
540 199 m2 161903 0.00058498315 0.5 p-1 -2841169 106
672 200 m2 162291 -0.00903345086 0.5 p-1 -517983 119
471 201 m2 163214 -3.05040658e-06 0.5 p-1 -381497 190
715 202 m2 164719 0.0254363623 0.5 p-1 -166360 24
193 203 m2 165081 0.00640555844 0.5 p-1 -11769279 737
194 204 m2 165399 0.0464957096 0.5 p-1 -11534497 949
267 205 m2 165873 0.000142403194 0.5 p-1 -742205 182
1212 206 m2 166749 0.000152018445 0.5 p-1 -12797 1
595 207 m2 167118 0.0444219895 0.5 p-1 -1599447 247
26 208 m2 171808 0.00129395048 0.5 p-1 -162686 315
1078 209 m2 171966 0.00548781315 0.5 p-1 -29866 4
698 210 m2 173552 -5.4353055e-05 0.5 p-1 -153319 83
1196 212 m2 176169 -0.00132651359 0.5 p-1 -27745 1
195 213 m2 176526 -0.00332079781 0.5 p-1 -3424356 1469
820 214 m2 176828 0.00907082111 0.5 p-1 -276550 44
511 216 m2 178212 0.000740518153 0.5 p-1 -176790 151
1180 217 m2 179080 0.016911583 0.5 p-1 -642511 5
1138 218 m2 179311 0.0131052025 0.5 p-1 -52697 5
28 219 m2 179788 -0.0451818854 0.5 p-1 -3591293 773
818 221 m2 185302 -4.75414072e-06 0.5 p-1 -432693 107
29 222 m2 185476 -0.00474115182 0.5 p-1 -623540 123
30 223 m2 185806 -0.0119458186 0.5 p-1 -1935857 1222
31 224 m2 186749 0.0112273535 0.5 p-1 -8127207 1561
395 225 m2 186798 -0.00146882155 0.5 p-1 -3940352 440
492 228 m2 187649 0.0338486172 0.5 p-1 -317526 106
908 229 m2 189340 -0.0283783376 0.5 p-1 -372638 20
1118 230 m2 189519 3.99035052e-05 0.5 p-1 -66677 2
1073 232 m2 191115 0.00953199714 0.5 p-1 -4770 5
607 233 m2 191154 7.80204013e-10 0.5 p-1 -430375 17
757 235 m2 197921 -0.00672535412 0.5 p-1 -38358 17
396 236 m2 199138 0.000823816576 0.5 p-1 -237063 53
1113 237 m2 200128 -5.9477039e-05 0.5 p-1 -210024 8
429 238 m2 204932 6.31799194e-05 0.5 p-1 -5864039 62
32 240 m2 210748 0.000546690891 0.5 p-1 -3836195 1983
709 241 m2 211060 -6.75986521e-05 0.5 p-1 -469199 73
799 242 m2 211062 0.0103370072 0.5 p-1 -94650 78
710 243 m2 211656 -0.00706167705 0.5 p-1 -2126502 51
878 244 m2 211980 -0.00300150388 0.5 p-1 -17748 6
578 245 m2 212352 0.0364636704 0.5 p-1 -293915 56
33 249 m2 216475 -0.0110101458 0.5 p-1 -402246 116
520 250 m2 216626 -0.0025002386 0.5 p-1 -2220677 865
739 251 m2 217112 -0.0276584718 0.5 p-1 -59300 101
1025 253 m2 220828 0.0220013224 0.5 p-1 -75195 5
970 257 m2 224123 -0.0779495835 0.5 p-1 -21733 2
579 258 m2 224442 0.00256769662 0.5 p-1 -276367 116
34 260 m2 225439 -0.0565808639 0.5 p-1 -4260481 1279
1079 262 m2 226719 -0.0471539609 0.5 p-1 -10651 7
431 264 m2 228580 -0.0057541267 0.5 p-1 -465775 58
1176 265 m2 229327 0.0176963098 0.5 p-1 -3268 1
270 266 m2 229858 -0.000744286284 0.5 p-1 -944576 260
580 267 m2 231612 -3.81556958e-07 0.5 p-1 -109054 63
35 268 m2 232028 2.62786193e-06 0.5 p-1 -379683 542
364 269 m2 232585 0.0818534866 0.5 p-1 -1143128 256
453 272 m2 234729 0.00660211919 0.5 p-1 -490296 299
36 273 m2 234928 -3.49298723e-08 0.5 p-1 -5457899 1859
555 274 m2 238720 -0.00012561724 0.5 p-1 -910133 269
665 275 m2 240269 0.00688033691 0.5 p-1 -898160 62
37 276 m2 240653 -1.88374139e-09 0.5 p-1 -2454160 1618
365 277 m2 242469 2.02392357e-07 0.5 p-1 -351035 253
321 279 m2 245881 -0.000117847645 0.5 p-1 -859335 189
398 280 m2 246200 -0.00420300104 0.5 p-1 -1044730 122
38 281 m2 248625 0.00192301453 0.5 p-1 -15676643 1686
198 282 m2 248823 1.14751019e-05 0.5 p-1 -9292500 1015
472 283 m2 248962 0.00202383171 0.5 p-1 -1553846 155
951 284 m2 251453 -2.97431234e-05 0.5 p-1 -45952 25
1111 286 m2 254120 -3.16270558e-07 0.5 p-1 -670 2
454 287 m2 255565 -1.34972652e-07 0.5 p-1 -4954338 710
954 288 m2 256941 -0.000594760466 0.5 p-1 -558323 35
1075 290 m2 257495 -0.00892698206 0.5 p-1 -12147 8
199 293 m2 260976 -0.0139542045 0.5 p-1 -280391 120
855 295 m2 262988 -0.00631824974 0.5 p-1 -1163 27
200 296 m2 263388 -0.0143289622 0.5 p-1 -2466645 1543
911 297 m2 264547 -0.00154454343 0.5 p-1 -36709 42
812 299 m2 264742 0.0642258674 0.5 p-1 -51662 8
39 300 m2 266662 -0.0450300537 0.5 p-1 -1693844 1880
1101 303 m2 269287 6.7839137e-05 0.5 p-1 -10570 2
948 304 m2 269948 7.12148767e-06 0.5 p-1 -3133 5
1148 305 m2 270685 0.00273478404 0.5 p-1 -128165 3
40 306 m2 270687 -0.00654387008 0.5 p-1 -5881624 695
597 307 m2 276658 -0.00065135723 0.5 p-1 -244465 30
203 309 m2 277531 0.000926085864 0.5 p-1 -1798036 868
367 310 m2 277580 -0.00827532168 0.5 p-1 -274079 136
1091 311 m2 277985 0.000130152228 0.5 p-1 -95933 10
41 313 m2 282618 9.6211113e-07 0.5 p-1 -4376733 569
946 314 m2 285435 0.0006536867 0.5 p-1 -185937 35
1155 315 m2 286838 -2.72024718e-05 0.5 p-1 -18142 3
936 316 m2 287236 0.000724851328 0.5 p-1 -82299 12
204 317 m2 287610 -0.000510715647 0.5 p-1 -350293 560
400 318 m2 289668 -0.000368739566 0.5 p-1 -9292 11
1046 319 m2 290952 -0.000680923054 0.5 p-1 -9942 4
42 321 m2 293082 -0.000226766831 0.5 p-1 -363295 520
984 323 m2 293640 -0.000167028673 0.5 p-1 -34074 2
43 324 m2 294933 0.0127200903 0.5 p-1 -272075 201
44 326 m2 296014 -4.72345928e-05 0.5 p-1 -4807649 1371
271 327 m2 296502 0.0148676643 0.5 p-1 -3602679 480
45 328 m2 297769 0.000152383946 0.5 p-1 -363316 130
455 330 m2 298801 -4.80380804e-05 0.5 p-1 -957073 30
1131 331 m2 299720 -0.00391227193 0.5 p-1 -565901 6
953 332 m2 300718 0.0138035286 0.5 p-1 -126320 13
723 334 m2 302996 -0.0063856137 0.5 p-1 -75524 11
933 335 m2 303054 0.00151128718 0.5 p-1 -50030 16
205 338 m2 303521 0.000131072127 0.5 p-1 -3298934 941
959 339 m2 304207 3.03881421e-07 0.5 p-1 -1422692 6
631 340 m2 304301 -0.00172535516 0.5 p-1 -71258 116
46 341 m2 305103 -0.0243980717 0.5 p-1 -3409642 26
206 343 m2 306194 -5.99728583e-06 0.5 p-1 -12257157 284
1048 344 m2 306312 0.00041353525 0.5 p-1 -9764 12
684 345 m2 307495 0.00222540577 0.5 p-1 -101361 30
991 346 m2 308047 0.0208064783 0.5 p-1 -20225 6
888 347 m2 310515 0.0248798262 0.5 p-1 -1742014 36
47 348 m2 310980 0.00117677427 0.5 p-1 -3870540 252
272 349 m2 311283 0.00184865296 0.5 p-1 -8102725 319
207 350 m2 311645 0.0290377103 0.5 p-1 -1412004 1020
322 351 m2 311772 6.81552638e-06 0.5 p-1 -2864130 936
48 352 m2 312641 4.70592931e-06 0.5 p-1 -5104492 1452
273 353 m2 315305 -2.48637371e-05 0.5 p-1 -774395 252
685 354 m2 315472 -0.000122644458 0.5 p-1 -850261 50
655 355 m2 315712 0.00375562836 0.5 p-1 -97312 26
1050 356 m2 317855 -0.000244206982 0.5 p-1 -4289 3
49 357 m2 318157 0.0109356102 0.5 p-1 -6932928 1608
493 359 m2 321184 0.0371907949 0.5 p-1 -339986 185
208 360 m2 321655 0.0446781367 0.5 p-1 -5752461 315
512 361 m2 322226 0.000137181385 0.5 p-1 -161880 56
513 362 m2 322715 0.00171731156 0.5 p-1 -2740200 279
662 363 m2 323263 -0.000103939943 0.5 p-1 -115428 69
401 364 m2 323326 0.0023868503 0.5 p-1 -41278 42
1200 365 m2 324947 -7.05647763e-05 0.5 p-1 -9949 1
740 366 m2 324983 -0.000109431719 0.5 p-1 -229000 102
209 367 m2 325300 -0.00043954479 0.5 p-1 -1222635 728
980 368 m2 326292 0.00112838508 0.5 p-1 -198788 5
50 370 m2 326515 -0.00832623336 0.5 p-1 -2536562 1281
615 371 m2 327090 -0.0286586452 0.5 p-1 -392344 86
556 374 m2 329969 0.0155879185 0.5 p-1 -139832 72
1170 375 m2 331010 -0.000928831054 0.5 p-1 -27851 1
1041 376 m2 331404 -0.00033747268 0.5 p-1 -4267 3
914 378 m2 331686 0.00430209422 0.5 p-1 -2643 2
787 379 m2 332238 0.00464470405 0.5 p-1 -175606 46
53 380 m2 336895 0.00863889139 0.5 p-1 -3329034 1031
728 384 m2 338272 4.41269503e-06 0.5 p-1 -376482 61
456 385 m2 338928 0.00158320542 0.5 p-1 -344722 223
54 387 m2 340246 -0.00835992303 0.5 p-1 -1224119 847
701 388 m2 340547 -0.00141426595 0.5 p-1 -92939 15
557 389 m2 342042 0.000190901497 0.5 p-1 -694728 153
868 390 m2 342195 -0.00454083551 0.5 p-1 -226731 3
1191 391 m2 343073 -0.000546847121 0.5 p-1 -18144 2
745 392 m2 343379 -0.0047272006 0.5 p-1 -420181 30
856 394 m2 344345 -0.0122157522 0.5 p-1 -13726 17
55 396 m2 344827 0.000385967374 0.5 p-1 -3564481 1694
402 397 m2 345941 0.00817379635 0.5 p-1 -635427 47
752 398 m2 346326 -7.03722799e-06 0.5 p-1 -346065 86
457 399 m2 346648 -0.00142182223 0.5 p-1 -2710103 325
56 401 m2 348672 -0.0119888512 0.5 p-1 -11716446 406
57 402 m2 348871 1.6249875e-07 0.5 p-1 -2990829 1739
735 403 m2 349543 0.00579650467 0.5 p-1 -42950 14
458 404 m2 349599 -0.0203444548 0.5 p-1 -817267 55
894 405 m2 350585 -2.1361875e-05 0.5 p-1 -649 4
686 407 m2 352657 -0.000257948937 0.5 p-1 -328489 136
769 409 m2 353428 -0.0189282242 0.5 p-1 -104139 62
274 410 m2 353439 -0.00356007484 0.5 p-1 -1607429 347
543 411 m2 353591 -0.0149754258 0.5 p-1 -1321221 35
1114 412 m2 354186 -0.0266631395 0.5 p-1 -147185 2
59 413 m2 355110 0.00165040721 0.5 p-1 -387692 312
474 414 m2 355163 0.019039046 0.5 p-1 -578397 72
403 416 m2 357187 0.0204099808 0.5 p-1 -1334232 187
1124 418 m2 359040 -0.00749451527 0.5 p-1 -36039 3
60 420 m2 361120 0.017441636 0.5 p-1 -2307047 768
210 422 m2 361421 0.00253703841 0.5 p-1 -622586 594
758 423 m2 362299 0.00353004946 0.5 p-1 -635095 40
691 425 m2 365138 0.00102397159 0.5 p-1 -513599 83
211 426 m2 365421 -1.09354769e-05 0.5 p-1 -527891 615
1015 427 m2 365761 1.99619922e-06 0.5 p-1 -3053 5
1164 430 m2 366840 0.00193067931 0.5 p-1 -222056 5
1089 431 m2 367398 -6.56807174e-07 0.5 p-1 -53268 1
61 432 m2 368183 -0.0070343418 0.5 p-1 -1495264 669
369 434 m2 369833 3.08778981e-05 0.5 p-1 -1084428 570
531 435 m2 370638 -0.00204022182 0.5 p-1 -81955 73
275 437 m2 373237 0.00786746852 0.5 p-1 -2643144 725
276 439 m2 373682 8.64097444e-07 0.5 p-1 -2608174 906
915 440 m2 374014 -0.00257778051 0.5 p-1 -10970 10
678 442 m2 376583 0.00040316896 0.5 p-1 -24821 11
277 444 m2 377483 0.0177074466 0.5 p-1 -1229271 938
432 446 m2 380197 -0.00193694932 0.5 p-1 -454147 108
278 447 m2 380545 7.96904442e-06 0.5 p-1 -740834 361
889 448 m2 381833 0.00680722343 0.5 p-1 -10083 15
212 449 m2 381981 0.000622057996 0.5 p-1 -1208622 516
1184 450 m2 382462 -0.00648113666 0.5 p-1 -7885 1
64 452 m2 383679 1.82778876e-06 0.5 p-1 -467330 303
781 453 m2 387430 -0.00176711567 0.5 p-1 -57594 63
213 454 m2 387442 0.000655647542 0.5 p-1 -456369 461
904 455 m2 387770 0.0126964124 0.5 p-1 -86323 40
215 457 m2 390533 4.00415411e-05 0.5 p-1 -3340889 818
65 458 m2 391181 0.00131339987 0.5 p-1 -2687916 898
66 460 m2 397356 0.000284414418 0.5 p-1 -2563015 481
880 462 m2 399644 0.0330482796 0.5 p-1 -39165 26
927 463 m2 401420 -0.0396568589 0.5 p-1 -54786 15
67 464 m2 401903 -0.015891416 0.5 p-1 -4018429 1886
494 465 m2 402402 0.044946339 0.5 p-1 -20651 21
682 466 m2 403141 -6.69028259e-06 0.5 p-1 -6017 12
279 467 m2 403427 -0.00321506779 0.5 p-1 -455937 355
692 469 m2 405208 0.0031973822 0.5 p-1 -301035 121
905 470 m2 407630 0.000190269566 0.5 p-1 -138570 22
663 471 m2 408096 0.00093538349 0.5 p-1 -366193 52
570 472 m2 408219 0.0267402232 0.5 p-1 -250134 138
864 473 m2 409271 0.0324369334 0.5 p-1 -25548 15
371 474 m2 410358 -0.0016627385 0.5 p-1 -3007565 555
608 475 m2 411151 0.00023090755 0.5 p-1 -172153 112
907 476 m2 411500 4.79630444e-07 0.5 p-1 -705 6
638 478 m2 412387 0.0145877069 0.5 p-1 -169573 97
581 479 m2 412621 -0.00038481396 0.5 p-1 -8488433 358
326 480 m2 412882 -5.99562663e-05 0.5 p-1 -220257 123
673 482 m2 413588 -0.00178717659 0.5 p-1 -46535 4
69 483 m2 413849 0.00904190075 0.5 p-1 -1572697 435
1185 486 m2 417185 -0.00415183464 0.5 p-1 -20539 1
459 487 m2 419638 3.26941763e-09 0.5 p-1 -6337475 131
875 489 m2 420827 0.0306092147 0.5 p-1 -10314 11
281 490 m2 421635 -0.000253652863 0.5 p-1 -3420630 584
1120 491 m2 422539 -0.00826589856 0.5 p-1 -56770 15
558 492 m2 423804 0.00271739229 0.5 p-1 -279302 42
926 494 m2 425701 0.039305754 0.5 p-1 -392628 20
71 495 m2 426220 -0.0283286385 0.5 p-1 -361532 581
521 496 m2 426305 0.000124783735 0.5 p-1 -46346 113
1085 497 m2 426701 2.13043459e-05 0.5 p-1 -25884 6
405 498 m2 427496 -0.000422956655 0.5 p-1 -20470 12
282 499 m2 428906 -0.00380233605 0.5 p-1 -7518594 135
1007 501 m2 430974 0.0080351634 0.5 p-1 -302917 5
841 502 m2 433331 -0.0135558909 0.5 p-1 -124597 63
1001 504 m2 436312 -0.0804567486 0.5 p-1 -11138 15
842 506 m2 436580 0.0291766748 0.5 p-1 -233446 32
73 507 m2 436684 0.0388177186 0.5 p-1 -9764916 1732
74 508 m2 438029 0.00253932388 0.5 p-1 -6565413 1545
941 509 m2 440222 0.00251230132 0.5 p-1 -5417 2
790 511 m2 441019 0.00258239941 0.5 p-1 -147569 14
283 512 m2 443013 0.00121040142 0.5 p-1 -2082532 243
716 513 m2 445453 0.00563693512 0.5 p-1 -4085994 184
284 514 m2 446110 0.0119129252 0.5 p-1 -118139 152
896 515 m2 447267 -0.00696784118 0.5 p-1 -29223 10
406 516 m2 447723 0.000960939273 0.5 p-1 -1112067 258
75 519 m2 450450 0.0159776788 0.5 p-1 -895555 1200
582 521 m2 451257 0.00245142286 0.5 p-1 -9548 12
736 524 m2 454140 0.00167850649 0.5 p-1 -87051 39
495 526 m2 454930 0.000106120002 0.5 p-1 -4909437 229
76 527 m2 457593 4.80413928e-06 0.5 p-1 -4383143 1952
1189 528 m2 458647 0.000637815625 0.5 p-1 -25936 1
460 531 m2 460533 -0.0078496607 0.5 p-1 -775199 168
522 532 m2 460815 -0.109677322 0.5 p-1 -94343 28
374 534 m2 461072 4.65576327e-10 0.5 p-1 -1195048 561
928 535 m2 461518 0.00413135253 0.5 p-1 -23901 18
598 537 m2 466128 0.00324031967 0.5 p-1 -161230 22
902 539 m2 467306 -0.00686019612 0.5 p-1 -1577038 10
988 540 m2 467990 2.53340005e-07 0.5 p-1 -88857 17
835 541 m2 468116 -0.00105438312 0.5 p-1 -71089 32
435 542 m2 468188 4.02279784e-06 0.5 p-1 -980738 436
724 544 m2 470131 -7.26723428e-08 0.5 p-1 -310512 90
774 545 m2 471050 0.00629693037 0.5 p-1 -605720 131
929 546 m2 471311 0.005559335 0.5 p-1 -5568 6
989 547 m2 472176 -0.00549348164 0.5 p-1 -65425 17
216 548 m2 472779 6.09403505e-05 0.5 p-1 -1510755 221
1021 551 m2 474243 -0.00130261516 0.5 p-1 -45879 14
327 554 m2 477019 4.6393212e-05 0.5 p-1 -294376 153
285 555 m2 478132 0.00686267996 0.5 p-1 -894074 193
78 556 m2 478572 0.0109506175 0.5 p-1 -6152113 1714
328 558 m2 481303 0.0224067681 0.5 p-1 -3526428 743
783 559 m2 481492 -1.25987287e-09 0.5 p-1 -79208 33
329 560 m2 481965 0.00128488149 0.5 p-1 -1135817 968
693 561 m2 483044 -0.0445866436 0.5 p-1 -8687 13
1063 563 m2 490236 0.000129282125 0.5 p-1 -43619 4
80 564 m2 491120 0.000404764054 0.5 p-1 -8863204 939
1064 565 m2 491420 -0.00113224646 0.5 p-1 -54875 4
1018 566 m2 493634 -0.0312241241 0.5 p-1 -5748 4
286 567 m2 493833 -0.00283083646 0.5 p-1 -4610476 852
81 568 m2 494067 0.0662470981 0.5 p-1 -1675343 1034
217 570 m2 494713 9.46402724e-05 0.5 p-1 -7932496 1052
560 571 m2 498529 -0.0125642279 0.5 p-1 -961439 335
82 573 m2 499118 -0.0183377638 0.5 p-1 -4324299 687
1016 574 m2 499482 -0.000455142115 0.5 p-1 -3421551 9
702 575 m2 500087 -0.00341063319 0.5 p-1 -1271205 128
703 576 m2 500286 0.0011647474 0.5 p-1 -322973 122
1129 577 m2 501570 -0.020348724 0.5 p-1 -2079 7
497 579 m2 503698 6.85419291e-05 0.5 p-1 -310936 147
1031 583 m2 507739 0.00039431543 0.5 p-1 -16879 9
461 585 m2 509181 -0.00119164912 0.5 p-1 -936471 149
646 586 m2 509990 7.13345289e-05 0.5 p-1 -432320 60
219 587 m2 510841 -7.14943553e-06 0.5 p-1 -658574 385
498 589 m2 512933 -0.0117752487 0.5 p-1 -1036870 389
288 590 m2 514300 0.000697239069 0.5 p-1 -1403812 630
499 593 m2 519108 -8.83301545e-05 0.5 p-1 -1794240 91
845 594 m2 520163 0.0120673561 0.5 p-1 -17772 4
1003 595 m2 520316 0.000104661027 0.5 p-1 -9783 10
1146 597 m2 522940 0.0131352348 0.5 p-1 -1580 1
289 601 m2 528508 -2.39481869e-05 0.5 p-1 -3578000 796
87 602 m2 528772 -0.00690853409 0.5 p-1 -1574144 984
476 603 m2 528812 -0.000964535109 0.5 p-1 -1420454 400
846 604 m2 529141 -0.0359826274 0.5 p-1 -15003 8
523 606 m2 529992 0.00184966018 0.5 p-1 -375920 110
916 609 m2 530745 -0.000499323127 0.5 p-1 -50006 20
725 610 m2 531434 0.0546323806 0.5 p-1 -357185 198
857 611 m2 531610 -0.000311469572 0.5 p-1 -38058 38
1198 613 m2 532246 -0.0151191568 0.5 p-1 -663 1
1127 614 m2 534113 -8.44768074e-05 0.5 p-1 -6889 1
221 615 m2 535934 0.0127253076 0.5 p-1 -3291683 150
88 616 m2 537161 -0.000810174795 0.5 p-1 -4706927 1890
436 617 m2 537695 0.000614239485 0.5 p-1 -153875 81
898 618 m2 538198 -0.00940945745 0.5 p-1 -1939 2
89 621 m2 540921 -4.48217434e-05 0.5 p-1 -8999223 827
376 622 m2 542259 -0.000954009476 0.5 p-1 -1409483 232
222 624 m2 545720 2.08530237e-05 0.5 p-1 -6242950 1455
704 625 m2 545738 -0.0347265191 0.5 p-1 -15383 7
477 629 m2 549060 2.24980085e-05 0.5 p-1 -1042420 60
408 630 m2 551556 -0.00724377856 0.5 p-1 -38264 26
290 631 m2 551958 -0.00938751362 0.5 p-1 -3066071 676
717 632 m2 552378 0.000316615391 0.5 p-1 -41864 50
91 633 m2 552657 -0.001345973 0.5 p-1 -12128936 1183
92 634 m2 553234 -0.00145979808 0.5 p-1 -3093302 1361
895 636 m2 556731 -0.000362277875 0.5 p-1 -126819 19
93 637 m2 557017 -0.000408189051 0.5 p-1 -1096758 521
775 638 m2 557672 0.0500693247 0.5 p-1 -258599 21
639 639 m2 558492 -1.9479241e-05 0.5 p-1 -506912 20
94 640 m2 559320 -0.00395346433 0.5 p-1 -439393 11
919 641 m2 560358 0.0119049354 0.5 p-1 -114990 22
561 642 m2 561591 -0.00285371835 0.5 p-1 -78587 25
647 643 m2 565490 -2.73637198e-07 0.5 p-1 -243200 18
95 646 m2 566724 0.00647712825 0.5 p-1 -1869747 662
648 648 m2 567197 -0.0787849277 0.5 p-1 -147089 19
331 649 m2 568629 -3.76010007e-06 0.5 p-1 -452628 191
332 650 m2 570274 -0.0112978304 0.5 p-1 -5856998 492
1049 651 m2 571907 -0.0575339124 0.5 p-1 -40587 5
1022 653 m2 574516 -0.00495765451 0.5 p-1 -11659 3
223 654 m2 574951 0.0131420484 0.5 p-1 -1783294 285
545 655 m2 574988 0.00114318717 0.5 p-1 -2432457 171
1023 656 m2 575510 -0.0215814877 0.5 p-1 -75753 7
97 658 m2 579048 0.00265227701 0.5 p-1 -6483731 1202
98 659 m2 579155 -7.06071514e-05 0.5 p-1 -7803817 1179
333 660 m2 583516 -0.000730494969 0.5 p-1 -3043098 942
1117 661 m2 585420 -4.95988788e-05 0.5 p-1 -17310 4
377 662 m2 586844 -0.0151610989 0.5 p-1 -19719972 434
917 664 m2 587994 0.000119789845 0.5 p-1 -10668 4
334 665 m2 588297 0.0541955121 0.5 p-1 -1318138 177
100 666 m2 588564 -0.00462936051 0.5 p-1 -2201932 1514
101 667 m2 589707 0.050582435 0.5 p-1 -3065679 1853
952 669 m2 592058 0.00164552662 0.5 p-1 -23086 3
666 670 m2 592202 0.0137156406 0.5 p-1 -36467 6
409 671 m2 592744 0.000201470175 0.5 p-1 -895931 801
224 672 m2 594680 -0.00669589732 0.5 p-1 -1632160 765
656 675 m2 597174 -0.0063544591 0.5 p-1 -255248 85
729 676 m2 597843 0.000368759938 0.5 p-1 -59713 11
571 678 m2 599144 -0.000495026936 0.5 p-1 -142894 59
858 681 m2 600268 0.000216918139 0.5 p-1 -27924 9
925 682 m2 601140 0.00112867833 0.5 p-1 -19711 11
102 683 m2 602384 6.88364598e-05 0.5 p-1 -2971420 1562
599 684 m2 602706 0.00098669494 0.5 p-1 -216750 121
104 685 m2 604119 -0.0543536842 0.5 p-1 -5133883 1384
939 686 m2 605117 -0.00286204508 0.5 p-1 -3432 7
410 687 m2 605616 -0.00692575984 0.5 p-1 -2399682 700
411 688 m2 607437 -0.0057100351 0.5 p-1 -574418 66
617 689 m2 607902 5.07214145e-06 0.5 p-1 -57634 65
1042 690 m2 608100 -0.0315525793 0.5 p-1 -22715 6
225 691 m2 610515 -4.41699049e-05 0.5 p-1 -1573434 806
776 694 m2 612974 0.000144078353 0.5 p-1 -186505 52
718 695 m2 613353 0.0307694878 0.5 p-1 -183969 14
226 696 m2 613597 0.00209090905 0.5 p-1 -701140 774
335 697 m2 615119 7.91544874e-09 0.5 p-1 -248266 96
830 698 m2 616584 -0.00090374361 0.5 p-1 -86117 30
583 699 m2 616635 -0.0173449405 0.5 p-1 -58718 103
107 700 m2 617981 0.00974608678 0.5 p-1 -6687461 837
108 701 m2 618078 0.00226554787 0.5 p-1 -9182338 1740
1044 702 m2 618441 -0.000248114171 0.5 p-1 -361 8
866 703 m2 620610 0.00141280703 0.5 p-1 -98738 17
843 705 m2 623271 -0.000733552675 0.5 p-1 -687800 23
437 707 m2 623705 -0.004083612 0.5 p-1 -986752 141
438 708 m2 624161 -0.000381845894 0.5 p-1 -439125 140
227 709 m2 624456 0.000127146472 0.5 p-1 -65597 55
109 711 m2 628041 -0.00717375986 0.5 p-1 -2435725 1211
851 712 m2 628546 -2.06867207e-06 0.5 p-1 -24014 22
1081 713 m2 628980 -1.559474e-05 0.5 p-1 -11127 8
563 714 m2 629708 -0.00762918685 0.5 p-1 -105255 45
974 716 m2 630548 0.000168474973 0.5 p-1 -167837 47
478 717 m2 630861 -0.00323319272 0.5 p-1 -85054 23
960 718 m2 631522 1.64504909e-05 0.5 p-1 -29545 5
546 721 m2 633848 -0.0496609136 0.5 p-1 -82596 36
337 722 m2 635637 -0.00183592131 0.5 p-1 -3325235 937
514 723 m2 636535 -0.000151276836 0.5 p-1 -235909 69
338 724 m2 636536 -0.000240989641 0.5 p-1 -6199894 234
479 725 m2 637003 -0.00750360033 0.5 p-1 -325516 18
378 726 m2 637629 0.0599398687 0.5 p-1 -3759543 691
852 727 m2 637717 -0.00620888872 0.5 p-1 -31316 19
379 729 m2 637990 0.00272740726 0.5 p-1 -1555240 510
110 730 m2 639933 2.44975581e-06 0.5 p-1 -7285552 1558
618 731 m2 640966 -4.44907128e-05 0.5 p-1 -653471 112
777 732 m2 642263 -0.0410521589 0.5 p-1 -362221 96
778 733 m2 643267 0.000752940425 0.5 p-1 -582932 98
547 734 m2 643341 0.00828172173 0.5 p-1 -774220 248
791 736 m2 646631 0.000329155417 0.5 p-1 -70917 16
883 738 m2 650452 0.0243712608 0.5 p-1 -2379 1
584 740 m2 652166 -0.00834405329 0.5 p-1 -591595 159
111 741 m2 652233 0.00135139958 0.5 p-1 -778059 183
679 745 m2 654865 -4.84151224e-06 0.5 p-1 -130066 42
112 747 m2 658629 -0.000370310765 0.5 p-1 -4126313 1834
572 748 m2 659804 1.85832068e-05 0.5 p-1 -694515 73
788 749 m2 659824 -0.00216050446 0.5 p-1 -159939 33
113 750 m2 660759 -0.00242190063 0.5 p-1 -1924193 352
619 751 m2 660790 -0.00198287028 0.5 p-1 -232731 53
601 752 m2 661390 0.00066364411 0.5 p-1 -118751 96
114 753 m2 662351 0.0160976108 0.5 p-1 -4631132 510
228 754 m2 662688 1.02185304e-05 0.5 p-1 -2617730 334
862 755 m2 663010 0.00399371888 0.5 p-1 -1180741 74
838 757 m2 663972 3.11807198e-05 0.5 p-1 -2736 9
968 758 m2 664097 -5.67673414e-05 0.5 p-1 -21196 5
115 760 m2 665192 0.00200957339 0.5 p-1 -1113925 394
292 762 m2 665847 0.00113721017 0.5 p-1 -1681187 553
1160 763 m2 666054 0.00690863421 0.5 p-1 -20335 1
796 764 m2 666382 -7.74668879e-05 0.5 p-1 -212410 74
978 765 m2 667325 -0.000701201148 0.5 p-1 -310930 2
564 766 m2 667932 -0.000669326168 0.5 p-1 -172559 36
524 767 m2 668175 3.70765779e-10 0.5 p-1 -7495 10
339 768 m2 668203 0.000136039147 0.5 p-1 -1441926 520
502 769 m2 668307 -0.00693753548 0.5 p-1 -86173 8
565 770 m2 668404 0.00333270943 0.5 p-1 -12783741 72
937 771 m2 668645 -0.0021076405 0.5 p-1 -7892251 51
229 772 m2 669341 0.00177705754 0.5 p-1 -555240 52
340 773 m2 669379 0.0174359456 0.5 p-1 -326663 156
116 774 m2 670660 -0.00212139124 0.5 p-1 -5825919 1426
533 775 m2 673371 0.0351520069 0.5 p-1 -1186457 275
640 777 m2 676529 -0.0245218016 0.5 p-1 -284090 28
117 778 m2 676921 -0.00159137906 0.5 p-1 -2085462 1170
742 779 m2 676981 0.0303795915 0.5 p-1 -336335 19
293 781 m2 677531 0.000725765654 0.5 p-1 -714412 260
743 782 m2 679239 -4.41647644e-05 0.5 p-1 -115456 136
585 783 m2 679360 -0.00151498301 0.5 p-1 -199640 106
694 784 m2 680083 8.25106254e-05 0.5 p-1 -9644 25
118 785 m2 680168 0.024893228 0.5 p-1 -3496910 520
294 786 m2 680375 0.000370141148 0.5 p-1 -1709111 616
1076 787 m2 681518 0.0148671782 0.5 p-1 -69886 6
341 788 m2 684131 3.11865108e-07 0.5 p-1 -394197 129
381 789 m2 684204 0.014573548 0.5 p-1 -1468226 668
382 790 m2 684374 -0.00564520946 0.5 p-1 -415907 649
231 791 m2 686485 0.00134994602 0.5 p-1 -2566606 552
792 792 m2 686490 0.00832996424 0.5 p-1 -37260 22
1035 794 m2 687899 0.00657086121 0.5 p-1 -122804 1
620 796 m2 688275 0.0309284367 0.5 p-1 -642393 100
480 797 m2 688737 0.0210949592 0.5 p-1 -474535 285
762 798 m2 690498 -0.00549466116 0.5 p-1 -369080 24
342 801 m2 692388 0.00045002572 0.5 p-1 -1898115 212
120 802 m2 692492 0.00137667672 0.5 p-1 -2830196 970
887 803 m2 694371 -1.55426196e-08 0.5 p-1 -26007 20
295 804 m2 694961 0.00595460134 0.5 p-1 -290271 65
1112 805 m2 695876 0.000218255795 0.5 p-1 -80848 4
573 806 m2 696309 0.0406943783 0.5 p-1 -55812 83
649 807 m2 697261 0.000462981377 0.5 p-1 -284381 81
440 808 m2 699313 2.29344386e-12 0.5 p-1 -3882233 629
121 809 m2 700363 -0.000901032996 0.5 p-1 -1873400 1066
122 810 m2 701357 -0.0303960871 0.5 p-1 -1304260 1087
975 811 m2 702321 9.50777576e-06 0.5 p-1 -24445 4
412 812 m2 703640 -9.6459451e-05 0.5 p-1 -300448 272
731 813 m2 703835 0.000156418537 0.5 p-1 -17397 17
884 814 m2 704183 -0.00345579349 0.5 p-1 -268562 9
1165 815 m2 705201 0.00270951679 0.5 p-1 -362202 2
413 816 m2 705401 -0.000322359643 0.5 p-1 -195723 122
123 817 m2 707655 -0.0971243232 0.5 p-1 -7991536 1618
503 818 m2 708461 0.00685966248 0.5 p-1 -523804 129
414 819 m2 709421 -0.0057705855 0.5 p-1 -368653 207
124 822 m2 710454 -0.00630599959 0.5 p-1 -4778044 1651
587 825 m2 711941 0.012634634 0.5 p-1 -260405 122
807 827 m2 715001 -0.00155789754 0.5 p-1 -62549 59
525 829 m2 715259 -0.000580739346 0.5 p-1 -225263 190
232 830 m2 715607 0.00129537308 0.5 p-1 -1991699 352
765 831 m2 716746 0.0173836481 0.5 p-1 -68801 38
1082 832 m2 717790 -0.000477579713 0.5 p-1 -28438 1
793 833 m2 719078 -0.000343647494 0.5 p-1 -93211 38
441 834 m2 719386 0.0133707533 0.5 p-1 -351865 96
481 837 m2 720446 0.0115013681 0.5 p-1 -105024 79
1126 838 m2 722353 -5.22721741e-08 0.5 p-1 -268692 4
1054 839 m2 723199 -0.0278419778 0.5 p-1 -15108 6
1051 840 m2 723315 0.000434800953 0.5 p-1 -1676 4
1142 842 m2 726531 -0.00038615847 0.5 p-1 -9784 1
233 843 m2 728538 0.000774460495 0.5 p-1 -712216 675
1137 844 m2 732059 0.00516902097 0.5 p-1 -9302 4
127 845 m2 734921 9.36341312e-05 0.5 p-1 -3438707 1449
504 846 m2 735439 -0.0125276502 0.5 p-1 -113805 8
297 847 m2 738149 -0.000605703506 0.5 p-1 -24512 26
935 848 m2 738640 0.0406764038 0.5 p-1 -25873 8
129 849 m2 739377 -0.0137876598 0.5 p-1 -2510037 212
803 850 m2 742364 0.10322123 0.5 p-1 -964255 30
737 851 m2 742514 -0.00897490699 0.5 p-1 -80404 32
1128 852 m2 742523 -0.00351796346 0.5 p-1 -263 1
1132 853 m2 742546 -0.0243205857 0.5 p-1 -123593 7
609 854 m2 742560 -0.00242404058 0.5 p-1 -307097 99
383 855 m2 743163 0.00142790982 0.5 p-1 -1776754 107
130 856 m2 745217 -0.00166812609 0.5 p-1 -63551 20
384 857 m2 745219 0.00177871902 0.5 p-1 -581576 211
131 860 m2 747267 0.000127527281 0.5 p-1 -1570753 1574
641 861 m2 750797 0.00405639969 0.5 p-1 -416018 92
642 862 m2 751201 -0.0023050101 0.5 p-1 -3901096 134
534 863 m2 751370 -7.34178275e-06 0.5 p-1 -82177 20
298 864 m2 751450 -2.79228333e-12 0.5 p-1 -4742576 768
847 865 m2 751571 -0.00041750152 0.5 p-1 -43237 16
760 866 m2 753797 -0.000304165151 0.5 p-1 -199480 28
132 867 m2 753978 0.0362965427 0.5 p-1 -1799237 59
797 868 m2 754023 0.00828848965 0.5 p-1 -556993 6
237 869 m2 755506 0.000328560011 0.5 p-1 -7763867 1458
462 871 m2 755926 -0.0151589997 0.5 p-1 -438796 279
299 873 m2 760165 0.00170323148 0.5 p-1 -5581806 596
482 874 m2 760193 2.54965507e-05 0.5 p-1 -1749343 39
300 875 m2 760335 -8.81609667e-05 0.5 p-1 -4210668 594
344 876 m2 760709 0.0220171828 0.5 p-1 -577997 57
463 877 m2 762040 -7.42557677e-05 0.5 p-1 -2946647 152
301 878 m2 764077 -0.00261123036 0.5 p-1 -2188474 714
733 880 m2 767644 0.00221933471 0.5 p-1 -12194 10
527 881 m2 770215 -0.0393816121 0.5 p-1 -98068 30
766 882 m2 771767 -0.0620820038 0.5 p-1 -364669 220
133 883 m2 771806 -0.0233823732 0.5 p-1 -1556220 784
238 884 m2 774235 0.00814906508 0.5 p-1 -1951976 1764
239 885 m2 774756 -0.000340443861 0.5 p-1 -2487021 976
957 888 m2 775850 -0.00986697525 0.5 p-1 -20212 24
899 889 m2 776233 -0.033003021 0.5 p-1 -35086 28
1029 890 m2 777392 -0.0336123407 0.5 p-1 -3457 7
240 891 m2 777561 -9.99529766e-06 0.5 p-1 -2436443 1047
726 893 m2 781032 -0.0357161053 0.5 p-1 -81028 25
345 894 m2 781365 -0.00148251886 0.5 p-1 -1234263 723
900 895 m2 781447 3.50572445e-05 0.5 p-1 -6914373 15
938 896 m2 781493 0.000233037921 0.5 p-1 -95857 51
302 897 m2 782931 -3.51001503e-08 0.5 p-1 -238555 82
385 898 m2 783471 0.00152023579 0.5 p-1 -1900442 207
814 899 m2 783591 -0.00192814891 0.5 p-1 -306345 110
1000 900 m2 785071 0.0113564106 0.5 p-1 -59144 5
1104 901 m2 785691 6.46973319e-07 0.5 p-1 -81396 10
1002 902 m2 785705 -0.00723478151 0.5 p-1 -7005 8
844 903 m2 786059 -0.000124799466 0.5 p-1 -4467666 99
1043 904 m2 786200 -2.68737986e-05 0.5 p-1 -16913 2
516 905 m2 787792 0.000549742777 0.5 p-1 -5627254 339
1019 906 m2 790106 0.00372383278 0.5 p-1 -5380 1
1139 909 m2 792939 0.000261007575 0.5 p-1 -345531 2
505 910 m2 795009 0.00050106697 0.5 p-1 -116489 20
992 913 m2 796849 -8.51669975e-05 0.5 p-1 -18502 16
135 914 m2 799417 0.000327417685 0.5 p-1 -3246736 188
136 915 m2 800564 -3.7671376e-05 0.5 p-1 -487805 177
746 916 m2 800868 -0.0502105951 0.5 p-1 -71993 26
763 917 m2 801714 -0.00101154845 0.5 p-1 -528016 33
535 918 m2 802854 0.000252320082 0.5 p-1 -2888176 131
849 919 m2 802987 -0.0125798909 0.5 p-1 -66343 18
1026 920 m2 803294 0.0065194713 0.5 p-1 -25361 17
241 921 m2 805380 4.54351139e-05 0.5 p-1 -5719078 981
506 922 m2 805840 -4.68935787e-06 0.5 p-1 -56656 21
808 923 m2 806315 -5.19194873e-05 0.5 p-1 -96067 10
744 927 m2 809349 0.0043890588 0.5 p-1 -5742249 97
464 928 m2 810701 -0.000425030681 0.5 p-1 -509205 146
680 929 m2 811714 0.03591194 0.5 p-1 -1309345 101
536 930 m2 812132 0.0132183405 0.5 p-1 -2879855 145
242 931 m2 812227 1.37832819e-06 0.5 p-1 -3178347 984
243 934 m2 814516 -0.00999228191 0.5 p-1 -3922719 745
138 935 m2 815700 0.00100500439 0.5 p-1 -1932949 1351
767 938 m2 818069 0.000135873954 0.5 p-1 -78848 48
674 941 m2 820076 -6.69725068e-06 0.5 p-1 -14743 22
244 943 m2 820704 0.00276121963 0.5 p-1 -1409371 729
139 944 m2 821406 0.00653458992 0.5 p-1 -758765 603
689 945 m2 822632 0.0481834337 0.5 p-1 -1022924 88
675 946 m2 824219 -0.00137220789 0.5 p-1 -289943 63
141 947 m2 825973 0.000220077141 0.5 p-1 -2657777 1589
1098 948 m2 826327 -0.00163404655 0.5 p-1 -20566 8
1013 949 m2 827083 -0.0434068032 0.5 p-1 -13951 10
690 950 m2 831379 -0.0408073328 0.5 p-1 -233279 71
537 951 m2 832651 -1.03164575e-06 0.5 p-1 -488542 247
644 952 m2 833397 -6.68040741e-07 0.5 p-1 -970221 313
549 953 m2 834192 6.27782947e-06 0.5 p-1 -75669 45
815 954 m2 834430 -0.1209803 0.5 p-1 -19263 6
142 955 m2 835057 0.000241727481 0.5 p-1 -2521259 1962
143 957 m2 837004 0.0360060707 0.5 p-1 -2867947 1264
304 959 m2 838425 0.000373597577 0.5 p-1 -6903610 207
982 960 m2 839528 0.0136443088 0.5 p-1 -20964 5
388 961 m2 840236 1.43349725e-05 0.5 p-1 -2092342 324
305 962 m2 842609 -3.0080666e-05 0.5 p-1 -1965800 264
719 963 m2 843410 0.00328148296 0.5 p-1 -580301 114
610 965 m2 843647 -0.000669176574 0.5 p-1 -291081 21
306 966 m2 843825 0.0880964696 0.5 p-1 -31667 50
245 967 m2 843880 -0.000245307805 0.5 p-1 -660345 262
145 968 m2 845231 -0.0107773645 0.5 p-1 -3185709 1327
442 969 m2 845394 3.73053335e-05 0.5 p-1 -51445 47
465 970 m2 845860 -0.00726264296 0.5 p-1 -60932 66
1169 971 m2 846412 -1.35127368e-06 0.5 p-1 -45650 2
1141 972 m2 847567 -0.000306408154 0.5 p-1 -726 1
798 973 m2 847730 -0.000146380742 0.5 p-1 -140852 26
863 975 m2 849142 -0.00126235816 0.5 p-1 -80291 52
529 976 m2 850280 0.00880931783 0.5 p-1 -237877 163
589 977 m2 850847 -0.0226062518 0.5 p-1 -124746 13
550 979 m2 856221 0.00136928388 0.5 p-1 -260776 139
146 980 m2 856904 -4.11630793e-07 0.5 p-1 -1717924 922
443 981 m2 858245 0.00764704356 0.5 p-1 -3506797 182
147 982 m2 859010 0.00611418393 0.5 p-1 -2209065 446
695 984 m2 859493 0.0386810824 0.5 p-1 -106495 54
148 985 m2 859621 0.000636600365 0.5 p-1 -2558600 1994
149 986 m2 859797 -0.000522326096 0.5 p-1 -2470778 1247
705 987 m2 859939 -0.0108748171 0.5 p-1 -347978 29
346 988 m2 860935 0.00958985556 0.5 p-1 -40551 83
876 989 m2 860938 -2.07259617e-07 0.5 p-1 -247660 22
816 990 m2 861632 -0.000438971096 0.5 p-1 -2024012 52
415 991 m2 862084 -7.38472008e-05 0.5 p-1 -589747 327
1032 992 m2 862792 0.0170146357 0.5 p-1 -7924 3
416 993 m2 863026 0.00770060578 0.5 p-1 -206908 69
347 994 m2 863846 -4.485315e-06 0.5 p-1 -2297571 332
1083 995 m2 864098 -0.0278997328 0.5 p-1 -50454 1
1027 996 m2 864500 7.71890996e-08 0.5 p-1 -50222 8
1099 997 m2 865724 -0.000401655125 0.5 p-1 -25228 10
247 999 m2 867255 -0.000772512052 0.5 p-1 -5577946 531
800 1002 m2 873607 0.0178190954 0.5 p-1 -18015 11
152 1003 m2 874774 -0.000321067695 0.5 p-1 -5297886 1826
153 1004 m2 875449 0.00535577536 0.5 p-1 -292683 36
1187 1005 m2 877229 -0.023918638 0.5 p-1 -488 1
154 1006 m2 877237 0.000176579633 0.5 p-1 -4610659 1793
155 1007 m2 878322 -0.000320084422 0.5 p-1 -2274928 1083
809 1008 m2 878529 0.00137615332 0.5 p-1 -1160969 17
738 1009 m2 879111 0.00223623542 0.5 p-1 -153268 25
770 1010 m2 879274 0.00781548116 0.5 p-1 -160098 53
1166 1011 m2 879775 -0.0692190826 0.5 p-1 -66003 2
156 1012 m2 880876 -5.58784159e-05 0.5 p-1 -1428140 863
906 1013 m2 881337 0.000285613496 0.5 p-1 -118793 10
772 1014 m2 881963 8.45760005e-05 0.5 p-1 -510906 109
706 1015 m2 882155 0.00209658989 0.5 p-1 -1286898 208
157 1017 m2 883594 -2.73436181e-05 0.5 p-1 -4887424 698
1197 1020 m2 887254 -0.000633782474 0.5 p-1 -720 1
1040 1021 m2 889252 -0.000752247928 0.5 p-1 -722628 3
466 1022 m2 889289 0.0058232462 0.5 p-1 -408291 345
979 1023 m2 889301 -7.70304105e-05 0.5 p-1 -2139 3
308 1024 m2 892213 -1.65987876e-05 0.5 p-1 -131662 60
158 1025 m2 893310 0.0183425657 0.5 p-1 -3540495 1644
507 1027 m2 895599 0.000740719785 0.5 p-1 -3517385 617
623 1030 m2 896648 0.00214486197 0.5 p-1 -480175 107
389 1031 m2 896704 -1.13725155e-05 0.5 p-1 -648295 375
1211 1032 m2 897393 -0.00750661176 0.5 p-1 -83769 1
859 1033 m2 897555 0.0132610463 0.5 p-1 -32603 4
159 1035 m2 899767 -0.0496893264 0.5 p-1 -3918671 880
567 1036 m2 900520 -0.0156460647 0.5 p-1 -63702 89
348 1037 m2 901461 0.14323917 0.5 p-1 -3688808 694
918 1038 m2 901793 -0.000425604376 0.5 p-1 -1693 8
309 1039 m2 901821 -0.00118280202 0.5 p-1 -2202747 628
696 1040 m2 901925 5.07617842e-05 0.5 p-1 -840795 141
720 1041 m2 902937 2.04884163e-05 0.5 p-1 -1518103 47
1045 1042 m2 903641 -0.0587890856 0.5 p-1 -571872 5
833 1043 m2 905752 -0.00953845773 0.5 p-1 -330937 18
508 1044 m2 906311 0.00316715264 0.5 p-1 -590806 41
467 1045 m2 906910 0.0143049443 0.5 p-1 -261889 42
713 1046 m2 907342 0.0273111593 0.5 p-1 -3718258 14
1061 1047 m2 907916 -0.0039610751 0.5 p-1 -23198 2
160 1048 m2 909323 0.00734009081 0.5 p-1 -2666804 292
349 1049 m2 910288 -0.00107680715 0.5 p-1 -4045463 198
310 1050 m2 910791 -0.0151793044 0.5 p-1 -88478 14
311 1055 m2 914901 3.79111516e-05 0.5 p-1 -356787 32
444 1057 m2 917256 4.06106454e-10 0.5 p-1 -1820216 426
391 1058 m2 918487 0.0622220561 0.5 p-1 -2621970 762
568 1059 m2 919364 -0.000735897629 0.5 p-1 -220214 100
836 1062 m2 923117 -0.00143053068 0.5 p-1 -153234 17
1038 1063 m2 924243 8.59698266e-05 0.5 p-1 -4787 8
721 1064 m2 924475 -0.0158664044 0.5 p-1 -21652 12
998 1065 m2 925434 -0.00577954995 0.5 p-1 -31245 24
162 1066 m2 925771 -0.00368362572 0.5 p-1 -2747842 1545
591 1068 m2 928795 6.61398662e-05 0.5 p-1 -69173 179
163 1069 m2 929397 -1.13774076e-05 0.5 p-1 -4090818 766
164 1070 m2 929982 -1.43613006e-05 0.5 p-1 -763455 621
1178 1071 m2 930098 -1.65252766e-06 0.5 p-1 -38609 1
605 1072 m2 930157 0.000109725319 0.5 p-1 -79985 81
1024 1073 m2 931559 -0.000242598428 0.5 p-1 -778 1
1161 1074 m2 933072 -0.00709150778 0.5 p-1 -1644 3
821 1076 m2 933972 0.00578105962 0.5 p-1 -57091 58
592 1077 m2 934111 0.0100622158 0.5 p-1 -94892 227
871 1078 m2 934858 0.0102004465 0.5 p-1 -7603 22
1030 1079 m2 936185 0.00437719794 0.5 p-1 -91520 8
877 1080 m2 936293 0.000285707181 0.5 p-1 -1873 4
350 1081 m2 936510 4.60011188e-06 0.5 p-1 -3974991 686
251 1082 m2 937049 5.50919168e-08 0.5 p-1 -206821 305
252 1084 m2 937892 -0.00761142885 0.5 p-1 -273653 304
683 1085 m2 938682 0.000582606415 0.5 p-1 -1500402 49
972 1086 m2 939398 0.0127086444 0.5 p-1 -15820 10
165 1087 m2 939929 -0.0420485772 0.5 p-1 -5227381 1399
166 1088 m2 941115 -0.00836205855 0.5 p-1 -9071858 863
351 1090 m2 941839 -0.0453147776 0.5 p-1 -2098649 381
517 1091 m2 943038 0.0122650554 0.5 p-1 -2801915 121
658 1093 m2 944797 0.00613810588 0.5 p-1 -558475 152
420 1094 m2 944937 -0.0138354972 0.5 p-1 -422491 66
168 1095 m2 945493 0.0109457402 0.5 p-1 -6871878 1491
169 1096 m2 948102 -3.10095093e-05 0.5 p-1 -10168362 588
170 1097 m2 948144 0.033706408 0.5 p-1 -1761919 1013
1052 1098 m2 948391 0.000117816584 0.5 p-1 -1113 2
850 1101 m2 950439 -0.000221281138 0.5 p-1 -1785 4
312 1103 m2 953792 -0.0404848494 0.5 p-1 -731988 58
253 1104 m2 954219 -0.00168953848 0.5 p-1 -3767953 530
313 1106 m2 955674 0.000453555374 0.5 p-1 -1491555 656
392 1108 m2 957326 0.00167223916 0.5 p-1 -1543740 508
962 1109 m2 958900 -0.024868127 0.5 p-1 -617360 8
1055 1110 m2 960418 -1.36773197e-05 0.5 p-1 -12697 4
445 1112 m2 960881 -0.00773438253 0.5 p-1 -554040 213
1071 1114 m2 963143 -0.00785879232 0.5 p-1 -36476 10
254 1116 m2 964137 -0.00532088615 0.5 p-1 -1390728 852
172 1117 m2 964224 8.82972836e-06 0.5 p-1 -7455428 895
255 1118 m2 964745 -9.1815331e-05 0.5 p-1 -916100 1052
913 1119 m2 965078 -8.21047288e-05 0.5 p-1 -295752 60
1190 1120 m2 968174 0.00832400564 0.5 p-1 -2176531 2
483 1121 m2 968850 -0.000163212506 0.5 p-1 -2531945 206
421 1122 m2 969270 0.00480549224 0.5 p-1 -100887 70
1205 1123 m2 969829 -0.000694201095 0.5 p-1 -3531 2
1134 1125 m2 972205 0.00152197294 0.5 p-1 -6876 1
314 1126 m2 972723 0.000284339272 0.5 p-1 -357633 271
1208 1127 m2 972887 0.00014977112 0.5 p-1 -45980 1
422 1128 m2 972892 0.00439914735 0.5 p-1 -58081 31
1058 1129 m2 973331 0.00538401445 0.5 p-1 -6200 6
256 1131 m2 974815 0.000179190072 0.5 p-1 -1368962 570
1188 1132 m2 975568 0.010591968 0.5 p-1 -3965 2
602 1133 m2 975655 0.0132252797 0.5 p-1 -634361 28
828 1136 m2 976616 0.0232259892 0.5 p-1 -94790 34
468 1138 m2 979917 -0.000175879133 0.5 p-1 -2736648 158
173 1139 m2 980310 2.00800041e-05 0.5 p-1 -13388 14
801 1140 m2 980319 -0.00743987784 0.5 p-1 -527353 44
834 1141 m2 980442 0.00504422793 0.5 p-1 -37170 11
810 1142 m2 981402 -0.00306939939 0.5 p-1 -75205 34
1036 1143 m2 983997 -0.00484688533 0.5 p-1 -227711 6
603 1146 m2 986208 0.000558096217 0.5 p-1 -230191 98
604 1147 m2 987314 0.000664506166 0.5 p-1 -406371 83
446 1148 m2 988030 -0.0126537671 0.5 p-1 -1711046 293
175 1149 m2 990081 -0.00068509212 0.5 p-1 -3524502 1844
826 1152 m2 993202 5.0205781e-06 0.5 p-1 -15210 38
354 1153 m2 994194 0.00206486951 0.5 p-1 -1456663 431
176 1155 m2 996302 0.0138524361 0.5 p-1 -8512953 1621
593 1159 m2 997207 0.00836859737 0.5 p-1 -443399 116
177 1161 m2 998616 -0.000144171383 0.5 p-1 -1299937 825
1173 1162 m2 782036 0.0282246768 0.5 p0 2 1
987 1165 m2 854329 0.00547618698 0.5 p0 2 6
973 1166 m2 956310 -4.46356853e-06 0.5 p0 2 2
848 1169 m2 306540 0.00342487288 0.5 p0 2 3
1037 1170 m2 667093 -0.000217016102 0.5 p0 2 3
1156 1171 m2 239738 -0.0141760334 0.5 p0 2 2
1133 1181 m2 178172 0.0137091316 0.5 p0 2 1
1080 1183 m2 695906 0.000716500741 0.5 p0 2 1
1122 1185 m2 982525 -0.0124415224 0.5 p0 2 2
653 1190 m2 157970 0.00747992564 0.5 p0 2 8
832 1195 m2 558928 0.00456526037 0.5 p0 2 5
794 1196 m2 53020 0.000449926913 0.5 p0 2 3
1100 1201 m2 55035 -0.00306338421 0.5 p0 2 3
633 1207 m2 667905 -2.53242501e-06 0.5 p0 2 13
897 1219 m2 806262 0.00303339935 0.5 p0 2 4
1162 1220 m2 279975 0.0432487987 0.5 p0 2 1
1012 1221 m2 391562 0.000204454671 0.5 p0 2 3
1070 1222 m2 404464 -0.0737439245 0.5 p0 2 2
999 1223 m2 157752 -0.0192878544 0.5 p0 2 1
1144 1233 m2 969794 -0.00893583428 0.5 p0 2 1
934 1239 m2 278041 0.000716219423 0.5 p0 2 3
1121 1241 m2 595774 -0.00162743905 0.5 p0 2 3
993 1245 m2 878551 0.0128287161 0.5 p0 2 6
1181 1246 m2 826324 -0.0472915806 0.5 p0 2 6
1193 1252 m2 528171 -0.00262200017 0.5 p0 2 2
1207 1254 m2 894482 0.000877184561 0.5 p0 2 1
890 1262 m2 505837 -0.00510495063 0.5 p0 2 12
1074 1263 m2 960416 0.00485610776 0.5 p0 2 7
771 1264 m2 124098 -0.00025686025 0.5 p0 2 6
63 1268 m2 380018 0.0401450023 0.5 p0 2 10
1062 1273 m2 300075 0.00149474503 0.5 p0 2 2
1130 1274 m2 558678 0.00520783802 0.5 p0 2 6
1010 1280 m2 189939 -0.00132701139 0.5 p0 2 5
1094 1288 m2 569977 -0.00821413752 0.5 p0 2 6
823 1289 m2 718262 -4.64846899e-08 0.5 p0 2 4
1194 1301 m2 23377 5.99858977e-05 0.5 p0 2 1
995 1306 m2 530027 -0.00125952123 0.5 p0 2 3
741 1308 m2 570197 0.0245042481 0.5 p0 2 6
965 1316 m2 839930 0.0180065073 0.5 p0 2 9
1163 1317 m2 783722 0.0055243955 0.5 p0 2 1
1210 1318 m2 203048 0.0144535834 0.5 p0 2 1
1174 1323 m2 153774 9.90723565e-05 0.5 p0 2 2
1011 1324 m2 313891 1.94193262e-06 0.5 p0 2 2
1153 1326 m2 201227 -0.00785300788 0.5 p0 2 4
1150 1332 m2 738673 0.000442302757 0.5 p0 2 2
1067 1338 m2 692303 -2.33840456e-06 0.5 p0 2 6
963 1340 m2 212343 -5.76596085e-06 0.5 p0 2 1
1093 1346 m2 374723 1.25300767e-05 0.5 p0 2 1
1209 1351 m2 920095 -0.0179048236 0.5 p0 2 2
268 1352 m2 179252 -0.0429973342 0.5 p0 2 1
269 1353 m2 221652 1.23709715e-05 0.5 p0 2 2
1119 1354 m2 302505 -0.000223640964 0.5 p0 2 1
1203 1355 m2 942470 0.000133792098 0.5 p0 2 1
1172 1356 m2 524951 -0.00182066276 0.5 p0 2 3
1168 1357 m2 193732 1.81479919e-07 0.5 p0 2 3
1103 1358 m2 329284 -0.00152634492 0.5 p0 2 2
1060 1359 m2 304624 0.0177813116 0.5 p0 2 1
780 1368 m2 149361 0.00558293145 0.5 p0 2 4
967 1369 m2 268185 -0.00104541564 0.5 p0 2 1
1175 1370 m2 181408 -0.000847385614 0.5 p0 2 1
1059 1371 m2 402104 0.00714130234 0.5 p0 2 4
924 1372 m2 527019 -1.29470654e-05 0.5 p0 2 7
1090 1376 m2 645365 0.00339344004 0.5 p0 2 2
1192 1380 m2 954347 0.000390510977 0.5 p0 2 1
1204 1383 m2 601432 -0.00521010067 0.5 p0 2 2
1116 1390 m2 16909 -0.0273089632 0.5 p0 2 1
1151 1391 m2 585873 -3.63114395e-06 0.5 p0 2 2
950 1393 m2 701317 -0.00576971425 0.5 p0 2 1
1143 1394 m2 795223 -0.00197462598 0.5 p0 2 1
969 1397 m2 470252 0.0201637056 0.5 p0 2 1
1108 1399 m2 475765 -0.00050748681 0.5 p0 2 2
1004 1402 m2 729203 0.000853334845 0.5 p0 2 2
976 1405 m2 426581 0.107887179 0.5 p0 2 4
1105 1414 m2 828953 -0.00210963725 0.5 p0 2 1
1159 1416 m2 386332 -0.000222566901 0.5 p0 2 2
1034 1419 m2 375675 2.8822089e-05 0.5 p0 2 1
1157 1422 m2 986507 -0.00231795548 0.5 p0 2 2
1147 1424 m2 46231 3.28088532e-07 0.5 p0 2 1
990 1429 m2 99638 -0.00526896119 0.5 p0 2 4
804 1430 m1 175 -0 0.5 p-1 -150443 9
921 1431 m1 3977 -0 0.5 p-1 -30517 14
802 1432 m1 4679 0 0.5 p-1 -111225 25
484 1433 m1 8471 0 0.5 p-1 -2830290 244
0 1434 m1 11796 -0 0.5 p-1 -22025 32
829 1435 m1 13252 -0 0.5 p-1 -1625575 61
447 1436 m1 14234 -0 0.5 p-1 -529409 20
180 1438 m1 23550 -0 0.5 p-1 -417599 160
425 1439 m1 26637 -0 0.5 p-1 -310128 47
664 1440 m1 39631 0 0.5 p-1 -70943 86
1020 1442 m1 49379 0 0.5 p-1 -9920 8
184 1443 m1 55557 -0 0.5 p-1 -1093766 404
1177 1444 m1 55910 0 0.5 p-1 -38157 1
185 1445 m1 61393 -0 0.5 p-1 -785660 405
186 1447 m1 70163 -0 0.5 p-1 -286260 135
942 1448 m1 72004 -0 0.5 p-1 -5324 4
722 1449 m1 72241 0 0.5 p-1 -788384 137
882 1452 m1 79475 -0 0.5 p-1 -66096 8
671 1453 m1 80867 -0 0.5 p-1 -9685 14
966 1454 m1 83283 -0 0.5 p-1 -108707 1
358 1455 m1 83873 -0 0.5 p-1 -1654255 457
626 1456 m1 98939 -0 0.5 p-1 -200445 57
16 1458 m1 107069 -0 0.5 p-1 -4452592 985
839 1459 m1 109413 -0 0.5 p-1 -733248 15
697 1460 m1 109498 0 0.5 p-1 -7444 10
627 1461 m1 110115 -0 0.5 p-1 -77968 10
265 1463 m1 112846 0 0.5 p-1 -262120 60
316 1464 m1 114536 -0 0.5 p-1 -6136354 303
17 1465 m1 120336 -0 0.5 p-1 -1765384 1789
191 1467 m1 129957 -0 0.5 p-1 -2672863 1266
22 1469 m1 139304 0 0.5 p-1 -4441159 664
645 1471 m1 150779 -0 0.5 p-1 -30858 15
768 1472 m1 154451 -0 0.5 p-1 -22342 16
831 1473 m1 155304 0 0.5 p-1 -51695 54
452 1474 m1 157832 0 0.5 p-1 -490465 103
363 1476 m1 163738 -0 0.5 p-1 -537591 161
1186 1478 m1 168744 -0 0.5 p-1 -13061 1
1202 1479 m1 170090 0 0.5 p-1 -23084 2
1066 1480 m1 170279 -0 0.5 p-1 -5197 3
628 1481 m1 172932 0 0.5 p-1 -603072 14
629 1482 m1 174087 -0 0.5 p-1 -451344 20
613 1483 m1 176882 0 0.5 p-1 -3739011 62
196 1484 m1 177231 0 0.5 p-1 -453736 340
27 1485 m1 178621 -0 0.5 p-1 -2570274 284
1095 1486 m1 179328 0 0.5 p-1 -5651 3
901 1488 m1 180011 -0 0.5 p-1 -195460 28
320 1489 m1 183847 -0 0.5 p-1 -6953323 977
786 1490 m1 184531 0 0.5 p-1 -270602 35
1183 1491 m1 186895 0 0.5 p-1 -9623 1
873 1493 m1 203146 -0 0.5 p-1 -49804 26
860 1495 m1 210250 -0 0.5 p-1 -17006 16
397 1496 m1 212534 0 0.5 p-1 -2218561 816
197 1497 m1 215456 -0 0.5 p-1 -2604915 568
1109 1498 m1 215790 -0 0.5 p-1 -189220 4
1145 1499 m1 216123 -0 0.5 p-1 -185486 5
430 1500 m1 218565 -0 0.5 p-1 -2665914 260
751 1502 m1 223427 -0 0.5 p-1 -27214 20
596 1503 m1 235626 0 0.5 p-1 -230840 42
699 1504 m1 235941 0 0.5 p-1 -252506 51
943 1505 m1 237391 -0 0.5 p-1 -30925 12
630 1506 m1 243035 -0 0.5 p-1 -494428 151
923 1507 m1 252741 0 0.5 p-1 -10193 7
636 1508 m1 253302 0 0.5 p-1 -212947 214
870 1509 m1 258385 0 0.5 p-1 -9028 16
1201 1510 m1 258873 0 0.5 p-1 -3760 1
399 1511 m1 261437 0 0.5 p-1 -422472 417
201 1512 m1 268708 0 0.5 p-1 -7619382 1545
202 1513 m1 268934 -0 0.5 p-1 -2844731 1045
366 1514 m1 271081 -0 0.5 p-1 -898680 462
949 1516 m1 273382 -0 0.5 p-1 -46411 10
637 1517 m1 275477 -0 0.5 p-1 -2918539 81
473 1518 m1 277265 -0 0.5 p-1 -1042943 488
654 1519 m1 281277 -0 0.5 p-1 -116066 120
700 1520 m1 285379 -0 0.5 p-1 -232378 107
1115 1522 m1 290171 -0 0.5 p-1 -12838 7
1171 1523 m1 291371 0 0.5 p-1 -170883 3
861 1524 m1 293455 -0 0.5 p-1 -91081 57
892 1526 m1 299321 0 0.5 p-1 -21616 22
1053 1527 m1 308050 -0 0.5 p-1 -583 13
994 1528 m1 311840 -0 0.5 p-1 -10954 3
541 1529 m1 313209 0 0.5 p-1 -543083 183
1096 1531 m1 320047 -0 0.5 p-1 -6241 4
822 1532 m1 325057 0 0.5 p-1 -683594 53
614 1533 m1 325825 0 0.5 p-1 -252884 21
986 1535 m1 334856 0 0.5 p-1 -90237 21
51 1536 m1 336788 -0 0.5 p-1 -288245 123
52 1537 m1 336846 -0 0.5 p-1 -2879826 1031
616 1539 m1 342054 0 0.5 p-1 -67027 57
530 1540 m1 344496 0 0.5 p-1 -3099153 196
542 1541 m1 345523 -0 0.5 p-1 -722493 121
368 1542 m1 349216 -0 0.5 p-1 -3358986 282
58 1544 m1 350866 -0 0.5 p-1 -5420168 874
323 1547 m1 362086 0 0.5 p-1 -3490157 402
475 1550 m1 370646 -0 0.5 p-1 -90906 63
544 1551 m1 373924 -0 0.5 p-1 -75083 29
370 1553 m1 374775 0 0.5 p-1 -1036954 56
324 1554 m1 376014 0 0.5 p-1 -234500 209
632 1555 m1 376203 0 0.5 p-1 -69885 89
981 1556 m1 376452 -0 0.5 p-1 -16271 5
62 1557 m1 377665 -0 0.5 p-1 -7586039 329
687 1559 m1 380303 -0 0.5 p-1 -7015 12
1014 1560 m1 381209 -0 0.5 p-1 -5063 1
404 1561 m1 382234 0 0.5 p-1 -626841 454
1028 1563 m1 386225 0 0.5 p-1 -326519 12
214 1565 m1 390376 0 0.5 p-1 -6986964 998
955 1566 m1 392090 -0 0.5 p-1 -280155 5
997 1567 m1 393293 -0 0.5 p-1 -9965 5
325 1568 m1 397202 0 0.5 p-1 -298490 72
68 1570 m1 403173 0 0.5 p-1 -5985637 922
280 1571 m1 404341 -0 0.5 p-1 -595373 441
1088 1572 m1 405170 -0 0.5 p-1 -17017 6
372 1573 m1 415985 0 0.5 p-1 -353181 226
70 1575 m1 422208 -0 0.5 p-1 -1263120 895
433 1576 m1 424214 0 0.5 p-1 -2178669 310
1149 1578 m1 429648 -0 0.5 p-1 -48124 6
72 1579 m1 429665 -0 0.5 p-1 -2617437 1168
532 1582 m1 448142 -0 0.5 p-1 -1830369 455
373 1583 m1 449610 0 0.5 p-1 -5068289 103
945 1585 m1 452693 -0 0.5 p-1 -62368 10
782 1586 m1 457460 -0 0.5 p-1 -195409 63
434 1587 m1 460666 0 0.5 p-1 -512353 160
496 1588 m1 464661 -0 0.5 p-1 -78237 24
77 1590 m1 466537 -0 0.5 p-1 -3821472 954
837 1592 m1 473275 0 0.5 p-1 -20991 20
79 1597 m1 485316 -0 0.5 p-1 -3309379 1445
559 1599 m1 490567 0 0.5 p-1 -613830 180
1110 1600 m1 494686 0 0.5 p-1 -190719 5
827 1601 m1 499502 -0 0.5 p-1 -88777 7
1158 1603 m1 502925 0 0.5 p-1 -48293 2
218 1604 m1 506210 -0 0.5 p-1 -6195934 1406
83 1605 m1 506426 -0 0.5 p-1 -1520200 332
84 1607 m1 507035 0 0.5 p-1 -1702657 1471
287 1608 m1 508825 -0 0.5 p-1 -2361778 618
85 1609 m1 511629 0 0.5 p-1 -1767075 145
753 1610 m1 515583 0 0.5 p-1 -50524 124
407 1611 m1 515993 -0 0.5 p-1 -675516 198
220 1613 m1 519842 -0 0.5 p-1 -1640081 521
86 1615 m1 521344 0 0.5 p-1 -131829 255
961 1617 m1 523879 0 0.5 p-1 -76128 49
1065 1618 m1 527042 -0 0.5 p-1 -57102 2
375 1619 m1 531517 0 0.5 p-1 -174764 196
330 1620 m1 532475 0 0.5 p-1 -484743 93
806 1621 m1 533442 -0 0.5 p-1 -472557 33
90 1625 m1 543616 -0 0.5 p-1 -2664653 339
1152 1626 m1 549507 -0 0.5 p-1 -13036 1
500 1632 m1 570436 0 0.5 p-1 -165129 53
96 1633 m1 570532 -0 0.5 p-1 -3309464 665
1106 1636 m1 579704 0 0.5 p-1 -2821 2
99 1637 m1 582265 -0 0.5 p-1 -2111911 1640
1123 1641 m1 594271 -0 0.5 p-1 -30931 2
562 1643 m1 600265 -0 0.5 p-1 -152451 37
103 1645 m1 602736 0 0.5 p-1 -3498417 1405
501 1646 m1 609373 -0 0.5 p-1 -200544 51
105 1647 m1 613147 0 0.5 p-1 -855208 427
985 1648 m1 613705 -0 0.5 p-1 -5209 5
106 1649 m1 614388 0 0.5 p-1 -9563876 1191
600 1651 m1 617096 0 0.5 p-1 -155677 42
291 1652 m1 618539 0 0.5 p-1 -408645 487
813 1653 m1 631086 0 0.5 p-1 -135257 54
1136 1654 m1 633969 -0 0.5 p-1 -29900 1
336 1655 m1 635249 0 0.5 p-1 -7017326 327
730 1656 m1 636456 0 0.5 p-1 -3031527 92
439 1664 m1 670128 0 0.5 p-1 -685934 449
380 1665 m1 670337 -0 0.5 p-1 -2001896 196
230 1666 m1 672473 0 0.5 p-1 -4292679 1358
1072 1668 m1 675294 0 0.5 p-1 -972 1
657 1669 m1 676064 -0 0.5 p-1 -186281 48
964 1670 m1 678958 -0 0.5 p-1 -657726 16
119 1672 m1 685415 -0 0.5 p-1 -3285632 1458
761 1673 m1 690440 0 0.5 p-1 -1612932 24
667 1674 m1 691120 0 0.5 p-1 -264811 48
634 1675 m1 691286 0 0.5 p-1 -2638778 148
789 1677 m1 697023 -0 0.5 p-1 -35077 13
711 1678 m1 700316 0 0.5 p-1 -57859 8
296 1679 m1 702126 0 0.5 p-1 -11501022 827
343 1681 m1 704615 -0 0.5 p-1 -443231 87
586 1682 m1 705020 0 0.5 p-1 -8151 21
1008 1683 m1 709511 0 0.5 p-1 -309821 18
784 1685 m1 715037 -0 0.5 p-1 -9479 25
712 1686 m1 720716 0 0.5 p-1 -309836 171
1125 1688 m1 721411 0 0.5 p-1 -414138 4
125 1689 m1 722975 -0 0.5 p-1 -5012685 1565
621 1690 m1 728853 -0 0.5 p-1 -40481 3
515 1691 m1 729343 -0 0.5 p-1 -1238007 289
126 1692 m1 733145 -0 0.5 p-1 -2762353 1495
688 1693 m1 733223 -0 0.5 p-1 -201398 80
759 1694 m1 733358 -0 0.5 p-1 -46846 22
234 1695 m1 734395 0 0.5 p-1 -1719504 302
128 1696 m1 736229 -0 0.5 p-1 -3333444 1005
947 1697 m1 737042 -0 0.5 p-1 -18929 27
548 1698 m1 737368 0 0.5 p-1 -1883809 165
909 1700 m1 750063 0 0.5 p-1 -10056 23
235 1701 m1 754755 0 0.5 p-1 -868664 389
236 1702 m1 755472 -0 0.5 p-1 -8298517 1458
526 1704 m1 761876 0 0.5 p-1 -11745 12
622 1706 m1 765927 -0 0.5 p-1 -220598 112
574 1707 m1 773978 0 0.5 p-1 -366092 101
754 1710 m1 790796 0 0.5 p-1 -857132 108
643 1711 m1 793647 -0 0.5 p-1 -365084 62
134 1712 m1 798370 0 0.5 p-1 -6353124 1960
528 1713 m1 798736 -0 0.5 p-1 -1301718 146
903 1714 m1 800095 -0 0.5 p-1 -65435 31
575 1715 m1 802479 0 0.5 p-1 -121538 47
303 1718 m1 807007 0 0.5 p-1 -1666212 338
930 1719 m1 809615 -0 0.5 p-1 -9010 4
137 1720 m1 810574 0 0.5 p-1 -3506709 1957
386 1722 m1 820241 0 0.5 p-1 -4606085 828
140 1723 m1 825966 0 0.5 p-1 -1301256 1589
650 1725 m1 827053 -0 0.5 p-1 -34716 54
853 1726 m1 828560 0 0.5 p-1 -153346 36
588 1727 m1 833887 0 0.5 p-1 -1586341 145
144 1728 m1 839594 0 0.5 p-1 -109142 82
387 1729 m1 839884 -0 0.5 p-1 -1001051 118
668 1730 m1 843941 0 0.5 p-1 -37110 18
727 1731 m1 845487 0 0.5 p-1 -84013 132
246 1732 m1 847167 0 0.5 p-1 -1700616 496
940 1733 m1 859883 -0 0.5 p-1 -12765 11
307 1736 m1 866022 -0 0.5 p-1 -1415491 199
150 1737 m1 866412 0 0.5 p-1 -2593751 500
566 1738 m1 868556 -0 0.5 p-1 -171186 52
417 1740 m1 871442 0 0.5 p-1 -408041 348
590 1741 m1 871509 -0 0.5 p-1 -61366 32
151 1742 m1 871684 -0 0.5 p-1 -5707061 1522
1206 1744 m1 876409 -0 0.5 p-1 -4739 1
611 1745 m1 884697 0 0.5 p-1 -24551 12
886 1746 m1 885007 0 0.5 p-1 -548287 38
418 1747 m1 885494 0 0.5 p-1 -2368596 676
248 1748 m1 887778 -0 0.5 p-1 -809264 270
419 1750 m1 894765 -0 0.5 p-1 -1656755 476
249 1755 m1 900950 0 0.5 p-1 -592069 657
250 1756 m1 904012 0 0.5 p-1 -3481125 742
785 1757 m1 906065 -0 0.5 p-1 -28690 31
161 1758 m1 911220 0 0.5 p-1 -3953460 686
390 1759 m1 911540 -0 0.5 p-1 -237599 67
854 1760 m1 913641 -0 0.5 p-1 -26737 15
958 1761 m1 914812 -0 0.5 p-1 -3257 10
932 1762 m1 915791 0 0.5 p-1 -29030 11
996 1763 m1 918586 -0 0.5 p-1 -600508 7
893 1766 m1 941856 0 0.5 p-1 -16374 8
824 1767 m1 942351 0 0.5 p-1 -1411000 5
167 1768 m1 945174 0 0.5 p-1 -2100114 575
707 1770 m1 948050 -0 0.5 p-1 -61732 78
825 1771 m1 948490 0 0.5 p-1 -114640 63
352 1772 m1 952792 -0 0.5 p-1 -364877 73
353 1773 m1 953715 0 0.5 p-1 -2489483 194
171 1774 m1 954876 -0 0.5 p-1 -1340255 486
867 1775 m1 957244 0 0.5 p-1 -10889 33
732 1776 m1 965541 -0 0.5 p-1 -72846 33
393 1778 m1 979036 -0 0.5 p-1 -1518958 681
659 1779 m1 980028 -0 0.5 p-1 -13855 16
174 1781 m1 983717 -0 0.5 p-1 -4167390 1529
811 1782 m1 991612 0 0.5 p-1 -216883 71
971 1783 m1 993274 -0 0.5 p-1 -33577 8
257 1784 m1 995738 -0 0.5 p-1 -202073 236
660 1785 m1 999669 0 0.5 p-1 -18158 14
