Temp_ID Permanent_ID Mutation_type Position s h Subpop Tick Number
0 0 m2 721 0.0367672369 0.5 p-1 -59839 23
504 1 m2 2116 -0.0472587273 0.5 p-1 -3626 6
457 2 m2 2225 0.00310679059 0.5 p-1 -4150 3
366 3 m2 5792 -0.0378723927 0.5 p-1 -71261 63
510 4 m2 6434 0.00326504419 0.5 p-1 -7669 6
143 5 m2 7084 0.00466344226 0.5 p-1 -7334029 1245
1 6 m2 7394 0.00128649233 0.5 p-1 -1820153 629
174 12 m2 17223 -0.0348559618 0.5 p-1 -1274681 159
93 13 m2 17458 0.0204343982 0.5 p-1 -33573 97
94 14 m2 17647 -0.000272352598 0.5 p-1 -171902 198
539 15 m2 18623 -0.00830623228 0.5 p-1 -571404 23
726 17 m2 23413 0.00686021941 0.5 p-1 -3410 2
683 18 m2 24841 -0.0105093149 0.5 p-1 -13025 5
579 19 m2 25276 0.000130594432 0.5 p-1 -18858 6
341 20 m2 26571 5.17327462e-05 0.5 p-1 -132844 108
410 21 m2 28713 -2.98086998e-05 0.5 p-1 -11782 24
747 22 m2 28949 -0.0188336838 0.5 p-1 -23221 1
3 23 m2 29118 0.000506775454 0.5 p-1 -5989140 1437
352 24 m2 29796 -0.0447091348 0.5 p-1 -3299 7
522 26 m2 43230 0.000607388385 0.5 p-1 -220521 19
497 27 m2 44508 0.0125428271 0.5 p-1 -139150 41
6 28 m2 44785 0.00472816639 0.5 p-1 -16600849 1698
145 29 m2 47269 -0.0019915523 0.5 p-1 -2304406 492
511 30 m2 50882 0.0684626922 0.5 p-1 -10973 2
371 32 m2 54447 -0.0221719425 0.5 p-1 -25482 26
552 33 m2 58356 -0.00826273579 0.5 p-1 -38119 18
256 34 m2 59562 -5.66541894e-06 0.5 p-1 -152835 82
765 35 m2 60931 0.00497211656 0.5 p-1 -2126 1
613 36 m2 61265 -0.00155333139 0.5 p-1 -73150 5
735 37 m2 62576 -0.00984135922 0.5 p-1 -8256 1
295 38 m2 63262 1.49645167e-08 0.5 p-1 -273291 196
541 40 m2 74205 -0.000530584948 0.5 p-1 -946058 17
176 41 m2 74583 0.000818812987 0.5 p-1 -1600725 329
566 43 m2 80725 0.000871164317 0.5 p-1 -48304 2
367 44 m2 86712 -4.21353434e-06 0.5 p-1 -131087 9
344 45 m2 87073 0.00605573272 0.5 p-1 -5251554 84
146 46 m2 88887 0.0220702291 0.5 p-1 -918360 556
645 47 m2 90281 -0.00211857748 0.5 p-1 -11246 5
496 49 m2 92965 -0.00720075704 0.5 p-1 -1054093 13
7 50 m2 93262 0.000120198762 0.5 p-1 -2229720 1193
601 51 m2 93480 -0.00015045637 0.5 p-1 -104266 9
635 52 m2 93614 -0.000375578151 0.5 p-1 -5886 7
653 53 m2 95604 0.00259308773 0.5 p-1 -11485 2
177 54 m2 97381 -0.00484563364 0.5 p-1 -62133 30
8 55 m2 97416 -7.93795771e-05 0.5 p-1 -4220411 1748
397 56 m2 99758 0.0139321908 0.5 p-1 -465327 83
577 57 m2 102182 0.0016249154 0.5 p-1 -15743 28
535 58 m2 104469 -0.0427611731 0.5 p-1 -323749 39
96 59 m2 104918 0.005927525 0.5 p-1 -98781 81
178 60 m2 108248 -0.0090210028 0.5 p-1 -1177064 559
411 61 m2 112563 -0.00235146191 0.5 p-1 -30502 8
483 62 m2 117085 0.0597604699 0.5 p-1 -24664 35
204 63 m2 122001 -0.00793132652 0.5 p-1 -5048728 460
519 64 m2 125411 -0.0204633828 0.5 p-1 -1805 11
690 65 m2 127842 0.000565220194 0.5 p-1 -7778 1
374 66 m2 128359 0.00459732208 0.5 p-1 -730293 29
673 67 m2 129215 0.0139438417 0.5 p-1 -9122 1
10 68 m2 129377 -0.0866003484 0.5 p-1 -733583 500
375 69 m2 129521 0.0074256286 0.5 p-1 -411606 32
775 70 m2 129664 -0.144271508 0.5 p-1 -9193 1
11 71 m2 133074 0.00590852555 0.5 p-1 -2213440 1438
478 72 m2 134240 0.00268957904 0.5 p-1 -18912 30
611 73 m2 134852 -0.0190713387 0.5 p-1 -3069 1
12 74 m2 135172 0.000944228843 0.5 p-1 -101747 49
465 75 m2 135384 -0.00490237074 0.5 p-1 -1334634 129
13 76 m2 138890 -0.000366901222 0.5 p-1 -1562415 813
258 77 m2 140290 -0.00294989371 0.5 p-1 -2456679 192
536 79 m2 141220 0.000331641932 0.5 p-1 -16360 4
357 80 m2 141307 0.026826987 0.5 p-1 -105315 85
527 81 m2 144608 0.0169158913 0.5 p-1 -752 5
426 82 m2 147058 0.0675093234 0.5 p-1 -240377 34
528 83 m2 148825 -0.01273097 0.5 p-1 -1238539 28
406 86 m2 157308 0.000733451569 0.5 p-1 -2637298 40
466 88 m2 160637 -0.000346645305 0.5 p-1 -31639 25
16 89 m2 161419 -0.000204856944 0.5 p-1 -2528341 453
206 90 m2 161428 -0.000313316908 0.5 p-1 -734068 393
380 91 m2 161479 -0.0639886707 0.5 p-1 -96941 38
398 92 m2 165134 -0.00160223013 0.5 p-1 -520576 103
399 95 m2 166169 -1.29232767e-05 0.5 p-1 -62161 86
268 96 m2 168709 -6.71046837e-06 0.5 p-1 -620038 471
649 98 m2 173653 -0.000843196467 0.5 p-1 -1986980 14
484 99 m2 175285 0.00224344572 0.5 p-1 -70282 25
474 100 m2 175414 0.0173299089 0.5 p-1 -234952 15
408 101 m2 175842 -0.0359143019 0.5 p-1 -442356 63
278 102 m2 177308 0.000160842086 0.5 p-1 -1322717 18
179 103 m2 179200 -0.0020864394 0.5 p-1 -48487 16
207 104 m2 183747 -0.000207398625 0.5 p-1 -855511 509
101 105 m2 184727 -2.44889579e-05 0.5 p-1 -3952516 870
400 107 m2 185409 -0.00150570658 0.5 p-1 -101455 77
464 110 m2 189405 -0.00272031757 0.5 p-1 -35037 1
180 111 m2 190886 0.0064944895 0.5 p-1 -692062 336
646 112 m2 193064 0.000434658577 0.5 p-1 -5528 2
181 113 m2 193638 0.00522919698 0.5 p-1 -125284 67
569 114 m2 195215 0.00142817991 0.5 p-1 -11038 11
147 115 m2 199508 -0.000497973058 0.5 p-1 -2259260 1184
345 116 m2 202996 0.0028136184 0.5 p-1 -49129 17
372 117 m2 204992 -0.0090745464 0.5 p-1 -344318 48
733 118 m2 206124 -0.00835807063 0.5 p-1 -8176 3
370 119 m2 209965 0.00153324602 0.5 p-1 -340113 36
17 120 m2 211936 1.82917756e-05 0.5 p-1 -2521425 1565
299 122 m2 214214 -0.00824661553 0.5 p-1 -5128 2
346 123 m2 214217 0.00162692659 0.5 p-1 -70514 82
18 125 m2 218844 0.00124962488 0.5 p-1 -5262129 1222
300 126 m2 221075 -0.0324956253 0.5 p-1 -2197818 336
599 129 m2 226648 -4.92495246e-07 0.5 p-1 -72355 14
19 130 m2 228866 0.000285357732 0.5 p-1 -1777119 755
622 131 m2 229695 0.00386381964 0.5 p-1 -19064 1
481 132 m2 230567 -0.00500025414 0.5 p-1 -4101 3
311 133 m2 230892 -0.00566951279 0.5 p-1 -199062 215
376 134 m2 231045 -2.80614334e-11 0.5 p-1 -50008 32
537 135 m2 231258 0.0184423793 0.5 p-1 -5761 2
412 136 m2 231539 -0.0106886961 0.5 p-1 -143211 23
608 137 m2 233825 -0.022484567 0.5 p-1 -432915 12
578 138 m2 234913 0.000505438307 0.5 p-1 -32048 9
148 139 m2 236786 -0.00348043372 0.5 p-1 -6639633 268
590 141 m2 242414 5.57177627e-05 0.5 p-1 -4510 3
488 143 m2 245689 -0.00154995034 0.5 p-1 -22673 4
289 144 m2 245713 -0.00231324928 0.5 p-1 -197730 201
21 145 m2 246320 0.0028417299 0.5 p-1 -416220 18
573 146 m2 246339 -0.00436365884 0.5 p-1 -57364 32
229 148 m2 253086 5.46503259e-07 0.5 p-1 -6086 1
209 149 m2 253835 6.72675305e-05 0.5 p-1 -451096 208
270 150 m2 255068 0.00212018937 0.5 p-1 -547184 181
23 151 m2 255536 -0.0619043037 0.5 p-1 -15601236 1606
248 152 m2 256177 -5.7376343e-07 0.5 p-1 -2070262 145
386 153 m2 260663 -0.00490918523 0.5 p-1 -167290 45
24 154 m2 261811 0.00289403927 0.5 p-1 -3120079 370
326 155 m2 265241 0.06892775 0.5 p-1 -1057662 138
210 156 m2 265630 -0.000662966573 0.5 p-1 -282812 117
230 157 m2 265848 0.00940385275 0.5 p-1 -285025 182
540 158 m2 268553 0.229444295 0.5 p-1 -4964 4
556 159 m2 276686 -0.0659261718 0.5 p-1 -27070 9
271 160 m2 278344 2.05297401e-05 0.5 p-1 -657743 283
377 161 m2 278354 0.0238216296 0.5 p-1 -433471 376
249 162 m2 278562 -0.00018775824 0.5 p-1 -772118 862
378 163 m2 279705 0.00224261242 0.5 p-1 -370815 3
102 164 m2 280194 -0.000755497196 0.5 p-1 -4415061 573
517 165 m2 280571 5.42571797e-05 0.5 p-1 -103181 51
498 167 m2 283331 -0.0128542148 0.5 p-1 -17854 27
211 168 m2 283579 0.000346718967 0.5 p-1 -1662647 441
499 169 m2 285482 -0.00502041215 0.5 p-1 -19494 27
26 170 m2 285826 0.0299567468 0.5 p-1 -2341724 1877
637 171 m2 286479 0.0111050634 0.5 p-1 -39206 7
27 172 m2 286819 -0.00552818691 0.5 p-1 -9082459 525
183 173 m2 287710 0.00639738515 0.5 p-1 -8572589 1519
28 174 m2 292246 -0.00644627586 0.5 p-1 -6275030 1784
212 175 m2 293507 0.0119308196 0.5 p-1 -16572 15
475 176 m2 296959 -0.0240487121 0.5 p-1 -91114 21
489 177 m2 297802 -0.000571624667 0.5 p-1 -128152 19
381 178 m2 298481 -0.00150326302 0.5 p-1 -127197 47
361 179 m2 303480 0.00247535785 0.5 p-1 -895303 111
259 180 m2 303839 0.0190662574 0.5 p-1 -150713 41
594 182 m2 307310 -0.000455596164 0.5 p-1 -1211 1
103 183 m2 308487 0.00699533336 0.5 p-1 -664792 416
441 184 m2 309021 -2.87946095e-05 0.5 p-1 -139211 73
272 185 m2 310751 2.29070374e-05 0.5 p-1 -441140 181
379 186 m2 313983 0.000460850366 0.5 p-1 -706942 29
30 187 m2 316819 -0.0728703588 0.5 p-1 -3587424 1721
290 188 m2 317227 0.00506517058 0.5 p-1 -154236 88
31 189 m2 318367 -0.0215729009 0.5 p-1 -497798 362
213 191 m2 323398 -5.40482797e-05 0.5 p-1 -143144 65
664 193 m2 324530 0.00496226177 0.5 p-1 -11606 3
730 194 m2 326828 7.9638281e-05 0.5 p-1 -8519 4
232 195 m2 329082 0.000618495978 0.5 p-1 -386310 54
568 196 m2 329869 0.00011880252 0.5 p-1 -42674 2
149 197 m2 331770 -0.0185672864 0.5 p-1 -705532 1106
679 198 m2 332313 -0.00134806649 0.5 p-1 -3813 3
414 199 m2 334490 0.0359217599 0.5 p-1 -116496 137
33 201 m2 337413 -0.00990344584 0.5 p-1 -3441177 1630
320 202 m2 338795 -0.000670476293 0.5 p-1 -186328 201
34 203 m2 346545 -0.00371966325 0.5 p-1 -9381647 662
471 204 m2 347096 -0.00334043126 0.5 p-1 -46478 10
214 206 m2 348473 -0.00245655444 0.5 p-1 -43554 45
453 207 m2 349950 -0.0377432555 0.5 p-1 -6709 9
628 208 m2 351174 1.48707959e-05 0.5 p-1 -232 3
150 209 m2 351300 0.00174388057 0.5 p-1 -3495435 387
151 210 m2 352476 0.0540271811 0.5 p-1 -2507065 753
35 211 m2 352642 0.000240470094 0.5 p-1 -5479257 1363
184 213 m2 355105 0.000180674586 0.5 p-1 -6664238 397
185 214 m2 355633 0.0834630579 0.5 p-1 -2337767 574
152 215 m2 357430 -0.00930308364 0.5 p-1 -1517495 440
36 217 m2 363231 0.00123964809 0.5 p-1 -2246296 1729
532 218 m2 363973 0.00828250404 0.5 p-1 -74017 20
105 219 m2 366147 -0.0354698747 0.5 p-1 -3205284 229
186 220 m2 367685 -0.000376205979 0.5 p-1 -6252738 948
234 221 m2 368220 0.00455844542 0.5 p-1 -1062300 158
572 222 m2 377667 -0.00940978061 0.5 p-1 -76730 4
644 223 m2 378089 -0.000105447405 0.5 p-1 -825 1
742 225 m2 379598 -0.00482107559 0.5 p-1 -1590 1
373 226 m2 379608 7.25132995e-05 0.5 p-1 -77207 82
37 227 m2 379687 0.000148729145 0.5 p-1 -4108571 1771
512 228 m2 380780 -0.0138614913 0.5 p-1 -319500 18
505 229 m2 382729 0.000626471185 0.5 p-1 -70228 18
524 231 m2 383826 -0.00118271087 0.5 p-1 -21858 16
391 232 m2 385157 -0.000816640153 0.5 p-1 -197860 88
559 234 m2 388706 0.0182805005 0.5 p-1 -29572 6
154 235 m2 389212 0.0891478658 0.5 p-1 -8517580 1273
38 236 m2 390181 0.00548579916 0.5 p-1 -1948135 1372
107 237 m2 391776 0.00808022171 0.5 p-1 -2202049 700
420 238 m2 392653 -0.0107064182 0.5 p-1 -340513 69
296 240 m2 397915 0.000227462646 0.5 p-1 -1519014 56
454 241 m2 398019 -0.000208467216 0.5 p-1 -35464 24
108 242 m2 401939 0.00745136989 0.5 p-1 -2262423 506
312 244 m2 408033 2.24218957e-06 0.5 p-1 -296956 44
313 245 m2 409858 0.0653221533 0.5 p-1 -1021678 157
342 246 m2 410364 -0.000155691348 0.5 p-1 -340972 164
187 248 m2 412861 -0.0475163162 0.5 p-1 -2444133 521
393 249 m2 414977 -0.00220697513 0.5 p-1 -620331 123
188 250 m2 415534 -0.000366445922 0.5 p-1 -106657 56
718 251 m2 416216 -0.000281767425 0.5 p-1 -13322 2
39 254 m2 418086 0.00276125548 0.5 p-1 -915164 269
448 255 m2 418638 -0.057972949 0.5 p-1 -1364195 82
507 256 m2 419725 -0.00135352893 0.5 p-1 -30770 4
394 257 m2 420257 -8.89698858e-05 0.5 p-1 -70352 79
731 259 m2 424395 0.00570453051 0.5 p-1 -11498 1
774 260 m2 424539 -0.0147568211 0.5 p-1 -8096 1
582 261 m2 426236 -0.000333661679 0.5 p-1 -12356 1
216 262 m2 427353 0.0128747365 0.5 p-1 -2293626 403
109 263 m2 428704 -7.51359985e-05 0.5 p-1 -2216204 1065
262 264 m2 429515 -0.00571175199 0.5 p-1 -225819 25
669 265 m2 429581 -0.000647675304 0.5 p-1 -8479 4
353 266 m2 430737 0.00413258933 0.5 p-1 -93125 96
110 268 m2 432897 -0.0109374039 0.5 p-1 -1570316 1323
513 269 m2 434312 0.0118551394 0.5 p-1 -52268 62
217 270 m2 438562 0.00950088259 0.5 p-1 -1683955 756
236 271 m2 438720 -0.0140495272 0.5 p-1 -495062 269
450 272 m2 439066 -0.0130756842 0.5 p-1 -494232 104
250 273 m2 439332 -0.0766064674 0.5 p-1 -158224 63
40 274 m2 440106 0.0367017239 0.5 p-1 -8860294 1955
760 275 m2 440377 -0.00137176062 0.5 p-1 -695 1
616 276 m2 441608 0.0155414632 0.5 p-1 -4951 2
155 279 m2 448475 1.19148854e-05 0.5 p-1 -2535504 804
650 281 m2 454886 0.000673637667 0.5 p-1 -9564 3
218 282 m2 456402 -0.000424035767 0.5 p-1 -410507 422
43 283 m2 456513 -1.27886415e-06 0.5 p-1 -1154877 53
770 284 m2 459908 -0.00219426746 0.5 p-1 -1434 1
763 285 m2 460122 -0.00932881702 0.5 p-1 -3952 1
264 287 m2 465190 -0.00947138947 0.5 p-1 -267456 232
297 288 m2 466129 -6.84756305e-05 0.5 p-1 -305136 171
493 289 m2 466772 0.0015648104 0.5 p-1 -139671 38
362 290 m2 469753 0.0129335113 0.5 p-1 -101675 76
327 291 m2 470061 -0.00819658209 0.5 p-1 -673284 142
771 292 m2 473194 0.0388196185 0.5 p-1 -391 1
472 293 m2 474272 0.0205019787 0.5 p-1 -86470 50
555 294 m2 475428 -0.0219421778 0.5 p-1 -38782 6
473 295 m2 479595 -0.00348484889 0.5 p-1 -163547 14
595 297 m2 481361 0.000442025979 0.5 p-1 -13212 5
321 298 m2 485775 -0.0193070881 0.5 p-1 -210081 30
189 299 m2 485810 -0.00219390611 0.5 p-1 -412880 430
291 300 m2 487674 0.000231060927 0.5 p-1 -467232 86
302 301 m2 491497 0.0182133522 0.5 p-1 -642171 67
112 302 m2 491761 -0.00228589843 0.5 p-1 -692562 29
45 304 m2 492624 -0.0010737764 0.5 p-1 -3159029 1761
630 306 m2 497480 -0.00312502705 0.5 p-1 -16734 2
190 307 m2 497982 -7.02286634e-05 0.5 p-1 -1863885 434
460 308 m2 498062 -8.54259179e-06 0.5 p-1 -432667 38
314 309 m2 499368 0.0165479407 0.5 p-1 -399902 74
191 310 m2 501219 0.00146146084 0.5 p-1 -1653283 405
192 312 m2 501459 0.000206219542 0.5 p-1 -1004344 434
46 313 m2 502080 -2.24156679e-07 0.5 p-1 -2033266 850
631 314 m2 502778 -0.000405988045 0.5 p-1 -66496 4
113 315 m2 504041 -0.015747847 0.5 p-1 -1667900 762
282 316 m2 505650 -0.00287163258 0.5 p-1 -822619 136
219 317 m2 508575 -0.00128152943 0.5 p-1 -1243633 330
220 319 m2 512653 0.01197288 0.5 p-1 -5579403 145
678 321 m2 516932 0.00677417405 0.5 p-1 -30367 6
47 322 m2 517099 0.000395474548 0.5 p-1 -3522227 1457
48 323 m2 518127 0.000467627397 0.5 p-1 -3023740 1553
273 324 m2 518215 -0.00189840398 0.5 p-1 -2756789 235
274 325 m2 520321 -0.000764393946 0.5 p-1 -197397 260
337 326 m2 523966 0.000767801946 0.5 p-1 -392813 113
304 328 m2 525302 0.000866621616 0.5 p-1 -280424 14
329 329 m2 526769 -0.00268664397 0.5 p-1 -836545 30
338 330 m2 527112 0.0130593376 0.5 p-1 -21292 14
693 331 m2 527830 0.00551748322 0.5 p-1 -277 3
298 332 m2 528148 2.60382915e-08 0.5 p-1 -37129 34
49 333 m2 529630 0.0444671325 0.5 p-1 -836587 497
667 334 m2 532420 -0.000656859018 0.5 p-1 -1415 1
50 335 m2 534078 1.58926214e-05 0.5 p-1 -591033 1238
516 336 m2 534309 0.000919557177 0.5 p-1 -4237597 17
715 337 m2 534804 0.0386977531 0.5 p-1 -2437 1
605 338 m2 536973 0.00201330567 0.5 p-1 -294967 1
439 340 m2 537501 0.0217628926 0.5 p-1 -75077 30
482 342 m2 539065 -2.16000831e-06 0.5 p-1 -355310 24
114 343 m2 539183 -6.38573983e-05 0.5 p-1 -4148488 1150
625 344 m2 540255 0.000853276579 0.5 p-1 -1240087 5
431 346 m2 543054 -0.00861125905 0.5 p-1 -119862 33
51 348 m2 544489 0.0191723406 0.5 p-1 -280391 203
501 349 m2 545272 0.00851268973 0.5 p-1 -52069 19
115 351 m2 551709 0.000194581124 0.5 p-1 -3254930 1480
643 353 m2 556583 7.94646476e-05 0.5 p-1 -746 2
116 354 m2 558157 -0.00237179897 0.5 p-1 -3005076 1775
117 355 m2 558210 9.1853457e-05 0.5 p-1 -2131109 1467
118 358 m2 564279 -0.0229032896 0.5 p-1 -2573421 1505
358 359 m2 565036 0.0323526263 0.5 p-1 -50984 39
492 360 m2 571315 -0.0091728894 0.5 p-1 -19055 15
158 361 m2 571901 0.00335676968 0.5 p-1 -70529 87
388 362 m2 573864 0.00665109651 0.5 p-1 -223775 46
520 363 m2 574019 -4.88449565e-08 0.5 p-1 -23701 14
193 364 m2 574906 -0.00723615289 0.5 p-1 -702051 301
449 365 m2 575707 0.00306757074 0.5 p-1 -86947 50
52 366 m2 576120 -0.000810972997 0.5 p-1 -6042624 1985
518 367 m2 580421 0.0141078653 0.5 p-1 -93697 4
462 368 m2 580523 -0.00137608906 0.5 p-1 -121916 15
120 369 m2 582614 0.000392654503 0.5 p-1 -4765198 652
305 370 m2 583156 -2.55437751e-08 0.5 p-1 -138619 43
609 371 m2 583498 -3.48229332e-05 0.5 p-1 -803 8
54 373 m2 587385 0.0115199536 0.5 p-1 -1274294 786
521 374 m2 588263 1.20171208e-05 0.5 p-1 -4006837 33
121 375 m2 590592 -0.000161830962 0.5 p-1 -199064 101
663 376 m2 591554 0.00631669816 0.5 p-1 -21835 3
494 377 m2 591660 0.0253279824 0.5 p-1 -15283 8
634 378 m2 592529 -0.000298036146 0.5 p-1 -81559 4
458 379 m2 592692 0.00107160723 0.5 p-1 -60363 15
355 380 m2 594512 0.0257553309 0.5 p-1 -31659 23
436 383 m2 596108 0.0156774074 0.5 p-1 -210159 21
55 384 m2 597008 0.0386887342 0.5 p-1 -362492 476
56 385 m2 597123 0.00157286599 0.5 p-1 -950852 487
722 387 m2 599320 0.000729140418 0.5 p-1 -102871 1
490 389 m2 601328 -0.000163592253 0.5 p-1 -99060 12
159 390 m2 603443 0.0111176446 0.5 p-1 -413259 145
614 392 m2 605491 -0.0179729294 0.5 p-1 -15061 6
307 395 m2 607448 0.00153737154 0.5 p-1 -2782776 548
691 397 m2 608965 1.4690256e-10 0.5 p-1 -6279 3
549 398 m2 609597 -5.40695844e-09 0.5 p-1 -203267 15
195 399 m2 618571 0.010104469 0.5 p-1 -525624 138
402 401 m2 625893 0.000185496494 0.5 p-1 -34011 41
122 402 m2 626697 0.000317423779 0.5 p-1 -1469510 999
160 404 m2 631167 -1.70833676e-08 0.5 p-1 -622426 582
610 406 m2 638237 0.00605017412 0.5 p-1 -138039 27
632 407 m2 641382 -1.31747302e-05 0.5 p-1 -31766 2
196 408 m2 645871 -3.72515494e-08 0.5 p-1 -32288 9
62 409 m2 646139 0.0011422867 0.5 p-1 -6541699 1608
623 410 m2 648340 -1.0559952e-08 0.5 p-1 -5358 2
692 411 m2 648347 -0.00392212206 0.5 p-1 -41100 3
283 412 m2 648486 1.17100751e-09 0.5 p-1 -1528049 108
612 413 m2 648599 0.0140737565 0.5 p-1 -7233 4
251 415 m2 650776 0.0843149424 0.5 p-1 -455205 205
732 416 m2 651421 0.00158511556 0.5 p-1 -3323 2
162 420 m2 662068 0.0188297555 0.5 p-1 -361990 123
749 423 m2 665589 -3.13409259e-07 0.5 p-1 -6713 1
63 424 m2 665970 0.000389410037 0.5 p-1 -1859424 1244
368 425 m2 669742 -0.023469219 0.5 p-1 -353747 131
485 427 m2 670837 0.01069686 0.5 p-1 -37761 38
65 428 m2 670887 1.55232792e-05 0.5 p-1 -7965243 830
769 429 m2 671755 0.00036031616 0.5 p-1 -6024 1
711 430 m2 675555 -0.0165986437 0.5 p-1 -1145903 2
222 432 m2 677627 0.00176119048 0.5 p-1 -2361518 735
316 433 m2 678596 0.00375550799 0.5 p-1 -415866 113
621 434 m2 678725 0.00984909385 0.5 p-1 -15492 6
506 436 m2 684857 -0.000946426531 0.5 p-1 -46144 3
563 437 m2 685202 0.00537781185 0.5 p-1 -85259 74
223 438 m2 685484 -0.00169832399 0.5 p-1 -205144 49
587 440 m2 687521 0.0216193143 0.5 p-1 -8649 12
383 441 m2 689034 0.00530206552 0.5 p-1 -1209606 203
712 443 m2 690331 3.32786132e-10 0.5 p-1 -16168 1
580 444 m2 692360 -0.0121033611 0.5 p-1 -77894 6
238 445 m2 695368 -0.0484735593 0.5 p-1 -4495043 142
265 446 m2 695817 -0.0111675989 0.5 p-1 -745558 169
123 447 m2 695867 8.44616079e-06 0.5 p-1 -1525810 414
317 448 m2 697067 -0.000164871002 0.5 p-1 -1513328 291
427 450 m2 698143 0.000714439666 0.5 p-1 -67517 14
124 451 m2 699477 -1.18955018e-06 0.5 p-1 -540772 396
197 452 m2 700856 0.000853136356 0.5 p-1 -1025530 231
164 453 m2 702431 -0.00126588799 0.5 p-1 -2109731 262
363 454 m2 703487 -0.000489730795 0.5 p-1 -745057 144
67 456 m2 703872 -0.000659480516 0.5 p-1 -2355946 278
698 457 m2 703956 0.00108484935 0.5 p-1 -36012 3
165 458 m2 707049 -0.0036483265 0.5 p-1 -2449163 1092
546 459 m2 714078 -0.0067054173 0.5 p-1 -81778 17
285 460 m2 716072 -0.0102118114 0.5 p-1 -118031 39
166 462 m2 721035 2.21569274e-09 0.5 p-1 -90974 75
738 463 m2 723241 0.0114441384 0.5 p-1 -40273 2
331 464 m2 723527 -0.00875707157 0.5 p-1 -321763 103
545 465 m2 726255 0.0478486009 0.5 p-1 -3960 2
592 466 m2 727850 -0.00490943063 0.5 p-1 -28527 10
68 467 m2 730847 -0.000664375024 0.5 p-1 -3014822 1946
550 468 m2 731208 -7.36664588e-05 0.5 p-1 -45149 45
514 469 m2 731685 -0.00175143266 0.5 p-1 -17985 7
525 470 m2 732724 6.25763932e-05 0.5 p-1 -726573 82
69 472 m2 736258 -0.0190322064 0.5 p-1 -5048043 1160
126 474 m2 738150 0.0127267698 0.5 p-1 -2872269 360
606 475 m2 738405 7.03978949e-05 0.5 p-1 -10938 8
127 477 m2 740963 -0.0100335665 0.5 p-1 -3120911 1275
681 478 m2 745746 -0.00841494184 0.5 p-1 -2241 4
318 479 m2 746207 -0.00914682727 0.5 p-1 -2641400 339
600 480 m2 746854 -0.000904573128 0.5 p-1 -1189 1
684 481 m2 746916 2.92954919e-05 0.5 p-1 -21697 1
70 483 m2 747821 -6.60991718e-05 0.5 p-1 -1962493 1475
432 484 m2 749613 -3.63834297e-05 0.5 p-1 -65639 7
323 485 m2 751171 -0.000736475631 0.5 p-1 -37540 10
445 486 m2 751317 -0.0170185324 0.5 p-1 -610322 37
468 487 m2 752090 -2.39130732e-05 0.5 p-1 -230947 92
422 488 m2 752444 0.0119851194 0.5 p-1 -578870 22
428 489 m2 753752 -0.00726637058 0.5 p-1 -88977 9
389 490 m2 754106 -0.00122712948 0.5 p-1 -1686865 245
239 491 m2 754254 -0.0014127891 0.5 p-1 -203822 18
424 492 m2 754505 8.4647418e-08 0.5 p-1 -132269 24
538 493 m2 755496 0.00808463711 0.5 p-1 -317498 6
395 494 m2 761474 4.38344068e-06 0.5 p-1 -934003 158
252 495 m2 766856 0.00108844216 0.5 p-1 -2491168 941
253 496 m2 767143 -0.00616047345 0.5 p-1 -1551746 711
697 497 m2 768855 -5.83671645e-05 0.5 p-1 -584 5
455 499 m2 773753 1.24660369e-06 0.5 p-1 -193034 48
240 500 m2 779542 -0.00206690701 0.5 p-1 -1075038 780
286 501 m2 781491 -0.00080143183 0.5 p-1 -214475 29
72 502 m2 782966 -0.0009845366 0.5 p-1 -2138065 1795
199 503 m2 784303 4.39536102e-10 0.5 p-1 -1272699 374
73 504 m2 785652 0.000103048522 0.5 p-1 -2469119 1189
429 506 m2 789214 0.000326337788 0.5 p-1 -210467 68
657 508 m2 790310 0.00810601935 0.5 p-1 -17584 4
224 509 m2 790793 0.000134060436 0.5 p-1 -4119984 502
727 511 m2 792865 -0.00344354287 0.5 p-1 -13141 1
456 513 m2 796721 -0.0108546335 0.5 p-1 -152775 38
241 514 m2 797075 0.0866204873 0.5 p-1 -631167 144
74 515 m2 799449 0.0746917725 0.5 p-1 -882526 1134
469 516 m2 800148 1.68458483e-10 0.5 p-1 -16948 10
76 517 m2 801345 0.00563838053 0.5 p-1 -1180569 954
390 519 m2 802844 -0.0622046851 0.5 p-1 -150084 4
77 520 m2 803058 0.000647892884 0.5 p-1 -6222079 1213
433 521 m2 804577 0.0253079776 0.5 p-1 -1252325 175
641 522 m2 804784 -0.000760503113 0.5 p-1 -8551 14
565 524 m2 806128 6.88752407e-05 0.5 p-1 -37002 26
364 525 m2 813395 0.00274679181 0.5 p-1 -1514982 326
704 526 m2 813782 -1.02901785e-08 0.5 p-1 -16432 6
365 527 m2 816199 -0.000187109705 0.5 p-1 -107953 23
130 528 m2 816697 -0.00952365249 0.5 p-1 -6002182 1836
324 529 m2 817648 -0.000671456684 0.5 p-1 -153708 37
200 531 m2 820157 8.12842518e-06 0.5 p-1 -885836 155
132 532 m2 821117 0.000494694337 0.5 p-1 -11883 13
133 533 m2 821281 -0.0110253431 0.5 p-1 -3509253 1225
503 535 m2 829355 -0.00961565971 0.5 p-1 -28146 13
169 536 m2 831400 -0.00040661986 0.5 p-1 -736135 522
319 537 m2 832322 0.000318078091 0.5 p-1 -10254818 251
79 538 m2 833273 3.09228221e-06 0.5 p-1 -896124 473
417 539 m2 833360 0.000293554738 0.5 p-1 -75311 23
686 540 m2 833537 -0.00420460571 0.5 p-1 -2153 1
80 541 m2 833956 -0.0220490582 0.5 p-1 -1499953 513
201 544 m2 843136 0.00788052008 0.5 p-1 -13895249 189
586 545 m2 843282 -0.00803165138 0.5 p-1 -29382 17
728 546 m2 843833 5.77816172e-05 0.5 p-1 -2551 3
403 547 m2 847090 -0.00319584389 0.5 p-1 -1381759 31
225 548 m2 849390 0.00344906002 0.5 p-1 -734575 409
585 549 m2 849613 0.000114959817 0.5 p-1 -1305145 10
491 552 m2 859257 -0.00302182534 0.5 p-1 -2153443 51
570 553 m2 860048 -0.0210795421 0.5 p-1 -276605 17
407 554 m2 860972 0.000185816345 0.5 p-1 -6535 6
332 555 m2 861903 0.00163657148 0.5 p-1 -325192 94
333 556 m2 862197 -0.00401427085 0.5 p-1 -243069 94
81 559 m2 868131 1.89990203e-06 0.5 p-1 -8826292 1956
242 560 m2 868783 4.43240679e-05 0.5 p-1 -4913 4
82 563 m2 870022 -0.000164082478 0.5 p-1 -2593385 1632
343 564 m2 870712 -1.43897364e-06 0.5 p-1 -120001 51
310 566 m2 874740 -0.00449644262 0.5 p-1 -1773276 296
741 567 m2 875568 0.000216904256 0.5 p-1 -2927 1
243 568 m2 879596 2.33261653e-05 0.5 p-1 -12234642 467
434 569 m2 879918 0.00013684752 0.5 p-1 -100396 135
84 570 m2 884534 -0.0696520656 0.5 p-1 -11950600 462
227 572 m2 887847 0.0233321488 0.5 p-1 -960358 272
438 573 m2 888974 -5.0941806e-05 0.5 p-1 -836235 30
228 574 m2 897736 -0.0218317937 0.5 p-1 -1152985 326
294 575 m2 900844 0.000899236999 0.5 p-1 -41449 10
85 576 m2 901069 -6.4215601e-06 0.5 p-1 -1565473 1394
529 577 m2 901995 0.00172610243 0.5 p-1 -2443 9
246 578 m2 904417 0.000126512721 0.5 p-1 -2223453 38
561 579 m2 904919 -9.62640333e-05 0.5 p-1 -22353 4
696 580 m2 906714 3.569404e-05 0.5 p-1 -19440 1
170 581 m2 908476 0.00175224349 0.5 p-1 -2164618 450
444 582 m2 908885 2.6202928e-05 0.5 p-1 -748961 55
746 583 m2 910305 -2.09756963e-05 0.5 p-1 -4151 2
404 584 m2 914544 -7.0405702e-05 0.5 p-1 -387373 123
136 585 m2 918914 0.00353322108 0.5 p-1 -2317412 1021
86 586 m2 919769 -0.000113122842 0.5 p-1 -3080220 226
405 587 m2 919811 0.00107513706 0.5 p-1 -1576 8
87 588 m2 921854 3.79658047e-07 0.5 p-1 -306940 119
615 589 m2 924833 0.00387251866 0.5 p-1 -1913 3
88 590 m2 927265 -0.0153820077 0.5 p-1 -2047237 1843
171 591 m2 929857 0.000628216891 0.5 p-1 -535275 650
618 592 m2 930180 2.61163018e-06 0.5 p-1 -4788 6
334 593 m2 930421 -0.00186973973 0.5 p-1 -75298 20
665 596 m2 934055 0.00842841063 0.5 p-1 -27880 6
137 597 m2 936085 -0.000446648221 0.5 p-1 -6217358 568
254 598 m2 937220 3.21697735e-05 0.5 p-1 -290569 191
523 599 m2 937594 0.00920492318 0.5 p-1 -132151 27
558 600 m2 938224 -0.00578648737 0.5 p-1 -4202 2
90 601 m2 941364 0.00168259616 0.5 p-1 -1098821 557
138 602 m2 943511 -1.34360007e-05 0.5 p-1 -1195572 479
660 603 m2 947863 -0.000578225648 0.5 p-1 -8120 5
571 604 m2 950683 5.95986567e-05 0.5 p-1 -76234 14
325 605 m2 951162 -0.0364961885 0.5 p-1 -699806 73
415 607 m2 955278 0.0112323659 0.5 p-1 -2228468 28
340 608 m2 955374 -1.45850381e-05 0.5 p-1 -469603 147
139 609 m2 956060 0.0164365023 0.5 p-1 -6645651 1486
442 611 m2 959225 0.000114482944 0.5 p-1 -201791 39
350 614 m2 963205 -0.00648837583 0.5 p-1 -1728366 224
526 615 m2 963585 0.081115514 0.5 p-1 -93548 54
452 616 m2 965616 -0.0512251891 0.5 p-1 -1004627 63
141 617 m2 966822 -6.19128259e-05 0.5 p-1 -5242349 618
756 618 m2 968345 0.000150100241 0.5 p-1 -2753 2
351 619 m2 970299 0.0502944067 0.5 p-1 -535035 163
547 621 m2 972886 1.16836827e-05 0.5 p-1 -347223 26
92 622 m2 973554 -0.000906316563 0.5 p-1 -3120302 1758
142 623 m2 976627 0.0158718061 0.5 p-1 -6593993 961
287 624 m2 981259 2.61769655e-05 0.5 p-1 -1940429 295
713 625 m2 986985 -0.000880352047 0.5 p-1 -8417 1
602 626 m2 988830 -0.0226538759 0.5 p-1 -24484 11
172 627 m2 989541 -0.00127934688 0.5 p-1 -6533628 178
702 630 m2 995584 -0.00795959216 0.5 p-1 -467 4
758 631 m2 776976 0.00720560551 0.5 p0 2 1
759 632 m2 802831 -0.0202276036 0.5 p0 2 1
705 634 m2 531414 -0.000223566443 0.5 p0 2 1
515 635 m2 90870 0.126865298 0.5 p0 2 1
708 639 m2 845696 0.00290549989 0.5 p0 2 1
495 642 m2 931100 0.000124968239 0.5 p0 2 5
743 643 m2 815325 -0.00019304319 0.5 p0 2 2
636 644 m2 375947 0.0025268984 0.5 p0 2 2
773 645 m2 497272 -0.0221032668 0.5 p0 2 1
754 646 m2 305088 0.00359705673 0.5 p0 2 1
658 648 m2 622395 -0.000553581107 0.5 p0 2 4
651 649 m2 851321 0.00608590199 0.5 p0 2 1
639 653 m2 261251 -0.00294702384 0.5 p0 2 2
720 654 m2 377677 -0.0107588479 0.5 p0 2 2
725 656 m2 60143 -0.00129041192 0.5 p0 2 1
734 658 m2 925598 -0.000659775804 0.5 p0 2 1
755 659 m2 149143 0.00184176362 0.5 p0 2 2
685 661 m2 813034 0.00299265329 0.5 p0 2 1
714 662 m2 829467 0.000976012205 0.5 p0 2 2
719 663 m2 969088 0.00652698521 0.5 p0 2 2
740 664 m2 304423 -2.39880428e-05 0.5 p0 2 1
562 667 m2 633909 -0.0139158797 0.5 p0 2 1
467 668 m2 372973 -0.00692764437 0.5 p0 2 1
694 669 m2 203296 0.00356599456 0.5 p0 2 2
768 670 m2 637968 -0.0147522241 0.5 p0 2 1
736 671 m2 587712 -0.0166682936 0.5 p0 2 1
757 672 m2 29274 -0.000505619159 0.5 p0 2 1
761 673 m2 21829 0.0152272731 0.5 p0 2 1
762 674 m2 645587 0.00120536098 0.5 p0 2 1
772 675 m2 405327 -3.73167275e-10 0.5 p0 2 2
689 676 m2 859488 -0.00520643825 0.5 p0 2 2
675 678 m2 491155 -0.00034951471 0.5 p0 2 1
701 679 m2 725956 0.00618369831 0.5 p0 2 1
661 681 m2 854674 0.0333018713 0.5 p0 2 1
638 682 m2 44573 0.00116110558 0.5 p0 2 1
721 684 m2 925370 0.000217691326 0.5 p0 2 3
648 685 m2 542260 -0.000104323117 0.5 p0 2 2
710 687 m2 87552 -0.0205553845 0.5 p0 2 3
753 688 m2 331481 0.0017151098 0.5 p0 2 2
654 692 m2 138699 -0.000355790515 0.5 p0 2 1
709 693 m2 948964 0.000678729499 0.5 p0 2 2
716 694 m2 471826 0.00198573712 0.5 p0 2 1
744 695 m2 401953 -4.04376478e-05 0.5 p0 2 1
767 696 m2 488586 0.001917343 0.5 p0 2 1
624 697 m2 510377 2.17007873e-05 0.5 p0 2 2
766 698 m2 794304 -0.000735233072 0.5 p0 2 1
662 701 m2 412702 -0.00397345191 0.5 p0 2 2
560 702 m2 944206 -0.0030399356 0.5 p0 2 4
677 703 m2 731652 0.000576529361 0.5 p0 2 3
551 704 m2 475647 1.12889904e-06 0.5 p0 2 1
776 705 m2 859122 0.0170784164 0.5 p0 2 1
670 707 m2 172415 0.000542514492 0.5 p0 2 1
597 710 m2 769557 -0.000135291411 0.5 p0 2 4
642 711 m2 939832 -1.57655832e-05 0.5 p0 2 2
752 712 m2 688570 -8.34182865e-05 0.5 p0 2 2
617 715 m2 407145 -0.00152244093 0.5 p0 2 2
687 716 m2 806771 -0.00207119109 0.5 p0 2 2
680 717 m2 448958 -0.00319653563 0.5 p0 2 1
703 719 m2 754397 -0.000250716985 0.5 p0 2 1
583 721 m2 298828 0.00513206935 0.5 p0 2 1
676 722 m2 932669 -1.3785492e-06 0.5 p0 2 1
479 725 m2 246856 -0.0129591497 0.5 p0 2 2
652 728 m2 93641 0.00550502678 0.5 p0 2 4
739 729 m2 165558 0.0207070634 0.5 p0 2 2
640 730 m2 692667 0.0436610729 0.5 p0 2 2
619 733 m2 209872 -0.00648661377 0.5 p0 2 1
620 734 m2 499251 -0.00134006178 0.5 p0 2 1
553 735 m2 523140 0.00235507335 0.5 p0 2 2
668 736 m2 597259 -1.4111547e-05 0.5 p0 2 2
751 737 m2 571375 -0.000801069895 0.5 p0 2 2
575 738 m2 952576 -0.0355659463 0.5 p0 2 3
674 740 m2 364361 0.0289000683 0.5 p0 2 2
656 743 m2 690791 -0.0178342946 0.5 p0 2 2
764 744 m2 448976 3.5548253e-06 0.5 p0 2 1
596 747 m2 315984 0.00166610512 0.5 p0 2 1
666 748 m2 601787 -0.013716395 0.5 p0 2 1
717 749 m2 144702 0.000516771921 0.5 p0 2 1
682 751 m2 755909 -0.0384546779 0.5 p0 2 2
584 754 m2 228032 0.000400830933 0.5 p0 2 3
435 755 m1 47 0 0.5 p-1 -162237 66
2 756 m1 8605 0 0.5 p-1 -5819360 1101
175 757 m1 19094 0 0.5 p-1 -755340 262
144 758 m1 20341 0 0.5 p-1 -633434 165
554 759 m1 20765 -0 0.5 p-1 -22127 9
4 760 m1 30585 -0 0.5 p-1 -531422 339
5 761 m1 34026 -0 0.5 p-1 -3491227 805
626 762 m1 35165 0 0.5 p-1 -20245 2
576 763 m1 52184 -0 0.5 p-1 -9141 18
533 764 m1 53505 -0 0.5 p-1 -186671 77
203 766 m1 58383 0 0.5 p-1 -275522 124
603 767 m1 61924 0 0.5 p-1 -119986 10
477 768 m1 68002 -0 0.5 p-1 -45760 13
633 769 m1 69618 0 0.5 p-1 -69825 14
95 770 m1 70042 -0 0.5 p-1 -156848 232
487 771 m1 73646 -0 0.5 p-1 -347368 22
382 772 m1 79730 -0 0.5 p-1 -153805 42
531 773 m1 86010 0 0.5 p-1 -62381 35
627 774 m1 88384 -0 0.5 p-1 -5290 2
548 775 m1 88849 -0 0.5 p-1 -125568 28
604 777 m1 91410 0 0.5 p-1 -7692 9
335 778 m1 91650 0 0.5 p-1 -1815808 354
276 780 m1 103504 0 0.5 p-1 -70526 23
257 782 m1 111332 -0 0.5 p-1 -550162 329
97 783 m1 113100 -0 0.5 p-1 -2056894 112
9 784 m1 120197 -0 0.5 p-1 -55044 33
14 785 m1 140198 -0 0.5 p-1 -573315 308
98 786 m1 142503 0 0.5 p-1 -36476 79
15 787 m1 152740 0 0.5 p-1 -2211652 1945
360 788 m1 153793 -0 0.5 p-1 -78206 57
655 789 m1 154450 0 0.5 p-1 -43011 5
99 790 m1 154988 0 0.5 p-1 -4521473 1282
593 791 m1 158999 -0 0.5 p-1 -11442 18
205 792 m1 160825 0 0.5 p-1 -1130210 389
100 795 m1 166880 0 0.5 p-1 -1299676 1183
247 797 m1 171199 0 0.5 p-1 -2688782 328
277 798 m1 174353 -0 0.5 p-1 -739336 237
508 799 m1 187455 0 0.5 p-1 -194495 40
509 800 m1 189712 0 0.5 p-1 -326773 22
269 802 m1 197912 -0 0.5 p-1 -4639842 303
598 803 m1 203887 -0 0.5 p-1 -30942 3
208 804 m1 205997 -0 0.5 p-1 -1133179 372
279 806 m1 226658 -0 0.5 p-1 -65255 28
347 807 m1 227042 -0 0.5 p-1 -440167 70
288 808 m1 228362 -0 0.5 p-1 -72928 53
20 809 m1 243049 0 0.5 p-1 -1834321 633
22 811 m1 249486 -0 0.5 p-1 -1055208 475
423 812 m1 259720 -0 0.5 p-1 -151756 74
182 813 m1 261315 0 0.5 p-1 -1215863 407
387 814 m1 265569 -0 0.5 p-1 -116035 61
419 815 m1 266009 -0 0.5 p-1 -1472947 105
25 816 m1 271236 -0 0.5 p-1 -7575229 1353
672 817 m1 278282 0 0.5 p-1 -3858 2
470 818 m1 280182 0 0.5 p-1 -55503 15
385 819 m1 289103 -0 0.5 p-1 -20409 3
401 821 m1 291937 -0 0.5 p-1 -164405 49
280 822 m1 292308 -0 0.5 p-1 -6470319 216
413 824 m1 304978 -0 0.5 p-1 -2315746 56
480 826 m1 309297 -0 0.5 p-1 -126176 15
29 828 m1 315994 0 0.5 p-1 -3232281 533
231 829 m1 318685 -0 0.5 p-1 -483002 212
104 830 m1 322985 0 0.5 p-1 -3653578 1331
32 831 m1 331752 0 0.5 p-1 -1825717 1126
723 832 m1 335483 0 0.5 p-1 -14050 1
233 833 m1 354346 0 0.5 p-1 -1423802 145
281 834 m1 358261 -0 0.5 p-1 -526518 172
737 837 m1 360340 0 0.5 p-1 -3006 1
629 838 m1 363182 0 0.5 p-1 -41869 5
215 839 m1 366939 -0 0.5 p-1 -983080 231
106 840 m1 378971 0 0.5 p-1 -539299 94
260 842 m1 383947 0 0.5 p-1 -1400438 97
153 843 m1 389130 -0 0.5 p-1 -602057 844
301 844 m1 390105 0 0.5 p-1 -792053 212
235 845 m1 394264 -0 0.5 p-1 -111502 288
500 846 m1 397892 -0 0.5 p-1 -143877 10
544 847 m1 400823 -0 0.5 p-1 -12615 9
502 848 m1 403708 0 0.5 p-1 -6124 9
261 849 m1 413598 0 0.5 p-1 -949390 201
392 850 m1 414575 -0 0.5 p-1 -117029 29
443 851 m1 414598 0 0.5 p-1 -5625465 68
447 852 m1 418504 -0 0.5 p-1 -862863 94
421 853 m1 420592 -0 0.5 p-1 -146513 97
750 854 m1 423763 0 0.5 p-1 -4537 1
263 855 m1 437203 0 0.5 p-1 -313161 74
41 857 m1 447080 -0 0.5 p-1 -7432540 1792
706 858 m1 451462 -0 0.5 p-1 -2483 2
42 859 m1 456150 -0 0.5 p-1 -10019309 1602
111 860 m1 461010 -0 0.5 p-1 -3196533 769
156 861 m1 475819 0 0.5 p-1 -1048995 476
695 862 m1 477404 -0 0.5 p-1 -1198 1
476 863 m1 477768 -0 0.5 p-1 -30375 41
157 864 m1 478768 0 0.5 p-1 -178732 238
44 865 m1 480727 0 0.5 p-1 -1824571 464
328 866 m1 489100 0 0.5 p-1 -15952 4
534 867 m1 489241 0 0.5 p-1 -48525 38
336 868 m1 493219 0 0.5 p-1 -112453 38
459 869 m1 497682 0 0.5 p-1 -103055 31
543 871 m1 511487 -0 0.5 p-1 -28934 19
303 872 m1 514784 0 0.5 p-1 -134837 10
315 873 m1 532263 -0 0.5 p-1 -303943 66
275 874 m1 536145 0 0.5 p-1 -66768 69
451 875 m1 547944 0 0.5 p-1 -107731 40
354 876 m1 551324 -0 0.5 p-1 -25674 12
589 877 m1 561306 0 0.5 p-1 -15617 4
647 878 m1 566859 0 0.5 p-1 -85 4
671 879 m1 569481 0 0.5 p-1 -22209 4
359 880 m1 573658 0 0.5 p-1 -1091078 30
461 881 m1 575096 0 0.5 p-1 -6730 4
119 882 m1 578264 -0 0.5 p-1 -2127879 513
53 883 m1 584659 -0 0.5 p-1 -204891 121
322 884 m1 592480 0 0.5 p-1 -784892 161
194 885 m1 594406 0 0.5 p-1 -1755454 597
221 886 m1 595097 -0 0.5 p-1 -1152300 520
348 887 m1 597604 0 0.5 p-1 -1098438 135
237 888 m1 602023 -0 0.5 p-1 -298794 293
745 889 m1 608953 -0 0.5 p-1 -9608 1
57 890 m1 612535 0 0.5 p-1 -2858729 504
409 891 m1 615782 -0 0.5 p-1 -953383 57
437 892 m1 617991 -0 0.5 p-1 -6910 4
330 894 m1 622222 -0 0.5 p-1 -109052 152
308 895 m1 622857 -0 0.5 p-1 -1303850 12
58 896 m1 627813 0 0.5 p-1 -1408268 443
59 897 m1 630035 0 0.5 p-1 -4966772 906
60 898 m1 633834 -0 0.5 p-1 -52933 2
699 899 m1 640738 -0 0.5 p-1 -2558 4
61 900 m1 642319 0 0.5 p-1 -88605 68
700 901 m1 646292 0 0.5 p-1 -6669 4
161 902 m1 654490 -0 0.5 p-1 -619295 147
591 903 m1 654969 0 0.5 p-1 -19562 18
748 904 m1 667132 -0 0.5 p-1 -7886 1
530 905 m1 667719 -0 0.5 p-1 -108806 26
64 906 m1 670438 -0 0.5 p-1 -5830225 1682
339 907 m1 672098 0 0.5 p-1 -1215920 190
356 908 m1 681058 0 0.5 p-1 -174047 58
66 909 m1 683048 -0 0.5 p-1 -2636027 348
707 910 m1 686665 0 0.5 p-1 -14442 2
284 911 m1 686868 0 0.5 p-1 -304827 258
163 912 m1 696849 0 0.5 p-1 -1993817 1470
574 913 m1 701533 -0 0.5 p-1 -11523 2
463 914 m1 705873 0 0.5 p-1 -102017 14
607 915 m1 706798 0 0.5 p-1 -66719 1
416 916 m1 711007 0 0.5 p-1 -27593 20
125 917 m1 717312 -0 0.5 p-1 -383633 732
198 918 m1 719584 0 0.5 p-1 -2620863 391
564 919 m1 720190 0 0.5 p-1 -6270 5
729 920 m1 724474 0 0.5 p-1 -6643 2
440 921 m1 746084 0 0.5 p-1 -48905 14
369 922 m1 748260 0 0.5 p-1 -446719 97
724 923 m1 751844 0 0.5 p-1 -4863 2
425 924 m1 754945 0 0.5 p-1 -231236 24
128 925 m1 758084 0 0.5 p-1 -7904562 825
581 926 m1 760877 0 0.5 p-1 -298271 28
71 928 m1 771880 0 0.5 p-1 -1866483 450
542 929 m1 776362 -0 0.5 p-1 -3450 11
446 930 m1 777435 0 0.5 p-1 -196054 67
129 931 m1 778697 0 0.5 p-1 -2500742 499
167 932 m1 783992 -0 0.5 p-1 -1924515 355
567 934 m1 787048 0 0.5 p-1 -45453 9
430 936 m1 794167 0 0.5 p-1 -739421 57
75 937 m1 800230 -0 0.5 p-1 -969176 827
266 938 m1 807956 -0 0.5 p-1 -4085 4
306 939 m1 810385 0 0.5 p-1 -361600 140
78 940 m1 811837 -0 0.5 p-1 -4132811 470
292 942 m1 820172 -0 0.5 p-1 -89349 83
131 943 m1 820546 -0 0.5 p-1 -751539 614
168 944 m1 829011 0 0.5 p-1 -4227140 1259
418 945 m1 837536 0 0.5 p-1 -298092 26
293 946 m1 839978 -0 0.5 p-1 -161575 28
349 948 m1 842731 0 0.5 p-1 -674254 46
486 949 m1 851589 0 0.5 p-1 -185972 105
309 950 m1 872955 -0 0.5 p-1 -235475 181
226 951 m1 878275 -0 0.5 p-1 -91571 102
267 952 m1 878476 -0 0.5 p-1 -4350103 384
83 953 m1 879709 0 0.5 p-1 -2039608 539
244 954 m1 879747 -0 0.5 p-1 -8560001 546
245 956 m1 892059 0 0.5 p-1 -957948 223
134 957 m1 900550 -0 0.5 p-1 -2153699 1127
135 958 m1 915420 0 0.5 p-1 -216832 164
557 959 m1 924638 0 0.5 p-1 -101019 40
89 960 m1 940344 0 0.5 p-1 -2532483 1862
588 961 m1 944401 -0 0.5 p-1 -1921 1
396 962 m1 948432 0 0.5 p-1 -13181 7
202 964 m1 959688 -0 0.5 p-1 -2192649 1103
140 965 m1 964113 0 0.5 p-1 -7557715 424
91 966 m1 964149 0 0.5 p-1 -7902557 1576
255 967 m1 977816 0 0.5 p-1 -169325 39
659 968 m1 979353 0 0.5 p-1 -4543 5
384 970 m1 985455 0 0.5 p-1 -6108 5
688 972 m1 994284 0 0.5 p-1 -43235 2
173 973 m1 999482 -0 0.5 p-1 -4829580 575
