Temp_ID Permanent_ID Mutation_type Position s h Subpop Tick Number
43 0 m2 713 1.43623402e-05 0.5 p-1 -13657144 685
246 2 m2 8132 0.0235214997 0.5 p-1 -1355 3
122 3 m2 8465 -0.0250430759 0.5 p-1 -1424149 208
159 4 m2 18377 0.00298697501 0.5 p-1 -5394 24
81 5 m2 21365 0.000484364544 0.5 p-1 -811927 462
178 6 m2 28698 0.00985505618 0.5 p-1 -24861 9
82 7 m2 32020 0.00470228912 0.5 p-1 -2954354 917
197 8 m2 37184 -0.000101362966 0.5 p-1 -78600 23
203 9 m2 38613 -9.14371631e-05 0.5 p-1 -14033 10
149 10 m2 40358 -0.00104247883 0.5 p-1 -57218 40
252 11 m2 40404 -0.0139630036 0.5 p-1 -5600 1
113 12 m2 44815 0.00387196895 0.5 p-1 -4543891 414
44 13 m2 50642 0.000384515704 0.5 p-1 -456205 202
245 14 m2 52767 -0.00076079421 0.5 p-1 -27629 11
131 15 m2 57963 -0.00027560434 0.5 p-1 -179097 30
248 16 m2 62999 0.0016146428 0.5 p-1 -81986 4
155 17 m2 68503 3.30000694e-06 0.5 p-1 -37519 13
110 18 m2 70071 -0.000409370841 0.5 p-1 -709489 295
123 19 m2 76161 -0.00129379611 0.5 p-1 -145880 191
0 20 m2 78431 5.81792925e-09 0.5 p-1 -4488105 634
2 21 m2 80789 -0.000765696226 0.5 p-1 -7091371 1517
223 24 m2 86485 -0.00112160144 0.5 p-1 -29116 4
3 25 m2 86593 -8.11952727e-09 0.5 p-1 -7255849 436
4 26 m2 86925 7.05250557e-07 0.5 p-1 -1372737 603
168 28 m2 88440 -0.00344419153 0.5 p-1 -276940 46
103 29 m2 90652 -0.000191991247 0.5 p-1 -283779 35
5 30 m2 91203 -1.42695353e-05 0.5 p-1 -1955082 1181
156 31 m2 97484 0.0031399352 0.5 p-1 -254650 2
132 32 m2 99385 -0.00213992852 0.5 p-1 -839490 158
6 34 m2 106767 -2.55350351e-05 0.5 p-1 -8276796 419
62 36 m2 111211 -0.00228975271 0.5 p-1 -23084 74
7 37 m2 116125 3.88728004e-05 0.5 p-1 -2749344 1368
188 38 m2 118713 0.00942977332 0.5 p-1 -230778 9
174 39 m2 123782 0.00233335351 0.5 p-1 -1252301 148
9 40 m2 130415 -0.0127461804 0.5 p-1 -1390167 142
63 41 m2 130566 -0.0465993956 0.5 p-1 -8357066 1454
279 42 m2 133144 0.0141142774 0.5 p-1 -34846 1
98 43 m2 139738 -0.000253362552 0.5 p-1 -138136 111
133 46 m2 150611 -0.0255594254 0.5 p-1 -120650 46
194 47 m2 151202 0.00435776031 0.5 p-1 -1190 19
10 48 m2 151894 -0.0452182218 0.5 p-1 -7018342 1386
45 49 m2 155667 0.072637327 0.5 p-1 -320404 257
283 50 m2 158489 0.00885007437 0.5 p-1 -1671 1
84 52 m2 173124 -5.4868093e-07 0.5 p-1 -2473983 783
104 53 m2 181345 0.0357872583 0.5 p-1 -263062 121
198 54 m2 183014 0.00803420972 0.5 p-1 -4687 14
107 55 m2 186746 -0.0122618973 0.5 p-1 -1219960 35
190 57 m2 190280 2.61554919e-06 0.5 p-1 -296116 28
204 58 m2 197828 -0.000625849585 0.5 p-1 -288271 28
114 59 m2 202560 -0.00445068022 0.5 p-1 -428176 250
180 60 m2 206483 0.00158556749 0.5 p-1 -40617 18
134 62 m2 215889 -0.0198206659 0.5 p-1 -45489 104
126 63 m2 215930 -0.0046806531 0.5 p-1 -1179130 166
115 64 m2 224111 0.000367896107 0.5 p-1 -161111 107
13 65 m2 229786 5.00676288e-06 0.5 p-1 -1751051 1300
106 66 m2 229896 0.000437698734 0.5 p-1 -2122327 655
85 69 m2 257562 -0.00120848464 0.5 p-1 -1950903 186
163 70 m2 259384 -1.4296772e-05 0.5 p-1 -710350 33
86 71 m2 261396 -0.000249955163 0.5 p-1 -3593951 782
278 72 m2 271945 0.00392917264 0.5 p-1 -5660 2
14 73 m2 277817 -0.00021469756 0.5 p-1 -171354 41
274 74 m2 278115 0.000293121557 0.5 p-1 -13411 8
15 78 m2 285379 -0.0124647552 0.5 p-1 -2735047 981
260 79 m2 288449 -0.000272306352 0.5 p-1 -7244 1
72 80 m2 289377 0.000328816357 0.5 p-1 -1209140 353
147 81 m2 291258 0.0169779547 0.5 p-1 -96870 37
116 82 m2 291616 -0.000161292031 0.5 p-1 -183558 345
48 83 m2 292340 0.00545559544 0.5 p-1 -1745265 705
87 84 m2 295084 0.0124284141 0.5 p-1 -1662628 224
117 85 m2 299357 0.00360216037 0.5 p-1 -2536732 296
234 86 m2 303611 -0.000201187504 0.5 p-1 -2582 2
73 87 m2 308658 -8.50243014e-05 0.5 p-1 -599454 210
254 89 m2 318064 -8.09747289e-05 0.5 p-1 -72599 8
266 91 m2 325009 0.0843821689 0.5 p-1 -34344 5
150 93 m2 333093 0.000347858382 0.5 p-1 -1969 4
49 94 m2 335081 0.0564985685 0.5 p-1 -2924236 684
269 97 m2 337535 0.00227151182 0.5 p-1 -51321 1
217 98 m2 338555 -0.00066146208 0.5 p-1 -23421 5
16 99 m2 340805 -0.000159097108 0.5 p-1 -4499376 1814
208 100 m2 368773 -7.34430432e-05 0.5 p-1 -13673 7
220 103 m2 372859 -7.06305436e-05 0.5 p-1 -60992 15
17 104 m2 382915 0.00550221372 0.5 p-1 -627164 430
18 110 m2 412496 6.39940163e-06 0.5 p-1 -3073212 957
277 112 m2 421508 0.00225476921 0.5 p-1 -76571 1
257 114 m2 424726 0.00052572228 0.5 p-1 -14716 1
196 115 m2 429048 0.011321241 0.5 p-1 -19052 10
50 117 m2 431058 -0.00659253541 0.5 p-1 -985695 1190
151 119 m2 439018 0.00846359227 0.5 p-1 -19688 5
124 120 m2 444894 0.00997562613 0.5 p-1 -67590 54
240 121 m2 445621 1.96008932e-06 0.5 p-1 -5939 3
169 124 m2 463123 0.0076250853 0.5 p-1 -172212 64
64 125 m2 464147 0.00162510795 0.5 p-1 -114625 123
176 127 m2 465062 -1.59530956e-07 0.5 p-1 -1170367 165
19 128 m2 466685 0.00173921906 0.5 p-1 -934228 670
270 130 m2 479581 0.000823476585 0.5 p-1 -13741 1
241 131 m2 482253 -0.00175473141 0.5 p-1 -349140 10
51 136 m2 500433 0.0130614927 0.5 p-1 -1573119 1198
271 137 m2 503892 0.00332372007 0.5 p-1 -85310 1
247 138 m2 509446 0.0539103337 0.5 p-1 -66498 9
22 139 m2 509762 0.00713638728 0.5 p-1 -4627868 1490
23 140 m2 510329 0.00472379569 0.5 p-1 -658581 1152
259 142 m2 513124 -0.000699312193 0.5 p-1 -23209 7
89 145 m2 531478 -0.00019212428 0.5 p-1 -263961 238
128 147 m2 542546 -0.0149802379 0.5 p-1 -304158 218
95 148 m2 548406 -0.00285322592 0.5 p-1 -177166 34
135 149 m2 550568 -2.18664931e-09 0.5 p-1 -100564 8
224 151 m2 558348 -0.00297386991 0.5 p-1 -46541 13
215 153 m2 570096 -0.00778203271 0.5 p-1 -40383 27
24 154 m2 570805 -0.00673955958 0.5 p-1 -3737608 1901
231 155 m2 573961 -1.00574439e-07 0.5 p-1 -158351 18
173 158 m2 578819 -0.00761917885 0.5 p-1 -1451816 15
226 160 m2 581772 -0.0130334683 0.5 p-1 -58009 5
25 162 m2 597940 -0.0197650529 0.5 p-1 -3816979 829
65 164 m2 605024 -0.000269037468 0.5 p-1 -1688087 694
184 165 m2 607510 -0.00801461935 0.5 p-1 -27840 9
206 167 m2 616458 -0.00156679132 0.5 p-1 -42223 24
140 169 m2 618911 0.000186483012 0.5 p-1 -72592 5
251 171 m2 624882 -0.00366866449 0.5 p-1 -64953 7
53 175 m2 635339 -4.1748458e-06 0.5 p-1 -2341061 1196
191 176 m2 641882 -0.00887543987 0.5 p-1 -8516 6
258 178 m2 648375 -0.0529712252 0.5 p-1 -10141 2
219 180 m2 655873 0.00195011334 0.5 p-1 -3522 6
280 181 m2 659639 -0.00167007546 0.5 p-1 -1007 1
175 183 m2 664413 -0.00359740108 0.5 p-1 -382449 64
193 184 m2 664824 -0.000853701669 0.5 p-1 -22116 12
90 185 m2 671123 -0.00347387465 0.5 p-1 -900122 137
66 186 m2 684723 0.0074491105 0.5 p-1 -1476932 672
141 187 m2 685612 0.0168714207 0.5 p-1 -241441 211
125 188 m2 686715 0.00271209306 0.5 p-1 -307441 61
67 189 m2 689018 0.0172077958 0.5 p-1 -1346700 143
221 190 m2 693611 0.00225809612 0.5 p-1 -12914 5
74 191 m2 694567 0.0211351383 0.5 p-1 -837885 382
54 192 m2 695730 0.0112957135 0.5 p-1 -7936355 474
55 193 m2 696327 -1.51484107e-06 0.5 p-1 -6545843 405
27 194 m2 697410 0.00751851825 0.5 p-1 -2545371 1457
179 195 m2 700825 -6.67165295e-05 0.5 p-1 -68418 59
28 198 m2 707198 -0.000159086747 0.5 p-1 -1901596 1096
268 201 m2 721935 -0.000193412227 0.5 p-1 -44295 1
29 202 m2 722024 0.000778743939 0.5 p-1 -2458943 535
31 203 m2 725781 0.00223137881 0.5 p-1 -1012241 857
232 205 m2 736940 0.000946892309 0.5 p-1 -57965 4
261 206 m2 739256 -0.0304665081 0.5 p-1 -4511 7
138 207 m2 742171 -0.000167695543 0.5 p-1 -7649714 207
75 208 m2 766820 -0.00020072714 0.5 p-1 -36831 15
214 209 m2 771819 5.69778967e-05 0.5 p-1 -3314 5
56 210 m2 774625 -0.00274267839 0.5 p-1 -4337708 1040
76 212 m2 776220 0.0348825678 0.5 p-1 -1091222 159
32 213 m2 779839 -3.4959412e-05 0.5 p-1 -239874 115
209 215 m2 795943 2.31560643e-05 0.5 p-1 -200544 15
212 216 m2 797967 -0.000571420183 0.5 p-1 -140145 13
57 217 m2 799720 -0.00524971168 0.5 p-1 -7585263 931
276 218 m2 808265 -0.00637884438 0.5 p-1 -22484 2
33 219 m2 811765 -0.000123157282 0.5 p-1 -3168620 1331
118 220 m2 816229 -0.00250739371 0.5 p-1 -56960 89
77 221 m2 816499 -0.0026363635 0.5 p-1 -945784 77
78 222 m2 822163 -0.00040742557 0.5 p-1 -6054548 657
144 224 m2 826098 -0.0431983098 0.5 p-1 -230314 155
170 225 m2 826428 0.014700219 0.5 p-1 -1182729 115
34 227 m2 836283 0.00235693972 0.5 p-1 -2529665 799
35 228 m2 837617 -3.6468879e-09 0.5 p-1 -2744331 1360
265 229 m2 838662 2.02734227e-05 0.5 p-1 -3805 2
36 230 m2 843034 -0.0572108887 0.5 p-1 -3080069 1299
182 232 m2 851804 -0.000280475069 0.5 p-1 -9553 5
91 234 m2 855313 4.32055325e-09 0.5 p-1 -1271737 373
120 235 m2 855981 3.62714272e-05 0.5 p-1 -2135736 536
129 236 m2 856453 -1.42626623e-05 0.5 p-1 -156458 84
59 238 m2 858342 9.23517509e-05 0.5 p-1 -6998150 1292
60 239 m2 862393 -5.08826888e-05 0.5 p-1 -4410508 1509
37 240 m2 871442 0.000741422293 0.5 p-1 -7999787 1715
195 241 m2 874812 -0.0713535771 0.5 p-1 -65188 6
239 243 m2 879361 -0.000609000737 0.5 p-1 -3063 7
112 244 m2 884074 0.0423617586 0.5 p-1 -673334 97
256 245 m2 884142 1.02597332e-05 0.5 p-1 -27806 1
121 249 m2 898604 -0.000113549322 0.5 p-1 -232605 53
39 250 m2 902824 0.00565882074 0.5 p-1 -1693190 1456
227 251 m2 912988 -0.00830478407 0.5 p-1 -44649 24
137 252 m2 914757 -0.0138682071 0.5 p-1 -5421 5
96 254 m2 918991 0.0505549461 0.5 p-1 -776523 302
40 255 m2 920488 1.58749435e-06 0.5 p-1 -1391469 1026
79 256 m2 923602 -0.00566233555 0.5 p-1 -1242629 610
187 257 m2 924156 0.0151381381 0.5 p-1 -156190 97
68 258 m2 924865 0.00963921566 0.5 p-1 -659591 904
41 259 m2 926202 0.00136921171 0.5 p-1 -6330735 260
145 260 m2 928408 0.00404685223 0.5 p-1 -150932 26
157 261 m2 932046 0.0139768729 0.5 p-1 -89538 16
80 262 m2 934721 1.50527251e-06 0.5 p-1 -53945 52
148 263 m2 940179 -0.000235358457 0.5 p-1 -6424182 244
242 264 m2 940799 -0.000821208756 0.5 p-1 -10931 5
92 266 m2 950192 -0.000178328308 0.5 p-1 -739306 287
61 267 m2 950284 -6.00159083e-13 0.5 p-1 -4999088 1173
130 268 m2 953364 0.00137918862 0.5 p-1 -7232977 215
263 269 m2 956356 0.0015142411 0.5 p-1 -6228 3
93 270 m2 956696 0.00167249818 0.5 p-1 -336412 276
69 271 m2 957783 1.1891953e-07 0.5 p-1 -2065316 847
177 273 m2 964368 -1.0082706e-06 0.5 p-1 -12331 29
235 274 m2 968344 -0.00863219611 0.5 p-1 -184676 12
205 275 m2 979575 -0.000812348851 0.5 p-1 -47160 54
199 276 m2 980983 8.62321122e-06 0.5 p-1 -300420 18
42 277 m2 984091 0.00655122846 0.5 p-1 -6130959 394
275 278 m2 987808 -0.00160483248 0.5 p-1 -8918 2
70 280 m2 989152 0.059885852 0.5 p-1 -1645488 1064
171 281 m2 992083 2.61289781e-08 0.5 p-1 -35383 78
167 282 m2 994207 6.53692496e-06 0.5 p-1 -1573153 79
267 286 m2 372982 -1.8373612e-06 0.5 p0 2 2
200 288 m2 336062 0.000204397307 0.5 p0 2 6
201 289 m2 518263 -2.18349578e-05 0.5 p0 2 8
282 291 m2 240465 -0.0369067118 0.5 p0 2 1
233 292 m2 285428 -0.00339882937 0.5 p0 2 2
237 293 m2 128261 -0.0362914205 0.5 p0 2 4
192 297 m2 928055 -0.00551726483 0.5 p0 2 2
284 300 m2 188324 -0.0133531345 0.5 p0 2 1
127 301 m2 510247 0.00241093617 0.5 p0 2 9
250 304 m2 68819 0.0117209852 0.5 p0 2 2
264 311 m2 801163 0.0174384788 0.5 p0 2 1
216 324 m2 429300 0.000146697726 0.5 p0 2 8
281 328 m2 163921 -0.00889430009 0.5 p0 2 2
273 329 m2 527353 4.5805487e-07 0.5 p0 2 3
243 332 m2 728847 -4.52128152e-05 0.5 p0 2 2
253 333 m2 768219 -0.00259994622 0.5 p0 2 2
255 338 m2 606502 0.00103169959 0.5 p0 2 5
152 343 m1 2493 0 0.5 p-1 -321907 110
97 345 m1 5944 0 0.5 p-1 -3427211 88
172 346 m1 18290 0 0.5 p-1 -181624 45
102 347 m1 19008 0 0.5 p-1 -1407767 195
154 349 m1 62891 -0 0.5 p-1 -388785 70
1 351 m1 78971 -0 0.5 p-1 -11428470 1942
83 353 m1 104743 0 0.5 p-1 -418396 97
8 355 m1 119707 -0 0.5 p-1 -424294 475
181 357 m1 149936 -0 0.5 p-1 -33339 39
262 358 m1 151704 -0 0.5 p-1 -85129 1
71 359 m1 151888 -0 0.5 p-1 -1785618 288
11 361 m1 172012 -0 0.5 p-1 -7675407 1938
160 363 m1 199417 -0 0.5 p-1 -483717 28
12 365 m1 209126 -0 0.5 p-1 -7020877 1339
94 366 m1 215941 -0 0.5 p-1 -357751 84
225 367 m1 216866 0 0.5 p-1 -38479 20
244 368 m1 220925 -0 0.5 p-1 -2198744 9
105 369 m1 222122 0 0.5 p-1 -29496 29
46 371 m1 240281 -0 0.5 p-1 -3888158 1360
47 372 m1 250108 0 0.5 p-1 -402976 297
186 373 m1 259925 -0 0.5 p-1 -118814 24
213 375 m1 303924 -0 0.5 p-1 -24190 3
272 376 m1 313069 0 0.5 p-1 -21521 1
88 377 m1 342970 0 0.5 p-1 -408693 79
161 378 m1 343207 -0 0.5 p-1 -336422 189
108 379 m1 347356 -0 0.5 p-1 -727829 60
211 380 m1 363712 0 0.5 p-1 -1228741 8
222 381 m1 372300 -0 0.5 p-1 -668573 41
236 383 m1 394736 -0 0.5 p-1 -1168305 3
165 384 m1 411313 0 0.5 p-1 -85477 86
189 385 m1 418331 0 0.5 p-1 -221570 74
111 386 m1 438850 0 0.5 p-1 -936593 62
228 387 m1 458943 -0 0.5 p-1 -2169 7
202 388 m1 463624 -0 0.5 p-1 -22964 23
20 389 m1 466700 -0 0.5 p-1 -358555 194
21 391 m1 485307 0 0.5 p-1 -989519 886
230 392 m1 492234 0 0.5 p-1 -173994 5
183 393 m1 514296 -0 0.5 p-1 -101310 49
158 394 m1 527651 -0 0.5 p-1 -124122 26
99 396 m1 549015 0 0.5 p-1 -1877700 223
100 397 m1 549150 0 0.5 p-1 -2185815 221
162 398 m1 550648 0 0.5 p-1 -3439354 86
52 399 m1 563747 0 0.5 p-1 -3043930 911
153 400 m1 597471 -0 0.5 p-1 -3983106 39
101 401 m1 602470 0 0.5 p-1 -87070 12
109 403 m1 650258 0 0.5 p-1 -421359 259
229 404 m1 668513 0 0.5 p-1 -22265 7
207 405 m1 674995 0 0.5 p-1 -54517 16
26 406 m1 681049 -0 0.5 p-1 -423187 367
218 407 m1 698824 0 0.5 p-1 -27983 14
210 408 m1 716528 -0 0.5 p-1 -516615 29
30 410 m1 722923 -0 0.5 p-1 -165430 128
143 411 m1 735436 0 0.5 p-1 -740955 101
185 412 m1 744250 0 0.5 p-1 -202752 29
139 413 m1 764333 0 0.5 p-1 -507803 125
249 415 m1 769651 0 0.5 p-1 -174857 8
238 416 m1 789378 0 0.5 p-1 -10164 2
58 418 m1 813412 0 0.5 p-1 -1349089 146
119 420 m1 828028 0 0.5 p-1 -491176 417
136 421 m1 846950 0 0.5 p-1 -113874 52
38 423 m1 883379 0 0.5 p-1 -3936639 956
166 427 m1 942195 -0 0.5 p-1 -45017 27
142 430 m1 950896 -0 0.5 p-1 -192383 221
146 433 m1 987125 0 0.5 p-1 -201786 74
164 434 m1 989477 0 0.5 p-1 -93515 23
