Temp_ID Permanent_ID Mutation_type Position s h Subpop Tick Number
186 0 m2 355 0.000144699297 0.5 p-1 -803259 431
0 1 m2 371 -0.00335466256 0.5 p-1 -1446090 786
187 2 m2 1931 -0.0209427383 0.5 p-1 -323215 130
764 3 m2 3678 -0.000133276844 0.5 p-1 -14734 1
1 4 m2 4562 5.69942586e-06 0.5 p-1 -969592 573
188 7 m2 10192 -0.0154068843 0.5 p-1 -10118462 638
133 8 m2 11013 0.00706087565 0.5 p-1 -4993688 910
388 9 m2 12866 -1.70431158e-05 0.5 p-1 -16002 35
730 10 m2 15603 -1.64696103e-05 0.5 p-1 -75440 7
668 11 m2 16632 0.00452398555 0.5 p-1 -158739 13
710 13 m2 17035 -0.0237937644 0.5 p-1 -11556 1
318 14 m2 17223 0.000387979613 0.5 p-1 -138949 20
397 15 m2 18875 0.0297651924 0.5 p-1 -22299 32
705 17 m2 20155 0.059321437 0.5 p-1 -49643 11
718 18 m2 21419 -0.00326691661 0.5 p-1 -28548 2
362 20 m2 23272 -0.0159443691 0.5 p-1 -325009 106
3 22 m2 25403 0.0132521903 0.5 p-1 -549615 370
593 24 m2 26834 0.0076582008 0.5 p-1 -141241 7
319 25 m2 28078 0.0256222244 0.5 p-1 -451026 339
4 29 m2 32654 0.0323319882 0.5 p-1 -3353192 1658
299 31 m2 35545 0.000466558151 0.5 p-1 -6438457 529
6 33 m2 43183 0.0328293405 0.5 p-1 -5077007 1567
7 34 m2 43351 0.00118432415 0.5 p-1 -4185330 1690
571 35 m2 43359 4.70300802e-05 0.5 p-1 -78269 9
328 36 m2 44022 2.46126683e-06 0.5 p-1 -6402 6
734 37 m2 44331 -0.0296368059 0.5 p-1 -19963 2
224 38 m2 46039 0.00135009631 0.5 p-1 -1359426 591
136 39 m2 49277 0.00019070039 0.5 p-1 -777748 323
262 40 m2 51708 0.0518618114 0.5 p-1 -5096507 899
605 41 m2 52186 -0.00048164482 0.5 p-1 -83337 53
342 42 m2 55899 -0.0501858965 0.5 p-1 -98584 26
10 43 m2 57229 0.00865417533 0.5 p-1 -4744651 910
601 44 m2 57265 0.00117071718 0.5 p-1 -767141 13
451 45 m2 58968 -0.00311084744 0.5 p-1 -17926 50
11 46 m2 59332 0.000165322461 0.5 p-1 -3917600 1511
485 48 m2 59586 3.8912498e-05 0.5 p-1 -3523 19
329 49 m2 66422 7.74968357e-05 0.5 p-1 -2176672 109
372 50 m2 66558 0.00629513804 0.5 p-1 -22548 7
453 53 m2 71896 0.0168579537 0.5 p-1 -625248 146
12 54 m2 73753 0.0339534767 0.5 p-1 -3097742 715
283 55 m2 74275 0.0021834732 0.5 p-1 -831251 165
13 56 m2 76004 0.00131693389 0.5 p-1 -196810 231
284 58 m2 76368 0.02557059 0.5 p-1 -656229 46
597 61 m2 79542 0.00024708148 0.5 p-1 -5081 10
264 62 m2 80776 4.88063545e-09 0.5 p-1 -836744 66
586 64 m2 89102 -0.0367267653 0.5 p-1 -6051 27
356 66 m2 92333 0.0457173437 0.5 p-1 -3425411 205
14 67 m2 93878 -0.00153425056 0.5 p-1 -1974153 918
15 68 m2 94644 0.000303559151 0.5 p-1 -382045 285
648 69 m2 95213 0.00604440272 0.5 p-1 -1502 16
653 70 m2 96966 0.00597175024 0.5 p-1 -45864 5
189 73 m2 99277 -0.000150491862 0.5 p-1 -1959498 294
300 74 m2 102448 -3.15283415e-07 0.5 p-1 -488026 262
592 75 m2 103843 5.66327299e-06 0.5 p-1 -18102 3
750 76 m2 103913 0.000197023895 0.5 p-1 -4862 1
191 77 m2 105172 2.12584808e-07 0.5 p-1 -947782 669
225 78 m2 106828 -0.00711957971 0.5 p-1 -1326849 258
17 79 m2 107111 0.000339358841 0.5 p-1 -4398408 1099
650 81 m2 109512 -0.00448200991 0.5 p-1 -201376 5
19 83 m2 111898 -0.00408319756 0.5 p-1 -1414342 683
265 85 m2 112689 -0.00382538629 0.5 p-1 -4216697 808
226 86 m2 114177 -0.0207162648 0.5 p-1 -426516 206
735 87 m2 115035 0.00121835957 0.5 p-1 -22331 3
192 89 m2 119682 0.0271940101 0.5 p-1 -3697503 356
684 90 m2 120517 -0.000395865878 0.5 p-1 -15502 6
266 91 m2 123578 0.00176646584 0.5 p-1 -7192404 775
610 92 m2 124734 -0.0187709276 0.5 p-1 -109208 16
137 95 m2 128142 -0.0169065949 0.5 p-1 -417894 181
343 96 m2 128827 1.39585188e-06 0.5 p-1 -471401 330
410 97 m2 131225 -0.0599385314 0.5 p-1 -765723 208
588 98 m2 134119 -4.71221938e-05 0.5 p-1 -141233 17
731 99 m2 134273 -0.000629580871 0.5 p-1 -353543 4
561 100 m2 135329 0.000628318638 0.5 p-1 -517872 8
529 101 m2 135632 -0.00473712618 0.5 p-1 -204226 5
612 103 m2 143319 -4.17002211e-09 0.5 p-1 -22641 14
546 104 m2 143941 -7.68493828e-06 0.5 p-1 -50304 36
21 105 m2 145000 0.0467614979 0.5 p-1 -4760985 731
394 106 m2 145015 7.93521831e-05 0.5 p-1 -136251 25
743 107 m2 147671 -0.0739393532 0.5 p-1 -17901 4
138 109 m2 149564 -0.0104315737 0.5 p-1 -380248 419
694 111 m2 152745 0.00308758277 0.5 p-1 -214985 1
497 112 m2 154220 0.00479824236 0.5 p-1 -437537 145
267 113 m2 154909 -1.50060728e-08 0.5 p-1 -3254784 197
535 115 m2 158648 1.48393795e-07 0.5 p-1 -80768 22
479 116 m2 161835 7.16533759e-06 0.5 p-1 -196909 55
381 117 m2 163273 4.00287054e-10 0.5 p-1 -236340 188
23 118 m2 165892 -0.000353780459 0.5 p-1 -324516 256
415 119 m2 166390 -0.000177997354 0.5 p-1 -57799 63
24 120 m2 167613 0.000111268149 0.5 p-1 -849624 433
520 121 m2 167625 0.00654416485 0.5 p-1 -55550 21
521 122 m2 168498 0.00709974393 0.5 p-1 -3140 12
194 125 m2 173903 0.0134413708 0.5 p-1 -68111 185
482 126 m2 173936 -0.001386669 0.5 p-1 -213748 11
26 127 m2 174659 2.87280891e-05 0.5 p-1 -3145675 1179
483 128 m2 174771 -0.000975652016 0.5 p-1 -199513 7
498 129 m2 175917 -0.00235078274 0.5 p-1 -10441 25
27 130 m2 177877 0.000189222366 0.5 p-1 -535463 640
268 131 m2 179884 -0.000916861114 0.5 p-1 -511302 196
28 132 m2 180454 0.000738341128 0.5 p-1 -4256141 1819
564 133 m2 180945 -0.00954610575 0.5 p-1 -4386 12
595 135 m2 182308 -0.0171170365 0.5 p-1 -646336 28
391 136 m2 182676 -0.0205053296 0.5 p-1 -101236 60
30 138 m2 188196 0.00717781857 0.5 p-1 -3419986 858
301 140 m2 189675 -0.0228314754 0.5 p-1 -2489171 586
494 141 m2 190610 0.0197458547 0.5 p-1 -100254 46
651 142 m2 191837 -1.98471344e-06 0.5 p-1 -212924 2
579 144 m2 195329 -0.05243738 0.5 p-1 -133437 5
652 145 m2 196965 -0.00201524631 0.5 p-1 -175835 2
227 146 m2 197043 -0.00131741946 0.5 p-1 -6224148 282
31 147 m2 198168 0.0011688692 0.5 p-1 -2184756 1263
32 148 m2 199628 0.0114987437 0.5 p-1 -6441606 920
139 149 m2 199879 -0.019686332 0.5 p-1 -3739447 1590
756 150 m2 201939 -0.105366118 0.5 p-1 -59812 1
228 151 m2 203272 0.0161700938 0.5 p-1 -1277977 492
302 152 m2 203393 0.0140962452 0.5 p-1 -9315909 82
229 154 m2 206498 7.16000727e-07 0.5 p-1 -428534 137
632 155 m2 208847 -0.00273149414 0.5 p-1 -2082969 40
499 156 m2 209394 0.00829305314 0.5 p-1 -50119 22
34 159 m2 212679 -0.00633357884 0.5 p-1 -1890239 1022
35 163 m2 217566 -0.000253598409 0.5 p-1 -4469344 1642
712 164 m2 218120 1.49684065e-05 0.5 p-1 -100254 1
471 165 m2 219787 0.00153388048 0.5 p-1 -178056 64
644 167 m2 222770 0.0101843467 0.5 p-1 -466587 34
441 168 m2 223105 1.32674913e-07 0.5 p-1 -567182 95
488 172 m2 228329 0.000353015726 0.5 p-1 -1020259 219
36 173 m2 229243 0.0316113643 0.5 p-1 -1112655 853
195 174 m2 233881 0.00988264661 0.5 p-1 -4064529 868
37 175 m2 234465 0.00872247014 0.5 p-1 -4594774 123
713 176 m2 234987 -0.0178945828 0.5 p-1 -268 6
141 177 m2 235024 -6.43132007e-05 0.5 p-1 -2218874 1358
427 178 m2 239335 -8.33251906e-05 0.5 p-1 -2537754 53
672 180 m2 240171 7.43754117e-06 0.5 p-1 -9692 4
412 181 m2 243534 -0.011721123 0.5 p-1 -998638 78
598 182 m2 243762 0.0425028689 0.5 p-1 -318139 60
142 183 m2 244182 0.038001921 0.5 p-1 -1735583 982
373 184 m2 247012 -4.29083047e-05 0.5 p-1 -8027 11
709 185 m2 247229 -0.00943173468 0.5 p-1 -74979 5
642 186 m2 247480 -0.000566731789 0.5 p-1 -76283 5
511 187 m2 249356 0.0238633938 0.5 p-1 -160095 51
512 188 m2 251356 6.82812242e-05 0.5 p-1 -133660 43
38 189 m2 254557 0.000426083163 0.5 p-1 -1789227 1602
231 191 m2 258830 -0.000186713558 0.5 p-1 -7302770 150
39 193 m2 259185 0.0401767157 0.5 p-1 -1997109 1144
40 194 m2 260802 -0.00128072116 0.5 p-1 -1729215 1249
143 195 m2 261732 0.0120929061 0.5 p-1 -1443713 1061
552 196 m2 262416 0.000650581846 0.5 p-1 -82217 26
615 197 m2 263836 -0.013082128 0.5 p-1 -849 2
727 199 m2 264159 -0.000821738795 0.5 p-1 -52714 12
269 202 m2 272256 0.00987600069 0.5 p-1 -142749 187
760 203 m2 272310 0.00186096726 0.5 p-1 -54085 1
464 205 m2 275882 -0.00383103359 0.5 p-1 -35047 16
706 206 m2 278465 2.71828117e-06 0.5 p-1 -4147 1
357 207 m2 278800 -0.014753174 0.5 p-1 -301801 134
287 208 m2 278900 -0.00143971469 0.5 p-1 -3188789 756
358 209 m2 279210 -0.00429207971 0.5 p-1 -362130 133
232 210 m2 280485 9.94029106e-05 0.5 p-1 -426385 310
331 211 m2 281598 0.0020346297 0.5 p-1 -120423 58
233 212 m2 284095 0.000554263766 0.5 p-1 -1334555 604
348 213 m2 285277 -0.000230244535 0.5 p-1 -892665 254
489 215 m2 285370 -0.000381217833 0.5 p-1 -196972 44
398 217 m2 287573 -0.000180002651 0.5 p-1 -701053 121
145 218 m2 288165 -0.00946733449 0.5 p-1 -976387 107
197 220 m2 288857 -0.000182370219 0.5 p-1 -100999 125
556 221 m2 289078 -0.00614917651 0.5 p-1 -14483 11
332 222 m2 290149 -0.019028835 0.5 p-1 -1904322 158
465 223 m2 290512 -0.00461124675 0.5 p-1 -205783 112
399 224 m2 291414 -4.95551785e-06 0.5 p-1 -158912 63
545 225 m2 291467 -0.00943300314 0.5 p-1 -179042 16
146 226 m2 292899 0.00316621852 0.5 p-1 -3300296 684
693 227 m2 292924 -0.00247762259 0.5 p-1 -163047 7
288 228 m2 295624 0.000769315637 0.5 p-1 -3701917 657
522 229 m2 298069 0.000462428201 0.5 p-1 -1215255 25
472 230 m2 298919 0.0157198869 0.5 p-1 -241490 13
749 231 m2 300578 -0.0183626767 0.5 p-1 -70495 5
478 233 m2 301594 0.00179455383 0.5 p-1 -43475 18
501 234 m2 302463 -1.02510076e-05 0.5 p-1 -295556 21
664 236 m2 303398 -0.00571542978 0.5 p-1 -4603 1
724 238 m2 304200 -0.000125264763 0.5 p-1 -13527 12
148 239 m2 306217 0.0317039117 0.5 p-1 -1060374 742
289 241 m2 307688 0.0240377299 0.5 p-1 -87490 14
44 243 m2 308597 -8.57086343e-05 0.5 p-1 -3740018 949
457 247 m2 323087 -0.00075318123 0.5 p-1 -4104074 65
567 248 m2 325152 -0.0127546974 0.5 p-1 -6734 9
502 253 m2 334917 -0.00344742811 0.5 p-1 -291022 48
46 254 m2 335260 0.000274124119 0.5 p-1 -3687499 1352
47 255 m2 337263 0.010894265 0.5 p-1 -5430084 1924
461 257 m2 338919 0.0449984968 0.5 p-1 -519148 83
558 258 m2 339581 0.00904714596 0.5 p-1 -10448 14
619 259 m2 340441 0.00587796839 0.5 p-1 -29758 24
363 260 m2 343632 0.0443593003 0.5 p-1 -469969 274
48 261 m2 345561 -0.0150440792 0.5 p-1 -3331950 1691
234 262 m2 346544 0.0110345175 0.5 p-1 -362166 97
574 263 m2 347193 0.047108911 0.5 p-1 -25090 13
322 265 m2 349763 -0.00771490764 0.5 p-1 -672428 150
49 266 m2 351301 -0.0202738866 0.5 p-1 -2393254 1261
675 267 m2 353780 0.00291495072 0.5 p-1 -39166 10
50 269 m2 354836 0.000262963615 0.5 p-1 -12570909 730
576 270 m2 354855 -2.13369185e-05 0.5 p-1 -72112 5
747 271 m2 355336 0.0026674259 0.5 p-1 -1705 1
51 273 m2 355715 -0.000411947694 0.5 p-1 -2442181 593
333 275 m2 356468 -0.000413289235 0.5 p-1 -77173 16
589 277 m2 357665 -0.0263844021 0.5 p-1 -94901 18
486 279 m2 359578 1.3085222e-06 0.5 p-1 -3754118 89
200 280 m2 360035 6.56781485e-05 0.5 p-1 -2967215 964
587 282 m2 361496 0.000153318673 0.5 p-1 -62116 20
52 284 m2 362794 0.00199300982 0.5 p-1 -2638499 1350
235 286 m2 367023 8.60016953e-05 0.5 p-1 -3359523 1000
149 288 m2 367969 -0.01122656 0.5 p-1 -2336265 944
290 289 m2 368439 -4.70864506e-07 0.5 p-1 -1098170 649
697 290 m2 368769 2.11867446e-05 0.5 p-1 -18838 3
491 291 m2 369987 0.00152321171 0.5 p-1 -2602 14
626 292 m2 370302 -0.000279834057 0.5 p-1 -385759 13
721 293 m2 371249 0.00116351643 0.5 p-1 -669440 4
382 295 m2 371862 -0.00284386193 0.5 p-1 -939189 19
349 296 m2 371887 -2.15516593e-05 0.5 p-1 -126541 21
647 297 m2 372667 -0.0209477525 0.5 p-1 -3089 8
577 299 m2 374178 -0.000910908682 0.5 p-1 -29193 1
523 300 m2 374860 -6.37780773e-10 0.5 p-1 -132652 63
383 302 m2 375559 0.000154328576 0.5 p-1 -486686 172
55 304 m2 376893 -9.47542321e-06 0.5 p-1 -7667610 1762
56 306 m2 378780 0.000832455757 0.5 p-1 -3118263 1535
466 307 m2 380386 0.000263503724 0.5 p-1 -49457 4
736 308 m2 380529 -0.010954937 0.5 p-1 -3838 2
742 309 m2 382813 2.62209801e-06 0.5 p-1 -36142 4
57 310 m2 385555 -0.0346118137 0.5 p-1 -829549 95
236 311 m2 385581 -0.00373180211 0.5 p-1 -1493118 1058
58 312 m2 388783 0.00549135543 0.5 p-1 -2400530 406
540 313 m2 394866 0.00320732198 0.5 p-1 -26590 23
334 315 m2 398037 -0.00510093663 0.5 p-1 -5412 10
237 316 m2 399522 0.010775554 0.5 p-1 -295909 183
238 317 m2 399853 0.00297483988 0.5 p-1 -3777137 957
671 320 m2 401708 0.00258965464 0.5 p-1 -712156 17
473 321 m2 404193 0.0475104749 0.5 p-1 -205214 136
270 322 m2 404862 2.01212206e-05 0.5 p-1 -147570 59
62 323 m2 404939 -0.000301773805 0.5 p-1 -1000872 491
581 325 m2 406528 0.0109388148 0.5 p-1 -260044 25
239 326 m2 407590 -0.000865383248 0.5 p-1 -8497560 766
305 327 m2 408366 5.0155613e-09 0.5 p-1 -362825 15
513 329 m2 409349 -0.000159075949 0.5 p-1 -25179 35
670 330 m2 409915 -1.42437566e-05 0.5 p-1 -84959 11
63 332 m2 411670 -0.00448326534 0.5 p-1 -1751830 492
557 333 m2 412290 -0.00303764222 0.5 p-1 -101893 12
64 335 m2 412851 -0.0440836139 0.5 p-1 -5409152 223
335 336 m2 413609 1.83121156e-05 0.5 p-1 -170562 175
467 337 m2 413976 0.00436426187 0.5 p-1 -54661 11
628 338 m2 414078 -1.07305332e-05 0.5 p-1 -159836 32
517 339 m2 414766 0.0052611758 0.5 p-1 -21612 10
152 340 m2 416691 -0.00737265777 0.5 p-1 -1254292 186
439 341 m2 419753 -5.32434541e-09 0.5 p-1 -5356372 81
638 342 m2 419755 1.19554834e-05 0.5 p-1 -1292 8
602 343 m2 421640 0.000273270212 0.5 p-1 -243384 13
350 344 m2 422959 -0.0024263165 0.5 p-1 -30117 18
507 345 m2 423978 -6.03822009e-05 0.5 p-1 -452908 56
240 346 m2 425831 0.0151520194 0.5 p-1 -698848 376
65 347 m2 427644 -0.012938926 0.5 p-1 -2114659 1205
364 348 m2 428095 0.0168694649 0.5 p-1 -64141 65
66 349 m2 429290 -0.0323926546 0.5 p-1 -3292722 1285
495 350 m2 430172 -1.17232403e-05 0.5 p-1 -806470 261
67 351 m2 430775 -0.0219135694 0.5 p-1 -4988727 1246
68 352 m2 432722 0.00966925081 0.5 p-1 -6056875 1975
153 353 m2 432900 -0.00274646259 0.5 p-1 -877090 615
69 354 m2 433941 0.00917350221 0.5 p-1 -3726031 808
337 355 m2 434137 0.00059357693 0.5 p-1 -1187389 234
445 356 m2 435548 0.00189706171 0.5 p-1 -7621 1
271 357 m2 435978 -5.84871123e-05 0.5 p-1 -172668 79
719 359 m2 438974 0.000402209756 0.5 p-1 -248 6
306 360 m2 439168 0.012991393 0.5 p-1 -883474 70
154 362 m2 439283 0.00205060933 0.5 p-1 -231442 85
620 364 m2 440837 -0.0019300665 0.5 p-1 -617397 27
272 365 m2 441109 -0.015791839 0.5 p-1 -846660 292
745 366 m2 441737 -0.0179750398 0.5 p-1 -9333 1
155 367 m2 442121 -0.011838547 0.5 p-1 -3961742 430
435 368 m2 442414 0.0112690525 0.5 p-1 -6007645 106
468 369 m2 442731 0.0115890549 0.5 p-1 -340186 77
469 370 m2 443120 0.00276804366 0.5 p-1 -2599679 119
583 371 m2 443482 0.0120599363 0.5 p-1 -17669 22
707 373 m2 446258 0.0387093835 0.5 p-1 -20851 11
618 376 m2 451653 0.0842199624 0.5 p-1 -325910 12
365 377 m2 455427 -0.00894058403 0.5 p-1 -823691 142
629 379 m2 456340 0.00753396703 0.5 p-1 -5559 19
72 380 m2 459814 6.27913978e-05 0.5 p-1 -1125507 969
500 382 m2 461480 0.0102786701 0.5 p-1 -85459 169
241 384 m2 467016 -0.0105661759 0.5 p-1 -780607 243
73 385 m2 468834 0.00901856273 0.5 p-1 -2136437 526
566 389 m2 475484 0.0279071145 0.5 p-1 -116166 46
754 390 m2 476399 0.0223920438 0.5 p-1 -35746 1
630 392 m2 477098 0.000352873118 0.5 p-1 -451802 18
374 394 m2 482659 0.0015281965 0.5 p-1 -916379 153
74 395 m2 485909 0.000292403158 0.5 p-1 -5505304 940
242 397 m2 488662 0.00265534152 0.5 p-1 -6738 14
407 398 m2 489264 -0.00184887962 0.5 p-1 -89182 83
633 399 m2 490496 0.0194879454 0.5 p-1 -24502 3
201 400 m2 490719 -0.00877230149 0.5 p-1 -3842378 354
662 402 m2 493023 -0.0677884668 0.5 p-1 -19930 3
75 403 m2 493581 -0.000359156198 0.5 p-1 -3421 18
76 404 m2 493613 0.000995676033 0.5 p-1 -1504447 330
344 405 m2 493715 0.000103707476 0.5 p-1 -192879 83
594 406 m2 493717 0.000536849548 0.5 p-1 -29572 11
273 407 m2 496619 -0.00385695673 0.5 p-1 -360780 310
202 408 m2 498907 -0.0293614212 0.5 p-1 -382938 325
446 409 m2 501945 0.0310552809 0.5 p-1 -71665 30
761 412 m2 507039 6.50723814e-05 0.5 p-1 -56940 1
429 414 m2 509151 4.62188791e-06 0.5 p-1 -146184 36
243 415 m2 509795 -0.00572069595 0.5 p-1 -340937 35
77 416 m2 512356 0.0176249128 0.5 p-1 -1112670 246
375 417 m2 513933 -0.00752615463 0.5 p-1 -129383 110
78 418 m2 517165 -0.000191393323 0.5 p-1 -2066468 568
203 419 m2 517994 -0.000301097491 0.5 p-1 -8646866 430
79 420 m2 520546 -0.0246528313 0.5 p-1 -517646 660
447 423 m2 527173 0.000290863594 0.5 p-1 -436390 101
80 424 m2 528407 -0.00364299794 0.5 p-1 -4150220 1534
158 425 m2 530525 -0.0053934739 0.5 p-1 -212401 117
717 426 m2 530836 -0.00244548917 0.5 p-1 -37301 12
291 428 m2 531402 0.00962351449 0.5 p-1 -428283 150
205 429 m2 532689 0.00839177333 0.5 p-1 -2334329 563
698 430 m2 532842 0.000379908481 0.5 p-1 -2682161 3
339 431 m2 532856 0.0171631873 0.5 p-1 -16007 73
366 432 m2 532959 -0.000152601977 0.5 p-1 -993452 329
725 434 m2 539061 -0.0116100721 0.5 p-1 -1981981 3
275 435 m2 539104 1.0290363e-06 0.5 p-1 -1526693 39
430 436 m2 539294 -0.00160857767 0.5 p-1 -169212 29
655 438 m2 541142 -0.000429691776 0.5 p-1 -48971 8
160 439 m2 541393 0.00122882577 0.5 p-1 -293501 468
206 441 m2 545204 -0.00065381435 0.5 p-1 -350166 634
431 442 m2 547040 0.00870177336 0.5 p-1 -1578277 41
376 443 m2 548488 -0.00709085632 0.5 p-1 -1207164 511
161 444 m2 552240 3.97535405e-05 0.5 p-1 -7488816 584
640 445 m2 553472 0.00606322801 0.5 p-1 -93803 5
703 447 m2 554231 0.000121453515 0.5 p-1 -6817 8
244 449 m2 559003 0.0302762575 0.5 p-1 -704999 426
308 450 m2 559610 -1.08624572e-05 0.5 p-1 -566551 29
81 451 m2 563325 0.0661299154 0.5 p-1 -5851304 1304
531 452 m2 563693 0.000754664245 0.5 p-1 -340189 33
292 453 m2 564460 -0.0460514575 0.5 p-1 -284738 126
82 454 m2 565552 -0.00181495165 0.5 p-1 -119477 89
162 456 m2 566476 3.26471418e-05 0.5 p-1 -3326931 371
541 457 m2 567197 0.00226736884 0.5 p-1 -107304 18
384 458 m2 567879 1.25872702e-07 0.5 p-1 -278902 160
432 459 m2 567919 0.00231048395 0.5 p-1 -317892 142
590 461 m2 572989 -0.0456090607 0.5 p-1 -143748 7
503 462 m2 573744 0.000201220377 0.5 p-1 -20710 66
413 463 m2 575841 0.00403122464 0.5 p-1 -372245 40
474 468 m2 580239 0.0109687271 0.5 p-1 -913857 143
537 469 m2 587044 -0.0115239816 0.5 p-1 -25808 11
83 470 m2 591181 0.0573977754 0.5 p-1 -3697584 977
417 471 m2 591995 0.00128268031 0.5 p-1 -563031 61
84 472 m2 592032 -0.00196404872 0.5 p-1 -802617 293
723 474 m2 592426 -0.00496404152 0.5 p-1 -43101 7
442 475 m2 594602 0.011941175 0.5 p-1 -662851 59
720 476 m2 594676 0.00851929933 0.5 p-1 -18179 8
208 477 m2 595633 0.000399325683 0.5 p-1 -409163 341
395 480 m2 597042 5.8384685e-05 0.5 p-1 -351107 159
309 481 m2 598584 0.00275117089 0.5 p-1 -23920 9
276 482 m2 602249 0.00323495315 0.5 p-1 -1013678 282
663 483 m2 602478 0.00197993428 0.5 p-1 -16208 1
85 484 m2 603120 0.047388982 0.5 p-1 -12900242 962
679 485 m2 605769 -0.0331820659 0.5 p-1 -11806 10
683 487 m2 612514 -0.110282145 0.5 p-1 -314162 7
247 488 m2 613882 -0.0016546679 0.5 p-1 -168312 75
715 489 m2 616824 -0.0196005702 0.5 p-1 -129026 16
163 491 m2 622947 -0.0639513507 0.5 p-1 -111117 168
248 492 m2 623934 -0.0133982813 0.5 p-1 -1345282 37
249 493 m2 624681 -0.00407379493 0.5 p-1 -6337005 598
323 494 m2 624770 -0.107826598 0.5 p-1 -334073 130
525 497 m2 630119 -2.00776586e-08 0.5 p-1 -1402566 84
443 498 m2 631765 0.0350174233 0.5 p-1 -259065 122
385 499 m2 634497 -0.0196862966 0.5 p-1 -865446 82
657 500 m2 635565 0.00297656562 0.5 p-1 -78066 6
164 502 m2 636371 -1.15473504e-05 0.5 p-1 -15836 3
86 503 m2 638337 0.0107614528 0.5 p-1 -915568 687
753 504 m2 639032 -0.00358097279 0.5 p-1 -5646 1
667 505 m2 639092 0.00102708046 0.5 p-1 -260411 31
209 507 m2 641593 0.00780422334 0.5 p-1 -2267362 804
87 508 m2 641755 -0.00505686179 0.5 p-1 -5524919 668
475 510 m2 644286 0.115615115 0.5 p-1 -262076 251
88 514 m2 648368 -1.64776139e-08 0.5 p-1 -699901 298
89 515 m2 648916 0.000533110928 0.5 p-1 -1913788 313
90 517 m2 650659 0.00934940018 0.5 p-1 -3557744 1748
673 519 m2 652855 -0.000517984037 0.5 p-1 -7089 4
591 520 m2 653918 -0.00579776894 0.5 p-1 -55905 12
433 523 m2 657500 -0.00225206022 0.5 p-1 -352974 132
542 524 m2 660681 0.0281168669 0.5 p-1 -118281 46
484 526 m2 666209 -0.00688749785 0.5 p-1 -107398 42
311 527 m2 668124 -0.0507935546 0.5 p-1 -500552 201
714 528 m2 670350 4.48547477e-10 0.5 p-1 -1837042 4
277 530 m2 673332 2.48935095e-07 0.5 p-1 -72301 20
408 531 m2 673952 -0.00825404748 0.5 p-1 -1114063 220
455 534 m2 677913 0.0529253855 0.5 p-1 -124969 98
91 536 m2 679584 -0.0105330423 0.5 p-1 -688455 114
504 537 m2 682969 -0.00464755297 0.5 p-1 -7176 15
92 538 m2 682972 0.0338038467 0.5 p-1 -4051666 1650
532 539 m2 686366 -0.000996697112 0.5 p-1 -3742 3
251 540 m2 687750 0.00145394972 0.5 p-1 -95901 191
166 542 m2 689312 0.00196121493 0.5 p-1 -1001234 338
752 543 m2 690529 -0.00723286672 0.5 p-1 -242148 3
562 544 m2 690546 -1.50247442e-05 0.5 p-1 -2028352 33
93 545 m2 691100 -0.018554572 0.5 p-1 -5769410 1950
544 546 m2 691821 -0.000101240068 0.5 p-1 -24349 21
167 547 m2 692600 -0.000199669113 0.5 p-1 -386512 153
418 548 m2 692752 0.00678763958 0.5 p-1 -790196 158
456 549 m2 698200 0.023737533 0.5 p-1 -2670795 197
168 550 m2 701998 0.000104848674 0.5 p-1 -4656811 1113
570 551 m2 702544 -0.0922250748 0.5 p-1 -30272 22
94 552 m2 703237 -0.00103569834 0.5 p-1 -1571803 1760
95 553 m2 708284 0.0274067018 0.5 p-1 -823738 620
294 554 m2 710672 0.0140309129 0.5 p-1 -24305 56
252 555 m2 715689 -0.00863130018 0.5 p-1 -1467689 103
97 556 m2 716079 5.17359786e-06 0.5 p-1 -4731774 843
98 559 m2 721426 -0.0119887637 0.5 p-1 -3405569 1471
99 560 m2 722287 0.0459530316 0.5 p-1 -4821133 1653
314 561 m2 722506 0.0180156473 0.5 p-1 -3538341 292
170 564 m2 724401 0.000212577419 0.5 p-1 -5893493 777
403 565 m2 725684 0.00287370756 0.5 p-1 -810585 95
100 566 m2 726189 3.92843212e-05 0.5 p-1 -2663490 887
624 567 m2 727816 0.00246355124 0.5 p-1 -15268 30
596 570 m2 729980 0.0173209514 0.5 p-1 -3209389 73
367 571 m2 730716 0.0229352638 0.5 p-1 -13103 7
278 572 m2 730773 -0.00345508754 0.5 p-1 -3411103 567
295 573 m2 732872 -0.000145070415 0.5 p-1 -212611 104
420 574 m2 735197 0.000250658835 0.5 p-1 -103823 28
101 575 m2 738262 0.0063390173 0.5 p-1 -11650834 1125
102 576 m2 740662 0.00329713034 0.5 p-1 -3198782 434
728 577 m2 743806 -4.36733281e-08 0.5 p-1 -22105 1
172 578 m2 745230 0.0509054065 0.5 p-1 -1314542 710
103 579 m2 746970 0.0180818643 0.5 p-1 -10123525 666
253 580 m2 748410 -0.0230166633 0.5 p-1 -4437519 795
254 582 m2 749774 0.00128771726 0.5 p-1 -1428501 589
639 583 m2 749804 -0.0489677079 0.5 p-1 -2817 1
104 584 m2 750168 0.0210500229 0.5 p-1 -2487582 983
424 586 m2 756936 0.0172652025 0.5 p-1 -116241 46
392 587 m2 758637 -5.62968171e-06 0.5 p-1 -55630 50
106 589 m2 760053 -0.0136749838 0.5 p-1 -4068347 1505
255 590 m2 760245 0.0424259044 0.5 p-1 -2035716 75
560 593 m2 770250 0.000508712779 0.5 p-1 -16961 20
409 594 m2 772440 2.79495055e-07 0.5 p-1 -324544 164
369 595 m2 772949 0.000137768584 0.5 p-1 -3100062 100
353 596 m2 774145 -0.00234744791 0.5 p-1 -136245 91
315 597 m2 774820 -0.0301599577 0.5 p-1 -191008 73
607 598 m2 774918 0.00100672129 0.5 p-1 -101656 8
765 599 m2 775745 -0.0817542821 0.5 p-1 -11071 1
548 600 m2 776046 3.09775751e-05 0.5 p-1 -13392 25
316 601 m2 776077 0.0712671205 0.5 p-1 -47664 17
108 603 m2 777200 -0.00548285618 0.5 p-1 -2725916 1645
726 604 m2 778310 0.0307272747 0.5 p-1 -368966 3
608 605 m2 780651 0.00315360655 0.5 p-1 -124155 13
665 606 m2 780813 0.000934984128 0.5 p-1 -311 1
643 607 m2 782274 -0.0342156738 0.5 p-1 -5463 3
480 608 m2 782588 0.00815735757 0.5 p-1 -374374 66
280 609 m2 783225 -5.83113979e-05 0.5 p-1 -1536718 211
659 610 m2 784463 -0.0992061645 0.5 p-1 -95387 4
256 612 m2 787962 2.1133269e-06 0.5 p-1 -104314 65
281 614 m2 788155 0.00538735325 0.5 p-1 -1155125 578
656 615 m2 789126 0.000329788047 0.5 p-1 -58520 9
109 616 m2 789692 0.00178477797 0.5 p-1 -3504629 1709
354 617 m2 790721 0.000513495295 0.5 p-1 -3015274 167
547 618 m2 791082 -0.0123955579 0.5 p-1 -48796 63
212 619 m2 792184 0.0175828319 0.5 p-1 -6018633 1085
257 620 m2 793364 0.000237408633 0.5 p-1 -398973 445
213 621 m2 794391 -0.0060941726 0.5 p-1 -658778 473
258 622 m2 798932 -0.0174666774 0.5 p-1 -430144 130
505 624 m2 808241 -0.0481091253 0.5 p-1 -58983 45
534 625 m2 808273 0.000702163146 0.5 p-1 -237801 19
476 626 m2 810119 -0.0236178357 0.5 p-1 -92365 37
470 627 m2 813505 7.95966262e-05 0.5 p-1 -4020665 26
508 628 m2 813635 -0.020000888 0.5 p-1 -34361 36
173 630 m2 815122 0.00272857235 0.5 p-1 -1144638 497
317 631 m2 816065 0.00049483648 0.5 p-1 -3360901 352
174 632 m2 817804 -6.29866463e-07 0.5 p-1 -4131023 1249
110 633 m2 817838 -0.00656128908 0.5 p-1 -2632234 768
346 635 m2 819253 -3.55389025e-12 0.5 p-1 -783080 229
282 638 m2 827763 -0.0521009825 0.5 p-1 -2229339 396
452 639 m2 828432 -0.0357857682 0.5 p-1 -5580573 119
259 640 m2 829153 0.0216346737 0.5 p-1 -470898 82
111 642 m2 831342 -0.0032992647 0.5 p-1 -1665292 428
625 645 m2 833265 0.0304327253 0.5 p-1 -25855 20
677 649 m2 840278 -0.00303537282 0.5 p-1 -549207 1
260 652 m2 843298 -0.0082441289 0.5 p-1 -655785 99
379 655 m2 844627 -0.000229706013 0.5 p-1 -826363 320
636 656 m2 846085 -0.00136970275 0.5 p-1 -29569 19
177 657 m2 846288 -0.036646001 0.5 p-1 -1727024 1587
178 658 m2 847823 -0.00166105211 0.5 p-1 -8093286 1648
519 659 m2 849024 1.3350993e-05 0.5 p-1 -1100710 37
396 661 m2 860998 -4.20944707e-06 0.5 p-1 -4377817 277
214 662 m2 864300 -0.0116571086 0.5 p-1 -468192 105
179 663 m2 864434 0.000328185852 0.5 p-1 -6897268 1006
115 667 m2 868948 0.00175590313 0.5 p-1 -5858196 479
116 668 m2 869001 -0.00775211258 0.5 p-1 -758144 479
117 669 m2 871856 -3.99276541e-06 0.5 p-1 -4193401 1298
682 671 m2 874394 -0.000171325213 0.5 p-1 -100548 20
215 672 m2 875992 -0.020594338 0.5 p-1 -4143003 758
118 674 m2 876737 -0.0210819393 0.5 p-1 -2527730 676
119 675 m2 877584 -4.11422398e-08 0.5 p-1 -415153 137
120 676 m2 879386 0.00112709333 0.5 p-1 -2988942 1137
585 677 m2 879521 0.0011413818 0.5 p-1 -112657 8
121 678 m2 880755 -0.000208062556 0.5 p-1 -4046034 977
180 679 m2 882876 -0.00131565065 0.5 p-1 -1500455 355
514 680 m2 884825 9.13956137e-06 0.5 p-1 -280268 159
733 681 m2 885632 0.00395694608 0.5 p-1 -385966 16
421 682 m2 887745 -0.00976248365 0.5 p-1 -292443 12
261 683 m2 890689 -0.00370073109 0.5 p-1 -3006688 882
341 684 m2 892379 -0.000728779647 0.5 p-1 -886335 551
181 686 m2 894887 0.00626101671 0.5 p-1 -1111709 129
526 687 m2 898000 0.00267620175 0.5 p-1 -161852 45
182 688 m2 898861 -0.00863029901 0.5 p-1 -5422249 634
527 689 m2 899565 -0.0114605883 0.5 p-1 -67306 6
599 690 m2 900473 -0.000741341384 0.5 p-1 -24483 16
481 691 m2 900779 7.57567104e-05 0.5 p-1 -111997 63
183 693 m2 902650 0.032021679 0.5 p-1 -4488106 1359
477 695 m2 905734 -0.000174056389 0.5 p-1 -113437 5
359 696 m2 906644 0.000266536139 0.5 p-1 -300900 104
449 697 m2 907065 0.0332812406 0.5 p-1 -24679 12
766 699 m2 907381 -0.03925943 0.5 p-1 -7934 1
393 700 m2 907441 0.0264079273 0.5 p-1 -218990 138
324 701 m2 907619 0.00163898396 0.5 p-1 -1065161 523
360 702 m2 909118 4.53511202e-05 0.5 p-1 -2619422 67
122 703 m2 909601 4.55380103e-07 0.5 p-1 -2326629 1697
678 705 m2 910096 0.000388077809 0.5 p-1 -432869 10
325 706 m2 912125 0.00383913517 0.5 p-1 -1105275 535
216 707 m2 912618 0.000840398832 0.5 p-1 -2854600 910
404 708 m2 916109 0.00212681829 0.5 p-1 -309962 104
184 710 m2 918570 -0.000570568314 0.5 p-1 -2949477 1202
575 711 m2 921186 -3.8334405e-05 0.5 p-1 -159518 34
123 712 m2 923679 -8.74339001e-09 0.5 p-1 -7497582 990
218 713 m2 924868 -0.00740374951 0.5 p-1 -1777488 456
124 714 m2 925556 0.0455037206 0.5 p-1 -10071181 1528
326 715 m2 929547 -0.00196143449 0.5 p-1 -2564944 409
450 716 m2 930243 -0.00128633541 0.5 p-1 -3956 12
767 717 m2 930414 0.00178917754 0.5 p-1 -124476 1
185 718 m2 930976 0.0339211114 0.5 p-1 -1333283 851
125 719 m2 931139 0.00296067866 0.5 p-1 -10730473 1613
691 720 m2 935349 -0.057598114 0.5 p-1 -12518 22
219 721 m2 937327 9.27033834e-05 0.5 p-1 -435032 63
126 724 m2 940443 0.0001945447 0.5 p-1 -5776644 858
737 725 m2 940922 0.00288834283 0.5 p-1 -16866 4
127 726 m2 944287 -1.59831779e-06 0.5 p-1 -2016904 376
637 727 m2 945546 0.000198962196 0.5 p-1 -686327 35
437 728 m2 946291 -0.00323700486 0.5 p-1 -11174 13
128 729 m2 947593 0.00734980451 0.5 p-1 -2266363 1044
674 730 m2 948350 -0.00128268637 0.5 p-1 -1763 3
704 731 m2 948882 0.000143563753 0.5 p-1 -217444 5
516 733 m2 951766 -0.0555650853 0.5 p-1 -253354 27
611 737 m2 960610 -5.27411867e-05 0.5 p-1 -4952 5
380 738 m2 962724 -0.00795533694 0.5 p-1 -177095 46
220 739 m2 962741 0.0489759222 0.5 p-1 -15691641 975
327 740 m2 965301 -0.0140825175 0.5 p-1 -205334 39
559 742 m2 970278 0.000881676853 0.5 p-1 -13844 11
460 743 m2 970651 0.00147663779 0.5 p-1 -15758324 82
617 744 m2 973770 -0.0170980785 0.5 p-1 -27524 6
635 745 m2 973837 -0.0860891938 0.5 p-1 -85874 14
131 748 m2 975911 4.14529604e-05 0.5 p-1 -4407978 673
741 749 m2 979804 6.30455179e-05 0.5 p-1 -68100 5
609 751 m2 983035 -0.0284492411 0.5 p-1 -9663 24
700 752 m2 985703 -0.000326738431 0.5 p-1 -89225 29
361 753 m2 985974 -0.012795683 0.5 p-1 -13770 2
622 756 m2 986139 -4.846519e-05 0.5 p-1 -14110 13
347 757 m2 986158 0.00310462993 0.5 p-1 -5854496 80
744 759 m2 993650 7.8156685e-05 0.5 p-1 -5765 2
676 760 m2 996018 -0.00166051637 0.5 p-1 -71126 6
387 761 m2 997369 -0.00167785853 0.5 p-1 -189013 213
506 762 m2 999535 0.0986904204 0.5 p-1 -262837 20
222 763 m2 999851 0.00419162819 0.5 p-1 -445728 89
686 771 m2 351694 -0.00501220021 0.5 p0 2 9
711 772 m2 504089 0.000155271409 0.5 p0 2 1
543 783 m2 549645 0.00469429884 0.5 p0 2 17
695 791 m2 38566 0.00288250204 0.5 p0 2 6
627 793 m2 414267 0.00350843742 0.5 p0 2 3
690 794 m2 940808 1.21605308e-06 0.5 p0 2 5
569 798 m2 960436 -0.00205749413 0.5 p0 2 2
43 814 m2 270946 0.0351863578 0.5 p0 2 13
606 815 m2 203540 0.000312368793 0.5 p0 2 8
748 817 m2 844690 -0.00672846474 0.5 p0 2 3
530 819 m2 296311 -0.00168663554 0.5 p0 2 4
623 841 m2 680242 -0.00523036998 0.5 p0 2 17
738 846 m2 764967 -0.000295543025 0.5 p0 2 1
762 847 m2 689091 -0.000425103295 0.5 p0 2 1
708 860 m2 986353 0.026260281 0.5 p0 2 1
578 865 m2 127638 0.0150694437 0.5 p0 2 9
423 867 m2 718447 -0.0004864191 0.5 p0 2 9
572 869 m2 309259 0.00411930773 0.5 p0 2 6
732 874 m2 932370 -0.0553870909 0.5 p0 2 3
687 877 m2 880561 -0.0858182162 0.5 p0 2 3
768 883 m2 613696 0.00999498088 0.5 p0 2 1
661 889 m2 204455 -0.00610631378 0.5 p0 2 2
763 890 m2 638304 0.0309133269 0.5 p0 2 1
621 894 m2 932758 -0.00105558534 0.5 p0 2 5
692 897 m2 368221 0.0001685022 0.5 p0 2 2
739 902 m2 94916 0.00102652737 0.5 p0 2 2
757 914 m2 96987 -0.0153211169 0.5 p0 2 1
666 928 m2 147903 -0.0121006584 0.5 p0 2 5
740 932 m2 746505 1.97913806e-07 0.5 p0 2 4
716 934 m2 54763 -4.99221596e-06 0.5 p0 2 9
685 941 m1 2187 0 0.5 p-1 -15464 10
631 942 m1 2458 -0 0.5 p-1 -101974 2
2 944 m1 9274 -0 0.5 p-1 -959272 215
134 945 m1 12199 0 0.5 p-1 -950764 427
646 947 m1 22452 0 0.5 p-1 -99840 41
669 948 m1 26799 0 0.5 p-1 -4321 15
135 949 m1 27146 -0 0.5 p-1 -220531 72
405 952 m1 34104 0 0.5 p-1 -1069537 115
5 953 m1 36991 -0 0.5 p-1 -10504351 324
389 954 m1 43775 -0 0.5 p-1 -266911 100
223 955 m1 45605 0 0.5 p-1 -129464 84
8 957 m1 50718 -0 0.5 p-1 -4149986 131
263 958 m1 51955 -0 0.5 p-1 -1378180 1134
701 959 m1 54094 0 0.5 p-1 -18954 4
370 960 m1 54223 -0 0.5 p-1 -112529 158
9 961 m1 55156 -0 0.5 p-1 -359208 403
462 962 m1 56897 0 0.5 p-1 -66341 45
371 963 m1 60790 -0 0.5 p-1 -109169 56
414 965 m1 78096 -0 0.5 p-1 -386476 39
320 966 m1 89364 0 0.5 p-1 -297182 43
634 967 m1 90671 0 0.5 p-1 -146039 8
16 968 m1 101953 -0 0.5 p-1 -3401617 1543
190 969 m1 102591 0 0.5 p-1 -1543795 528
688 970 m1 103346 -0 0.5 p-1 -6304 21
390 972 m1 106040 -0 0.5 p-1 -392842 235
18 973 m1 109614 0 0.5 p-1 -2392073 1224
20 975 m1 125120 0 0.5 p-1 -516448 296
330 976 m1 133475 -0 0.5 p-1 -110508 31
554 978 m1 137962 0 0.5 p-1 -25469 9
193 979 m1 138637 -0 0.5 p-1 -2647735 497
22 982 m1 148551 0 0.5 p-1 -346744 316
680 983 m1 150820 -0 0.5 p-1 -173212 14
425 986 m1 155822 -0 0.5 p-1 -839010 131
463 987 m1 156859 0 0.5 p-1 -1507412 6
426 988 m1 157514 0 0.5 p-1 -1110846 191
759 990 m1 160430 0 0.5 p-1 -5943 1
702 993 m1 168490 0 0.5 p-1 -79340 4
25 994 m1 172474 -0 0.5 p-1 -685355 516
29 995 m1 183427 0 0.5 p-1 -3500683 1569
411 996 m1 185563 0 0.5 p-1 -247674 114
33 998 m1 202890 0 0.5 p-1 -4861678 1455
303 1000 m1 214696 0 0.5 p-1 -537191 251
285 1001 m1 215596 0 0.5 p-1 -6796050 681
140 1002 m1 219321 0 0.5 p-1 -658890 435
645 1003 m1 230660 0 0.5 p-1 -328185 43
438 1004 m1 232297 0 0.5 p-1 -985445 225
681 1006 m1 244200 0 0.5 p-1 -79195 5
286 1007 m1 244657 0 0.5 p-1 -188599 145
230 1010 m1 253216 -0 0.5 p-1 -1271142 448
658 1011 m1 254073 -0 0.5 p-1 -52592 2
196 1012 m1 254079 0 0.5 p-1 -376237 157
41 1014 m1 264157 0 0.5 p-1 -1176276 500
42 1015 m1 268564 -0 0.5 p-1 -5188627 1572
144 1016 m1 279151 0 0.5 p-1 -1602925 62
555 1017 m1 288226 -0 0.5 p-1 -156584 11
304 1019 m1 291476 -0 0.5 p-1 -53380 6
321 1021 m1 294407 -0 0.5 p-1 -30162 22
406 1022 m1 295215 -0 0.5 p-1 -898387 250
147 1023 m1 299833 0 0.5 p-1 -2290098 1158
45 1025 m1 323231 0 0.5 p-1 -5362344 1935
758 1026 m1 325308 0 0.5 p-1 -114116 1
198 1027 m1 331080 -0 0.5 p-1 -4202367 716
573 1030 m1 340257 0 0.5 p-1 -39730 13
422 1031 m1 342246 0 0.5 p-1 -967137 164
533 1032 m1 343443 -0 0.5 p-1 -163743 37
199 1033 m1 344393 0 0.5 p-1 -3668273 628
400 1034 m1 347794 0 0.5 p-1 -209846 28
416 1036 m1 363940 -0 0.5 p-1 -45990 102
53 1037 m1 365666 0 0.5 p-1 -6759166 1109
54 1038 m1 373972 -0 0.5 p-1 -8080516 1543
568 1039 m1 378924 -0 0.5 p-1 -47879 20
150 1040 m1 384226 0 0.5 p-1 -300391 373
59 1041 m1 393852 -0 0.5 p-1 -1951817 282
60 1042 m1 394235 -0 0.5 p-1 -3376270 858
61 1043 m1 395280 0 0.5 p-1 -3078418 1097
151 1046 m1 403427 0 0.5 p-1 -6206402 422
444 1047 m1 414312 -0 0.5 p-1 -1687026 151
492 1048 m1 416642 0 0.5 p-1 -500 21
336 1049 m1 420773 0 0.5 p-1 -127067 39
553 1050 m1 422413 0 0.5 p-1 -111982 17
401 1052 m1 431477 -0 0.5 p-1 -242295 41
70 1053 m1 437151 0 0.5 p-1 -950631 119
71 1054 m1 444683 0 0.5 p-1 -3970815 875
613 1056 m1 448636 0 0.5 p-1 -54991 17
616 1057 m1 454965 0 0.5 p-1 -75778 18
722 1058 m1 455880 0 0.5 p-1 -3100 8
524 1061 m1 474333 -0 0.5 p-1 -52703 20
428 1063 m1 485384 0 0.5 p-1 -5596 3
696 1065 m1 498189 0 0.5 p-1 -31762 5
156 1067 m1 504628 0 0.5 p-1 -892288 282
274 1068 m1 506474 0 0.5 p-1 -791265 756
338 1069 m1 512345 0 0.5 p-1 -246122 86
157 1071 m1 522509 -0 0.5 p-1 -4238143 899
549 1072 m1 523801 0 0.5 p-1 -41129 28
204 1073 m1 527672 0 0.5 p-1 -2319939 668
307 1075 m1 527822 0 0.5 p-1 -80440 40
654 1076 m1 528482 -0 0.5 p-1 -42188 18
440 1077 m1 529498 0 0.5 p-1 -836306 84
402 1078 m1 531540 0 0.5 p-1 -91819 48
159 1080 m1 536475 0 0.5 p-1 -2014675 818
699 1081 m1 539940 -0 0.5 p-1 -4960 2
689 1082 m1 553005 -0 0.5 p-1 -3031 4
207 1083 m1 555960 0 0.5 p-1 -873534 94
351 1084 m1 558308 -0 0.5 p-1 -113105 102
345 1086 m1 560830 -0 0.5 p-1 -28408 21
245 1087 m1 561307 0 0.5 p-1 -1459731 834
510 1088 m1 567543 0 0.5 p-1 -492998 17
641 1089 m1 568501 -0 0.5 p-1 -759 5
293 1090 m1 570151 0 0.5 p-1 -6695968 514
246 1094 m1 585702 0 0.5 p-1 -2188640 356
448 1095 m1 587548 0 0.5 p-1 -125856 42
490 1097 m1 594501 0 0.5 p-1 -741256 138
377 1101 m1 619832 0 0.5 p-1 -9391 10
250 1104 m1 625136 -0 0.5 p-1 -1470523 268
600 1105 m1 631854 0 0.5 p-1 -51718 6
454 1106 m1 633453 -0 0.5 p-1 -30015 44
310 1107 m1 644300 -0 0.5 p-1 -10541 4
458 1108 m1 644544 -0 0.5 p-1 -636902 77
165 1109 m1 647686 -0 0.5 p-1 -905103 57
751 1110 m1 664983 0 0.5 p-1 -154441 3
528 1112 m1 671599 0 0.5 p-1 -85336 62
352 1113 m1 671628 -0 0.5 p-1 -379474 32
312 1114 m1 681045 0 0.5 p-1 -1976619 340
459 1115 m1 690104 -0 0.5 p-1 -281643 102
210 1116 m1 693124 -0 0.5 p-1 -256079 325
563 1117 m1 700592 -0 0.5 p-1 -126496 2
434 1118 m1 700649 -0 0.5 p-1 -255280 23
603 1119 m1 705917 0 0.5 p-1 -61794 7
493 1120 m1 707425 0 0.5 p-1 -736257 79
378 1122 m1 712171 -0 0.5 p-1 -598921 252
96 1123 m1 712245 0 0.5 p-1 -2717753 1931
313 1124 m1 715327 0 0.5 p-1 -249233 159
169 1125 m1 720360 -0 0.5 p-1 -289732 313
419 1126 m1 721755 0 0.5 p-1 -9102605 213
211 1127 m1 726715 0 0.5 p-1 -122277 67
296 1128 m1 738417 0 0.5 p-1 -2986460 121
368 1129 m1 739610 0 0.5 p-1 -2978395 50
171 1130 m1 741988 0 0.5 p-1 -1315540 476
105 1133 m1 759979 -0 0.5 p-1 -6637579 840
107 1136 m1 770672 -0 0.5 p-1 -467471 266
496 1137 m1 772067 0 0.5 p-1 -59536 54
279 1138 m1 776075 -0 0.5 p-1 -616319 181
539 1139 m1 777546 0 0.5 p-1 -1759227 38
580 1141 m1 785957 -0 0.5 p-1 -131334 13
755 1142 m1 794216 0 0.5 p-1 -19063 2
386 1143 m1 797410 0 0.5 p-1 -28350 43
604 1146 m1 809863 -0 0.5 p-1 -6940 6
175 1149 m1 832954 0 0.5 p-1 -534854 153
509 1150 m1 834459 -0 0.5 p-1 -151843 41
584 1151 m1 837490 -0 0.5 p-1 -28827 7
112 1152 m1 839768 -0 0.5 p-1 -5978714 1465
550 1153 m1 841824 0 0.5 p-1 -69643 10
176 1154 m1 843534 -0 0.5 p-1 -1878974 946
518 1155 m1 848889 -0 0.5 p-1 -8283256 37
113 1156 m1 859949 -0 0.5 p-1 -6062324 1696
114 1157 m1 861427 -0 0.5 p-1 -3354662 1754
487 1159 m1 865802 0 0.5 p-1 -182740 71
340 1160 m1 868671 -0 0.5 p-1 -319167 452
746 1164 m1 888993 -0 0.5 p-1 -26526 1
536 1165 m1 889210 -0 0.5 p-1 -291982 57
614 1167 m1 890079 -0 0.5 p-1 -20466 29
217 1170 m1 920671 -0 0.5 p-1 -255625 128
649 1171 m1 922020 0 0.5 p-1 -1010 16
660 1172 m1 923125 0 0.5 p-1 -62256 3
729 1173 m1 926069 -0 0.5 p-1 -21432 1
582 1174 m1 927676 -0 0.5 p-1 -57736 15
551 1175 m1 928160 -0 0.5 p-1 -3476764 21
436 1176 m1 929515 -0 0.5 p-1 -4439 4
515 1177 m1 935859 0 0.5 p-1 -28144 18
538 1179 m1 939686 -0 0.5 p-1 -39855 32
297 1181 m1 958470 -0 0.5 p-1 -24424 10
565 1182 m1 964214 0 0.5 p-1 -60930 44
129 1183 m1 967702 -0 0.5 p-1 -5580101 1722
130 1184 m1 969386 0 0.5 p-1 -6800266 520
298 1185 m1 978604 0 0.5 p-1 -3151332 723
221 1186 m1 979280 0 0.5 p-1 -664588 71
355 1187 m1 995682 0 0.5 p-1 -684459 178
132 1188 m1 998208 0 0.5 p-1 -2405288 797
