Temp_ID Permanent_ID Mutation_type Position s h Subpop Tick Number
257 0 m2 355 0.000144699297 0.5 p-1 -803259 472
258 1 m2 371 -0.00335466256 0.5 p-1 -1446090 742
259 2 m2 1931 -0.0209427383 0.5 p-1 -323215 175
224 4 m2 4562 5.69942586e-06 0.5 p-1 -969592 546
600 5 m2 4602 -0.00859727431 0.5 p-1 -272391 9
1 7 m2 10192 -0.0154068843 0.5 p-1 -10118462 515
2 8 m2 11013 0.00706087565 0.5 p-1 -4993688 975
665 9 m2 12866 -1.70431158e-05 0.5 p-1 -16002 7
606 10 m2 15603 -1.64696103e-05 0.5 p-1 -75440 14
175 11 m2 16632 0.00452398555 0.5 p-1 -158739 53
392 14 m2 17223 0.000387979613 0.5 p-1 -138949 21
527 15 m2 18875 0.0297651924 0.5 p-1 -22299 31
529 17 m2 20155 0.059321437 0.5 p-1 -49643 22
487 20 m2 23272 -0.0159443691 0.5 p-1 -325009 93
296 22 m2 25403 0.0132521903 0.5 p-1 -549615 321
729 24 m2 26834 0.0076582008 0.5 p-1 -141241 7
177 25 m2 28078 0.0256222244 0.5 p-1 -451026 410
3 29 m2 32654 0.0323319882 0.5 p-1 -3353192 1717
426 31 m2 35545 0.000466558151 0.5 p-1 -6438457 384
112 33 m2 43183 0.0328293405 0.5 p-1 -5077007 1666
4 34 m2 43351 0.00118432415 0.5 p-1 -4185330 1598
664 35 m2 43359 4.70300802e-05 0.5 p-1 -78269 1
779 36 m2 44022 2.46126683e-06 0.5 p-1 -6402 2
611 37 m2 44331 -0.0296368059 0.5 p-1 -19963 16
5 38 m2 46039 0.00135009631 0.5 p-1 -1359426 665
226 39 m2 49277 0.00019070039 0.5 p-1 -777748 399
178 40 m2 51708 0.0518618114 0.5 p-1 -5096507 897
438 41 m2 52186 -0.00048164482 0.5 p-1 -83337 104
500 42 m2 55899 -0.0501858965 0.5 p-1 -98584 11
114 43 m2 57229 0.00865417533 0.5 p-1 -4744651 1010
543 44 m2 57265 0.00117071718 0.5 p-1 -767141 18
7 46 m2 59332 0.000165322461 0.5 p-1 -3917600 1549
773 48 m2 59586 3.8912498e-05 0.5 p-1 -3523 1
297 49 m2 66422 7.74968357e-05 0.5 p-1 -2176672 133
483 50 m2 66558 0.00629513804 0.5 p-1 -22548 8
369 52 m2 71144 -0.0332933068 0.5 p-1 -286 2
409 53 m2 71896 0.0168579537 0.5 p-1 -625248 101
8 54 m2 73753 0.0339534767 0.5 p-1 -3097742 589
261 55 m2 74275 0.0021834732 0.5 p-1 -831251 178
262 56 m2 76004 0.00131693389 0.5 p-1 -196810 151
660 57 m2 76254 0.00383776356 0.5 p-1 -2801 6
334 58 m2 76368 0.02557059 0.5 p-1 -656229 51
798 59 m2 78126 0.000128826767 0.5 p-1 -2897 1
703 60 m2 78940 0.0111884503 0.5 p-1 -45184 10
615 61 m2 79542 0.00024708148 0.5 p-1 -5081 6
542 62 m2 80776 4.88063545e-09 0.5 p-1 -836744 148
636 64 m2 89102 -0.0367267653 0.5 p-1 -6051 3
9 66 m2 92333 0.0457173437 0.5 p-1 -3425411 201
263 67 m2 93878 -0.00153425056 0.5 p-1 -1974153 851
264 68 m2 94644 0.000303559151 0.5 p-1 -382045 260
767 69 m2 95213 0.00604440272 0.5 p-1 -1502 6
723 71 m2 97651 8.9605428e-06 0.5 p-1 -7527366 3
724 72 m2 97864 2.17800971e-06 0.5 p-1 -297315 3
410 73 m2 99277 -0.000150491862 0.5 p-1 -1959498 303
419 74 m2 102448 -3.15283415e-07 0.5 p-1 -488026 236
11 77 m2 105172 2.12584808e-07 0.5 p-1 -947782 755
378 78 m2 106828 -0.00711957971 0.5 p-1 -1326849 347
180 79 m2 107111 0.000339358841 0.5 p-1 -4398408 930
759 80 m2 107935 2.58954915e-05 0.5 p-1 -28647 2
598 81 m2 109512 -0.00448200991 0.5 p-1 -201376 7
116 83 m2 111898 -0.00408319756 0.5 p-1 -1414342 752
13 85 m2 112689 -0.00382538629 0.5 p-1 -4216697 794
14 86 m2 114177 -0.0207162648 0.5 p-1 -426516 278
651 87 m2 115035 0.00121835957 0.5 p-1 -22331 6
335 89 m2 119682 0.0271940101 0.5 p-1 -3697503 312
117 91 m2 123578 0.00176646584 0.5 p-1 -7192404 825
693 92 m2 124734 -0.0187709276 0.5 p-1 -109208 3
181 95 m2 128142 -0.0169065949 0.5 p-1 -417894 185
319 96 m2 128827 1.39585188e-06 0.5 p-1 -471401 499
118 97 m2 131225 -0.0599385314 0.5 p-1 -765723 128
428 98 m2 134119 -4.71221938e-05 0.5 p-1 -141233 36
644 99 m2 134273 -0.000629580871 0.5 p-1 -353543 11
662 100 m2 135329 0.000628318638 0.5 p-1 -517872 6
584 101 m2 135632 -0.00473712618 0.5 p-1 -204226 18
684 104 m2 143941 -7.68493828e-06 0.5 p-1 -50304 18
183 105 m2 145000 0.0467614979 0.5 p-1 -4760985 688
507 106 m2 145015 7.93521831e-05 0.5 p-1 -136251 18
320 108 m2 149207 -0.0183897223 0.5 p-1 -45967 39
228 109 m2 149564 -0.0104315737 0.5 p-1 -380248 457
655 111 m2 152745 0.00308758277 0.5 p-1 -214985 7
508 112 m2 154220 0.00479824236 0.5 p-1 -437537 49
345 113 m2 154909 -1.50060728e-08 0.5 p-1 -3254784 154
575 115 m2 158648 1.48393795e-07 0.5 p-1 -80768 17
433 116 m2 161835 7.16533759e-06 0.5 p-1 -196909 39
458 117 m2 163273 4.00287054e-10 0.5 p-1 -236340 119
360 118 m2 165892 -0.000353780459 0.5 p-1 -324516 154
464 119 m2 166390 -0.000177997354 0.5 p-1 -57799 37
17 120 m2 167613 0.000111268149 0.5 p-1 -849624 449
379 121 m2 167625 0.00654416485 0.5 p-1 -55550 47
736 122 m2 168498 0.00709974393 0.5 p-1 -3140 1
229 125 m2 173903 0.0134413708 0.5 p-1 -68111 82
445 126 m2 173936 -0.001386669 0.5 p-1 -213748 59
119 127 m2 174659 2.87280891e-05 0.5 p-1 -3145675 1025
446 128 m2 174771 -0.000975652016 0.5 p-1 -199513 21
617 129 m2 175917 -0.00235078274 0.5 p-1 -10441 16
120 130 m2 177877 0.000189222366 0.5 p-1 -535463 640
406 131 m2 179884 -0.000916861114 0.5 p-1 -511302 190
19 132 m2 180454 0.000738341128 0.5 p-1 -4256141 1676
777 133 m2 180945 -0.00954610575 0.5 p-1 -4386 1
771 134 m2 181954 -0.000339236925 0.5 p-1 -8287 4
121 135 m2 182308 -0.0171170365 0.5 p-1 -646336 31
265 136 m2 182676 -0.0205053296 0.5 p-1 -101236 38
21 138 m2 188196 0.00717781857 0.5 p-1 -3419986 826
122 140 m2 189675 -0.0228314754 0.5 p-1 -2489171 582
532 141 m2 190610 0.0197458547 0.5 p-1 -100254 23
714 142 m2 191837 -1.98471344e-06 0.5 p-1 -212924 3
745 144 m2 195329 -0.05243738 0.5 p-1 -133437 8
715 145 m2 196965 -0.00201524631 0.5 p-1 -175835 3
321 146 m2 197043 -0.00131741946 0.5 p-1 -6224148 374
22 147 m2 198168 0.0011688692 0.5 p-1 -2184756 1228
184 148 m2 199628 0.0114987437 0.5 p-1 -6441606 773
123 149 m2 199879 -0.019686332 0.5 p-1 -3739447 1706
299 151 m2 203272 0.0161700938 0.5 p-1 -1277977 405
338 152 m2 203393 0.0140962452 0.5 p-1 -9315909 104
772 153 m2 206434 3.36216181e-05 0.5 p-1 -21752 4
361 154 m2 206498 7.16000727e-07 0.5 p-1 -428534 82
567 155 m2 208847 -0.00273149414 0.5 p-1 -2082969 15
547 156 m2 209394 0.00829305314 0.5 p-1 -50119 36
124 159 m2 212679 -0.00633357884 0.5 p-1 -1890239 961
783 160 m2 213965 0.0359332375 0.5 p-1 -17451 3
25 163 m2 217566 -0.000253598409 0.5 p-1 -4469344 1524
434 164 m2 218120 1.49684065e-05 0.5 p-1 -100254 14
439 165 m2 219787 0.00153388048 0.5 p-1 -178056 48
394 167 m2 222770 0.0101843467 0.5 p-1 -466587 45
231 168 m2 223105 1.32674913e-07 0.5 p-1 -567182 75
125 172 m2 228329 0.000353015726 0.5 p-1 -1020259 354
26 173 m2 229243 0.0316113643 0.5 p-1 -1112655 912
27 174 m2 233881 0.00988264661 0.5 p-1 -4064529 895
352 175 m2 234465 0.00872247014 0.5 p-1 -4594774 109
28 177 m2 235024 -6.43132007e-05 0.5 p-1 -2218874 1262
29 178 m2 239335 -8.33251906e-05 0.5 p-1 -2537754 58
185 181 m2 243534 -0.011721123 0.5 p-1 -998638 113
413 182 m2 243762 0.0425028689 0.5 p-1 -318139 82
30 183 m2 244182 0.038001921 0.5 p-1 -1735583 941
753 184 m2 247012 -4.29083047e-05 0.5 p-1 -8027 1
492 185 m2 247229 -0.00943173468 0.5 p-1 -74979 8
420 186 m2 247480 -0.000566731789 0.5 p-1 -76283 14
538 187 m2 249356 0.0238633938 0.5 p-1 -160095 74
539 188 m2 251356 6.82812242e-05 0.5 p-1 -133660 47
31 189 m2 254557 0.000426083163 0.5 p-1 -1789227 1523
708 190 m2 255951 0.001132473 0.5 p-1 -6918 2
266 191 m2 258830 -0.000186713558 0.5 p-1 -7302770 179
32 193 m2 259185 0.0401767157 0.5 p-1 -1997109 1241
33 194 m2 260802 -0.00128072116 0.5 p-1 -1729215 1164
267 195 m2 261732 0.0120929061 0.5 p-1 -1443713 885
450 196 m2 262416 0.000650581846 0.5 p-1 -82217 63
300 199 m2 264159 -0.000821738795 0.5 p-1 -52714 43
522 201 m2 269599 -0.0559517704 0.5 p-1 -31707 19
268 202 m2 272256 0.00987600069 0.5 p-1 -142749 173
481 205 m2 275882 -0.00383103359 0.5 p-1 -35047 9
465 207 m2 278800 -0.014753174 0.5 p-1 -301801 76
127 208 m2 278900 -0.00143971469 0.5 p-1 -3188789 754
466 209 m2 279210 -0.00429207971 0.5 p-1 -362130 74
388 210 m2 280485 9.94029106e-05 0.5 p-1 -426385 242
493 211 m2 281598 0.0020346297 0.5 p-1 -120423 67
35 212 m2 284095 0.000554263766 0.5 p-1 -1334555 473
36 213 m2 285277 -0.000230244535 0.5 p-1 -892665 229
414 215 m2 285370 -0.000381217833 0.5 p-1 -196972 62
187 217 m2 287573 -0.000180002651 0.5 p-1 -701053 116
415 218 m2 288165 -0.00946733449 0.5 p-1 -976387 142
371 220 m2 288857 -0.000182370219 0.5 p-1 -100999 150
628 221 m2 289078 -0.00614917651 0.5 p-1 -14483 27
477 222 m2 290149 -0.019028835 0.5 p-1 -1904322 131
571 223 m2 290512 -0.00461124675 0.5 p-1 -205783 105
535 224 m2 291414 -4.95551785e-06 0.5 p-1 -158912 96
613 225 m2 291467 -0.00943300314 0.5 p-1 -179042 19
188 226 m2 292899 0.00316621852 0.5 p-1 -3300296 861
189 228 m2 295624 0.000769315637 0.5 p-1 -3701917 749
467 229 m2 298069 0.000462428201 0.5 p-1 -1215255 21
638 230 m2 298919 0.0157198869 0.5 p-1 -241490 3
785 231 m2 300578 -0.0183626767 0.5 p-1 -70495 1
38 232 m2 301379 0.000541523914 0.5 p-1 -8593377 1994
523 233 m2 301594 0.00179455383 0.5 p-1 -43475 16
656 234 m2 302463 -1.02510076e-05 0.5 p-1 -295556 5
576 237 m2 304155 0.00108921784 0.5 p-1 -26403 14
689 238 m2 304200 -0.000125264763 0.5 p-1 -13527 13
302 239 m2 306217 0.0317039117 0.5 p-1 -1060374 791
725 240 m2 307263 -4.48619576e-05 0.5 p-1 -6390 5
746 241 m2 307688 0.0240377299 0.5 p-1 -87490 4
726 242 m2 307795 2.72848268e-07 0.5 p-1 -9911 5
39 243 m2 308597 -8.57086343e-05 0.5 p-1 -3740018 1012
587 247 m2 323087 -0.00075318123 0.5 p-1 -4104074 56
699 248 m2 325152 -0.0127546974 0.5 p-1 -6734 11
565 253 m2 334917 -0.00344742811 0.5 p-1 -291022 48
128 254 m2 335260 0.000274124119 0.5 p-1 -3687499 1337
42 255 m2 337263 0.010894265 0.5 p-1 -5430084 1967
502 257 m2 338919 0.0449984968 0.5 p-1 -519148 46
672 258 m2 339581 0.00904714596 0.5 p-1 -10448 12
582 259 m2 340441 0.00587796839 0.5 p-1 -29758 12
190 260 m2 343632 0.0443593003 0.5 p-1 -469969 242
43 261 m2 345561 -0.0150440792 0.5 p-1 -3331950 1652
233 262 m2 346544 0.0110345175 0.5 p-1 -362166 136
512 263 m2 347193 0.047108911 0.5 p-1 -25090 22
129 265 m2 349763 -0.00771490764 0.5 p-1 -672428 146
130 266 m2 351301 -0.0202738866 0.5 p-1 -2393254 1397
639 267 m2 353780 0.00291495072 0.5 p-1 -39166 23
44 269 m2 354836 0.000262963615 0.5 p-1 -12570909 564
530 270 m2 354855 -2.13369185e-05 0.5 p-1 -72112 28
451 271 m2 355336 0.0026674259 0.5 p-1 -1705 2
45 273 m2 355715 -0.000411947694 0.5 p-1 -2442181 650
562 274 m2 355993 1.78845748e-05 0.5 p-1 -144701 14
623 275 m2 356468 -0.000413289235 0.5 p-1 -77173 5
792 276 m2 357028 0.0106057227 0.5 p-1 -6887 1
505 277 m2 357665 -0.0263844021 0.5 p-1 -94901 42
709 278 m2 357810 3.09229699e-06 0.5 p-1 -20520 2
322 279 m2 359578 1.3085222e-06 0.5 p-1 -3754118 136
131 280 m2 360035 6.56781485e-05 0.5 p-1 -2967215 1190
468 282 m2 361496 0.000153318673 0.5 p-1 -62116 16
132 284 m2 362794 0.00199300982 0.5 p-1 -2638499 1435
191 286 m2 367023 8.60016953e-05 0.5 p-1 -3359523 847
421 287 m2 367367 -0.00207131263 0.5 p-1 -20961 13
134 288 m2 367969 -0.01122656 0.5 p-1 -2336265 901
46 289 m2 368439 -4.70864506e-07 0.5 p-1 -1098170 685
701 290 m2 368769 2.11867446e-05 0.5 p-1 -18838 6
645 291 m2 369987 0.00152321171 0.5 p-1 -2602 8
550 292 m2 370302 -0.000279834057 0.5 p-1 -385759 14
566 293 m2 371249 0.00116351643 0.5 p-1 -669440 10
624 295 m2 371862 -0.00284386193 0.5 p-1 -939189 16
497 296 m2 371887 -2.15516593e-05 0.5 p-1 -126541 40
692 299 m2 374178 -0.000910908682 0.5 p-1 -29193 23
517 300 m2 374860 -6.37780773e-10 0.5 p-1 -132652 40
711 301 m2 375037 -0.00704581197 0.5 p-1 -368142 2
489 302 m2 375559 0.000154328576 0.5 p-1 -486686 65
48 304 m2 376893 -9.47542321e-06 0.5 p-1 -7667610 1688
700 305 m2 377438 1.0887582e-05 0.5 p-1 -21206 2
49 306 m2 378780 0.000832455757 0.5 p-1 -3118263 1460
620 307 m2 380386 0.000263503724 0.5 p-1 -49457 5
593 308 m2 380529 -0.010954937 0.5 p-1 -3838 13
469 309 m2 382813 2.62209801e-06 0.5 p-1 -36142 11
270 310 m2 385555 -0.0346118137 0.5 p-1 -829549 107
234 311 m2 385581 -0.00373180211 0.5 p-1 -1493118 1100
193 312 m2 388783 0.00549135543 0.5 p-1 -2400530 502
740 313 m2 394866 0.00320732198 0.5 p-1 -26590 9
669 315 m2 398037 -0.00510093663 0.5 p-1 -5412 1
440 316 m2 399522 0.010775554 0.5 p-1 -295909 103
194 317 m2 399853 0.00297483988 0.5 p-1 -3777137 948
755 318 m2 400301 0.000191941072 0.5 p-1 -5628 1
271 320 m2 401708 0.00258965464 0.5 p-1 -712156 62
51 321 m2 404193 0.0475104749 0.5 p-1 -205214 140
695 322 m2 404862 2.01212206e-05 0.5 p-1 -147570 21
304 323 m2 404939 -0.000301773805 0.5 p-1 -1000872 483
452 325 m2 406528 0.0109388148 0.5 p-1 -260044 73
339 326 m2 407590 -0.000865383248 0.5 p-1 -8497560 881
548 327 m2 408366 5.0155613e-09 0.5 p-1 -362825 8
346 329 m2 409349 -0.000159075949 0.5 p-1 -25179 54
641 330 m2 409915 -1.42437566e-05 0.5 p-1 -84959 13
52 332 m2 411670 -0.00448326534 0.5 p-1 -1751830 669
679 333 m2 412290 -0.00303764222 0.5 p-1 -101893 4
422 335 m2 412851 -0.0440836139 0.5 p-1 -5409152 229
400 336 m2 413609 1.83121156e-05 0.5 p-1 -170562 166
381 338 m2 414078 -1.07305332e-05 0.5 p-1 -159836 50
791 339 m2 414766 0.0052611758 0.5 p-1 -21612 1
138 340 m2 416691 -0.00737265777 0.5 p-1 -1254292 149
272 341 m2 419753 -5.32434541e-09 0.5 p-1 -5356372 86
396 342 m2 419755 1.19554834e-05 0.5 p-1 -1292 7
273 343 m2 421640 0.000273270212 0.5 p-1 -243384 24
524 344 m2 422959 -0.0024263165 0.5 p-1 -30117 5
235 345 m2 423978 -6.03822009e-05 0.5 p-1 -452908 23
236 346 m2 425831 0.0151520194 0.5 p-1 -698848 357
53 347 m2 427644 -0.012938926 0.5 p-1 -2114659 1301
340 348 m2 428095 0.0168694649 0.5 p-1 -64141 103
54 349 m2 429290 -0.0323926546 0.5 p-1 -3292722 1316
274 350 m2 430172 -1.17232403e-05 0.5 p-1 -806470 222
55 351 m2 430775 -0.0219135694 0.5 p-1 -4988727 1206
56 352 m2 432722 0.00966925081 0.5 p-1 -6056875 1971
306 353 m2 432900 -0.00274646259 0.5 p-1 -877090 573
57 354 m2 433941 0.00917350221 0.5 p-1 -3726031 704
237 355 m2 434137 0.00059357693 0.5 p-1 -1187389 250
607 356 m2 435548 0.00189706171 0.5 p-1 -7621 1
516 357 m2 435978 -5.84871123e-05 0.5 p-1 -172668 35
735 358 m2 437340 0.00468811719 0.5 p-1 -11588 4
761 359 m2 438974 0.000402209756 0.5 p-1 -248 3
139 360 m2 439168 0.012991393 0.5 p-1 -883474 105
307 362 m2 439283 0.00205060933 0.5 p-1 -231442 72
769 363 m2 439457 0.0283788554 0.5 p-1 -5457 5
490 364 m2 440837 -0.0019300665 0.5 p-1 -617397 76
308 365 m2 441109 -0.015791839 0.5 p-1 -846660 309
58 367 m2 442121 -0.011838547 0.5 p-1 -3961742 537
195 368 m2 442414 0.0112690525 0.5 p-1 -6007645 167
196 369 m2 442731 0.0115890549 0.5 p-1 -340186 130
197 370 m2 443120 0.00276804366 0.5 p-1 -2599679 204
752 371 m2 443482 0.0120599363 0.5 p-1 -17669 1
642 373 m2 446258 0.0387093835 0.5 p-1 -20851 14
558 376 m2 451653 0.0842199624 0.5 p-1 -325910 23
470 377 m2 455427 -0.00894058403 0.5 p-1 -823691 238
513 379 m2 456340 0.00753396703 0.5 p-1 -5559 12
59 380 m2 459814 6.27913978e-05 0.5 p-1 -1125507 954
199 382 m2 461480 0.0102786701 0.5 p-1 -85459 153
140 384 m2 467016 -0.0105661759 0.5 p-1 -780607 248
60 385 m2 468834 0.00901856273 0.5 p-1 -2136437 520
766 388 m2 475040 -0.00634461688 0.5 p-1 -36 2
200 389 m2 475484 0.0279071145 0.5 p-1 -116166 41
710 390 m2 476399 0.0223920438 0.5 p-1 -35746 6
382 392 m2 477098 0.000352873118 0.5 p-1 -451802 26
401 394 m2 482659 0.0015281965 0.5 p-1 -916379 191
141 395 m2 485909 0.000292403158 0.5 p-1 -5505304 868
654 397 m2 488662 0.00265534152 0.5 p-1 -6738 8
347 398 m2 489264 -0.00184887962 0.5 p-1 -89182 74
555 399 m2 490496 0.0194879454 0.5 p-1 -24502 23
390 400 m2 490719 -0.00877230149 0.5 p-1 -3842378 288
142 404 m2 493613 0.000995676033 0.5 p-1 -1504447 419
435 405 m2 493715 0.000103707476 0.5 p-1 -192879 77
363 406 m2 493717 0.000536849548 0.5 p-1 -29572 29
391 407 m2 496619 -0.00385695673 0.5 p-1 -360780 245
341 408 m2 498907 -0.0293614212 0.5 p-1 -382938 209
677 410 m2 503725 -0.00444378005 0.5 p-1 -14960 11
764 412 m2 507039 6.50723814e-05 0.5 p-1 -56940 3
784 414 m2 509151 4.62188791e-06 0.5 p-1 -146184 3
616 415 m2 509795 -0.00572069595 0.5 p-1 -340937 27
519 416 m2 512356 0.0176249128 0.5 p-1 -1112670 215
354 417 m2 513933 -0.00752615463 0.5 p-1 -129383 176
143 418 m2 517165 -0.000191393323 0.5 p-1 -2066468 573
238 419 m2 517994 -0.000301097491 0.5 p-1 -8646866 466
201 420 m2 520546 -0.0246528313 0.5 p-1 -517646 567
203 423 m2 527173 0.000290863594 0.5 p-1 -436390 120
62 424 m2 528407 -0.00364299794 0.5 p-1 -4150220 1368
364 425 m2 530525 -0.0053934739 0.5 p-1 -212401 96
760 426 m2 530836 -0.00244548917 0.5 p-1 -37301 4
756 427 m2 530939 -0.0303012859 0.5 p-1 -44267 1
491 428 m2 531402 0.00962351449 0.5 p-1 -428283 117
372 429 m2 532689 0.00839177333 0.5 p-1 -2334329 625
663 430 m2 532842 0.000379908481 0.5 p-1 -2682161 24
324 431 m2 532856 0.0171631873 0.5 p-1 -16007 26
63 432 m2 532959 -0.000152601977 0.5 p-1 -993452 333
537 434 m2 539061 -0.0116100721 0.5 p-1 -1981981 18
634 435 m2 539104 1.0290363e-06 0.5 p-1 -1526693 21
648 436 m2 539294 -0.00160857767 0.5 p-1 -169212 21
531 438 m2 541142 -0.000429691776 0.5 p-1 -48971 11
239 439 m2 541393 0.00122882577 0.5 p-1 -293501 425
64 441 m2 545204 -0.00065381435 0.5 p-1 -350166 706
204 442 m2 547040 0.00870177336 0.5 p-1 -1578277 68
342 443 m2 548488 -0.00709085632 0.5 p-1 -1207164 318
240 444 m2 552240 3.97535405e-05 0.5 p-1 -7488816 595
698 445 m2 553472 0.00606322801 0.5 p-1 -93803 5
544 447 m2 554231 0.000121453515 0.5 p-1 -6817 13
241 449 m2 559003 0.0302762575 0.5 p-1 -704999 547
484 450 m2 559610 -1.08624572e-05 0.5 p-1 -566551 62
65 451 m2 563325 0.0661299154 0.5 p-1 -5851304 1216
506 452 m2 563693 0.000754664245 0.5 p-1 -340189 43
482 453 m2 564460 -0.0460514575 0.5 p-1 -284738 189
325 454 m2 565552 -0.00181495165 0.5 p-1 -119477 63
66 456 m2 566476 3.26471418e-05 0.5 p-1 -3326931 483
603 457 m2 567197 0.00226736884 0.5 p-1 -107304 4
461 458 m2 567879 1.25872702e-07 0.5 p-1 -278902 127
402 459 m2 567919 0.00231048395 0.5 p-1 -317892 90
604 461 m2 572989 -0.0456090607 0.5 p-1 -143748 7
429 462 m2 573744 0.000201220377 0.5 p-1 -20710 38
646 463 m2 575841 0.00403122464 0.5 p-1 -372245 27
242 468 m2 580239 0.0109687271 0.5 p-1 -913857 117
681 469 m2 587044 -0.0115239816 0.5 p-1 -25808 3
146 470 m2 591181 0.0573977754 0.5 p-1 -3697584 798
417 471 m2 591995 0.00128268031 0.5 p-1 -563031 71
365 472 m2 592032 -0.00196404872 0.5 p-1 -802617 185
688 474 m2 592426 -0.00496404152 0.5 p-1 -43101 8
509 475 m2 594602 0.011941175 0.5 p-1 -662851 57
762 476 m2 594676 0.00851929933 0.5 p-1 -18179 7
147 477 m2 595633 0.000399325683 0.5 p-1 -409163 366
243 480 m2 597042 5.8384685e-05 0.5 p-1 -351107 180
68 482 m2 602249 0.00323495315 0.5 p-1 -1013678 239
148 484 m2 603120 0.047388982 0.5 p-1 -12900242 1095
579 485 m2 605769 -0.0331820659 0.5 p-1 -11806 13
533 487 m2 612514 -0.110282145 0.5 p-1 -314162 7
373 488 m2 613882 -0.0016546679 0.5 p-1 -168312 66
485 489 m2 616824 -0.0196005702 0.5 p-1 -129026 28
366 491 m2 622947 -0.0639513507 0.5 p-1 -111117 178
621 492 m2 623934 -0.0133982813 0.5 p-1 -1345282 35
311 493 m2 624681 -0.00407379493 0.5 p-1 -6337005 481
374 494 m2 624770 -0.107826598 0.5 p-1 -334073 111
367 497 m2 630119 -2.00776586e-08 0.5 p-1 -1402566 85
488 498 m2 631765 0.0350174233 0.5 p-1 -259065 107
149 499 m2 634497 -0.0196862966 0.5 p-1 -865446 113
680 500 m2 635565 0.00297656562 0.5 p-1 -78066 9
585 502 m2 636371 -1.15473504e-05 0.5 p-1 -15836 3
69 503 m2 638337 0.0107614528 0.5 p-1 -915568 755
733 504 m2 639032 -0.00358097279 0.5 p-1 -5646 1
551 505 m2 639092 0.00102708046 0.5 p-1 -260411 25
793 506 m2 640368 -1.37876868e-05 0.5 p-1 -39393 1
70 507 m2 641593 0.00780422334 0.5 p-1 -2267362 574
207 508 m2 641755 -0.00505686179 0.5 p-1 -5524919 777
368 510 m2 644286 0.115615115 0.5 p-1 -262076 247
326 514 m2 648368 -1.64776139e-08 0.5 p-1 -699901 341
71 515 m2 648916 0.000533110928 0.5 p-1 -1913788 368
72 517 m2 650659 0.00934940018 0.5 p-1 -3557744 1751
647 519 m2 652855 -0.000517984037 0.5 p-1 -7089 7
278 520 m2 653918 -0.00579776894 0.5 p-1 -55905 53
521 523 m2 657500 -0.00225206022 0.5 p-1 -352974 128
327 524 m2 660681 0.0281168669 0.5 p-1 -118281 51
73 526 m2 666209 -0.00688749785 0.5 p-1 -107398 94
436 527 m2 668124 -0.0507935546 0.5 p-1 -500552 226
682 528 m2 670350 4.48547477e-10 0.5 p-1 -1837042 3
605 530 m2 673332 2.48935095e-07 0.5 p-1 -72301 16
245 531 m2 673952 -0.00825404748 0.5 p-1 -1114063 267
441 534 m2 677913 0.0529253855 0.5 p-1 -124969 102
279 536 m2 679584 -0.0105330423 0.5 p-1 -688455 156
590 537 m2 682969 -0.00464755297 0.5 p-1 -7176 7
74 538 m2 682972 0.0338038467 0.5 p-1 -4051666 1563
328 540 m2 687750 0.00145394972 0.5 p-1 -95901 110
383 542 m2 689312 0.00196121493 0.5 p-1 -1001234 349
734 543 m2 690529 -0.00723286672 0.5 p-1 -242148 2
418 544 m2 690546 -1.50247442e-05 0.5 p-1 -2028352 74
75 545 m2 691100 -0.018554572 0.5 p-1 -5769410 1924
671 546 m2 691821 -0.000101240068 0.5 p-1 -24349 21
208 547 m2 692600 -0.000199669113 0.5 p-1 -386512 146
454 548 m2 692752 0.00678763958 0.5 p-1 -790196 176
209 549 m2 698200 0.023737533 0.5 p-1 -2670795 242
76 550 m2 701998 0.000104848674 0.5 p-1 -4656811 1130
455 551 m2 702544 -0.0922250748 0.5 p-1 -30272 59
77 552 m2 703237 -0.00103569834 0.5 p-1 -1571803 1738
210 553 m2 708284 0.0274067018 0.5 p-1 -823738 611
659 554 m2 710672 0.0140309129 0.5 p-1 -24305 30
329 555 m2 715689 -0.00863130018 0.5 p-1 -1467689 44
80 556 m2 716079 5.17359786e-06 0.5 p-1 -4731774 866
211 558 m2 716422 -0.00124053797 0.5 p-1 -19986 13
280 559 m2 721426 -0.0119887637 0.5 p-1 -3405569 1534
81 560 m2 722287 0.0459530316 0.5 p-1 -4821133 1568
348 561 m2 722506 0.0180156473 0.5 p-1 -3538341 369
155 564 m2 724401 0.000212577419 0.5 p-1 -5893493 773
312 565 m2 725684 0.00287370756 0.5 p-1 -810585 107
246 566 m2 726189 3.92843212e-05 0.5 p-1 -2663490 969
583 567 m2 727816 0.00246355124 0.5 p-1 -15268 6
356 570 m2 729980 0.0173209514 0.5 p-1 -3209389 51
635 571 m2 730716 0.0229352638 0.5 p-1 -13103 22
156 572 m2 730773 -0.00345508754 0.5 p-1 -3411103 522
282 573 m2 732872 -0.000145070415 0.5 p-1 -212611 88
423 574 m2 735197 0.000250658835 0.5 p-1 -103823 72
82 575 m2 738262 0.0063390173 0.5 p-1 -11650834 1187
157 576 m2 740662 0.00329713034 0.5 p-1 -3198782 417
541 577 m2 743806 -4.36733281e-08 0.5 p-1 -22105 27
248 578 m2 745230 0.0509054065 0.5 p-1 -1314542 777
83 579 m2 746970 0.0180818643 0.5 p-1 -10123525 700
84 580 m2 748410 -0.0230166633 0.5 p-1 -4437519 894
212 582 m2 749774 0.00128771726 0.5 p-1 -1428501 599
85 584 m2 750168 0.0210500229 0.5 p-1 -2487582 959
403 586 m2 756936 0.0172652025 0.5 p-1 -116241 26
442 587 m2 758637 -5.62968171e-06 0.5 p-1 -55630 23
786 588 m2 759798 -0.00161645352 0.5 p-1 -26662 2
159 589 m2 760053 -0.0136749838 0.5 p-1 -4068347 1463
283 590 m2 760245 0.0424259044 0.5 p-1 -2035716 112
770 591 m2 761982 2.72501524e-07 0.5 p-1 -90413 1
717 593 m2 770250 0.000508712779 0.5 p-1 -16961 9
249 594 m2 772440 2.79495055e-07 0.5 p-1 -324544 176
213 595 m2 772949 0.000137768584 0.5 p-1 -3100062 98
596 596 m2 774145 -0.00234744791 0.5 p-1 -136245 89
560 597 m2 774820 -0.0301599577 0.5 p-1 -191008 69
284 598 m2 774918 0.00100672129 0.5 p-1 -101656 26
632 600 m2 776046 3.09775751e-05 0.5 p-1 -13392 7
561 601 m2 776077 0.0712671205 0.5 p-1 -47664 24
86 603 m2 777200 -0.00548285618 0.5 p-1 -2725916 1642
691 604 m2 778310 0.0307272747 0.5 p-1 -368966 2
285 605 m2 780651 0.00315360655 0.5 p-1 -124155 45
643 607 m2 782274 -0.0342156738 0.5 p-1 -5463 12
160 608 m2 782588 0.00815735757 0.5 p-1 -374374 51
314 609 m2 783225 -5.83113979e-05 0.5 p-1 -1536718 230
588 610 m2 784463 -0.0992061645 0.5 p-1 -95387 6
564 612 m2 787962 2.1133269e-06 0.5 p-1 -104314 43
161 614 m2 788155 0.00538735325 0.5 p-1 -1155125 539
499 615 m2 789126 0.000329788047 0.5 p-1 -58520 23
87 616 m2 789692 0.00178477797 0.5 p-1 -3504629 1733
214 617 m2 790721 0.000513495295 0.5 p-1 -3015274 131
385 618 m2 791082 -0.0123955579 0.5 p-1 -48796 31
162 619 m2 792184 0.0175828319 0.5 p-1 -6018633 1085
215 620 m2 793364 0.000237408633 0.5 p-1 -398973 440
163 621 m2 794391 -0.0060941726 0.5 p-1 -658778 504
514 622 m2 798932 -0.0174666774 0.5 p-1 -430144 137
589 623 m2 800399 0.0920582786 0.5 p-1 -13894 5
456 624 m2 808241 -0.0481091253 0.5 p-1 -58983 49
721 625 m2 808273 0.000702163146 0.5 p-1 -237801 21
448 626 m2 810119 -0.0236178357 0.5 p-1 -92365 57
599 627 m2 813505 7.95966262e-05 0.5 p-1 -4020665 18
407 628 m2 813635 -0.020000888 0.5 p-1 -34361 20
449 629 m2 814897 -0.0827668384 0.5 p-1 -4927 6
286 630 m2 815122 0.00272857235 0.5 p-1 -1144638 482
287 631 m2 816065 0.00049483648 0.5 p-1 -3360901 371
165 632 m2 817804 -6.29866463e-07 0.5 p-1 -4131023 1200
88 633 m2 817838 -0.00656128908 0.5 p-1 -2632234 813
216 635 m2 819253 -3.55389025e-12 0.5 p-1 -783080 162
331 638 m2 827763 -0.0521009825 0.5 p-1 -2229339 450
166 639 m2 828432 -0.0357857682 0.5 p-1 -5580573 125
578 640 m2 829153 0.0216346737 0.5 p-1 -470898 72
250 642 m2 831342 -0.0032992647 0.5 p-1 -1665292 473
594 645 m2 833265 0.0304327253 0.5 p-1 -25855 30
747 648 m2 838060 -0.0182226039 0.5 p-1 -94 2
640 649 m2 840278 -0.00303537282 0.5 p-1 -549207 5
316 652 m2 843298 -0.0082441289 0.5 p-1 -655785 75
288 655 m2 844627 -0.000229706013 0.5 p-1 -826363 339
610 656 m2 846085 -0.00136970275 0.5 p-1 -29569 16
90 657 m2 846288 -0.036646001 0.5 p-1 -1727024 1541
91 658 m2 847823 -0.00166105211 0.5 p-1 -8093286 1613
602 659 m2 849024 1.3350993e-05 0.5 p-1 -1100710 24
357 661 m2 860998 -4.20944707e-06 0.5 p-1 -4377817 264
526 662 m2 864300 -0.0116571086 0.5 p-1 -468192 103
289 663 m2 864434 0.000328185852 0.5 p-1 -6897268 956
94 667 m2 868948 0.00175590313 0.5 p-1 -5858196 469
95 668 m2 869001 -0.00775211258 0.5 p-1 -758144 469
96 669 m2 871856 -3.99276541e-06 0.5 p-1 -4193401 1175
553 671 m2 874394 -0.000171325213 0.5 p-1 -100548 4
218 672 m2 875992 -0.020594338 0.5 p-1 -4143003 758
252 674 m2 876737 -0.0210819393 0.5 p-1 -2527730 637
375 675 m2 877584 -4.11422398e-08 0.5 p-1 -415153 123
219 676 m2 879386 0.00112709333 0.5 p-1 -2988942 1045
534 677 m2 879521 0.0011413818 0.5 p-1 -112657 16
220 678 m2 880755 -0.000208062556 0.5 p-1 -4046034 1031
97 679 m2 882876 -0.00131565065 0.5 p-1 -1500455 477
291 680 m2 884825 9.13956137e-06 0.5 p-1 -280268 180
608 681 m2 885632 0.00395694608 0.5 p-1 -385966 16
471 682 m2 887745 -0.00976248365 0.5 p-1 -292443 44
168 683 m2 890689 -0.00370073109 0.5 p-1 -3006688 780
332 684 m2 892379 -0.000728779647 0.5 p-1 -886335 386
98 686 m2 894887 0.00626101671 0.5 p-1 -1111709 205
618 687 m2 898000 0.00267620175 0.5 p-1 -161852 26
292 688 m2 898861 -0.00863029901 0.5 p-1 -5422249 515
631 689 m2 899565 -0.0114605883 0.5 p-1 -67306 12
221 690 m2 900473 -0.000741341384 0.5 p-1 -24483 14
510 691 m2 900779 7.57567104e-05 0.5 p-1 -111997 37
99 693 m2 902650 0.032021679 0.5 p-1 -4488106 1439
595 695 m2 905734 -0.000174056389 0.5 p-1 -113437 27
437 696 m2 906644 0.000266536139 0.5 p-1 -300900 81
666 697 m2 907065 0.0332812406 0.5 p-1 -24679 4
727 698 m2 907079 0.00917564332 0.5 p-1 -13660 5
722 699 m2 907381 -0.03925943 0.5 p-1 -7934 8
462 700 m2 907441 0.0264079273 0.5 p-1 -218990 121
169 701 m2 907619 0.00163898396 0.5 p-1 -1065161 510
404 702 m2 909118 4.53511202e-05 0.5 p-1 -2619422 110
100 703 m2 909601 4.55380103e-07 0.5 p-1 -2326629 1620
518 705 m2 910096 0.000388077809 0.5 p-1 -432869 29
170 706 m2 912125 0.00383913517 0.5 p-1 -1105275 524
101 707 m2 912618 0.000840398832 0.5 p-1 -2854600 953
377 708 m2 916109 0.00212681829 0.5 p-1 -309962 80
102 710 m2 918570 -0.000570568314 0.5 p-1 -2949477 1061
386 711 m2 921186 -3.8334405e-05 0.5 p-1 -159518 20
171 712 m2 923679 -8.74339001e-09 0.5 p-1 -7497582 1024
293 713 m2 924868 -0.00740374951 0.5 p-1 -1777488 492
103 714 m2 925556 0.0455037206 0.5 p-1 -10071181 1475
254 715 m2 929547 -0.00196143449 0.5 p-1 -2564944 331
768 716 m2 930243 -0.00128633541 0.5 p-1 -3956 3
696 717 m2 930414 0.00178917754 0.5 p-1 -124476 2
172 718 m2 930976 0.0339211114 0.5 p-1 -1333283 800
104 719 m2 931139 0.00296067866 0.5 p-1 -10730473 1595
678 720 m2 935349 -0.057598114 0.5 p-1 -12518 11
294 721 m2 937327 9.27033834e-05 0.5 p-1 -435032 54
317 724 m2 940443 0.0001945447 0.5 p-1 -5776644 964
690 725 m2 940922 0.00288834283 0.5 p-1 -16866 6
255 726 m2 944287 -1.59831779e-06 0.5 p-1 -2016904 420
661 727 m2 945546 0.000198962196 0.5 p-1 -686327 22
581 728 m2 946291 -0.00323700486 0.5 p-1 -11174 8
222 729 m2 947593 0.00734980451 0.5 p-1 -2266363 982
676 730 m2 948350 -0.00128268637 0.5 p-1 -1763 1
685 731 m2 948882 0.000143563753 0.5 p-1 -217444 7
351 733 m2 951766 -0.0555650853 0.5 p-1 -253354 19
387 738 m2 962724 -0.00795533694 0.5 p-1 -177095 31
223 739 m2 962741 0.0489759222 0.5 p-1 -15691641 952
563 740 m2 965301 -0.0140825175 0.5 p-1 -205334 65
652 742 m2 970278 0.000881676853 0.5 p-1 -13844 6
333 743 m2 970651 0.00147663779 0.5 p-1 -15758324 108
173 744 m2 973770 -0.0170980785 0.5 p-1 -27524 11
559 745 m2 973837 -0.0860891938 0.5 p-1 -85874 59
515 746 m2 974433 0.0143717844 0.5 p-1 -40810 3
597 747 m2 974650 3.68279188e-06 0.5 p-1 -1775 2
107 748 m2 975911 4.14529604e-05 0.5 p-1 -4407978 679
633 751 m2 983035 -0.0284492411 0.5 p-1 -9663 5
174 752 m2 985703 -0.000326738431 0.5 p-1 -89225 53
658 755 m2 986009 -0.00404524989 0.5 p-1 -5277 1
486 757 m2 986158 0.00310462993 0.5 p-1 -5854496 122
675 759 m2 993650 7.8156685e-05 0.5 p-1 -5765 9
625 760 m2 996018 -0.00166051637 0.5 p-1 -71126 25
256 761 m2 997369 -0.00167785853 0.5 p-1 -189013 180
622 762 m2 999535 0.0986904204 0.5 p-1 -262837 30
295 763 m2 999851 0.00419162819 0.5 p-1 -445728 135
774 768 m2 511387 0.0153082153 0.5 p0 2 2
775 772 m2 504089 0.000155271409 0.5 p0 2 2
362 773 m2 377839 -0.000122284357 0.5 p0 2 6
780 775 m2 275960 0.0134105645 0.5 p0 2 1
763 782 m2 173064 0.000207652469 0.5 p0 2 1
716 798 m2 960436 -0.00205749413 0.5 p0 2 2
788 800 m2 317053 -0.000410349545 0.5 p0 2 2
649 801 m2 829830 0.0451142192 0.5 p0 2 2
670 807 m2 563831 -0.00278143189 0.5 p0 2 1
743 813 m2 956534 0.000866689312 0.5 p0 2 2
749 815 m2 203540 0.000312368793 0.5 p0 2 2
704 824 m2 250252 0.000683913298 0.5 p0 2 7
731 825 m2 329989 0.0141963568 0.5 p0 2 2
776 829 m2 475418 0.000664948428 0.5 p0 2 2
501 836 m2 260530 0.0355139934 0.5 p0 2 5
503 845 m2 801258 -0.00515785394 0.5 p0 2 4
480 846 m2 764967 -0.000295543025 0.5 p0 2 1
778 849 m2 561050 -0.0367630385 0.5 p0 2 1
637 850 m2 822003 -0.00372090889 0.5 p0 2 2
732 852 m2 940271 0.00807551015 0.5 p0 2 2
796 857 m2 340417 -0.000236534805 0.5 p0 2 1
737 862 m2 744059 -0.00291996682 0.5 p0 2 1
797 864 m2 180816 0.00757689215 0.5 p0 2 1
794 867 m2 718447 -0.0004864191 0.5 p0 2 1
713 868 m2 984565 0.0848608613 0.5 p0 2 3
730 869 m2 309259 0.00411930773 0.5 p0 2 6
609 871 m2 531038 -1.25732902e-06 0.5 p0 2 3
668 872 m2 811527 0.0174038876 0.5 p0 2 3
782 878 m2 998846 -0.00927348435 0.5 p0 2 3
459 892 m2 227743 0.00429105433 0.5 p0 2 5
405 893 m2 52885 0.041412916 0.5 p0 2 3
748 901 m2 785279 0.0958140716 0.5 p0 2 2
754 909 m2 360158 0.00357090915 0.5 p0 2 1
674 911 m2 862660 0.000432226399 0.5 p0 2 11
683 912 m2 479264 -0.00330039719 0.5 p0 2 1
744 913 m2 61677 -0.00110499782 0.5 p0 2 2
795 917 m2 7061 2.05167021e-06 0.5 p0 2 1
702 920 m2 345865 -0.00756854191 0.5 p0 2 1
706 929 m2 714151 -0.0198203716 0.5 p0 2 2
707 930 m2 848886 0.00198194548 0.5 p0 2 2
629 933 m2 661570 -0.000459948613 0.5 p0 2 3
612 934 m2 54763 -4.99221596e-06 0.5 p0 2 2
728 936 m2 2174 -0.0306815021 0.5 p0 2 4
705 941 m1 2187 0 0.5 p-1 -15464 13
424 942 m1 2458 -0 0.5 p-1 -101974 71
626 943 m1 5119 0 0.5 p-1 -3476 11
0 944 m1 9274 -0 0.5 p-1 -959272 170
111 945 m1 12199 0 0.5 p-1 -950764 454
425 946 m1 16180 -0 0.5 p-1 -8680 22
176 947 m1 22452 0 0.5 p-1 -99840 102
408 948 m1 26799 0 0.5 p-1 -4321 11
463 949 m1 27146 -0 0.5 p-1 -220531 86
504 952 m1 34104 0 0.5 p-1 -1069537 107
225 953 m1 36991 -0 0.5 p-1 -10504351 322
427 954 m1 43775 -0 0.5 p-1 -266911 145
260 955 m1 45605 0 0.5 p-1 -129464 67
113 957 m1 50718 -0 0.5 p-1 -4149986 118
6 958 m1 51955 -0 0.5 p-1 -1378180 1213
667 959 m1 54094 0 0.5 p-1 -18954 10
432 960 m1 54223 -0 0.5 p-1 -112529 110
179 961 m1 55156 -0 0.5 p-1 -359208 416
573 962 m1 56897 0 0.5 p-1 -66341 10
457 963 m1 60790 -0 0.5 p-1 -109169 78
227 965 m1 78096 -0 0.5 p-1 -386476 112
393 966 m1 89364 0 0.5 p-1 -297182 95
528 967 m1 90671 0 0.5 p-1 -146039 14
115 968 m1 101953 -0 0.5 p-1 -3401617 1596
10 969 m1 102591 0 0.5 p-1 -1543795 445
298 970 m1 103346 -0 0.5 p-1 -6304 12
411 972 m1 106040 -0 0.5 p-1 -392842 191
12 973 m1 109614 0 0.5 p-1 -2392073 1241
318 975 m1 125120 0 0.5 p-1 -516448 329
546 976 m1 133475 -0 0.5 p-1 -110508 17
556 978 m1 137962 0 0.5 p-1 -25469 43
182 979 m1 138637 -0 0.5 p-1 -2647735 659
569 980 m1 142275 -0 0.5 p-1 -4355 5
697 981 m1 147371 0 0.5 p-1 -186 6
359 982 m1 148551 0 0.5 p-1 -346744 234
476 983 m1 150820 -0 0.5 p-1 -173212 3
738 984 m1 152941 -0 0.5 p-1 -7207 2
336 985 m1 153391 0 0.5 p-1 -12183 10
15 986 m1 155822 -0 0.5 p-1 -839010 149
412 987 m1 156859 0 0.5 p-1 -1507412 74
16 988 m1 157514 0 0.5 p-1 -1110846 164
554 993 m1 168490 0 0.5 p-1 -79340 8
18 994 m1 172474 -0 0.5 p-1 -685355 493
20 995 m1 183427 0 0.5 p-1 -3500683 1326
337 996 m1 185563 0 0.5 p-1 -247674 129
23 998 m1 202890 0 0.5 p-1 -4861678 1495
380 1000 m1 214696 0 0.5 p-1 -537191 247
24 1001 m1 215596 0 0.5 p-1 -6796050 708
230 1002 m1 219321 0 0.5 p-1 -658890 516
460 1003 m1 230660 0 0.5 p-1 -328185 50
126 1004 m1 232297 0 0.5 p-1 -985445 222
398 1006 m1 244200 0 0.5 p-1 -79195 30
496 1007 m1 244657 0 0.5 p-1 -188599 156
186 1010 m1 253216 -0 0.5 p-1 -1271142 477
718 1011 m1 254073 -0 0.5 p-1 -52592 4
370 1012 m1 254079 0 0.5 p-1 -376237 174
232 1014 m1 264157 0 0.5 p-1 -1176276 490
34 1015 m1 268564 -0 0.5 p-1 -5188627 1588
353 1016 m1 279151 0 0.5 p-1 -1602925 81
627 1017 m1 288226 -0 0.5 p-1 -156584 27
592 1019 m1 291476 -0 0.5 p-1 -53380 22
389 1021 m1 294407 -0 0.5 p-1 -30162 10
301 1022 m1 295215 -0 0.5 p-1 -898387 228
37 1023 m1 299833 0 0.5 p-1 -2290098 1183
40 1025 m1 323231 0 0.5 p-1 -5362344 1947
750 1026 m1 325308 0 0.5 p-1 -114116 3
41 1027 m1 331080 -0 0.5 p-1 -4202367 710
511 1030 m1 340257 0 0.5 p-1 -39730 22
395 1031 m1 342246 0 0.5 p-1 -967137 215
614 1032 m1 343443 -0 0.5 p-1 -163743 52
269 1033 m1 344393 0 0.5 p-1 -3668273 498
303 1034 m1 347794 0 0.5 p-1 -209846 45
478 1036 m1 363940 -0 0.5 p-1 -45990 106
133 1037 m1 365666 0 0.5 p-1 -6759166 1050
47 1038 m1 373972 -0 0.5 p-1 -8080516 1679
686 1039 m1 378924 -0 0.5 p-1 -47879 15
192 1040 m1 384226 0 0.5 p-1 -300391 335
135 1041 m1 393852 -0 0.5 p-1 -1951817 299
136 1042 m1 394235 -0 0.5 p-1 -3376270 825
50 1043 m1 395280 0 0.5 p-1 -3078418 1123
751 1044 m1 396457 -0 0.5 p-1 -5238 3
137 1046 m1 403427 0 0.5 p-1 -6206402 409
305 1047 m1 414312 -0 0.5 p-1 -1687026 174
591 1049 m1 420773 0 0.5 p-1 -127067 28
568 1050 m1 422413 0 0.5 p-1 -111982 3
580 1052 m1 431477 -0 0.5 p-1 -242295 29
416 1053 m1 437151 0 0.5 p-1 -950631 79
198 1054 m1 444683 0 0.5 p-1 -3970815 903
570 1057 m1 454965 0 0.5 p-1 -75778 5
739 1059 m1 470107 -0 0.5 p-1 -99774 2
720 1060 m1 470499 -0 0.5 p-1 -744 4
694 1061 m1 474333 -0 0.5 p-1 -52703 6
741 1063 m1 485384 0 0.5 p-1 -5596 3
549 1065 m1 498189 0 0.5 p-1 -31762 7
275 1067 m1 504628 0 0.5 p-1 -892288 367
276 1068 m1 506474 0 0.5 p-1 -791265 838
323 1069 m1 512345 0 0.5 p-1 -246122 82
144 1071 m1 522509 -0 0.5 p-1 -4238143 888
202 1072 m1 523801 0 0.5 p-1 -41129 41
61 1073 m1 527672 0 0.5 p-1 -2319939 569
447 1075 m1 527822 0 0.5 p-1 -80440 48
574 1076 m1 528482 -0 0.5 p-1 -42188 27
494 1077 m1 529498 0 0.5 p-1 -836306 129
309 1078 m1 531540 0 0.5 p-1 -91819 63
145 1080 m1 536475 0 0.5 p-1 -2014675 791
619 1082 m1 553005 -0 0.5 p-1 -3031 1
310 1083 m1 555960 0 0.5 p-1 -873534 101
525 1084 m1 558308 -0 0.5 p-1 -113105 48
673 1085 m1 558834 -0 0.5 p-1 -5825 3
781 1086 m1 560830 -0 0.5 p-1 -28408 2
205 1087 m1 561307 0 0.5 p-1 -1459731 905
453 1088 m1 567543 0 0.5 p-1 -492998 113
277 1090 m1 570151 0 0.5 p-1 -6695968 581
206 1091 m1 577506 0 0.5 p-1 -14940 19
430 1094 m1 585702 0 0.5 p-1 -2188640 193
479 1095 m1 587548 0 0.5 p-1 -125856 27
67 1097 m1 594501 0 0.5 p-1 -741256 216
343 1100 m1 618225 -0 0.5 p-1 -7323 8
757 1101 m1 619832 0 0.5 p-1 -9391 3
787 1103 m1 622852 0 0.5 p-1 -4821 1
472 1104 m1 625136 -0 0.5 p-1 -1470523 229
657 1105 m1 631854 0 0.5 p-1 -51718 9
520 1106 m1 633453 -0 0.5 p-1 -30015 42
244 1108 m1 644544 -0 0.5 p-1 -636902 57
586 1109 m1 647686 -0 0.5 p-1 -905103 21
540 1110 m1 664983 0 0.5 p-1 -154441 14
498 1112 m1 671599 0 0.5 p-1 -85336 62
355 1113 m1 671628 -0 0.5 p-1 -379474 40
150 1114 m1 681045 0 0.5 p-1 -1976619 410
536 1115 m1 690104 -0 0.5 p-1 -281643 56
151 1116 m1 693124 -0 0.5 p-1 -256079 250
653 1117 m1 700592 -0 0.5 p-1 -126496 11
577 1118 m1 700649 -0 0.5 p-1 -255280 19
152 1119 m1 705917 0 0.5 p-1 -61794 10
153 1120 m1 707425 0 0.5 p-1 -736257 77
78 1122 m1 712171 -0 0.5 p-1 -598921 233
79 1123 m1 712245 0 0.5 p-1 -2717753 1886
397 1124 m1 715327 0 0.5 p-1 -249233 220
154 1125 m1 720360 -0 0.5 p-1 -289732 307
281 1126 m1 721755 0 0.5 p-1 -9102605 295
552 1127 m1 726715 0 0.5 p-1 -122277 42
349 1128 m1 738417 0 0.5 p-1 -2986460 126
630 1129 m1 739610 0 0.5 p-1 -2978395 63
247 1130 m1 741988 0 0.5 p-1 -1315540 497
473 1131 m1 756409 0 0.5 p-1 -316535 10
474 1132 m1 758119 -0 0.5 p-1 -118608 10
158 1133 m1 759979 -0 0.5 p-1 -6637579 920
344 1136 m1 770672 -0 0.5 p-1 -467471 250
384 1137 m1 772067 0 0.5 p-1 -59536 74
313 1138 m1 776075 -0 0.5 p-1 -616319 204
431 1139 m1 777546 0 0.5 p-1 -1759227 43
475 1140 m1 782281 -0 0.5 p-1 -5995 6
687 1141 m1 785957 -0 0.5 p-1 -131334 9
330 1142 m1 794216 0 0.5 p-1 -19063 31
545 1143 m1 797410 0 0.5 p-1 -28350 53
789 1145 m1 806110 -0 0.5 p-1 -13918 2
164 1146 m1 809863 -0 0.5 p-1 -6940 5
251 1149 m1 832954 0 0.5 p-1 -534854 95
315 1150 m1 834459 -0 0.5 p-1 -151843 30
217 1151 m1 837490 -0 0.5 p-1 -28827 20
89 1152 m1 839768 -0 0.5 p-1 -5978714 1455
719 1153 m1 841824 0 0.5 p-1 -69643 12
167 1154 m1 843534 -0 0.5 p-1 -1878974 1025
601 1155 m1 848889 -0 0.5 p-1 -8283256 24
92 1156 m1 859949 -0 0.5 p-1 -6062324 1742
93 1157 m1 861427 -0 0.5 p-1 -3354662 1715
290 1159 m1 865802 0 0.5 p-1 -182740 72
350 1160 m1 868671 -0 0.5 p-1 -319167 442
742 1164 m1 888993 -0 0.5 p-1 -26526 3
376 1165 m1 889210 -0 0.5 p-1 -291982 40
765 1166 m1 889393 0 0.5 p-1 -547 1
495 1167 m1 890079 -0 0.5 p-1 -20466 15
253 1170 m1 920671 -0 0.5 p-1 -255625 220
650 1172 m1 923125 0 0.5 p-1 -62256 11
712 1173 m1 926069 -0 0.5 p-1 -21432 3
443 1174 m1 927676 -0 0.5 p-1 -57736 12
557 1175 m1 928160 -0 0.5 p-1 -3476764 39
758 1176 m1 929515 -0 0.5 p-1 -4439 4
399 1177 m1 935859 0 0.5 p-1 -28144 13
444 1179 m1 939686 -0 0.5 p-1 -39855 9
790 1181 m1 958470 -0 0.5 p-1 -24424 2
572 1182 m1 964214 0 0.5 p-1 -60930 37
105 1183 m1 967702 -0 0.5 p-1 -5580101 1743
106 1184 m1 969386 0 0.5 p-1 -6800266 476
108 1185 m1 978604 0 0.5 p-1 -3151332 687
109 1186 m1 979280 0 0.5 p-1 -664588 51
358 1187 m1 995682 0 0.5 p-1 -684459 119
110 1188 m1 998208 0 0.5 p-1 -2405288 728
