Temp_ID Permanent_ID Mutation_type Position s h Subpop Tick Number
290 0 m2 929 2.71498648e-05 0.5 p-1 -16488 8
299 1 m2 3685 9.03195087e-06 0.5 p-1 -12568 3
216 2 m2 8629 0.000126705563 0.5 p-1 -20271 4
66 3 m2 10839 0.00572475931 0.5 p-1 -73754 13
0 4 m2 11273 0.000229154 0.5 p-1 -240026 205
32 5 m2 11767 0.00619344041 0.5 p-1 -3984896 1512
88 6 m2 13351 -0.0172906239 0.5 p-1 -2338554 752
135 7 m2 13744 0.00545600709 0.5 p-1 -175971 46
154 8 m2 20292 -0.000145868296 0.5 p-1 -66966 24
67 9 m2 25410 -0.000132987872 0.5 p-1 -4276476 698
1 10 m2 32527 0.000353188196 0.5 p-1 -92504 28
193 11 m2 37965 0.000810851168 0.5 p-1 -63897 22
152 12 m2 38564 -0.00153091212 0.5 p-1 -137203 28
33 13 m2 41675 0.00695252325 0.5 p-1 -647621 169
254 14 m2 45770 0.00274985703 0.5 p-1 -7179 1
172 15 m2 57140 5.82967805e-05 0.5 p-1 -169753 17
224 16 m2 82124 0.0555484779 0.5 p-1 -63604 1
2 17 m2 82613 2.41030102e-05 0.5 p-1 -3930173 953
261 19 m2 85496 -2.27901569e-06 0.5 p-1 -4998 3
53 20 m2 88798 -0.0338704251 0.5 p-1 -4680079 1293
103 21 m2 93370 -0.00106979604 0.5 p-1 -101789 57
188 22 m2 102714 -3.01048954e-06 0.5 p-1 -153486 11
55 23 m2 104066 0.00376566895 0.5 p-1 -1096608 525
35 24 m2 107357 9.29601697e-07 0.5 p-1 -900153 866
248 25 m2 109794 -0.000836366846 0.5 p-1 -12366 1
123 26 m2 110139 -0.00204284978 0.5 p-1 -1534473 79
300 27 m2 115421 0.000568783551 0.5 p-1 -2328 3
202 28 m2 116725 0.00583716528 0.5 p-1 -818 4
36 29 m2 117430 -0.0228964239 0.5 p-1 -835072 225
139 30 m2 123751 0.0157668572 0.5 p-1 -33740 9
149 31 m2 125792 0.0342976935 0.5 p-1 -86019 42
3 32 m2 125871 8.7216049e-06 0.5 p-1 -115685 89
161 33 m2 125921 0.00338314846 0.5 p-1 -48065 47
132 34 m2 129272 0.00526176905 0.5 p-1 -130861 72
184 35 m2 131577 5.0728082e-05 0.5 p-1 -234274 12
37 36 m2 133183 0.00235424866 0.5 p-1 -1074124 913
171 37 m2 138357 4.7879854e-07 0.5 p-1 -103622 38
274 38 m2 144334 -0.000570142933 0.5 p-1 -15357 7
164 39 m2 150524 3.37040478e-06 0.5 p-1 -52629 29
4 40 m2 150823 -0.00130823429 0.5 p-1 -184057 181
56 41 m2 156030 0.0121184383 0.5 p-1 -757337 161
38 42 m2 157226 2.95594e-05 0.5 p-1 -1617778 389
217 43 m2 157993 5.4646327e-05 0.5 p-1 -41701 28
138 44 m2 160060 0.00106907566 0.5 p-1 -3306625 10
57 46 m2 170998 -0.00255593401 0.5 p-1 -1801382 130
312 48 m2 178197 -0.00221000682 0.5 p-1 -875 1
58 49 m2 179227 5.74374599e-06 0.5 p-1 -3595157 782
210 50 m2 184372 0.000268251373 0.5 p-1 -426447 21
40 51 m2 187536 -0.0131431343 0.5 p-1 -3828626 472
313 52 m2 192324 0.0224125441 0.5 p-1 -7762 4
118 53 m2 192598 -0.000517021341 0.5 p-1 -2125530 139
99 54 m2 199183 0.0391083546 0.5 p-1 -959195 160
185 57 m2 207790 9.53244671e-06 0.5 p-1 -10007080 21
233 58 m2 208792 0.000125652368 0.5 p-1 -7626 13
5 59 m2 213104 0.00157332816 0.5 p-1 -5542895 1854
144 61 m2 215147 6.45711698e-05 0.5 p-1 -108492 45
160 62 m2 239164 0.00849906728 0.5 p-1 -1419527 58
150 63 m2 240031 0.0149105713 0.5 p-1 -136829 48
114 69 m2 255939 -0.000148928433 0.5 p-1 -278979 206
244 71 m2 261775 0.00172626355 0.5 p-1 -449 1
6 72 m2 267324 -0.0113070579 0.5 p-1 -2845152 1522
302 73 m2 272829 -0.0592885129 0.5 p-1 -11927 2
199 74 m2 273054 -0.000380920654 0.5 p-1 -17353 4
208 75 m2 278265 2.37083459e-05 0.5 p-1 -33210 21
104 76 m2 311774 -0.000491246348 0.5 p-1 -4914675 454
105 78 m2 314353 1.56867543e-07 0.5 p-1 -211193 43
90 79 m2 314427 -1.97578029e-05 0.5 p-1 -2624150 418
106 80 m2 326315 0.00238537951 0.5 p-1 -248207 140
8 81 m2 328418 0.0107181454 0.5 p-1 -5780463 1504
115 82 m2 330607 0.00318581308 0.5 p-1 -420452 123
60 84 m2 338626 1.21870471e-05 0.5 p-1 -303510 141
94 85 m2 346257 0.0184737742 0.5 p-1 -166200 81
229 87 m2 355203 -0.00485141436 0.5 p-1 -18244 10
78 88 m2 355659 0.0252819341 0.5 p-1 -1938515 342
9 89 m2 358958 0.000989955734 0.5 p-1 -6114427 1826
155 90 m2 368161 0.0387012549 0.5 p-1 -391332 91
10 95 m2 385810 -0.00801628642 0.5 p-1 -1750002 1101
61 96 m2 393368 -2.18359546e-05 0.5 p-1 -9743133 478
140 97 m2 396210 0.00055484398 0.5 p-1 -33370 24
142 98 m2 396852 0.0193199497 0.5 p-1 -51374 47
151 99 m2 396905 -8.37700863e-05 0.5 p-1 -197949 28
100 100 m2 399057 0.0204144828 0.5 p-1 -1867737 332
11 101 m2 399171 -0.00498245331 0.5 p-1 -1316699 490
235 102 m2 399552 -0.00753797824 0.5 p-1 -34848 10
328 103 m2 404412 0.000588825613 0.5 p-1 -10529 1
12 104 m2 406728 0.00260422891 0.5 p-1 -645113 807
41 105 m2 414925 -0.0114826635 0.5 p-1 -783500 291
68 106 m2 417123 0.000478964124 0.5 p-1 -39603 22
13 108 m2 420989 0.0183222108 0.5 p-1 -3019594 621
79 110 m2 430086 -0.00810338557 0.5 p-1 -1971914 332
265 111 m2 432626 7.75534209e-05 0.5 p-1 -41717 7
301 112 m2 434245 0.0134741282 0.5 p-1 -94928 5
119 113 m2 442843 -0.00089194061 0.5 p-1 -223388 53
219 114 m2 452574 0.0024820657 0.5 p-1 -20282 4
120 115 m2 453094 -0.00129289425 0.5 p-1 -70329 78
167 116 m2 455381 -0.0100605944 0.5 p-1 -315118 51
257 117 m2 459271 -0.0102943685 0.5 p-1 -3320 2
269 118 m2 460913 -0.00996714924 0.5 p-1 -17646 16
166 119 m2 464752 0.00252603833 0.5 p-1 -12706 2
211 120 m2 467826 -0.000884894107 0.5 p-1 -138086 6
205 121 m2 476113 -0.00246647419 0.5 p-1 -2855 4
43 123 m2 487632 0.00488062203 0.5 p-1 -2730706 1244
15 124 m2 495073 0.000107461005 0.5 p-1 -1138369 530
231 125 m2 496203 0.00562869851 0.5 p-1 -506524 41
226 126 m2 496405 0.00523402961 0.5 p-1 -780 2
133 127 m2 497165 -8.39190488e-06 0.5 p-1 -72209 89
212 128 m2 501842 -4.78742868e-06 0.5 p-1 -307863 17
16 129 m2 504830 -0.00611239439 0.5 p-1 -3083302 1400
162 130 m2 512162 0.000996999326 0.5 p-1 -2683495 132
237 131 m2 516643 -0.0390799195 0.5 p-1 -4045 1
232 132 m2 525293 -8.52808668e-08 0.5 p-1 -7208 2
289 133 m2 530366 -0.00225792825 0.5 p-1 -6005 10
107 134 m2 531112 -0.000663478277 0.5 p-1 -3724688 161
146 135 m2 533057 0.00848673098 0.5 p-1 -1902521 154
200 136 m2 535573 0.00225897646 0.5 p-1 -20443 19
220 137 m2 539138 -9.27484434e-05 0.5 p-1 -52159 29
198 138 m2 539551 -0.000153837696 0.5 p-1 -18012 7
156 139 m2 540388 0.00693558436 0.5 p-1 -53061 9
196 140 m2 542136 0.00692350511 0.5 p-1 -379451 95
230 141 m2 544917 -2.47127249e-11 0.5 p-1 -47874 7
176 143 m2 554220 0.00105867267 0.5 p-1 -697056 50
256 144 m2 556263 4.93246375e-07 0.5 p-1 -526781 15
259 145 m2 558874 -0.000247532502 0.5 p-1 -3727 4
95 146 m2 561894 0.00245684152 0.5 p-1 -756757 122
207 147 m2 566626 5.40366018e-05 0.5 p-1 -612075 11
143 148 m2 576597 -0.000391551614 0.5 p-1 -265302 28
227 149 m2 595229 -0.0131508708 0.5 p-1 -135964 13
201 150 m2 595771 0.000468979939 0.5 p-1 -43079 20
18 152 m2 598362 0.00370855746 0.5 p-1 -693252 624
278 153 m2 603723 0.0063034147 0.5 p-1 -34029 4
108 154 m2 603770 0.00367276976 0.5 p-1 -369274 149
279 156 m2 609277 0.0106917443 0.5 p-1 -1515 2
179 157 m2 612958 -0.000986270374 0.5 p-1 -258204 74
280 158 m2 620204 0.00397274457 0.5 p-1 -30465 13
44 160 m2 622888 -1.27815701e-06 0.5 p-1 -2926648 509
97 161 m2 627240 0.00432990724 0.5 p-1 -2200422 453
101 162 m2 633401 -0.00886728242 0.5 p-1 -287482 43
45 163 m2 647367 0.00200700597 0.5 p-1 -7590194 1542
62 164 m2 647631 -0.00840359088 0.5 p-1 -6771494 486
102 165 m2 648749 -0.00684017921 0.5 p-1 -1150405 194
63 166 m2 651010 0.000213884778 0.5 p-1 -660720 369
70 167 m2 651486 0.0225054137 0.5 p-1 -285889 110
243 168 m2 653243 0.0368040726 0.5 p-1 -10247 9
294 169 m2 656255 -0.00144278572 0.5 p-1 -3012 3
271 170 m2 658361 0.0109112114 0.5 p-1 -67391 5
21 171 m2 662059 -0.000464921526 0.5 p-1 -1214855 911
80 172 m2 663919 2.72328028e-11 0.5 p-1 -1302370 438
130 174 m2 666718 0.00313508464 0.5 p-1 -3538125 476
157 175 m2 669637 -0.0176869072 0.5 p-1 -22347 12
71 176 m2 671859 -7.89476144e-06 0.5 p-1 -120024 20
285 177 m2 672774 -0.0330382846 0.5 p-1 -6164 4
72 178 m2 674274 -1.40233806e-06 0.5 p-1 -291302 79
81 179 m2 675608 0.00205251761 0.5 p-1 -133825 108
137 180 m2 676530 -0.0217106286 0.5 p-1 -16417 5
22 181 m2 679080 0.0487059653 0.5 p-1 -1303510 1500
82 182 m2 683756 -0.00145770528 0.5 p-1 -836340 239
147 183 m2 687900 0.00541564636 0.5 p-1 -926830 38
194 184 m2 688697 1.32524758e-06 0.5 p-1 -7378 10
126 186 m2 712762 0.000945524895 0.5 p-1 -1899750 307
83 188 m2 719006 -0.0313289501 0.5 p-1 -754105 181
112 189 m2 721188 -0.000404421968 0.5 p-1 -2707593 226
73 190 m2 722177 9.9781173e-05 0.5 p-1 -393993 419
225 191 m2 725077 -0.00990080647 0.5 p-1 -31184 6
84 193 m2 735438 0.00310707628 0.5 p-1 -2570900 154
218 194 m2 735728 0.000241768736 0.5 p-1 -76920 31
46 195 m2 736388 0.000904113171 0.5 p-1 -4549839 696
327 197 m2 739840 -0.00141920638 0.5 p-1 -829 1
98 198 m2 753256 -0.000464562123 0.5 p-1 -164147 132
134 199 m2 755087 0.0030841094 0.5 p-1 -469437 312
116 200 m2 756565 0.00179576618 0.5 p-1 -333858 204
174 201 m2 760949 -0.00882574357 0.5 p-1 -137572 24
192 202 m2 763431 -0.000668821333 0.5 p-1 -271787 10
85 203 m2 769467 -1.4569971e-06 0.5 p-1 -66407 20
47 204 m2 773772 3.93475739e-06 0.5 p-1 -3846386 871
255 205 m2 781532 2.72788213e-07 0.5 p-1 -465476 17
190 206 m2 790610 -0.0016620669 0.5 p-1 -20314 6
262 207 m2 792078 0.00298972568 0.5 p-1 -107944 9
23 208 m2 795303 0.000391183072 0.5 p-1 -3510388 1534
222 210 m2 809296 0.00339764799 0.5 p-1 -56263 5
117 211 m2 813232 3.81230564e-07 0.5 p-1 -1601641 249
74 213 m2 817795 -0.00694300374 0.5 p-1 -299016 259
24 214 m2 818605 0.000451784872 0.5 p-1 -1409715 1037
25 215 m2 826187 0.0442890674 0.5 p-1 -166882 117
287 216 m2 826591 0.0259183347 0.5 p-1 -5336 1
239 218 m2 834775 0.000150276799 0.5 p-1 -18442 6
121 219 m2 838669 0.00320180575 0.5 p-1 -389517 89
86 220 m2 838786 -0.00481724134 0.5 p-1 -10700042 754
26 221 m2 844824 -0.0760867372 0.5 p-1 -6365457 1335
260 222 m2 846400 0.00807003118 0.5 p-1 -6646 4
27 223 m2 848174 0.00144030922 0.5 p-1 -801771 122
175 225 m2 853190 -0.0287270062 0.5 p-1 -229993 31
127 226 m2 853449 3.19146238e-08 0.5 p-1 -505847 113
263 227 m2 856029 0.00019137359 0.5 p-1 -697 3
307 229 m2 859604 0.00876246672 0.5 p-1 -15950 2
249 230 m2 863630 -2.6946429e-05 0.5 p-1 -3570 4
329 231 m2 865735 -0.000266819145 0.5 p-1 -5801 1
250 232 m2 866666 -0.0104573518 0.5 p-1 -25626 9
131 233 m2 867953 0.0166954082 0.5 p-1 -21468 14
326 234 m2 870020 0.00081912172 0.5 p-1 -4680 1
284 235 m2 872804 0.00400582608 0.5 p-1 -54389 2
180 236 m2 876920 1.44447167e-05 0.5 p-1 -401140 12
332 237 m2 881623 0.000228677425 0.5 p-1 -1070 1
286 238 m2 882280 -0.000257270789 0.5 p-1 -31085 1
49 239 m2 883986 -0.00597750349 0.5 p-1 -658030 358
145 240 m2 884199 -0.000134069953 0.5 p-1 -1528554 303
128 241 m2 885128 0.00545803318 0.5 p-1 -170347 33
236 242 m2 889388 0.0198554955 0.5 p-1 -211795 9
28 243 m2 890250 0.0207419302 0.5 p-1 -4829258 845
195 244 m2 899067 0.00625816174 0.5 p-1 -466279 10
183 245 m2 903053 0.00419911649 0.5 p-1 -86029 39
29 247 m2 912387 -0.000483612443 0.5 p-1 -646453 189
92 248 m2 914871 0.0249110758 0.5 p-1 -371790 213
163 249 m2 923422 1.72661746e-10 0.5 p-1 -2649834 96
30 252 m2 937960 -0.00576030323 0.5 p-1 -939329 182
191 253 m2 938656 -0.00194414263 0.5 p-1 -24058 10
87 254 m2 940309 0.00264860247 0.5 p-1 -543755 51
291 255 m2 940659 0.0125587089 0.5 p-1 -5628 1
253 256 m2 940944 0.00142059044 0.5 p-1 -12101 7
65 257 m2 953088 -0.00100559974 0.5 p-1 -4672210 543
129 258 m2 959371 0.00014106372 0.5 p-1 -370329 64
51 259 m2 962501 -0.0221248008 0.5 p-1 -498534 179
272 260 m2 965591 0.0181194041 0.5 p-1 -156478 3
246 261 m2 970804 -0.00013787116 0.5 p-1 -34216 20
275 262 m2 971386 0.000902049127 0.5 p-1 -32413 5
316 263 m2 972200 -2.42565766e-05 0.5 p-1 -3615 1
52 264 m2 972383 -0.0208139345 0.5 p-1 -2841503 993
324 265 m2 973775 0.0497177951 0.5 p-1 -26927 1
169 267 m2 979968 -8.56643146e-06 0.5 p-1 -326229 71
173 268 m2 986107 -0.00332556223 0.5 p-1 -36978 12
270 269 m2 990547 6.47399429e-05 0.5 p-1 -18619 3
31 270 m2 995425 0.00241437997 0.5 p-1 -3221017 1833
268 271 m2 996531 -0.0211972836 0.5 p-1 -21850 6
293 277 m2 465559 -0.0105012348 0.5 p0 2 2
238 278 m2 188511 0.00550051359 0.5 p0 2 3
295 280 m2 445226 0.0103877448 0.5 p0 2 1
335 282 m2 187968 0.000183445867 0.5 p0 2 1
273 283 m2 76298 -0.0134086674 0.5 p0 2 1
309 284 m2 972769 -0.000167230653 0.5 p0 2 2
276 286 m2 946800 0.00155534199 0.5 p0 2 3
321 288 m2 988772 -0.0202261228 0.5 p0 2 1
197 291 m2 101079 -0.0051199398 0.5 p0 2 1
153 292 m2 227856 0.00762890559 0.5 p0 2 3
281 293 m2 104817 7.00748351e-05 0.5 p0 2 1
337 295 m2 266556 -7.64278593e-06 0.5 p0 2 1
258 296 m2 824696 0.00946826581 0.5 p0 2 1
282 297 m2 666869 -0.0374070629 0.5 p0 2 2
228 298 m2 34107 0.0580382496 0.5 p0 2 4
304 299 m2 727753 2.75370076e-05 0.5 p0 2 2
177 300 m2 756347 0.0092283925 0.5 p0 2 3
283 301 m2 155918 0.0529007614 0.5 p0 2 2
323 304 m2 674604 3.71800911e-06 0.5 p0 2 1
325 306 m2 562646 0.000226369753 0.5 p0 2 1
264 308 m2 40357 -0.00340608205 0.5 p0 2 2
310 309 m2 88988 -4.5589677e-05 0.5 p0 2 1
308 311 m2 126692 -0.0199838988 0.5 p0 2 2
319 313 m2 867500 0.0122429477 0.5 p0 2 2
314 314 m2 900924 8.32832011e-05 0.5 p0 2 1
303 316 m2 255405 -0.00121172192 0.5 p0 2 2
331 317 m2 882077 -0.00541146332 0.5 p0 2 2
122 318 m2 883495 0.00108146353 0.5 p0 2 2
330 319 m2 430775 -0.0010360413 0.5 p0 2 1
297 320 m2 82600 -0.00789121911 0.5 p0 2 2
336 321 m2 936304 -0.00585023779 0.5 p0 2 1
221 324 m2 795411 -5.20916637e-06 0.5 p0 2 2
315 326 m2 767343 0.000324801658 0.5 p0 2 1
318 328 m2 69408 -0.000121414036 0.5 p0 2 1
320 329 m2 307603 0.00170968624 0.5 p0 2 1
296 330 m2 842290 4.23933816e-05 0.5 p0 2 1
213 332 m2 459223 -0.0475618802 0.5 p0 2 3
338 334 m2 995520 -0.00366740231 0.5 p0 2 1
178 336 m1 4158 -0 0.5 p-1 -51430 13
187 337 m1 16454 -0 0.5 p-1 -281320 41
93 338 m1 42021 0 0.5 p-1 -554623 262
34 339 m1 45251 -0 0.5 p-1 -3127384 689
89 340 m1 67926 0 0.5 p-1 -1712754 338
242 341 m1 89862 0 0.5 p-1 -2713 1
240 342 m1 93345 0 0.5 p-1 -9953 3
54 343 m1 101385 -0 0.5 p-1 -446947 97
136 344 m1 107365 -0 0.5 p-1 -27641 55
148 345 m1 109628 -0 0.5 p-1 -3738211 73
298 346 m1 121840 -0 0.5 p-1 -2869 2
181 348 m1 134361 0 0.5 p-1 -133140 33
251 349 m1 142992 -0 0.5 p-1 -137150 10
203 350 m1 146460 0 0.5 p-1 -162638 14
39 351 m1 171949 -0 0.5 p-1 -5640555 1157
165 352 m1 198015 0 0.5 p-1 -271555 48
113 353 m1 211951 -0 0.5 p-1 -31659 54
277 354 m1 220782 -0 0.5 p-1 -1417 2
186 355 m1 226438 -0 0.5 p-1 -31735 19
204 356 m1 228263 0 0.5 p-1 -15986 28
59 357 m1 231584 -0 0.5 p-1 -881756 407
215 358 m1 234666 -0 0.5 p-1 -20021 11
247 360 m1 257072 -0 0.5 p-1 -2193 4
333 361 m1 265088 -0 0.5 p-1 -3069 1
206 363 m1 310980 0 0.5 p-1 -203369 42
317 364 m1 316320 -0 0.5 p-1 -269 1
7 365 m1 318843 -0 0.5 p-1 -11326978 1910
189 366 m1 319284 -0 0.5 p-1 -345653 27
334 367 m1 348771 -0 0.5 p-1 -2254 1
124 368 m1 397926 -0 0.5 p-1 -276473 111
125 369 m1 403356 0 0.5 p-1 -63020 93
14 373 m1 464878 -0 0.5 p-1 -3532327 1350
311 374 m1 467951 -0 0.5 p-1 -116770 2
42 375 m1 469067 0 0.5 p-1 -5211199 696
111 376 m1 486177 0 0.5 p-1 -8237966 202
322 377 m1 497362 -0 0.5 p-1 -4969 4
182 378 m1 529779 -0 0.5 p-1 -24622 18
252 380 m1 555052 -0 0.5 p-1 -6504 1
267 381 m1 564273 0 0.5 p-1 -272 2
96 382 m1 565722 -0 0.5 p-1 -276824 57
17 383 m1 585479 -0 0.5 p-1 -6221001 546
214 384 m1 596775 0 0.5 p-1 -5803 10
19 388 m1 637467 -0 0.5 p-1 -1004408 498
69 389 m1 640290 0 0.5 p-1 -476817 85
109 391 m1 651983 0 0.5 p-1 -1043127 84
20 392 m1 659084 0 0.5 p-1 -6209953 1236
266 393 m1 705270 -0 0.5 p-1 -5650 20
305 395 m1 726541 -0 0.5 p-1 -24784 2
91 396 m1 726771 -0 0.5 p-1 -870196 399
141 397 m1 733783 0 0.5 p-1 -44929 26
170 398 m1 753173 0 0.5 p-1 -270971 77
234 401 m1 767803 -0 0.5 p-1 -16042 11
288 402 m1 780725 0 0.5 p-1 -7001 2
64 403 m1 799694 0 0.5 p-1 -1853041 838
168 404 m1 801705 -0 0.5 p-1 -982396 94
75 405 m1 822703 0 0.5 p-1 -675258 641
306 406 m1 825605 -0 0.5 p-1 -19114 3
245 407 m1 832847 -0 0.5 p-1 -213452 12
76 408 m1 841794 0 0.5 p-1 -2742448 86
48 409 m1 851407 0 0.5 p-1 -3141135 1377
209 410 m1 866609 0 0.5 p-1 -19051 2
223 411 m1 874730 -0 0.5 p-1 -9289 18
158 412 m1 876883 -0 0.5 p-1 -45142 37
110 413 m1 881824 0 0.5 p-1 -44736 69
50 414 m1 921510 0 0.5 p-1 -3121263 703
292 417 m1 943057 0 0.5 p-1 -41499 1
77 418 m1 971631 -0 0.5 p-1 -1754516 870
159 419 m1 973901 -0 0.5 p-1 -11495 32
241 420 m1 992002 -0 0.5 p-1 -502917 23
