Temp_ID Permanent_ID Mutation_type Position s h Subpop Tick Number
922 0 m2 98 -1.66544452e-11 0.5 p-1 -1621998 20
283 2 m2 2756 0.000280979293 0.5 p-1 -1044415 117
1018 3 m2 3714 0.000875794038 0.5 p-1 -29350 14
704 4 m2 3747 -0.0001957723 0.5 p-1 -8121 27
1220 5 m2 3867 -1.06731004e-05 0.5 p-1 -26806 7
1039 6 m2 4929 2.88709562e-05 0.5 p-1 -932 2
787 7 m2 7210 -1.61049702e-05 0.5 p-1 -42194 7
705 8 m2 8508 0.00972293038 0.5 p-1 -52166 28
849 9 m2 8616 -9.40517857e-05 0.5 p-1 -1987 3
464 10 m2 8962 -0.0174707007 0.5 p-1 -462390 156
909 12 m2 10014 0.0418027155 0.5 p-1 -135844 38
1 14 m2 10246 -0.0105089713 0.5 p-1 -2844638 1416
663 15 m2 10734 0.015178415 0.5 p-1 -15606 42
390 16 m2 11022 -0.00130125519 0.5 p-1 -169693 145
1031 17 m2 11319 1.21646747e-06 0.5 p-1 -72757 10
345 18 m2 11352 -0.000694300979 0.5 p-1 -54220 58
1057 19 m2 13574 0.00145053421 0.5 p-1 -228106 15
781 20 m2 17827 0.00408758037 0.5 p-1 -34536 41
1093 21 m2 18306 -0.003164066 0.5 p-1 -16146 18
782 24 m2 19166 -0.0150107872 0.5 p-1 -8623 20
391 25 m2 20139 -9.07884683e-08 0.5 p-1 -867780 82
392 26 m2 21623 0.00115661672 0.5 p-1 -3465144 490
3 28 m2 23793 -0.000527168042 0.5 p-1 -2347923 938
934 30 m2 25493 -0.0170601346 0.5 p-1 -7599 5
1083 31 m2 26573 0.00300325872 0.5 p-1 -12421 21
1184 33 m2 27897 0.00130499294 0.5 p-1 -4028 1
346 34 m2 27955 -0.000171008098 0.5 p-1 -1052777 305
6 35 m2 28311 0.00117712561 0.5 p-1 -4565224 669
7 36 m2 28355 0.0749473795 0.5 p-1 -4853538 1278
8 37 m2 28747 -0.000951936119 0.5 p-1 -522486 393
441 38 m2 28764 -0.00330344657 0.5 p-1 -381161 59
1032 39 m2 29424 -0.000728421554 0.5 p-1 -32393 9
847 40 m2 30968 2.33659248e-05 0.5 p-1 -1047971 139
753 41 m2 31129 0.000141812372 0.5 p-1 -406292 222
989 42 m2 31830 0.000913557305 0.5 p-1 -320987 20
529 43 m2 31924 0.00546649797 0.5 p-1 -260858 352
864 44 m2 32242 0.0178489815 0.5 p-1 -63913 35
1108 46 m2 33493 -3.28513743e-05 0.5 p-1 -11318 4
9 47 m2 34079 -5.57290332e-05 0.5 p-1 -2473145 283
285 49 m2 34371 0.125377476 0.5 p-1 -462769 98
10 50 m2 34491 0.0276036691 0.5 p-1 -8942280 685
601 51 m2 35238 4.96221073e-05 0.5 p-1 -167065 107
286 52 m2 36943 0.00263486477 0.5 p-1 -2109449 649
813 53 m2 37244 -0.0178098362 0.5 p-1 -625612 61
1173 54 m2 40188 -0.00505910115 0.5 p-1 -641 4
1125 55 m2 40526 2.23644583e-05 0.5 p-1 -7721 10
1284 56 m2 41831 -6.14387027e-05 0.5 p-1 -69457 1
1324 57 m2 42047 0.0191754494 0.5 p-1 -3568 1
549 58 m2 42542 0.0395647921 0.5 p-1 -38945 22
861 59 m2 44507 0.0203324351 0.5 p-1 -106935 13
287 60 m2 45215 0.00217933534 0.5 p-1 -3849506 616
1133 61 m2 47191 -0.000809309189 0.5 p-1 -622766 14
394 62 m2 47741 0.00211555324 0.5 p-1 -1228292 424
347 63 m2 48708 0.00868440513 0.5 p-1 -1902669 190
706 64 m2 48749 0.000506011187 0.5 p-1 -31168 41
1149 66 m2 49323 -2.11260049e-05 0.5 p-1 -6935 7
566 67 m2 51975 0.00210898323 0.5 p-1 -553547 354
348 69 m2 53417 0.00352071854 0.5 p-1 -1430779 523
12 70 m2 54230 -0.00263498537 0.5 p-1 -6486390 1912
288 71 m2 55385 -2.72825588e-07 0.5 p-1 -90084 46
1106 72 m2 55486 -0.0108897444 0.5 p-1 -57792 25
289 73 m2 56444 -0.0118803782 0.5 p-1 -750316 42
1240 76 m2 57419 -0.00160355796 0.5 p-1 -2434 10
805 77 m2 57420 -0.0216576885 0.5 p-1 -144370 43
567 79 m2 57813 1.14940021e-05 0.5 p-1 -421049 445
664 80 m2 58515 -2.83123973e-06 0.5 p-1 -57953 84
290 82 m2 61114 -0.0210292488 0.5 p-1 -785907 764
568 83 m2 61612 -0.00185332308 0.5 p-1 -939677 263
291 84 m2 64497 0.00716717867 0.5 p-1 -400566 177
14 86 m2 65892 -0.00020854437 0.5 p-1 -31257 42
15 87 m2 66715 6.75202245e-05 0.5 p-1 -8506919 1162
16 88 m2 67248 2.05871038e-05 0.5 p-1 -3180950 1415
1291 91 m2 69263 -0.00935691409 0.5 p-1 -413 3
788 94 m2 71651 0.0315579437 0.5 p-1 -263 3
831 95 m2 71834 6.64944025e-07 0.5 p-1 -9388 21
17 96 m2 72950 -0.0404536501 0.5 p-1 -5271120 637
465 97 m2 73304 0.00892185979 0.5 p-1 -1220474 427
466 98 m2 73422 0.000594638579 0.5 p-1 -1316339 267
292 99 m2 73758 -3.60079539e-05 0.5 p-1 -2633599 1129
19 100 m2 74536 0.000489539816 0.5 p-1 -6493882 1825
20 101 m2 77566 0.0268587898 0.5 p-1 -7751200 1691
21 102 m2 77590 0.000162197539 0.5 p-1 -4824439 1691
1158 104 m2 78309 0.00175490207 0.5 p-1 -2877 8
1062 105 m2 79017 -0.000216868139 0.5 p-1 -4551 3
196 106 m2 79054 0.0263994187 0.5 p-1 -447472 259
467 107 m2 79159 0.000565629802 0.5 p-1 -2604832 141
1252 109 m2 79690 0.00464101788 0.5 p-1 -229624 4
987 111 m2 81715 4.27557214e-13 0.5 p-1 -13306 10
197 113 m2 82964 -0.00148927944 0.5 p-1 -3166524 449
789 114 m2 83221 0.00772316288 0.5 p-1 -272561 44
22 115 m2 83602 0.000207938545 0.5 p-1 -1729417 884
198 116 m2 84274 0.00234715478 0.5 p-1 -1859741 1093
442 117 m2 87159 0.0340893082 0.5 p-1 -62916 25
862 118 m2 87205 0.0120517276 0.5 p-1 -1980644 52
23 120 m2 88511 -0.0168931633 0.5 p-1 -2668543 1431
820 121 m2 88874 -0.0001713315 0.5 p-1 -3215981 199
443 123 m2 90681 5.21966031e-05 0.5 p-1 -691217 277
1025 124 m2 90724 -8.15930483e-12 0.5 p-1 -28241 12
954 125 m2 90936 -0.057258971 0.5 p-1 -67963 25
616 127 m2 91170 1.60936816e-06 0.5 p-1 -2717583 558
1206 128 m2 91469 -0.00177830295 0.5 p-1 -2669 2
821 129 m2 92390 -3.57592967e-07 0.5 p-1 -398027 116
24 130 m2 94274 0.0164329167 0.5 p-1 -3806599 966
25 131 m2 95414 0.000665376487 0.5 p-1 -624690 234
26 132 m2 96198 0.0102844043 0.5 p-1 -2762513 1829
920 134 m2 96599 0.00337835262 0.5 p-1 -21226 1
697 136 m2 97257 -0.00605910085 0.5 p-1 -429853 108
1116 137 m2 97901 -0.00562749058 0.5 p-1 -211545 21
1014 138 m2 98664 0.00224302057 0.5 p-1 -126674 12
444 139 m2 98966 0.0104005486 0.5 p-1 -202762 106
975 140 m2 99982 -0.0192797333 0.5 p-1 -88665 5
27 141 m2 100303 0.0028431667 0.5 p-1 -362736 433
1198 144 m2 101797 -0.00136656384 0.5 p-1 -58751 1
570 146 m2 102619 -0.0172581673 0.5 p-1 -555249 229
1094 148 m2 103614 -0.0449971221 0.5 p-1 -165458 6
349 149 m2 103995 0.0126207359 0.5 p-1 -230987 92
740 151 m2 105192 -0.00254399306 0.5 p-1 -916407 48
293 152 m2 105762 0.00498666661 0.5 p-1 -4569746 234
200 153 m2 106655 -0.00036462085 0.5 p-1 -13329835 1354
1058 154 m2 107090 0.00370359165 0.5 p-1 -221375 13
944 156 m2 107917 0.0153071107 0.5 p-1 -7148508 33
865 157 m2 109297 -1.79846502e-08 0.5 p-1 -47260 57
28 158 m2 111124 0.000109782988 0.5 p-1 -4146174 1284
1243 159 m2 112843 0.000289655611 0.5 p-1 -1833 3
201 160 m2 113059 -8.86641865e-05 0.5 p-1 -4585065 1570
29 161 m2 113259 -0.0289922282 0.5 p-1 -7753244 1207
294 162 m2 114379 0.0087226443 0.5 p-1 -13812912 583
350 163 m2 114425 0.000234907464 0.5 p-1 -620703 163
30 164 m2 114502 0.00860904809 0.5 p-1 -8879312 1509
863 166 m2 115626 0.00146089518 0.5 p-1 -143465 58
721 167 m2 116067 -0.00653362786 0.5 p-1 -599928 63
795 169 m2 117056 0.00176377257 0.5 p-1 -288427 61
530 173 m2 117888 -5.85818962e-05 0.5 p-1 -73650 102
1046 174 m2 118117 0.00667887228 0.5 p-1 -8258 4
617 178 m2 119665 5.3019663e-05 0.5 p-1 -53233 46
1084 179 m2 121512 -0.0124168927 0.5 p-1 -26870 24
857 181 m2 123049 -8.92985845e-05 0.5 p-1 -5457 24
295 182 m2 123343 0.00457459129 0.5 p-1 -4802757 612
296 183 m2 124233 -0.000295969046 0.5 p-1 -3974847 1371
1320 184 m2 124577 -0.00238855463 0.5 p-1 -171037 3
395 185 m2 125816 0.00277504185 0.5 p-1 -1616821 375
806 186 m2 126484 -0.000234852807 0.5 p-1 -16990 19
1076 187 m2 126644 -4.59198927e-05 0.5 p-1 -160281 9
946 188 m2 128469 0.00337358797 0.5 p-1 -305809 24
1005 191 m2 130431 -0.00259822328 0.5 p-1 -272759 17
203 192 m2 130870 1.49772268e-06 0.5 p-1 -3427512 264
586 193 m2 130943 9.38790436e-06 0.5 p-1 -1410786 659
31 194 m2 131090 -0.0289052948 0.5 p-1 -2316501 458
204 195 m2 134210 0.010648841 0.5 p-1 -1638558 187
947 197 m2 134867 -0.00460001174 0.5 p-1 -553 2
764 199 m2 136522 0.00878673047 0.5 p-1 -405075 19
866 202 m2 138005 -0.00268825213 0.5 p-1 -30852 50
968 205 m2 139358 0.0564655326 0.5 p-1 -323251 41
854 206 m2 139468 0.00379843218 0.5 p-1 -578746 40
531 207 m2 140456 -0.0228440035 0.5 p-1 -1089976 222
532 208 m2 140833 0.000216886328 0.5 p-1 -3026738 623
853 210 m2 144851 -0.00541928364 0.5 p-1 -167366 22
1102 211 m2 146289 0.00622059545 0.5 p-1 -12902 1
1214 212 m2 146857 0.000238463443 0.5 p-1 -3873 2
205 213 m2 147583 9.22265181e-11 0.5 p-1 -2597760 587
890 214 m2 148121 -0.00819976255 0.5 p-1 -48559 3
1085 216 m2 150305 0.000471006031 0.5 p-1 -122298 16
33 217 m2 150963 6.58043791e-05 0.5 p-1 -2553167 1768
686 218 m2 151021 1.29323865e-07 0.5 p-1 -118802 47
1340 219 m2 152573 0.00397766801 0.5 p-1 -4454 1
445 222 m2 155477 0.0637465939 0.5 p-1 -433447 474
1341 223 m2 155843 0.000267232535 0.5 p-1 -23784 1
1171 224 m2 155934 -0.00375473197 0.5 p-1 -13340 7
509 225 m2 156307 -0.00563406479 0.5 p-1 -1426741 148
1314 229 m2 159463 -0.0275811721 0.5 p-1 -5277 2
510 230 m2 159542 -0.00577067398 0.5 p-1 -3233927 685
1165 232 m2 161355 0.0126267076 0.5 p-1 -28730 7
1152 233 m2 163474 0.00421459181 0.5 p-1 -2867 5
1331 234 m2 163735 -0.000247281103 0.5 p-1 -40491 2
1044 235 m2 164194 0.000164367128 0.5 p-1 -45 1
1282 236 m2 166176 -0.00344373682 0.5 p-1 -11454 3
446 237 m2 167069 0.0380129218 0.5 p-1 -764548 688
207 238 m2 167887 0.0164184812 0.5 p-1 -517295 454
34 240 m2 168582 0.00622086367 0.5 p-1 -397422 8
571 241 m2 169620 0.018987108 0.5 p-1 -174008 272
35 243 m2 170077 -3.19187666e-06 0.5 p-1 -476394 983
765 244 m2 171059 -0.00480289198 0.5 p-1 -1235890 55
297 247 m2 175894 3.15754478e-05 0.5 p-1 -56284 52
298 248 m2 176299 0.0311646927 0.5 p-1 -1256182 573
1107 249 m2 176341 -3.9645347e-05 0.5 p-1 -12978 4
783 250 m2 177628 0.00166921644 0.5 p-1 -75496 98
299 251 m2 177803 0.010755633 0.5 p-1 -243092 145
210 254 m2 180787 -0.000876796432 0.5 p-1 -2573218 1758
1163 255 m2 181969 0.00638513919 0.5 p-1 -68 6
1077 256 m2 182276 -2.48186643e-05 0.5 p-1 -5934 4
1142 258 m2 185205 0.000518599816 0.5 p-1 -2553061 8
396 259 m2 188886 -0.010757125 0.5 p-1 -1764149 250
397 261 m2 189928 -0.028591007 0.5 p-1 -1245543 146
645 262 m2 190130 -0.0390986986 0.5 p-1 -11147896 207
969 263 m2 191765 -0.000176310772 0.5 p-1 -14865 17
698 264 m2 192338 0.00330834719 0.5 p-1 -1371316 211
832 266 m2 194876 -0.00501232129 0.5 p-1 -552061 44
36 267 m2 194908 -0.00180997467 0.5 p-1 -370759 228
37 270 m2 196921 0.0110641848 0.5 p-1 -1155070 488
447 271 m2 197031 0.00587451691 0.5 p-1 -1240971 467
618 272 m2 198134 0.0288796239 0.5 p-1 -331715 23
674 273 m2 198518 1.43492125e-08 0.5 p-1 -794332 323
784 275 m2 201397 0.0195448827 0.5 p-1 -746300 100
398 277 m2 202500 0.00228183274 0.5 p-1 -487254 271
300 278 m2 203283 -4.12664886e-05 0.5 p-1 -1197726 252
39 280 m2 205955 0.00231655641 0.5 p-1 -193578 61
766 281 m2 206028 -0.00367533043 0.5 p-1 -1255662 237
666 283 m2 206453 -0.000635060016 0.5 p-1 -970545 82
773 284 m2 207597 -0.000987187959 0.5 p-1 -1062981 76
354 286 m2 209762 0.0158643071 0.5 p-1 -2144991 419
722 287 m2 210683 0.000231758328 0.5 p-1 -60805 35
653 288 m2 211209 0.000703703961 0.5 p-1 -106959 87
533 291 m2 212850 -0.000107098094 0.5 p-1 -323965 77
40 293 m2 216443 -0.0169621091 0.5 p-1 -1374903 1496
1073 294 m2 216751 7.67171587e-05 0.5 p-1 -24275 14
1139 296 m2 218549 -0.000539591128 0.5 p-1 -296049 6
41 297 m2 218883 -0.000260211644 0.5 p-1 -11768541 1410
553 298 m2 218904 0.0103097865 0.5 p-1 -463485 44
534 299 m2 218973 0.00572986482 0.5 p-1 -3174 14
1117 300 m2 219072 0.0809041336 0.5 p-1 -607512 39
754 303 m2 222579 -2.01220087e-06 0.5 p-1 -271920 39
1088 304 m2 223165 5.74871315e-08 0.5 p-1 -500042 20
448 305 m2 223982 -0.0007163306 0.5 p-1 -2025361 354
356 306 m2 224165 0.0286595747 0.5 p-1 -2307784 421
619 307 m2 224283 -7.95442393e-05 0.5 p-1 -23921 18
357 309 m2 228022 -7.21993365e-06 0.5 p-1 -106542 82
212 311 m2 229809 -6.53539246e-05 0.5 p-1 -690215 195
699 312 m2 231457 0.030877471 0.5 p-1 -191643 234
1109 314 m2 231708 0.00225390308 0.5 p-1 -3536 1
535 315 m2 231806 -4.7026524e-06 0.5 p-1 -58834 83
470 316 m2 231913 -0.00132219039 0.5 p-1 -173496 148
399 317 m2 233427 -0.000696679577 0.5 p-1 -283030 211
42 319 m2 235995 -0.00258653588 0.5 p-1 -7213740 1870
634 320 m2 236052 -0.0118407253 0.5 p-1 -723519 169
301 324 m2 240368 -5.25153337e-05 0.5 p-1 -607372 147
513 326 m2 242916 -0.0169941857 0.5 p-1 -388417 97
741 327 m2 244324 -5.69354379e-05 0.5 p-1 -52561 10
1235 328 m2 244349 -0.0470377654 0.5 p-1 -390962 5
400 331 m2 247129 -0.000273560465 0.5 p-1 -2959153 66
676 332 m2 248439 -4.97643341e-05 0.5 p-1 -709036 22
514 333 m2 249685 -0.000966007763 0.5 p-1 -152929 45
833 335 m2 254454 -0.000402446341 0.5 p-1 -180174 222
729 336 m2 254935 -0.0292793121 0.5 p-1 -173698 18
43 337 m2 255835 0.00863576401 0.5 p-1 -73772 152
44 338 m2 256381 -0.000675804622 0.5 p-1 -451770 179
1050 340 m2 257061 -0.00119168742 0.5 p-1 -34418 22
213 341 m2 257966 1.19584297e-06 0.5 p-1 -766936 1267
840 342 m2 258034 0.00288775726 0.5 p-1 -100245 10
490 344 m2 264294 -0.0814325809 0.5 p-1 -958667 601
1079 347 m2 270181 -2.9345576e-05 0.5 p-1 -232034 19
46 348 m2 270485 -0.00135998253 0.5 p-1 -991935 606
1103 349 m2 272800 -0.00510779815 0.5 p-1 -222333 10
687 350 m2 273420 -0.00356661738 0.5 p-1 -308635 384
814 351 m2 275698 -0.0590451062 0.5 p-1 -713376 69
302 353 m2 277106 -0.00125284179 0.5 p-1 -5014648 1128
758 354 m2 277532 -0.00515312888 0.5 p-1 -881333 23
515 355 m2 278553 -0.00316730118 0.5 p-1 -888333 88
358 356 m2 278858 -0.0853965357 0.5 p-1 -77 8
873 357 m2 279086 -0.00585209625 0.5 p-1 -6227 30
359 358 m2 279366 0.0038958448 0.5 p-1 -987244 639
1315 359 m2 280222 -0.00215206784 0.5 p-1 -8550 2
303 361 m2 280914 0.00122458884 0.5 p-1 -299048 78
491 362 m2 281308 0.024621373 0.5 p-1 -14906 18
47 365 m2 283382 -0.0260973834 0.5 p-1 -3367916 1799
401 366 m2 283456 -0.000892624026 0.5 p-1 -164872 68
1190 367 m2 284520 -0.000212285071 0.5 p-1 -53972 1
49 369 m2 284989 0.0046892385 0.5 p-1 -6018939 1397
1186 370 m2 285279 -0.000778679503 0.5 p-1 -490 16
882 371 m2 285647 -0.000194722888 0.5 p-1 -63890 12
1187 372 m2 286158 -8.04801948e-06 0.5 p-1 -8673 16
1329 373 m2 286413 -0.00144319213 0.5 p-1 -5842 1
52 375 m2 286805 6.93304319e-05 0.5 p-1 -4649971 1552
1321 376 m2 287163 -0.000578284555 0.5 p-1 -598 3
536 377 m2 287489 0.00189455529 0.5 p-1 -1580233 239
215 378 m2 288508 0.000904683373 0.5 p-1 -104864 34
775 379 m2 288634 -0.0264082141 0.5 p-1 -228229 112
1207 382 m2 291080 0.000257668056 0.5 p-1 -141534 16
939 384 m2 291145 0.0141893448 0.5 p-1 -17478 21
1261 385 m2 291711 4.32794217e-10 0.5 p-1 -5636 8
304 386 m2 291739 -3.44219588e-05 0.5 p-1 -4014110 565
891 387 m2 292067 0.00096882385 0.5 p-1 -6905 4
216 390 m2 292875 1.97438203e-05 0.5 p-1 -1564838 419
797 391 m2 293617 0.003444253 0.5 p-1 -627580 61
742 392 m2 294521 -0.000429713633 0.5 p-1 -22481 17
1051 393 m2 294751 5.01095965e-05 0.5 p-1 -2649 13
217 395 m2 296207 -0.00122819364 0.5 p-1 -2154003 33
903 396 m2 297544 -0.0461971126 0.5 p-1 -230467 11
54 397 m2 297903 0.00983012095 0.5 p-1 -3439184 658
602 399 m2 299371 -0.0517858118 0.5 p-1 -389269 106
305 400 m2 300209 -0.00179014681 0.5 p-1 -1592168 211
646 402 m2 301019 -8.39341665e-05 0.5 p-1 -116135 7
1221 403 m2 301544 0.0405879728 0.5 p-1 -7671 8
587 404 m2 301787 -4.14815759e-06 0.5 p-1 -110815 54
776 405 m2 302395 -0.0126919439 0.5 p-1 -233224 73
688 406 m2 303323 -0.0375603549 0.5 p-1 -1869364 269
960 407 m2 303890 2.94671509e-07 0.5 p-1 -35871 7
554 408 m2 304037 -2.25711392e-05 0.5 p-1 -34968 83
1070 410 m2 306049 0.00152494968 0.5 p-1 -11754 2
743 411 m2 306623 -8.77820469e-07 0.5 p-1 -48268 18
723 412 m2 306897 7.80215196e-05 0.5 p-1 -503959 9
843 413 m2 307478 0.0219438486 0.5 p-1 -466124 20
603 414 m2 310868 -5.59364999e-08 0.5 p-1 -3756392 247
1196 415 m2 311677 -0.0469074398 0.5 p-1 -46384 5
472 416 m2 312985 0.00439583044 0.5 p-1 -4982 11
55 417 m2 313006 -4.47940838e-05 0.5 p-1 -5839351 1233
1100 418 m2 313825 -5.34804385e-05 0.5 p-1 -457 3
977 419 m2 314150 -0.00200082362 0.5 p-1 -18350 14
1318 420 m2 314722 0.000110063462 0.5 p-1 -33224 3
626 421 m2 316605 -0.000443509081 0.5 p-1 -232916 357
306 422 m2 316684 -0.00111464167 0.5 p-1 -2846472 510
689 423 m2 318070 -3.77924522e-07 0.5 p-1 -97734 67
810 424 m2 319412 0.0144982236 0.5 p-1 -45425 6
537 425 m2 319560 -0.0375574566 0.5 p-1 -1457182 252
1148 426 m2 319611 -0.010245543 0.5 p-1 -3678 7
56 429 m2 321497 0.0196101889 0.5 p-1 -895304 135
218 430 m2 321761 -0.000280156237 0.5 p-1 -101551 55
219 431 m2 322996 0.0351907983 0.5 p-1 -2139870 1027
58 432 m2 323205 0.00037052267 0.5 p-1 -6557062 1306
1029 433 m2 323819 0.000465599238 0.5 p-1 -5009 16
361 435 m2 324289 -0.0177393965 0.5 p-1 -2308719 381
834 436 m2 324521 -0.00861073937 0.5 p-1 -73563 69
473 438 m2 324677 -0.0218886584 0.5 p-1 -2355531 567
221 439 m2 325964 -0.00199347176 0.5 p-1 -994258 468
492 441 m2 327975 -0.0027200256 0.5 p-1 -464553 49
60 443 m2 328538 0.0992717147 0.5 p-1 -1172729 917
1040 444 m2 330540 0.00139353587 0.5 p-1 -43039 9
403 446 m2 331769 0.0322453231 0.5 p-1 -1678088 514
404 448 m2 332608 -0.000724249345 0.5 p-1 -445148 296
222 449 m2 332724 3.06294351e-05 0.5 p-1 -82248 57
904 452 m2 335319 0.00319136865 0.5 p-1 -3697744 8
572 453 m2 336134 -8.48301934e-05 0.5 p-1 -4345121 122
405 458 m2 340662 0.000532417092 0.5 p-1 -2518860 1314
406 459 m2 341799 -0.00564686861 0.5 p-1 -113736 180
62 460 m2 342424 9.26344228e-07 0.5 p-1 -3313116 1138
307 461 m2 343067 -0.0589215942 0.5 p-1 -80226 4
998 462 m2 343189 -0.0188857205 0.5 p-1 -96911 5
715 464 m2 345072 0.000301706459 0.5 p-1 -671520 136
63 465 m2 345216 -0.00190244103 0.5 p-1 -2501632 344
1237 468 m2 348802 -0.00691917166 0.5 p-1 -19709 13
64 469 m2 353548 -0.000511459599 0.5 p-1 -1818870 663
990 472 m2 355948 -0.00227821618 0.5 p-1 -63347 5
309 473 m2 357211 -6.27110858e-05 0.5 p-1 -2203170 796
1230 476 m2 358397 0.0008504531 0.5 p-1 -67694 4
1111 477 m2 359500 0.000350441114 0.5 p-1 -175892 14
971 480 m2 364380 0.000183806798 0.5 p-1 -55217 29
573 481 m2 364692 -0.0187360197 0.5 p-1 -2143349 40
65 482 m2 365029 -0.0115335947 0.5 p-1 -6107498 1927
910 483 m2 368295 2.10396283e-05 0.5 p-1 -336868 77
667 484 m2 369494 -0.00160778908 0.5 p-1 -25253 3
730 485 m2 369666 -0.0035476652 0.5 p-1 -260548 176
930 486 m2 369834 -0.0202362761 0.5 p-1 -425278 48
66 487 m2 371164 0.000190028921 0.5 p-1 -9744146 1560
642 488 m2 371382 -0.015385286 0.5 p-1 -122531 36
1294 489 m2 372416 0.0169000551 0.5 p-1 -142708 2
755 490 m2 372904 -0.0453384779 0.5 p-1 -233346 43
1119 491 m2 373830 -0.0175755322 0.5 p-1 -28401 8
224 492 m2 374438 1.64414614e-05 0.5 p-1 -2268375 1435
972 493 m2 375180 0.0116738891 0.5 p-1 -292826 18
815 494 m2 375908 0.0224346705 0.5 p-1 -38952 33
851 496 m2 378532 0.00231432379 0.5 p-1 -379565 55
724 497 m2 380240 1.34616648e-05 0.5 p-1 -53645 69
311 498 m2 380867 -0.00723008718 0.5 p-1 -5298518 736
474 501 m2 384882 -0.000337969948 0.5 p-1 -21606 34
1273 502 m2 385759 -0.000941856822 0.5 p-1 -1303 5
67 503 m2 386492 0.0048571662 0.5 p-1 -1001370 389
225 504 m2 387639 -0.0176237114 0.5 p-1 -1429500 648
962 506 m2 389065 0.0159844365 0.5 p-1 -19914 7
312 508 m2 389908 -8.1716953e-06 0.5 p-1 -2323766 457
1033 509 m2 391227 0.000217115725 0.5 p-1 -38980 13
588 514 m2 393088 -0.0502590239 0.5 p-1 -108081 99
538 515 m2 393642 -0.0165687669 0.5 p-1 -86432 22
68 516 m2 395075 0.00351055921 0.5 p-1 -3597274 1770
69 517 m2 395724 -0.0024946467 0.5 p-1 -5188207 1278
911 518 m2 397438 -0.000741505413 0.5 p-1 -15123 7
475 520 m2 398586 -0.00495174248 0.5 p-1 -138562 79
589 521 m2 399040 -0.0192431659 0.5 p-1 -614332 97
407 522 m2 400940 0.108964063 0.5 p-1 -1545640 444
70 523 m2 402838 -2.34584877e-06 0.5 p-1 -991824 609
991 525 m2 403734 -0.0331572667 0.5 p-1 -109717 23
948 526 m2 405920 0.000156477021 0.5 p-1 -39068 31
1060 528 m2 406895 0.0047299345 0.5 p-1 -54218 25
408 529 m2 408349 -0.00357159274 0.5 p-1 -846132 524
1172 530 m2 408431 -0.0143826064 0.5 p-1 -5321 6
72 531 m2 409024 3.56603174e-08 0.5 p-1 -3200209 178
725 532 m2 409158 -0.0610737056 0.5 p-1 -7957 2
800 534 m2 410385 0.00264342246 0.5 p-1 -758 8
973 535 m2 410628 0.0683552399 0.5 p-1 -88795 9
1267 536 m2 415181 0.0135118794 0.5 p-1 -59474 5
313 538 m2 416363 -0.00360790337 0.5 p-1 -1275483 596
885 539 m2 416731 -0.0827911869 0.5 p-1 -195305 45
493 540 m2 418957 -9.63794664e-05 0.5 p-1 -1526618 19
778 542 m2 420871 -0.00509200851 0.5 p-1 -81648 45
410 543 m2 420885 0.00523606921 0.5 p-1 -50409 32
1161 544 m2 421506 -0.0331333093 0.5 p-1 -4315 3
516 545 m2 422085 -0.00514054112 0.5 p-1 -845707 174
363 546 m2 422186 -6.14933571e-09 0.5 p-1 -2990843 293
1052 547 m2 422849 8.61953504e-06 0.5 p-1 -557 19
364 548 m2 424943 -0.000114403447 0.5 p-1 -2332006 438
73 549 m2 426245 0.00047763277 0.5 p-1 -1382479 233
74 551 m2 428859 1.07398423e-09 0.5 p-1 -1470607 1414
668 554 m2 431116 0.0124413222 0.5 p-1 -814503 46
75 555 m2 431360 0.00262056594 0.5 p-1 -125481 121
555 556 m2 432894 2.94042584e-05 0.5 p-1 -1544963 169
1001 557 m2 434828 0.00843337644 0.5 p-1 -5554 15
823 558 m2 438010 0.0125026982 0.5 p-1 -40318 6
494 559 m2 440103 0.0180219915 0.5 p-1 -2845877 40
811 560 m2 440581 -0.000858857937 0.5 p-1 -91841 77
604 561 m2 440763 -0.00422326289 0.5 p-1 -155965 63
635 562 m2 441741 0.00414891355 0.5 p-1 -1414 6
726 563 m2 444217 -2.02242404e-06 0.5 p-1 -18930 23
886 564 m2 445040 0.00321879238 0.5 p-1 -241599 64
365 566 m2 447103 0.00650264276 0.5 p-1 -714045 83
1157 567 m2 447325 0.00959949289 0.5 p-1 -12615 5
999 568 m2 447742 0.000223938725 0.5 p-1 -258062 10
925 569 m2 448365 0.000737047405 0.5 p-1 -6261 38
556 570 m2 449059 -0.000883235305 0.5 p-1 -212915 31
227 571 m2 449136 -5.18944171e-06 0.5 p-1 -5203212 1187
77 573 m2 450420 0.0399770178 0.5 p-1 -257991 74
1145 574 m2 451438 1.14891927e-05 0.5 p-1 -27118 1
605 575 m2 452750 -0.0030886298 0.5 p-1 -63909 93
1008 576 m2 453099 -0.0329112709 0.5 p-1 -31304 12
78 578 m2 454579 6.20306091e-05 0.5 p-1 -559111 327
412 579 m2 454996 -0.0743474364 0.5 p-1 -161118 160
228 580 m2 455095 0.000201082381 0.5 p-1 -1410485 1354
936 581 m2 455326 4.93703681e-07 0.5 p-1 -177493 9
974 582 m2 455867 0.0126111796 0.5 p-1 -101082 12
518 583 m2 456453 -0.00534591824 0.5 p-1 -242520 102
1041 584 m2 457157 -0.0417151041 0.5 p-1 -323489 5
229 585 m2 457235 2.77555569e-06 0.5 p-1 -1293982 934
964 586 m2 457990 0.00129856053 0.5 p-1 -97520 14
1218 587 m2 458428 5.63210108e-07 0.5 p-1 -45915 4
1053 588 m2 458641 0.0056816726 0.5 p-1 -346112 51
636 589 m2 459451 -0.00610129256 0.5 p-1 -80139 33
557 590 m2 460170 0.00683247345 0.5 p-1 -176003 54
940 592 m2 461364 0.00224395865 0.5 p-1 -11042 36
875 593 m2 461546 -0.025301978 0.5 p-1 -200715 12
558 594 m2 463417 0.0473065376 0.5 p-1 -95892 33
690 595 m2 464018 0.000412827474 0.5 p-1 -357921 99
230 597 m2 464679 0.000250232057 0.5 p-1 -188498 123
80 600 m2 465472 9.09358641e-05 0.5 p-1 -8127530 1270
637 602 m2 466895 7.80545888e-05 0.5 p-1 -6269 6
870 603 m2 467123 0.0087284008 0.5 p-1 -311132 3
628 604 m2 467999 0.0126710497 0.5 p-1 -325474 93
807 605 m2 468845 -0.00457599107 0.5 p-1 -424487 22
1015 606 m2 470365 -0.0450607277 0.5 p-1 -4403 3
81 607 m2 471428 0.0258881152 0.5 p-1 -6572758 1697
655 609 m2 472864 0.000162357232 0.5 p-1 -24866 12
82 611 m2 474669 -0.00394110987 0.5 p-1 -3736754 1712
590 612 m2 475506 -0.000537033193 0.5 p-1 -32843 20
716 613 m2 475888 -2.34669533e-05 0.5 p-1 -128490 60
717 614 m2 475962 -0.000122317375 0.5 p-1 -133915 60
84 615 m2 477915 -0.000806223135 0.5 p-1 -3103642 492
1276 616 m2 478108 -0.0298468862 0.5 p-1 -377496 4
965 617 m2 479466 -0.00237339758 0.5 p-1 -176447 37
629 618 m2 479961 0.0094481213 0.5 p-1 -62178 82
816 619 m2 480125 0.0823927373 0.5 p-1 -4611031 53
656 620 m2 481089 2.97717702e-06 0.5 p-1 -1150327 104
824 623 m2 485034 -0.00467510149 0.5 p-1 -250645 80
366 625 m2 486318 0.000414770562 0.5 p-1 -1905105 671
87 626 m2 486366 0.00917593297 0.5 p-1 -13026381 1305
1222 627 m2 486405 0.00219120015 0.5 p-1 -6491909 4
1128 628 m2 486462 -0.00758627476 0.5 p-1 -187805 10
1123 630 m2 488072 -0.00180948421 0.5 p-1 -10590 3
414 631 m2 489204 0.000309268944 0.5 p-1 -7721327 277
495 632 m2 489442 4.43680932e-08 0.5 p-1 -596921 249
1244 633 m2 489920 0.00150878797 0.5 p-1 -18391 5
1181 634 m2 489984 0.00411919598 0.5 p-1 -88992 6
232 636 m2 493146 -8.05026048e-06 0.5 p-1 -284604 175
1012 637 m2 495060 0.0154757025 0.5 p-1 -93276 6
89 638 m2 495503 0.0015084449 0.5 p-1 -4124510 944
1048 639 m2 495644 -0.00428179279 0.5 p-1 -6184 11
1126 641 m2 496557 0.00157755625 0.5 p-1 -75690 6
1035 642 m2 496808 -1.48092058e-05 0.5 p-1 -73025 35
91 644 m2 498653 -0.000692087517 0.5 p-1 -1203680 145
93 645 m2 501818 -0.00670657773 0.5 p-1 -5461643 1956
94 647 m2 503162 0.00531777646 0.5 p-1 -3050489 1523
233 649 m2 506760 0.0018092352 0.5 p-1 -5553606 1548
1210 650 m2 509403 -0.00188770867 0.5 p-1 -2071 1
316 651 m2 509613 -0.000255374849 0.5 p-1 -878575 334
966 652 m2 510366 9.38390731e-05 0.5 p-1 -18123 12
95 653 m2 511313 -4.12831323e-05 0.5 p-1 -1048037 137
1224 655 m2 511833 -0.00581792789 0.5 p-1 -114 3
96 656 m2 512453 1.20388427e-06 0.5 p-1 -1529788 1844
919 657 m2 512497 6.37469711e-05 0.5 p-1 -9610 8
575 659 m2 513728 0.000693877344 0.5 p-1 -53203 11
97 660 m2 513899 -9.68329186e-05 0.5 p-1 -3875605 936
98 661 m2 514209 -0.00210943166 0.5 p-1 -9357737 511
700 664 m2 515962 -3.16041223e-05 0.5 p-1 -224470 178
1170 666 m2 517210 0.00184885005 0.5 p-1 -3252 7
100 668 m2 519262 -0.00698560989 0.5 p-1 -2704190 1880
451 669 m2 519879 -0.000244799274 0.5 p-1 -1239406 234
710 670 m2 520566 1.06030739e-05 0.5 p-1 -570870 121
711 671 m2 521006 -0.000187305792 0.5 p-1 -652481 86
1348 672 m2 521630 -1.5203178e-05 0.5 p-1 -13796 1
606 673 m2 522483 -0.00155892514 0.5 p-1 -3494325 265
1112 674 m2 522932 -0.00222695572 0.5 p-1 -47899 7
1127 675 m2 524565 0.00413628854 0.5 p-1 -17421 6
701 676 m2 525960 -0.000613425218 0.5 p-1 -3817 4
1311 677 m2 530279 0.000440481555 0.5 p-1 -3685 3
101 678 m2 530519 -0.000149360305 0.5 p-1 -1990849 613
607 680 m2 531735 -8.52991798e-05 0.5 p-1 -159643 62
540 681 m2 532606 -5.43889e-05 0.5 p-1 -1449205 824
317 682 m2 533059 -3.07088339e-06 0.5 p-1 -17304202 1304
452 684 m2 534763 -0.000351063238 0.5 p-1 -380547 112
235 685 m2 535471 -1.03516886e-05 0.5 p-1 -26060 24
453 686 m2 536249 0.0318637304 0.5 p-1 -803194 1038
852 687 m2 536308 -0.000223454088 0.5 p-1 -42007 17
103 688 m2 537427 0.00329734688 0.5 p-1 -2086398 619
1200 689 m2 537663 0.0370495394 0.5 p-1 -89970 8
591 690 m2 537853 0.00229214132 0.5 p-1 -359253 213
415 691 m2 538001 0.0410322361 0.5 p-1 -1040203 479
236 692 m2 538201 -6.11293581e-05 0.5 p-1 -2117668 824
1322 693 m2 540204 7.41247675e-07 0.5 p-1 -20488 4
916 694 m2 540381 -0.0926539972 0.5 p-1 -114856 11
1007 695 m2 542547 -0.0584380925 0.5 p-1 -75387 7
1176 696 m2 543179 0.0935388803 0.5 p-1 -25992 8
237 697 m2 544570 1.87845885e-07 0.5 p-1 -3457762 827
791 698 m2 545038 -0.000200402166 0.5 p-1 -594957 3
592 700 m2 546587 -2.99070307e-05 0.5 p-1 -90740 98
1202 702 m2 547936 -0.101740688 0.5 p-1 -8199 4
632 703 m2 547995 6.60955902e-06 0.5 p-1 -991276 280
1097 704 m2 550171 -0.00422319537 0.5 p-1 -205012 33
1323 706 m2 551688 0.000909701106 0.5 p-1 -133885 3
416 707 m2 551848 -3.19091896e-07 0.5 p-1 -781757 146
541 709 m2 554659 -0.00182391319 0.5 p-1 -7673 17
836 710 m2 554772 3.98693082e-05 0.5 p-1 -21246 17
1177 711 m2 557075 -6.90648562e-07 0.5 p-1 -2584 13
691 713 m2 558331 -0.128776401 0.5 p-1 -776231 36
498 714 m2 560834 0.0229720473 0.5 p-1 -573261 392
1216 715 m2 561957 0.0143380221 0.5 p-1 -839 5
648 716 m2 562307 -0.0105266245 0.5 p-1 -51435 52
984 717 m2 563937 0.000810917933 0.5 p-1 -156411 16
692 718 m2 564123 0.0776052475 0.5 p-1 -4859 13
985 721 m2 567659 0.0226484407 0.5 p-1 -191326 28
454 722 m2 568667 0.0357670002 0.5 p-1 -608961 277
1258 723 m2 571071 0.00728781288 0.5 p-1 -10536 3
238 724 m2 571787 6.42525702e-05 0.5 p-1 -9537898 1491
746 725 m2 571953 -2.00027116e-05 0.5 p-1 -18662 11
559 729 m2 574524 -0.00380828558 0.5 p-1 -607400 21
868 731 m2 575091 -0.00337304315 0.5 p-1 -143968 18
731 732 m2 575609 -0.00346004125 0.5 p-1 -488411 33
319 733 m2 576000 -0.000888605253 0.5 p-1 -383613 151
520 734 m2 576241 -4.70285067e-06 0.5 p-1 -950611 112
677 735 m2 576274 0.00111406844 0.5 p-1 -252384 48
1037 736 m2 576311 8.96646782e-07 0.5 p-1 -168154 77
767 737 m2 576483 0.000780209142 0.5 p-1 -39723 31
476 738 m2 577991 -0.000825614901 0.5 p-1 -1695288 514
808 739 m2 578082 4.34640533e-05 0.5 p-1 -214600 28
608 740 m2 578703 -0.00274254731 0.5 p-1 -112488 16
747 743 m2 580752 -0.00373080745 0.5 p-1 -219168 19
240 744 m2 580925 -0.0207781233 0.5 p-1 -3982326 599
107 746 m2 581686 0.00016569093 0.5 p-1 -5927003 1778
593 747 m2 583995 0.00504828896 0.5 p-1 -2243930 335
455 748 m2 584545 -0.000733739755 0.5 p-1 -103863 118
883 750 m2 585903 0.00309911743 0.5 p-1 -47951 13
802 751 m2 586079 0.0112728719 0.5 p-1 -56812 40
1156 752 m2 587227 0.00921972562 0.5 p-1 -55986 6
874 753 m2 588159 -0.0153881218 0.5 p-1 -103819 34
241 754 m2 589083 0.0223097652 0.5 p-1 -1222143 506
242 756 m2 589576 0.000133959998 0.5 p-1 -506730 52
759 758 m2 590870 0.000746118953 0.5 p-1 -3437978 64
108 759 m2 591009 0.00024982242 0.5 p-1 -3097061 1712
1002 761 m2 591708 -0.000475436711 0.5 p-1 -56586 13
649 762 m2 591735 -0.0221195184 0.5 p-1 -4999649 222
109 763 m2 591745 -0.0102359653 0.5 p-1 -3326319 1176
1030 765 m2 592192 -0.0175214019 0.5 p-1 -33642 4
1003 766 m2 592623 0.00955653191 0.5 p-1 -205055 13
320 769 m2 594862 -0.000662552775 0.5 p-1 -37595 14
577 770 m2 596049 -0.00357101555 0.5 p-1 -562486 67
369 771 m2 597169 0.00320547819 0.5 p-1 -1991717 1205
1326 772 m2 597342 0.00309617072 0.5 p-1 -2088 1
521 773 m2 599696 -0.00145009276 0.5 p-1 -89899 82
560 774 m2 600936 0.00537175452 0.5 p-1 -965085 490
111 775 m2 602143 0.000276935432 0.5 p-1 -3087083 1523
858 777 m2 603833 0.0168083496 0.5 p-1 -4658 15
112 778 m2 603873 -0.0134885181 0.5 p-1 -3012162 1906
456 780 m2 604817 -0.0508853756 0.5 p-1 -7402029 1275
798 781 m2 605886 -0.000458279479 0.5 p-1 -197862 31
828 782 m2 606886 -0.0311895628 0.5 p-1 -475730 7
579 783 m2 608111 1.32579862e-06 0.5 p-1 -96776 37
841 784 m2 610764 0.00164667354 0.5 p-1 -86265 56
113 785 m2 610987 -0.000608222384 0.5 p-1 -6577342 1748
727 787 m2 613145 0.000735281385 0.5 p-1 -158817 71
243 788 m2 613173 0.00262549846 0.5 p-1 -4213962 1297
1286 789 m2 613413 0.000575511483 0.5 p-1 -812813 2
899 791 m2 614596 0.02351919 0.5 p-1 -40110 6
244 792 m2 615559 0.00128145388 0.5 p-1 -201848 164
1016 793 m2 616195 -0.00595604721 0.5 p-1 -65384 22
768 794 m2 616606 0.0208793897 0.5 p-1 -101318 29
371 796 m2 620414 2.40605768e-05 0.5 p-1 -2283617 526
114 798 m2 622113 0.000169687148 0.5 p-1 -1660404 268
115 800 m2 624051 -0.000407586864 0.5 p-1 -2812470 316
609 801 m2 625332 0.00108080159 0.5 p-1 -1896369 84
650 802 m2 628058 -0.00436043087 0.5 p-1 -346736 97
1231 803 m2 630817 0.0034956655 0.5 p-1 -333156 14
779 805 m2 631367 5.26060139e-05 0.5 p-1 -263727 36
638 807 m2 632774 3.54202393e-06 0.5 p-1 -122606 91
769 808 m2 633731 0.00601348281 0.5 p-1 -5241 3
419 809 m2 634569 0.000475261186 0.5 p-1 -997164 62
953 810 m2 634573 0.0321894139 0.5 p-1 -90093 47
941 811 m2 635819 0.0347654 0.5 p-1 -75065 39
718 813 m2 638712 -0.00988137722 0.5 p-1 -253460 17
116 814 m2 638929 -0.000544203329 0.5 p-1 -4593400 1896
1131 815 m2 639814 -0.00494185882 0.5 p-1 -5097 3
1144 816 m2 640513 -1.43200159e-05 0.5 p-1 -118193 3
1211 817 m2 641087 -0.00129393593 0.5 p-1 -94977 6
748 819 m2 642305 -8.82828826e-05 0.5 p-1 -36557 64
479 820 m2 642497 -0.00172441441 0.5 p-1 -962371 199
321 821 m2 643626 -0.00250297645 0.5 p-1 -1521209 628
117 822 m2 644413 -0.00860616378 0.5 p-1 -2127466 1223
926 823 m2 645194 0.00106155965 0.5 p-1 -55083 59
1067 825 m2 647030 -0.0014214816 0.5 p-1 -289700 3
825 826 m2 647303 0.00143316831 0.5 p-1 -49934 19
118 828 m2 648119 0.000593579083 0.5 p-1 -1835779 316
119 831 m2 649715 -0.0262091849 0.5 p-1 -1145048 371
322 832 m2 649964 -6.68659704e-05 0.5 p-1 -1621350 89
120 833 m2 651091 -1.66725511e-06 0.5 p-1 -29144 35
121 835 m2 653573 -1.11702988e-07 0.5 p-1 -3877299 1786
610 836 m2 654154 -0.0045092213 0.5 p-1 -924879 60
770 838 m2 655718 -3.35166206e-08 0.5 p-1 -1153600 86
594 842 m2 656839 0.000277738087 0.5 p-1 -70543 8
679 843 m2 657468 0.0056398185 0.5 p-1 -41061 1
420 844 m2 658261 -0.00393556012 0.5 p-1 -753833 575
122 845 m2 658812 -0.000157684495 0.5 p-1 -490856 621
421 846 m2 659048 0.0159526579 0.5 p-1 -4172969 797
246 848 m2 659459 -0.000116807663 0.5 p-1 -2329506 147
457 849 m2 659976 0.0266593713 0.5 p-1 -504265 423
749 851 m2 660529 -0.000285549235 0.5 p-1 -724434 46
951 852 m2 661402 -0.0147918826 0.5 p-1 -166567 30
123 853 m2 661694 -0.0499100201 0.5 p-1 -2221750 1729
621 854 m2 662040 -9.7204982e-05 0.5 p-1 -426427 368
458 855 m2 662113 -0.162196457 0.5 p-1 -1954619 319
459 856 m2 662204 0.00723164016 0.5 p-1 -3030645 318
125 858 m2 665097 0.0976517722 0.5 p-1 -4232200 452
1332 859 m2 665667 -0.00651350152 0.5 p-1 -4701 1
762 860 m2 666777 -0.0121470261 0.5 p-1 -146169 69
826 862 m2 667964 0.0234092586 0.5 p-1 -246556 52
887 863 m2 669430 3.05578185e-09 0.5 p-1 -782227 36
1026 864 m2 669681 0.00200537988 0.5 p-1 -102166 13
422 865 m2 670148 -0.0149347084 0.5 p-1 -11849 9
248 866 m2 671822 9.81309713e-05 0.5 p-1 -43890 28
1203 867 m2 672164 -0.00721173687 0.5 p-1 -2342 5
126 868 m2 672242 0.00544784637 0.5 p-1 -4185207 653
611 870 m2 674094 0.00195136655 0.5 p-1 -1290621 419
128 871 m2 675035 -0.0649211928 0.5 p-1 -245834 407
372 872 m2 675540 0.0317465216 0.5 p-1 -2553175 219
612 873 m2 676187 -2.20780521e-06 0.5 p-1 -522673 132
844 875 m2 679103 -2.07583671e-05 0.5 p-1 -19883 2
500 877 m2 680384 0.00323390728 0.5 p-1 -10548535 319
639 878 m2 680589 -0.00031127251 0.5 p-1 -2729716 117
817 879 m2 680982 -0.00834227633 0.5 p-1 -681076 172
907 881 m2 682893 -0.0229066219 0.5 p-1 -59794 27
250 882 m2 683059 -0.0329268947 0.5 p-1 -63399 45
1134 883 m2 683201 0.0255129412 0.5 p-1 -41149 10
132 884 m2 683377 0.000528733886 0.5 p-1 -2550429 257
651 886 m2 684116 1.05659701e-05 0.5 p-1 -317995 43
917 887 m2 685482 -0.0115539031 0.5 p-1 -69540 29
803 889 m2 687403 0.0101605197 0.5 p-1 -1724262 31
888 890 m2 687470 0.00269475766 0.5 p-1 -115120 95
1268 891 m2 688201 0.00491159549 0.5 p-1 -42276 3
251 893 m2 689803 0.0185355153 0.5 p-1 -2460970 1077
694 894 m2 690809 0.00643346971 0.5 p-1 -305294 127
252 896 m2 691554 -0.0385963209 0.5 p-1 -4437042 1296
373 898 m2 694810 0.00165023387 0.5 p-1 -79953 162
1061 899 m2 696188 -0.000702873745 0.5 p-1 -82030 16
1188 900 m2 696980 9.08758739e-05 0.5 p-1 -24545 1
1121 901 m2 698424 -0.019599231 0.5 p-1 -177590 19
133 902 m2 698581 0.00500937831 0.5 p-1 -915618 615
253 903 m2 699185 -0.0317074843 0.5 p-1 -4516165 725
900 904 m2 699943 -0.011317621 0.5 p-1 -93898 118
595 905 m2 701905 -3.68445799e-05 0.5 p-1 -302778 63
254 906 m2 703810 -0.0241755303 0.5 p-1 -1449340 764
424 908 m2 707133 0.0231919829 0.5 p-1 -3226272 257
374 909 m2 707550 0.00052430277 0.5 p-1 -315074 250
460 910 m2 709970 -4.28171325e-06 0.5 p-1 -2819467 763
134 911 m2 710523 -5.42060661e-06 0.5 p-1 -1243145 659
1068 914 m2 711066 0.00768746715 0.5 p-1 -118362 26
375 916 m2 711875 -0.0123382993 0.5 p-1 -5005178 56
1136 919 m2 712887 -0.000199665068 0.5 p-1 -43195 4
657 920 m2 714390 -0.00322442921 0.5 p-1 -203064 78
523 921 m2 714715 -0.00133719551 0.5 p-1 -1080845 505
855 923 m2 715903 -4.6292148e-06 0.5 p-1 -51733 7
1129 924 m2 716225 -0.0346661396 0.5 p-1 -13673 2
640 925 m2 716500 1.43671315e-07 0.5 p-1 -5377 4
734 926 m2 716678 0.00900267251 0.5 p-1 -254391 149
1265 929 m2 718172 -2.80325112e-05 0.5 p-1 -3981 1
323 930 m2 718246 0.000251956837 0.5 p-1 -996954 847
376 931 m2 719133 0.000621817482 0.5 p-1 -6311721 218
1223 932 m2 721175 0.000108000859 0.5 p-1 -4711 6
1312 934 m2 722683 0.0102126515 0.5 p-1 -8194 4
671 935 m2 724340 -0.000709174958 0.5 p-1 -24733 44
255 936 m2 725020 0.0204628203 0.5 p-1 -5723291 1070
324 937 m2 725203 3.91404283e-05 0.5 p-1 -987170 281
544 939 m2 728203 -0.00679054484 0.5 p-1 -480300 587
932 940 m2 731895 -0.00827334821 0.5 p-1 -136503 30
1099 941 m2 732010 0.00125456066 0.5 p-1 -758 7
774 942 m2 732058 0.00112572545 0.5 p-1 -149540 76
256 943 m2 732108 0.0491390638 0.5 p-1 -264927 148
257 944 m2 732312 0.0089096548 0.5 p-1 -3510632 400
135 945 m2 732651 1.24769995e-05 0.5 p-1 -274485 169
136 946 m2 734582 5.76899424e-07 0.5 p-1 -3235979 1554
377 947 m2 734672 -0.0005077924 0.5 p-1 -229373 82
258 948 m2 735298 0.00474061398 0.5 p-1 -1709955 728
137 949 m2 736509 -5.92657102e-07 0.5 p-1 -11621476 923
259 950 m2 736719 -5.95661959e-06 0.5 p-1 -9554908 1271
1283 951 m2 736964 0.00094582286 0.5 p-1 -5356 3
426 952 m2 737491 8.69511439e-07 0.5 p-1 -342884 271
138 953 m2 737819 -8.97011705e-05 0.5 p-1 -8690350 1590
1021 954 m2 738194 -0.000840922177 0.5 p-1 -23404 6
1325 955 m2 738439 -0.0104744146 0.5 p-1 -4592 1
501 956 m2 739485 0.0635418966 0.5 p-1 -3257223 626
672 957 m2 739523 5.09103302e-06 0.5 p-1 -1313058 269
1338 958 m2 739533 7.24950951e-06 0.5 p-1 -3545 1
1043 959 m2 741940 -0.00264887279 0.5 p-1 -4557 2
1159 961 m2 743777 -0.0117943455 0.5 p-1 -21603 15
1080 962 m2 744593 0.00110097229 0.5 p-1 -17572 5
680 963 m2 747404 0.00337550417 0.5 p-1 -130713 18
1141 964 m2 747467 2.0460314e-07 0.5 p-1 -36267 10
942 965 m2 750715 0.0195013732 0.5 p-1 -126576 39
1285 966 m2 751230 0.000137857016 0.5 p-1 -6320 1
1022 967 m2 751364 -0.00585152255 0.5 p-1 -6894 2
943 968 m2 754190 0.0143644745 0.5 p-1 -33749 29
140 969 m2 754346 -4.52828908e-06 0.5 p-1 -3302584 1937
905 971 m2 755657 -0.0670349449 0.5 p-1 -5045 3
988 972 m2 755824 -0.0118412254 0.5 p-1 -5596 10
1306 973 m2 756434 0.00130658527 0.5 p-1 -8879 1
378 974 m2 756480 -0.00610067742 0.5 p-1 -120549 95
141 975 m2 758193 0.0154623101 0.5 p-1 -3806202 1033
641 976 m2 760080 0.0140121393 0.5 p-1 -1361277 300
263 977 m2 760881 0.0309521593 0.5 p-1 -1726508 1115
264 978 m2 761188 -0.000572265359 0.5 p-1 -2997967 1567
265 980 m2 762052 -0.00709525961 0.5 p-1 -2023732 1133
427 983 m2 763404 0.00558697991 0.5 p-1 -65685 65
326 984 m2 763875 0.0171284247 0.5 p-1 -1885390 1172
142 985 m2 764576 0.00115219306 0.5 p-1 -46132 7
266 986 m2 765934 -0.0253129359 0.5 p-1 -100180 80
1309 988 m2 767600 -0.0455817729 0.5 p-1 -4980 1
785 989 m2 767980 0.0172375161 0.5 p-1 -15908 13
1160 990 m2 769623 -0.00196578959 0.5 p-1 -61703 7
1238 991 m2 770144 0.0067633288 0.5 p-1 -2546 7
327 992 m2 770434 -0.0224152822 0.5 p-1 -961936 285
524 993 m2 771519 -4.87099078e-06 0.5 p-1 -2404271 110
1347 994 m2 772170 -8.63328023e-05 0.5 p-1 -10172 1
735 995 m2 774662 -3.37967176e-05 0.5 p-1 -431987 69
546 996 m2 776756 0.00597618287 0.5 p-1 -358911 155
461 997 m2 777112 -0.0167502183 0.5 p-1 -2323634 198
381 998 m2 778449 -0.00036156291 0.5 p-1 -9509018 881
143 999 m2 779319 -0.000138731601 0.5 p-1 -9605450 1586
995 1000 m2 779518 0.0190106463 0.5 p-1 -3193 4
1209 1001 m2 779827 -0.000411996647 0.5 p-1 -19308 4
681 1004 m2 783874 -0.0250117984 0.5 p-1 -925652 161
1262 1005 m2 784948 0.000770957558 0.5 p-1 -942017 2
1342 1006 m2 786325 0.00134387019 0.5 p-1 -7167 1
144 1008 m2 787863 -0.00213962886 0.5 p-1 -973787 383
428 1012 m2 792638 -7.47577578e-05 0.5 p-1 -1989863 880
429 1013 m2 794295 -0.0131567568 0.5 p-1 -1090453 312
856 1014 m2 795144 5.42221496e-05 0.5 p-1 -54992 23
268 1015 m2 795784 2.03644817e-07 0.5 p-1 -362096 304
1143 1016 m2 797242 0.000466572033 0.5 p-1 -24637 17
792 1017 m2 798580 -6.17994301e-05 0.5 p-1 -712033 21
793 1018 m2 798870 0.0359503627 0.5 p-1 -90186 8
145 1019 m2 799645 0.00175193755 0.5 p-1 -10320709 1728
1069 1020 m2 800010 -0.00740601216 0.5 p-1 -424352 16
1045 1021 m2 800105 0.0453331918 0.5 p-1 -13969 8
1054 1022 m2 800161 -0.000822193339 0.5 p-1 -138659 13
1316 1025 m2 801798 -0.00495810201 0.5 p-1 -2878 2
1180 1026 m2 802653 -0.000944832223 0.5 p-1 -2826 4
1175 1027 m2 805061 0.0697274655 0.5 p-1 -4107 13
1204 1028 m2 805694 -0.00465891883 0.5 p-1 -20394 13
329 1029 m2 807139 -0.00412816834 0.5 p-1 -281090 371
462 1030 m2 807591 -1.73254033e-09 0.5 p-1 -647966 96
503 1031 m2 809220 -0.0141110187 0.5 p-1 -1337318 148
1055 1032 m2 809964 -2.43856425e-06 0.5 p-1 -80583 8
430 1033 m2 810235 0.0178184398 0.5 p-1 -1569288 384
146 1034 m2 811181 -0.000103706312 0.5 p-1 -4186237 1847
1167 1035 m2 811241 0.00610716594 0.5 p-1 -20793 12
525 1036 m2 811251 0.0104874456 0.5 p-1 -316014 113
269 1038 m2 814591 -8.45050963e-05 0.5 p-1 -179614 139
896 1039 m2 817060 0.00670530787 0.5 p-1 -16985 23
147 1040 m2 818618 0.00416653138 0.5 p-1 -2423466 448
1217 1041 m2 818985 0.0411936603 0.5 p-1 -188666 11
1010 1042 m2 820302 0.00167254778 0.5 p-1 -24465 4
330 1043 m2 821635 -8.85072677e-06 0.5 p-1 -1977885 535
750 1044 m2 822345 -0.055969663 0.5 p-1 -178056 8
148 1045 m2 822873 0.0123448409 0.5 p-1 -282462 405
504 1046 m2 823471 -0.00827601459 0.5 p-1 -714520 296
1305 1047 m2 824438 -1.6241409e-05 0.5 p-1 -5031 1
382 1048 m2 826211 0.000520722417 0.5 p-1 -99729 49
505 1049 m2 827656 -0.00195930526 0.5 p-1 -56928 52
583 1051 m2 827987 -0.00825140718 0.5 p-1 -163023 121
150 1052 m2 829328 3.69541922e-05 0.5 p-1 -4945456 1646
383 1054 m2 833481 0.000527505937 0.5 p-1 -1617470 373
506 1055 m2 833570 0.00145733159 0.5 p-1 -62047 41
151 1057 m2 835397 -0.00427524047 0.5 p-1 -873797 210
1301 1058 m2 836005 0.000392618356 0.5 p-1 -36020 2
152 1059 m2 837480 0.0637241676 0.5 p-1 -212592 250
270 1060 m2 837774 -0.00263754488 0.5 p-1 -8099942 1760
271 1063 m2 841591 2.5526424e-06 0.5 p-1 -1678873 541
1024 1064 m2 841688 -3.26921108e-05 0.5 p-1 -121985 14
526 1066 m2 844027 -9.87622855e-08 0.5 p-1 -51911 28
979 1067 m2 844314 -1.27030844e-05 0.5 p-1 -637902 66
154 1069 m2 845561 -0.102100745 0.5 p-1 -2686257 1391
507 1072 m2 847603 -0.0189470351 0.5 p-1 -436796 60
992 1073 m2 848855 -0.0058978009 0.5 p-1 -96015 5
562 1074 m2 849544 -0.00451793615 0.5 p-1 -114316 44
845 1076 m2 852772 -0.121465757 0.5 p-1 -65505 52
818 1077 m2 853235 3.8376573e-08 0.5 p-1 -445205 63
1179 1079 m2 854301 -0.00261583226 0.5 p-1 -982 13
1090 1080 m2 855257 0.00929060299 0.5 p-1 -3658 8
156 1082 m2 856115 4.68232003e-07 0.5 p-1 -1621873 744
563 1083 m2 856127 -0.00747034932 0.5 p-1 -126207 28
660 1084 m2 856411 -0.000464132288 0.5 p-1 -371072 24
1239 1085 m2 856522 0.00309252203 0.5 p-1 -6474 3
481 1087 m2 857494 -0.00115971582 0.5 p-1 -1251649 424
728 1088 m2 857589 0.000495967339 0.5 p-1 -137588 73
273 1089 m2 857847 -0.0154434284 0.5 p-1 -551099 625
158 1090 m2 858554 0.000373192219 0.5 p-1 -1417270 662
914 1091 m2 858885 0.0136537142 0.5 p-1 -13517 15
333 1092 m2 859051 0.000152808876 0.5 p-1 -343947 46
819 1093 m2 860867 0.00260030222 0.5 p-1 -222349 76
1213 1094 m2 862118 -0.0109983562 0.5 p-1 -111166 21
902 1097 m2 864772 -0.00483511481 0.5 p-1 -8279 14
794 1099 m2 865032 -0.0070090862 0.5 p-1 -109373 26
682 1100 m2 865187 -0.0125019047 0.5 p-1 -259611 99
613 1103 m2 865697 -0.0439956151 0.5 p-1 -110587 29
982 1104 m2 866864 0.0134511935 0.5 p-1 -292978 9
683 1105 m2 867043 -0.000936365628 0.5 p-1 -601636 37
159 1106 m2 867502 -0.0187877044 0.5 p-1 -8797706 1216
1137 1107 m2 868010 -0.00583785679 0.5 p-1 -13682 3
829 1108 m2 868608 0.000711206638 0.5 p-1 -1092337 45
1101 1109 m2 868766 -0.0234254301 0.5 p-1 -2863 6
763 1111 m2 870703 -2.9320001e-05 0.5 p-1 -416991 199
1193 1112 m2 870895 4.16394723e-05 0.5 p-1 -1968 1
384 1114 m2 871731 -0.000556324318 0.5 p-1 -1807959 209
760 1115 m2 872420 -0.000129049848 0.5 p-1 -1034591 131
1185 1116 m2 875036 -4.75255802e-05 0.5 p-1 -704 2
161 1119 m2 877983 0.00289431075 0.5 p-1 -4594054 1384
1227 1121 m2 880732 -0.00620378042 0.5 p-1 -479090 7
1319 1122 m2 881181 -0.0238717478 0.5 p-1 -180611 2
275 1123 m2 882101 -0.0414994135 0.5 p-1 -4604253 1681
736 1124 m2 883794 0.00213251379 0.5 p-1 -601903 175
483 1129 m2 884847 -4.02058106e-07 0.5 p-1 -532691 26
276 1131 m2 885672 0.00131410151 0.5 p-1 -5805177 1679
772 1132 m2 885676 -0.00384839927 0.5 p-1 -496100 49
879 1133 m2 886393 0.0102555696 0.5 p-1 -14205 7
163 1134 m2 888364 0.00778874615 0.5 p-1 -292373 413
1242 1135 m2 888704 0.00158020551 0.5 p-1 -124379 5
164 1136 m2 889565 -0.00526838098 0.5 p-1 -3127027 534
165 1137 m2 889593 -0.000535117404 0.5 p-1 -5403880 534
1154 1138 m2 890523 -0.0016083325 0.5 p-1 -1698 5
1310 1139 m2 891369 -0.000745098921 0.5 p-1 -3768 1
1257 1140 m2 893188 0.013964911 0.5 p-1 -10780 3
385 1142 m2 894079 0.000281583256 0.5 p-1 -242945 137
751 1145 m2 894899 0.00212906464 0.5 p-1 -205736 4
336 1147 m2 895573 -0.0511359759 0.5 p-1 -5223113 502
386 1149 m2 896952 -0.0148534058 0.5 p-1 -11369762 791
799 1150 m2 897743 0.118245885 0.5 p-1 -30935 28
166 1152 m2 898144 -0.00234867167 0.5 p-1 -1107415 1343
434 1153 m2 899308 -0.0213941298 0.5 p-1 -3946738 424
719 1154 m2 899656 0.0190353505 0.5 p-1 -647136 60
167 1156 m2 900412 -0.000113118469 0.5 p-1 -5001949 1703
170 1160 m2 903878 0.00203586277 0.5 p-1 -1162686 110
662 1162 m2 904343 0.0287842862 0.5 p-1 -27508 13
508 1163 m2 904660 0.000200551498 0.5 p-1 -1279125 129
484 1164 m2 904793 -9.044326e-05 0.5 p-1 -407397 81
171 1165 m2 905516 -0.0272303838 0.5 p-1 -985174 765
485 1167 m2 906873 0.00429267669 0.5 p-1 -2271890 258
172 1168 m2 906990 -0.000834660546 0.5 p-1 -5551655 1982
1281 1169 m2 907571 0.0717122182 0.5 p-1 -1538 1
487 1170 m2 907759 0.008054398 0.5 p-1 -2497600 119
174 1171 m2 912265 -0.00236042589 0.5 p-1 -3355476 916
388 1172 m2 915182 -0.0004506681 0.5 p-1 -2656371 250
958 1173 m2 916662 0.00278193364 0.5 p-1 -324 9
906 1174 m2 920465 1.30058459e-06 0.5 p-1 -56523 9
177 1175 m2 920678 0.0040527815 0.5 p-1 -10204892 1741
1065 1177 m2 922324 0.00109576131 0.5 p-1 -4774 3
933 1179 m2 922666 -0.00473539578 0.5 p-1 -54509 22
897 1180 m2 923665 0.0032039776 0.5 p-1 -61180 152
488 1181 m2 926929 0.00271735899 0.5 p-1 -15836 11
1135 1182 m2 927091 1.22682532e-05 0.5 p-1 -17145 7
673 1184 m2 927540 -0.00263521471 0.5 p-1 -822699 159
703 1185 m2 927564 4.00023282e-07 0.5 p-1 -25733 9
980 1186 m2 928608 0.000539314293 0.5 p-1 -52886 2
435 1187 m2 928652 0.00473414781 0.5 p-1 -1171574 34
278 1188 m2 930397 -7.64729435e-08 0.5 p-1 -1516662 643
337 1189 m2 930723 -5.68029172e-05 0.5 p-1 -411463 67
178 1191 m2 932420 -0.000311409734 0.5 p-1 -1057286 1782
1195 1192 m2 933698 -0.0124603435 0.5 p-1 -391 2
1150 1193 m2 936000 -0.00800475478 0.5 p-1 -24144 14
179 1195 m2 936892 0.00187444512 0.5 p-1 -5265690 1890
180 1196 m2 937456 -0.0094748484 0.5 p-1 -3050348 310
279 1199 m2 939430 -0.00441604014 0.5 p-1 -7799391 1873
527 1200 m2 939463 -1.43160623e-05 0.5 p-1 -484737 131
547 1203 m2 940950 -1.23869777e-05 0.5 p-1 -1630582 202
1263 1204 m2 941023 0.0222764816 0.5 p-1 -734626 6
981 1205 m2 942973 0.000113593254 0.5 p-1 -1670 2
838 1207 m2 944930 0.0881534144 0.5 p-1 -124480 27
339 1208 m2 945217 0.0133115873 0.5 p-1 -4404312 1414
182 1209 m2 945973 -5.03936717e-05 0.5 p-1 -10824 7
842 1211 m2 948049 -0.000563140842 0.5 p-1 -1696235 72
839 1212 m2 948689 -2.64505502e-06 0.5 p-1 -24784 27
714 1213 m2 948930 -0.00439547421 0.5 p-1 -712397 111
436 1214 m2 949401 -0.000206463214 0.5 p-1 -105061 145
737 1215 m2 949911 -0.00523309689 0.5 p-1 -65243 22
1228 1217 m2 954120 -3.62243845e-05 0.5 p-1 -8628 13
624 1218 m2 956112 0.00127015961 0.5 p-1 -2947480 161
565 1221 m2 957532 0.0140102385 0.5 p-1 -268485 137
280 1222 m2 957928 0.0223152284 0.5 p-1 -1738398 410
1288 1223 m2 959238 -3.45352564e-05 0.5 p-1 -14853 2
898 1224 m2 959820 -0.0195880979 0.5 p-1 -434261 35
340 1225 m2 959952 -0.0046764696 0.5 p-1 -108939 25
780 1226 m2 960385 -0.00726023316 0.5 p-1 -30886 11
738 1227 m2 960583 -3.70896558e-08 0.5 p-1 -107812 34
183 1228 m2 961193 -0.00253416644 0.5 p-1 -6789515 1272
437 1229 m2 961421 0.00981976744 0.5 p-1 -221741 192
598 1230 m2 963434 -0.000219968744 0.5 p-1 -43949 12
1308 1231 m2 965841 0.000838699343 0.5 p-1 -954 3
438 1232 m2 965888 -3.73808319e-07 0.5 p-1 -881871 559
184 1233 m2 967203 -0.000600843923 0.5 p-1 -5465702 1562
463 1234 m2 968211 0.0279167797 0.5 p-1 -1554788 148
752 1235 m2 969068 0.000994597794 0.5 p-1 -375655 41
186 1237 m2 970059 -0.00367971719 0.5 p-1 -1016273 390
187 1239 m2 970273 -0.0201375615 0.5 p-1 -5992232 1931
189 1240 m2 972344 0.00483078742 0.5 p-1 -1828846 1095
1290 1241 m2 974034 -0.000499627611 0.5 p-1 -2494 5
1081 1242 m2 974081 -0.000611674681 0.5 p-1 -510068 67
439 1243 m2 974646 0.000974895374 0.5 p-1 -166045 317
1266 1245 m2 975238 -3.1949449e-07 0.5 p-1 -108423 2
281 1246 m2 976773 -0.000622255146 0.5 p-1 -2608210 648
599 1247 m2 978267 -0.00703371922 0.5 p-1 -704751 138
548 1249 m2 981014 -1.46553175e-05 0.5 p-1 -181337 59
191 1250 m2 981195 -0.00139460212 0.5 p-1 -505670 46
860 1253 m2 985305 0.0165013559 0.5 p-1 -82246 35
192 1254 m2 987550 0.000248800527 0.5 p-1 -687498 946
684 1255 m2 987558 0.00468428619 0.5 p-1 -158836 29
528 1256 m2 987800 0.00514159864 0.5 p-1 -4986053 250
937 1257 m2 988391 0.000356874109 0.5 p-1 -133699 37
1115 1258 m2 988927 -0.000226367556 0.5 p-1 -20322 7
696 1259 m2 989289 -4.18396802e-08 0.5 p-1 -330936 52
282 1260 m2 989916 -0.0128645794 0.5 p-1 -2363935 1286
957 1261 m2 990368 -3.17126342e-06 0.5 p-1 -268324 27
389 1262 m2 991363 -0.000467292615 0.5 p-1 -1348264 637
343 1263 m2 992642 0.0049263672 0.5 p-1 -1291234 1669
1229 1265 m2 995074 0.00010958581 0.5 p-1 -5052 2
761 1266 m2 995848 -0.033797361 0.5 p-1 -227338 28
1199 1279 m2 444368 0.0251915008 0.5 p0 2 1
1164 1280 m2 788111 -0.00909927208 0.5 p0 2 4
835 1283 m2 105663 -2.48198216e-06 0.5 p0 2 5
837 1286 m2 594634 0.0307848696 0.5 p0 2 4
1245 1287 m2 770532 0.000113879934 0.5 p0 2 2
1234 1288 m2 127070 -0.000227363693 0.5 p0 2 5
1298 1296 m2 980049 -0.0339241065 0.5 p0 2 1
1344 1297 m2 367150 -0.00379072479 0.5 p0 2 1
996 1308 m2 72549 -7.0207598e-08 0.5 p0 2 12
1078 1312 m2 907010 -0.00183717906 0.5 p0 2 2
1351 1314 m2 432831 0.00148520933 0.5 p0 2 1
1352 1315 m2 489138 -0.0034420602 0.5 p0 2 1
1264 1316 m2 190371 -6.29224087e-05 0.5 p0 2 2
1249 1317 m2 946095 -0.00331835775 0.5 p0 2 6
1279 1321 m2 63311 -1.18518628e-05 0.5 p0 2 2
1147 1327 m2 344208 -3.29692957e-05 0.5 p0 2 3
1287 1328 m2 724988 -0.00735651189 0.5 p0 2 2
1272 1333 m2 752812 -0.0014757528 0.5 p0 2 2
1169 1334 m2 245167 0.00198564189 0.5 p0 2 9
790 1336 m2 114240 -4.7674901e-05 0.5 p0 2 3
247 1337 m2 671140 0.0412014164 0.5 p0 2 5
1124 1344 m2 364683 -0.00339537649 0.5 p0 2 5
1071 1345 m2 231748 -4.21871214e-08 0.5 p0 2 3
1304 1346 m2 656913 -0.00641987007 0.5 p0 2 1
1086 1359 m2 362973 0.00210977369 0.5 p0 2 5
908 1364 m2 910669 0.0315446071 0.5 p0 2 6
1251 1367 m2 49737 0.0190806333 0.5 p0 2 1
1278 1370 m2 21819 4.63000179e-05 0.5 p0 2 8
1212 1371 m2 497396 -5.37280165e-10 0.5 p0 2 9
1346 1372 m2 184641 -0.00160281244 0.5 p0 2 1
1096 1373 m2 211557 0.0028906262 0.5 p0 2 4
1194 1374 m2 275328 0.00282848626 0.5 p0 2 1
1328 1377 m2 352394 0.00139856548 0.5 p0 2 1
1182 1378 m2 619354 0.0371943787 0.5 p0 2 4
1219 1381 m2 199424 0.0061544152 0.5 p0 2 1
1295 1382 m2 604084 -0.00694881612 0.5 p0 2 2
654 1383 m2 451044 0.000119762561 0.5 p0 2 3
1178 1389 m2 525158 -0.0206911266 0.5 p0 2 2
576 1390 m2 584921 -0.00264929747 0.5 p0 2 13
1253 1393 m2 120968 -0.00233253418 0.5 p0 2 2
1197 1394 m2 413663 0.0575931184 0.5 p0 2 4
1271 1396 m2 409641 0.00110953127 0.5 p0 2 1
1110 1400 m2 195458 -0.000900712737 0.5 p0 2 3
1166 1401 m2 803801 0.0474322028 0.5 p0 2 2
1011 1404 m2 443646 5.55886174e-07 0.5 p0 2 2
1013 1405 m2 727284 -6.90285815e-05 0.5 p0 2 3
1334 1425 m2 18718 -0.000419158721 0.5 p0 2 2
1343 1428 m2 538999 0.0161936264 0.5 p0 2 1
1275 1435 m2 267393 -0.00402747933 0.5 p0 2 6
894 1436 m2 491474 -0.000474523578 0.5 p0 2 11
895 1437 m2 499683 0.00420924462 0.5 p0 2 11
1087 1439 m2 506089 0.00314016757 0.5 p0 2 1
892 1444 m2 549404 -0.00710205408 0.5 p0 2 5
893 1445 m2 574150 -0.000346668559 0.5 p0 2 5
1155 1450 m2 623626 0.00674706791 0.5 p0 2 3
1233 1451 m2 872998 -7.56794748e-07 0.5 p0 2 3
1337 1452 m2 3619 0.0202473011 0.5 p0 2 2
1208 1454 m2 595706 -0.0173187107 0.5 p0 2 1
1020 1458 m2 427879 -0.00294731371 0.5 p0 2 5
522 1460 m2 650737 4.04235379e-06 0.5 p0 2 10
1255 1463 m2 634587 -0.0332208611 0.5 p0 2 2
1313 1464 m2 57526 -0.0364190526 0.5 p0 2 1
1270 1468 m2 714902 1.50392152e-05 0.5 p0 2 2
1297 1471 m2 934911 -0.00122562866 0.5 p0 2 1
1336 1472 m2 188376 -1.80925064e-09 0.5 p0 2 1
1226 1474 m2 88748 -0.0288096201 0.5 p0 2 1
872 1475 m2 231529 0.00116855558 0.5 p0 2 9
551 1480 m2 121170 0.0137697617 0.5 p0 2 1
945 1481 m2 142082 -0.00529672112 0.5 p0 2 3
1140 1484 m2 509296 -0.00330679351 0.5 p0 2 7
1189 1491 m2 768461 1.17211423e-08 0.5 p0 2 1
878 1493 m2 292572 0.000247664808 0.5 p0 2 7
1259 1498 m2 660270 -3.47533103e-07 0.5 p0 2 3
1036 1501 m2 514316 -0.000598581857 0.5 p0 2 4
952 1505 m2 933029 -0.00490993354 0.5 p0 2 1
956 1508 m2 437013 0.0306445435 0.5 p0 2 2
1247 1515 m2 633386 -2.09760015e-06 0.5 p0 2 5
1299 1517 m2 256319 3.24995635e-05 0.5 p0 2 2
1047 1524 m2 637122 0.000360647478 0.5 p0 2 1
1350 1525 m2 533680 0.00310152909 0.5 p0 2 1
1168 1530 m2 457159 -0.115121663 0.5 p0 2 3
889 1538 m2 21086 0.00171204109 0.5 p0 2 2
1246 1544 m2 782739 0.000134426649 0.5 p0 2 2
1303 1553 m2 412233 -0.00112532545 0.5 p0 2 1
1191 1554 m2 348399 0.0205103401 0.5 p0 2 5
1006 1557 m2 458446 -0.00223409967 0.5 p0 2 1
1038 1558 m2 838626 0.00886877626 0.5 p0 2 3
1333 1561 m2 430984 -3.21090993e-05 0.5 p0 2 1
801 1562 m2 453605 -0.000393025635 0.5 p0 2 9
915 1567 m2 415926 9.87009116e-07 0.5 p0 2 5
921 1568 m2 853772 6.67342465e-05 0.5 p0 2 1
1089 1572 m2 283461 -0.0380305536 0.5 p0 2 4
1300 1574 m2 931836 -0.0186895989 0.5 p0 2 2
1317 1575 m2 860857 -1.49500011e-06 0.5 p0 2 1
1205 1579 m2 163036 -0.00395041425 0.5 p0 2 7
1146 1580 m2 917909 -0.0126561224 0.5 p0 2 1
362 1581 m2 379604 0.0075639626 0.5 p0 2 7
1345 1589 m2 98531 0.000476791407 0.5 p0 2 1
1241 1591 m2 198792 0.00136047613 0.5 p0 2 8
1236 1594 m2 668580 0.000236825465 0.5 p0 2 7
1339 1598 m2 425991 -0.018489955 0.5 p0 2 1
1063 1599 m2 296341 0.00243418058 0.5 p0 2 4
1151 1601 m2 582783 4.41916503e-09 0.5 p0 2 10
0 1605 m1 1484 -0 0.5 p-1 -2890508 1611
344 1607 m1 6636 0 0.5 p-1 -690867 632
961 1608 m1 10178 0 0.5 p-1 -5524 14
685 1609 m1 14894 0 0.5 p-1 -53247 120
1004 1610 m1 18323 -0 0.5 p-1 -420690 7
2 1614 m1 22463 0 0.5 p-1 -3008030 722
4 1615 m1 25005 0 0.5 p-1 -6109246 1307
5 1616 m1 25175 -0 0.5 p-1 -9488449 1450
923 1617 m1 26365 -0 0.5 p-1 -52872 62
284 1618 m1 26833 0 0.5 p-1 -6963637 1134
193 1620 m1 27460 -0 0.5 p-1 -1974517 1200
652 1621 m1 27853 -0 0.5 p-1 -82087 11
633 1623 m1 32543 -0 0.5 p-1 -248362 109
11 1624 m1 35607 -0 0.5 p-1 -2811382 1419
393 1627 m1 40622 -0 0.5 p-1 -276964 144
194 1630 m1 48136 0 0.5 p-1 -935120 350
550 1634 m1 58768 -0 0.5 p-1 -191367 148
13 1635 m1 63168 0 0.5 p-1 -9446103 1489
195 1636 m1 65220 0 0.5 p-1 -3662219 1554
1075 1637 m1 73482 0 0.5 p-1 -289934 19
18 1639 m1 74526 0 0.5 p-1 -7931085 1824
993 1642 m1 82456 -0 0.5 p-1 -920292 9
1023 1643 m1 85863 0 0.5 p-1 -353130 14
739 1645 m1 93064 -0 0.5 p-1 -1885448 154
569 1646 m1 95535 0 0.5 p-1 -149722 67
1072 1647 m1 95552 -0 0.5 p-1 -1099 6
665 1649 m1 99232 -0 0.5 p-1 -94249 35
199 1650 m1 101332 0 0.5 p-1 -2321579 117
880 1655 m1 108034 0 0.5 p-1 -16496 2
584 1656 m1 117326 0 0.5 p-1 -485639 24
351 1657 m1 121929 0 0.5 p-1 -916652 485
585 1658 m1 122321 -0 0.5 p-1 -1631878 96
1059 1659 m1 122725 0 0.5 p-1 -59669 8
202 1660 m1 123750 -0 0.5 p-1 -986178 967
1113 1661 m1 129677 -0 0.5 p-1 -24438 5
1028 1662 m1 131445 0 0.5 p-1 -22336 8
707 1663 m1 133499 -0 0.5 p-1 -3950 20
352 1668 m1 144800 0 0.5 p-1 -1115122 669
32 1669 m1 145130 -0 0.5 p-1 -451798 499
1132 1670 m1 146196 -0 0.5 p-1 -25701 3
206 1673 m1 161338 -0 0.5 p-1 -576144 287
869 1674 m1 167717 -0 0.5 p-1 -9552 1
644 1675 m1 170407 0 0.5 p-1 -10585417 265
208 1676 m1 170500 -0 0.5 p-1 -102274 110
209 1679 m1 176031 0 0.5 p-1 -1015985 157
1095 1680 m1 178071 0 0.5 p-1 -64568 7
1307 1682 m1 179915 0 0.5 p-1 -8869 1
211 1684 m1 183547 0 0.5 p-1 -629821 138
511 1685 m1 187004 0 0.5 p-1 -461821 264
38 1687 m1 199838 -0 0.5 p-1 -8609487 568
353 1688 m1 200775 0 0.5 p-1 -339937 642
675 1689 m1 201079 0 0.5 p-1 -452045 49
1349 1690 m1 202519 0 0.5 p-1 -3662 1
1201 1691 m1 202628 0 0.5 p-1 -740 1
1215 1692 m1 203028 -0 0.5 p-1 -2661 2
512 1694 m1 205479 -0 0.5 p-1 -409117 127
468 1696 m1 209568 -0 0.5 p-1 -457138 48
552 1697 m1 212566 -0 0.5 p-1 -127088 50
1225 1699 m1 213340 -0 0.5 p-1 -5320 2
469 1701 m1 214609 0 0.5 p-1 -4315858 89
881 1702 m1 215122 0 0.5 p-1 -301510 34
355 1703 m1 215826 0 0.5 p-1 -380292 360
1118 1704 m1 219210 0 0.5 p-1 -69889 26
850 1705 m1 221460 -0 0.5 p-1 -110605 48
970 1706 m1 224328 0 0.5 p-1 -50156 29
1122 1709 m1 236600 0 0.5 p-1 -29933 14
994 1710 m1 238966 -0 0.5 p-1 -155465 13
1254 1711 m1 239293 0 0.5 p-1 -213567 5
822 1712 m1 239499 -0 0.5 p-1 -52399 22
709 1716 m1 248989 -0 0.5 p-1 -246685 89
1056 1720 m1 255539 -0 0.5 p-1 -5297 4
1019 1721 m1 256333 -0 0.5 p-1 -18007 7
489 1723 m1 257794 0 0.5 p-1 -191354 135
45 1724 m1 265115 0 0.5 p-1 -1447220 808
796 1726 m1 269656 0 0.5 p-1 -64834 48
1066 1727 m1 271735 0 0.5 p-1 -12604 13
214 1729 m1 274163 0 0.5 p-1 -470310 384
625 1730 m1 275036 0 0.5 p-1 -323858 71
48 1733 m1 284512 -0 0.5 p-1 -4686606 1194
50 1734 m1 285514 0 0.5 p-1 -1757531 1717
51 1735 m1 286738 -0 0.5 p-1 -2731019 1115
402 1736 m1 292478 0 0.5 p-1 -3742571 798
53 1738 m1 296555 -0 0.5 p-1 -6779410 1646
986 1739 m1 297692 -0 0.5 p-1 -627558 5
1256 1741 m1 298999 0 0.5 p-1 -10484 7
1277 1742 m1 299148 0 0.5 p-1 -14057 6
471 1743 m1 300303 0 0.5 p-1 -74124 19
884 1744 m1 301615 -0 0.5 p-1 -210969 141
360 1746 m1 307862 -0 0.5 p-1 -102021 40
57 1749 m1 322114 -0 0.5 p-1 -2001702 969
627 1750 m1 324604 0 0.5 p-1 -186589 55
220 1751 m1 325473 -0 0.5 p-1 -1090415 751
59 1752 m1 327623 -0 0.5 p-1 -12294115 1783
924 1755 m1 329675 -0 0.5 p-1 -10788 16
61 1758 m1 337131 0 0.5 p-1 -4275323 1642
223 1759 m1 345396 0 0.5 p-1 -1327027 383
935 1760 m1 347973 -0 0.5 p-1 -263858 57
308 1764 m1 354784 -0 0.5 p-1 -2769873 1080
310 1766 m1 362133 -0 0.5 p-1 -5042123 197
955 1767 m1 362562 0 0.5 p-1 -98052 28
950 1769 m1 368911 0 0.5 p-1 -17308 9
1292 1770 m1 370857 0 0.5 p-1 -530314 1
1248 1771 m1 371236 -0 0.5 p-1 -573 6
1192 1772 m1 372914 -0 0.5 p-1 -7650 8
1153 1776 m1 381713 -0 0.5 p-1 -9276 5
867 1778 m1 385410 0 0.5 p-1 -354858 31
1130 1779 m1 388477 0 0.5 p-1 -162668 10
620 1780 m1 392073 -0 0.5 p-1 -275216 264
71 1782 m1 405431 -0 0.5 p-1 -11436479 1223
901 1784 m1 407383 0 0.5 p-1 -7191 5
409 1785 m1 408472 0 0.5 p-1 -5973361 634
963 1786 m1 412075 0 0.5 p-1 -130285 46
756 1787 m1 412826 0 0.5 p-1 -168446 140
777 1789 m1 420468 0 0.5 p-1 -74391 45
744 1790 m1 420789 0 0.5 p-1 -104646 131
517 1793 m1 428124 -0 0.5 p-1 -1395514 211
226 1794 m1 431371 -0 0.5 p-1 -10069500 818
1034 1795 m1 435324 0 0.5 p-1 -11537 7
411 1797 m1 436998 -0 0.5 p-1 -953073 300
76 1798 m1 447510 0 0.5 p-1 -7833026 1673
1049 1801 m1 450831 0 0.5 p-1 -11309 40
830 1802 m1 458089 0 0.5 p-1 -345913 72
79 1803 m1 458226 0 0.5 p-1 -3001098 1381
449 1804 m1 462452 -0 0.5 p-1 -2697203 422
745 1805 m1 465066 0 0.5 p-1 -1454 3
450 1807 m1 467953 0 0.5 p-1 -3221207 159
1250 1809 m1 469962 -0 0.5 p-1 -40306 6
1280 1810 m1 471017 -0 0.5 p-1 -118309 1
757 1811 m1 474607 -0 0.5 p-1 -18317 19
83 1812 m1 476795 -0 0.5 p-1 -1635505 1647
85 1813 m1 478989 -0 0.5 p-1 -2959721 1772
413 1814 m1 480311 -0 0.5 p-1 -4812508 1165
314 1815 m1 480725 -0 0.5 p-1 -4967645 36
539 1817 m1 482535 -0 0.5 p-1 -504293 53
86 1818 m1 484988 -0 0.5 p-1 -3045207 1326
1293 1819 m1 485158 -0 0.5 p-1 -46961 1
496 1821 m1 490141 0 0.5 p-1 -1542951 496
88 1822 m1 491453 0 0.5 p-1 -402433 442
231 1823 m1 492435 0 0.5 p-1 -4893724 124
1162 1824 m1 493788 -0 0.5 p-1 -440295 7
90 1825 m1 497449 -0 0.5 p-1 -6201758 1870
92 1828 m1 501531 0 0.5 p-1 -4932942 1970
574 1829 m1 504193 -0 0.5 p-1 -588650 152
315 1830 m1 507667 0 0.5 p-1 -3700543 43
708 1831 m1 511091 -0 0.5 p-1 -21884 10
630 1832 m1 514416 -0 0.5 p-1 -141143 154
99 1835 m1 518074 -0 0.5 p-1 -1635362 310
234 1837 m1 521917 -0 0.5 p-1 -4642171 976
1064 1840 m1 526897 0 0.5 p-1 -541 4
102 1841 m1 532100 0 0.5 p-1 -2541188 513
647 1842 m1 532336 0 0.5 p-1 -470566 148
1042 1843 m1 533631 -0 0.5 p-1 -8065393 22
497 1845 m1 540530 -0 0.5 p-1 -1077764 371
104 1846 m1 540619 -0 0.5 p-1 -990478 206
631 1848 m1 541388 0 0.5 p-1 -1797644 454
871 1851 m1 548672 0 0.5 p-1 -14626 30
1098 1853 m1 553646 -0 0.5 p-1 -56387 5
367 1854 m1 553808 -0 0.5 p-1 -1722315 263
105 1856 m1 559817 0 0.5 p-1 -2221483 1180
318 1857 m1 562040 0 0.5 p-1 -7352846 1151
519 1858 m1 562889 -0 0.5 p-1 -329660 178
417 1859 m1 570505 0 0.5 p-1 -484951 560
239 1862 m1 575689 -0 0.5 p-1 -3774186 1441
106 1863 m1 578558 0 0.5 p-1 -1789897 1701
368 1864 m1 580172 0 0.5 p-1 -2837687 172
967 1866 m1 586658 0 0.5 p-1 -62339 16
542 1867 m1 587655 -0 0.5 p-1 -3071557 130
543 1868 m1 588474 0 0.5 p-1 -1174656 94
110 1870 m1 591935 -0 0.5 p-1 -12884303 1935
418 1872 m1 596914 0 0.5 p-1 -342363 68
578 1873 m1 597451 -0 0.5 p-1 -219277 69
477 1875 m1 604906 -0 0.5 p-1 -2298351 483
1174 1877 m1 608246 -0 0.5 p-1 -4034 6
370 1878 m1 608571 -0 0.5 p-1 -542827 184
1009 1880 m1 614032 0 0.5 p-1 -12361 4
580 1881 m1 616441 -0 0.5 p-1 -550766 97
693 1882 m1 619352 0 0.5 p-1 -1769676 165
1138 1884 m1 619963 0 0.5 p-1 -11648 8
1335 1886 m1 620631 -0 0.5 p-1 -26273 1
712 1888 m1 622712 -0 0.5 p-1 -233281 14
997 1889 m1 628657 0 0.5 p-1 -2994 6
478 1890 m1 631560 -0 0.5 p-1 -1142257 52
669 1892 m1 631903 0 0.5 p-1 -80827 128
877 1893 m1 639923 0 0.5 p-1 -98707 43
245 1894 m1 646778 -0 0.5 p-1 -873259 262
678 1896 m1 649495 0 0.5 p-1 -224827 54
927 1897 m1 652026 -0 0.5 p-1 -256635 59
732 1898 m1 652934 -0 0.5 p-1 -132344 53
1302 1900 m1 660163 -0 0.5 p-1 -31709 3
928 1902 m1 661790 -0 0.5 p-1 -277341 25
809 1903 m1 663645 -0 0.5 p-1 -39984 13
124 1904 m1 665085 -0 0.5 p-1 -1598231 452
249 1905 m1 673176 0 0.5 p-1 -8016669 1342
127 1907 m1 674681 -0 0.5 p-1 -2581927 533
771 1909 m1 677587 -0 0.5 p-1 -4929 3
499 1910 m1 677712 0 0.5 p-1 -611812 597
129 1911 m1 677757 0 0.5 p-1 -4170143 1239
130 1912 m1 679588 -0 0.5 p-1 -932609 438
131 1913 m1 680618 0 0.5 p-1 -10022972 1515
1114 1915 m1 687209 -0 0.5 p-1 -148332 26
670 1916 m1 697441 0 0.5 p-1 -179972 92
423 1917 m1 704876 0 0.5 p-1 -1028538 862
931 1918 m1 705545 0 0.5 p-1 -77759 33
713 1919 m1 707193 0 0.5 p-1 -717 13
643 1921 m1 708173 0 0.5 p-1 -50805 56
733 1924 m1 716357 0 0.5 p-1 -100622 146
1274 1925 m1 717231 0 0.5 p-1 -27642 2
425 1926 m1 718226 0 0.5 p-1 -1261179 253
913 1928 m1 725827 0 0.5 p-1 -97805 26
1027 1929 m1 729209 0 0.5 p-1 -164502 4
581 1931 m1 732665 -0 0.5 p-1 -2345974 103
918 1935 m1 736865 0 0.5 p-1 -89814 12
658 1937 m1 738990 0 0.5 p-1 -1130083 278
139 1938 m1 739577 0 0.5 p-1 -1893468 564
260 1939 m1 744428 0 0.5 p-1 -7564032 156
261 1940 m1 745513 0 0.5 p-1 -720411 440
262 1943 m1 749180 -0 0.5 p-1 -1762241 411
1104 1944 m1 750881 0 0.5 p-1 -60414 25
949 1945 m1 751075 -0 0.5 p-1 -120437 52
325 1946 m1 753030 -0 0.5 p-1 -2634427 775
502 1947 m1 754463 -0 0.5 p-1 -54235 56
827 1948 m1 754817 0 0.5 p-1 -2724 3
545 1949 m1 761503 0 0.5 p-1 -274472 122
1260 1950 m1 762865 0 0.5 p-1 -37625 3
876 1951 m1 766446 -0 0.5 p-1 -93620 38
379 1952 m1 768173 0 0.5 p-1 -2977220 721
380 1953 m1 770363 0 0.5 p-1 -4317945 183
596 1954 m1 771286 -0 0.5 p-1 -319598 127
267 1955 m1 774448 -0 0.5 p-1 -1453991 365
622 1958 m1 786023 -0 0.5 p-1 -701952 212
1232 1960 m1 791913 0 0.5 p-1 -85792 7
623 1961 m1 799962 -0 0.5 p-1 -315127 161
695 1962 m1 800028 -0 0.5 p-1 -3610 12
804 1964 m1 802452 -0 0.5 p-1 -19608 68
582 1966 m1 803292 -0 0.5 p-1 -473713 186
328 1968 m1 804992 -0 0.5 p-1 -1028092 408
786 1970 m1 810297 -0 0.5 p-1 -4491 13
1105 1971 m1 812158 0 0.5 p-1 -28658 19
1183 1972 m1 812502 -0 0.5 p-1 -2461 3
1120 1973 m1 813172 0 0.5 p-1 -39758 10
431 1975 m1 814305 -0 0.5 p-1 -224982 166
702 1977 m1 817257 0 0.5 p-1 -145758 91
331 1981 m1 826078 0 0.5 p-1 -2718832 1455
149 1982 m1 828711 -0 0.5 p-1 -4415521 1280
1017 1983 m1 829705 0 0.5 p-1 -135853 37
480 1986 m1 832357 0 0.5 p-1 -224418 433
432 1990 m1 838730 -0 0.5 p-1 -316531 102
561 1991 m1 841020 -0 0.5 p-1 -4177592 500
153 1993 m1 843189 0 0.5 p-1 -8061044 572
332 1994 m1 844065 -0 0.5 p-1 -1949803 300
155 1995 m1 846733 0 0.5 p-1 -4041262 1712
659 1996 m1 852549 -0 0.5 p-1 -320133 130
272 1997 m1 855292 -0 0.5 p-1 -2370745 1358
157 1998 m1 857232 0 0.5 p-1 -1865802 1485
334 2000 m1 861597 0 0.5 p-1 -2232361 268
274 2001 m1 862976 -0 0.5 p-1 -727385 496
1091 2002 m1 867971 -0 0.5 p-1 -312968 14
983 2003 m1 869663 -0 0.5 p-1 -253742 9
335 2004 m1 870637 0 0.5 p-1 -11590 8
597 2005 m1 871877 -0 0.5 p-1 -1423987 121
482 2007 m1 877686 -0 0.5 p-1 -231424 199
160 2008 m1 877803 -0 0.5 p-1 -3999196 1382
162 2009 m1 879738 0 0.5 p-1 -3637250 1762
614 2012 m1 883331 0 0.5 p-1 -1601101 238
1327 2013 m1 884118 -0 0.5 p-1 -16773 1
277 2014 m1 888881 -0 0.5 p-1 -3694910 603
1092 2015 m1 892364 0 0.5 p-1 -5089 8
433 2016 m1 892616 0 0.5 p-1 -27553 94
976 2017 m1 896107 0 0.5 p-1 -140356 8
661 2018 m1 899803 -0 0.5 p-1 -107250 65
387 2019 m1 900799 -0 0.5 p-1 -2693220 1288
168 2020 m1 900957 0 0.5 p-1 -4260224 1393
720 2022 m1 901800 -0 0.5 p-1 -281044 33
169 2024 m1 903370 -0 0.5 p-1 -3018600 210
486 2025 m1 906938 0 0.5 p-1 -2812517 258
173 2026 m1 907348 0 0.5 p-1 -1003738 404
938 2027 m1 915625 -0 0.5 p-1 -36525 30
846 2028 m1 916654 0 0.5 p-1 -69834 88
175 2029 m1 918675 0 0.5 p-1 -274431 173
176 2030 m1 918753 0 0.5 p-1 -592205 358
859 2031 m1 927634 -0 0.5 p-1 -349423 61
1330 2032 m1 933168 -0 0.5 p-1 -1298 1
1269 2033 m1 933751 -0 0.5 p-1 -29706 10
1296 2034 m1 938359 -0 0.5 p-1 -25004 5
929 2035 m1 939793 0 0.5 p-1 -42852 15
338 2036 m1 940700 -0 0.5 p-1 -219691 104
181 2037 m1 943263 0 0.5 p-1 -6987501 1185
1074 2039 m1 944122 -0 0.5 p-1 -5332 7
978 2040 m1 946124 0 0.5 p-1 -106991 34
564 2041 m1 953883 -0 0.5 p-1 -95995 39
1289 2042 m1 954637 0 0.5 p-1 -155854 5
959 2043 m1 955273 -0 0.5 p-1 -11217 10
185 2044 m1 967504 0 0.5 p-1 -9747784 1474
615 2045 m1 967717 0 0.5 p-1 -319314 23
188 2047 m1 970468 -0 0.5 p-1 -12530228 1613
912 2050 m1 973613 0 0.5 p-1 -162352 21
190 2051 m1 974344 0 0.5 p-1 -3178898 1492
812 2053 m1 975960 0 0.5 p-1 -38957 35
1082 2054 m1 976953 0 0.5 p-1 -56153 35
341 2058 m1 983950 -0 0.5 p-1 -9299371 1063
600 2060 m1 987450 0 0.5 p-1 -7224649 118
1000 2062 m1 988266 -0 0.5 p-1 -40412 9
848 2063 m1 990374 0 0.5 p-1 -180705 22
342 2064 m1 992159 0 0.5 p-1 -744658 858
440 2065 m1 992306 -0 0.5 p-1 -1181642 778
