Temp_ID Permanent_ID Mutation_type Position s h Subpop Tick Number
145 0 m2 544 -0.00030150832 0.5 p-1 -1457 10
169 1 m2 3041 -0.0163678713 0.5 p-1 -142331 60
200 2 m2 9299 -1.9712299e-05 0.5 p-1 -257632 79
104 3 m2 12311 -1.59969222e-05 0.5 p-1 -109312 38
115 4 m2 33579 -0.00149274606 0.5 p-1 -6501 9
72 7 m2 46181 -0.0102143716 0.5 p-1 -3155127 305
139 8 m2 47679 -0.00645942846 0.5 p-1 -480417 201
125 9 m2 57693 -5.9381382e-06 0.5 p-1 -162190 60
143 10 m2 60271 -0.0722407773 0.5 p-1 -10283 15
204 11 m2 60440 -0.000889542396 0.5 p-1 -11898 2
259 12 m2 63871 -0.000329555682 0.5 p-1 -15678 1
217 13 m2 65770 -0.00172389031 0.5 p-1 -19142 2
161 14 m2 71189 -0.00728557399 0.5 p-1 -9065 6
30 15 m2 74624 -0.000628877373 0.5 p-1 -106142 84
264 17 m2 77388 -0.0270828698 0.5 p-1 -22553 4
43 18 m2 79299 -0.00431026751 0.5 p-1 -1016712 762
229 19 m2 83118 -0.0133197736 0.5 p-1 -28881 4
0 20 m2 86455 -0.0239300448 0.5 p-1 -867639 649
170 21 m2 90091 -0.00682617258 0.5 p-1 -10040 6
73 23 m2 97956 -0.00054203195 0.5 p-1 -1492640 82
262 25 m2 110664 -0.00251362473 0.5 p-1 -13188 2
261 26 m2 112574 -0.00703755161 0.5 p-1 -7849 6
44 27 m2 118198 -3.50163173e-05 0.5 p-1 -1402820 682
254 28 m2 119839 -0.0887628049 0.5 p-1 -2800 7
1 30 m2 124605 -0.00105361594 0.5 p-1 -823579 461
74 31 m2 126853 -0.0223185569 0.5 p-1 -141268 84
45 32 m2 128821 -0.00961483642 0.5 p-1 -1812574 441
120 34 m2 145218 -0.0120377662 0.5 p-1 -135436 26
189 37 m2 158152 -0.00156060362 0.5 p-1 -54534 13
213 38 m2 162075 -0.0152458465 0.5 p-1 -33088 14
46 39 m2 164140 -0.0192486439 0.5 p-1 -3139681 834
196 40 m2 167772 -0.00421250612 0.5 p-1 -85433 25
238 41 m2 170656 -0.0068381927 0.5 p-1 -30941 4
162 43 m2 182080 -0.0299045574 0.5 p-1 -509233 159
187 45 m2 186115 -2.95771834e-08 0.5 p-1 -574262 65
183 46 m2 187432 -0.000557751337 0.5 p-1 -103006 14
111 48 m2 202884 -0.00180545647 0.5 p-1 -54369 60
34 49 m2 207857 -0.0788451284 0.5 p-1 -1303391 1306
80 50 m2 212843 -7.80865867e-06 0.5 p-1 -1905240 419
255 52 m2 218628 -0.00986926444 0.5 p-1 -88720 2
116 54 m2 226764 -0.000226915232 0.5 p-1 -950708 20
163 55 m2 227380 -0.00531880651 0.5 p-1 -94043 61
192 57 m2 232991 -0.0153069831 0.5 p-1 -3163 5
269 58 m2 234043 -0.00989817921 0.5 p-1 -51480 2
226 59 m2 238243 -3.93654673e-08 0.5 p-1 -9552 7
233 60 m2 263555 -0.000842869747 0.5 p-1 -23359 14
75 61 m2 265288 -0.0194759294 0.5 p-1 -5525334 716
188 62 m2 271910 -0.0258592665 0.5 p-1 -299988 49
201 68 m2 288849 -0.000207245626 0.5 p-1 -58174 27
245 69 m2 304287 -0.00332840672 0.5 p-1 -349104 1
5 70 m2 305896 -0.0259001963 0.5 p-1 -1976955 1067
48 71 m2 310938 -9.47896333e-05 0.5 p-1 -835879 532
279 72 m2 317640 -0.000693815062 0.5 p-1 -373 1
218 73 m2 322055 -0.000825274561 0.5 p-1 -29083 5
6 74 m2 322616 -0.0252362136 0.5 p-1 -2594776 1148
96 75 m2 326124 -2.49538251e-10 0.5 p-1 -3267257 733
181 76 m2 326791 -0.00769248046 0.5 p-1 -74352 115
7 77 m2 327770 -0.000303359411 0.5 p-1 -2278374 1280
224 79 m2 335935 -0.0137818614 0.5 p-1 -5180 12
49 80 m2 339530 -0.00234649167 0.5 p-1 -6744742 1469
236 81 m2 341681 -0.0314542092 0.5 p-1 -21795 8
81 82 m2 348191 -0.0035895831 0.5 p-1 -5110440 890
76 83 m2 360665 -3.48512295e-11 0.5 p-1 -2771329 502
35 86 m2 374859 -5.83356705e-05 0.5 p-1 -4858496 1888
8 87 m2 379170 -0.0684549809 0.5 p-1 -2134012 722
219 88 m2 385145 -0.000234748091 0.5 p-1 -62345 14
208 89 m2 388219 -5.75294325e-06 0.5 p-1 -4309 5
141 90 m2 390560 -0.00180765789 0.5 p-1 -861893 186
280 91 m2 395551 -0.0023764472 0.5 p-1 -597840 1
165 94 m2 415223 -5.52491547e-05 0.5 p-1 -77412 38
121 95 m2 417289 -0.0464368649 0.5 p-1 -500013 160
82 96 m2 419572 -0.0527321063 0.5 p-1 -777035 302
50 97 m2 422405 -0.00245212438 0.5 p-1 -229591 273
117 98 m2 427163 -0.00404797541 0.5 p-1 -415067 140
140 99 m2 429596 -0.0513062663 0.5 p-1 -1153761 16
131 100 m2 431144 -0.0065234215 0.5 p-1 -383370 129
195 104 m2 439888 -0.00615208736 0.5 p-1 -7350 12
11 105 m2 442821 -0.00214424846 0.5 p-1 -14147505 1946
157 107 m2 452334 -0.00262863026 0.5 p-1 -31779 13
209 108 m2 459499 -0.0228266437 0.5 p-1 -119583 17
126 109 m2 460945 -0.00146790664 0.5 p-1 -325311 197
154 110 m2 463782 -1.11368026e-10 0.5 p-1 -16032 16
174 111 m2 464458 -0.0201017391 0.5 p-1 -52279 17
59 112 m2 470669 -0.00103765971 0.5 p-1 -1790691 700
118 114 m2 486152 -0.00172593491 0.5 p-1 -151309 37
12 115 m2 486503 -0.00163963332 0.5 p-1 -1909875 603
83 116 m2 494938 -0.00111961528 0.5 p-1 -1374 10
220 117 m2 499315 -0.00689326879 0.5 p-1 -11866 6
13 118 m2 499661 -0.000240296373 0.5 p-1 -3525723 1202
167 119 m2 503636 -0.108150095 0.5 p-1 -347692 20
130 120 m2 503663 -0.000410679379 0.5 p-1 -654948 210
112 121 m2 504261 -1.25153619e-07 0.5 p-1 -382638 40
51 123 m2 506680 -0.00908523425 0.5 p-1 -4008868 445
206 124 m2 507613 -4.73807586e-06 0.5 p-1 -115365 38
14 125 m2 514939 -0.00339954416 0.5 p-1 -5889977 1211
119 127 m2 519786 -0.0634114891 0.5 p-1 -516726 128
177 128 m2 526557 -1.35506695e-09 0.5 p-1 -304505 40
247 129 m2 526890 -0.0158010293 0.5 p-1 -117684 4
182 130 m2 527673 -0.00126604945 0.5 p-1 -51140 9
122 131 m2 534032 -0.0322792195 0.5 p-1 -333920 110
207 133 m2 538594 -0.000247811811 0.5 p-1 -1940709 24
61 134 m2 543991 -0.00129835075 0.5 p-1 -61014 16
62 137 m2 550992 -0.0206666365 0.5 p-1 -97835 105
106 138 m2 553336 -0.000187874117 0.5 p-1 -51044 46
230 140 m2 564244 -0.004339498 0.5 p-1 -2654 2
77 142 m2 571012 -0.00874365028 0.5 p-1 -6058928 407
36 143 m2 577233 -0.00151153211 0.5 p-1 -1645118 866
129 144 m2 581289 -0.00888052583 0.5 p-1 -81032 52
15 145 m2 585052 -0.00126923271 0.5 p-1 -4904577 637
110 146 m2 592989 -0.042808339 0.5 p-1 -1768320 60
98 148 m2 594578 -0.0219762214 0.5 p-1 -6416020 177
16 149 m2 603383 -0.00505756075 0.5 p-1 -4877857 1081
241 150 m2 605362 -0.00183394668 0.5 p-1 -19764 12
159 152 m2 610310 -0.000527749711 0.5 p-1 -2046 16
235 153 m2 614890 -0.000649038062 0.5 p-1 -273878 8
52 154 m2 619494 -9.52795672e-05 0.5 p-1 -291738 188
64 155 m2 620063 -0.00125832111 0.5 p-1 -41597 137
175 157 m2 629523 -0.00201802026 0.5 p-1 -60852 27
231 158 m2 630542 -0.00822643284 0.5 p-1 -9792 8
252 161 m2 641301 -2.49192854e-05 0.5 p-1 -326 1
17 162 m2 652664 -0.000229393845 0.5 p-1 -4343262 1946
228 163 m2 659586 -0.00235070405 0.5 p-1 -16353 4
164 165 m2 671350 -0.0121311182 0.5 p-1 -144816 62
127 166 m2 674384 -0.000483685377 0.5 p-1 -430369 121
66 167 m2 675762 -0.00767036295 0.5 p-1 -252586 152
148 168 m2 676347 -1.07589221e-05 0.5 p-1 -9610 6
155 169 m2 679426 -0.00710414397 0.5 p-1 -168086 77
99 170 m2 691687 -0.000144041638 0.5 p-1 -181843 326
197 171 m2 698917 -0.00682958635 0.5 p-1 -144168 25
128 174 m2 710066 -0.0196941588 0.5 p-1 -3262395 284
85 175 m2 713299 -0.00597693864 0.5 p-1 -161210 99
166 177 m2 729621 -0.00185560109 0.5 p-1 -76320 34
19 178 m2 731098 -0.0123924604 0.5 p-1 -2525588 1518
203 179 m2 731441 -0.000181879645 0.5 p-1 -67050 40
150 180 m2 739421 -0.0174308158 0.5 p-1 -91951 53
67 181 m2 743355 -0.0143215051 0.5 p-1 -406797 168
91 182 m2 753997 -0.0191282444 0.5 p-1 -117785 77
20 183 m2 754568 -0.00302876718 0.5 p-1 -521060 308
240 184 m2 755757 -0.0336291045 0.5 p-1 -2772 2
137 186 m2 760779 -0.0538559854 0.5 p-1 -730 7
53 187 m2 765883 -0.0606064983 0.5 p-1 -4567412 709
102 190 m2 771309 -0.0735459849 0.5 p-1 -427187 477
242 191 m2 775396 -0.00563115161 0.5 p-1 -54504 6
113 192 m2 776084 -0.00474367384 0.5 p-1 -353793 117
79 193 m2 777547 -0.000197321569 0.5 p-1 -845376 217
55 195 m2 783133 -0.00447924715 0.5 p-1 -358880 91
68 197 m2 790236 -0.00602641981 0.5 p-1 -84229 41
37 198 m2 793025 -4.86530195e-13 0.5 p-1 -4035240 428
21 199 m2 797961 -0.00469418988 0.5 p-1 -2505507 143
178 200 m2 798519 -0.0132913124 0.5 p-1 -59248 32
22 201 m2 801567 -0.00125923532 0.5 p-1 -2266344 1528
191 202 m2 803406 -5.62171699e-05 0.5 p-1 -61708 14
103 203 m2 806428 -0.0156480763 0.5 p-1 -38939 12
23 204 m2 807195 -0.000489523169 0.5 p-1 -1284674 1093
100 206 m2 814576 -0.00779248588 0.5 p-1 -51452 20
273 207 m2 814764 -0.000843598391 0.5 p-1 -5506 1
251 208 m2 816316 -1.01060346e-06 0.5 p-1 -174534 13
249 209 m2 818050 -0.000274600869 0.5 p-1 -17225 1
180 210 m2 819449 -0.0104951551 0.5 p-1 -54358 25
56 211 m2 821380 -0.000579144456 0.5 p-1 -216504 65
186 212 m2 822569 -0.00202522846 0.5 p-1 -145371 11
250 214 m2 825989 -2.27555286e-09 0.5 p-1 -5921 10
57 217 m2 833286 -0.0470191501 0.5 p-1 -2123507 113
211 218 m2 843912 -0.0397894904 0.5 p-1 -686852 26
225 219 m2 847663 -0.000172418979 0.5 p-1 -33153 7
239 221 m2 857997 -2.82016822e-06 0.5 p-1 -377406 6
87 222 m2 859913 -0.000280277338 0.5 p-1 -4693505 248
88 223 m2 863004 -0.00193702721 0.5 p-1 -681246 186
179 224 m2 867656 -0.00215340429 0.5 p-1 -21863 8
58 225 m2 874466 -0.000184159464 0.5 p-1 -57001 22
222 226 m2 876886 -0.0758128762 0.5 p-1 -51077 13
25 227 m2 880194 -0.00563415 0.5 p-1 -235861 219
276 228 m2 900840 -0.00738811633 0.5 p-1 -4251 2
156 229 m2 908097 -1.29725349e-05 0.5 p-1 -286007 83
216 232 m2 913156 -0.000424680067 0.5 p-1 -19312 15
93 233 m2 913989 -0.000807170814 0.5 p-1 -919835 498
198 234 m2 919460 -0.00542482967 0.5 p-1 -7868 6
223 239 m2 927072 -0.0468941033 0.5 p-1 -69597 11
146 240 m2 929723 -0.00361139094 0.5 p-1 -77828 25
184 242 m2 943116 -0.00157562969 0.5 p-1 -121495 23
152 243 m2 945727 -0.0383012444 0.5 p-1 -265488 25
123 244 m2 946157 -0.0178011432 0.5 p-1 -109290 40
26 245 m2 946224 -0.0299958214 0.5 p-1 -929760 848
138 246 m2 946428 -0.0159680825 0.5 p-1 -1237991 170
41 247 m2 951148 -0.0126694422 0.5 p-1 -2666963 1222
114 248 m2 955765 -0.0105296085 0.5 p-1 -4941 4
69 249 m2 958193 -1.63297773e-06 0.5 p-1 -1076060 464
172 250 m2 960271 -0.0113238245 0.5 p-1 -47975 31
199 251 m2 962930 -5.30547513e-05 0.5 p-1 -32808 15
258 252 m2 971495 -0.000185056051 0.5 p-1 -18441 5
132 253 m2 971574 -0.000471002539 0.5 p-1 -507992 47
107 254 m2 975873 -1.88146914e-05 0.5 p-1 -4367827 313
135 255 m2 976562 -0.0153702619 0.5 p-1 -365596 45
89 256 m2 977443 -0.015754642 0.5 p-1 -3458490 144
153 257 m2 979953 -6.23947053e-05 0.5 p-1 -23437 21
263 258 m2 980654 -5.51041057e-06 0.5 p-1 -356 1
151 259 m2 983909 -6.40826556e-06 0.5 p-1 -152841 37
124 260 m2 989531 -9.02868996e-05 0.5 p-1 -24216 26
193 261 m2 995559 -0.00642163353 0.5 p-1 -11211 8
29 262 m2 998495 -0.00162605778 0.5 p-1 -8696379 1758
268 264 m2 630683 -0.000320847961 0.5 p0 2 1
256 268 m2 652814 -0.00336817908 0.5 p0 2 2
271 271 m2 441671 -0.0135147246 0.5 p0 2 2
275 273 m2 375799 -0.00690789195 0.5 p0 2 1
277 278 m2 319911 -4.27600622e-09 0.5 p0 2 2
243 282 m2 450480 -0.00112539926 0.5 p0 2 1
221 285 m2 499528 -0.000379840203 0.5 p0 2 1
237 287 m2 335493 -0.00917660724 0.5 p0 2 2
253 291 m2 281728 -3.82065991e-05 0.5 p0 2 3
212 294 m2 651096 -0.0133823771 0.5 p0 2 1
265 296 m2 997177 -0.00275262492 0.5 p0 2 1
266 299 m2 383506 -0.0672009736 0.5 p0 2 1
267 300 m2 766030 -0.00169191009 0.5 p0 2 1
246 302 m2 778284 -0.0451416746 0.5 p0 2 2
248 306 m2 400166 -0.00916412007 0.5 p0 2 2
260 309 m2 887167 -0.000293936959 0.5 p0 2 2
90 310 m1 12369 0 0.5 p-1 -722978 54
244 311 m1 18840 0 0.5 p-1 -18945 7
94 312 m1 34596 0 0.5 p-1 -261820 100
272 314 m1 49011 0 0.5 p-1 -1648 3
42 315 m1 68967 0 0.5 p-1 -517358 264
205 316 m1 70493 0 0.5 p-1 -228542 4
194 322 m1 167844 0 0.5 p-1 -797 1
31 323 m1 186050 0 0.5 p-1 -1724598 1674
32 324 m1 187486 0 0.5 p-1 -3242587 414
47 325 m1 189084 0 0.5 p-1 -435499 641
2 326 m1 194438 0 0.5 p-1 -2300732 463
3 328 m1 198995 0 0.5 p-1 -833790 116
108 329 m1 200446 0 0.5 p-1 -909336 537
33 330 m1 201132 0 0.5 p-1 -602297 723
4 331 m1 219156 0 0.5 p-1 -1993295 723
171 332 m1 249046 0 0.5 p-1 -61069 65
95 334 m1 320374 0 0.5 p-1 -287274 18
257 335 m1 353414 0 0.5 p-1 -42245 1
232 336 m1 358379 0 0.5 p-1 -126456 9
149 337 m1 375149 0 0.5 p-1 -133148 89
9 339 m1 386985 0 0.5 p-1 -204373 233
101 340 m1 392927 0 0.5 p-1 -1428136 401
10 342 m1 404124 0 0.5 p-1 -3565478 1882
144 343 m1 426671 0 0.5 p-1 -41554 48
210 345 m1 449078 0 0.5 p-1 -6219 3
274 347 m1 468636 0 0.5 p-1 -6131 1
133 348 m1 475958 0 0.5 p-1 -556529 59
109 349 m1 485103 0 0.5 p-1 -5929256 155
214 350 m1 488437 0 0.5 p-1 -10679 21
190 351 m1 488915 0 0.5 p-1 -729227 5
60 352 m1 495925 0 0.5 p-1 -297126 381
158 353 m1 513318 0 0.5 p-1 -145927 57
105 354 m1 517726 0 0.5 p-1 -3543138 252
97 355 m1 520806 0 0.5 p-1 -693465 31
168 356 m1 548961 0 0.5 p-1 -307514 15
142 357 m1 553046 0 0.5 p-1 -1204382 171
84 358 m1 568375 0 0.5 p-1 -3662244 141
63 359 m1 575665 0 0.5 p-1 -215800 339
270 360 m1 584753 0 0.5 p-1 -6954 1
234 362 m1 627429 0 0.5 p-1 -225446 3
202 365 m1 655730 0 0.5 p-1 -164184 22
176 366 m1 663002 0 0.5 p-1 -76883 15
78 367 m1 667163 0 0.5 p-1 -3291043 515
65 368 m1 671051 0 0.5 p-1 -8763404 1252
18 369 m1 701035 0 0.5 p-1 -1344246 1087
136 370 m1 716166 0 0.5 p-1 -29297 35
134 371 m1 723557 0 0.5 p-1 -1062317 34
54 374 m1 777176 0 0.5 p-1 -3794047 294
86 375 m1 778587 0 0.5 p-1 -11177 11
92 376 m1 781692 0 0.5 p-1 -125711 16
173 377 m1 784482 0 0.5 p-1 -8645 13
185 379 m1 794001 0 0.5 p-1 -31958 24
38 380 m1 800600 0 0.5 p-1 -3589909 1203
160 381 m1 833978 0 0.5 p-1 -25070 48
39 382 m1 840834 0 0.5 p-1 -1053542 470
24 384 m1 863231 0 0.5 p-1 -7006415 1980
40 387 m1 909009 0 0.5 p-1 -272688 125
227 388 m1 912940 0 0.5 p-1 -10307 3
278 389 m1 921974 0 0.5 p-1 -12718 1
27 392 m1 954438 0 0.5 p-1 -9277586 1873
215 394 m1 965076 0 0.5 p-1 -163649 11
70 395 m1 970637 0 0.5 p-1 -4770189 485
147 396 m1 974618 0 0.5 p-1 -148833 49
28 397 m1 987803 0 0.5 p-1 -7934994 1807
71 398 m1 991859 0 0.5 p-1 -372590 73
