Temp_ID Permanent_ID Mutation_type Position s h Subpop Tick Number
737 0 m2 190 -0.000167620936 0.5 p-1 -217076 6
1268 1 m2 772 -7.7467148e-06 0.5 p-1 -445177 2
546 2 m2 1484 -1.20553586e-05 0.5 p-1 -2311107 329
591 3 m2 2357 -0.0111259846 0.5 p-1 -46771 18
547 4 m2 3095 0.000533503946 0.5 p-1 -345586 26
516 5 m2 4380 0.000189024373 0.5 p-1 -654141 194
1246 6 m2 4881 -1.08820304e-05 0.5 p-1 -3384 5
1210 8 m2 4923 4.65815792e-05 0.5 p-1 -231 1
1295 9 m2 5303 0.0120630795 0.5 p-1 -19047 1
562 10 m2 7001 -0.0110744331 0.5 p-1 -777589 127
1058 13 m2 10246 -5.47406889e-05 0.5 p-1 -181901 2
176 14 m2 12015 0.000503490737 0.5 p-1 -3654578 136
308 15 m2 12956 -0.0203038435 0.5 p-1 -3998003 283
359 16 m2 15606 -0.00724051194 0.5 p-1 -2002313 243
1 17 m2 15855 7.30182437e-05 0.5 p-1 -1440 11
2 18 m2 17102 -0.0061359047 0.5 p-1 -3221358 1943
177 19 m2 17940 0.00271308329 0.5 p-1 -5696299 1741
1115 20 m2 19632 0.000191055908 0.5 p-1 -8095 21
1345 21 m2 20167 -7.00427845e-05 0.5 p-1 -134 3
178 22 m2 22112 -0.000666663167 0.5 p-1 -1320356 136
1314 23 m2 23335 0.00525032077 0.5 p-1 -6274 1
606 24 m2 24178 0.00175224186 0.5 p-1 -4515612 156
360 25 m2 24697 -1.48152376e-05 0.5 p-1 -387192 158
1155 26 m2 24784 0.00457474403 0.5 p-1 -6573 8
263 27 m2 25125 -0.00188633834 0.5 p-1 -2983399 660
3 28 m2 26413 -3.94048402e-06 0.5 p-1 -5031333 1364
4 29 m2 26519 0.00260640588 0.5 p-1 -2548174 979
485 30 m2 26821 -0.000324943656 0.5 p-1 -441793 75
501 31 m2 27293 -4.55842866e-08 0.5 p-1 -805465 259
745 32 m2 27320 -0.004391619 0.5 p-1 -6036 2
179 33 m2 29941 -0.00120196724 0.5 p-1 -985214 538
180 34 m2 30670 0.00750271836 0.5 p-1 -2531981 1291
1374 36 m2 32054 -0.0729231536 0.5 p-1 -64844 4
1255 37 m2 32141 -0.000151220622 0.5 p-1 -1773 2
5 38 m2 32245 0.0046775043 0.5 p-1 -689132 78
361 39 m2 32798 0.00014298434 0.5 p-1 -533076 231
1157 40 m2 32856 -0.0777176544 0.5 p-1 -6262 5
6 41 m2 33876 -6.31659059e-05 0.5 p-1 -3710483 1301
1287 42 m2 34201 -0.0159892924 0.5 p-1 -2779 4
538 43 m2 34781 9.30365786e-05 0.5 p-1 -608285 240
7 44 m2 35180 -0.000325804722 0.5 p-1 -4592401 1692
866 45 m2 36353 -0.00317734177 0.5 p-1 -565647 56
1192 46 m2 37396 0.00603621081 0.5 p-1 -23907 3
899 48 m2 37774 -0.0226233602 0.5 p-1 -6006688 18
181 49 m2 38087 -1.72284435e-05 0.5 p-1 -3922227 943
790 50 m2 38116 -0.00603380753 0.5 p-1 -103340 30
817 51 m2 39298 4.65343219e-05 0.5 p-1 -26235 12
944 52 m2 40252 0.0113874264 0.5 p-1 -4856 3
182 53 m2 41140 0.00522240717 0.5 p-1 -1623906 886
593 54 m2 42713 0.0113057932 0.5 p-1 -1212945 121
183 55 m2 42923 -5.54731996e-05 0.5 p-1 -1804695 149
184 56 m2 43968 -0.000300083717 0.5 p-1 -1808512 477
397 57 m2 44590 0.0209707301 0.5 p-1 -947402 353
1145 59 m2 46482 0.00478648255 0.5 p-1 -15054 6
309 60 m2 48967 0.00303107756 0.5 p-1 -983804 126
1372 61 m2 49541 2.38685643e-05 0.5 p-1 -3764 1
818 62 m2 52329 -0.0238192026 0.5 p-1 -61292 28
802 63 m2 53279 -0.0306479409 0.5 p-1 -70765 49
661 64 m2 54111 0.0825588331 0.5 p-1 -265637 40
662 67 m2 55337 9.3002127e-05 0.5 p-1 -62344 28
641 68 m2 55375 -5.60741569e-07 0.5 p-1 -477705 127
185 69 m2 55667 0.00588175142 0.5 p-1 -5023651 1108
310 70 m2 55927 0.00148242642 0.5 p-1 -10687492 663
1007 71 m2 56003 0.00247614621 0.5 p-1 -49909 1
440 72 m2 56624 0.00668496825 0.5 p-1 -3695405 349
9 73 m2 60684 -0.00478447648 0.5 p-1 -2088124 1031
311 74 m2 60770 0.026847234 0.5 p-1 -307842 472
808 75 m2 60912 -2.08508524e-07 0.5 p-1 -12950 21
362 79 m2 64907 -0.0106155826 0.5 p-1 -178363 21
618 80 m2 65040 0.0409361832 0.5 p-1 -1308509 23
312 82 m2 65665 0.000179095368 0.5 p-1 -177321 22
264 83 m2 66605 -0.0163997989 0.5 p-1 -4193209 990
723 84 m2 66902 -0.0433722287 0.5 p-1 -67889 13
442 85 m2 67016 -3.06622496e-05 0.5 p-1 -469682 37
10 86 m2 67894 2.48476852e-07 0.5 p-1 -2322503 334
11 89 m2 70550 -4.65866433e-05 0.5 p-1 -3255215 1180
539 90 m2 71778 -0.000951366092 0.5 p-1 -228438 51
1274 91 m2 73143 0.00493173534 0.5 p-1 -12996 5
777 93 m2 73937 0.000571473269 0.5 p-1 -101488 7
12 94 m2 74900 0.0296822805 0.5 p-1 -2652259 543
1008 95 m2 75367 -3.05723347e-07 0.5 p-1 -11326 12
780 96 m2 77431 0.000293612247 0.5 p-1 -169831 92
540 97 m2 77630 0.000742910546 0.5 p-1 -132239 28
186 98 m2 77964 -0.0169346742 0.5 p-1 -2394577 983
1066 99 m2 78554 -6.49815847e-05 0.5 p-1 -1993 10
398 100 m2 79758 0.00319407531 0.5 p-1 -5310731 1040
13 101 m2 79784 0.000249051605 0.5 p-1 -1200300 212
265 102 m2 80328 -0.000150429347 0.5 p-1 -874860 228
187 103 m2 80354 -0.0102473721 0.5 p-1 -1873737 1365
502 105 m2 81669 0.0290090125 0.5 p-1 -483647 38
188 106 m2 82490 -1.81726534e-07 0.5 p-1 -193654 88
822 107 m2 84077 0.0079731103 0.5 p-1 -25524 4
813 108 m2 85239 -0.004544002 0.5 p-1 -273352 26
809 109 m2 85627 -0.0235602316 0.5 p-1 -39106 43
1063 111 m2 86095 0.000691380934 0.5 p-1 -17296 2
921 112 m2 86788 -0.00924008153 0.5 p-1 -116873 34
883 113 m2 87018 -0.000325900182 0.5 p-1 -103008 67
697 114 m2 87361 0.000858906365 0.5 p-1 -207502 101
1316 116 m2 89429 -0.000467867882 0.5 p-1 -51762 3
503 117 m2 89498 0.00655185711 0.5 p-1 -663728 114
1035 118 m2 89545 0.000157966773 0.5 p-1 -2840 9
738 119 m2 90873 0.00475767814 0.5 p-1 -21915 12
900 120 m2 91429 0.00287381117 0.5 p-1 -121963 2
315 121 m2 91692 -0.0283114314 0.5 p-1 -266297 248
14 122 m2 91708 -0.00131396519 0.5 p-1 -2677243 1178
903 123 m2 92383 1.45337754e-06 0.5 p-1 -517637 29
1126 125 m2 96180 0.119516596 0.5 p-1 -87 5
715 126 m2 97889 -0.010175244 0.5 p-1 -459463 29
1180 127 m2 100354 0.00540407049 0.5 p-1 -7764 1
576 128 m2 101148 -0.0356260315 0.5 p-1 -170664 87
15 129 m2 101242 2.03814288e-05 0.5 p-1 -610329 597
16 130 m2 103261 -0.0114194378 0.5 p-1 -10814276 1659
791 131 m2 104876 -0.000574402686 0.5 p-1 -17725 6
17 132 m2 105544 -2.52157279e-05 0.5 p-1 -751806 349
643 133 m2 105829 0.0020736251 0.5 p-1 -112353 62
938 135 m2 106992 -0.0155887632 0.5 p-1 -34719 12
1220 136 m2 107238 0.0505648926 0.5 p-1 -9199 2
316 137 m2 107415 0.00625192095 0.5 p-1 -5171576 561
189 138 m2 108115 -0.00133129489 0.5 p-1 -850543 1052
517 139 m2 108285 0.00172714796 0.5 p-1 -862605 69
443 140 m2 108323 2.25875016e-08 0.5 p-1 -437984 120
19 141 m2 110509 0.00721967779 0.5 p-1 -1395971 367
713 142 m2 112917 -0.00022042339 0.5 p-1 -367769 89
607 143 m2 115556 -0.000418322597 0.5 p-1 -334483 141
930 144 m2 116303 0.00240996201 0.5 p-1 -63292 50
974 145 m2 116361 -0.00443798164 0.5 p-1 -228768 8
1312 146 m2 117883 3.48286158e-05 0.5 p-1 -46590 6
266 147 m2 120403 0.00390940066 0.5 p-1 -5438711 217
727 149 m2 120906 -0.00457368745 0.5 p-1 -15009 23
819 151 m2 121725 0.00047218948 0.5 p-1 -66556 42
21 152 m2 121948 -0.00511168502 0.5 p-1 -2527095 1761
486 153 m2 122942 -0.000357563316 0.5 p-1 -38137 3
978 154 m2 123489 -0.00110910076 0.5 p-1 -3617 19
1006 156 m2 125439 -0.000615579658 0.5 p-1 -18687 11
929 158 m2 127889 -0.00422675814 0.5 p-1 -11549 19
190 159 m2 128113 0.00672736205 0.5 p-1 -2230789 477
1074 160 m2 128393 -2.72327861e-06 0.5 p-1 -24242 8
585 161 m2 128644 0.00361317908 0.5 p-1 -512652 47
687 162 m2 129802 -0.00644071912 0.5 p-1 -2154344 60
1030 163 m2 130087 -0.0261967368 0.5 p-1 -214939 14
1101 164 m2 131152 0.00713677611 0.5 p-1 -25918 17
23 166 m2 132454 0.00452498812 0.5 p-1 -3746945 1792
1031 167 m2 133472 -0.0663886517 0.5 p-1 -263928 15
191 168 m2 134683 5.97792568e-05 0.5 p-1 -292335 255
1067 169 m2 136921 -0.0706029162 0.5 p-1 -25973 5
1195 170 m2 139917 -0.00291560311 0.5 p-1 -2969 8
856 171 m2 140325 -8.45554155e-07 0.5 p-1 -4032919 100
1005 172 m2 142505 -0.010474775 0.5 p-1 -40380 7
1083 173 m2 142540 9.67036322e-05 0.5 p-1 -198153 34
830 176 m2 143689 -8.3312525e-06 0.5 p-1 -39878 37
797 177 m2 145846 -0.0331747308 0.5 p-1 -13453 24
487 178 m2 146507 0.00332686189 0.5 p-1 -2099586 208
193 179 m2 146750 0.0033662403 0.5 p-1 -4297976 1793
364 180 m2 146864 -0.00119110337 0.5 p-1 -480630 203
1392 181 m2 147018 -0.00141877891 0.5 p-1 -25135 1
317 182 m2 148077 2.56469775e-05 0.5 p-1 -449956 358
267 183 m2 149281 -0.0211049225 0.5 p-1 -2277622 282
365 185 m2 151170 5.3805602e-06 0.5 p-1 -8080561 558
1172 186 m2 152248 -0.000631077681 0.5 p-1 -70233 5
831 187 m2 153552 0.0031907924 0.5 p-1 -417834 133
619 188 m2 153788 0.000700850738 0.5 p-1 -2482258 34
194 189 m2 154069 -0.00324180583 0.5 p-1 -3859737 325
1136 190 m2 154127 0.00206656056 0.5 p-1 -2140 1
24 191 m2 155224 -0.00248099561 0.5 p-1 -2694689 1697
799 192 m2 155842 -5.49316548e-09 0.5 p-1 -186398 102
1162 194 m2 156696 4.65532212e-05 0.5 p-1 -8939 2
1013 195 m2 157690 -0.0327529274 0.5 p-1 -153 5
983 196 m2 157956 1.17705649e-05 0.5 p-1 -41359 11
646 197 m2 159964 -0.00442522205 0.5 p-1 -37547 28
746 198 m2 160681 -0.00225676154 0.5 p-1 -214 2
688 199 m2 161903 0.00058498315 0.5 p-1 -2841169 140
663 200 m2 162291 -0.00903345086 0.5 p-1 -517983 111
595 201 m2 163214 -3.05040658e-06 0.5 p-1 -381497 165
419 202 m2 164719 0.0254363623 0.5 p-1 -166360 25
420 203 m2 165081 0.00640555844 0.5 p-1 -11769279 766
26 204 m2 165399 0.0464957096 0.5 p-1 -11534497 929
318 205 m2 165873 0.000142403194 0.5 p-1 -742205 184
1135 206 m2 166749 0.000152018445 0.5 p-1 -12797 7
548 207 m2 167118 0.0444219895 0.5 p-1 -1599447 166
268 208 m2 171808 0.00129395048 0.5 p-1 -162686 318
970 209 m2 171966 0.00548781315 0.5 p-1 -29866 7
753 210 m2 173552 -5.4353055e-05 0.5 p-1 -153319 74
1364 211 m2 175330 -0.0225248933 0.5 p-1 -68247 3
868 212 m2 176169 -0.00132651359 0.5 p-1 -27745 9
195 213 m2 176526 -0.00332079781 0.5 p-1 -3424356 1414
620 214 m2 176828 0.00907082111 0.5 p-1 -276550 55
679 216 m2 178212 0.000740518153 0.5 p-1 -176790 159
732 217 m2 179080 0.016911583 0.5 p-1 -642511 21
1360 218 m2 179311 0.0131052025 0.5 p-1 -52697 3
27 219 m2 179788 -0.0451818854 0.5 p-1 -3591293 778
1365 220 m2 181272 1.69434334e-05 0.5 p-1 -4913 1
647 221 m2 185302 -4.75414072e-06 0.5 p-1 -432693 97
270 222 m2 185476 -0.00474115182 0.5 p-1 -623540 95
30 223 m2 185806 -0.0119458186 0.5 p-1 -1935857 1223
31 224 m2 186749 0.0112273535 0.5 p-1 -8127207 1543
527 225 m2 186798 -0.00146882155 0.5 p-1 -3940352 467
705 228 m2 187649 0.0338486172 0.5 p-1 -317526 109
955 229 m2 189340 -0.0283783376 0.5 p-1 -372638 17
973 230 m2 189519 3.99035052e-05 0.5 p-1 -66677 9
1242 231 m2 189618 -3.50794267e-06 0.5 p-1 -2865 1
698 233 m2 191154 7.80204013e-10 0.5 p-1 -430375 21
956 235 m2 197921 -0.00672535412 0.5 p-1 -38358 9
820 236 m2 199138 0.000823816576 0.5 p-1 -237063 44
914 237 m2 200128 -5.9477039e-05 0.5 p-1 -210024 13
823 238 m2 204932 6.31799194e-05 0.5 p-1 -5864039 50
1323 239 m2 208627 -0.0704499707 0.5 p-1 -33 1
32 240 m2 210748 0.000546690891 0.5 p-1 -3836195 1957
319 241 m2 211060 -6.75986521e-05 0.5 p-1 -469199 106
550 242 m2 211062 0.0103370072 0.5 p-1 -94650 58
795 243 m2 211656 -0.00706167705 0.5 p-1 -2126502 67
945 244 m2 211980 -0.00300150388 0.5 p-1 -17748 8
596 245 m2 212352 0.0364636704 0.5 p-1 -293915 55
1070 246 m2 213306 0.00122565683 0.5 p-1 -1280 4
648 249 m2 216475 -0.0110101458 0.5 p-1 -402246 124
33 250 m2 216626 -0.0025002386 0.5 p-1 -2220677 763
400 251 m2 217112 -0.0276584718 0.5 p-1 -59300 108
861 253 m2 220828 0.0220013224 0.5 p-1 -75195 20
1265 256 m2 222115 0.0109761264 0.5 p-1 -228 2
989 257 m2 224123 -0.0779495835 0.5 p-1 -21733 10
504 258 m2 224442 0.00256769662 0.5 p-1 -276367 130
271 260 m2 225439 -0.0565808639 0.5 p-1 -4260481 1308
803 262 m2 226719 -0.0471539609 0.5 p-1 -10651 9
649 264 m2 228580 -0.0057541267 0.5 p-1 -465775 41
1289 265 m2 229327 0.0176963098 0.5 p-1 -3268 2
34 266 m2 229858 -0.000744286284 0.5 p-1 -944576 305
683 267 m2 231612 -3.81556958e-07 0.5 p-1 -109054 61
445 268 m2 232028 2.62786193e-06 0.5 p-1 -379683 485
489 269 m2 232585 0.0818534866 0.5 p-1 -1143128 174
1093 271 m2 233938 0.0333488099 0.5 p-1 -30114 3
401 272 m2 234729 0.00660211919 0.5 p-1 -490296 316
35 273 m2 234928 -3.49298723e-08 0.5 p-1 -5457899 1910
446 274 m2 238720 -0.00012561724 0.5 p-1 -910133 300
609 275 m2 240269 0.00688033691 0.5 p-1 -898160 58
36 276 m2 240653 -1.88374139e-09 0.5 p-1 -2454160 1661
320 277 m2 242469 2.02392357e-07 0.5 p-1 -351035 282
650 279 m2 245881 -0.000117847645 0.5 p-1 -859335 192
551 280 m2 246200 -0.00420300104 0.5 p-1 -1044730 130
197 281 m2 248625 0.00192301453 0.5 p-1 -15676643 1690
37 282 m2 248823 1.14751019e-05 0.5 p-1 -9292500 1070
198 283 m2 248962 0.00202383171 0.5 p-1 -1553846 201
739 284 m2 251453 -2.97431234e-05 0.5 p-1 -45952 13
1400 286 m2 254120 -3.16270558e-07 0.5 p-1 -670 1
38 287 m2 255565 -1.34972652e-07 0.5 p-1 -4954338 788
718 288 m2 256941 -0.000594760466 0.5 p-1 -558323 45
1194 289 m2 257096 -0.00177114108 0.5 p-1 -2445 2
893 290 m2 257495 -0.00892698206 0.5 p-1 -12147 13
200 293 m2 260976 -0.0139542045 0.5 p-1 -280391 168
1114 295 m2 262988 -0.00631824974 0.5 p-1 -1163 6
40 296 m2 263388 -0.0143289622 0.5 p-1 -2466645 1572
695 297 m2 264547 -0.00154454343 0.5 p-1 -36709 38
733 299 m2 264742 0.0642258674 0.5 p-1 -51662 21
41 300 m2 266662 -0.0450300537 0.5 p-1 -1693844 1856
1346 303 m2 269287 6.7839137e-05 0.5 p-1 -10570 3
837 304 m2 269948 7.12148767e-06 0.5 p-1 -3133 8
747 305 m2 270685 0.00273478404 0.5 p-1 -128165 7
201 306 m2 270687 -0.00654387008 0.5 p-1 -5881624 734
674 307 m2 276658 -0.00065135723 0.5 p-1 -244465 43
44 309 m2 277531 0.000926085864 0.5 p-1 -1798036 830
773 310 m2 277580 -0.00827532168 0.5 p-1 -274079 152
1100 311 m2 277985 0.000130152228 0.5 p-1 -95933 14
1307 312 m2 279445 -0.0334263928 0.5 p-1 -2699 1
45 313 m2 282618 9.6211113e-07 0.5 p-1 -4376733 540
719 314 m2 285435 0.0006536867 0.5 p-1 -185937 45
402 315 m2 286838 -2.72024718e-05 0.5 p-1 -18142 16
786 316 m2 287236 0.000724851328 0.5 p-1 -82299 7
46 317 m2 287610 -0.000510715647 0.5 p-1 -350293 491
564 318 m2 289668 -0.000368739566 0.5 p-1 -9292 15
858 319 m2 290952 -0.000680923054 0.5 p-1 -9942 6
202 321 m2 293082 -0.000226766831 0.5 p-1 -363295 530
1175 323 m2 293640 -0.000167028673 0.5 p-1 -34074 1
273 324 m2 294933 0.0127200903 0.5 p-1 -272075 232
1119 325 m2 295764 0.0210504588 0.5 p-1 -4832 1
47 326 m2 296014 -4.72345928e-05 0.5 p-1 -4807649 1414
465 327 m2 296502 0.0148676643 0.5 p-1 -3602679 424
706 328 m2 297769 0.000152383946 0.5 p-1 -363316 110
1020 330 m2 298801 -4.80380804e-05 0.5 p-1 -957073 19
707 331 m2 299720 -0.00391227193 0.5 p-1 -565901 18
610 332 m2 300718 0.0138035286 0.5 p-1 -126320 35
976 334 m2 302996 -0.0063856137 0.5 p-1 -75524 15
852 335 m2 303054 0.00151128718 0.5 p-1 -50030 10
972 336 m2 303247 1.11957263e-06 0.5 p-1 -92530 2
48 338 m2 303521 0.000131072127 0.5 p-1 -3298934 982
49 339 m2 304207 3.03881421e-07 0.5 p-1 -1422692 45
368 340 m2 304301 -0.00172535516 0.5 p-1 -71258 120
769 341 m2 305103 -0.0243980717 0.5 p-1 -3409642 34
203 343 m2 306194 -5.99728583e-06 0.5 p-1 -12257157 317
1091 344 m2 306312 0.00041353525 0.5 p-1 -9764 11
748 345 m2 307495 0.00222540577 0.5 p-1 -101361 39
1226 346 m2 308047 0.0208064783 0.5 p-1 -20225 3
204 347 m2 310515 0.0248798262 0.5 p-1 -1742014 37
50 348 m2 310980 0.00117677427 0.5 p-1 -3870540 214
553 349 m2 311283 0.00184865296 0.5 p-1 -8102725 239
51 350 m2 311645 0.0290377103 0.5 p-1 -1412004 1050
52 351 m2 311772 6.81552638e-06 0.5 p-1 -2864130 971
53 352 m2 312641 4.70592931e-06 0.5 p-1 -5104492 1409
491 353 m2 315305 -2.48637371e-05 0.5 p-1 -774395 264
894 354 m2 315472 -0.000122644458 0.5 p-1 -850261 50
369 355 m2 315712 0.00375562836 0.5 p-1 -97312 24
939 356 m2 317855 -0.000244206982 0.5 p-1 -4289 2
54 357 m2 318157 0.0109356102 0.5 p-1 -6932928 1593
1290 358 m2 318210 -9.0564834e-05 0.5 p-1 -230 1
505 359 m2 321184 0.0371907949 0.5 p-1 -339986 150
55 360 m2 321655 0.0446781367 0.5 p-1 -5752461 271
205 361 m2 322226 0.000137181385 0.5 p-1 -161880 66
206 362 m2 322715 0.00171731156 0.5 p-1 -2740200 291
708 363 m2 323263 -0.000103939943 0.5 p-1 -115428 68
565 364 m2 323326 0.0023868503 0.5 p-1 -41278 41
1176 365 m2 324947 -7.05647763e-05 0.5 p-1 -9949 2
655 366 m2 324983 -0.000109431719 0.5 p-1 -229000 153
370 367 m2 325300 -0.00043954479 0.5 p-1 -1222635 802
322 368 m2 326292 0.00112838508 0.5 p-1 -198788 17
1214 369 m2 326314 -0.00911429618 0.5 p-1 -5961 2
207 370 m2 326515 -0.00832623336 0.5 p-1 -2536562 1289
676 371 m2 327090 -0.0286586452 0.5 p-1 -392344 118
993 374 m2 329969 0.0155879185 0.5 p-1 -139832 31
1260 375 m2 331010 -0.000928831054 0.5 p-1 -27851 3
1206 377 m2 331599 -0.0280276146 0.5 p-1 -21241 2
873 379 m2 332238 0.00464470405 0.5 p-1 -175606 31
275 380 m2 336895 0.00863889139 0.5 p-1 -3329034 1015
56 384 m2 338272 4.41269503e-06 0.5 p-1 -376482 59
518 385 m2 338928 0.00158320542 0.5 p-1 -344722 151
323 387 m2 340246 -0.00835992303 0.5 p-1 -1224119 819
448 388 m2 340547 -0.00141426595 0.5 p-1 -92939 11
506 389 m2 342042 0.000190901497 0.5 p-1 -694728 157
724 390 m2 342195 -0.00454083551 0.5 p-1 -226731 7
1051 391 m2 343073 -0.000546847121 0.5 p-1 -18144 11
422 392 m2 343379 -0.0047272006 0.5 p-1 -420181 42
519 394 m2 344345 -0.0122157522 0.5 p-1 -13726 5
209 396 m2 344827 0.000385967374 0.5 p-1 -3564481 1728
542 397 m2 345941 0.00817379635 0.5 p-1 -635427 39
623 398 m2 346326 -7.03722799e-06 0.5 p-1 -346065 66
371 399 m2 346648 -0.00142182223 0.5 p-1 -2710103 418
210 401 m2 348672 -0.0119888512 0.5 p-1 -11716446 470
57 402 m2 348871 1.6249875e-07 0.5 p-1 -2990829 1782
728 403 m2 349543 0.00579650467 0.5 p-1 -42950 14
804 404 m2 349599 -0.0203444548 0.5 p-1 -817267 93
211 407 m2 352657 -0.000257948937 0.5 p-1 -328489 97
276 409 m2 353428 -0.0189282242 0.5 p-1 -104139 89
58 410 m2 353439 -0.00356007484 0.5 p-1 -1607429 381
577 411 m2 353591 -0.0149754258 0.5 p-1 -1321221 40
740 412 m2 354186 -0.0266631395 0.5 p-1 -147185 16
212 413 m2 355110 0.00165040721 0.5 p-1 -387692 259
423 414 m2 355163 0.019039046 0.5 p-1 -578397 66
492 416 m2 357187 0.0204099808 0.5 p-1 -1334232 157
1032 418 m2 359040 -0.00749451527 0.5 p-1 -36039 4
213 420 m2 361120 0.017441636 0.5 p-1 -2307047 650
931 421 m2 361154 0.00675075268 0.5 p-1 -1682 4
324 422 m2 361421 0.00253703841 0.5 p-1 -622586 537
214 423 m2 362299 0.00353004946 0.5 p-1 -635095 35
277 425 m2 365138 0.00102397159 0.5 p-1 -513599 130
325 426 m2 365421 -1.09354769e-05 0.5 p-1 -527891 538
943 427 m2 365761 1.99619922e-06 0.5 p-1 -3053 2
971 430 m2 366840 0.00193067931 0.5 p-1 -222056 5
1038 431 m2 367398 -6.56807174e-07 0.5 p-1 -53268 8
326 432 m2 368183 -0.0070343418 0.5 p-1 -1495264 678
215 434 m2 369833 3.08778981e-05 0.5 p-1 -1084428 557
633 435 m2 370638 -0.00204022182 0.5 p-1 -81955 60
729 436 m2 372668 -0.00139702542 0.5 p-1 -4961 1
60 437 m2 373237 0.00786746852 0.5 p-1 -2643144 765
1104 438 m2 373391 9.24054439e-06 0.5 p-1 -39788 3
61 439 m2 373682 8.64097444e-07 0.5 p-1 -2608174 884
1170 440 m2 374014 -0.00257778051 0.5 p-1 -10970 8
1262 441 m2 375488 -0.00379403285 0.5 p-1 -4051 2
1037 442 m2 376583 0.00040316896 0.5 p-1 -24821 16
1403 443 m2 377206 -0.00716628646 0.5 p-1 -108987 1
216 444 m2 377483 0.0177074466 0.5 p-1 -1229271 969
63 446 m2 380197 -0.00193694932 0.5 p-1 -454147 79
520 447 m2 380545 7.96904442e-06 0.5 p-1 -740834 377
328 449 m2 381981 0.000622057996 0.5 p-1 -1208622 441
1046 450 m2 382462 -0.00648113666 0.5 p-1 -7885 1
65 452 m2 383679 1.82778876e-06 0.5 p-1 -467330 368
709 453 m2 387430 -0.00176711567 0.5 p-1 -57594 62
373 454 m2 387442 0.000655647542 0.5 p-1 -456369 561
466 455 m2 387770 0.0126964124 0.5 p-1 -86323 47
1130 456 m2 388490 0.0896852165 0.5 p-1 -6430 4
66 457 m2 390533 4.00415411e-05 0.5 p-1 -3340889 811
217 458 m2 391181 0.00131339987 0.5 p-1 -2687916 935
67 460 m2 397356 0.000284414418 0.5 p-1 -2563015 466
1394 461 m2 397543 -0.0113106314 0.5 p-1 -4753 1
940 462 m2 399644 0.0330482796 0.5 p-1 -39165 33
958 463 m2 401420 -0.0396568589 0.5 p-1 -54786 27
68 464 m2 401903 -0.015891416 0.5 p-1 -4018429 1893
691 465 m2 402402 0.044946339 0.5 p-1 -20651 8
928 466 m2 403141 -6.69028259e-06 0.5 p-1 -6017 6
69 467 m2 403427 -0.00321506779 0.5 p-1 -455937 415
467 469 m2 405208 0.0031973822 0.5 p-1 -301035 101
862 470 m2 407630 0.000190269566 0.5 p-1 -138570 22
278 471 m2 408096 0.00093538349 0.5 p-1 -366193 51
836 472 m2 408219 0.0267402232 0.5 p-1 -250134 102
1040 473 m2 409271 0.0324369334 0.5 p-1 -25548 10
329 474 m2 410358 -0.0016627385 0.5 p-1 -3007565 489
700 475 m2 411151 0.00023090755 0.5 p-1 -172153 156
680 478 m2 412387 0.0145877069 0.5 p-1 -169573 67
375 479 m2 412621 -0.00038481396 0.5 p-1 -8488433 401
70 480 m2 412882 -5.99562663e-05 0.5 p-1 -220257 138
922 482 m2 413588 -0.00178717659 0.5 p-1 -46535 3
507 483 m2 413849 0.00904190075 0.5 p-1 -1572697 419
1047 486 m2 417185 -0.00415183464 0.5 p-1 -20539 1
468 487 m2 419638 3.26941763e-09 0.5 p-1 -6337475 191
1140 489 m2 420827 0.0306092147 0.5 p-1 -10314 10
220 490 m2 421635 -0.000253652863 0.5 p-1 -3420630 505
1082 491 m2 422539 -0.00826589856 0.5 p-1 -56770 9
714 492 m2 423804 0.00271739229 0.5 p-1 -279302 17
521 493 m2 424637 -0.00031838307 0.5 p-1 -50756 3
579 494 m2 425701 0.039305754 0.5 p-1 -392628 41
71 495 m2 426220 -0.0283286385 0.5 p-1 -361532 630
598 496 m2 426305 0.000124783735 0.5 p-1 -46346 94
951 497 m2 426701 2.13043459e-05 0.5 p-1 -25884 8
1164 498 m2 427496 -0.000422956655 0.5 p-1 -20470 3
766 499 m2 428906 -0.00380233605 0.5 p-1 -7518594 125
1203 500 m2 428949 -1.13820825e-07 0.5 p-1 -2139 2
1077 501 m2 430974 0.0080351634 0.5 p-1 -302917 15
405 502 m2 433331 -0.0135558909 0.5 p-1 -124597 43
1098 504 m2 436312 -0.0804567486 0.5 p-1 -11138 5
749 506 m2 436580 0.0291766748 0.5 p-1 -233446 51
73 507 m2 436684 0.0388177186 0.5 p-1 -9764916 1706
74 508 m2 438029 0.00253932388 0.5 p-1 -6565413 1516
911 509 m2 440222 0.00251230132 0.5 p-1 -5417 4
710 511 m2 441019 0.00258239941 0.5 p-1 -147569 19
280 512 m2 443013 0.00121040142 0.5 p-1 -2082532 334
612 513 m2 445453 0.00563693512 0.5 p-1 -4085994 168
281 514 m2 446110 0.0119129252 0.5 p-1 -118139 108
1159 515 m2 447267 -0.00696784118 0.5 p-1 -29223 8
670 516 m2 447723 0.000960939273 0.5 p-1 -1112067 231
1237 517 m2 449589 0.000311237061 0.5 p-1 -3549 2
223 519 m2 450450 0.0159776788 0.5 p-1 -895555 1173
1112 521 m2 451257 0.00245142286 0.5 p-1 -9548 9
681 523 m2 453330 0.000447461876 0.5 p-1 -9537 5
682 524 m2 454140 0.00167850649 0.5 p-1 -87051 32
406 526 m2 454930 0.000106120002 0.5 p-1 -4909437 187
75 527 m2 457593 4.80413928e-06 0.5 p-1 -4383143 1962
634 528 m2 458647 0.000637815625 0.5 p-1 -25936 10
977 530 m2 459894 -5.68684709e-06 0.5 p-1 -3845 3
330 531 m2 460533 -0.0078496607 0.5 p-1 -775199 177
522 532 m2 460815 -0.109677322 0.5 p-1 -94343 35
282 534 m2 461072 4.65576327e-10 0.5 p-1 -1195048 564
959 535 m2 461518 0.00413135253 0.5 p-1 -23901 21
787 536 m2 463250 -0.0123160994 0.5 p-1 -4025 1
824 537 m2 466128 0.00324031967 0.5 p-1 -161230 24
1399 538 m2 466585 0.00907761976 0.5 p-1 -1280 1
912 539 m2 467306 -0.00686019612 0.5 p-1 -1577038 21
449 540 m2 467990 2.53340005e-07 0.5 p-1 -88857 16
952 541 m2 468116 -0.00105438312 0.5 p-1 -71089 21
469 542 m2 468188 4.02279784e-06 0.5 p-1 -980738 348
613 544 m2 470131 -7.26723428e-08 0.5 p-1 -310512 81
758 545 m2 471050 0.00629693037 0.5 p-1 -605720 143
960 546 m2 471311 0.005559335 0.5 p-1 -5568 5
450 547 m2 472176 -0.00549348164 0.5 p-1 -65425 14
407 548 m2 472779 6.09403505e-05 0.5 p-1 -1510755 249
424 549 m2 473604 -0.00346713536 0.5 p-1 -24877 5
508 551 m2 474243 -0.00130261516 0.5 p-1 -45879 16
665 554 m2 477019 4.6393212e-05 0.5 p-1 -294376 173
224 555 m2 478132 0.00686267996 0.5 p-1 -894074 226
77 556 m2 478572 0.0109506175 0.5 p-1 -6152113 1711
1393 557 m2 479960 0.00099960377 0.5 p-1 -24307 1
225 558 m2 481303 0.0224067681 0.5 p-1 -3526428 744
770 559 m2 481492 -1.25987287e-09 0.5 p-1 -79208 36
226 560 m2 481965 0.00128488149 0.5 p-1 -1135817 961
995 561 m2 483044 -0.0445866436 0.5 p-1 -8687 4
1158 562 m2 484019 0.0100270621 0.5 p-1 -22405 4
1055 563 m2 490236 0.000129282125 0.5 p-1 -43619 4
283 564 m2 491120 0.000404764054 0.5 p-1 -8863204 925
1056 565 m2 491420 -0.00113224646 0.5 p-1 -54875 4
1142 566 m2 493634 -0.0312241241 0.5 p-1 -5748 3
451 567 m2 493833 -0.00283083646 0.5 p-1 -4610476 809
79 568 m2 494067 0.0662470981 0.5 p-1 -1675343 989
947 569 m2 494469 1.33816893e-05 0.5 p-1 -9407 5
80 570 m2 494713 9.46402724e-05 0.5 p-1 -7932496 1117
227 571 m2 498529 -0.0125642279 0.5 p-1 -961439 356
1026 572 m2 498810 0.00124905945 0.5 p-1 -6309 2
81 573 m2 499118 -0.0183377638 0.5 p-1 -4324299 705
771 574 m2 499482 -0.000455142115 0.5 p-1 -3421551 19
788 575 m2 500087 -0.00341063319 0.5 p-1 -1271205 118
376 576 m2 500286 0.0011647474 0.5 p-1 -322973 105
1348 577 m2 501570 -0.020348724 0.5 p-1 -2079 3
926 578 m2 502979 -0.00516605563 0.5 p-1 -10104 1
904 579 m2 503698 6.85419291e-05 0.5 p-1 -310936 103
1284 583 m2 507739 0.00039431543 0.5 p-1 -16879 8
284 585 m2 509181 -0.00119164912 0.5 p-1 -936471 165
523 586 m2 509990 7.13345289e-05 0.5 p-1 -432320 67
331 587 m2 510841 -7.14943553e-06 0.5 p-1 -658574 395
228 589 m2 512933 -0.0117752487 0.5 p-1 -1036870 428
285 590 m2 514300 0.000697239069 0.5 p-1 -1403812 744
1200 592 m2 517228 0.0316156 0.5 p-1 -2664 1
408 593 m2 519108 -8.83301545e-05 0.5 p-1 -1794240 98
495 594 m2 520163 0.0120673561 0.5 p-1 -17772 17
987 595 m2 520316 0.000104661027 0.5 p-1 -9783 4
1161 597 m2 522940 0.0131352348 0.5 p-1 -1580 2
230 601 m2 528508 -2.39481869e-05 0.5 p-1 -3578000 806
287 602 m2 528772 -0.00690853409 0.5 p-1 -1574144 985
509 603 m2 528812 -0.000964535109 0.5 p-1 -1420454 375
496 604 m2 529141 -0.0359826274 0.5 p-1 -15003 18
567 606 m2 529992 0.00184966018 0.5 p-1 -375920 116
470 609 m2 530745 -0.000499323127 0.5 p-1 -50006 27
497 610 m2 531434 0.0546323806 0.5 p-1 -357185 223
332 611 m2 531610 -0.000311469572 0.5 p-1 -38058 46
1353 612 m2 531679 0.000262666494 0.5 p-1 -1005 1
1222 614 m2 534113 -8.44768074e-05 0.5 p-1 -6889 4
624 615 m2 535934 0.0127253076 0.5 p-1 -3291683 114
86 616 m2 537161 -0.000810174795 0.5 p-1 -4706927 1913
885 617 m2 537695 0.000614239485 0.5 p-1 -153875 53
1339 618 m2 538198 -0.00940945745 0.5 p-1 -1939 1
377 621 m2 540921 -4.48217434e-05 0.5 p-1 -8999223 934
580 622 m2 542259 -0.000954009476 0.5 p-1 -1409483 157
1010 623 m2 543101 0.00303854956 0.5 p-1 -3187 1
87 624 m2 545720 2.08530237e-05 0.5 p-1 -6242950 1531
905 625 m2 545738 -0.0347265191 0.5 p-1 -15383 3
588 629 m2 549060 2.24980085e-05 0.5 p-1 -1042420 73
701 630 m2 551556 -0.00724377856 0.5 p-1 -38264 15
288 631 m2 551958 -0.00938751362 0.5 p-1 -3066071 595
734 632 m2 552378 0.000316615391 0.5 p-1 -41864 63
231 633 m2 552657 -0.001345973 0.5 p-1 -12128936 1135
88 634 m2 553234 -0.00145979808 0.5 p-1 -3093302 1459
754 636 m2 556731 -0.000362277875 0.5 p-1 -126819 13
232 637 m2 557017 -0.000408189051 0.5 p-1 -1096758 553
741 638 m2 557672 0.0500693247 0.5 p-1 -258599 23
1060 639 m2 558492 -1.9479241e-05 0.5 p-1 -506912 11
1179 640 m2 559320 -0.00395346433 0.5 p-1 -439393 11
334 641 m2 560358 0.0119049354 0.5 p-1 -114990 33
760 642 m2 561591 -0.00285371835 0.5 p-1 -78587 16
635 643 m2 565490 -2.73637198e-07 0.5 p-1 -243200 37
379 646 m2 566724 0.00647712825 0.5 p-1 -1869747 660
636 648 m2 567197 -0.0787849277 0.5 p-1 -147089 37
524 649 m2 568629 -3.76010007e-06 0.5 p-1 -452628 191
89 650 m2 570274 -0.0112978304 0.5 p-1 -5856998 569
1233 651 m2 571907 -0.0575339124 0.5 p-1 -40587 2
889 652 m2 573573 -0.000584075344 0.5 p-1 -24062 1
1197 653 m2 574516 -0.00495765451 0.5 p-1 -11659 2
90 654 m2 574951 0.0131420484 0.5 p-1 -1783294 256
692 655 m2 574988 0.00114318717 0.5 p-1 -2432457 179
890 657 m2 576718 0.00699442672 0.5 p-1 -171351 1
91 658 m2 579048 0.00265227701 0.5 p-1 -6483731 1162
92 659 m2 579155 -7.06071514e-05 0.5 p-1 -7803817 1170
234 660 m2 583516 -0.000730494969 0.5 p-1 -3043098 969
1291 661 m2 585420 -4.95988788e-05 0.5 p-1 -17310 2
410 662 m2 586844 -0.0151610989 0.5 p-1 -19719972 476
1272 663 m2 587009 -0.00668325974 0.5 p-1 -10399 1
554 665 m2 588297 0.0541955121 0.5 p-1 -1318138 217
94 666 m2 588564 -0.00462936051 0.5 p-1 -2201932 1472
95 667 m2 589707 0.050582435 0.5 p-1 -3065679 1879
1299 669 m2 592058 0.00164552662 0.5 p-1 -23086 1
1065 670 m2 592202 0.0137156406 0.5 p-1 -36467 9
96 671 m2 592744 0.000201470175 0.5 p-1 -895931 791
335 672 m2 594680 -0.00669589732 0.5 p-1 -1632160 832
425 675 m2 597174 -0.0063544591 0.5 p-1 -255248 107
614 676 m2 597843 0.000368759938 0.5 p-1 -59713 18
637 678 m2 599144 -0.000495026936 0.5 p-1 -142894 50
1275 680 m2 600193 -6.08454275e-06 0.5 p-1 -4887 2
1072 681 m2 600268 0.000216918139 0.5 p-1 -27924 22
1116 682 m2 601140 0.00112867833 0.5 p-1 -19711 7
97 683 m2 602384 6.88364598e-05 0.5 p-1 -2971420 1538
555 684 m2 602706 0.00098669494 0.5 p-1 -216750 137
289 685 m2 604119 -0.0543536842 0.5 p-1 -5133883 1360
1227 686 m2 605117 -0.00286204508 0.5 p-1 -3432 5
98 687 m2 605616 -0.00692575984 0.5 p-1 -2399682 636
720 688 m2 607437 -0.0057100351 0.5 p-1 -574418 40
99 689 m2 607902 5.07214145e-06 0.5 p-1 -57634 60
1154 690 m2 608100 -0.0315525793 0.5 p-1 -22715 3
100 691 m2 610515 -4.41699049e-05 0.5 p-1 -1573434 839
1041 692 m2 611165 -0.000124051236 0.5 p-1 -639 1
827 694 m2 612974 0.000144078353 0.5 p-1 -186505 37
1248 695 m2 613353 0.0307694878 0.5 p-1 -183969 8
236 696 m2 613597 0.00209090905 0.5 p-1 -701140 746
510 697 m2 615119 7.91544874e-09 0.5 p-1 -248266 85
721 698 m2 616584 -0.00090374361 0.5 p-1 -86117 26
599 699 m2 616635 -0.0173449405 0.5 p-1 -58718 103
238 700 m2 617981 0.00974608678 0.5 p-1 -6687461 816
102 701 m2 618078 0.00226554787 0.5 p-1 -9182338 1697
1099 702 m2 618441 -0.000248114171 0.5 p-1 -361 2
1109 703 m2 620610 0.00141280703 0.5 p-1 -98738 16
638 705 m2 623271 -0.000733552675 0.5 p-1 -687800 25
452 707 m2 623705 -0.004083612 0.5 p-1 -986752 172
453 708 m2 624161 -0.000381845894 0.5 p-1 -439125 158
556 709 m2 624456 0.000127146472 0.5 p-1 -65597 71
982 710 m2 625135 4.18362838e-08 0.5 p-1 -5029 3
104 711 m2 628041 -0.00717375986 0.5 p-1 -2435725 1108
639 712 m2 628546 -2.06867207e-06 0.5 p-1 -24014 23
1137 713 m2 628980 -1.559474e-05 0.5 p-1 -11127 5
644 714 m2 629708 -0.00762918685 0.5 p-1 -105255 49
750 716 m2 630548 0.000168474973 0.5 p-1 -167837 48
793 717 m2 630861 -0.00323319272 0.5 p-1 -85054 6
1271 718 m2 631522 1.64504909e-05 0.5 p-1 -29545 7
1075 719 m2 633737 0.000797318411 0.5 p-1 -1040 4
702 721 m2 633848 -0.0496609136 0.5 p-1 -82596 29
336 722 m2 635637 -0.00183592131 0.5 p-1 -3325235 965
703 723 m2 636535 -0.000151276836 0.5 p-1 -235909 65
337 724 m2 636536 -0.000240989641 0.5 p-1 -6199894 194
794 725 m2 637003 -0.00750360033 0.5 p-1 -325516 12
105 726 m2 637629 0.0599398687 0.5 p-1 -3759543 706
876 727 m2 637717 -0.00620888872 0.5 p-1 -31316 16
106 729 m2 637990 0.00272740726 0.5 p-1 -1555240 576
107 730 m2 639933 2.44975581e-06 0.5 p-1 -7285552 1555
108 731 m2 640966 -4.44907128e-05 0.5 p-1 -653471 176
455 732 m2 642263 -0.0410521589 0.5 p-1 -362221 111
456 733 m2 643267 0.000752940425 0.5 p-1 -582932 126
471 734 m2 643341 0.00828172173 0.5 p-1 -774220 284
811 736 m2 646631 0.000329155417 0.5 p-1 -70917 12
1096 738 m2 650452 0.0243712608 0.5 p-1 -2379 2
568 740 m2 652166 -0.00834405329 0.5 p-1 -591595 184
380 741 m2 652233 0.00135139958 0.5 p-1 -778059 182
1261 742 m2 652346 4.91720311e-05 0.5 p-1 -5038 2
1235 744 m2 654643 -0.0089576235 0.5 p-1 -1393 1
529 745 m2 654865 -4.84151224e-06 0.5 p-1 -130066 38
1324 746 m2 658284 -0.000609501963 0.5 p-1 -9803 1
109 747 m2 658629 -0.000370310765 0.5 p-1 -4126313 1844
815 748 m2 659804 1.85832068e-05 0.5 p-1 -694515 63
689 749 m2 659824 -0.00216050446 0.5 p-1 -159939 62
240 750 m2 660759 -0.00242190063 0.5 p-1 -1924193 338
110 751 m2 660790 -0.00198287028 0.5 p-1 -232731 49
557 752 m2 661390 0.00066364411 0.5 p-1 -118751 78
381 753 m2 662351 0.0160976108 0.5 p-1 -4631132 428
290 754 m2 662688 1.02185304e-05 0.5 p-1 -2617730 358
472 755 m2 663010 0.00399371888 0.5 p-1 -1180741 62
1294 757 m2 663972 3.11807198e-05 0.5 p-1 -2736 1
907 758 m2 664097 -5.67673414e-05 0.5 p-1 -21196 8
291 760 m2 665192 0.00200957339 0.5 p-1 -1113925 390
908 761 m2 665485 -0.0140680354 0.5 p-1 -1184 3
111 762 m2 665847 0.00113721017 0.5 p-1 -1681187 487
473 763 m2 666054 0.00690863421 0.5 p-1 -20335 9
112 764 m2 666382 -7.74668879e-05 0.5 p-1 -212410 88
954 765 m2 667325 -0.000701201148 0.5 p-1 -310930 6
711 766 m2 667932 -0.000669326168 0.5 p-1 -172559 46
881 767 m2 668175 3.70765779e-10 0.5 p-1 -7495 6
338 768 m2 668203 0.000136039147 0.5 p-1 -1441926 478
1023 769 m2 668307 -0.00693753548 0.5 p-1 -86173 10
656 770 m2 668404 0.00333270943 0.5 p-1 -12783741 109
657 771 m2 668645 -0.0021076405 0.5 p-1 -7892251 62
382 772 m2 669341 0.00177705754 0.5 p-1 -555240 82
339 773 m2 669379 0.0174359456 0.5 p-1 -326663 164
113 774 m2 670660 -0.00212139124 0.5 p-1 -5825919 1411
474 775 m2 673371 0.0351520069 0.5 p-1 -1186457 225
411 777 m2 676529 -0.0245218016 0.5 p-1 -284090 59
115 778 m2 676921 -0.00159137906 0.5 p-1 -2085462 1204
726 779 m2 676981 0.0303795915 0.5 p-1 -336335 13
116 781 m2 677531 0.000725765654 0.5 p-1 -714412 285
530 782 m2 679239 -4.41647644e-05 0.5 p-1 -115456 140
570 783 m2 679360 -0.00151498301 0.5 p-1 -199640 127
1103 784 m2 680083 8.25106254e-05 0.5 p-1 -9644 7
340 785 m2 680168 0.024893228 0.5 p-1 -3496910 485
242 786 m2 680375 0.000370141148 0.5 p-1 -1709111 641
887 787 m2 681518 0.0148671782 0.5 p-1 -69886 5
341 788 m2 684131 3.11865108e-07 0.5 p-1 -394197 96
457 789 m2 684204 0.014573548 0.5 p-1 -1468226 686
458 790 m2 684374 -0.00564520946 0.5 p-1 -415907 663
243 791 m2 686485 0.00134994602 0.5 p-1 -2566606 571
812 792 m2 686490 0.00832996424 0.5 p-1 -37260 10
999 794 m2 687899 0.00657086121 0.5 p-1 -122804 4
1243 795 m2 688075 0.00653983001 0.5 p-1 -604 3
730 796 m2 688275 0.0309284367 0.5 p-1 -642393 120
412 797 m2 688737 0.0210949592 0.5 p-1 -474535 335
756 798 m2 690498 -0.00549466116 0.5 p-1 -369080 15
342 801 m2 692388 0.00045002572 0.5 p-1 -1898115 170
118 802 m2 692492 0.00137667672 0.5 p-1 -2830196 964
652 803 m2 694371 -1.55426196e-08 0.5 p-1 -26007 18
877 804 m2 694961 0.00595460134 0.5 p-1 -290271 82
1127 805 m2 695876 0.000218255795 0.5 p-1 -80848 2
816 806 m2 696309 0.0406943783 0.5 p-1 -55812 28
626 807 m2 697261 0.000462981377 0.5 p-1 -284381 68
292 808 m2 699313 2.29344386e-12 0.5 p-1 -3882233 660
244 809 m2 700363 -0.000901032996 0.5 p-1 -1873400 1035
293 810 m2 701357 -0.0303960871 0.5 p-1 -1304260 1122
475 812 m2 703640 -9.6459451e-05 0.5 p-1 -300448 221
383 813 m2 703835 0.000156418537 0.5 p-1 -17397 7
640 814 m2 704183 -0.00345579349 0.5 p-1 -268562 30
1048 815 m2 705201 0.00270951679 0.5 p-1 -362202 3
762 816 m2 705401 -0.000322359643 0.5 p-1 -195723 119
120 817 m2 707655 -0.0971243232 0.5 p-1 -7991536 1678
426 818 m2 708461 0.00685966248 0.5 p-1 -523804 163
772 819 m2 709421 -0.0057705855 0.5 p-1 -368653 158
1045 821 m2 710118 0.000119061413 0.5 p-1 -5950 1
121 822 m2 710454 -0.00630599959 0.5 p-1 -4778044 1634
498 825 m2 711941 0.012634634 0.5 p-1 -260405 111
859 827 m2 715001 -0.00155789754 0.5 p-1 -62549 84
742 828 m2 715247 -0.0182484463 0.5 p-1 -4657 2
295 829 m2 715259 -0.000580739346 0.5 p-1 -225263 181
343 830 m2 715607 0.00129537308 0.5 p-1 -1991699 314
1149 831 m2 716746 0.0173836481 0.5 p-1 -68801 31
1042 832 m2 717790 -0.000477579713 0.5 p-1 -28438 6
476 833 m2 719078 -0.000343647494 0.5 p-1 -93211 40
627 834 m2 719386 0.0133707533 0.5 p-1 -351865 80
860 837 m2 720446 0.0115013681 0.5 p-1 -105024 56
924 838 m2 722353 -5.22721741e-08 0.5 p-1 -268692 11
1302 839 m2 723199 -0.0278419778 0.5 p-1 -15108 3
1150 840 m2 723315 0.000434800953 0.5 p-1 -1676 3
1166 842 m2 726531 -0.00038615847 0.5 p-1 -9784 1
123 843 m2 728538 0.000774460495 0.5 p-1 -712216 641
796 844 m2 732059 0.00516902097 0.5 p-1 -9302 5
126 845 m2 734921 9.36341312e-05 0.5 p-1 -3438707 1474
1106 846 m2 735439 -0.0125276502 0.5 p-1 -113805 11
1017 847 m2 738149 -0.000605703506 0.5 p-1 -24512 7
840 848 m2 738640 0.0406764038 0.5 p-1 -25873 10
127 849 m2 739377 -0.0137876598 0.5 p-1 -2510037 280
1084 850 m2 742364 0.10322123 0.5 p-1 -964255 9
941 851 m2 742514 -0.00897490699 0.5 p-1 -80404 28
829 853 m2 742546 -0.0243205857 0.5 p-1 -123593 6
572 854 m2 742560 -0.00242404058 0.5 p-1 -307097 116
736 855 m2 743163 0.00142790982 0.5 p-1 -1776754 112
863 856 m2 745217 -0.00166812609 0.5 p-1 -63551 17
477 857 m2 745219 0.00177871902 0.5 p-1 -581576 174
1165 858 m2 745350 0.0302335545 0.5 p-1 -3779 1
246 860 m2 747267 0.000127527281 0.5 p-1 -1570753 1552
128 861 m2 750797 0.00405639969 0.5 p-1 -416018 125
129 862 m2 751201 -0.0023050101 0.5 p-1 -3901096 150
895 863 m2 751370 -7.34178275e-06 0.5 p-1 -82177 11
130 864 m2 751450 -2.79228333e-12 0.5 p-1 -4742576 794
459 865 m2 751571 -0.00041750152 0.5 p-1 -43237 20
806 866 m2 753797 -0.000304165151 0.5 p-1 -199480 18
615 867 m2 753978 0.0362965427 0.5 p-1 -1799237 65
131 868 m2 754023 0.00828848965 0.5 p-1 -556993 20
133 869 m2 755506 0.000328560011 0.5 p-1 -7763867 1441
932 870 m2 755925 -0.000943977328 0.5 p-1 -2594 2
478 871 m2 755926 -0.0151589997 0.5 p-1 -438796 278
134 873 m2 760165 0.00170323148 0.5 p-1 -5581806 601
531 874 m2 760193 2.54965507e-05 0.5 p-1 -1749343 41
135 875 m2 760335 -8.81609667e-05 0.5 p-1 -4210668 599
345 876 m2 760709 0.0220171828 0.5 p-1 -577997 33
532 877 m2 762040 -7.42557677e-05 0.5 p-1 -2946647 191
136 878 m2 764077 -0.00261123036 0.5 p-1 -2188474 713
1071 880 m2 767644 0.00221933471 0.5 p-1 -12194 11
847 881 m2 770215 -0.0393816121 0.5 p-1 -98068 32
384 882 m2 771767 -0.0620820038 0.5 p-1 -364669 293
137 883 m2 771806 -0.0233823732 0.5 p-1 -1556220 665
138 884 m2 774235 0.00814906508 0.5 p-1 -1951976 1683
139 885 m2 774756 -0.000340443861 0.5 p-1 -2487021 884
1218 886 m2 774925 -9.94699167e-06 0.5 p-1 -10092 2
953 888 m2 775850 -0.00986697525 0.5 p-1 -20212 16
1209 889 m2 776233 -0.033003021 0.5 p-1 -35086 13
1296 890 m2 777392 -0.0336123407 0.5 p-1 -3457 2
140 891 m2 777561 -9.99529766e-06 0.5 p-1 -2436443 1025
850 893 m2 781032 -0.0357161053 0.5 p-1 -81028 13
141 894 m2 781365 -0.00148251886 0.5 p-1 -1234263 616
1097 895 m2 781447 3.50572445e-05 0.5 p-1 -6914373 17
616 896 m2 781493 0.000233037921 0.5 p-1 -95857 52
573 897 m2 782931 -3.51001503e-08 0.5 p-1 -238555 125
385 898 m2 783471 0.00152023579 0.5 p-1 -1900442 278
871 899 m2 783591 -0.00192814891 0.5 p-1 -306345 72
910 900 m2 785071 0.0113564106 0.5 p-1 -59144 9
693 901 m2 785691 6.46973319e-07 0.5 p-1 -81396 30
968 902 m2 785705 -0.00723478151 0.5 p-1 -7005 13
601 903 m2 786059 -0.000124799466 0.5 p-1 -4467666 91
1184 904 m2 786200 -2.68737986e-05 0.5 p-1 -16913 2
298 905 m2 787792 0.000549742777 0.5 p-1 -5627254 323
1351 906 m2 790106 0.00372383278 0.5 p-1 -5380 2
1266 907 m2 791995 -0.00541068939 0.5 p-1 -3153 1
991 909 m2 792939 0.000261007575 0.5 p-1 -345531 8
967 910 m2 795009 0.00050106697 0.5 p-1 -116489 27
1151 913 m2 796849 -8.51669975e-05 0.5 p-1 -18502 6
428 914 m2 799417 0.000327417685 0.5 p-1 -3246736 205
429 915 m2 800564 -3.7671376e-05 0.5 p-1 -487805 174
843 916 m2 800868 -0.0502105951 0.5 p-1 -71993 35
696 917 m2 801714 -0.00101154845 0.5 p-1 -528016 30
667 918 m2 802854 0.000252320082 0.5 p-1 -2888176 126
784 919 m2 802987 -0.0125798909 0.5 p-1 -66343 18
834 920 m2 803294 0.0065194713 0.5 p-1 -25361 28
143 921 m2 805380 4.54351139e-05 0.5 p-1 -5719078 981
479 922 m2 805840 -4.68935787e-06 0.5 p-1 -56656 44
499 923 m2 806315 -5.19194873e-05 0.5 p-1 -96067 40
902 926 m2 807884 -0.00643224781 0.5 p-1 -158973 2
685 927 m2 809349 0.0043890588 0.5 p-1 -5742249 110
558 928 m2 810701 -0.000425030681 0.5 p-1 -509205 254
414 929 m2 811714 0.03591194 0.5 p-1 -1309345 100
386 930 m2 812132 0.0132183405 0.5 p-1 -2879855 125
430 931 m2 812227 1.37832819e-06 0.5 p-1 -3178347 1034
1219 933 m2 813547 0.0407358594 0.5 p-1 -439 2
387 934 m2 814516 -0.00999228191 0.5 p-1 -3922719 792
247 935 m2 815700 0.00100500439 0.5 p-1 -1932949 1315
1014 936 m2 815945 0.00238986663 0.5 p-1 -50506 6
1363 937 m2 816745 1.10842775e-08 0.5 p-1 -81 2
851 938 m2 818069 0.000135873954 0.5 p-1 -78848 31
1241 939 m2 818764 3.79145763e-06 0.5 p-1 -25232 1
996 941 m2 820076 -6.69725068e-06 0.5 p-1 -14743 13
300 943 m2 820704 0.00276121963 0.5 p-1 -1409371 724
346 944 m2 821406 0.00653458992 0.5 p-1 -758765 631
145 945 m2 822632 0.0481834337 0.5 p-1 -1022924 121
789 946 m2 824219 -0.00137220789 0.5 p-1 -289943 54
249 947 m2 825973 0.000220077141 0.5 p-1 -2657777 1506
1251 948 m2 826327 -0.00163404655 0.5 p-1 -20566 3
965 949 m2 827083 -0.0434068032 0.5 p-1 -13951 13
629 950 m2 831379 -0.0408073328 0.5 p-1 -233279 96
250 951 m2 832651 -1.03164575e-06 0.5 p-1 -488542 214
146 952 m2 833397 -6.68040741e-07 0.5 p-1 -970221 196
559 953 m2 834192 6.27782947e-06 0.5 p-1 -75669 53
589 954 m2 834430 -0.1209803 0.5 p-1 -19263 18
147 955 m2 835057 0.000241727481 0.5 p-1 -2521259 1919
1188 956 m2 836330 -0.00024760759 0.5 p-1 -8360 1
148 957 m2 837004 0.0360060707 0.5 p-1 -2867947 1227
1288 958 m2 838105 -0.0236739088 0.5 p-1 -2806 3
251 959 m2 838425 0.000373597577 0.5 p-1 -6903610 187
1322 960 m2 839528 0.0136443088 0.5 p-1 -20964 4
481 961 m2 840236 1.43349725e-05 0.5 p-1 -2092342 341
694 962 m2 842609 -3.0080666e-05 0.5 p-1 -1965800 209
252 963 m2 843410 0.00328148296 0.5 p-1 -580301 122
511 965 m2 843647 -0.000669176574 0.5 p-1 -291081 52
891 966 m2 843825 0.0880964696 0.5 p-1 -31667 20
149 967 m2 843880 -0.000245307805 0.5 p-1 -660345 183
150 968 m2 845231 -0.0107773645 0.5 p-1 -3185709 1405
855 969 m2 845394 3.73053335e-05 0.5 p-1 -51445 29
602 970 m2 845860 -0.00726264296 0.5 p-1 -60932 90
950 971 m2 846412 -1.35127368e-06 0.5 p-1 -45650 10
1321 972 m2 847567 -0.000306408154 0.5 p-1 -726 2
543 973 m2 847730 -0.000146380742 0.5 p-1 -140852 51
1264 974 m2 848718 0.0068858345 0.5 p-1 -3946 1
779 975 m2 849142 -0.00126235816 0.5 p-1 -80291 51
389 976 m2 850280 0.00880931783 0.5 p-1 -237877 134
722 977 m2 850847 -0.0226062518 0.5 p-1 -124746 30
1280 978 m2 855906 7.1355754e-07 0.5 p-1 -9708 3
415 979 m2 856221 0.00136928388 0.5 p-1 -260776 119
390 980 m2 856904 -4.11630793e-07 0.5 p-1 -1717924 968
301 981 m2 858245 0.00764704356 0.5 p-1 -3506797 216
431 982 m2 859010 0.00611418393 0.5 p-1 -2209065 425
920 983 m2 859443 0.000213680323 0.5 p-1 -241 2
872 984 m2 859493 0.0386810824 0.5 p-1 -106495 39
152 985 m2 859621 0.000636600365 0.5 p-1 -2558600 1989
153 986 m2 859797 -0.000522326096 0.5 p-1 -2470778 1308
1012 987 m2 859939 -0.0108748171 0.5 p-1 -347978 27
460 988 m2 860935 0.00958985556 0.5 p-1 -40551 36
668 989 m2 860938 -2.07259617e-07 0.5 p-1 -247660 26
590 990 m2 861632 -0.000438971096 0.5 p-1 -2024012 67
544 991 m2 862084 -7.38472008e-05 0.5 p-1 -589747 378
1362 992 m2 862792 0.0170146357 0.5 p-1 -7924 2
767 993 m2 863026 0.00770060578 0.5 p-1 -206908 65
302 994 m2 863846 -4.485315e-06 0.5 p-1 -2297571 255
1187 995 m2 864098 -0.0278997328 0.5 p-1 -50454 2
875 996 m2 864500 7.71890996e-08 0.5 p-1 -50222 9
1276 997 m2 865724 -0.000401655125 0.5 p-1 -25228 5
347 999 m2 867255 -0.000772512052 0.5 p-1 -5577946 500
1094 1000 m2 872245 -0.000293810037 0.5 p-1 -93 2
1081 1002 m2 873607 0.0178190954 0.5 p-1 -18015 6
155 1003 m2 874774 -0.000321067695 0.5 p-1 -5297886 1837
1009 1004 m2 875449 0.00535577536 0.5 p-1 -292683 32
1336 1005 m2 877229 -0.023918638 0.5 p-1 -488 1
156 1006 m2 877237 0.000176579633 0.5 p-1 -4610659 1774
157 1007 m2 878322 -0.000320084422 0.5 p-1 -2274928 944
957 1008 m2 878529 0.00137615332 0.5 p-1 -1160969 29
645 1009 m2 879111 0.00223623542 0.5 p-1 -153268 39
391 1010 m2 879274 0.00781548116 0.5 p-1 -160098 69
933 1011 m2 879775 -0.0692190826 0.5 p-1 -66003 2
158 1012 m2 880876 -5.58784159e-05 0.5 p-1 -1428140 856
669 1013 m2 881337 0.000285613496 0.5 p-1 -118793 18
630 1014 m2 881963 8.45760005e-05 0.5 p-1 -510906 135
159 1015 m2 882155 0.00209658989 0.5 p-1 -1286898 163
160 1017 m2 883594 -2.73436181e-05 0.5 p-1 -4887424 678
1078 1020 m2 887254 -0.000633782474 0.5 p-1 -720 1
1191 1021 m2 889252 -0.000752247928 0.5 p-1 -722628 1
461 1022 m2 889289 0.0058232462 0.5 p-1 -408291 300
1153 1023 m2 889301 -7.70304105e-05 0.5 p-1 -2139 2
768 1024 m2 892213 -1.65987876e-05 0.5 p-1 -131662 54
161 1025 m2 893310 0.0183425657 0.5 p-1 -3540495 1659
348 1027 m2 895599 0.000740719785 0.5 p-1 -3517385 629
582 1030 m2 896648 0.00214486197 0.5 p-1 -480175 136
349 1031 m2 896704 -1.13725155e-05 0.5 p-1 -648295 268
712 1032 m2 897393 -0.00750661176 0.5 p-1 -83769 6
990 1033 m2 897555 0.0132610463 0.5 p-1 -32603 13
255 1035 m2 899767 -0.0496893264 0.5 p-1 -3918671 871
775 1036 m2 900520 -0.0156460647 0.5 p-1 -63702 36
351 1037 m2 901461 0.14323917 0.5 p-1 -3688808 546
1368 1038 m2 901793 -0.000425604376 0.5 p-1 -1693 2
352 1039 m2 901821 -0.00118280202 0.5 p-1 -2202747 536
512 1040 m2 901925 5.07617842e-05 0.5 p-1 -840795 106
560 1041 m2 902937 2.04884163e-05 0.5 p-1 -1518103 52
1018 1042 m2 903641 -0.0587890856 0.5 p-1 -571872 9
482 1043 m2 905752 -0.00953845773 0.5 p-1 -330937 19
937 1044 m2 906311 0.00316715264 0.5 p-1 -590806 48
1085 1045 m2 906910 0.0143049443 0.5 p-1 -261889 23
534 1046 m2 907342 0.0273111593 0.5 p-1 -3718258 30
535 1047 m2 907916 -0.0039610751 0.5 p-1 -23198 12
526 1048 m2 909323 0.00734009081 0.5 p-1 -2666804 322
545 1049 m2 910288 -0.00107680715 0.5 p-1 -4045463 175
942 1050 m2 910791 -0.0151793044 0.5 p-1 -88478 27
483 1055 m2 914901 3.79111516e-05 0.5 p-1 -356787 64
164 1057 m2 917256 4.06106454e-10 0.5 p-1 -1820216 500
165 1058 m2 918487 0.0622220561 0.5 p-1 -2621970 818
513 1059 m2 919364 -0.000735897629 0.5 p-1 -220214 114
1092 1060 m2 919378 0.00376717281 0.5 p-1 -16912 3
561 1062 m2 923117 -0.00143053068 0.5 p-1 -153234 19
1213 1063 m2 924243 8.59698266e-05 0.5 p-1 -4787 1
514 1064 m2 924475 -0.0158664044 0.5 p-1 -21652 15
896 1065 m2 925434 -0.00577954995 0.5 p-1 -31245 35
166 1066 m2 925771 -0.00368362572 0.5 p-1 -2747842 1565
1011 1067 m2 928097 -0.000591530581 0.5 p-1 -32064 1
303 1068 m2 928795 6.61398662e-05 0.5 p-1 -69173 148
167 1069 m2 929397 -1.13774076e-05 0.5 p-1 -4090818 772
463 1070 m2 929982 -1.43613006e-05 0.5 p-1 -763455 582
882 1071 m2 930098 -1.65252766e-06 0.5 p-1 -38609 11
353 1072 m2 930157 0.000109725319 0.5 p-1 -79985 81
1270 1073 m2 931559 -0.000242598428 0.5 p-1 -778 1
810 1076 m2 933972 0.00578105962 0.5 p-1 -57091 45
168 1077 m2 934111 0.0100622158 0.5 p-1 -94892 175
844 1078 m2 934858 0.0102004465 0.5 p-1 -7603 12
1185 1079 m2 936185 0.00437719794 0.5 p-1 -91520 4
1337 1080 m2 936293 0.000285707181 0.5 p-1 -1873 2
393 1081 m2 936510 4.60011188e-06 0.5 p-1 -3974991 771
256 1082 m2 937049 5.50919168e-08 0.5 p-1 -206821 313
1405 1083 m2 937821 -0.0358491763 0.5 p-1 -10959 1
583 1084 m2 937892 -0.00761142885 0.5 p-1 -273653 288
484 1085 m2 938682 0.000582606415 0.5 p-1 -1500402 63
1079 1086 m2 939398 0.0127086444 0.5 p-1 -15820 16
257 1087 m2 939929 -0.0420485772 0.5 p-1 -5227381 1516
354 1088 m2 941115 -0.00836205855 0.5 p-1 -9071858 961
355 1090 m2 941839 -0.0453147776 0.5 p-1 -2098649 396
434 1091 m2 943038 0.0122650554 0.5 p-1 -2801915 146
1278 1092 m2 944768 -0.00316486694 0.5 p-1 -900 1
536 1093 m2 944797 0.00613810588 0.5 p-1 -558475 156
751 1094 m2 944937 -0.0138354972 0.5 p-1 -422491 85
169 1095 m2 945493 0.0109457402 0.5 p-1 -6871878 1440
304 1096 m2 948102 -3.10095093e-05 0.5 p-1 -10168362 608
258 1097 m2 948144 0.033706408 0.5 p-1 -1761919 1019
604 1098 m2 948391 0.000117816584 0.5 p-1 -1113 11
785 1101 m2 950439 -0.000221281138 0.5 p-1 -1785 5
888 1103 m2 953792 -0.0404848494 0.5 p-1 -731988 84
171 1104 m2 954219 -0.00168953848 0.5 p-1 -3767953 491
259 1106 m2 955674 0.000453555374 0.5 p-1 -1491555 661
1146 1107 m2 956615 0.0489348471 0.5 p-1 -10603 4
358 1108 m2 957326 0.00167223916 0.5 p-1 -1543740 586
917 1109 m2 958900 -0.024868127 0.5 p-1 -617360 19
988 1110 m2 960418 -1.36773197e-05 0.5 p-1 -12697 6
436 1112 m2 960881 -0.00773438253 0.5 p-1 -554040 271
975 1114 m2 963143 -0.00785879232 0.5 p-1 -36476 40
172 1116 m2 964137 -0.00532088615 0.5 p-1 -1390728 904
394 1117 m2 964224 8.82972836e-06 0.5 p-1 -7455428 921
173 1118 m2 964745 -9.1815331e-05 0.5 p-1 -916100 1105
575 1119 m2 965078 -8.21047288e-05 0.5 p-1 -295752 44
925 1120 m2 968174 0.00832400564 0.5 p-1 -2176531 5
653 1121 m2 968850 -0.000163212506 0.5 p-1 -2531945 215
764 1122 m2 969270 0.00480549224 0.5 p-1 -100887 91
437 1126 m2 972723 0.000284339272 0.5 p-1 -357633 342
1133 1127 m2 972887 0.00014977112 0.5 p-1 -45980 4
765 1128 m2 972892 0.00439914735 0.5 p-1 -58081 32
1204 1129 m2 973331 0.00538401445 0.5 p-1 -6200 2
1156 1130 m2 974680 0.000811879348 0.5 p-1 -7882 10
464 1131 m2 974815 0.000179190072 0.5 p-1 -1368962 520
438 1132 m2 975568 0.010591968 0.5 p-1 -3965 6
1044 1133 m2 975655 0.0132252797 0.5 p-1 -634361 7
515 1136 m2 976616 0.0232259892 0.5 p-1 -94790 36
1279 1137 m2 977364 2.04110802e-06 0.5 p-1 -331 1
537 1138 m2 979917 -0.000175879133 0.5 p-1 -2736648 163
1049 1139 m2 980310 2.00800041e-05 0.5 p-1 -13388 15
776 1140 m2 980319 -0.00743987784 0.5 p-1 -527353 18
946 1141 m2 980442 0.00504422793 0.5 p-1 -37170 12
826 1142 m2 981402 -0.00306939939 0.5 p-1 -75205 22
1069 1143 m2 983997 -0.00484688533 0.5 p-1 -227711 20
1391 1144 m2 984379 -5.99015839e-05 0.5 p-1 -3240 1
1000 1145 m2 985172 0.000598137034 0.5 p-1 -13282 4
395 1146 m2 986208 0.000558096217 0.5 p-1 -230191 48
261 1147 m2 987314 0.000664506166 0.5 p-1 -406371 72
396 1148 m2 988030 -0.0126537671 0.5 p-1 -1711046 292
174 1149 m2 990081 -0.00068509212 0.5 p-1 -3524502 1897
963 1152 m2 993202 5.0205781e-06 0.5 p-1 -15210 22
175 1153 m2 994194 0.00206486951 0.5 p-1 -1456663 400
307 1155 m2 996302 0.0138524361 0.5 p-1 -8512953 1558
992 1158 m2 996846 -0.0120988637 0.5 p-1 -3453 2
417 1159 m2 997207 0.00836859737 0.5 p-1 -443399 135
1059 1160 m2 998307 5.97161352e-06 0.5 p-1 -5228 5
262 1161 m2 998616 -0.000144171383 0.5 p-1 -1299937 944
1273 1162 m2 782036 0.0282246768 0.5 p0 2 3
1257 1166 m2 956310 -4.46356853e-06 0.5 p0 2 3
1253 1167 m2 604152 0.000180231495 0.5 p0 2 1
1001 1170 m2 667093 -0.000217016102 0.5 p0 2 2
1177 1171 m2 239738 -0.0141760334 0.5 p0 2 2
886 1173 m2 672705 -0.0391695686 0.5 p0 2 2
915 1175 m2 333850 -0.00337615982 0.5 p0 2 3
1402 1177 m2 601069 0.000238317414 0.5 p0 2 1
1088 1179 m2 338389 0.0111793652 0.5 p0 2 3
1380 1180 m2 293777 -1.91516574e-05 0.5 p0 2 1
854 1183 m2 695906 0.000716500741 0.5 p0 2 2
1123 1184 m2 630468 -0.0053576529 0.5 p0 2 1
1293 1190 m2 157970 0.00747992564 0.5 p0 2 2
1269 1191 m2 52080 -0.0044522644 0.5 p0 2 1
934 1192 m2 354542 0.000121944016 0.5 p0 2 1
625 1193 m2 641172 -0.00179096055 0.5 p0 2 2
418 1196 m2 53020 0.000449926913 0.5 p0 2 1
1201 1197 m2 256288 -0.000212984509 0.5 p0 2 1
1202 1198 m2 295486 -0.000174952293 0.5 p0 2 1
1228 1199 m2 228806 0.0100389253 0.5 p0 2 3
1167 1200 m2 21858 0.0198296644 0.5 p0 2 1
1367 1203 m2 926582 1.28100623e-07 0.5 p0 2 2
961 1204 m2 400544 -0.00267676311 0.5 p0 2 3
1375 1205 m2 275672 0.000786752731 0.5 p0 2 1
1080 1206 m2 675903 -3.46120203e-07 0.5 p0 2 2
1208 1207 m2 667905 -2.53242501e-06 0.5 p0 2 3
1193 1208 m2 229704 -0.00367334206 0.5 p0 2 1
39 1209 m2 257248 -0.0574623793 0.5 p0 2 1
1250 1211 m2 565144 -0.00294707529 0.5 p0 2 2
1384 1212 m2 775959 0.0026376897 0.5 p0 2 1
1183 1214 m2 569898 0.0576083288 0.5 p0 2 2
1148 1215 m2 406215 -0.0253314786 0.5 p0 2 1
1139 1220 m2 279975 0.0432487987 0.5 p0 2 2
1381 1222 m2 404464 -0.0737439245 0.5 p0 2 1
1111 1224 m2 264903 -4.9338722e-10 0.5 p0 2 1
1240 1227 m2 209929 1.06927223e-06 0.5 p0 2 1
1258 1228 m2 936071 0.00282018981 0.5 p0 2 2
865 1233 m2 969794 -0.00893583428 0.5 p0 2 1
1002 1234 m2 367680 0.00888081454 0.5 p0 2 2
1239 1236 m2 305221 0.000944147992 0.5 p0 2 1
1236 1237 m2 317135 -0.104695506 0.5 p0 2 3
1359 1240 m2 463916 -0.000120302597 0.5 p0 2 1
906 1241 m2 595774 -0.00162743905 0.5 p0 2 2
1178 1242 m2 542186 -0.000353112497 0.5 p0 2 3
659 1243 m2 855790 -0.0746663958 0.5 p0 2 2
962 1244 m2 129832 -0.000162919081 0.5 p0 2 1
1216 1246 m2 826324 -0.0472915806 0.5 p0 2 2
1215 1247 m2 899905 -0.0137348091 0.5 p0 2 1
1152 1248 m2 149465 0.00959496107 0.5 p0 2 1
918 1249 m2 48828 0.00150418282 0.5 p0 2 4
1335 1250 m2 633007 0.000120328732 0.5 p0 2 1
1132 1252 m2 528171 -0.00262200017 0.5 p0 2 2
1128 1254 m2 894482 0.000877184561 0.5 p0 2 3
1057 1255 m2 524192 0.00409827102 0.5 p0 2 1
1054 1256 m2 330498 -0.0337085836 0.5 p0 2 3
1283 1259 m2 531180 0.00307201431 0.5 p0 2 1
1147 1261 m2 808204 -0.000368730223 0.5 p0 2 1
1232 1262 m2 505837 -0.00510495063 0.5 p0 2 1
1231 1264 m2 124098 -0.00025686025 0.5 p0 2 1
1377 1265 m2 398444 0.000553126214 0.5 p0 2 2
1303 1266 m2 308114 1.29673978e-07 0.5 p0 2 1
1304 1267 m2 327079 0.00497638248 0.5 p0 2 1
969 1268 m2 380018 0.0401450023 0.5 p0 2 2
1015 1271 m2 950906 0.000206982528 0.5 p0 2 2
1016 1272 m2 985901 0.00418542465 0.5 p0 2 2
1087 1275 m2 828620 -0.00131523574 0.5 p0 2 2
1385 1276 m2 768221 0.000428769825 0.5 p0 2 1
1398 1279 m2 270658 2.96062876e-06 0.5 p0 2 1
1003 1280 m2 189939 -0.00132701139 0.5 p0 2 1
1131 1282 m2 854028 0.0304586682 0.5 p0 2 2
1340 1283 m2 338120 -0.0265868288 0.5 p0 2 1
1325 1284 m2 740443 -0.00356845907 0.5 p0 2 2
1144 1285 m2 894689 0.00568169542 0.5 p0 2 1
1311 1289 m2 718262 -4.64846899e-08 0.5 p0 2 1
1064 1290 m2 166148 -0.00559683982 0.5 p0 2 1
1120 1291 m2 237293 -0.00845606904 0.5 p0 2 3
1121 1292 m2 445601 -6.41983133e-05 0.5 p0 2 1
1189 1294 m2 356116 -0.00142752775 0.5 p0 2 2
1190 1295 m2 571040 0.0242468324 0.5 p0 2 1
1249 1296 m2 207689 0.0176453665 0.5 p0 2 1
1396 1298 m2 465898 0.0170699768 0.5 p0 2 1
1397 1299 m2 890968 -0.0096196169 0.5 p0 2 1
1317 1301 m2 23377 5.99858977e-05 0.5 p0 2 1
1350 1302 m2 843424 -0.01073959 0.5 p0 2 2
1318 1303 m2 910529 -0.00198720954 0.5 p0 2 3
1330 1306 m2 530027 -0.00125952123 0.5 p0 2 1
1211 1307 m2 148444 0.00329281436 0.5 p0 2 1
725 1308 m2 570197 0.0245042481 0.5 p0 2 1
1199 1309 m2 939215 -0.000775351131 0.5 p0 2 1
1356 1311 m2 510584 -0.012024425 0.5 p0 2 2
1395 1312 m2 222616 -1.41675664e-05 0.5 p0 2 3
1298 1313 m2 391114 -0.000354331685 0.5 p0 2 2
1086 1315 m2 104615 0.0107147936 0.5 p0 2 4
870 1316 m2 839930 0.0180065073 0.5 p0 2 1
1383 1317 m2 783722 0.0055243955 0.5 p0 2 1
1163 1318 m2 203048 0.0144535834 0.5 p0 2 1
1371 1320 m2 685855 -0.0540474989 0.5 p0 2 1
1004 1323 m2 153774 9.90723565e-05 0.5 p0 2 3
1366 1325 m2 374510 2.54781953e-05 0.5 p0 2 1
1068 1326 m2 201227 -0.00785300788 0.5 p0 2 2
1378 1327 m2 535990 0.0387022905 0.5 p0 2 1
1379 1328 m2 897228 -0.00519251171 0.5 p0 2 1
1277 1329 m2 33131 0.000710298715 0.5 p0 2 3
1341 1331 m2 950027 0.00205180258 0.5 p0 2 1
1281 1332 m2 738673 0.000442302757 0.5 p0 2 1
1129 1334 m2 455110 -6.59677141e-07 0.5 p0 2 2
1376 1335 m2 331403 0.0228478778 0.5 p0 2 1
1328 1336 m2 638271 -0.00772728166 0.5 p0 2 1
1181 1337 m2 109081 0.0109832296 0.5 p0 2 1
774 1338 m2 692303 -2.33840456e-06 0.5 p0 2 2
1247 1339 m2 206948 6.99724478e-05 0.5 p0 2 2
763 1340 m2 212343 -5.76596085e-06 0.5 p0 2 1
1401 1341 m2 319422 -0.0104354769 0.5 p0 2 1
1386 1342 m2 22686 -0.000126557687 0.5 p0 2 1
1373 1346 m2 374723 1.25300767e-05 0.5 p0 2 1
1305 1347 m2 156091 -0.000898437575 0.5 p0 2 1
1306 1348 m2 239240 -7.82106217e-05 0.5 p0 2 1
1308 1349 m2 615438 0.0494536944 0.5 p0 2 2
1309 1350 m2 648247 5.79713414e-05 0.5 p0 2 2
1310 1351 m2 920095 -0.0179048236 0.5 p0 2 2
1387 1352 m2 179252 -0.0429973342 0.5 p0 2 1
1388 1353 m2 221652 1.23709715e-05 0.5 p0 2 1
1361 1355 m2 942470 0.000133792098 0.5 p0 2 1
1319 1357 m2 193732 1.81479919e-07 0.5 p0 2 2
1102 1360 m2 231033 -0.172017574 0.5 p0 2 3
1333 1361 m2 893978 -0.0112570683 0.5 p0 2 2
1327 1363 m2 150833 -1.29905529e-05 0.5 p0 2 2
1334 1365 m2 960980 -4.8421116e-09 0.5 p0 2 1
1230 1367 m2 935764 -0.00048387624 0.5 p0 2 1
1174 1369 m2 268185 -0.00104541564 0.5 p0 2 2
1113 1370 m2 181408 -0.000847385614 0.5 p0 2 2
783 1371 m2 402104 0.00714130234 0.5 p0 2 1
1315 1373 m2 60103 -1.21159161e-07 0.5 p0 2 1
1169 1377 m2 241819 -3.01716409e-06 0.5 p0 2 1
857 1381 m2 205765 0.00427060015 0.5 p0 2 2
1352 1385 m2 240646 5.18867309e-05 0.5 p0 2 1
1358 1388 m2 189377 -0.00766212912 0.5 p0 2 1
1285 1389 m2 865720 4.75011802e-07 0.5 p0 2 3
1225 1390 m2 16909 -0.0273089632 0.5 p0 2 2
1344 1391 m2 585873 -3.63114395e-06 0.5 p0 2 2
1343 1392 m2 512853 -0.000100244506 0.5 p0 2 1
1229 1395 m2 590880 -0.00161794166 0.5 p0 2 2
1160 1397 m2 470252 0.0201637056 0.5 p0 2 2
1332 1399 m2 475765 -0.00050748681 0.5 p0 2 2
1089 1400 m2 910506 -0.000497684523 0.5 p0 2 1
1338 1401 m2 568001 0.00397336995 0.5 p0 2 1
1263 1403 m2 677230 -0.000578337698 0.5 p0 2 1
998 1404 m2 457288 1.29092787e-05 0.5 p0 2 2
1217 1405 m2 426581 0.107887179 0.5 p0 2 1
1207 1406 m2 355497 -0.0338529274 0.5 p0 2 2
979 1407 m2 130862 -5.11506587e-05 0.5 p0 2 3
980 1408 m2 198150 -0.0140180979 0.5 p0 2 3
1369 1409 m2 464564 0.0001457256 0.5 p0 2 1
1382 1410 m2 536159 0.0201557055 0.5 p0 2 2
1349 1412 m2 992324 -0.0124349091 0.5 p0 2 2
867 1416 m2 386332 -0.000222566901 0.5 p0 2 1
1286 1422 m2 986507 -0.00231795548 0.5 p0 2 2
1256 1423 m2 280978 -9.9250492e-06 0.5 p0 2 1
1095 1424 m2 46231 3.28088532e-07 0.5 p0 2 1
1062 1425 m2 779600 -0.00290710083 0.5 p0 2 2
1406 1426 m2 293787 -0.000137785872 0.5 p0 2 1
1221 1428 m2 96272 -0.0296568368 0.5 p0 2 1
1354 1429 m2 99638 -0.00526896119 0.5 p0 2 1
807 1430 m1 175 -0 0.5 p-1 -150443 9
592 1431 m1 3977 -0 0.5 p-1 -30517 18
704 1432 m1 4679 0 0.5 p-1 -111225 22
0 1433 m1 8471 0 0.5 p-1 -2830290 227
617 1434 m1 11796 -0 0.5 p-1 -22025 57
660 1435 m1 13252 -0 0.5 p-1 -1625575 65
845 1436 m1 14234 -0 0.5 p-1 -529409 38
605 1438 m1 23550 -0 0.5 p-1 -417599 156
584 1439 m1 26637 -0 0.5 p-1 -310128 59
654 1440 m1 39631 0 0.5 p-1 -70943 60
1342 1442 m1 49379 0 0.5 p-1 -9920 7
8 1443 m1 55557 -0 0.5 p-1 -1093766 411
1124 1444 m1 55910 0 0.5 p-1 -38157 6
441 1445 m1 61393 -0 0.5 p-1 -785660 403
363 1447 m1 70163 -0 0.5 p-1 -286260 125
984 1448 m1 72004 -0 0.5 p-1 -5324 4
594 1449 m1 72241 0 0.5 p-1 -788384 156
313 1452 m1 79475 -0 0.5 p-1 -66096 3
1110 1453 m1 80867 -0 0.5 p-1 -9685 11
1024 1454 m1 83283 -0 0.5 p-1 -108707 12
314 1455 m1 83873 -0 0.5 p-1 -1654255 422
716 1456 m1 98939 -0 0.5 p-1 -200445 37
18 1458 m1 107069 -0 0.5 p-1 -4452592 1009
1033 1459 m1 109413 -0 0.5 p-1 -733248 26
1326 1460 m1 109498 0 0.5 p-1 -7444 3
1182 1461 m1 110115 -0 0.5 p-1 -77968 8
752 1463 m1 112846 0 0.5 p-1 -262120 46
444 1464 m1 114536 -0 0.5 p-1 -6136354 334
20 1465 m1 120336 -0 0.5 p-1 -1765384 1777
22 1467 m1 129957 -0 0.5 p-1 -2672863 1262
192 1469 m1 139304 0 0.5 p-1 -4441159 730
1282 1470 m1 142825 0 0.5 p-1 -11363 2
1173 1471 m1 150779 -0 0.5 p-1 -30858 7
608 1472 m1 154451 -0 0.5 p-1 -22342 13
25 1473 m1 155304 0 0.5 p-1 -51695 35
632 1474 m1 157832 0 0.5 p-1 -490465 64
1212 1475 m1 163688 -0 0.5 p-1 -6916 1
563 1476 m1 163738 -0 0.5 p-1 -537591 192
901 1478 m1 168744 -0 0.5 p-1 -13061 1
1118 1479 m1 170090 0 0.5 p-1 -23084 1
717 1480 m1 170279 -0 0.5 p-1 -5197 9
781 1481 m1 172932 0 0.5 p-1 -603072 31
782 1482 m1 174087 -0 0.5 p-1 -451344 38
549 1483 m1 176882 0 0.5 p-1 -3739011 91
421 1484 m1 177231 0 0.5 p-1 -453736 256
269 1485 m1 178621 -0 0.5 p-1 -2570274 203
1107 1486 m1 179328 0 0.5 p-1 -5651 4
28 1488 m1 180011 -0 0.5 p-1 -195460 42
29 1489 m1 183847 -0 0.5 p-1 -6953323 891
488 1490 m1 184531 0 0.5 p-1 -270602 31
1252 1491 m1 186895 0 0.5 p-1 -9623 1
1297 1492 m1 199043 -0 0.5 p-1 -971 1
964 1493 m1 203146 -0 0.5 p-1 -49804 17
1389 1494 m1 207826 0 0.5 p-1 -11861 1
919 1495 m1 210250 -0 0.5 p-1 -17006 7
196 1496 m1 212534 0 0.5 p-1 -2218561 883
399 1497 m1 215456 -0 0.5 p-1 -2604915 529
814 1498 m1 215790 -0 0.5 p-1 -189220 20
897 1499 m1 216123 -0 0.5 p-1 -185486 11
528 1500 m1 218565 -0 0.5 p-1 -2665914 242
1122 1502 m1 223427 -0 0.5 p-1 -27214 11
673 1503 m1 235626 0 0.5 p-1 -230840 44
541 1504 m1 235941 0 0.5 p-1 -252506 56
884 1505 m1 237391 -0 0.5 p-1 -30925 20
366 1506 m1 243035 -0 0.5 p-1 -494428 133
684 1507 m1 252741 0 0.5 p-1 -10193 13
199 1508 m1 253302 0 0.5 p-1 -212947 222
490 1509 m1 258385 0 0.5 p-1 -9028 13
1234 1510 m1 258873 0 0.5 p-1 -3760 3
321 1511 m1 261437 0 0.5 p-1 -422472 465
42 1512 m1 268708 0 0.5 p-1 -7619382 1576
43 1513 m1 268934 -0 0.5 p-1 -2844731 1087
447 1514 m1 271081 -0 0.5 p-1 -898680 457
838 1516 m1 273382 -0 0.5 p-1 -46411 16
552 1517 m1 275477 -0 0.5 p-1 -2918539 68
272 1518 m1 277265 -0 0.5 p-1 -1042943 570
367 1519 m1 281277 -0 0.5 p-1 -116066 82
664 1520 m1 285379 -0 0.5 p-1 -232378 119
1301 1521 m1 285451 -0 0.5 p-1 -11424 4
913 1522 m1 290171 -0 0.5 p-1 -12838 8
821 1523 m1 291371 0 0.5 p-1 -170883 4
848 1524 m1 293455 -0 0.5 p-1 -91081 74
985 1525 m1 295827 0 0.5 p-1 -2353 3
675 1526 m1 299321 0 0.5 p-1 -21616 17
1108 1527 m1 308050 -0 0.5 p-1 -583 5
1329 1528 m1 311840 -0 0.5 p-1 -10954 1
621 1529 m1 313209 0 0.5 p-1 -543083 168
1347 1530 m1 319303 -0 0.5 p-1 -8322 4
1021 1531 m1 320047 -0 0.5 p-1 -6241 6
586 1532 m1 325057 0 0.5 p-1 -683594 50
835 1533 m1 325825 0 0.5 p-1 -252884 19
1022 1535 m1 334856 0 0.5 p-1 -90237 32
611 1536 m1 336788 -0 0.5 p-1 -288245 124
274 1537 m1 336846 -0 0.5 p-1 -2879826 1017
208 1539 m1 342054 0 0.5 p-1 -67027 53
622 1540 m1 344496 0 0.5 p-1 -3099153 140
403 1541 m1 345523 -0 0.5 p-1 -722493 118
642 1542 m1 349216 -0 0.5 p-1 -3358986 205
372 1544 m1 350866 -0 0.5 p-1 -5420168 902
59 1547 m1 362086 0 0.5 p-1 -3490157 427
1259 1549 m1 367053 0 0.5 p-1 -10547 1
597 1550 m1 370646 -0 0.5 p-1 -90906 45
842 1551 m1 373924 -0 0.5 p-1 -75083 13
327 1553 m1 374775 0 0.5 p-1 -1036954 43
62 1554 m1 376014 0 0.5 p-1 -234500 194
997 1555 m1 376203 0 0.5 p-1 -69885 56
1238 1556 m1 376452 -0 0.5 p-1 -16271 8
404 1557 m1 377665 -0 0.5 p-1 -7586039 374
1027 1558 m1 379706 -0 0.5 p-1 -6931 9
1073 1559 m1 380303 -0 0.5 p-1 -7015 10
1050 1560 m1 381209 -0 0.5 p-1 -5063 4
64 1561 m1 382234 0 0.5 p-1 -626841 388
880 1562 m1 383585 0 0.5 p-1 -7679 2
986 1563 m1 386225 0 0.5 p-1 -326519 1
374 1565 m1 390376 0 0.5 p-1 -6986964 958
1039 1566 m1 392090 -0 0.5 p-1 -280155 15
1370 1567 m1 393293 -0 0.5 p-1 -9965 1
218 1568 m1 397202 0 0.5 p-1 -298490 108
219 1570 m1 403173 0 0.5 p-1 -5985637 959
699 1571 m1 404341 -0 0.5 p-1 -595373 464
800 1572 m1 405170 -0 0.5 p-1 -17017 11
578 1573 m1 415985 0 0.5 p-1 -353181 213
1355 1574 m1 421796 0 0.5 p-1 -3380 2
221 1575 m1 422208 -0 0.5 p-1 -1263120 929
279 1576 m1 424214 0 0.5 p-1 -2178669 348
801 1578 m1 429648 -0 0.5 p-1 -48124 17
72 1579 m1 429665 -0 0.5 p-1 -2617437 1207
1404 1580 m1 430065 -0 0.5 p-1 -43035 1
1292 1581 m1 438823 0 0.5 p-1 -4269 2
222 1582 m1 448142 -0 0.5 p-1 -1830369 428
778 1583 m1 449610 0 0.5 p-1 -5068289 83
839 1585 m1 452693 -0 0.5 p-1 -62368 14
757 1586 m1 457460 -0 0.5 p-1 -195409 87
566 1587 m1 460666 0 0.5 p-1 -512353 180
916 1588 m1 464661 -0 0.5 p-1 -78237 58
76 1590 m1 466537 -0 0.5 p-1 -3821472 1037
1036 1591 m1 469736 -0 0.5 p-1 -72985 8
759 1592 m1 473275 0 0.5 p-1 -20991 20
1254 1594 m1 480079 -0 0.5 p-1 -351329 2
78 1597 m1 485316 -0 0.5 p-1 -3309379 1393
1331 1598 m1 490492 -0 0.5 p-1 -1463 1
493 1599 m1 490567 0 0.5 p-1 -613830 204
1171 1600 m1 494686 0 0.5 p-1 -190719 1
1052 1601 m1 499502 -0 0.5 p-1 -88777 9
981 1603 m1 502925 0 0.5 p-1 -48293 12
82 1604 m1 506210 -0 0.5 p-1 -6195934 1433
494 1605 m1 506426 -0 0.5 p-1 -1520200 287
83 1607 m1 507035 0 0.5 p-1 -1702657 1522
84 1608 m1 508825 -0 0.5 p-1 -2361778 607
587 1609 m1 511629 0 0.5 p-1 -1767075 111
853 1610 m1 515583 0 0.5 p-1 -50524 92
85 1611 m1 515993 -0 0.5 p-1 -675516 183
1143 1612 m1 518661 0 0.5 p-1 -5743 6
229 1613 m1 519842 -0 0.5 p-1 -1640081 419
832 1614 m1 520716 -0 0.5 p-1 -1941 2
286 1615 m1 521344 0 0.5 p-1 -131829 264
792 1617 m1 523879 0 0.5 p-1 -76128 39
1196 1618 m1 527042 -0 0.5 p-1 -57102 10
409 1619 m1 531517 0 0.5 p-1 -174764 227
333 1620 m1 532475 0 0.5 p-1 -484743 91
874 1621 m1 533442 -0 0.5 p-1 -472557 31
1105 1622 m1 533894 0 0.5 p-1 -302009 2
1320 1623 m1 539869 0 0.5 p-1 -6577 2
1028 1624 m1 542048 0 0.5 p-1 -2338 4
378 1625 m1 543616 -0 0.5 p-1 -2664653 405
1186 1626 m1 549507 -0 0.5 p-1 -13036 6
1134 1630 m1 567875 -0 0.5 p-1 -29492 2
1043 1632 m1 570436 0 0.5 p-1 -165129 28
233 1633 m1 570532 -0 0.5 p-1 -3309464 758
1125 1636 m1 579704 0 0.5 p-1 -2821 3
93 1637 m1 582265 -0 0.5 p-1 -2111911 1651
898 1638 m1 582789 -0 0.5 p-1 -10675 5
1019 1639 m1 583307 -0 0.5 p-1 -1261 2
1205 1641 m1 594271 -0 0.5 p-1 -30931 4
761 1643 m1 600265 -0 0.5 p-1 -152451 35
235 1645 m1 602736 0 0.5 p-1 -3498417 1348
994 1646 m1 609373 -0 0.5 p-1 -200544 31
101 1647 m1 613147 0 0.5 p-1 -855208 402
1168 1648 m1 613705 -0 0.5 p-1 -5209 2
237 1649 m1 614388 0 0.5 p-1 -9563876 1200
1138 1651 m1 617096 0 0.5 p-1 -155677 14
103 1652 m1 618539 0 0.5 p-1 -408645 454
735 1653 m1 631086 0 0.5 p-1 -135257 85
666 1654 m1 633969 -0 0.5 p-1 -29900 8
239 1655 m1 635249 0 0.5 p-1 -7017326 296
454 1656 m1 636456 0 0.5 p-1 -3031527 103
1053 1661 m1 660194 -0 0.5 p-1 -36561 7
1198 1662 m1 663605 0 0.5 p-1 -102 1
241 1664 m1 670128 0 0.5 p-1 -685934 441
569 1665 m1 670337 -0 0.5 p-1 -2001896 253
114 1666 m1 672473 0 0.5 p-1 -4292679 1361
1390 1667 m1 675189 -0 0.5 p-1 -26297 1
651 1668 m1 675294 0 0.5 p-1 -972 4
658 1669 m1 676064 -0 0.5 p-1 -186281 48
825 1670 m1 678958 -0 0.5 p-1 -657726 23
117 1672 m1 685415 -0 0.5 p-1 -3285632 1439
755 1673 m1 690440 0 0.5 p-1 -1612932 15
909 1674 m1 691120 0 0.5 p-1 -264811 55
671 1675 m1 691286 0 0.5 p-1 -2638778 120
1300 1676 m1 692420 -0 0.5 p-1 -6353 4
828 1677 m1 697023 -0 0.5 p-1 -35077 12
849 1678 m1 700316 0 0.5 p-1 -57859 29
294 1679 m1 702126 0 0.5 p-1 -11501022 815
119 1681 m1 704615 -0 0.5 p-1 -443231 88
571 1682 m1 705020 0 0.5 p-1 -8151 12
878 1683 m1 709511 0 0.5 p-1 -309821 22
1061 1685 m1 715037 -0 0.5 p-1 -9479 16
833 1686 m1 720716 0 0.5 p-1 -309836 115
923 1688 m1 721411 0 0.5 p-1 -414138 11
122 1689 m1 722975 -0 0.5 p-1 -5012685 1608
949 1690 m1 728853 -0 0.5 p-1 -40481 16
296 1691 m1 729343 -0 0.5 p-1 -1238007 303
124 1692 m1 733145 -0 0.5 p-1 -2762353 1574
600 1693 m1 733223 -0 0.5 p-1 -201398 48
805 1694 m1 733358 -0 0.5 p-1 -46846 17
125 1695 m1 734395 0 0.5 p-1 -1719504 308
245 1696 m1 736229 -0 0.5 p-1 -3333444 900
948 1697 m1 737042 -0 0.5 p-1 -18929 20
297 1698 m1 737368 0 0.5 p-1 -1883809 183
1141 1699 m1 748356 0 0.5 p-1 -2604 1
743 1700 m1 750063 0 0.5 p-1 -10056 16
344 1701 m1 754755 0 0.5 p-1 -868664 356
132 1702 m1 755472 -0 0.5 p-1 -8298517 1440
1117 1703 m1 757075 -0 0.5 p-1 -1831 1
1029 1704 m1 761876 0 0.5 p-1 -11745 11
846 1706 m1 765927 -0 0.5 p-1 -220598 127
533 1707 m1 773978 0 0.5 p-1 -366092 60
628 1710 m1 790796 0 0.5 p-1 -857132 125
525 1711 m1 793647 -0 0.5 p-1 -365084 84
142 1712 m1 798370 0 0.5 p-1 -6353124 1953
427 1713 m1 798736 -0 0.5 p-1 -1301718 202
869 1714 m1 800095 -0 0.5 p-1 -65435 24
798 1715 m1 802479 0 0.5 p-1 -121538 40
1267 1717 m1 804977 -0 0.5 p-1 -40985 3
413 1718 m1 807007 0 0.5 p-1 -1666212 298
1090 1719 m1 809615 -0 0.5 p-1 -9010 4
144 1720 m1 810574 0 0.5 p-1 -3506709 1934
299 1722 m1 820241 0 0.5 p-1 -4606085 808
248 1723 m1 825966 0 0.5 p-1 -1301256 1506
690 1725 m1 827053 -0 0.5 p-1 -34716 39
388 1726 m1 828560 0 0.5 p-1 -153346 44
581 1727 m1 833887 0 0.5 p-1 -1586341 111
672 1728 m1 839594 0 0.5 p-1 -109142 105
480 1729 m1 839884 -0 0.5 p-1 -1001051 92
935 1730 m1 843941 0 0.5 p-1 -37110 19
686 1731 m1 845487 0 0.5 p-1 -84013 93
151 1732 m1 847167 0 0.5 p-1 -1700616 382
1223 1733 m1 859883 -0 0.5 p-1 -12765 3
1313 1735 m1 862217 0 0.5 p-1 -11486 2
253 1736 m1 866022 -0 0.5 p-1 -1415491 173
432 1737 m1 866412 0 0.5 p-1 -2593751 427
879 1738 m1 868556 -0 0.5 p-1 -171186 36
1034 1739 m1 870933 0 0.5 p-1 -21194 1
433 1740 m1 871442 0 0.5 p-1 -408041 315
936 1741 m1 871509 -0 0.5 p-1 -61366 35
154 1742 m1 871684 -0 0.5 p-1 -5707061 1390
841 1745 m1 884697 0 0.5 p-1 -24551 5
574 1746 m1 885007 0 0.5 p-1 -548287 78
254 1747 m1 885494 0 0.5 p-1 -2368596 736
416 1748 m1 887778 -0 0.5 p-1 -809264 282
162 1750 m1 894765 -0 0.5 p-1 -1656755 474
1357 1751 m1 896385 -0 0.5 p-1 -21017 1
500 1754 m1 900691 0 0.5 p-1 -71621 3
350 1755 m1 900950 0 0.5 p-1 -592069 636
163 1756 m1 904012 0 0.5 p-1 -3481125 713
927 1757 m1 906065 -0 0.5 p-1 -28690 42
462 1758 m1 911220 0 0.5 p-1 -3953460 742
892 1759 m1 911540 -0 0.5 p-1 -237599 92
392 1760 m1 913641 -0 0.5 p-1 -26737 11
1025 1762 m1 915791 0 0.5 p-1 -29030 7
1224 1763 m1 918586 -0 0.5 p-1 -600508 5
603 1764 m1 932141 0 0.5 p-1 -4172 10
744 1766 m1 941856 0 0.5 p-1 -16374 7
677 1767 m1 942351 0 0.5 p-1 -1411000 20
356 1768 m1 945174 0 0.5 p-1 -2100114 644
170 1770 m1 948050 -0 0.5 p-1 -61732 94
678 1771 m1 948490 0 0.5 p-1 -114640 72
731 1772 m1 952792 -0 0.5 p-1 -364877 88
435 1773 m1 953715 0 0.5 p-1 -2489483 182
357 1774 m1 954876 -0 0.5 p-1 -1340255 445
864 1775 m1 957244 0 0.5 p-1 -10889 20
305 1776 m1 965541 -0 0.5 p-1 -72846 35
439 1778 m1 979036 -0 0.5 p-1 -1518958 703
1244 1779 m1 980028 -0 0.5 p-1 -13855 8
966 1780 m1 982074 -0 0.5 p-1 -567 2
260 1781 m1 983717 -0 0.5 p-1 -4167390 1468
631 1782 m1 991612 0 0.5 p-1 -216883 125
1076 1783 m1 993274 -0 0.5 p-1 -33577 4
306 1784 m1 995738 -0 0.5 p-1 -202073 183
1245 1785 m1 999669 0 0.5 p-1 -18158 7
