Temp_ID Permanent_ID Mutation_type Position s h Subpop Tick Number
475 0 m2 2733 0.011409116 0.5 p-1 -316850 158
139 2 m2 3763 0.000877694343 0.5 p-1 -3440952 278
793 3 m2 4307 5.70169577e-05 0.5 p-1 -297330 25
935 6 m2 6071 -0.000129452019 0.5 p-1 -7846 4
672 7 m2 7733 0.0395405218 0.5 p-1 -516992 53
202 9 m2 9239 2.77714498e-05 0.5 p-1 -2500900 817
903 10 m2 9898 0.00115330168 0.5 p-1 -835 1
203 11 m2 11216 -0.000954528863 0.5 p-1 -6180673 230
632 12 m2 11462 0.000482366479 0.5 p-1 -813776 68
251 13 m2 11680 0.00119889888 0.5 p-1 -265600 309
363 14 m2 11754 -1.62098859e-05 0.5 p-1 -6934195 151
315 15 m2 12194 -0.000336386845 0.5 p-1 -560310 245
1007 16 m2 12806 -0.0123175457 0.5 p-1 -4164 4
383 17 m2 12818 0.000109705012 0.5 p-1 -505262 29
476 18 m2 14759 0.00787216425 0.5 p-1 -5681 3
1 20 m2 16458 -1.77739441e-08 0.5 p-1 -645413 837
693 21 m2 16861 -0.0291974116 0.5 p-1 -578163 15
694 22 m2 17481 -1.54984064e-05 0.5 p-1 -84043 15
316 23 m2 18141 -1.61252615e-06 0.5 p-1 -1090913 141
890 24 m2 18587 -0.0141471 0.5 p-1 -21774 2
858 25 m2 18631 -0.000607556198 0.5 p-1 -494 3
140 27 m2 20229 2.21787741e-05 0.5 p-1 -1612123 863
942 28 m2 20552 0.0102163488 0.5 p-1 -4401 1
760 29 m2 20971 0.00943990797 0.5 p-1 -11629 5
204 30 m2 21164 -0.00763435569 0.5 p-1 -1846636 553
252 31 m2 21199 -0.0019359485 0.5 p-1 -718620 221
364 32 m2 21704 -0.00324392645 0.5 p-1 -212372 43
508 33 m2 21778 0.00144178991 0.5 p-1 -72528 48
253 34 m2 24715 2.04250555e-05 0.5 p-1 -1840844 601
205 35 m2 25658 0.00465765316 0.5 p-1 -2753727 336
254 36 m2 26319 -0.000646097993 0.5 p-1 -5518886 671
142 37 m2 26855 -0.000222700968 0.5 p-1 -3617679 354
499 38 m2 27699 -0.00245747413 0.5 p-1 -1751556 163
143 41 m2 30548 -0.000162386146 0.5 p-1 -101336 183
917 42 m2 31240 -0.0263226423 0.5 p-1 -3071 3
620 43 m2 31789 0.00968882255 0.5 p-1 -219610 17
746 44 m2 32081 -1.32632549e-05 0.5 p-1 -50604 29
255 45 m2 33342 0.000114636918 0.5 p-1 -2445501 418
987 46 m2 33853 -0.0199033991 0.5 p-1 -11217 8
2 47 m2 33907 0.0152705163 0.5 p-1 -5768281 913
845 48 m2 34688 0.00531820813 0.5 p-1 -23218 8
781 50 m2 35375 0.0039409278 0.5 p-1 -192643 35
918 52 m2 36715 0.0290985759 0.5 p-1 -5065 8
896 53 m2 37308 0.00612213416 0.5 p-1 -37681 28
1062 54 m2 38175 0.0263569392 0.5 p-1 -12471 1
921 55 m2 38290 -0.0202817954 0.5 p-1 -280807 10
3 56 m2 39382 0.0726653263 0.5 p-1 -2817437 1383
749 57 m2 39657 -0.0108462851 0.5 p-1 -195122 19
4 59 m2 40848 -0.0110787917 0.5 p-1 -6663828 1624
846 60 m2 41267 -0.0807873458 0.5 p-1 -6739 8
5 61 m2 42726 -0.0455099009 0.5 p-1 -1940967 1213
830 63 m2 43972 0.000147861443 0.5 p-1 -1229 1
633 64 m2 45330 0.0120786559 0.5 p-1 -287184 270
911 65 m2 45446 -0.0252571758 0.5 p-1 -4920 5
409 67 m2 46493 0.000319999002 0.5 p-1 -754642 281
1213 68 m2 46796 0.021318879 0.5 p-1 -7854 1
580 69 m2 48286 0.000333375152 0.5 p-1 -131297 45
256 71 m2 52270 -6.03494072e-07 0.5 p-1 -5743626 79
979 72 m2 52760 -0.00978651736 0.5 p-1 -26857 5
144 73 m2 53907 -0.00146980875 0.5 p-1 -155236 33
791 74 m2 55826 -0.0448808484 0.5 p-1 -53765 9
777 75 m2 56328 -0.00174294261 0.5 p-1 -29107 1
460 76 m2 57101 -0.00794167537 0.5 p-1 -696031 94
665 77 m2 57212 1.71900263e-06 0.5 p-1 -292827 82
907 78 m2 58653 -0.00323310145 0.5 p-1 -2530 2
7 79 m2 59648 8.43494519e-09 0.5 p-1 -5464852 686
726 81 m2 62343 -0.0185405035 0.5 p-1 -901552 37
146 82 m2 62792 -0.00749023911 0.5 p-1 -3399133 215
1065 83 m2 63241 0.0077798767 0.5 p-1 -52818 4
763 84 m2 65258 0.0372630097 0.5 p-1 -146229 18
8 86 m2 65534 0.00128256448 0.5 p-1 -2593746 949
206 87 m2 66039 -0.00925154518 0.5 p-1 -182872 183
292 88 m2 66554 -1.90344804e-06 0.5 p-1 -772145 696
524 89 m2 66690 -4.71939848e-06 0.5 p-1 -921564 58
841 90 m2 68264 0.0006411348 0.5 p-1 -79655 13
996 91 m2 69188 0.0153242955 0.5 p-1 -77051 8
411 92 m2 71452 1.2712545e-05 0.5 p-1 -2321940 320
366 94 m2 73722 0.00555013958 0.5 p-1 -2377731 89
147 95 m2 73801 -0.00114562549 0.5 p-1 -4011859 674
9 96 m2 74498 0.0374698602 0.5 p-1 -5502619 1500
878 97 m2 77246 -2.40882255e-05 0.5 p-1 -16845 7
367 98 m2 80991 -6.73352531e-07 0.5 p-1 -638904 129
461 99 m2 82032 0.00175684283 0.5 p-1 -9687 3
806 100 m2 85331 0.00200707559 0.5 p-1 -27600 24
468 101 m2 85794 -0.000815011037 0.5 p-1 -1323780 413
823 102 m2 87008 -0.0218161903 0.5 p-1 -111385 43
435 103 m2 87811 0.00163627241 0.5 p-1 -401339 358
207 104 m2 88949 3.42753192e-05 0.5 p-1 -2987741 174
10 105 m2 89114 0.00398334442 0.5 p-1 -2353810 515
784 106 m2 90748 -0.0128996698 0.5 p-1 -99250 14
835 107 m2 91125 0.0221622828 0.5 p-1 -4559 7
648 108 m2 91351 -1.77203237e-05 0.5 p-1 -509058 54
827 109 m2 91685 0.00279325526 0.5 p-1 -2575 2
12 110 m2 93146 0.000282718596 0.5 p-1 -3580048 1140
1191 111 m2 93363 0.0002651127 0.5 p-1 -1951 2
451 112 m2 93672 -0.00651132874 0.5 p-1 -1776373 259
1131 113 m2 93723 -0.0139342612 0.5 p-1 -6293 2
13 114 m2 95621 0.00322825531 0.5 p-1 -3463603 500
14 115 m2 95798 0.000176362591 0.5 p-1 -5488946 500
317 116 m2 96617 -0.0628060848 0.5 p-1 -359932 386
208 117 m2 96984 9.8212302e-05 0.5 p-1 -767226 292
871 118 m2 97839 -1.45567196e-06 0.5 p-1 -3086 7
15 120 m2 99409 -0.00952763855 0.5 p-1 -6359223 1951
16 122 m2 102642 0.00103711523 0.5 p-1 -1075413 1108
18 123 m2 104690 0.0111984452 0.5 p-1 -7277970 1715
627 125 m2 105941 0.00152538053 0.5 p-1 -3599293 85
704 126 m2 106289 -0.00165790739 0.5 p-1 -451798 35
436 127 m2 106844 -0.0182959288 0.5 p-1 -598669 58
19 128 m2 110399 0.00367085193 0.5 p-1 -4363506 734
970 130 m2 111153 -0.00639407011 0.5 p-1 -118 6
879 131 m2 113338 0.000561347639 0.5 p-1 -53320 6
149 132 m2 113647 -0.0117616756 0.5 p-1 -779122 224
500 133 m2 114952 0.00164174533 0.5 p-1 -225356 65
501 134 m2 116629 0.0047180308 0.5 p-1 -42853 25
150 135 m2 117583 0.0205384418 0.5 p-1 -6399489 1287
21 137 m2 118210 0.00739080459 0.5 p-1 -800348 231
853 138 m2 119227 -0.000375893316 0.5 p-1 -10389 1
22 139 m2 119763 0.0662101656 0.5 p-1 -1709849 617
23 140 m2 121924 0.0131990658 0.5 p-1 -6000577 791
258 141 m2 123301 0.000819553214 0.5 p-1 -276889 49
210 143 m2 124472 0.0124955988 0.5 p-1 -1176837 164
789 144 m2 128373 0.0632946268 0.5 p-1 -82576 11
824 145 m2 129199 -0.00604721764 0.5 p-1 -179307 40
571 146 m2 129564 0.000123683116 0.5 p-1 -99207 16
1215 147 m2 129943 -0.0423428491 0.5 p-1 -49316 1
259 149 m2 130791 0.0262781344 0.5 p-1 -5530748 705
574 150 m2 135770 -0.000574750942 0.5 p-1 -39380 9
26 152 m2 136193 0.000227993602 0.5 p-1 -13088126 1859
1053 154 m2 138413 -0.0338858664 0.5 p-1 -4080 2
384 155 m2 138965 -7.457425e-06 0.5 p-1 -1521523 336
293 157 m2 140213 6.18445702e-05 0.5 p-1 -74712 54
1179 158 m2 140313 0.10227406 0.5 p-1 -4709 1
28 160 m2 144956 0.00184358144 0.5 p-1 -532033 198
1022 163 m2 148554 -3.33555909e-05 0.5 p-1 -1838 5
1145 164 m2 149416 -0.0138486009 0.5 p-1 -41199 2
889 165 m2 149793 -0.0163932424 0.5 p-1 -1917 2
1035 166 m2 150709 -2.58180808e-06 0.5 p-1 -187468 5
153 167 m2 152464 0.00236012042 0.5 p-1 -2698710 811
29 168 m2 153969 0.0275094826 0.5 p-1 -9169909 1369
680 169 m2 154802 -5.22270857e-05 0.5 p-1 -16359 4
154 171 m2 155224 0.0365222283 0.5 p-1 -100018 60
511 172 m2 155339 0.0059819459 0.5 p-1 -146163 28
30 174 m2 159227 0.0243655965 0.5 p-1 -104551 75
31 176 m2 160946 0.0185310412 0.5 p-1 -39040 6
950 177 m2 162186 -0.00100430881 0.5 p-1 -11347 2
873 178 m2 163120 0.00753549766 0.5 p-1 -17938 4
854 179 m2 163158 1.70897216e-08 0.5 p-1 -40446 1
1178 180 m2 164106 -0.0017670833 0.5 p-1 -508 1
758 181 m2 164511 -0.00169169845 0.5 p-1 -6548 6
318 182 m2 168333 0.0013262491 0.5 p-1 -514905 461
897 183 m2 168387 0.0221897792 0.5 p-1 -53155 3
1159 184 m2 169428 -1.23263288e-10 0.5 p-1 -86721 1
32 185 m2 169500 1.73206706e-06 0.5 p-1 -6349872 1234
33 186 m2 170033 0.00100633455 0.5 p-1 -2166707 1319
695 187 m2 170849 0.00121002819 0.5 p-1 -33423 25
607 188 m2 171163 -1.82271069e-08 0.5 p-1 -60560 11
608 189 m2 171964 0.00695588253 0.5 p-1 -9870 5
412 190 m2 171969 -0.000370204099 0.5 p-1 -663044 305
294 191 m2 172404 -0.00131567521 0.5 p-1 -807170 193
346 192 m2 173100 0.0234607067 0.5 p-1 -2367126 367
819 193 m2 175076 0.000369363464 0.5 p-1 -143904 13
1038 194 m2 176137 -0.000251996215 0.5 p-1 -7982 7
34 196 m2 180348 -3.6052262e-07 0.5 p-1 -9501530 1175
35 197 m2 180846 0.00091482565 0.5 p-1 -2480768 889
155 198 m2 181366 -0.0276038665 0.5 p-1 -187185 21
157 199 m2 183107 0.00863020029 0.5 p-1 -2590892 648
211 200 m2 183124 0.000810116995 0.5 p-1 -139415 42
757 201 m2 183629 -0.00781058939 0.5 p-1 -38064 3
778 202 m2 185177 0.000834456878 0.5 p-1 -14609 1
559 203 m2 185737 -0.0816929266 0.5 p-1 -807537 166
212 204 m2 188614 1.52920123e-07 0.5 p-1 -2208163 825
634 205 m2 189371 -0.00492935209 0.5 p-1 -13743 6
385 206 m2 190123 -0.0136568146 0.5 p-1 -1185874 491
900 207 m2 191695 -0.0246065464 0.5 p-1 -36268 6
319 208 m2 192148 2.54709032e-09 0.5 p-1 -197736 33
1102 209 m2 192464 -0.0332100354 0.5 p-1 -21998 1
158 210 m2 193766 -0.0194761194 0.5 p-1 -1712274 875
502 212 m2 199053 -0.000182663178 0.5 p-1 -655360 214
213 213 m2 200428 -0.0331708156 0.5 p-1 -3914795 765
159 214 m2 202457 8.99367751e-06 0.5 p-1 -2061821 157
689 216 m2 207474 -0.000329993811 0.5 p-1 -173482 91
742 217 m2 209796 2.72402795e-05 0.5 p-1 -82432 45
36 218 m2 210564 -0.0003764625 0.5 p-1 -329195 203
663 219 m2 211225 0.00052173686 0.5 p-1 -20343 15
37 221 m2 212772 -0.000215436579 0.5 p-1 -2013025 813
884 222 m2 213023 -0.0128805386 0.5 p-1 -14188 5
1198 224 m2 214470 0.0301214997 0.5 p-1 -16260 1
904 225 m2 216005 -6.04223214e-06 0.5 p-1 -5483 8
320 226 m2 216091 0.00341291004 0.5 p-1 -496619 413
673 228 m2 216882 -0.00017279078 0.5 p-1 -238067 103
936 230 m2 225407 0.0116837025 0.5 p-1 -41713 11
38 231 m2 226112 0.0015782048 0.5 p-1 -4703216 993
650 232 m2 226805 -0.00447926717 0.5 p-1 -50541 17
885 235 m2 231678 6.50842685e-06 0.5 p-1 -131987 5
811 236 m2 231790 1.53264864e-06 0.5 p-1 -78922 25
512 237 m2 232581 0.00710115535 0.5 p-1 -36385 7
870 238 m2 233853 -0.0284370445 0.5 p-1 -180754 14
348 242 m2 236952 0.0338531174 0.5 p-1 -1936393 243
847 243 m2 238573 -0.000382260972 0.5 p-1 -78170 26
565 244 m2 238878 0.00614395179 0.5 p-1 -25736 18
1106 245 m2 239416 7.53584484e-09 0.5 p-1 -40899 1
39 246 m2 239705 -4.44501438e-06 0.5 p-1 -1126349 867
602 247 m2 241374 0.00332469726 0.5 p-1 -23089 12
832 248 m2 242054 2.34762592e-06 0.5 p-1 -4952 2
160 249 m2 242432 0.000180310395 0.5 p-1 -2082674 548
462 250 m2 243470 0.00310677895 0.5 p-1 -40736 15
588 251 m2 244075 -0.000162687691 0.5 p-1 -1245418 64
321 252 m2 244267 -0.00415881164 0.5 p-1 -35996 7
40 253 m2 245114 -2.49592563e-06 0.5 p-1 -2983955 977
705 254 m2 246163 2.58815261e-11 0.5 p-1 -38651 18
215 255 m2 246720 -0.0137406448 0.5 p-1 -393141 244
260 256 m2 247888 3.93827322e-05 0.5 p-1 -2358893 808
261 257 m2 248418 0.000948588713 0.5 p-1 -2594799 590
428 258 m2 250743 -0.000267446536 0.5 p-1 -589427 41
369 261 m2 252681 0.000890830241 0.5 p-1 -27153 3
603 262 m2 253239 -0.020112792 0.5 p-1 -12288 7
716 263 m2 253412 0.00244270056 0.5 p-1 -8668 14
1092 264 m2 253415 4.14968672e-05 0.5 p-1 -544 2
388 266 m2 253956 -0.00936031342 0.5 p-1 -11697 11
1163 267 m2 255149 7.26574808e-06 0.5 p-1 -39475 1
550 268 m2 258400 -0.00102801248 0.5 p-1 -17257 5
41 269 m2 258849 0.00136012351 0.5 p-1 -4183838 1092
638 270 m2 259465 0.000132180227 0.5 p-1 -10353 10
764 272 m2 263979 0.00251649437 0.5 p-1 -13924 8
482 273 m2 264435 -0.0183049757 0.5 p-1 -1173213 64
43 274 m2 265121 -0.0046279938 0.5 p-1 -2568639 1843
44 275 m2 269899 -0.000317022728 0.5 p-1 -3821532 1472
452 276 m2 270763 -0.00300812139 0.5 p-1 -326420 235
651 277 m2 271037 0.0116819954 0.5 p-1 -269630 28
322 279 m2 273219 0.000219564521 0.5 p-1 -1041852 240
560 282 m2 274116 -4.08394335e-05 0.5 p-1 -219512 74
690 283 m2 278486 8.71672182e-06 0.5 p-1 -67575 46
1199 284 m2 278493 -1.91724866e-05 0.5 p-1 -167227 1
413 285 m2 278825 -0.0474157557 0.5 p-1 -755321 612
262 286 m2 279257 0.00844830927 0.5 p-1 -1454453 254
477 287 m2 280229 -2.6687735e-07 0.5 p-1 -1149626 158
1095 288 m2 281289 0.00187447795 0.5 p-1 -22 2
1024 290 m2 283697 1.19970741e-06 0.5 p-1 -10196 9
161 291 m2 284135 -0.0206011962 0.5 p-1 -475985 208
45 292 m2 285774 -0.00332982047 0.5 p-1 -3181563 726
1153 293 m2 286841 -0.00706013292 0.5 p-1 -8982 1
674 294 m2 287598 -0.00208429969 0.5 p-1 -130393 9
1148 295 m2 289576 0.00809400715 0.5 p-1 -4589 1
599 296 m2 290735 -0.00168301933 0.5 p-1 -5454 2
812 298 m2 291306 -0.0234923791 0.5 p-1 -261596 36
997 299 m2 294980 3.22648617e-07 0.5 p-1 -4563 3
370 300 m2 295463 -0.00351430895 0.5 p-1 -1968507 281
46 301 m2 295711 0.040438436 0.5 p-1 -1593050 895
323 302 m2 295758 0.00195812248 0.5 p-1 -242550 29
668 303 m2 296276 -4.9590094e-06 0.5 p-1 -1630447 130
901 304 m2 296744 0.0161158275 0.5 p-1 -77786 3
804 305 m2 298935 0.0048434427 0.5 p-1 -19274 7
941 306 m2 299202 3.23309344e-08 0.5 p-1 -113473 14
265 307 m2 299695 -0.0193848107 0.5 p-1 -149447 62
389 308 m2 300084 -0.000102932929 0.5 p-1 -1603922 135
955 309 m2 301076 0.0113645047 0.5 p-1 -1471 2
162 310 m2 303142 -0.00348963053 0.5 p-1 -4475419 1717
163 311 m2 303652 0.0135817062 0.5 p-1 -3139118 1465
514 312 m2 303824 0.00256136386 0.5 p-1 -44699 21
929 314 m2 308668 0.00179996167 0.5 p-1 -6881 6
47 316 m2 309581 0.0293374248 0.5 p-1 -1832148 659
164 317 m2 311032 -0.0008288885 0.5 p-1 -1484264 752
165 318 m2 312105 7.49399769e-05 0.5 p-1 -337416 261
48 320 m2 313220 0.0528470129 0.5 p-1 -1792584 1892
324 321 m2 316109 -0.00606174069 0.5 p-1 -712246 262
216 322 m2 318429 -0.000846028386 0.5 p-1 -8390409 1167
325 323 m2 318974 0.00214990764 0.5 p-1 -981333 292
49 324 m2 320215 0.000379777048 0.5 p-1 -7848106 1917
50 325 m2 323025 -0.000573661877 0.5 p-1 -2897915 1398
759 326 m2 323289 0.00305528753 0.5 p-1 -5862 3
744 327 m2 326555 -4.11204128e-05 0.5 p-1 -832970 77
820 328 m2 330021 0.00610688655 0.5 p-1 -61117 13
707 329 m2 330495 -0.0033646042 0.5 p-1 -2530 4
51 330 m2 332473 -0.00157085515 0.5 p-1 -1186415 1105
52 331 m2 334128 -0.000213001229 0.5 p-1 -4449919 847
1205 332 m2 335499 0.000153589805 0.5 p-1 -3388 1
1125 334 m2 337208 -1.59284755e-05 0.5 p-1 -7401 2
54 335 m2 337321 0.0115676438 0.5 p-1 -7213368 959
483 336 m2 341824 -0.000918260019 0.5 p-1 -651781 89
535 338 m2 346083 0.00341682625 0.5 p-1 -1677962 25
669 339 m2 346435 0.000986788538 0.5 p-1 -74975 31
267 340 m2 346705 -0.000801372284 0.5 p-1 -341683 304
1069 342 m2 348939 0.00799590442 0.5 p-1 -10557 5
1107 344 m2 352712 0.000535439525 0.5 p-1 -3649 1
453 345 m2 353156 -0.00622931588 0.5 p-1 -239280 50
56 346 m2 354377 0.00327665335 0.5 p-1 -7268864 1842
734 347 m2 354630 0.000805817428 0.5 p-1 -452646 37
1023 348 m2 354956 -0.0434615649 0.5 p-1 -7247 1
390 349 m2 354980 0.00678367354 0.5 p-1 -109228 14
168 350 m2 355936 -0.00908090174 0.5 p-1 -194791 161
653 351 m2 360030 -0.0132273966 0.5 p-1 -720516 60
169 352 m2 360760 -0.0276875496 0.5 p-1 -1867269 341
327 353 m2 361700 -0.00115484453 0.5 p-1 -5532 2
787 354 m2 363450 0.000930686831 0.5 p-1 -24505 5
1197 355 m2 366503 0.0997461379 0.5 p-1 -10690 1
754 356 m2 368347 -0.0150450226 0.5 p-1 -117607 24
683 357 m2 368960 -9.94432121e-05 0.5 p-1 -275969 48
296 359 m2 370877 1.75344965e-07 0.5 p-1 -1026976 133
681 360 m2 371611 -0.000951295777 0.5 p-1 -100660 49
713 361 m2 373044 -0.0538488589 0.5 p-1 -27813 11
816 363 m2 375638 0.00459105987 0.5 p-1 -1155 2
664 364 m2 377475 -0.000168736326 0.5 p-1 -21732 6
582 366 m2 380710 -0.0164647512 0.5 p-1 -308022 36
350 368 m2 384315 0.00753063615 0.5 p-1 -1766111 16
714 370 m2 388870 -0.0707843676 0.5 p-1 -11113 5
171 371 m2 389587 -0.00344466488 0.5 p-1 -216300 181
172 373 m2 392756 0.011939357 0.5 p-1 -863397 240
429 374 m2 393594 1.3466336e-05 0.5 p-1 -48391 21
328 376 m2 397462 0.0228050873 0.5 p-1 -313605 42
828 378 m2 397765 -2.73195164e-05 0.5 p-1 -14100 4
1189 379 m2 399307 0.0104934433 0.5 p-1 -10502 1
1211 380 m2 399744 -0.00547238719 0.5 p-1 -26766 1
415 382 m2 400670 -0.0183801632 0.5 p-1 -263171 45
909 383 m2 401378 0.00174722669 0.5 p-1 -1337 3
1114 384 m2 401654 0.00659902161 0.5 p-1 -5121 3
1158 387 m2 404708 0.000254026731 0.5 p-1 -748971 2
546 388 m2 406549 0.0171784088 0.5 p-1 -16077 13
640 389 m2 407670 0.0207008775 0.5 p-1 -750489 8
59 390 m2 407753 0.00134089764 0.5 p-1 -3307171 1205
174 391 m2 408104 -0.0232908484 0.5 p-1 -56407 34
478 393 m2 410103 -0.00126964226 0.5 p-1 -42296 10
527 394 m2 410903 -0.00826306269 0.5 p-1 -125719 36
616 397 m2 413340 -0.0130104022 0.5 p-1 -66012 36
217 398 m2 413403 0.00337931653 0.5 p-1 -1276515 746
430 400 m2 415520 0.000164149606 0.5 p-1 -155919 36
218 401 m2 416653 0.000460197625 0.5 p-1 -672590 92
439 402 m2 418352 0.0188034587 0.5 p-1 -116933 65
484 403 m2 418604 -0.000811746868 0.5 p-1 -24293 38
268 404 m2 419080 -0.00389749417 0.5 p-1 -1453816 361
572 405 m2 419987 -0.029021414 0.5 p-1 -173588 17
1201 407 m2 428193 -0.0248648543 0.5 p-1 -818 1
515 408 m2 430414 -0.000990826986 0.5 p-1 -1413292 204
463 409 m2 431621 -0.000136254384 0.5 p-1 -6977541 307
851 410 m2 432897 0.00750885252 0.5 p-1 -1446563 8
735 411 m2 436617 4.08251992e-07 0.5 p-1 -242830 38
566 412 m2 437873 -0.000223378636 0.5 p-1 -44833 40
655 413 m2 438331 0.0191594958 0.5 p-1 -85428 64
998 414 m2 438381 -0.0129978601 0.5 p-1 -22681 7
775 415 m2 438523 -0.00129487854 0.5 p-1 -138372 39
446 416 m2 439585 0.000503074029 0.5 p-1 -1038300 135
696 417 m2 439973 -0.0116956271 0.5 p-1 -58825 11
61 418 m2 442829 -0.0124219675 0.5 p-1 -2624941 523
606 420 m2 447811 -0.0189819299 0.5 p-1 -927241 228
594 421 m2 450426 0.00896577258 0.5 p-1 -67423 61
628 422 m2 451044 -3.80637721e-05 0.5 p-1 -127452 51
219 423 m2 452255 2.74941613e-05 0.5 p-1 -2984665 312
391 424 m2 453329 0.0437704585 0.5 p-1 -355643 48
1070 425 m2 455066 -0.00206227298 0.5 p-1 -4166 6
715 426 m2 455806 0.000633746269 0.5 p-1 -75782 32
657 427 m2 458337 4.5988906e-09 0.5 p-1 -491421 63
62 428 m2 459359 -0.0270289797 0.5 p-1 -3256977 1862
952 429 m2 461676 3.82603102e-05 0.5 p-1 -5178 1
176 430 m2 461822 -0.00724821212 0.5 p-1 -2425821 433
826 432 m2 463170 0.00412501441 0.5 p-1 -382777 14
636 433 m2 465038 0.0054208925 0.5 p-1 -49421 55
63 435 m2 465420 -0.0242811646 0.5 p-1 -1761060 1768
516 437 m2 468050 -5.29997706e-05 0.5 p-1 -24240 14
551 438 m2 469154 0.057031326 0.5 p-1 -161827 45
908 440 m2 469638 -0.000179254726 0.5 p-1 -1678 2
178 441 m2 470237 -0.00225866633 0.5 p-1 -4511527 438
179 442 m2 470300 -0.00578032294 0.5 p-1 -3151093 730
351 443 m2 470534 -0.0399419107 0.5 p-1 -266902 230
352 444 m2 470908 0.092285648 0.5 p-1 -1700477 211
953 445 m2 471453 -0.00180341676 0.5 p-1 -832 1
780 446 m2 473231 0.000136607865 0.5 p-1 -86699 4
825 447 m2 474680 0.0263436288 0.5 p-1 -638 5
330 448 m2 474716 0.0124069294 0.5 p-1 -251416 94
676 449 m2 478883 0.00336553552 0.5 p-1 -12249 18
64 450 m2 480452 0.0208507534 0.5 p-1 -6829841 1506
220 451 m2 481867 -0.0265835151 0.5 p-1 -3662443 979
590 453 m2 483073 -1.63304253e-06 0.5 p-1 -230718 49
831 454 m2 483250 0.000433654001 0.5 p-1 -65756 14
65 456 m2 488262 0.0179942753 0.5 p-1 -3421864 1554
331 457 m2 489863 0.0218505021 0.5 p-1 -844634 843
1137 458 m2 490974 -0.00511540892 0.5 p-1 -34667 1
687 459 m2 491266 0.000145744954 0.5 p-1 -6079 3
573 460 m2 491668 0.00233774795 0.5 p-1 -63121 60
543 461 m2 494694 -0.00724331336 0.5 p-1 -54668 26
517 462 m2 495334 0.000252813916 0.5 p-1 -1054809 186
656 463 m2 495485 -0.00858822837 0.5 p-1 -100 1
417 464 m2 496016 4.01713078e-05 0.5 p-1 -88981 53
617 466 m2 496812 0.00346389506 0.5 p-1 -2031944 59
66 467 m2 496840 0.000198444468 0.5 p-1 -3509341 1941
583 468 m2 497736 0.0458887294 0.5 p-1 -812249 67
392 469 m2 499647 0.000212692248 0.5 p-1 -173378 174
960 471 m2 499920 0.00447421288 0.5 p-1 -9313 7
1120 472 m2 500229 0.000108229891 0.5 p-1 -9287 3
67 473 m2 503312 -0.00126682315 0.5 p-1 -2381886 1493
874 474 m2 503674 -0.0080655301 0.5 p-1 -14347 11
492 475 m2 505007 -3.25442966e-06 0.5 p-1 -296410 72
1167 476 m2 507062 0.000465931778 0.5 p-1 -23417 1
567 477 m2 508427 -0.00011962853 0.5 p-1 -1004740 196
978 478 m2 508502 -1.59969422e-05 0.5 p-1 -23890 3
332 480 m2 509536 -0.00052212656 0.5 p-1 -1114365 306
999 481 m2 510694 3.891505e-06 0.5 p-1 -42737 2
798 482 m2 513383 -0.0185303129 0.5 p-1 -156635 42
485 484 m2 514370 0.000326370937 0.5 p-1 -269800 65
700 485 m2 514703 -0.0179765392 0.5 p-1 -756 1
440 488 m2 515304 -0.00666274549 0.5 p-1 -2385024 149
333 489 m2 516334 1.53683668e-05 0.5 p-1 -91760 252
518 490 m2 519432 0.00127601984 0.5 p-1 -156086 28
70 491 m2 519711 -0.0214302298 0.5 p-1 -533827 274
353 492 m2 520276 -0.00609888881 0.5 p-1 -11535 12
334 493 m2 520457 0.0233902726 0.5 p-1 -1149640 546
552 494 m2 521846 0.000492386986 0.5 p-1 -49162 17
71 495 m2 522384 -0.00662560761 0.5 p-1 -1925014 663
855 496 m2 522460 -0.000172558037 0.5 p-1 -15087 26
677 497 m2 523677 -1.66002337e-05 0.5 p-1 -1450600 51
486 499 m2 525074 -0.0118630752 0.5 p-1 -60360 89
354 501 m2 528384 0.0170648862 0.5 p-1 -1863877 505
547 502 m2 528651 0.0091086328 0.5 p-1 -68478 15
957 503 m2 529086 -0.000943873078 0.5 p-1 -2302551 25
964 504 m2 529516 -0.0226460136 0.5 p-1 -156421 3
298 505 m2 529757 -3.61830425e-05 0.5 p-1 -304123 179
72 506 m2 530126 -1.0044042e-05 0.5 p-1 -1641296 335
222 507 m2 532611 0.0134829162 0.5 p-1 -1626592 206
1052 508 m2 533331 0.00036081014 0.5 p-1 -13253 8
418 509 m2 533920 4.93446714e-05 0.5 p-1 -725598 310
548 510 m2 539195 0.000249848963 0.5 p-1 -11832 6
223 512 m2 539644 0.00210192427 0.5 p-1 -113846 21
544 513 m2 539888 0.0122158714 0.5 p-1 -23050 1
545 515 m2 541021 0.0351744518 0.5 p-1 -66591 21
73 516 m2 541194 -2.60029628e-05 0.5 p-1 -1745906 1023
991 517 m2 542430 0.00208450807 0.5 p-1 -15391 3
74 518 m2 542592 0.000920110964 0.5 p-1 -2896965 1240
887 519 m2 542884 -0.0112457732 0.5 p-1 -2398 3
75 520 m2 543344 4.81993254e-07 0.5 p-1 -1697510 489
270 521 m2 544057 -6.54263131e-05 0.5 p-1 -9430907 505
419 522 m2 544205 0.000416584691 0.5 p-1 -4204161 354
1116 523 m2 545048 2.88717992e-08 0.5 p-1 -3667 1
875 524 m2 545315 -0.00844345614 0.5 p-1 -51767 18
730 525 m2 545398 0.0030311069 0.5 p-1 -1245638 66
888 526 m2 546393 0.000496530265 0.5 p-1 -3139 3
271 527 m2 546643 5.95949859e-05 0.5 p-1 -1170513 282
731 528 m2 546947 0.00371795497 0.5 p-1 -225373 45
537 529 m2 549759 0.020041436 0.5 p-1 -291197 18
1054 530 m2 551161 -0.00595295522 0.5 p-1 -28988 2
981 531 m2 552051 -0.00466594286 0.5 p-1 -13183 11
708 532 m2 552209 5.41770751e-05 0.5 p-1 -175485 38
1042 533 m2 552657 -0.00211809971 0.5 p-1 -10429 5
568 534 m2 553944 -4.78201036e-05 0.5 p-1 -892634 194
299 537 m2 557800 0.00131352956 0.5 p-1 -2431504 129
181 538 m2 559344 0.0112913167 0.5 p-1 -7192301 1472
76 540 m2 559865 -7.10777458e-05 0.5 p-1 -365506 273
272 541 m2 560027 6.65426205e-06 0.5 p-1 -4773371 1236
922 542 m2 561108 0.00954204705 0.5 p-1 -3233 3
395 543 m2 561162 -0.000161798409 0.5 p-1 -126977 10
493 544 m2 563801 -0.00155636144 0.5 p-1 -150280 77
923 545 m2 564495 0.00061398797 0.5 p-1 -11168 4
1136 547 m2 565746 -0.00788598973 0.5 p-1 -4612 1
225 548 m2 566040 1.28710394e-06 0.5 p-1 -1506361 478
1098 549 m2 566358 0.00389267481 0.5 p-1 -13522 3
78 550 m2 566613 2.95576683e-05 0.5 p-1 -7951810 1738
852 551 m2 568491 -0.00128102896 0.5 p-1 -51131 16
79 552 m2 569921 0.000774007698 0.5 p-1 -1759565 1178
709 553 m2 570820 4.09450642e-08 0.5 p-1 -651607 8
623 554 m2 573720 -0.00938951317 0.5 p-1 -91547 30
396 555 m2 574952 -0.00708917808 0.5 p-1 -106657 89
738 556 m2 575248 2.22530289e-05 0.5 p-1 -6465 7
227 557 m2 576532 0.000280563923 0.5 p-1 -3038258 641
182 559 m2 576909 -0.00519754319 0.5 p-1 -1163676 743
912 561 m2 579835 5.84956724e-05 0.5 p-1 -6739 9
1034 563 m2 583590 0.00159927807 0.5 p-1 -28608 5
1083 564 m2 584053 0.00170894735 0.5 p-1 -14019 1
1084 565 m2 584460 -0.0328705236 0.5 p-1 -7720 2
300 567 m2 585952 0.0150686018 0.5 p-1 -173348 140
1072 568 m2 586365 -0.00168313761 0.5 p-1 -660 2
860 569 m2 588427 -0.0092255557 0.5 p-1 -6361 1
711 570 m2 588588 -1.04538071e-06 0.5 p-1 -1057743 30
837 571 m2 589787 0.00649147248 0.5 p-1 -13612 2
818 572 m2 591751 -0.00523560029 0.5 p-1 -32774 17
397 573 m2 593599 -0.00707698241 0.5 p-1 -1257995 533
974 574 m2 595198 0.00488949381 0.5 p-1 -7028 1
301 575 m2 599315 -0.00410773978 0.5 p-1 -1141704 315
494 577 m2 600428 -0.0010218306 0.5 p-1 -56043 68
956 578 m2 600559 -1.54297704e-05 0.5 p-1 -2899 3
81 579 m2 603438 -5.15819784e-06 0.5 p-1 -1126591 813
867 581 m2 604035 -2.47288899e-05 0.5 p-1 -322193 5
82 582 m2 604369 -1.67398861e-09 0.5 p-1 -3942833 445
183 583 m2 605647 -0.00193611439 0.5 p-1 -2662810 1877
584 584 m2 605847 9.7157681e-08 0.5 p-1 -530201 102
420 586 m2 609596 -4.68367123e-10 0.5 p-1 -346327 380
229 588 m2 613327 -0.00765424455 0.5 p-1 -4436829 1014
356 589 m2 613356 -0.000290005468 0.5 p-1 -402947 27
692 591 m2 617626 -0.00333782984 0.5 p-1 -6389 14
1139 592 m2 617756 -0.000156274356 0.5 p-1 -1710 1
83 593 m2 618132 -0.00296905893 0.5 p-1 -8214383 1727
701 594 m2 619400 -0.0421954505 0.5 p-1 -56628 8
84 595 m2 619849 -0.019916568 0.5 p-1 -666291 591
1063 596 m2 620700 0.000364742853 0.5 p-1 -5279 1
335 597 m2 624559 0.000143003694 0.5 p-1 -73456 39
1093 598 m2 626770 -0.000662653591 0.5 p-1 -6406 2
773 599 m2 627834 0.000914142583 0.5 p-1 -83051 39
86 602 m2 628276 -0.0341329388 0.5 p-1 -8262894 1537
184 604 m2 632040 0.000354535587 0.5 p-1 -1942168 613
1020 608 m2 636171 -7.17500661e-05 0.5 p-1 -6476 4
1008 609 m2 637135 -0.00362875452 0.5 p-1 -23225 8
800 610 m2 637991 0.00868494064 0.5 p-1 -1152 2
808 611 m2 638024 -0.000408044347 0.5 p-1 -651 1
487 612 m2 638647 -0.020813942 0.5 p-1 -737567 203
813 613 m2 638729 0.0012577048 0.5 p-1 -21256 12
702 615 m2 640103 -0.0265656617 0.5 p-1 -28408 7
336 616 m2 640503 0.00178201566 0.5 p-1 -1448048 412
230 617 m2 640781 1.04443309e-07 0.5 p-1 -6348738 1126
88 618 m2 640933 0.0467551351 0.5 p-1 -5771614 1652
89 619 m2 641767 -0.0091886837 0.5 p-1 -2289010 1419
995 621 m2 642599 2.72921682e-07 0.5 p-1 -197992 8
303 622 m2 645219 -0.00732501131 0.5 p-1 -301937 16
595 623 m2 646369 -0.000557106512 0.5 p-1 -32553 14
375 624 m2 646479 2.00258619e-05 0.5 p-1 -429688 122
479 625 m2 648067 -0.00229478604 0.5 p-1 -188572 35
865 626 m2 649065 -0.0502193384 0.5 p-1 -61411 10
563 627 m2 649293 0.00147516595 0.5 p-1 -6262 7
1130 628 m2 649321 -0.0143396137 0.5 p-1 -3029 1
765 629 m2 649345 0.000792732462 0.5 p-1 -69283 16
1001 630 m2 650814 2.53727399e-06 0.5 p-1 -8895 2
682 633 m2 653463 -0.000718894706 0.5 p-1 -52491 15
357 634 m2 654618 -0.000494922162 0.5 p-1 -742930 203
91 635 m2 654935 -0.0211215541 0.5 p-1 -4668382 875
399 636 m2 656141 0.00390347349 0.5 p-1 -1775374 767
458 637 m2 656800 1.02937679e-06 0.5 p-1 -1624295 188
1124 638 m2 658014 -1.03977463e-05 0.5 p-1 -10374 5
528 639 m2 660468 0.0509819649 0.5 p-1 -55894 17
973 641 m2 661160 0.00200558361 0.5 p-1 -8735 4
185 642 m2 661345 0.000276079547 0.5 p-1 -1631243 331
1087 643 m2 663920 0.000114164766 0.5 p-1 -8473 1
92 644 m2 665206 -1.88047397e-05 0.5 p-1 -67393 23
814 645 m2 666959 0.0422285497 0.5 p-1 -41076 29
186 648 m2 669538 -0.0111716613 0.5 p-1 -732361 114
856 650 m2 677256 0.0210260376 0.5 p-1 -249306 20
94 651 m2 677311 0.00237888983 0.5 p-1 -29615 14
549 652 m2 678431 -0.00967628602 0.5 p-1 -474899 26
95 653 m2 678894 1.93740707e-05 0.5 p-1 -6312897 1014
96 654 m2 680240 -0.0250930469 0.5 p-1 -392521 270
232 655 m2 680770 -0.00156975258 0.5 p-1 -1836607 106
538 656 m2 682180 0.0133458972 0.5 p-1 -153159 136
495 657 m2 682967 -0.0019324614 0.5 p-1 -30526 8
496 658 m2 683889 1.40571592e-06 0.5 p-1 -279248 26
1031 659 m2 684010 -0.0155678857 0.5 p-1 -1557 1
976 660 m2 684529 0.00141455024 0.5 p-1 -8334 3
1187 661 m2 684646 3.77252945e-06 0.5 p-1 -158517 2
1050 663 m2 685798 -0.00521055516 0.5 p-1 -8124 4
447 664 m2 687516 0.0116677079 0.5 p-1 -694504 65
1044 665 m2 688403 -0.016267065 0.5 p-1 -1906 4
233 666 m2 690015 -0.00154298963 0.5 p-1 -27386 17
421 667 m2 690695 0.038022574 0.5 p-1 -45984 16
98 668 m2 693473 3.64326697e-05 0.5 p-1 -4486280 667
646 669 m2 695103 0.0342869796 0.5 p-1 -221607 157
304 671 m2 695390 -0.0135274064 0.5 p-1 -11104626 556
815 672 m2 695629 -0.0468397886 0.5 p-1 -160033 31
530 674 m2 697467 -0.0396121182 0.5 p-1 -196946 135
1214 675 m2 700015 -0.000214881031 0.5 p-1 -12098 1
585 676 m2 701127 0.0188568719 0.5 p-1 -13381 19
637 677 m2 701308 0.000200165174 0.5 p-1 -115141 37
187 679 m2 702906 -0.000451615517 0.5 p-1 -5023432 1071
1005 681 m2 703828 -1.51726772e-06 0.5 p-1 -133901 4
1082 683 m2 705796 -0.103966296 0.5 p-1 -4441 2
604 685 m2 707892 0.00547308289 0.5 p-1 -10577 2
188 686 m2 709481 0.00986170117 0.5 p-1 -3935873 651
1000 687 m2 710588 0.0136390794 0.5 p-1 -9114 3
274 688 m2 711392 0.000964233594 0.5 p-1 -1157355 868
100 690 m2 712948 -0.000583995774 0.5 p-1 -319774 193
101 691 m2 714091 0.00808637775 0.5 p-1 -8022084 1833
306 692 m2 718129 0.0247128196 0.5 p-1 -1188805 219
1132 693 m2 719867 7.63202552e-05 0.5 p-1 -301 1
103 694 m2 721349 -0.00450715842 0.5 p-1 -4379689 220
104 695 m2 722578 -0.000738305622 0.5 p-1 -520892 112
596 696 m2 723261 0.000190611987 0.5 p-1 -391944 78
586 697 m2 723834 3.39041217e-09 0.5 p-1 -285665 45
539 698 m2 724031 -0.00425077369 0.5 p-1 -473970 50
531 699 m2 724451 -0.0418340638 0.5 p-1 -421004 113
308 700 m2 725278 -0.000341991312 0.5 p-1 -4711882 330
190 701 m2 727878 -0.000244177587 0.5 p-1 -1481577 941
275 702 m2 727931 0.0719712153 0.5 p-1 -2773324 346
1099 704 m2 728368 0.0106679248 0.5 p-1 -6147 1
277 705 m2 729471 -6.51956507e-05 0.5 p-1 -1144284 422
553 706 m2 729564 0.003802252 0.5 p-1 -283788 53
587 709 m2 730693 0.0108861402 0.5 p-1 -28011 13
1108 710 m2 731187 -0.00691362051 0.5 p-1 -11200 1
732 711 m2 731427 -0.00293906289 0.5 p-1 -38381 28
432 712 m2 732603 -1.98794908e-07 0.5 p-1 -172142 104
540 713 m2 733779 5.60566223e-05 0.5 p-1 -260659 61
1018 714 m2 733982 0.0016650795 0.5 p-1 -928 2
882 715 m2 735727 -0.00290145306 0.5 p-1 -121250 4
751 716 m2 736038 0.00994836539 0.5 p-1 -6333 12
337 719 m2 738642 -0.0177562647 0.5 p-1 -4555444 489
278 720 m2 738879 -6.52884555e-05 0.5 p-1 -3847711 290
592 721 m2 739219 0.0158553887 0.5 p-1 -66004 21
191 722 m2 740737 -6.01187785e-05 0.5 p-1 -5116625 1821
555 723 m2 740976 0.000468891114 0.5 p-1 -14654 5
597 724 m2 741223 -0.0165199675 0.5 p-1 -196088 75
600 725 m2 742053 -0.0048453263 0.5 p-1 -363576 80
107 726 m2 742476 9.7671915e-09 0.5 p-1 -2052567 539
743 727 m2 742589 -2.31253008e-08 0.5 p-1 -7438 2
719 728 m2 743009 -0.000999826705 0.5 p-1 -395251 17
861 729 m2 743714 0.00102290115 0.5 p-1 -41095 9
108 730 m2 743889 -0.00268483581 0.5 p-1 -1269553 763
110 731 m2 745391 5.64562652e-05 0.5 p-1 -2895932 1056
1047 732 m2 746446 -0.0338704586 0.5 p-1 -68474 6
111 733 m2 747487 0.000812527898 0.5 p-1 -798700 382
376 734 m2 748824 -0.00894268509 0.5 p-1 -680089 43
112 736 m2 749940 6.37133581e-08 0.5 p-1 -6152355 1464
358 737 m2 750605 -0.000182490025 0.5 p-1 -2348686 498
234 738 m2 751436 0.00127815129 0.5 p-1 -4997494 467
235 739 m2 751472 0.0220219176 0.5 p-1 -4577932 355
193 740 m2 751777 -0.00978808384 0.5 p-1 -2887191 722
1048 741 m2 754403 0.0821118504 0.5 p-1 -37173 6
785 743 m2 755669 0.000107633336 0.5 p-1 -31261 6
378 745 m2 756600 0.000559688779 0.5 p-1 -533759 116
1174 746 m2 756839 -0.00170737307 0.5 p-1 -7068 1
379 748 m2 759501 -1.35420241e-05 0.5 p-1 -7260193 47
840 750 m2 760820 -0.0489089116 0.5 p-1 -957 3
113 751 m2 760848 -0.0167377405 0.5 p-1 -3054731 1805
752 752 m2 761859 -0.012881442 0.5 p-1 -2304920 91
236 754 m2 762837 0.00367697468 0.5 p-1 -442453 38
194 755 m2 762840 0.0164361019 0.5 p-1 -4624374 768
659 756 m2 763153 -0.000503230316 0.5 p-1 -24283 4
914 757 m2 763490 0.00257058349 0.5 p-1 -148037 2
706 758 m2 764816 0.000146900536 0.5 p-1 -256768 67
1126 759 m2 765942 0.00215246389 0.5 p-1 -3236 1
720 761 m2 767038 -0.000770234969 0.5 p-1 -2913 3
1117 762 m2 767475 -1.16005638e-09 0.5 p-1 -141 1
338 763 m2 767982 0.00067749602 0.5 p-1 -217910 113
776 764 m2 768836 -0.00166917476 0.5 p-1 -489197 5
910 765 m2 770294 0.00382739818 0.5 p-1 -2530 6
472 766 m2 770344 -0.000535166881 0.5 p-1 -461478 142
969 767 m2 770701 -0.00826862734 0.5 p-1 -212732 11
1118 768 m2 771261 -7.98490692e-06 0.5 p-1 -4604 3
433 769 m2 771315 -0.00068545586 0.5 p-1 -291269 283
833 770 m2 772669 1.64042967e-06 0.5 p-1 -50208 7
237 771 m2 773355 0.000143825542 0.5 p-1 -1407950 140
1064 772 m2 774049 0.0561411716 0.5 p-1 -88996 1
724 773 m2 774111 0.0196008384 0.5 p-1 -98422 41
769 774 m2 774493 -0.00598486932 0.5 p-1 -70033 5
766 775 m2 774879 0.00406684494 0.5 p-1 -1316 2
400 776 m2 775153 -0.00948719587 0.5 p-1 -553774 24
1177 777 m2 776705 -0.00225581159 0.5 p-1 -19152 1
480 778 m2 778463 0.108485639 0.5 p-1 -135723 127
1110 779 m2 778501 0.000303456356 0.5 p-1 -1045 1
1096 780 m2 783351 0.0014307939 0.5 p-1 -6418 5
239 781 m2 783823 -0.00255253655 0.5 p-1 -543290 437
1002 782 m2 783921 -0.00627761567 0.5 p-1 -14319 5
115 783 m2 784179 -0.0351620018 0.5 p-1 -239271 137
116 784 m2 792737 -0.000158520852 0.5 p-1 -2048530 726
850 785 m2 794006 -0.0445655733 0.5 p-1 -24726 8
117 786 m2 794192 9.41804103e-07 0.5 p-1 -1382169 928
1149 787 m2 795037 -1.74761481e-05 0.5 p-1 -3307 1
598 788 m2 796916 -0.00661902782 0.5 p-1 -73890 53
792 789 m2 797860 0.0983862802 0.5 p-1 -1072659 20
281 790 m2 799524 0.0175337326 0.5 p-1 -1952245 444
1122 791 m2 799691 -0.00513096293 0.5 p-1 -3132 1
282 793 m2 800242 7.32799754e-06 0.5 p-1 -137096 86
593 794 m2 800835 -0.000248721801 0.5 p-1 -11439 2
465 795 m2 802288 -0.0360546485 0.5 p-1 -772626 161
906 796 m2 803034 0.000156879643 0.5 p-1 -17828 1
380 797 m2 803359 -3.64523294e-06 0.5 p-1 -561927 87
913 798 m2 804483 -5.08299024e-07 0.5 p-1 -353 4
1155 799 m2 805447 -1.1896891e-05 0.5 p-1 -19849 3
240 800 m2 805487 0.000171822219 0.5 p-1 -374918 193
448 801 m2 805936 0.0151943043 0.5 p-1 -299046 94
611 802 m2 805960 -0.00254599773 0.5 p-1 -548450 60
898 803 m2 806478 -0.00405433122 0.5 p-1 -22464 15
459 804 m2 807365 -0.0248773862 0.5 p-1 -566579 11
422 805 m2 807897 0.0666253939 0.5 p-1 -1404856 92
1025 806 m2 808699 0.0150679769 0.5 p-1 -9458 1
977 807 m2 808944 7.00330784e-05 0.5 p-1 -394330 7
564 808 m2 811305 -3.93256386e-07 0.5 p-1 -113873 50
629 809 m2 813882 0.0152647849 0.5 p-1 -84531 6
810 810 m2 815146 0.000362620398 0.5 p-1 -73622 15
466 811 m2 815703 7.18969068e-06 0.5 p-1 -3075893 311
727 812 m2 817167 0.00170039106 0.5 p-1 -11912 4
424 813 m2 817227 -5.86167371e-05 0.5 p-1 -102055 35
862 814 m2 820734 -0.00106750964 0.5 p-1 -6743 10
339 815 m2 821836 0.00180066214 0.5 p-1 -3402906 916
933 816 m2 826897 -0.0421794578 0.5 p-1 -14557 5
196 817 m2 827338 -0.000498951413 0.5 p-1 -1186359 334
197 818 m2 828206 5.80834183e-07 0.5 p-1 -376144 230
309 819 m2 828448 -0.0130137661 0.5 p-1 -956067 240
641 821 m2 829897 0.000167033591 0.5 p-1 -60516 12
118 822 m2 830174 -0.032024011 0.5 p-1 -2242036 740
119 823 m2 831213 0.0425222665 0.5 p-1 -1051999 475
1171 824 m2 831700 -0.000182963471 0.5 p-1 -5386 1
1161 825 m2 833301 1.21769363e-05 0.5 p-1 -32302 1
561 826 m2 834262 -0.00121649588 0.5 p-1 -516179 91
1026 827 m2 834277 -0.000705254846 0.5 p-1 -5484 6
121 828 m2 836057 -1.99537444e-05 0.5 p-1 -2450072 775
838 829 m2 836359 2.68897429e-06 0.5 p-1 -42818 10
402 831 m2 837178 0.00792334601 0.5 p-1 -1315665 281
242 832 m2 837249 0.013825885 0.5 p-1 -32138 37
679 834 m2 837337 6.05493187e-06 0.5 p-1 -149223 117
283 835 m2 837845 0.000527725904 0.5 p-1 -8098656 862
894 836 m2 839512 0.0173488129 0.5 p-1 -17615 6
124 837 m2 839640 0.00858117919 0.5 p-1 -729582 208
876 839 m2 840380 -0.0428453796 0.5 p-1 -13111 10
497 840 m2 841569 0.00286909915 0.5 p-1 -148055 98
533 841 m2 841720 -0.00407837471 0.5 p-1 -74019 75
626 843 m2 843989 -0.0544229709 0.5 p-1 -121106 47
473 844 m2 844041 0.00062966533 0.5 p-1 -1354483 238
927 845 m2 844214 2.48478329e-07 0.5 p-1 -2734 4
125 846 m2 845476 0.000191635729 0.5 p-1 -2320162 1646
126 848 m2 847414 1.72712225e-05 0.5 p-1 -6091874 1688
243 849 m2 849080 -0.00781025644 0.5 p-1 -1813292 208
963 850 m2 849081 9.71135887e-05 0.5 p-1 -13148 11
948 851 m2 849629 0.000283470319 0.5 p-1 -17088 15
284 855 m2 852013 0.000930215872 0.5 p-1 -1064317 563
1051 856 m2 853423 -1.15548264e-05 0.5 p-1 -52969 3
767 857 m2 857691 -0.00307870377 0.5 p-1 -93779 39
748 858 m2 859196 -0.000191758314 0.5 p-1 -19982 11
244 859 m2 859789 6.74325929e-05 0.5 p-1 -5137450 115
943 860 m2 863472 -8.98420785e-06 0.5 p-1 -16596 7
245 861 m2 865034 0.00104057894 0.5 p-1 -108176 85
434 862 m2 865431 0.0110280924 0.5 p-1 -341953 131
1027 863 m2 866269 -0.00955461245 0.5 p-1 -2812 3
481 864 m2 867292 0.0230204277 0.5 p-1 -213699 64
1067 866 m2 868845 -0.0229203887 0.5 p-1 -977 4
630 868 m2 869528 0.0159843154 0.5 p-1 -310145 148
1146 870 m2 871938 -0.000460804382 0.5 p-1 -14268 4
619 871 m2 876171 6.27804475e-05 0.5 p-1 -105701 9
947 872 m2 877714 1.27630728e-05 0.5 p-1 -19723 9
285 873 m2 877744 0.0011800041 0.5 p-1 -3606765 291
286 874 m2 879199 -0.00471645873 0.5 p-1 -825723 284
359 876 m2 880438 0.0304677114 0.5 p-1 -733657 182
425 877 m2 881725 -0.0276487432 0.5 p-1 -630451 465
541 878 m2 882934 -0.000342270796 0.5 p-1 -1152786 101
246 879 m2 885335 -0.00180646044 0.5 p-1 -29984 41
310 880 m2 886471 0.000967013068 0.5 p-1 -248794 288
360 881 m2 888496 -0.0205877032 0.5 p-1 -831916 278
805 883 m2 889545 -0.000463931821 0.5 p-1 -30206 9
506 884 m2 889858 -0.051918298 0.5 p-1 -300785 104
131 887 m2 891240 4.56213966e-05 0.5 p-1 -678669 97
666 888 m2 892988 0.00201863586 0.5 p-1 -132296 42
1013 889 m2 893772 9.20776273e-08 0.5 p-1 -4218 5
642 890 m2 894743 -0.000396572374 0.5 p-1 -283431 16
132 891 m2 895113 -0.000614397461 0.5 p-1 -1527547 264
931 893 m2 895408 -0.00664985087 0.5 p-1 -3099 4
198 894 m2 896154 0.000766488491 0.5 p-1 -818707 226
133 895 m2 897149 -0.0318581462 0.5 p-1 -844145 1005
449 896 m2 900112 6.35637036e-07 0.5 p-1 -1385161 212
958 897 m2 900181 -3.11600779e-05 0.5 p-1 -131414 7
247 899 m2 902920 -0.00183100381 0.5 p-1 -118556 99
340 900 m2 903423 -0.000573706347 0.5 p-1 -1257400 666
809 901 m2 903861 0.0125852237 0.5 p-1 -4954 1
685 902 m2 904548 -0.00750722084 0.5 p-1 -43246 58
442 905 m2 909664 0.00270631956 0.5 p-1 -175077 60
940 907 m2 912123 -0.00202256883 0.5 p-1 -17175 2
836 908 m2 912223 0.000563724549 0.5 p-1 -202957 16
134 909 m2 914311 -1.44338073e-05 0.5 p-1 -1939798 698
631 910 m2 914362 0.000487806887 0.5 p-1 -21779 3
883 911 m2 914942 -0.00141708809 0.5 p-1 -161329 18
1057 912 m2 916698 0.00132542744 0.5 p-1 -2970 5
986 913 m2 917239 -0.00485343253 0.5 p-1 -12096 1
1016 915 m2 920201 0.00178450707 0.5 p-1 -6336 2
341 916 m2 922214 0.00723737152 0.5 p-1 -5592870 274
1068 917 m2 924336 -0.00626685657 0.5 p-1 -294 2
577 918 m2 924663 0.074965179 0.5 p-1 -46340 30
467 919 m2 925543 -0.00117777579 0.5 p-1 -18090 10
1123 920 m2 926878 -0.000567150302 0.5 p-1 -7126 3
613 922 m2 930853 0.00932572782 0.5 p-1 -72116 60
342 923 m2 933731 5.8347021e-05 0.5 p-1 -322862 166
788 924 m2 934244 0.0134467287 0.5 p-1 -289528 80
474 926 m2 936772 0.0184382237 0.5 p-1 -36783 1
343 927 m2 937021 0.0343830809 0.5 p-1 -8345109 851
248 928 m2 938088 0.0118180811 0.5 p-1 -893532 494
1017 930 m2 939352 0.00370102446 0.5 p-1 -8953 9
135 931 m2 942259 -0.000340520026 0.5 p-1 -253693 67
1186 932 m2 942526 -0.0068564075 0.5 p-1 -804 1
311 933 m2 942594 -0.000276429579 0.5 p-1 -1978198 582
136 934 m2 943057 0.00103812339 0.5 p-1 -4823949 1677
288 935 m2 943560 0.0201419946 0.5 p-1 -3453586 777
1200 937 m2 946956 0.00859988295 0.5 p-1 -9297 2
557 938 m2 947620 -5.62172572e-05 0.5 p-1 -11460 14
661 940 m2 949916 -0.00731457677 0.5 p-1 -9909 11
739 941 m2 949969 2.59463086e-05 0.5 p-1 -43032 9
614 942 m2 950093 -0.000252363243 0.5 p-1 -543421 105
932 944 m2 951034 -0.000153926871 0.5 p-1 -26253 4
601 946 m2 954684 0.00709039671 0.5 p-1 -243015 80
404 947 m2 955162 -0.00711756526 0.5 p-1 -752326 368
699 948 m2 956892 0.00375434104 0.5 p-1 -8910 3
312 949 m2 957918 0.00228299759 0.5 p-1 -542463 89
1103 950 m2 958245 0.00128191768 0.5 p-1 -80682 1
200 951 m2 959011 0.00881417189 0.5 p-1 -3206969 1135
289 952 m2 959319 0.000525960582 0.5 p-1 -74749 88
344 953 m2 959356 0.00359025947 0.5 p-1 -410882 477
542 954 m2 959401 0.0214911047 0.5 p-1 -72826 28
654 955 m2 961220 0.00976905506 0.5 p-1 -76716 21
361 956 m2 965126 -0.000624185486 0.5 p-1 -529185 214
703 958 m2 965391 -0.0916773528 0.5 p-1 -93512 17
644 959 m2 968356 1.82869262e-05 0.5 p-1 -1365751 24
313 960 m2 968715 -0.000295287027 0.5 p-1 -214942 84
645 961 m2 969774 -0.0260592233 0.5 p-1 -164764 24
881 962 m2 969993 1.10108786e-05 0.5 p-1 -929642 12
612 964 m2 971527 -0.00629193382 0.5 p-1 -86632 25
843 965 m2 971578 0.0974180698 0.5 p-1 -129379 14
1085 966 m2 972314 -0.0235059019 0.5 p-1 -1782 1
1059 967 m2 975764 -0.00291705737 0.5 p-1 -605 2
662 968 m2 979856 0.0137322005 0.5 p-1 -65420 25
381 969 m2 981173 -0.000825286028 0.5 p-1 -1050677 360
1109 970 m2 984630 0.00257119932 0.5 p-1 -17126 3
290 971 m2 985418 0.000181003255 0.5 p-1 -1455446 886
1055 972 m2 987860 -0.00705652917 0.5 p-1 -62137 7
786 973 m2 988028 0.0124388346 0.5 p-1 -6308 9
291 975 m2 990019 -0.000943881809 0.5 p-1 -6962693 365
967 976 m2 991009 3.22726166e-08 0.5 p-1 -58684 12
579 977 m2 991079 0.00763781229 0.5 p-1 -278655 29
138 979 m2 992767 0.00638918113 0.5 p-1 -6112950 873
382 981 m2 993875 -0.0136353783 0.5 p-1 -69038 5
522 984 m2 997084 -0.0099932244 0.5 p-1 -32263 13
314 985 m2 997565 -0.00699726446 0.5 p-1 -78461 31
844 986 m2 997917 -3.64128391e-06 0.5 p-1 -88731 21
678 987 m2 998586 0.011211602 0.5 p-1 -3581777 52
523 988 m2 999437 0.000282028428 0.5 p-1 -19653 13
1195 989 m2 809751 0.0336208269 0.5 p0 2 1
864 990 m2 12693 -0.00741733238 0.5 p0 2 1
965 991 m2 788096 1.54142581e-14 0.5 p0 2 1
863 992 m2 654386 0.00103931327 0.5 p0 2 3
928 993 m2 42089 0.00851499569 0.5 p0 2 2
930 994 m2 343250 -0.0127030881 0.5 p0 2 2
347 995 m2 225046 0.000834599545 0.5 p0 2 3
691 997 m2 385325 0.00446799165 0.5 p0 2 1
1176 998 m2 359408 -0.0088016279 0.5 p0 2 1
1127 999 m2 498438 0.00592107885 0.5 p0 2 1
1170 1001 m2 102830 0.047269173 0.5 p0 2 1
994 1002 m2 140913 0.0156787261 0.5 p0 2 2
1081 1004 m2 840244 0.0159715489 0.5 p0 2 2
1021 1005 m2 519044 -0.000335488818 0.5 p0 2 2
1037 1007 m2 446160 0.000692919362 0.5 p0 2 2
1202 1008 m2 586505 0.0114550078 0.5 p0 2 1
905 1009 m2 731459 0.0163435154 0.5 p0 2 1
1194 1011 m2 80364 -4.37267954e-05 0.5 p0 2 1
1192 1013 m2 953684 0.000314334698 0.5 p0 2 1
1210 1017 m2 398032 1.02976228e-05 0.5 p0 2 1
1004 1018 m2 605506 -0.00344299735 0.5 p0 2 2
1204 1022 m2 160585 0.00284575857 0.5 p0 2 1
1078 1023 m2 532909 -0.000427386549 0.5 p0 2 2
925 1024 m2 416326 0.00659134053 0.5 p0 2 4
926 1025 m2 584822 -9.93986907e-11 0.5 p0 2 4
985 1027 m2 329313 9.83967257e-05 0.5 p0 2 1
1079 1028 m2 727528 -2.65530052e-05 0.5 p0 2 1
1097 1030 m2 971091 -2.68317592e-07 0.5 p0 2 1
1060 1032 m2 281248 2.75553321e-05 0.5 p0 2 1
1061 1033 m2 684415 1.73779688e-06 0.5 p0 2 1
1185 1034 m2 854181 0.00363445352 0.5 p0 2 1
1011 1035 m2 644000 -0.00524758408 0.5 p0 2 2
990 1037 m2 763823 0.000304681103 0.5 p0 2 1
989 1038 m2 118380 -3.35153782e-05 0.5 p0 2 1
1119 1040 m2 301955 -0.00675473921 0.5 p0 2 2
972 1041 m2 389991 0.00725409715 0.5 p0 2 3
753 1042 m2 449776 0.000610874151 0.5 p0 2 2
899 1043 m2 105798 -0.000537248619 0.5 p0 2 1
192 1046 m2 742527 -0.0310269892 0.5 p0 2 2
1066 1048 m2 732069 3.35182199e-06 0.5 p0 2 1
1190 1051 m2 895390 -0.040007621 0.5 p0 2 1
1033 1052 m2 74849 -0.0299116038 0.5 p0 2 2
839 1054 m2 872163 -0.0218371246 0.5 p0 2 1
1128 1055 m2 142597 -6.39837453e-05 0.5 p0 2 2
570 1056 m2 837745 -0.0123047363 0.5 p0 2 2
1129 1057 m2 769771 0.00619239965 0.5 p0 2 2
1121 1059 m2 54287 0.0255033802 0.5 p0 2 3
1049 1060 m2 851113 3.37191705e-06 0.5 p0 2 2
1003 1062 m2 312883 -0.0384231471 0.5 p0 2 1
1151 1063 m2 710650 -0.0118216397 0.5 p0 2 1
1032 1064 m2 924018 0.000324136665 0.5 p0 2 1
761 1065 m2 897660 -0.00406029169 0.5 p0 2 2
1029 1066 m2 168251 0.0016476023 0.5 p0 2 1
834 1067 m2 177015 0.0100905281 0.5 p0 2 2
1184 1068 m2 335115 -0.00100852794 0.5 p0 2 1
892 1069 m2 524940 -0.0165769663 0.5 p0 2 1
1208 1070 m2 563052 0.000103736915 0.5 p0 2 1
891 1072 m2 505788 -0.000452145323 0.5 p0 2 3
1203 1075 m2 184159 1.0089816e-06 0.5 p0 2 1
1181 1077 m2 255230 -0.0066507021 0.5 p0 2 1
1162 1080 m2 204243 -0.00341008836 0.5 p0 2 1
1111 1088 m2 227444 0.0552825555 0.5 p0 2 1
1091 1089 m2 132983 -1.4479403e-05 0.5 p0 2 2
1094 1090 m2 648242 9.61222904e-05 0.5 p0 2 2
768 1091 m2 67476 0.0153540494 0.5 p0 2 2
622 1092 m2 558939 0.0494518541 0.5 p0 2 2
624 1093 m2 634161 -0.000117276155 0.5 p0 2 2
625 1094 m2 699950 0.0259349458 0.5 p0 2 3
968 1096 m2 869276 0.000202762923 0.5 p0 2 1
1088 1098 m2 618180 0.0352835096 0.5 p0 2 1
1009 1099 m2 3902 0.000192332198 0.5 p0 2 2
866 1102 m2 375377 0.000301888998 0.5 p0 2 2
934 1104 m2 620488 0.0019483068 0.5 p0 2 2
1147 1105 m2 655932 -0.0114873787 0.5 p0 2 2
740 1106 m2 465128 0.00426492654 0.5 p0 2 1
795 1107 m2 778151 0.0166728254 0.5 p0 2 3
1043 1108 m2 927116 -0.0032369874 0.5 p0 2 2
1212 1109 m2 495749 0.000320601423 0.5 p0 2 1
962 1110 m2 893255 0.0333101302 0.5 p0 2 3
868 1112 m2 47045 -0.00145341922 0.5 p0 2 2
1104 1113 m2 184389 2.11609822e-05 0.5 p0 2 1
1075 1115 m2 406608 0.00160501385 0.5 p0 2 1
1040 1118 m2 738632 0.0031235416 0.5 p0 2 2
1169 1121 m2 86650 4.42662576e-06 0.5 p0 2 1
405 1122 m2 974873 0.000157559887 0.5 p0 2 3
961 1126 m2 697887 0.000132810805 0.5 p0 2 2
1180 1127 m2 597659 0.000500291353 0.5 p0 2 1
796 1128 m2 16142 0.021085754 0.5 p0 2 2
1182 1129 m2 345489 -9.48049201e-05 0.5 p0 2 2
939 1130 m2 286887 -0.0217879917 0.5 p0 2 1
1140 1131 m2 534672 -0.000976406271 0.5 p0 2 2
1076 1132 m2 742589 0.00261590001 0.5 p0 2 1
1077 1133 m2 819521 -1.02893512e-06 0.5 p0 2 1
959 1134 m2 132222 -0.00183797267 0.5 p0 2 1
1090 1135 m2 92663 -1.3011956e-08 0.5 p0 2 3
1157 1136 m2 287767 -0.00242214534 0.5 p0 2 2
984 1138 m2 987409 -0.00981758814 0.5 p0 2 2
1100 1139 m2 794767 0.000258058048 0.5 p0 2 1
945 1140 m2 855340 5.76673483e-06 0.5 p0 2 1
1156 1141 m2 474072 0.00800457969 0.5 p0 2 1
938 1145 m2 489350 -0.0266774315 0.5 p0 2 1
1134 1146 m2 216035 -0.0454839393 0.5 p0 2 1
1135 1147 m2 860648 1.24214184e-05 0.5 p0 2 2
880 1148 m2 166633 0.00100279087 0.5 p0 2 1
1133 1149 m2 738961 0.000352847099 0.5 p0 2 1
1089 1150 m2 173344 0.0783874169 0.5 p0 2 1
718 1151 m2 216402 -0.00794350728 0.5 p0 2 1
886 1152 m2 394351 0.0428814888 0.5 p0 2 2
1165 1154 m2 683904 0.00129431591 0.5 p0 2 1
1019 1155 m2 408386 0.0202288907 0.5 p0 2 1
1138 1156 m2 474351 -0.0581244044 0.5 p0 2 1
1144 1157 m2 891690 -0.000260378496 0.5 p0 2 1
1188 1159 m2 732678 0.000111652094 0.5 p0 2 1
1014 1160 m2 683236 5.51232406e-05 0.5 p0 2 2
1154 1161 m2 346977 0.00553574506 0.5 p0 2 1
1045 1162 m2 843409 -2.91784272e-05 0.5 p0 2 2
1142 1163 m2 773685 -0.0096488893 0.5 p0 2 2
1112 1166 m2 332072 0.0237849746 0.5 p0 2 1
992 1169 m2 262464 0.00138358364 0.5 p0 2 1
1101 1171 m2 927455 0.0614254251 0.5 p0 2 1
1080 1173 m2 833852 -6.22775269e-06 0.5 p0 2 1
1015 1174 m2 634183 -0.00477793673 0.5 p0 2 2
916 1175 m2 30787 2.34938489e-06 0.5 p0 2 1
1006 1176 m2 337719 -3.93749389e-07 0.5 p0 2 1
920 1177 m2 933047 -0.000239756395 0.5 p0 2 1
1173 1178 m2 141152 -0.0036059292 0.5 p0 2 1
250 1180 m1 961 0 0.5 p-1 -4279749 1146
562 1181 m1 1198 0 0.5 p-1 -553438 56
915 1183 m1 8302 0 0.5 p-1 -5641 3
0 1185 m1 12507 0 0.5 p-1 -7310688 1923
1196 1187 m1 19912 -0 0.5 p-1 -515 1
407 1188 m1 20866 -0 0.5 p-1 -145730 180
848 1189 m1 23113 0 0.5 p-1 -120 2
141 1190 m1 24032 0 0.5 p-1 -5301584 1485
345 1191 m1 28330 -0 0.5 p-1 -4409389 575
365 1192 m1 29069 0 0.5 p-1 -2116785 268
988 1193 m1 30106 -0 0.5 p-1 -7849 11
799 1194 m1 31508 0 0.5 p-1 -5414 10
534 1195 m1 32554 -0 0.5 p-1 -161170 92
782 1196 m1 35378 -0 0.5 p-1 -464649 79
408 1197 m1 38817 -0 0.5 p-1 -707867 361
717 1198 m1 40059 -0 0.5 p-1 -200556 40
6 1199 m1 47189 -0 0.5 p-1 -3384023 1086
615 1200 m1 48713 0 0.5 p-1 -911938 229
849 1201 m1 56008 -0 0.5 p-1 -4602 3
725 1202 m1 56333 0 0.5 p-1 -2709584 18
145 1203 m1 56979 -0 0.5 p-1 -307092 17
1166 1204 m1 57746 -0 0.5 p-1 -1494 1
410 1205 m1 61257 0 0.5 p-1 -1194 2
893 1206 m1 63395 -0 0.5 p-1 -34922 12
257 1207 m1 64474 0 0.5 p-1 -1260666 327
509 1209 m1 67791 -0 0.5 p-1 -93212 57
736 1210 m1 75979 -0 0.5 p-1 -133397 126
488 1211 m1 76900 -0 0.5 p-1 -197762 58
148 1214 m1 89611 0 0.5 p-1 -2461047 245
11 1215 m1 89975 0 0.5 p-1 -1435674 1330
510 1216 m1 93326 -0 0.5 p-1 -702806 91
1074 1217 m1 95080 0 0.5 p-1 -1737 1
1071 1218 m1 99723 0 0.5 p-1 -83183 5
670 1219 m1 101331 0 0.5 p-1 -138181 14
17 1220 m1 103333 -0 0.5 p-1 -3763992 1677
803 1221 m1 110507 -0 0.5 p-1 -667196 2
437 1222 m1 111134 0 0.5 p-1 -263753 39
794 1223 m1 111947 0 0.5 p-1 -217072 3
1041 1224 m1 112460 -0 0.5 p-1 -7191 3
1056 1225 m1 113314 0 0.5 p-1 -4811 7
20 1226 m1 113907 -0 0.5 p-1 -334316 281
1152 1227 m1 115169 0 0.5 p-1 -789 2
151 1228 m1 117759 -0 0.5 p-1 -11591052 1020
525 1229 m1 117905 -0 0.5 p-1 -168001 66
209 1230 m1 118204 0 0.5 p-1 -4973642 657
721 1232 m1 125330 -0 0.5 p-1 -35067 36
24 1233 m1 125467 0 0.5 p-1 -823382 717
802 1235 m1 126467 0 0.5 p-1 -4833 2
741 1236 m1 126643 -0 0.5 p-1 -2807903 37
919 1237 m1 126935 0 0.5 p-1 -70189 2
152 1238 m1 130047 0 0.5 p-1 -203366 65
25 1239 m1 132855 0 0.5 p-1 -1357720 52
368 1240 m1 133152 0 0.5 p-1 -326691 245
27 1242 m1 139991 0 0.5 p-1 -3690761 389
426 1244 m1 147009 -0 0.5 p-1 -1410374 294
1141 1245 m1 148254 0 0.5 p-1 -3814 1
427 1246 m1 153938 -0 0.5 p-1 -284717 123
902 1247 m1 154084 0 0.5 p-1 -19613 2
937 1248 m1 154128 0 0.5 p-1 -1532 4
558 1250 m1 155390 -0 0.5 p-1 -2700 4
924 1251 m1 155735 -0 0.5 p-1 -7445 3
469 1252 m1 161788 0 0.5 p-1 -191524 147
944 1254 m1 172013 0 0.5 p-1 -74 2
729 1255 m1 181094 -0 0.5 p-1 -57794 17
156 1256 m1 182736 0 0.5 p-1 -4831374 711
649 1257 m1 191189 0 0.5 p-1 -2576198 79
386 1259 m1 196216 -0 0.5 p-1 -2802901 51
1172 1260 m1 205039 -0 0.5 p-1 -4616 1
214 1262 m1 207142 0 0.5 p-1 -1057854 1108
1160 1263 m1 207350 0 0.5 p-1 -13151 1
733 1265 m1 210128 -0 0.5 p-1 -83326 20
503 1267 m1 217797 -0 0.5 p-1 -126137 40
387 1268 m1 220829 0 0.5 p-1 -720016 53
639 1269 m1 223047 0 0.5 p-1 -193584 14
747 1270 m1 223639 0 0.5 p-1 -151763 17
1073 1271 m1 229756 -0 0.5 p-1 -3664 1
504 1272 m1 236695 0 0.5 p-1 -6138717 171
971 1273 m1 237611 -0 0.5 p-1 -1156 1
1058 1274 m1 242875 -0 0.5 p-1 -2640 2
489 1277 m1 251523 0 0.5 p-1 -52274 43
513 1278 m1 258992 0 0.5 p-1 -648494 243
42 1279 m1 260480 0 0.5 p-1 -2208997 529
635 1282 m1 272400 0 0.5 p-1 -342755 51
470 1283 m1 283973 -0 0.5 p-1 -160887 109
263 1284 m1 287706 0 0.5 p-1 -2582344 728
589 1285 m1 287938 0 0.5 p-1 -1632864 129
774 1286 m1 292275 -0 0.5 p-1 -25323 5
490 1287 m1 293373 0 0.5 p-1 -46921 35
667 1288 m1 294647 -0 0.5 p-1 -121215 111
264 1289 m1 299682 0 0.5 p-1 -258781 83
983 1290 m1 305571 -0 0.5 p-1 -19898 11
349 1291 m1 313709 -0 0.5 p-1 -2305648 441
581 1292 m1 322258 -0 0.5 p-1 -96218 61
166 1295 m1 332139 -0 0.5 p-1 -1752247 1414
266 1296 m1 332456 -0 0.5 p-1 -1421899 321
53 1297 m1 335509 0 0.5 p-1 -6338236 1371
167 1298 m1 338427 0 0.5 p-1 -5217586 1429
712 1300 m1 340363 0 0.5 p-1 -361431 49
55 1301 m1 342599 -0 0.5 p-1 -4674636 970
326 1303 m1 353698 0 0.5 p-1 -1390380 390
647 1306 m1 362802 0 0.5 p-1 -414963 10
295 1307 m1 363518 0 0.5 p-1 -762966 326
444 1308 m1 363736 0 0.5 p-1 -527418 30
438 1309 m1 364870 0 0.5 p-1 -386718 327
526 1311 m1 369788 0 0.5 p-1 -95949 34
170 1312 m1 372554 0 0.5 p-1 -2027070 83
982 1314 m1 376977 0 0.5 p-1 -63231 4
755 1315 m1 377799 -0 0.5 p-1 -11558 21
57 1317 m1 385372 0 0.5 p-1 -4702057 1961
414 1318 m1 385626 -0 0.5 p-1 -117012 145
722 1319 m1 386784 0 0.5 p-1 -33098 39
58 1320 m1 387702 0 0.5 p-1 -139486 35
371 1322 m1 397300 -0 0.5 p-1 -154462 30
454 1323 m1 400979 -0 0.5 p-1 -1799957 83
173 1324 m1 401420 -0 0.5 p-1 -2169951 1647
807 1325 m1 406579 0 0.5 p-1 -113900 4
756 1326 m1 406782 -0 0.5 p-1 -15174 7
609 1327 m1 415245 0 0.5 p-1 -184097 121
416 1328 m1 420774 -0 0.5 p-1 -133262 23
445 1330 m1 430097 0 0.5 p-1 -153980 82
536 1331 m1 430892 0 0.5 p-1 -623333 118
605 1332 m1 433051 -0 0.5 p-1 -31389 44
455 1333 m1 434396 0 0.5 p-1 -1229291 507
993 1334 m1 435190 0 0.5 p-1 -19519 8
329 1335 m1 435371 0 0.5 p-1 -235285 189
60 1336 m1 440659 -0 0.5 p-1 -7457259 862
175 1338 m1 449337 0 0.5 p-1 -432162 37
966 1339 m1 449826 0 0.5 p-1 -7707 11
675 1340 m1 450031 0 0.5 p-1 -1730 3
671 1342 m1 455928 -0 0.5 p-1 -77190 30
737 1343 m1 459723 -0 0.5 p-1 -88988 11
177 1344 m1 462060 -0 0.5 p-1 -3283653 467
1028 1345 m1 468485 0 0.5 p-1 -28472 8
1168 1346 m1 469928 -0 0.5 p-1 -4273 2
658 1347 m1 474949 -0 0.5 p-1 -1031796 23
491 1348 m1 475370 0 0.5 p-1 -217563 15
697 1349 m1 483803 0 0.5 p-1 -1004661 26
698 1350 m1 484397 0 0.5 p-1 -249167 26
762 1351 m1 484453 0 0.5 p-1 -247744 7
842 1353 m1 489566 -0 0.5 p-1 -5520 2
980 1354 m1 490434 0 0.5 p-1 -366 2
297 1355 m1 498036 0 0.5 p-1 -427512 263
68 1356 m1 508350 -0 0.5 p-1 -915336 645
817 1357 m1 508397 -0 0.5 p-1 -12956 13
431 1359 m1 513881 0 0.5 p-1 -2440390 222
221 1361 m1 516966 -0 0.5 p-1 -1338612 645
69 1362 m1 519286 -0 0.5 p-1 -3456574 1318
783 1363 m1 520539 0 0.5 p-1 -2884 1
829 1364 m1 525135 -0 0.5 p-1 -34883 10
269 1365 m1 525383 -0 0.5 p-1 -154386 121
393 1366 m1 525917 -0 0.5 p-1 -488271 156
621 1367 m1 526428 0 0.5 p-1 -18617 10
180 1368 m1 528768 0 0.5 p-1 -701570 660
821 1369 m1 530252 0 0.5 p-1 -5390 5
750 1370 m1 534295 0 0.5 p-1 -539118 62
1175 1371 m1 535051 0 0.5 p-1 -8720 3
355 1372 m1 537645 0 0.5 p-1 -1363582 268
1036 1373 m1 541051 0 0.5 p-1 -15504 3
1039 1374 m1 545284 -0 0.5 p-1 -40152 4
394 1375 m1 546533 0 0.5 p-1 -250978 84
949 1376 m1 546721 0 0.5 p-1 -4387 18
224 1377 m1 547602 -0 0.5 p-1 -2764623 958
1115 1379 m1 551951 -0 0.5 p-1 -8304 1
456 1380 m1 552038 -0 0.5 p-1 -855830 108
77 1381 m1 562089 -0 0.5 p-1 -3928034 1000
372 1382 m1 563017 -0 0.5 p-1 -1169099 27
1209 1383 m1 564055 0 0.5 p-1 -36168 1
373 1384 m1 565225 -0 0.5 p-1 -102742 28
1150 1385 m1 569888 -0 0.5 p-1 -1631 2
591 1386 m1 573573 -0 0.5 p-1 -141537 7
226 1387 m1 575799 -0 0.5 p-1 -3740379 975
872 1389 m1 586515 0 0.5 p-1 -39309 3
471 1390 m1 595920 0 0.5 p-1 -474775 242
228 1391 m1 596610 -0 0.5 p-1 -652303 257
80 1393 m1 598309 0 0.5 p-1 -1478445 271
1193 1395 m1 615520 -0 0.5 p-1 -2350 1
790 1396 m1 615975 -0 0.5 p-1 -28006 4
797 1398 m1 618636 -0 0.5 p-1 -281175 7
457 1399 m1 619002 0 0.5 p-1 -4741850 365
85 1400 m1 619938 -0 0.5 p-1 -2242837 1147
374 1401 m1 623587 0 0.5 p-1 -1961539 316
610 1402 m1 633138 0 0.5 p-1 -1268007 51
273 1403 m1 635238 0 0.5 p-1 -3691865 613
1113 1404 m1 637583 -0 0.5 p-1 -707 2
441 1405 m1 637970 0 0.5 p-1 -872200 315
87 1406 m1 640670 0 0.5 p-1 -5188403 1386
302 1407 m1 643410 -0 0.5 p-1 -1313886 580
398 1408 m1 645018 0 0.5 p-1 -174777 12
90 1409 m1 646007 -0 0.5 p-1 -4451287 679
975 1410 m1 650021 0 0.5 p-1 -6044 6
231 1411 m1 660141 -0 0.5 p-1 -8006807 89
569 1412 m1 663279 0 0.5 p-1 -581013 117
93 1413 m1 666769 -0 0.5 p-1 -1179683 1242
529 1414 m1 668628 0 0.5 p-1 -45819 25
1030 1416 m1 674199 -0 0.5 p-1 -84816 9
801 1417 m1 684534 0 0.5 p-1 -43964 8
97 1418 m1 688855 0 0.5 p-1 -2425765 990
1206 1419 m1 695692 0 0.5 p-1 -38 1
305 1420 m1 700426 0 0.5 p-1 -787192 127
779 1421 m1 703685 0 0.5 p-1 -161029 29
1183 1422 m1 704025 0 0.5 p-1 -2677 2
99 1423 m1 709908 0 0.5 p-1 -117016 47
189 1424 m1 713155 -0 0.5 p-1 -384244 413
102 1425 m1 719171 0 0.5 p-1 -1731584 1280
1086 1426 m1 724283 -0 0.5 p-1 -153182 3
307 1427 m1 725267 0 0.5 p-1 -282622 246
105 1428 m1 726076 -0 0.5 p-1 -2649928 1372
946 1429 m1 726306 0 0.5 p-1 -3889 5
276 1431 m1 729423 0 0.5 p-1 -5992447 610
723 1432 m1 730728 -0 0.5 p-1 -86106 67
554 1434 m1 731289 -0 0.5 p-1 -6924 4
1105 1435 m1 736322 0 0.5 p-1 -1856 3
710 1436 m1 736566 0 0.5 p-1 -11006 2
106 1437 m1 739935 0 0.5 p-1 -15606785 958
1143 1438 m1 741344 -0 0.5 p-1 -1308 1
109 1439 m1 744072 -0 0.5 p-1 -251017 106
954 1440 m1 744686 -0 0.5 p-1 -111722 9
575 1441 m1 745708 0 0.5 p-1 -63674 39
684 1442 m1 750024 -0 0.5 p-1 -443481 108
686 1443 m1 755519 0 0.5 p-1 -9700 13
377 1444 m1 755564 0 0.5 p-1 -1974195 152
532 1445 m1 764211 -0 0.5 p-1 -228904 79
114 1446 m1 765771 0 0.5 p-1 -2510737 1477
1164 1447 m1 766705 -0 0.5 p-1 -2703 1
238 1448 m1 773702 0 0.5 p-1 -5615777 222
859 1449 m1 775160 0 0.5 p-1 -35003 23
464 1450 m1 777852 -0 0.5 p-1 -334144 153
857 1451 m1 777904 -0 0.5 p-1 -1010354 14
770 1452 m1 780472 0 0.5 p-1 -109745 21
771 1453 m1 786834 0 0.5 p-1 -317209 12
505 1454 m1 788670 0 0.5 p-1 -279335 28
279 1456 m1 791063 0 0.5 p-1 -1162341 342
280 1457 m1 793929 -0 0.5 p-1 -701663 146
652 1460 m1 799773 0 0.5 p-1 -4997 3
1207 1462 m1 803971 0 0.5 p-1 -5266 1
423 1463 m1 809062 0 0.5 p-1 -55695 55
1010 1465 m1 811291 -0 0.5 p-1 -37926 2
618 1466 m1 814266 0 0.5 p-1 -501654 112
556 1467 m1 817204 -0 0.5 p-1 -19094 13
401 1469 m1 820725 -0 0.5 p-1 -3251190 268
195 1470 m1 821299 -0 0.5 p-1 -5528158 1773
745 1471 m1 821541 -0 0.5 p-1 -212523 6
241 1472 m1 823979 0 0.5 p-1 -78856 87
519 1474 m1 829531 -0 0.5 p-1 -204498 34
520 1475 m1 830442 -0 0.5 p-1 -2213530 68
120 1476 m1 834949 0 0.5 p-1 -1995206 350
122 1477 m1 836262 -0 0.5 p-1 -1829839 1133
123 1478 m1 839165 0 0.5 p-1 -261547 76
576 1481 m1 848366 -0 0.5 p-1 -2858187 64
1012 1482 m1 851906 -0 0.5 p-1 -8077 5
877 1484 m1 859675 -0 0.5 p-1 -45490 12
127 1486 m1 870169 0 0.5 p-1 -1963375 885
128 1488 m1 872819 0 0.5 p-1 -1170555 538
772 1489 m1 873165 0 0.5 p-1 -17353 13
129 1490 m1 874376 0 0.5 p-1 -4038060 847
688 1491 m1 878236 0 0.5 p-1 -14408 8
895 1493 m1 885331 0 0.5 p-1 -138858 5
130 1494 m1 887739 0 0.5 p-1 -1714514 1409
521 1496 m1 888986 -0 0.5 p-1 -21755 22
287 1498 m1 889388 0 0.5 p-1 -390768 129
507 1499 m1 890089 0 0.5 p-1 -159360 102
951 1500 m1 893868 -0 0.5 p-1 -6927 5
199 1503 m1 905580 0 0.5 p-1 -1174403 449
643 1505 m1 925063 0 0.5 p-1 -153269 47
403 1506 m1 935731 0 0.5 p-1 -355647 190
450 1507 m1 936072 -0 0.5 p-1 -41625 32
443 1508 m1 949414 0 0.5 p-1 -369495 106
869 1509 m1 953303 0 0.5 p-1 -1424 1
1046 1510 m1 956621 0 0.5 p-1 -27225 4
822 1511 m1 961286 -0 0.5 p-1 -17941 21
362 1512 m1 967930 0 0.5 p-1 -2062661 342
498 1513 m1 967932 -0 0.5 p-1 -46910 17
578 1515 m1 972453 -0 0.5 p-1 -5203 7
660 1517 m1 976809 -0 0.5 p-1 -97361 21
201 1519 m1 988360 0 0.5 p-1 -2857295 1526
249 1520 m1 991900 -0 0.5 p-1 -328557 276
728 1521 m1 992073 0 0.5 p-1 -43506 12
137 1522 m1 992166 -0 0.5 p-1 -7233245 1112
406 1523 m1 995830 0 0.5 p-1 -197198 309
