Temp_ID Permanent_ID Mutation_type Position s h Subpop Tick Number
0 1 m2 9897 -0.000101962301 0.5 p-1 -2437254 836
35 2 m2 12038 -0.000448568811 0.5 p-1 -16063979 819
52 3 m2 21123 0.00189507334 0.5 p-1 -4200485 272
36 5 m2 28228 -0.0107078692 0.5 p-1 -1891257 771
75 7 m2 32862 -0.00398690673 0.5 p-1 -4430797 548
37 10 m2 42591 -1.07782198e-05 0.5 p-1 -4349100 1376
1 11 m2 51143 -9.26333378e-05 0.5 p-1 -5715875 1507
100 12 m2 51298 -0.00130965584 0.5 p-1 -1385 43
272 14 m2 55508 0.0187140405 0.5 p-1 -1608883 1
125 15 m2 62447 2.02420979e-05 0.5 p-1 -110605 111
116 16 m2 67498 0.00457810704 0.5 p-1 -3706897 385
38 17 m2 68061 -0.00105569419 0.5 p-1 -1857346 201
223 19 m2 86516 -0.0288456958 0.5 p-1 -561884 50
138 20 m2 90300 0.000585275586 0.5 p-1 -391723 40
68 21 m2 97842 -0.00904000644 0.5 p-1 -115306 40
190 22 m2 103383 0.0390553996 0.5 p-1 -172606 56
81 23 m2 104509 -0.00407424057 0.5 p-1 -6334249 642
205 24 m2 105253 9.76698175e-07 0.5 p-1 -387927 34
101 25 m2 113824 -0.000553699152 0.5 p-1 -22445 42
188 26 m2 114167 0.000296249927 0.5 p-1 -34928 26
153 28 m2 118954 0.00792794116 0.5 p-1 -184850 165
161 29 m2 121558 0.0522509255 0.5 p-1 -73870 53
40 30 m2 121830 -0.00605417043 0.5 p-1 -1787516 1110
54 31 m2 123793 -0.00213817274 0.5 p-1 -1959456 612
131 34 m2 125358 0.00141441263 0.5 p-1 -2141275 85
2 35 m2 127848 0.000354619959 0.5 p-1 -10105654 672
91 36 m2 128491 0.000619717233 0.5 p-1 -44634 26
117 39 m2 135637 0.0247640349 0.5 p-1 -121583 52
69 40 m2 138621 -0.000762838579 0.5 p-1 -373591 117
201 41 m2 144985 0.0423181131 0.5 p-1 -2543 2
3 42 m2 148007 -0.00244960189 0.5 p-1 -4308097 933
150 43 m2 159457 0.000414748065 0.5 p-1 -66964 129
55 45 m2 161715 0.00668366812 0.5 p-1 -3039330 505
164 46 m2 164330 0.00498862797 0.5 p-1 -316007 119
224 47 m2 167458 -0.000121476529 0.5 p-1 -88683 19
4 48 m2 172163 -4.0071991e-06 0.5 p-1 -1664024 714
232 50 m2 185014 0.000304872927 0.5 p-1 -36591 6
207 51 m2 186520 0.0385309197 0.5 p-1 -1086175 36
136 53 m2 191559 -0.0166160744 0.5 p-1 -370266 175
174 54 m2 192722 -0.00396851124 0.5 p-1 -82487 51
5 56 m2 211672 0.00323206862 0.5 p-1 -1644843 1145
167 57 m2 212179 0.0513508804 0.5 p-1 -165954 31
103 58 m2 214479 0.0023965938 0.5 p-1 -49379 64
151 59 m2 219816 -5.21551483e-05 0.5 p-1 -984837 51
77 60 m2 222939 0.0217135288 0.5 p-1 -1426862 819
178 61 m2 226692 -0.0924207047 0.5 p-1 -469120 9
41 62 m2 230317 -0.000381587917 0.5 p-1 -4380173 882
139 63 m2 236097 4.32581887e-10 0.5 p-1 -436822 14
175 64 m2 237621 0.000729202759 0.5 p-1 -48274 31
113 65 m2 239686 0.0142271621 0.5 p-1 -488792 308
261 67 m2 256596 -0.023203684 0.5 p-1 -268097 5
152 68 m2 259790 -0.0155909611 0.5 p-1 -6728 7
250 69 m2 260700 0.000578524545 0.5 p-1 -72820 20
6 72 m2 264569 0.000141669996 0.5 p-1 -2569149 1372
7 77 m2 280035 -0.00717796385 0.5 p-1 -3220384 1968
56 78 m2 281302 5.97778817e-05 0.5 p-1 -332766 116
215 80 m2 288931 -0.00285265711 0.5 p-1 -473737 19
57 81 m2 291091 -4.03577433e-05 0.5 p-1 -3005558 657
8 83 m2 294528 5.77868086e-05 0.5 p-1 -11059961 1135
179 84 m2 307685 0.0479444861 0.5 p-1 -85090 22
251 85 m2 313626 0.00283497502 0.5 p-1 -67649 9
141 86 m2 313704 0.00147484301 0.5 p-1 -64466 56
118 88 m2 322163 -0.000365277345 0.5 p-1 -787549 335
83 91 m2 333592 -0.0104719354 0.5 p-1 -2460573 305
84 92 m2 333770 -4.56712987e-05 0.5 p-1 -2727026 299
71 98 m2 359267 -1.26833061e-06 0.5 p-1 -1493630 1122
109 100 m2 362254 0.000305027905 0.5 p-1 -779927 122
278 101 m2 363972 -0.032999333 0.5 p-1 -84165 4
160 104 m2 377335 0.000834716659 0.5 p-1 -971602 230
9 105 m2 378644 -0.000815780892 0.5 p-1 -1586051 1039
227 107 m2 392635 0.0181988757 0.5 p-1 -32983 4
110 108 m2 393388 0.000273193873 0.5 p-1 -552867 282
72 111 m2 405332 0.0153371524 0.5 p-1 -2244023 161
214 112 m2 407546 -0.0377928652 0.5 p-1 -242902 16
111 113 m2 409862 -1.55330542e-06 0.5 p-1 -3152856 498
154 114 m2 411187 8.89377361e-07 0.5 p-1 -24116 31
11 115 m2 414459 0.00323288608 0.5 p-1 -423730 271
12 116 m2 425546 9.00783853e-05 0.5 p-1 -1606612 1478
148 118 m2 429403 -0.00156603265 0.5 p-1 -2381270 85
252 119 m2 429974 0.00092037383 0.5 p-1 -23802 1
217 120 m2 436871 -0.000263969705 0.5 p-1 -44001 10
182 121 m2 437560 -5.79235311e-05 0.5 p-1 -245929 32
258 122 m2 444927 0.0224376936 0.5 p-1 -66910 4
92 123 m2 447186 -0.0172265694 0.5 p-1 -692015 36
93 124 m2 447414 4.77879184e-05 0.5 p-1 -825557 79
133 125 m2 449220 0.00956420228 0.5 p-1 -133433 58
43 126 m2 452915 0.014121823 0.5 p-1 -1928542 333
158 127 m2 453879 0.0140403546 0.5 p-1 -86366 14
60 129 m2 458278 -0.0269716959 0.5 p-1 -436123 845
165 130 m2 460404 -7.31746986e-05 0.5 p-1 -241594 33
13 131 m2 466726 -0.0206774976 0.5 p-1 -1099328 413
249 132 m2 467887 0.000533025595 0.5 p-1 -9474 6
119 133 m2 472916 0.00190027058 0.5 p-1 -96457 75
106 134 m2 473010 0.0502991937 0.5 p-1 -130998 30
243 136 m2 476743 4.95468885e-06 0.5 p-1 -13195 8
220 137 m2 479349 1.00965451e-06 0.5 p-1 -48990 8
61 140 m2 491957 -0.000544023234 0.5 p-1 -4457236 518
86 141 m2 494843 0.0394412987 0.5 p-1 -32218 39
147 143 m2 499587 0.0337883234 0.5 p-1 -30719 7
149 145 m2 503185 -0.0184307024 0.5 p-1 -10794 48
209 146 m2 505217 -0.00764693506 0.5 p-1 -40473 16
155 147 m2 509086 -0.0198226199 0.5 p-1 -293470 36
189 148 m2 511128 -0.000701337645 0.5 p-1 -36330 14
156 149 m2 513510 0.0258785635 0.5 p-1 -39189 52
14 150 m2 520258 0.00344592938 0.5 p-1 -6790802 1486
15 152 m2 521369 0.000606698974 0.5 p-1 -2263937 1266
130 154 m2 525388 0.000348350703 0.5 p-1 -750565 88
203 155 m2 526351 0.00015441679 0.5 p-1 -271177 34
277 156 m2 529089 -0.0028391222 0.5 p-1 -1307 3
115 157 m2 529953 -1.43618818e-05 0.5 p-1 -37271 15
44 158 m2 530118 0.00275971228 0.5 p-1 -7162268 1395
239 159 m2 533062 -0.000145505241 0.5 p-1 -2552 11
45 160 m2 542013 -0.00641346537 0.5 p-1 -3136 11
17 161 m2 542580 0.00437947968 0.5 p-1 -7086032 1280
170 162 m2 545174 2.58945391e-07 0.5 p-1 -190412 22
18 164 m2 552452 0.013891899 0.5 p-1 -3007802 1723
19 165 m2 554554 -0.00324201584 0.5 p-1 -8662039 1508
87 166 m2 557850 0.00332027348 0.5 p-1 -1287625 166
237 167 m2 558784 -0.000563893875 0.5 p-1 -8138 19
20 168 m2 559824 0.0308368113 0.5 p-1 -1380685 97
204 169 m2 560006 -0.031560462 0.5 p-1 -45220 73
200 171 m2 568911 0.00231158175 0.5 p-1 -543924 8
211 172 m2 573985 0.0138985757 0.5 p-1 -21445 5
230 173 m2 577443 0.00258355681 0.5 p-1 -347324 19
107 174 m2 577690 -0.00200512609 0.5 p-1 -274509 217
94 175 m2 588061 -0.000258183019 0.5 p-1 -6406206 34
268 176 m2 601806 6.35906254e-05 0.5 p-1 -13923 5
126 177 m2 604784 0.0142900134 0.5 p-1 -385881 132
256 178 m2 607855 -0.00649778917 0.5 p-1 -776837 7
78 179 m2 608671 -0.000160221505 0.5 p-1 -455873 392
22 180 m2 613059 -0.0193897635 0.5 p-1 -769206 1045
127 181 m2 614059 -0.00292241503 0.5 p-1 -5164647 283
259 184 m2 619483 -0.00277554872 0.5 p-1 -7733 1
183 185 m2 622991 -0.00580779044 0.5 p-1 -84620 29
185 187 m2 630073 -0.00838055741 0.5 p-1 -729470 23
222 189 m2 638604 0.000100132107 0.5 p-1 -76507 8
46 190 m2 648605 0.0067951465 0.5 p-1 -1014049 738
96 191 m2 652504 0.00672129076 0.5 p-1 -2524088 197
172 192 m2 654659 0.00411292305 0.5 p-1 -117544 53
62 193 m2 654961 0.00933946576 0.5 p-1 -5191716 477
282 194 m2 656670 3.01081109e-05 0.5 p-1 -10125 2
63 195 m2 665941 0.00969205052 0.5 p-1 -1064178 502
112 196 m2 666683 -1.44083124e-05 0.5 p-1 -321128 60
208 198 m2 671540 0.000301966385 0.5 p-1 -401044 26
180 199 m2 672591 0.000270823744 0.5 p-1 -205086 68
97 200 m2 673328 0.00136595231 0.5 p-1 -411189 105
120 201 m2 674468 0.00060603692 0.5 p-1 -141749 157
159 202 m2 677269 -4.72559877e-05 0.5 p-1 -21383 21
64 203 m2 684569 0.00280891126 0.5 p-1 -4465456 1183
25 204 m2 684812 0.00019239416 0.5 p-1 -5670876 1633
65 205 m2 694185 -5.99267436e-09 0.5 p-1 -1973640 448
26 207 m2 703579 -0.0101699317 0.5 p-1 -2034027 1328
140 209 m2 706490 0.018006457 0.5 p-1 -1138485 134
241 210 m2 708762 5.49889883e-05 0.5 p-1 -1517 2
66 211 m2 709785 0.000194429391 0.5 p-1 -658982 388
27 212 m2 711216 -0.000705361832 0.5 p-1 -2388040 1156
194 213 m2 713090 0.000718083291 0.5 p-1 -92860 7
233 214 m2 713514 0.0136468317 0.5 p-1 -35879 5
266 216 m2 725583 0.000227305252 0.5 p-1 -66572 4
177 217 m2 727812 0.00126236025 0.5 p-1 -58517 19
281 220 m2 741341 2.85142014e-05 0.5 p-1 -4555 1
191 222 m2 743216 -0.00106104137 0.5 p-1 -503852 14
260 223 m2 744164 -6.15045719e-05 0.5 p-1 -21906 12
192 224 m2 744209 -0.0505377278 0.5 p-1 -2966 6
134 225 m2 745968 0.00450535398 0.5 p-1 -228517 53
28 226 m2 747126 0.00194921438 0.5 p-1 -4611717 1857
29 227 m2 753031 -2.91975539e-05 0.5 p-1 -3402556 324
104 228 m2 759093 0.0104493555 0.5 p-1 -2648332 764
198 229 m2 767765 0.0103167156 0.5 p-1 -24141 6
195 230 m2 770070 -0.0233488716 0.5 p-1 -89823 69
121 231 m2 772996 -0.000776934554 0.5 p-1 -2769718 284
122 232 m2 773472 -3.55604868e-07 0.5 p-1 -547457 368
254 233 m2 773473 -0.0279425178 0.5 p-1 -282408 4
196 234 m2 779508 0.013607786 0.5 p-1 -36352 6
47 236 m2 781114 1.19252785e-08 0.5 p-1 -8930183 1883
30 237 m2 784527 -0.00152718963 0.5 p-1 -5542374 1481
31 238 m2 786099 0.000263799506 0.5 p-1 -1638922 987
48 239 m2 790300 -0.00467441371 0.5 p-1 -140154 179
210 240 m2 795677 -0.0128556872 0.5 p-1 -74754 34
32 242 m2 809008 -0.00129558763 0.5 p-1 -11647018 1781
229 244 m2 810525 0.0153171206 0.5 p-1 -119587 11
49 247 m2 820696 -0.00193124462 0.5 p-1 -1546291 278
248 248 m2 821366 0.00446624728 0.5 p-1 -198616 16
99 249 m2 821384 -0.0512272194 0.5 p-1 -1031859 162
176 250 m2 838786 -0.00772897759 0.5 p-1 -7484 3
186 252 m2 845188 0.0133676333 0.5 p-1 -628719 27
33 253 m2 854556 -0.000171438762 0.5 p-1 -821958 432
143 254 m2 859344 -0.000242705428 0.5 p-1 -225016 201
231 257 m2 896035 -0.0370553806 0.5 p-1 -43675 19
67 258 m2 896374 -0.0174238849 0.5 p-1 -363138 283
145 262 m2 912557 0.000416060473 0.5 p-1 -32031 36
90 263 m2 913585 -0.0376559459 0.5 p-1 -130216 20
166 264 m2 915029 0.00172682025 0.5 p-1 -765222 49
168 265 m2 916153 0.000773140928 0.5 p-1 -95646 51
274 267 m2 919023 0.00942879543 0.5 p-1 -1775 1
273 268 m2 927156 9.31016359e-07 0.5 p-1 -4133 1
236 272 m2 942188 -0.00297201588 0.5 p-1 -104847 17
173 273 m2 942448 0.00740730669 0.5 p-1 -73028 29
34 274 m2 949216 0.013375923 0.5 p-1 -2500793 1607
244 276 m2 963220 -0.00109347946 0.5 p-1 -468415 4
280 278 m2 964076 0.00459917448 0.5 p-1 -6739 2
193 279 m2 980627 -0.0249795858 0.5 p-1 -196530 80
137 280 m2 984217 -0.0121620903 0.5 p-1 -172172 117
105 281 m2 985711 -0.00325551 0.5 p-1 -278060 99
142 283 m2 992170 0.00484368391 0.5 p-1 -818150 200
212 284 m2 993560 -0.0448770449 0.5 p-1 -771996 5
51 286 m2 994333 0.0392739922 0.5 p-1 -6941358 1372
219 287 m2 997412 0.00226094085 0.5 p-1 -30926 3
240 294 m2 558492 -0.0112314606 0.5 p0 2 8
226 297 m2 686520 0.000861750566 0.5 p0 2 14
218 298 m2 902340 0.004492281 0.5 p0 2 2
265 299 m2 282695 -8.0901973e-06 0.5 p0 2 1
247 302 m2 341552 0.00220728922 0.5 p0 2 8
206 315 m2 910241 0.000923564075 0.5 p0 2 7
276 317 m2 49366 1.69677096e-05 0.5 p0 2 3
238 318 m2 451167 0.0230381135 0.5 p0 2 6
262 319 m2 293364 -0.0149486037 0.5 p0 2 7
197 320 m2 717023 -0.0026646778 0.5 p0 2 3
228 321 m2 43641 0.0203462653 0.5 p0 2 6
279 324 m2 303905 0.00010314073 0.5 p0 2 1
213 347 m2 10424 -0.0017102299 0.5 p0 2 6
181 350 m2 842115 0.00067216449 0.5 p0 2 23
95 353 m2 589636 -0.0212508887 0.5 p0 2 5
169 356 m1 37692 -0 0.5 p-1 -253124 66
108 358 m1 55366 -0 0.5 p-1 -397207 164
53 359 m1 73914 -0 0.5 p-1 -233241 61
39 360 m1 76418 0 0.5 p-1 -1147615 638
199 361 m1 108229 -0 0.5 p-1 -31552 13
124 362 m1 111317 -0 0.5 p-1 -255645 44
225 365 m1 141983 -0 0.5 p-1 -9457 1
76 366 m1 143751 -0 0.5 p-1 -6551609 1127
102 367 m1 144643 0 0.5 p-1 -129339 173
163 371 m1 190021 -0 0.5 p-1 -60968 7
255 372 m1 200332 0 0.5 p-1 -23937 5
82 373 m1 233567 -0 0.5 p-1 -6345510 707
202 374 m1 248263 0 0.5 p-1 -16659 3
70 375 m1 257935 0 0.5 p-1 -103299 105
42 377 m1 266091 -0 0.5 p-1 -947724 221
264 378 m1 272077 0 0.5 p-1 -142851 4
171 384 m1 340132 0 0.5 p-1 -355524 134
114 385 m1 342374 -0 0.5 p-1 -143178 122
144 387 m1 348899 -0 0.5 p-1 -292044 32
187 388 m1 350517 0 0.5 p-1 -114254 20
58 389 m1 368737 -0 0.5 p-1 -66218 79
132 390 m1 368825 0 0.5 p-1 -60788 55
59 392 m1 385968 0 0.5 p-1 -1779185 196
10 393 m1 390076 0 0.5 p-1 -2775295 723
129 395 m1 419427 0 0.5 p-1 -877624 240
267 396 m1 423013 -0 0.5 p-1 -63239 2
184 397 m1 428328 -0 0.5 p-1 -234623 32
85 398 m1 453210 0 0.5 p-1 -12490120 754
162 399 m1 469652 0 0.5 p-1 -64205 19
246 400 m1 503032 0 0.5 p-1 -4914012 13
283 401 m1 504343 -0 0.5 p-1 -13083 1
16 403 m1 535553 0 0.5 p-1 -1309594 723
234 404 m1 563878 0 0.5 p-1 -223452 3
263 406 m1 585896 -0 0.5 p-1 -231911 2
270 407 m1 600445 -0 0.5 p-1 -166837 4
21 408 m1 606223 -0 0.5 p-1 -1995729 1141
271 409 m1 628272 -0 0.5 p-1 -1261 2
269 410 m1 628275 -0 0.5 p-1 -2841683 7
23 411 m1 651197 -0 0.5 p-1 -816005 561
24 412 m1 653281 -0 0.5 p-1 -9596822 857
88 414 m1 699065 -0 0.5 p-1 -2083094 660
73 415 m1 702210 0 0.5 p-1 -97690 24
98 416 m1 704829 0 0.5 p-1 -61750 41
216 418 m1 717594 -0 0.5 p-1 -36836 15
157 419 m1 720393 0 0.5 p-1 -291353 133
253 421 m1 754945 0 0.5 p-1 -14195 2
275 423 m1 790779 0 0.5 p-1 -5546 2
89 424 m1 800586 0 0.5 p-1 -209356 14
123 425 m1 811365 -0 0.5 p-1 -79994 67
79 426 m1 840356 0 0.5 p-1 -1041226 318
80 427 m1 841273 0 0.5 p-1 -280202 215
128 428 m1 841521 0 0.5 p-1 -249032 72
235 429 m1 851132 0 0.5 p-1 -870 5
74 431 m1 866268 -0 0.5 p-1 -456056 310
221 432 m1 870998 0 0.5 p-1 -98442 35
242 434 m1 890210 -0 0.5 p-1 -28481 1
257 440 m1 947191 0 0.5 p-1 -18376 8
245 441 m1 963416 -0 0.5 p-1 -2778929 4
146 442 m1 975752 0 0.5 p-1 -680594 97
135 444 m1 984429 0 0.5 p-1 -56426 49
50 445 m1 994229 -0 0.5 p-1 -298717 169
