Temp_ID Permanent_ID Mutation_type Position s h Subpop Tick Number
334 0 m2 2733 0.011409116 0.5 p-1 -316850 169
1 2 m2 3763 0.000877694343 0.5 p-1 -3440952 257
817 3 m2 4307 5.70169577e-05 0.5 p-1 -297330 29
592 7 m2 7733 0.0395405218 0.5 p-1 -516992 42
202 9 m2 9239 2.77714498e-05 0.5 p-1 -2500900 845
848 10 m2 9898 0.00115330168 0.5 p-1 -835 9
203 11 m2 11216 -0.000954528863 0.5 p-1 -6180673 311
737 12 m2 11462 0.000482366479 0.5 p-1 -813776 36
128 13 m2 11680 0.00119889888 0.5 p-1 -265600 384
527 14 m2 11754 -1.62098859e-05 0.5 p-1 -6934195 103
335 15 m2 12194 -0.000336386845 0.5 p-1 -560310 272
822 16 m2 12806 -0.0123175457 0.5 p-1 -4164 1
696 17 m2 12818 0.000109705012 0.5 p-1 -505262 24
352 20 m2 16458 -1.77739441e-08 0.5 p-1 -645413 625
593 21 m2 16861 -0.0291974116 0.5 p-1 -578163 28
594 22 m2 17481 -1.54984064e-05 0.5 p-1 -84043 28
3 23 m2 18141 -1.61252615e-06 0.5 p-1 -1090913 165
574 25 m2 18631 -0.000607556198 0.5 p-1 -494 13
204 27 m2 20229 2.21787741e-05 0.5 p-1 -1612123 711
895 29 m2 20971 0.00943990797 0.5 p-1 -11629 4
4 30 m2 21164 -0.00763435569 0.5 p-1 -1846636 573
412 31 m2 21199 -0.0019359485 0.5 p-1 -718620 234
764 32 m2 21704 -0.00324392645 0.5 p-1 -212372 19
519 33 m2 21778 0.00144178991 0.5 p-1 -72528 76
5 34 m2 24715 2.04250555e-05 0.5 p-1 -1840844 560
206 35 m2 25658 0.00465765316 0.5 p-1 -2753727 421
207 36 m2 26319 -0.000646097993 0.5 p-1 -5518886 644
336 37 m2 26855 -0.000222700968 0.5 p-1 -3617679 342
386 38 m2 27699 -0.00245747413 0.5 p-1 -1751556 172
337 41 m2 30548 -0.000162386146 0.5 p-1 -101336 237
564 43 m2 31789 0.00968882255 0.5 p-1 -219610 23
723 44 m2 32081 -1.32632549e-05 0.5 p-1 -50604 5
354 45 m2 33342 0.000114636918 0.5 p-1 -2445501 408
860 46 m2 33853 -0.0199033991 0.5 p-1 -11217 3
6 47 m2 33907 0.0152705163 0.5 p-1 -5768281 979
957 48 m2 34688 0.00531820813 0.5 p-1 -23218 2
7 50 m2 35375 0.0039409278 0.5 p-1 -192643 50
750 52 m2 36715 0.0290985759 0.5 p-1 -5065 21
9 53 m2 37308 0.00612213416 0.5 p-1 -37681 50
11 56 m2 39382 0.0726653263 0.5 p-1 -2817437 1477
541 57 m2 39657 -0.0108462851 0.5 p-1 -195122 25
958 58 m2 39901 -0.00304447766 0.5 p-1 -13813 2
12 59 m2 40848 -0.0110787917 0.5 p-1 -6663828 1616
209 61 m2 42726 -0.0455099009 0.5 p-1 -1940967 1127
931 63 m2 43972 0.000147861443 0.5 p-1 -1229 2
250 64 m2 45330 0.0120786559 0.5 p-1 -287184 386
13 67 m2 46493 0.000319999002 0.5 p-1 -754642 277
772 69 m2 48286 0.000333375152 0.5 p-1 -131297 21
470 71 m2 52270 -6.03494072e-07 0.5 p-1 -5743626 136
960 72 m2 52760 -0.00978651736 0.5 p-1 -26857 2
658 73 m2 53907 -0.00146980875 0.5 p-1 -155236 44
630 74 m2 55826 -0.0448808484 0.5 p-1 -53765 25
15 76 m2 57101 -0.00794167537 0.5 p-1 -696031 57
338 77 m2 57212 1.71900263e-06 0.5 p-1 -292827 147
251 79 m2 59648 8.43494519e-09 0.5 p-1 -5464852 609
638 81 m2 62343 -0.0185405035 0.5 p-1 -901552 26
492 82 m2 62792 -0.00749023911 0.5 p-1 -3399133 152
722 83 m2 63241 0.0077798767 0.5 p-1 -52818 6
493 84 m2 65258 0.0372630097 0.5 p-1 -146229 30
16 86 m2 65534 0.00128256448 0.5 p-1 -2593746 901
387 87 m2 66039 -0.00925154518 0.5 p-1 -182872 130
131 88 m2 66554 -1.90344804e-06 0.5 p-1 -772145 672
510 89 m2 66690 -4.71939848e-06 0.5 p-1 -921564 34
943 90 m2 68264 0.0006411348 0.5 p-1 -79655 1
838 91 m2 69188 0.0153242955 0.5 p-1 -77051 6
132 92 m2 71452 1.2712545e-05 0.5 p-1 -2321940 304
339 94 m2 73722 0.00555013958 0.5 p-1 -2377731 81
210 95 m2 73801 -0.00114562549 0.5 p-1 -4011859 601
17 96 m2 74498 0.0374698602 0.5 p-1 -5502619 1596
680 97 m2 77246 -2.40882255e-05 0.5 p-1 -16845 9
538 98 m2 80991 -6.73352531e-07 0.5 p-1 -638904 112
536 100 m2 85331 0.00200707559 0.5 p-1 -27600 29
18 101 m2 85794 -0.000815011037 0.5 p-1 -1323780 394
711 102 m2 87008 -0.0218161903 0.5 p-1 -111385 39
252 103 m2 87811 0.00163627241 0.5 p-1 -401339 287
253 104 m2 88949 3.42753192e-05 0.5 p-1 -2987741 162
402 105 m2 89114 0.00398334442 0.5 p-1 -2353810 431
891 106 m2 90748 -0.0128996698 0.5 p-1 -99250 6
935 107 m2 91125 0.0221622828 0.5 p-1 -4559 1
403 108 m2 91351 -1.77203237e-05 0.5 p-1 -509058 80
211 110 m2 93146 0.000282718596 0.5 p-1 -3580048 1188
828 111 m2 93363 0.0002651127 0.5 p-1 -1951 5
282 112 m2 93672 -0.00651132874 0.5 p-1 -1776373 203
254 114 m2 95621 0.00322825531 0.5 p-1 -3463603 628
283 115 m2 95798 0.000176362591 0.5 p-1 -5488946 564
429 116 m2 96617 -0.0628060848 0.5 p-1 -359932 248
255 117 m2 96984 9.8212302e-05 0.5 p-1 -767226 418
823 118 m2 97839 -1.45567196e-06 0.5 p-1 -3086 1
20 120 m2 99409 -0.00952763855 0.5 p-1 -6359223 1964
21 122 m2 102642 0.00103711523 0.5 p-1 -1075413 1224
22 123 m2 104690 0.0111984452 0.5 p-1 -7277970 1633
567 125 m2 105941 0.00152538053 0.5 p-1 -3599293 92
643 126 m2 106289 -0.00165790739 0.5 p-1 -451798 17
523 127 m2 106844 -0.0182959288 0.5 p-1 -598669 79
135 128 m2 110399 0.00367085193 0.5 p-1 -4363506 842
896 130 m2 111153 -0.00639407011 0.5 p-1 -118 4
136 132 m2 113647 -0.0117616756 0.5 p-1 -779122 228
284 133 m2 114952 0.00164174533 0.5 p-1 -225356 152
586 134 m2 116629 0.0047180308 0.5 p-1 -42853 38
137 135 m2 117583 0.0205384418 0.5 p-1 -6399489 1413
285 137 m2 118210 0.00739080459 0.5 p-1 -800348 336
808 138 m2 119227 -0.000375893316 0.5 p-1 -10389 1
140 139 m2 119763 0.0662101656 0.5 p-1 -1709849 733
23 140 m2 121924 0.0131990658 0.5 p-1 -6000577 899
340 141 m2 123301 0.000819553214 0.5 p-1 -276889 30
306 143 m2 124472 0.0124955988 0.5 p-1 -1176837 97
809 144 m2 128373 0.0632946268 0.5 p-1 -82576 5
668 145 m2 129199 -0.00604721764 0.5 p-1 -179307 46
542 146 m2 129564 0.000123683116 0.5 p-1 -99207 24
142 149 m2 130791 0.0262781344 0.5 p-1 -5530748 887
954 150 m2 135770 -0.000574750942 0.5 p-1 -39380 2
25 152 m2 136193 0.000227993602 0.5 p-1 -13088126 1891
307 155 m2 138965 -7.457425e-06 0.5 p-1 -1521523 355
143 157 m2 140213 6.18445702e-05 0.5 p-1 -74712 163
144 160 m2 144956 0.00184358144 0.5 p-1 -532033 187
901 163 m2 148554 -3.33555909e-05 0.5 p-1 -1838 8
595 164 m2 149416 -0.0138486009 0.5 p-1 -41199 5
961 165 m2 149793 -0.0163932424 0.5 p-1 -1917 1
671 166 m2 150709 -2.58180808e-06 0.5 p-1 -187468 3
214 167 m2 152464 0.00236012042 0.5 p-1 -2698710 739
26 168 m2 153969 0.0275094826 0.5 p-1 -9169909 1396
404 169 m2 154802 -5.22270857e-05 0.5 p-1 -16359 21
614 171 m2 155224 0.0365222283 0.5 p-1 -100018 65
644 172 m2 155339 0.0059819459 0.5 p-1 -146163 26
651 174 m2 159227 0.0243655965 0.5 p-1 -104551 99
652 176 m2 160946 0.0185310412 0.5 p-1 -39040 3
810 179 m2 163158 1.70897216e-08 0.5 p-1 -40446 1
773 181 m2 164511 -0.00169169845 0.5 p-1 -6548 8
520 182 m2 168333 0.0013262491 0.5 p-1 -514905 455
839 183 m2 168387 0.0221897792 0.5 p-1 -53155 7
27 185 m2 169500 1.73206706e-06 0.5 p-1 -6349872 1178
28 186 m2 170033 0.00100633455 0.5 p-1 -2166707 1208
547 187 m2 170849 0.00121002819 0.5 p-1 -33423 56
900 188 m2 171163 -1.82271069e-08 0.5 p-1 -60560 4
145 190 m2 171969 -0.000370204099 0.5 p-1 -663044 249
452 191 m2 172404 -0.00131567521 0.5 p-1 -807170 167
341 192 m2 173100 0.0234607067 0.5 p-1 -2367126 364
571 193 m2 175076 0.000369363464 0.5 p-1 -143904 24
29 196 m2 180348 -3.6052262e-07 0.5 p-1 -9501530 1154
30 197 m2 180846 0.00091482565 0.5 p-1 -2480768 847
615 198 m2 181366 -0.0276038665 0.5 p-1 -187185 51
32 199 m2 183107 0.00863020029 0.5 p-1 -2590892 683
356 200 m2 183124 0.000810116995 0.5 p-1 -139415 20
925 202 m2 185177 0.000834456878 0.5 p-1 -14609 2
215 203 m2 185737 -0.0816929266 0.5 p-1 -807537 106
33 204 m2 188614 1.52920123e-07 0.5 p-1 -2208163 823
511 205 m2 189371 -0.00492935209 0.5 p-1 -13743 15
34 206 m2 190123 -0.0136568146 0.5 p-1 -1185874 482
521 208 m2 192148 2.54709032e-09 0.5 p-1 -197736 43
806 209 m2 192464 -0.0332100354 0.5 p-1 -21998 2
146 210 m2 193766 -0.0194761194 0.5 p-1 -1712274 841
422 212 m2 199053 -0.000182663178 0.5 p-1 -655360 289
357 213 m2 200428 -0.0331708156 0.5 p-1 -3914795 721
216 214 m2 202457 8.99367751e-06 0.5 p-1 -2061821 234
370 216 m2 207474 -0.000329993811 0.5 p-1 -173482 103
358 217 m2 209796 2.72402795e-05 0.5 p-1 -82432 48
389 218 m2 210564 -0.0003764625 0.5 p-1 -329195 220
148 221 m2 212772 -0.000215436579 0.5 p-1 -2013025 841
580 222 m2 213023 -0.0128805386 0.5 p-1 -14188 53
604 225 m2 216005 -6.04223214e-06 0.5 p-1 -5483 27
390 226 m2 216091 0.00341291004 0.5 p-1 -496619 455
702 228 m2 216882 -0.00017279078 0.5 p-1 -238067 51
924 230 m2 225407 0.0116837025 0.5 p-1 -41713 3
35 231 m2 226112 0.0015782048 0.5 p-1 -4703216 936
781 232 m2 226805 -0.00447926717 0.5 p-1 -50541 8
936 234 m2 229626 -0.0438066572 0.5 p-1 -6311 3
581 235 m2 231678 6.50842685e-06 0.5 p-1 -131987 51
149 236 m2 231790 1.53264864e-06 0.5 p-1 -78922 9
762 237 m2 232581 0.00710115535 0.5 p-1 -36385 5
964 238 m2 233853 -0.0284370445 0.5 p-1 -180754 1
414 242 m2 236952 0.0338531174 0.5 p-1 -1936393 337
573 243 m2 238573 -0.000382260972 0.5 p-1 -78170 43
819 244 m2 238878 0.00614395179 0.5 p-1 -25736 3
36 246 m2 239705 -4.44501438e-06 0.5 p-1 -1126349 939
691 247 m2 241374 0.00332469726 0.5 p-1 -23089 62
150 249 m2 242432 0.000180310395 0.5 p-1 -2082674 620
618 250 m2 243470 0.00310677895 0.5 p-1 -40736 14
487 251 m2 244075 -0.000162687691 0.5 p-1 -1245418 32
857 252 m2 244267 -0.00415881164 0.5 p-1 -35996 8
37 253 m2 245114 -2.49592563e-06 0.5 p-1 -2983955 952
477 254 m2 246163 2.58815261e-11 0.5 p-1 -38651 34
359 255 m2 246720 -0.0137406448 0.5 p-1 -393141 159
217 256 m2 247888 3.93827322e-05 0.5 p-1 -2358893 773
218 257 m2 248418 0.000948588713 0.5 p-1 -2594799 584
599 258 m2 250743 -0.000267446536 0.5 p-1 -589427 35
724 262 m2 253239 -0.020112792 0.5 p-1 -12288 5
904 263 m2 253412 0.00244270056 0.5 p-1 -8668 1
745 266 m2 253956 -0.00936031342 0.5 p-1 -11697 7
940 268 m2 258400 -0.00102801248 0.5 p-1 -17257 1
38 269 m2 258849 0.00136012351 0.5 p-1 -4183838 1082
868 270 m2 259465 0.000132180227 0.5 p-1 -10353 2
494 272 m2 263979 0.00251649437 0.5 p-1 -13924 32
645 273 m2 264435 -0.0183049757 0.5 p-1 -1173213 48
40 274 m2 265121 -0.0046279938 0.5 p-1 -2568639 1888
41 275 m2 269899 -0.000317022728 0.5 p-1 -3821532 1480
432 276 m2 270763 -0.00300812139 0.5 p-1 -326420 183
771 277 m2 271037 0.0116819954 0.5 p-1 -269630 21
439 279 m2 273219 0.000219564521 0.5 p-1 -1041852 214
286 282 m2 274116 -4.08394335e-05 0.5 p-1 -219512 100
415 283 m2 278486 8.71672182e-06 0.5 p-1 -67575 52
929 284 m2 278493 -1.91724866e-05 0.5 p-1 -167227 1
308 285 m2 278825 -0.0474157557 0.5 p-1 -755321 574
257 286 m2 279257 0.00844830927 0.5 p-1 -1454453 266
151 287 m2 280229 -2.6687735e-07 0.5 p-1 -1149626 162
714 288 m2 281289 0.00187447795 0.5 p-1 -22 13
869 290 m2 283697 1.19970741e-06 0.5 p-1 -10196 5
405 291 m2 284135 -0.0206011962 0.5 p-1 -475985 136
42 292 m2 285774 -0.00332982047 0.5 p-1 -3181563 836
635 294 m2 287598 -0.00208429969 0.5 p-1 -130393 5
309 298 m2 291306 -0.0234923791 0.5 p-1 -261596 13
43 300 m2 295463 -0.00351430895 0.5 p-1 -1968507 233
219 301 m2 295711 0.040438436 0.5 p-1 -1593050 990
440 302 m2 295758 0.00195812248 0.5 p-1 -242550 17
473 303 m2 296276 -4.9590094e-06 0.5 p-1 -1630447 80
360 305 m2 298935 0.0048434427 0.5 p-1 -19274 27
565 306 m2 299202 3.23309344e-08 0.5 p-1 -113473 58
655 307 m2 299695 -0.0193848107 0.5 p-1 -149447 45
441 308 m2 300084 -0.000102932929 0.5 p-1 -1603922 172
154 310 m2 303142 -0.00348963053 0.5 p-1 -4475419 1680
155 311 m2 303652 0.0135817062 0.5 p-1 -3139118 1442
783 312 m2 303824 0.00256136386 0.5 p-1 -44699 9
156 316 m2 309581 0.0293374248 0.5 p-1 -1832148 759
220 317 m2 311032 -0.0008288885 0.5 p-1 -1484264 703
310 318 m2 312105 7.49399769e-05 0.5 p-1 -337416 243
44 320 m2 313220 0.0528470129 0.5 p-1 -1792584 1909
424 321 m2 316109 -0.00606174069 0.5 p-1 -712246 174
45 322 m2 318429 -0.000846028386 0.5 p-1 -8390409 1272
221 323 m2 318974 0.00214990764 0.5 p-1 -981333 342
157 324 m2 320215 0.000379777048 0.5 p-1 -7848106 1930
46 325 m2 323025 -0.000573661877 0.5 p-1 -2897915 1460
222 327 m2 326555 -4.11204128e-05 0.5 p-1 -832970 79
770 328 m2 330021 0.00610688655 0.5 p-1 -61117 5
47 330 m2 332473 -0.00157085515 0.5 p-1 -1186415 1102
48 331 m2 334128 -0.000213001229 0.5 p-1 -4449919 958
559 332 m2 335499 0.000153589805 0.5 p-1 -3388 1
224 335 m2 337321 0.0115676438 0.5 p-1 -7213368 1010
288 336 m2 341824 -0.000918260019 0.5 p-1 -651781 149
513 338 m2 346083 0.00341682625 0.5 p-1 -1677962 27
656 339 m2 346435 0.000986788538 0.5 p-1 -74975 41
259 340 m2 346705 -0.000801372284 0.5 p-1 -341683 277
442 345 m2 353156 -0.00622931588 0.5 p-1 -239280 81
51 346 m2 354377 0.00327665335 0.5 p-1 -7268864 1858
311 347 m2 354630 0.000805817428 0.5 p-1 -452646 31
793 348 m2 354956 -0.0434615649 0.5 p-1 -7247 3
829 349 m2 354980 0.00678367354 0.5 p-1 -109228 14
495 350 m2 355936 -0.00908090174 0.5 p-1 -194791 166
616 351 m2 360030 -0.0132273966 0.5 p-1 -720516 24
443 352 m2 360760 -0.0276875496 0.5 p-1 -1867269 286
965 353 m2 361700 -0.00115484453 0.5 p-1 -5532 1
803 356 m2 368347 -0.0150450226 0.5 p-1 -117607 16
444 357 m2 368960 -9.94432121e-05 0.5 p-1 -275969 37
371 359 m2 370877 1.75344965e-07 0.5 p-1 -1026976 175
657 360 m2 371611 -0.000951295777 0.5 p-1 -100660 37
938 363 m2 375638 0.00459105987 0.5 p-1 -1155 2
789 364 m2 377475 -0.000168736326 0.5 p-1 -21732 2
555 366 m2 380710 -0.0164647512 0.5 p-1 -308022 35
639 368 m2 384315 0.00753063615 0.5 p-1 -1766111 21
391 371 m2 389587 -0.00344466488 0.5 p-1 -216300 86
158 373 m2 392756 0.011939357 0.5 p-1 -863397 209
813 374 m2 393594 1.3466336e-05 0.5 p-1 -48391 10
672 376 m2 397462 0.0228050873 0.5 p-1 -313605 13
782 382 m2 400670 -0.0183801632 0.5 p-1 -263171 12
842 384 m2 401654 0.00659902161 0.5 p-1 -5121 2
863 387 m2 404708 0.000254026731 0.5 p-1 -748971 2
752 388 m2 406549 0.0171784088 0.5 p-1 -16077 14
695 389 m2 407670 0.0207008775 0.5 p-1 -750489 11
54 390 m2 407753 0.00134089764 0.5 p-1 -3307171 1330
226 391 m2 408104 -0.0232908484 0.5 p-1 -56407 61
878 393 m2 410103 -0.00126964226 0.5 p-1 -42296 6
261 394 m2 410903 -0.00826306269 0.5 p-1 -125719 67
608 397 m2 413340 -0.0130104022 0.5 p-1 -66012 26
55 398 m2 413403 0.00337931653 0.5 p-1 -1276515 788
453 400 m2 415520 0.000164149606 0.5 p-1 -155919 26
445 401 m2 416653 0.000460197625 0.5 p-1 -672590 47
56 402 m2 418352 0.0188034587 0.5 p-1 -116933 35
663 403 m2 418604 -0.000811746868 0.5 p-1 -24293 42
262 404 m2 419080 -0.00389749417 0.5 p-1 -1453816 460
778 405 m2 419987 -0.029021414 0.5 p-1 -173588 20
312 408 m2 430414 -0.000990826986 0.5 p-1 -1413292 169
314 409 m2 431621 -0.000136254384 0.5 p-1 -6977541 252
692 410 m2 432897 0.00750885252 0.5 p-1 -1446563 9
315 411 m2 436617 4.08251992e-07 0.5 p-1 -242830 71
515 412 m2 437873 -0.000223378636 0.5 p-1 -44833 18
775 413 m2 438331 0.0191594958 0.5 p-1 -85428 30
950 414 m2 438381 -0.0129978601 0.5 p-1 -22681 2
546 415 m2 438523 -0.00129487854 0.5 p-1 -138372 56
433 416 m2 439585 0.000503074029 0.5 p-1 -1038300 100
766 417 m2 439973 -0.0116956271 0.5 p-1 -58825 13
227 418 m2 442829 -0.0124219675 0.5 p-1 -2624941 616
373 420 m2 447811 -0.0189819299 0.5 p-1 -927241 200
516 421 m2 450426 0.00896577258 0.5 p-1 -67423 52
588 422 m2 451044 -3.80637721e-05 0.5 p-1 -127452 68
374 423 m2 452255 2.74941613e-05 0.5 p-1 -2984665 283
291 424 m2 453329 0.0437704585 0.5 p-1 -355643 120
628 426 m2 455806 0.000633746269 0.5 p-1 -75782 47
528 427 m2 458337 4.5988906e-09 0.5 p-1 -491421 51
160 428 m2 459359 -0.0270289797 0.5 p-1 -3256977 1876
889 429 m2 461676 3.82603102e-05 0.5 p-1 -5178 2
228 430 m2 461822 -0.00724821212 0.5 p-1 -2425821 347
488 432 m2 463170 0.00412501441 0.5 p-1 -382777 26
375 433 m2 465038 0.0054208925 0.5 p-1 -49421 83
58 435 m2 465420 -0.0242811646 0.5 p-1 -1761060 1746
707 437 m2 468050 -5.29997706e-05 0.5 p-1 -24240 24
316 438 m2 469154 0.057031326 0.5 p-1 -161827 64
814 440 m2 469638 -0.000179254726 0.5 p-1 -1678 3
59 441 m2 470237 -0.00225866633 0.5 p-1 -4511527 445
60 442 m2 470300 -0.00578032294 0.5 p-1 -3151093 775
479 443 m2 470534 -0.0399419107 0.5 p-1 -266902 302
480 444 m2 470908 0.092285648 0.5 p-1 -1700477 271
890 445 m2 471453 -0.00180341676 0.5 p-1 -832 2
959 447 m2 474680 0.0263436288 0.5 p-1 -638 1
448 448 m2 474716 0.0124069294 0.5 p-1 -251416 87
621 449 m2 478883 0.00336553552 0.5 p-1 -12249 16
61 450 m2 480452 0.0208507534 0.5 p-1 -6829841 1541
292 451 m2 481867 -0.0265835151 0.5 p-1 -3662443 888
342 453 m2 483073 -1.63304253e-06 0.5 p-1 -230718 50
624 454 m2 483250 0.000433654001 0.5 p-1 -65756 6
62 456 m2 488262 0.0179942753 0.5 p-1 -3421864 1688
263 457 m2 489863 0.0218505021 0.5 p-1 -844634 682
317 460 m2 491668 0.00233774795 0.5 p-1 -63121 38
715 461 m2 494694 -0.00724331336 0.5 p-1 -54668 38
622 462 m2 495334 0.000252813916 0.5 p-1 -1054809 147
873 463 m2 495485 -0.00858822837 0.5 p-1 -100 3
63 464 m2 496016 4.01713078e-05 0.5 p-1 -88981 44
530 466 m2 496812 0.00346389506 0.5 p-1 -2031944 35
64 467 m2 496840 0.000198444468 0.5 p-1 -3509341 1965
293 468 m2 497736 0.0458887294 0.5 p-1 -812249 65
568 469 m2 499647 0.000212692248 0.5 p-1 -173378 139
524 471 m2 499920 0.00447421288 0.5 p-1 -9313 41
66 473 m2 503312 -0.00126682315 0.5 p-1 -2381886 1508
716 474 m2 503674 -0.0080655301 0.5 p-1 -14347 21
517 475 m2 505007 -3.25442966e-06 0.5 p-1 -296410 52
617 477 m2 508427 -0.00011962853 0.5 p-1 -1004740 132
68 480 m2 509536 -0.00052212656 0.5 p-1 -1114365 271
910 481 m2 510694 3.891505e-06 0.5 p-1 -42737 1
820 482 m2 513383 -0.0185303129 0.5 p-1 -156635 19
502 484 m2 514370 0.000326370937 0.5 p-1 -269800 129
569 488 m2 515304 -0.00666274549 0.5 p-1 -2385024 194
264 489 m2 516334 1.53683668e-05 0.5 p-1 -91760 190
708 490 m2 519432 0.00127601984 0.5 p-1 -156086 20
265 491 m2 519711 -0.0214302298 0.5 p-1 -533827 295
760 492 m2 520276 -0.00609888881 0.5 p-1 -11535 5
162 493 m2 520457 0.0233902726 0.5 p-1 -1149640 510
705 494 m2 521846 0.000492386986 0.5 p-1 -49162 11
362 495 m2 522384 -0.00662560761 0.5 p-1 -1925014 716
870 496 m2 522460 -0.000172558037 0.5 p-1 -15087 8
575 497 m2 523677 -1.66002337e-05 0.5 p-1 -1450600 42
416 499 m2 525074 -0.0118630752 0.5 p-1 -60360 164
70 501 m2 528384 0.0170648862 0.5 p-1 -1863877 599
955 502 m2 528651 0.0091086328 0.5 p-1 -68478 1
684 503 m2 529086 -0.000943873078 0.5 p-1 -2302551 13
795 504 m2 529516 -0.0226460136 0.5 p-1 -156421 9
504 505 m2 529757 -3.61830425e-05 0.5 p-1 -304123 146
318 506 m2 530126 -1.0044042e-05 0.5 p-1 -1641296 326
163 507 m2 532611 0.0134829162 0.5 p-1 -1626592 131
610 508 m2 533331 0.00036081014 0.5 p-1 -13253 16
266 509 m2 533920 4.93446714e-05 0.5 p-1 -725598 404
294 512 m2 539644 0.00210192427 0.5 p-1 -113846 14
792 515 m2 541021 0.0351744518 0.5 p-1 -66591 25
72 516 m2 541194 -2.60029628e-05 0.5 p-1 -1745906 1079
877 517 m2 542430 0.00208450807 0.5 p-1 -15391 1
73 518 m2 542592 0.000920110964 0.5 p-1 -2896965 1167
267 520 m2 543344 4.81993254e-07 0.5 p-1 -1697510 629
343 521 m2 544057 -6.54263131e-05 0.5 p-1 -9430907 542
164 522 m2 544205 0.000416584691 0.5 p-1 -4204161 457
675 523 m2 545048 2.88717992e-08 0.5 p-1 -3667 11
717 524 m2 545315 -0.00844345614 0.5 p-1 -51767 13
664 525 m2 545398 0.0030311069 0.5 p-1 -1245638 53
230 527 m2 546643 5.95949859e-05 0.5 p-1 -1170513 316
730 528 m2 546947 0.00371795497 0.5 p-1 -225373 38
582 529 m2 549759 0.020041436 0.5 p-1 -291197 34
865 530 m2 551161 -0.00595295522 0.5 p-1 -28988 7
446 532 m2 552209 5.41770751e-05 0.5 p-1 -175485 61
847 533 m2 552657 -0.00211809971 0.5 p-1 -10429 14
455 534 m2 553944 -4.78201036e-05 0.5 p-1 -892634 158
295 537 m2 557800 0.00131352956 0.5 p-1 -2431504 119
76 538 m2 559344 0.0112913167 0.5 p-1 -7192301 1474
296 540 m2 559865 -7.10777458e-05 0.5 p-1 -365506 247
231 541 m2 560027 6.65426205e-06 0.5 p-1 -4773371 1207
549 543 m2 561162 -0.000161798409 0.5 p-1 -126977 15
505 544 m2 563801 -0.00155636144 0.5 p-1 -150280 53
885 545 m2 564495 0.00061398797 0.5 p-1 -11168 2
166 548 m2 566040 1.28710394e-06 0.5 p-1 -1506361 474
918 549 m2 566358 0.00389267481 0.5 p-1 -13522 1
78 550 m2 566613 2.95576683e-05 0.5 p-1 -7951810 1698
681 551 m2 568491 -0.00128102896 0.5 p-1 -51131 5
167 552 m2 569921 0.000774007698 0.5 p-1 -1759565 1206
596 553 m2 570820 4.09450642e-08 0.5 p-1 -651607 8
629 554 m2 573720 -0.00938951317 0.5 p-1 -91547 45
682 555 m2 574952 -0.00708917808 0.5 p-1 -106657 41
779 556 m2 575248 2.22530289e-05 0.5 p-1 -6465 8
268 557 m2 576532 0.000280563923 0.5 p-1 -3038258 756
319 559 m2 576909 -0.00519754319 0.5 p-1 -1163676 757
922 560 m2 577065 0.000650958682 0.5 p-1 -1951 1
688 565 m2 584460 -0.0328705236 0.5 p-1 -7720 2
636 567 m2 585952 0.0150686018 0.5 p-1 -173348 109
811 569 m2 588427 -0.0092255557 0.5 p-1 -6361 1
734 570 m2 588588 -1.04538071e-06 0.5 p-1 -1057743 20
746 572 m2 591751 -0.00523560029 0.5 p-1 -32774 11
79 573 m2 593599 -0.00707698241 0.5 p-1 -1257995 574
269 575 m2 599315 -0.00410773978 0.5 p-1 -1141704 314
489 577 m2 600428 -0.0010218306 0.5 p-1 -56043 32
169 579 m2 603438 -5.15819784e-06 0.5 p-1 -1126591 790
591 580 m2 603528 -0.00028988297 0.5 p-1 -332 9
949 581 m2 604035 -2.47288899e-05 0.5 p-1 -322193 1
170 582 m2 604369 -1.67398861e-09 0.5 p-1 -3942833 520
81 583 m2 605647 -0.00193611439 0.5 p-1 -2662810 1878
320 584 m2 605847 9.7157681e-08 0.5 p-1 -530201 176
590 585 m2 607127 0.0216478668 0.5 p-1 -2328 9
233 586 m2 609596 -4.68367123e-10 0.5 p-1 -346327 340
82 588 m2 613327 -0.00765424455 0.5 p-1 -4436829 1092
598 589 m2 613356 -0.000290005468 0.5 p-1 -402947 18
815 590 m2 614135 -0.00125319336 0.5 p-1 -8659 4
883 591 m2 617626 -0.00333782984 0.5 p-1 -6389 1
83 593 m2 618132 -0.00296905893 0.5 p-1 -8214383 1754
884 594 m2 619400 -0.0421954505 0.5 p-1 -56628 2
321 595 m2 619849 -0.019916568 0.5 p-1 -666291 496
637 597 m2 624559 0.000143003694 0.5 p-1 -73456 64
550 599 m2 627834 0.000914142583 0.5 p-1 -83051 81
85 602 m2 628276 -0.0341329388 0.5 p-1 -8262894 1462
518 604 m2 632040 0.000354535587 0.5 p-1 -1942168 474
619 609 m2 637135 -0.00362875452 0.5 p-1 -23225 26
481 612 m2 638647 -0.020813942 0.5 p-1 -737567 185
906 613 m2 638729 0.0012577048 0.5 p-1 -21256 2
802 615 m2 640103 -0.0265656617 0.5 p-1 -28408 13
172 616 m2 640503 0.00178201566 0.5 p-1 -1448048 330
173 617 m2 640781 1.04443309e-07 0.5 p-1 -6348738 1122
87 618 m2 640933 0.0467551351 0.5 p-1 -5771614 1695
88 619 m2 641767 -0.0091886837 0.5 p-1 -2289010 1549
685 621 m2 642599 2.72921682e-07 0.5 p-1 -197992 9
363 622 m2 645219 -0.00732501131 0.5 p-1 -301937 17
482 623 m2 646369 -0.000557106512 0.5 p-1 -32553 24
490 624 m2 646479 2.00258619e-05 0.5 p-1 -429688 83
90 625 m2 648067 -0.00229478604 0.5 p-1 -188572 22
834 626 m2 649065 -0.0502193384 0.5 p-1 -61411 4
660 629 m2 649345 0.000792732462 0.5 p-1 -69283 26
647 630 m2 650814 2.53727399e-06 0.5 p-1 -8895 10
91 634 m2 654618 -0.000494922162 0.5 p-1 -742930 260
175 635 m2 654935 -0.0211215541 0.5 p-1 -4668382 819
322 636 m2 656141 0.00390347349 0.5 p-1 -1775374 835
393 637 m2 656800 1.02937679e-06 0.5 p-1 -1624295 151
864 638 m2 658014 -1.03977463e-05 0.5 p-1 -10374 2
683 639 m2 660468 0.0509819649 0.5 p-1 -55894 20
893 641 m2 661160 0.00200558361 0.5 p-1 -8735 3
297 642 m2 661345 0.000276079547 0.5 p-1 -1631243 390
394 644 m2 665206 -1.88047397e-05 0.5 p-1 -67393 9
747 645 m2 666959 0.0422285497 0.5 p-1 -41076 23
377 648 m2 669538 -0.0111716613 0.5 p-1 -732361 123
465 650 m2 677256 0.0210260376 0.5 p-1 -249306 62
897 651 m2 677311 0.00237888983 0.5 p-1 -29615 3
835 652 m2 678431 -0.00967628602 0.5 p-1 -474899 7
92 653 m2 678894 1.93740707e-05 0.5 p-1 -6312897 1076
483 654 m2 680240 -0.0250930469 0.5 p-1 -392521 364
378 655 m2 680770 -0.00156975258 0.5 p-1 -1836607 110
435 656 m2 682180 0.0133458972 0.5 p-1 -153159 149
928 657 m2 682967 -0.0019324614 0.5 p-1 -30526 3
824 658 m2 683889 1.40571592e-06 0.5 p-1 -279248 10
757 659 m2 684010 -0.0155678857 0.5 p-1 -1557 9
941 660 m2 684529 0.00141455024 0.5 p-1 -8334 2
698 663 m2 685798 -0.00521055516 0.5 p-1 -8124 12
271 664 m2 687516 0.0116677079 0.5 p-1 -694504 99
853 666 m2 690015 -0.00154298963 0.5 p-1 -27386 4
679 667 m2 690695 0.038022574 0.5 p-1 -45984 5
93 668 m2 693473 3.64326697e-05 0.5 p-1 -4486280 757
379 669 m2 695103 0.0342869796 0.5 p-1 -221607 152
176 671 m2 695390 -0.0135274064 0.5 p-1 -11104626 624
177 672 m2 695629 -0.0468397886 0.5 p-1 -160033 29
323 674 m2 697467 -0.0396121182 0.5 p-1 -196946 116
791 676 m2 701127 0.0188568719 0.5 p-1 -13381 11
556 677 m2 701308 0.000200165174 0.5 p-1 -115141 37
94 679 m2 702906 -0.000451615517 0.5 p-1 -5023432 1111
417 681 m2 703828 -1.51726772e-06 0.5 p-1 -133901 6
324 683 m2 705796 -0.103966296 0.5 p-1 -4441 2
818 685 m2 707892 0.00547308289 0.5 p-1 -10577 8
364 686 m2 709481 0.00986170117 0.5 p-1 -3935873 720
95 688 m2 711392 0.000964233594 0.5 p-1 -1157355 984
298 690 m2 712948 -0.000583995774 0.5 p-1 -319774 251
179 691 m2 714091 0.00808637775 0.5 p-1 -8022084 1765
272 692 m2 718129 0.0247128196 0.5 p-1 -1188805 212
365 694 m2 721349 -0.00450715842 0.5 p-1 -4379689 289
366 695 m2 722578 -0.000738305622 0.5 p-1 -520892 123
347 696 m2 723261 0.000190611987 0.5 p-1 -391944 72
600 697 m2 723834 3.39041217e-09 0.5 p-1 -285665 36
437 698 m2 724031 -0.00425077369 0.5 p-1 -473970 29
380 699 m2 724451 -0.0418340638 0.5 p-1 -421004 66
182 700 m2 725278 -0.000341991312 0.5 p-1 -4711882 258
183 701 m2 727878 -0.000244177587 0.5 p-1 -1481577 1001
236 702 m2 727931 0.0719712153 0.5 p-1 -2773324 302
919 704 m2 728368 0.0106679248 0.5 p-1 -6147 1
237 705 m2 729471 -6.51956507e-05 0.5 p-1 -1144284 317
611 706 m2 729564 0.003802252 0.5 p-1 -283788 73
601 709 m2 730693 0.0108861402 0.5 p-1 -28011 13
903 710 m2 731187 -0.00691362051 0.5 p-1 -11200 3
646 711 m2 731427 -0.00293906289 0.5 p-1 -38381 29
506 712 m2 732603 -1.98794908e-07 0.5 p-1 -172142 110
325 713 m2 733779 5.60566223e-05 0.5 p-1 -260659 48
741 714 m2 733982 0.0016650795 0.5 p-1 -928 13
185 719 m2 738642 -0.0177562647 0.5 p-1 -4555444 517
326 720 m2 738879 -6.52884555e-05 0.5 p-1 -3847711 312
427 721 m2 739219 0.0158553887 0.5 p-1 -66004 51
98 722 m2 740737 -6.01187785e-05 0.5 p-1 -5116625 1852
947 723 m2 740976 0.000468891114 0.5 p-1 -14654 1
531 724 m2 741223 -0.0165199675 0.5 p-1 -196088 99
348 725 m2 742053 -0.0048453263 0.5 p-1 -363576 96
395 726 m2 742476 9.7671915e-09 0.5 p-1 -2052567 487
327 728 m2 743009 -0.000999826705 0.5 p-1 -395251 13
491 729 m2 743714 0.00102290115 0.5 p-1 -41095 32
99 730 m2 743889 -0.00268483581 0.5 p-1 -1269553 888
238 731 m2 745391 5.64562652e-05 0.5 p-1 -2895932 1020
100 733 m2 747487 0.000812527898 0.5 p-1 -798700 340
576 734 m2 748824 -0.00894268509 0.5 p-1 -680089 33
101 736 m2 749940 6.37133581e-08 0.5 p-1 -6152355 1583
186 737 m2 750605 -0.000182490025 0.5 p-1 -2348686 507
102 738 m2 751436 0.00127815129 0.5 p-1 -4997494 484
103 739 m2 751472 0.0220219176 0.5 p-1 -4577932 365
104 740 m2 751777 -0.00978808384 0.5 p-1 -2887191 658
862 743 m2 755669 0.000107633336 0.5 p-1 -31261 3
665 745 m2 756600 0.000559688779 0.5 p-1 -533759 93
763 748 m2 759501 -1.35420241e-05 0.5 p-1 -7260193 20
187 751 m2 760848 -0.0167377405 0.5 p-1 -3054731 1860
602 752 m2 761859 -0.012881442 0.5 p-1 -2304920 43
706 754 m2 762837 0.00367697468 0.5 p-1 -442453 26
188 755 m2 762840 0.0164361019 0.5 p-1 -4624374 910
447 758 m2 764816 0.000146900536 0.5 p-1 -256768 37
780 761 m2 767038 -0.000770234969 0.5 p-1 -2913 2
382 763 m2 767982 0.00067749602 0.5 p-1 -217910 129
898 764 m2 768836 -0.00166917476 0.5 p-1 -489197 4
428 766 m2 770344 -0.000535166881 0.5 p-1 -461478 131
882 767 m2 770701 -0.00826862734 0.5 p-1 -212732 2
106 769 m2 771315 -0.00068545586 0.5 p-1 -291269 384
729 770 m2 772669 1.64042967e-06 0.5 p-1 -50208 7
560 771 m2 773355 0.000143825542 0.5 p-1 -1407950 84
753 773 m2 774111 0.0196008384 0.5 p-1 -98422 40
328 776 m2 775153 -0.00948719587 0.5 p-1 -553774 14
274 778 m2 778463 0.108485639 0.5 p-1 -135723 177
349 781 m2 783823 -0.00255253655 0.5 p-1 -543290 463
299 783 m2 784179 -0.0351620018 0.5 p-1 -239271 82
329 784 m2 792737 -0.000158520852 0.5 p-1 -2048530 607
632 785 m2 794006 -0.0445655733 0.5 p-1 -24726 14
275 786 m2 794192 9.41804103e-07 0.5 p-1 -1382169 923
561 788 m2 796916 -0.00661902782 0.5 p-1 -73890 49
740 789 m2 797860 0.0983862802 0.5 p-1 -1072659 15
532 790 m2 799524 0.0175337326 0.5 p-1 -1952245 316
718 793 m2 800242 7.32799754e-06 0.5 p-1 -137096 69
107 795 m2 802288 -0.0360546485 0.5 p-1 -772626 172
755 796 m2 803034 0.000156879643 0.5 p-1 -17828 6
456 797 m2 803359 -3.64523294e-06 0.5 p-1 -561927 77
300 800 m2 805487 0.000171822219 0.5 p-1 -374918 162
241 801 m2 805936 0.0151943043 0.5 p-1 -299046 121
661 802 m2 805960 -0.00254599773 0.5 p-1 -548450 58
743 803 m2 806478 -0.00405433122 0.5 p-1 -22464 6
953 804 m2 807365 -0.0248773862 0.5 p-1 -566579 1
597 805 m2 807897 0.0666253939 0.5 p-1 -1404856 76
418 807 m2 808944 7.00330784e-05 0.5 p-1 -394330 3
620 808 m2 811305 -3.93256386e-07 0.5 p-1 -113873 42
578 809 m2 813882 0.0152647849 0.5 p-1 -84531 13
648 810 m2 815146 0.000362620398 0.5 p-1 -73622 15
108 811 m2 815703 7.18969068e-06 0.5 p-1 -3075893 378
913 812 m2 817167 0.00170039106 0.5 p-1 -11912 2
633 813 m2 817227 -5.86167371e-05 0.5 p-1 -102055 43
871 814 m2 820734 -0.00106750964 0.5 p-1 -6743 7
111 815 m2 821836 0.00180066214 0.5 p-1 -3402906 1004
276 817 m2 827338 -0.000498951413 0.5 p-1 -1186359 337
277 818 m2 828206 5.80834183e-07 0.5 p-1 -376144 217
301 819 m2 828448 -0.0130137661 0.5 p-1 -956067 143
640 821 m2 829897 0.000167033591 0.5 p-1 -60516 9
112 822 m2 830174 -0.032024011 0.5 p-1 -2242036 599
113 823 m2 831213 0.0425222665 0.5 p-1 -1051999 399
634 824 m2 831700 -0.000182963471 0.5 p-1 -5386 21
383 825 m2 833301 1.21769363e-05 0.5 p-1 -32302 19
398 826 m2 834262 -0.00121649588 0.5 p-1 -516179 112
114 828 m2 836057 -1.99537444e-05 0.5 p-1 -2450072 803
384 829 m2 836359 2.68897429e-06 0.5 p-1 -42818 31
190 831 m2 837178 0.00792334601 0.5 p-1 -1315665 285
526 832 m2 837249 0.013825885 0.5 p-1 -32138 32
557 834 m2 837337 6.05493187e-06 0.5 p-1 -149223 141
191 835 m2 837845 0.000527725904 0.5 p-1 -8098656 933
649 836 m2 839512 0.0173488129 0.5 p-1 -17615 11
242 837 m2 839640 0.00858117919 0.5 p-1 -729582 222
825 839 m2 840380 -0.0428453796 0.5 p-1 -13111 6
192 840 m2 841569 0.00286909915 0.5 p-1 -148055 85
623 841 m2 841720 -0.00407837471 0.5 p-1 -74019 130
726 842 m2 842609 1.72668024e-07 0.5 p-1 -7064 1
368 843 m2 843989 -0.0544229709 0.5 p-1 -121106 80
496 844 m2 844041 0.00062966533 0.5 p-1 -1354483 229
243 846 m2 845476 0.000191635729 0.5 p-1 -2320162 1607
244 848 m2 847414 1.72712225e-05 0.5 p-1 -6091874 1643
193 849 m2 849080 -0.00781025644 0.5 p-1 -1813292 214
899 850 m2 849081 9.71135887e-05 0.5 p-1 -13148 6
758 851 m2 849629 0.000283470319 0.5 p-1 -17088 7
945 853 m2 849758 -0.00930148177 0.5 p-1 -18827 2
304 855 m2 852013 0.000930215872 0.5 p-1 -1064317 581
642 857 m2 857691 -0.00307870377 0.5 p-1 -93779 64
932 858 m2 859196 -0.000191758314 0.5 p-1 -19982 3
399 859 m2 859789 6.74325929e-05 0.5 p-1 -5137450 94
872 860 m2 863472 -8.98420785e-06 0.5 p-1 -16596 6
194 861 m2 865034 0.00104057894 0.5 p-1 -108176 94
305 862 m2 865431 0.0110280924 0.5 p-1 -341953 210
583 864 m2 867292 0.0230204277 0.5 p-1 -213699 102
116 868 m2 869528 0.0159843154 0.5 p-1 -310145 181
457 870 m2 871938 -0.000460804382 0.5 p-1 -14268 1
727 871 m2 876171 6.27804475e-05 0.5 p-1 -105701 9
497 873 m2 877744 0.0011800041 0.5 p-1 -3606765 370
350 874 m2 879199 -0.00471645873 0.5 p-1 -825723 316
552 876 m2 880438 0.0304677114 0.5 p-1 -733657 122
245 877 m2 881725 -0.0276487432 0.5 p-1 -630451 377
331 878 m2 882934 -0.000342270796 0.5 p-1 -1152786 120
584 879 m2 885335 -0.00180646044 0.5 p-1 -29984 83
196 880 m2 886471 0.000967013068 0.5 p-1 -248794 302
408 881 m2 888496 -0.0205877032 0.5 p-1 -831916 258
419 883 m2 889545 -0.000463931821 0.5 p-1 -30206 5
409 884 m2 889858 -0.051918298 0.5 p-1 -300785 92
562 887 m2 891240 4.56213966e-05 0.5 p-1 -678669 63
713 888 m2 892988 0.00201863586 0.5 p-1 -132296 36
852 889 m2 893772 9.20776273e-08 0.5 p-1 -4218 8
686 890 m2 894743 -0.000396572374 0.5 p-1 -283431 7
332 891 m2 895113 -0.000614397461 0.5 p-1 -1527547 268
603 894 m2 896154 0.000766488491 0.5 p-1 -818707 159
118 895 m2 897149 -0.0318581462 0.5 p-1 -844145 1039
438 896 m2 900112 6.35637036e-07 0.5 p-1 -1385161 251
585 899 m2 902920 -0.00183100381 0.5 p-1 -118556 124
198 900 m2 903423 -0.000573706347 0.5 p-1 -1257400 747
699 902 m2 904548 -0.00750722084 0.5 p-1 -43246 61
733 905 m2 909664 0.00270631956 0.5 p-1 -175077 74
247 909 m2 914311 -1.44338073e-05 0.5 p-1 -1939798 695
579 910 m2 914362 0.000487806887 0.5 p-1 -21779 11
742 911 m2 914942 -0.00141708809 0.5 p-1 -161329 19
912 912 m2 916698 0.00132542744 0.5 p-1 -2970 1
944 913 m2 917239 -0.00485343253 0.5 p-1 -12096 2
826 914 m2 918198 -0.00028942377 0.5 p-1 -3108 1
732 915 m2 920201 0.00178450707 0.5 p-1 -6336 7
199 916 m2 922214 0.00723737152 0.5 p-1 -5592870 249
667 918 m2 924663 0.074965179 0.5 p-1 -46340 41
749 919 m2 925543 -0.00117777579 0.5 p-1 -18090 6
544 920 m2 926878 -0.000567150302 0.5 p-1 -7126 6
508 922 m2 930853 0.00932572782 0.5 p-1 -72116 25
420 923 m2 933731 5.8347021e-05 0.5 p-1 -322862 186
563 924 m2 934244 0.0134467287 0.5 p-1 -289528 106
570 926 m2 936772 0.0184382237 0.5 p-1 -36783 5
120 927 m2 937021 0.0343830809 0.5 p-1 -8345109 873
248 928 m2 938088 0.0118180811 0.5 p-1 -893532 599
476 930 m2 939352 0.00370102446 0.5 p-1 -8953 19
540 931 m2 942259 -0.000340520026 0.5 p-1 -253693 37
279 933 m2 942594 -0.000276429579 0.5 p-1 -1978198 635
121 934 m2 943057 0.00103812339 0.5 p-1 -4823949 1717
280 935 m2 943560 0.0201419946 0.5 p-1 -3453586 738
930 937 m2 946956 0.00859988295 0.5 p-1 -9297 1
627 938 m2 947620 -5.62172572e-05 0.5 p-1 -11460 10
887 940 m2 949916 -0.00731457677 0.5 p-1 -9909 12
784 941 m2 949969 2.59463086e-05 0.5 p-1 -43032 9
558 942 m2 950093 -0.000252363243 0.5 p-1 -543421 121
788 944 m2 951034 -0.000153926871 0.5 p-1 -26253 3
509 946 m2 954684 0.00709039671 0.5 p-1 -243015 62
122 947 m2 955162 -0.00711756526 0.5 p-1 -752326 375
400 949 m2 957918 0.00228299759 0.5 p-1 -542463 150
123 951 m2 959011 0.00881417189 0.5 p-1 -3206969 1205
458 952 m2 959319 0.000525960582 0.5 p-1 -74749 64
385 953 m2 959356 0.00359025947 0.5 p-1 -410882 553
888 954 m2 959401 0.0214911047 0.5 p-1 -72826 12
401 955 m2 961220 0.00976905506 0.5 p-1 -76716 27
411 956 m2 965126 -0.000624185486 0.5 p-1 -529185 202
854 958 m2 965391 -0.0916773528 0.5 p-1 -93512 3
720 959 m2 968356 1.82869262e-05 0.5 p-1 -1365751 31
369 960 m2 968715 -0.000295287027 0.5 p-1 -214942 92
721 961 m2 969774 -0.0260592233 0.5 p-1 -164764 31
827 962 m2 969993 1.10108786e-05 0.5 p-1 -929642 5
735 964 m2 971527 -0.00629193382 0.5 p-1 -86632 12
676 965 m2 971578 0.0974180698 0.5 p-1 -129379 32
799 967 m2 975764 -0.00291705737 0.5 p-1 -605 10
545 968 m2 979856 0.0137322005 0.5 p-1 -65420 16
124 969 m2 981173 -0.000825286028 0.5 p-1 -1050677 488
125 971 m2 985418 0.000181003255 0.5 p-1 -1455446 982
807 973 m2 988028 0.0124388346 0.5 p-1 -6308 8
281 975 m2 990019 -0.000943881809 0.5 p-1 -6962693 443
498 976 m2 991009 3.22726166e-08 0.5 p-1 -58684 24
499 977 m2 991079 0.00763781229 0.5 p-1 -278655 29
127 979 m2 992767 0.00638918113 0.5 p-1 -6112950 787
841 981 m2 993875 -0.0136353783 0.5 p-1 -69038 3
785 984 m2 997084 -0.0099932244 0.5 p-1 -32263 6
566 985 m2 997565 -0.00699726446 0.5 p-1 -78461 30
669 986 m2 997917 -3.64128391e-06 0.5 p-1 -88731 31
535 987 m2 998586 0.011211602 0.5 p-1 -3581777 25
786 988 m2 999437 0.000282028428 0.5 p-1 -19653 6
767 998 m2 359408 -0.0088016279 0.5 p0 2 3
951 1001 m2 102830 0.047269173 0.5 p0 2 2
469 1010 m2 52265 0.000122457888 0.5 p0 2 26
654 1016 m2 181018 0.00139743078 0.5 p0 2 14
952 1027 m2 329313 9.83967257e-05 0.5 p0 2 2
612 1029 m2 347975 -0.00292851799 0.5 p0 2 11
774 1030 m2 971091 -2.68317592e-07 0.5 p0 2 6
666 1033 m2 684415 1.73779688e-06 0.5 p0 2 16
937 1035 m2 644000 -0.00524758408 0.5 p0 2 2
915 1041 m2 389991 0.00725409715 0.5 p0 2 4
966 1044 m2 445367 0.00188259047 0.5 p0 2 1
876 1050 m2 179310 -0.0509735495 0.5 p0 2 1
751 1053 m2 143308 -6.31919756e-05 0.5 p0 2 21
607 1056 m2 837745 -0.0123047363 0.5 p0 2 8
832 1059 m2 54287 0.0255033802 0.5 p0 2 12
948 1060 m2 851113 3.37191705e-06 0.5 p0 2 3
939 1061 m2 489574 0.000303568813 0.5 p0 2 3
831 1065 m2 897660 -0.00406029169 0.5 p0 2 10
748 1073 m2 9064 0.00700835977 0.5 p0 2 2
776 1074 m2 233967 -0.00300871371 0.5 p0 2 14
851 1078 m2 872754 -8.0644817e-13 0.5 p0 2 8
923 1081 m2 392731 -0.00851965044 0.5 p0 2 5
421 1091 m2 67476 0.0153540494 0.5 p0 2 10
659 1104 m2 620488 0.0019483068 0.5 p0 2 12
879 1108 m2 927116 -0.0032369874 0.5 p0 2 4
801 1114 m2 464057 1.0740786e-09 0.5 p0 2 1
892 1119 m2 269846 0.00145438628 0.5 p0 2 6
816 1126 m2 697887 0.000132810805 0.5 p0 2 2
874 1128 m2 16142 0.021085754 0.5 p0 2 1
880 1132 m2 742589 0.00261590001 0.5 p0 2 4
790 1133 m2 819521 -1.02893512e-06 0.5 p0 2 5
486 1137 m2 967079 2.21837968e-06 0.5 p0 2 2
920 1139 m2 794767 0.000258058048 0.5 p0 2 1
759 1142 m2 143826 0.000475249428 0.5 p0 2 26
859 1153 m2 220769 0.0588891692 0.5 p0 2 6
956 1159 m2 732678 0.000111652094 0.5 p0 2 2
917 1167 m2 926108 -1.37796815e-06 0.5 p0 2 2
921 1173 m2 833852 -6.22775269e-06 0.5 p0 2 5
719 1177 m2 933047 -0.000239756395 0.5 p0 2 18
855 1179 m2 777927 -0.0011538422 0.5 p0 2 4
0 1180 m1 961 0 0.5 p-1 -4279749 1054
690 1181 m1 1198 0 0.5 p-1 -553438 40
731 1184 m1 9868 -0 0.5 p-1 -12356 7
2 1185 m1 12507 0 0.5 p-1 -7310688 1926
205 1188 m1 20866 -0 0.5 p-1 -145730 145
129 1190 m1 24032 0 0.5 p-1 -5301584 1457
208 1191 m1 28330 -0 0.5 p-1 -4409389 524
353 1192 m1 29069 0 0.5 p-1 -2116785 220
468 1195 m1 32554 -0 0.5 p-1 -161170 139
8 1196 m1 35378 -0 0.5 p-1 -464649 99
10 1197 m1 38817 -0 0.5 p-1 -707867 322
670 1198 m1 40059 -0 0.5 p-1 -200556 23
130 1199 m1 47189 -0 0.5 p-1 -3384023 1168
14 1200 m1 48713 0 0.5 p-1 -911938 282
905 1201 m1 56008 -0 0.5 p-1 -4602 1
756 1202 m1 56333 0 0.5 p-1 -2709584 15
867 1203 m1 56979 -0 0.5 p-1 -307092 6
833 1206 m1 63395 -0 0.5 p-1 -34922 14
500 1207 m1 64474 0 0.5 p-1 -1260666 304
553 1209 m1 67791 -0 0.5 p-1 -93212 57
475 1210 m1 75979 -0 0.5 p-1 -133397 210
529 1211 m1 76900 -0 0.5 p-1 -197762 46
133 1214 m1 89611 0 0.5 p-1 -2461047 229
19 1215 m1 89975 0 0.5 p-1 -1435674 1310
355 1216 m1 93326 -0 0.5 p-1 -702806 97
744 1218 m1 99723 0 0.5 p-1 -83183 7
914 1219 m1 101331 0 0.5 p-1 -138181 2
134 1220 m1 103333 -0 0.5 p-1 -3763992 1688
689 1222 m1 111134 0 0.5 p-1 -263753 16
856 1223 m1 111947 0 0.5 p-1 -217072 2
861 1224 m1 112460 -0 0.5 p-1 -7191 6
450 1226 m1 113907 -0 0.5 p-1 -334316 312
709 1227 m1 115169 0 0.5 p-1 -789 13
138 1228 m1 117759 -0 0.5 p-1 -11591052 1096
662 1229 m1 117905 -0 0.5 p-1 -168001 62
139 1230 m1 118204 0 0.5 p-1 -4973642 690
501 1232 m1 125330 -0 0.5 p-1 -35067 26
141 1233 m1 125467 0 0.5 p-1 -823382 778
768 1236 m1 126643 -0 0.5 p-1 -2807903 14
24 1237 m1 126935 0 0.5 p-1 -70189 3
613 1238 m1 130047 0 0.5 p-1 -203366 94
796 1239 m1 132855 0 0.5 p-1 -1357720 28
413 1240 m1 133152 0 0.5 p-1 -326691 335
212 1242 m1 139991 0 0.5 p-1 -3690761 491
213 1244 m1 147009 -0 0.5 p-1 -1410374 425
388 1246 m1 153938 -0 0.5 p-1 -284717 137
738 1247 m1 154084 0 0.5 p-1 -19613 9
926 1250 m1 155390 -0 0.5 p-1 -2700 1
451 1252 m1 161788 0 0.5 p-1 -191524 115
787 1255 m1 181094 -0 0.5 p-1 -57794 22
31 1256 m1 182736 0 0.5 p-1 -4831374 729
460 1257 m1 191189 0 0.5 p-1 -2576198 86
572 1259 m1 196216 -0 0.5 p-1 -2802901 57
147 1262 m1 207142 0 0.5 p-1 -1057854 1036
797 1265 m1 210128 -0 0.5 p-1 -83326 8
673 1267 m1 217797 -0 0.5 p-1 -126137 27
725 1268 m1 220829 0 0.5 p-1 -720016 23
703 1269 m1 223047 0 0.5 p-1 -193584 5
430 1270 m1 223639 0 0.5 p-1 -151763 42
678 1271 m1 229756 -0 0.5 p-1 -3664 12
431 1272 m1 236695 0 0.5 p-1 -6138717 202
962 1276 m1 246214 0 0.5 p-1 -4919 1
471 1277 m1 251523 0 0.5 p-1 -52274 43
39 1278 m1 258992 0 0.5 p-1 -648494 242
256 1279 m1 260480 0 0.5 p-1 -2208997 495
512 1282 m1 272400 0 0.5 p-1 -342755 66
461 1283 m1 283973 -0 0.5 p-1 -160887 135
152 1284 m1 287706 0 0.5 p-1 -2582344 591
554 1285 m1 287938 0 0.5 p-1 -1632864 146
812 1286 m1 292275 -0 0.5 p-1 -25323 8
153 1287 m1 293373 0 0.5 p-1 -46921 37
472 1288 m1 294647 -0 0.5 p-1 -121215 73
423 1289 m1 299682 0 0.5 p-1 -258781 71
287 1291 m1 313709 -0 0.5 p-1 -2305648 406
587 1292 m1 322258 -0 0.5 p-1 -96218 15
223 1295 m1 332139 -0 0.5 p-1 -1752247 1353
258 1296 m1 332456 -0 0.5 p-1 -1421899 403
49 1297 m1 335509 0 0.5 p-1 -6338236 1348
50 1298 m1 338427 0 0.5 p-1 -5217586 1332
605 1300 m1 340363 0 0.5 p-1 -361431 62
225 1301 m1 342599 -0 0.5 p-1 -4674636 1014
361 1303 m1 353698 0 0.5 p-1 -1390380 356
761 1306 m1 362802 0 0.5 p-1 -414963 20
425 1307 m1 363518 0 0.5 p-1 -762966 409
514 1308 m1 363736 0 0.5 p-1 -527418 72
289 1309 m1 364870 0 0.5 p-1 -386718 336
260 1311 m1 369788 0 0.5 p-1 -95949 67
478 1312 m1 372554 0 0.5 p-1 -2027070 55
909 1314 m1 376977 0 0.5 p-1 -63231 3
804 1315 m1 377799 -0 0.5 p-1 -11558 17
52 1317 m1 385372 0 0.5 p-1 -4702057 1971
474 1318 m1 385626 -0 0.5 p-1 -117012 94
548 1319 m1 386784 0 0.5 p-1 -33098 61
462 1320 m1 387702 0 0.5 p-1 -139486 57
463 1322 m1 397300 -0 0.5 p-1 -154462 37
290 1323 m1 400979 -0 0.5 p-1 -1799957 83
53 1324 m1 401420 -0 0.5 p-1 -2169951 1627
916 1326 m1 406782 -0 0.5 p-1 -15174 2
426 1327 m1 415245 0 0.5 p-1 -184097 108
454 1328 m1 420774 -0 0.5 p-1 -133262 28
631 1330 m1 430097 0 0.5 p-1 -153980 59
313 1331 m1 430892 0 0.5 p-1 -623333 115
372 1332 m1 433051 -0 0.5 p-1 -31389 51
159 1333 m1 434396 0 0.5 p-1 -1229291 448
858 1334 m1 435190 0 0.5 p-1 -19519 5
406 1335 m1 435371 0 0.5 p-1 -235285 133
57 1336 m1 440659 -0 0.5 p-1 -7457259 808
434 1338 m1 449337 0 0.5 p-1 -432162 28
704 1339 m1 449826 0 0.5 p-1 -7707 6
927 1340 m1 450031 0 0.5 p-1 -1730 2
710 1342 m1 455928 -0 0.5 p-1 -77190 25
697 1343 m1 459723 -0 0.5 p-1 -88988 3
229 1344 m1 462060 -0 0.5 p-1 -3283653 361
701 1345 m1 468485 0 0.5 p-1 -28472 17
653 1347 m1 474949 -0 0.5 p-1 -1031796 17
589 1348 m1 475370 0 0.5 p-1 -217563 25
693 1349 m1 483803 0 0.5 p-1 -1004661 15
694 1350 m1 484397 0 0.5 p-1 -249167 15
609 1351 m1 484453 0 0.5 p-1 -247744 18
65 1355 m1 498036 0 0.5 p-1 -427512 310
67 1356 m1 508350 -0 0.5 p-1 -915336 580
794 1357 m1 508397 -0 0.5 p-1 -12956 21
625 1359 m1 513881 0 0.5 p-1 -2440390 141
69 1361 m1 516966 -0 0.5 p-1 -1338612 541
161 1362 m1 519286 -0 0.5 p-1 -3456574 1346
543 1365 m1 525383 -0 0.5 p-1 -154386 95
525 1366 m1 525917 -0 0.5 p-1 -488271 171
908 1367 m1 526428 0 0.5 p-1 -18617 3
503 1368 m1 528768 0 0.5 p-1 -701570 598
700 1370 m1 534295 0 0.5 p-1 -539118 54
71 1372 m1 537645 0 0.5 p-1 -1363582 231
449 1373 m1 541051 0 0.5 p-1 -15504 11
606 1374 m1 545284 -0 0.5 p-1 -40152 7
74 1375 m1 546533 0 0.5 p-1 -250978 89
626 1376 m1 546721 0 0.5 p-1 -4387 19
165 1377 m1 547602 -0 0.5 p-1 -2764623 793
843 1379 m1 551951 -0 0.5 p-1 -8304 2
75 1380 m1 552038 -0 0.5 p-1 -855830 138
77 1381 m1 562089 -0 0.5 p-1 -3928034 1015
845 1382 m1 563017 -0 0.5 p-1 -1169099 20
846 1384 m1 565225 -0 0.5 p-1 -102742 21
866 1386 m1 573573 -0 0.5 p-1 -141537 7
168 1387 m1 575799 -0 0.5 p-1 -3740379 866
728 1389 m1 586515 0 0.5 p-1 -39309 4
344 1390 m1 595920 0 0.5 p-1 -474775 324
232 1391 m1 596610 -0 0.5 p-1 -652303 209
80 1393 m1 598309 0 0.5 p-1 -1478445 223
963 1395 m1 615520 -0 0.5 p-1 -2350 2
805 1396 m1 615975 -0 0.5 p-1 -28006 2
798 1398 m1 618636 -0 0.5 p-1 -281175 2
345 1399 m1 619002 0 0.5 p-1 -4741850 366
84 1400 m1 619938 -0 0.5 p-1 -2242837 1086
392 1401 m1 623587 0 0.5 p-1 -1961539 239
464 1402 m1 633138 0 0.5 p-1 -1268007 39
171 1403 m1 635238 0 0.5 p-1 -3691865 701
821 1404 m1 637583 -0 0.5 p-1 -707 7
346 1405 m1 637970 0 0.5 p-1 -872200 244
86 1406 m1 640670 0 0.5 p-1 -5188403 1477
174 1407 m1 643410 -0 0.5 p-1 -1313886 629
844 1408 m1 645018 0 0.5 p-1 -174777 7
89 1409 m1 646007 -0 0.5 p-1 -4451287 490
765 1410 m1 650021 0 0.5 p-1 -6044 7
674 1411 m1 660141 -0 0.5 p-1 -8006807 32
376 1412 m1 663279 0 0.5 p-1 -581013 101
270 1413 m1 666769 -0 0.5 p-1 -1179683 1273
687 1414 m1 668628 0 0.5 p-1 -45819 5
881 1416 m1 674199 -0 0.5 p-1 -84816 4
902 1417 m1 684534 0 0.5 p-1 -43964 3
234 1418 m1 688855 0 0.5 p-1 -2425765 1022
436 1420 m1 700426 0 0.5 p-1 -787192 116
677 1421 m1 703685 0 0.5 p-1 -161029 12
235 1423 m1 709908 0 0.5 p-1 -117016 34
178 1424 m1 713155 -0 0.5 p-1 -384244 337
180 1425 m1 719171 0 0.5 p-1 -1731584 1292
840 1426 m1 724283 -0 0.5 p-1 -153182 2
181 1427 m1 725267 0 0.5 p-1 -282622 203
96 1428 m1 726076 -0 0.5 p-1 -2649928 1257
184 1431 m1 729423 0 0.5 p-1 -5992447 517
407 1432 m1 730728 -0 0.5 p-1 -86106 74
946 1434 m1 731289 -0 0.5 p-1 -6924 1
933 1435 m1 736322 0 0.5 p-1 -1856 2
875 1436 m1 736566 0 0.5 p-1 -11006 9
97 1437 m1 739935 0 0.5 p-1 -15606785 927
396 1439 m1 744072 -0 0.5 p-1 -251017 75
507 1440 m1 744686 -0 0.5 p-1 -111722 11
466 1441 m1 745708 0 0.5 p-1 -63674 32
381 1442 m1 750024 -0 0.5 p-1 -443481 146
886 1443 m1 755519 0 0.5 p-1 -9700 3
105 1444 m1 755564 0 0.5 p-1 -1974195 128
467 1445 m1 764211 -0 0.5 p-1 -228904 51
273 1446 m1 765771 0 0.5 p-1 -2510737 1379
239 1448 m1 773702 0 0.5 p-1 -5615777 183
754 1449 m1 775160 0 0.5 p-1 -35003 17
484 1450 m1 777852 -0 0.5 p-1 -334144 230
849 1451 m1 777904 -0 0.5 p-1 -1010354 9
485 1452 m1 780472 0 0.5 p-1 -109745 21
836 1453 m1 786834 0 0.5 p-1 -317209 3
551 1454 m1 788670 0 0.5 p-1 -279335 69
240 1456 m1 791063 0 0.5 p-1 -1162341 361
577 1457 m1 793929 -0 0.5 p-1 -701663 129
830 1460 m1 799773 0 0.5 p-1 -4997 3
522 1463 m1 809062 0 0.5 p-1 -55695 67
777 1464 m1 809380 -0 0.5 p-1 -4059 23
397 1466 m1 814266 0 0.5 p-1 -501654 105
911 1467 m1 817204 -0 0.5 p-1 -19094 3
367 1469 m1 820725 -0 0.5 p-1 -3251190 260
109 1470 m1 821299 -0 0.5 p-1 -5528158 1758
110 1471 m1 821541 -0 0.5 p-1 -212523 29
533 1472 m1 823979 0 0.5 p-1 -78856 48
302 1474 m1 829531 -0 0.5 p-1 -204498 16
303 1475 m1 830442 -0 0.5 p-1 -2213530 61
189 1476 m1 834949 0 0.5 p-1 -1995206 322
115 1477 m1 836262 -0 0.5 p-1 -1829839 1282
539 1478 m1 839165 0 0.5 p-1 -261547 63
278 1481 m1 848366 -0 0.5 p-1 -2858187 51
850 1482 m1 851906 -0 0.5 p-1 -8077 9
769 1484 m1 859675 -0 0.5 p-1 -45490 14
195 1486 m1 870169 0 0.5 p-1 -1963375 748
330 1488 m1 872819 0 0.5 p-1 -1170555 570
712 1489 m1 873165 0 0.5 p-1 -17353 12
117 1490 m1 874376 0 0.5 p-1 -4038060 856
837 1491 m1 878236 0 0.5 p-1 -14408 2
650 1493 m1 885331 0 0.5 p-1 -138858 13
197 1494 m1 887739 0 0.5 p-1 -1714514 1344
534 1496 m1 888986 -0 0.5 p-1 -21755 20
246 1498 m1 889388 0 0.5 p-1 -390768 98
410 1499 m1 890089 0 0.5 p-1 -159360 92
934 1500 m1 893868 -0 0.5 p-1 -6927 4
351 1503 m1 905580 0 0.5 p-1 -1174403 539
739 1505 m1 925063 0 0.5 p-1 -153269 39
119 1506 m1 935731 0 0.5 p-1 -355647 270
641 1507 m1 936072 -0 0.5 p-1 -41625 24
333 1508 m1 949414 0 0.5 p-1 -369495 148
800 1509 m1 953303 0 0.5 p-1 -1424 11
907 1510 m1 956621 0 0.5 p-1 -27225 3
942 1511 m1 961286 -0 0.5 p-1 -17941 3
249 1512 m1 967930 0 0.5 p-1 -2062661 318
537 1513 m1 967932 -0 0.5 p-1 -46910 63
894 1517 m1 976809 -0 0.5 p-1 -97361 11
200 1519 m1 988360 0 0.5 p-1 -2857295 1452
201 1520 m1 991900 -0 0.5 p-1 -328557 269
736 1521 m1 992073 0 0.5 p-1 -43506 5
126 1522 m1 992166 -0 0.5 p-1 -7233245 997
459 1523 m1 995830 0 0.5 p-1 -197198 281
