Temp_ID Permanent_ID Mutation_type Position s h Subpop Tick Number
34 1 m2 9897 -0.000101962301 0.5 p-1 -2437254 894
90 2 m2 12038 -0.000448568811 0.5 p-1 -16063979 781
91 3 m2 21123 0.00189507334 0.5 p-1 -4200485 290
35 5 m2 28228 -0.0107078692 0.5 p-1 -1891257 722
145 6 m2 31898 0.00476930942 0.5 p-1 -12100 5
0 7 m2 32862 -0.00398690673 0.5 p-1 -4430797 598
300 8 m2 39906 -0.011188047 0.5 p-1 -14508 3
53 10 m2 42591 -1.07782198e-05 0.5 p-1 -4349100 1301
1 11 m2 51143 -9.26333378e-05 0.5 p-1 -5715875 1393
335 12 m2 51298 -0.00130965584 0.5 p-1 -1385 1
295 13 m2 53591 -1.29657266e-07 0.5 p-1 -119 4
196 14 m2 55508 0.0187140405 0.5 p-1 -1608883 6
183 15 m2 62447 2.02420979e-05 0.5 p-1 -110605 51
54 16 m2 67498 0.00457810704 0.5 p-1 -3706897 501
96 17 m2 68061 -0.00105569419 0.5 p-1 -1857346 228
245 18 m2 76671 0.00373286544 0.5 p-1 -1119 3
84 19 m2 86516 -0.0288456958 0.5 p-1 -561884 84
149 20 m2 90300 0.000585275586 0.5 p-1 -391723 26
103 21 m2 97842 -0.00904000644 0.5 p-1 -115306 58
55 22 m2 103383 0.0390553996 0.5 p-1 -172606 33
2 23 m2 104509 -0.00407424057 0.5 p-1 -6334249 543
116 24 m2 105253 9.76698175e-07 0.5 p-1 -387927 22
119 25 m2 113824 -0.000553699152 0.5 p-1 -22445 26
251 26 m2 114167 0.000296249927 0.5 p-1 -34928 12
133 28 m2 118954 0.00792794116 0.5 p-1 -184850 164
125 29 m2 121558 0.0522509255 0.5 p-1 -73870 16
56 30 m2 121830 -0.00605417043 0.5 p-1 -1787516 1102
67 31 m2 123793 -0.00213817274 0.5 p-1 -1959456 697
343 33 m2 124992 -0.00640588859 0.5 p-1 -85 1
120 34 m2 125358 0.00141441263 0.5 p-1 -2141275 72
57 35 m2 127848 0.000354619959 0.5 p-1 -10105654 676
193 36 m2 128491 0.000619717233 0.5 p-1 -44634 16
266 39 m2 135637 0.0247640349 0.5 p-1 -121583 26
86 40 m2 138621 -0.000762838579 0.5 p-1 -373591 144
232 41 m2 144985 0.0423181131 0.5 p-1 -2543 5
3 42 m2 148007 -0.00244960189 0.5 p-1 -4308097 914
117 43 m2 159457 0.000414748065 0.5 p-1 -66964 173
4 45 m2 161715 0.00668366812 0.5 p-1 -3039330 482
78 46 m2 164330 0.00498862797 0.5 p-1 -316007 117
181 47 m2 167458 -0.000121476529 0.5 p-1 -88683 20
5 48 m2 172163 -4.0071991e-06 0.5 p-1 -1664024 627
309 50 m2 185014 0.000304872927 0.5 p-1 -36591 2
146 51 m2 186520 0.0385309197 0.5 p-1 -1086175 68
70 53 m2 191559 -0.0166160744 0.5 p-1 -370266 177
37 54 m2 192722 -0.00396851124 0.5 p-1 -82487 41
38 56 m2 211672 0.00323206862 0.5 p-1 -1644843 1222
153 57 m2 212179 0.0513508804 0.5 p-1 -165954 8
248 58 m2 214479 0.0023965938 0.5 p-1 -49379 11
198 59 m2 219816 -5.21551483e-05 0.5 p-1 -984837 107
79 60 m2 222939 0.0217135288 0.5 p-1 -1426862 702
128 61 m2 226692 -0.0924207047 0.5 p-1 -469120 27
39 62 m2 230317 -0.000381587917 0.5 p-1 -4380173 958
228 63 m2 236097 4.32581887e-10 0.5 p-1 -436822 18
159 64 m2 237621 0.000729202759 0.5 p-1 -48274 24
121 65 m2 239686 0.0142271621 0.5 p-1 -488792 210
167 67 m2 256596 -0.023203684 0.5 p-1 -268097 13
234 68 m2 259790 -0.0155909611 0.5 p-1 -6728 8
216 69 m2 260700 0.000578524545 0.5 p-1 -72820 13
7 72 m2 264569 0.000141669996 0.5 p-1 -2569149 1354
203 76 m2 276315 -0.000222567454 0.5 p-1 -5952 3
8 77 m2 280035 -0.00717796385 0.5 p-1 -3220384 1967
178 78 m2 281302 5.97778817e-05 0.5 p-1 -332766 103
312 79 m2 282908 0.0024034034 0.5 p-1 -942 2
214 80 m2 288931 -0.00285265711 0.5 p-1 -473737 26
104 81 m2 291091 -4.03577433e-05 0.5 p-1 -3005558 598
9 83 m2 294528 5.77868086e-05 0.5 p-1 -11059961 1178
129 84 m2 307685 0.0479444861 0.5 p-1 -85090 23
112 85 m2 313626 0.00283497502 0.5 p-1 -67649 8
148 86 m2 313704 0.00147484301 0.5 p-1 -64466 49
58 88 m2 322163 -0.000365277345 0.5 p-1 -787549 410
40 91 m2 333592 -0.0104719354 0.5 p-1 -2460573 205
163 92 m2 333770 -4.56712987e-05 0.5 p-1 -2727026 300
326 93 m2 333888 0.00109262171 0.5 p-1 -805 1
263 95 m2 347306 -1.5838903e-05 0.5 p-1 -86828 3
41 98 m2 359267 -1.26833061e-06 0.5 p-1 -1493630 1193
340 99 m2 359533 0.000185337136 0.5 p-1 -1761 2
154 100 m2 362254 0.000305027905 0.5 p-1 -779927 80
229 101 m2 363972 -0.032999333 0.5 p-1 -84165 19
299 102 m2 364348 0.026471626 0.5 p-1 -8263 4
168 104 m2 377335 0.000834716659 0.5 p-1 -971602 183
10 105 m2 378644 -0.000815780892 0.5 p-1 -1586051 849
315 106 m2 390996 0.000417618518 0.5 p-1 -413 1
215 107 m2 392635 0.0181988757 0.5 p-1 -32983 5
105 108 m2 393388 0.000273193873 0.5 p-1 -552867 353
141 109 m2 395111 0.0437569879 0.5 p-1 -937586 5
240 110 m2 396753 0.00193469145 0.5 p-1 -6942 2
118 111 m2 405332 0.0153371524 0.5 p-1 -2244023 149
218 112 m2 407546 -0.0377928652 0.5 p-1 -242902 30
106 113 m2 409862 -1.55330542e-06 0.5 p-1 -3152856 464
208 114 m2 411187 8.89377361e-07 0.5 p-1 -24116 19
12 115 m2 414459 0.00323288608 0.5 p-1 -423730 250
43 116 m2 425546 9.00783853e-05 0.5 p-1 -1606612 1417
107 118 m2 429403 -0.00156603265 0.5 p-1 -2381270 155
281 119 m2 429974 0.00092037383 0.5 p-1 -23802 1
205 120 m2 436871 -0.000263969705 0.5 p-1 -44001 24
87 121 m2 437560 -5.79235311e-05 0.5 p-1 -245929 58
230 122 m2 444927 0.0224376936 0.5 p-1 -66910 2
130 123 m2 447186 -0.0172265694 0.5 p-1 -692015 27
131 124 m2 447414 4.77879184e-05 0.5 p-1 -825557 71
175 125 m2 449220 0.00956420228 0.5 p-1 -133433 55
44 126 m2 452915 0.014121823 0.5 p-1 -1928542 319
264 127 m2 453879 0.0140403546 0.5 p-1 -86366 2
45 129 m2 458278 -0.0269716959 0.5 p-1 -436123 759
219 130 m2 460404 -7.31746986e-05 0.5 p-1 -241594 34
46 131 m2 466726 -0.0206774976 0.5 p-1 -1099328 377
217 132 m2 467887 0.000533025595 0.5 p-1 -9474 21
80 133 m2 472916 0.00190027058 0.5 p-1 -96457 88
253 134 m2 473010 0.0502991937 0.5 p-1 -130998 12
212 135 m2 476415 -0.0585481711 0.5 p-1 -4702 4
226 136 m2 476743 4.95468885e-06 0.5 p-1 -13195 21
235 137 m2 479349 1.00965451e-06 0.5 p-1 -48990 7
14 140 m2 491957 -0.000544023234 0.5 p-1 -4457236 611
155 141 m2 494843 0.0394412987 0.5 p-1 -32218 31
176 143 m2 499587 0.0337883234 0.5 p-1 -30719 9
261 144 m2 501547 0.00418748567 0.5 p-1 -3531 9
157 145 m2 503185 -0.0184307024 0.5 p-1 -10794 29
173 146 m2 505217 -0.00764693506 0.5 p-1 -40473 16
209 147 m2 509086 -0.0198226199 0.5 p-1 -293470 49
139 148 m2 511128 -0.000701337645 0.5 p-1 -36330 23
210 149 m2 513510 0.0258785635 0.5 p-1 -39189 39
15 150 m2 520258 0.00344592938 0.5 p-1 -6790802 1529
16 152 m2 521369 0.000606698974 0.5 p-1 -2263937 1226
160 154 m2 525388 0.000348350703 0.5 p-1 -750565 52
206 155 m2 526351 0.00015441679 0.5 p-1 -271177 47
272 156 m2 529089 -0.0028391222 0.5 p-1 -1307 2
213 157 m2 529953 -1.43618818e-05 0.5 p-1 -37271 8
17 158 m2 530118 0.00275971228 0.5 p-1 -7162268 1275
223 159 m2 533062 -0.000145505241 0.5 p-1 -2552 10
314 160 m2 542013 -0.00641346537 0.5 p-1 -3136 3
19 161 m2 542580 0.00437947968 0.5 p-1 -7086032 1321
180 162 m2 545174 2.58945391e-07 0.5 p-1 -190412 43
20 164 m2 552452 0.013891899 0.5 p-1 -3007802 1652
21 165 m2 554554 -0.00324201584 0.5 p-1 -8662039 1524
147 166 m2 557850 0.00332027348 0.5 p-1 -1287625 151
207 167 m2 558784 -0.000563893875 0.5 p-1 -8138 17
169 168 m2 559824 0.0308368113 0.5 p-1 -1380685 141
211 169 m2 560006 -0.031560462 0.5 p-1 -45220 39
279 171 m2 568911 0.00231158175 0.5 p-1 -543924 4
332 172 m2 573985 0.0138985757 0.5 p-1 -21445 2
191 173 m2 577443 0.00258355681 0.5 p-1 -347324 15
165 174 m2 577690 -0.00200512609 0.5 p-1 -274509 167
151 175 m2 588061 -0.000258183019 0.5 p-1 -6406206 23
88 177 m2 604784 0.0142900134 0.5 p-1 -385881 152
287 178 m2 607855 -0.00649778917 0.5 p-1 -776837 7
47 179 m2 608671 -0.000160221505 0.5 p-1 -455873 351
22 180 m2 613059 -0.0193897635 0.5 p-1 -769206 1014
142 181 m2 614059 -0.00292241503 0.5 p-1 -5164647 269
136 182 m2 618203 -0.0296617728 0.5 p-1 -38117 9
302 184 m2 619483 -0.00277554872 0.5 p-1 -7733 2
186 185 m2 622991 -0.00580779044 0.5 p-1 -84620 84
127 187 m2 630073 -0.00838055741 0.5 p-1 -729470 21
233 188 m2 636993 -4.01229663e-05 0.5 p-1 -95929 5
177 189 m2 638604 0.000100132107 0.5 p-1 -76507 10
23 190 m2 648605 0.0067951465 0.5 p-1 -1014049 771
113 191 m2 652504 0.00672129076 0.5 p-1 -2524088 226
189 192 m2 654659 0.00411292305 0.5 p-1 -117544 37
60 193 m2 654961 0.00933946576 0.5 p-1 -5191716 578
194 194 m2 656670 3.01081109e-05 0.5 p-1 -10125 10
81 195 m2 665941 0.00969205052 0.5 p-1 -1064178 476
197 196 m2 666683 -1.44083124e-05 0.5 p-1 -321128 79
93 198 m2 671540 0.000301966385 0.5 p-1 -401044 30
132 199 m2 672591 0.000270823744 0.5 p-1 -205086 60
73 200 m2 673328 0.00136595231 0.5 p-1 -411189 109
108 201 m2 674468 0.00060603692 0.5 p-1 -141749 191
170 202 m2 677269 -4.72559877e-05 0.5 p-1 -21383 5
89 203 m2 684569 0.00280891126 0.5 p-1 -4465456 1058
25 204 m2 684812 0.00019239416 0.5 p-1 -5670876 1497
82 205 m2 694185 -5.99267436e-09 0.5 p-1 -1973640 396
161 206 m2 696418 0.000428506784 0.5 p-1 -28139 14
26 207 m2 703579 -0.0101699317 0.5 p-1 -2034027 1381
75 209 m2 706490 0.018006457 0.5 p-1 -1138485 205
49 211 m2 709785 0.000194429391 0.5 p-1 -658982 457
76 212 m2 711216 -0.000705361832 0.5 p-1 -2388040 1101
237 213 m2 713090 0.000718083291 0.5 p-1 -92860 10
225 214 m2 713514 0.0136468317 0.5 p-1 -35879 22
246 216 m2 725583 0.000227305252 0.5 p-1 -66572 9
152 217 m2 727812 0.00126236025 0.5 p-1 -58517 13
252 219 m2 735885 0.000681265781 0.5 p-1 -24619 2
321 220 m2 741341 2.85142014e-05 0.5 p-1 -4555 1
156 222 m2 743216 -0.00106104137 0.5 p-1 -503852 17
238 223 m2 744164 -6.15045719e-05 0.5 p-1 -21906 14
270 224 m2 744209 -0.0505377278 0.5 p-1 -2966 6
140 225 m2 745968 0.00450535398 0.5 p-1 -228517 66
27 226 m2 747126 0.00194921438 0.5 p-1 -4611717 1892
61 227 m2 753031 -2.91975539e-05 0.5 p-1 -3402556 335
62 228 m2 759093 0.0104493555 0.5 p-1 -2648332 598
94 229 m2 767765 0.0103167156 0.5 p-1 -24141 6
143 230 m2 770070 -0.0233488716 0.5 p-1 -89823 54
124 231 m2 772996 -0.000776934554 0.5 p-1 -2769718 256
28 232 m2 773472 -3.55604868e-07 0.5 p-1 -547457 340
242 233 m2 773473 -0.0279425178 0.5 p-1 -282408 7
262 234 m2 779508 0.013607786 0.5 p-1 -36352 7
29 236 m2 781114 1.19252785e-08 0.5 p-1 -8930183 1824
30 237 m2 784527 -0.00152718963 0.5 p-1 -5542374 1498
63 238 m2 786099 0.000263799506 0.5 p-1 -1638922 938
114 239 m2 790300 -0.00467441371 0.5 p-1 -140154 164
221 240 m2 795677 -0.0128556872 0.5 p-1 -74754 38
31 242 m2 809008 -0.00129558763 0.5 p-1 -11647018 1765
330 243 m2 810189 -0.000422974699 0.5 p-1 -12457 1
50 244 m2 810525 0.0153171206 0.5 p-1 -119587 51
282 245 m2 815034 0.000559323118 0.5 p-1 -1888 1
109 247 m2 820696 -0.00193124462 0.5 p-1 -1546291 292
257 248 m2 821366 0.00446624728 0.5 p-1 -198616 10
144 249 m2 821384 -0.0512272194 0.5 p-1 -1031859 203
267 250 m2 838786 -0.00772897759 0.5 p-1 -7484 4
222 252 m2 845188 0.0133676333 0.5 p-1 -628719 25
95 253 m2 854556 -0.000171438762 0.5 p-1 -821958 429
171 254 m2 859344 -0.000242705428 0.5 p-1 -225016 230
292 256 m2 880744 -0.000849658099 0.5 p-1 -483 1
200 257 m2 896035 -0.0370553806 0.5 p-1 -43675 19
77 258 m2 896374 -0.0174238849 0.5 p-1 -363138 336
289 261 m2 907775 -6.93361217e-05 0.5 p-1 -496 2
231 262 m2 912557 0.000416060473 0.5 p-1 -32031 22
227 263 m2 913585 -0.0376559459 0.5 p-1 -130216 29
137 264 m2 915029 0.00172682025 0.5 p-1 -765222 73
100 265 m2 916153 0.000773140928 0.5 p-1 -95646 92
318 266 m2 918565 0.0162592418 0.5 p-1 -106178 2
339 267 m2 919023 0.00942879543 0.5 p-1 -1775 1
301 270 m2 931454 -0.014678888 0.5 p-1 -613 2
201 272 m2 942188 -0.00297201588 0.5 p-1 -104847 21
195 273 m2 942448 0.00740730669 0.5 p-1 -73028 35
32 274 m2 949216 0.013375923 0.5 p-1 -2500793 1572
259 276 m2 963220 -0.00109347946 0.5 p-1 -468415 7
323 278 m2 964076 0.00459917448 0.5 p-1 -6739 2
182 279 m2 980627 -0.0249795858 0.5 p-1 -196530 54
101 280 m2 984217 -0.0121620903 0.5 p-1 -172172 166
115 281 m2 985711 -0.00325551 0.5 p-1 -278060 56
110 283 m2 992170 0.00484368391 0.5 p-1 -818150 181
83 284 m2 993560 -0.0448770449 0.5 p-1 -771996 17
33 286 m2 994333 0.0392739922 0.5 p-1 -6941358 1432
52 287 m2 997412 0.00226094085 0.5 p-1 -30926 9
66 288 m2 70601 0.0321962647 0.5 p0 2 1
278 289 m2 806266 0.00120639999 0.5 p0 2 3
294 290 m2 510200 1.93395408e-05 0.5 p0 2 2
296 291 m2 946717 0.00838063378 0.5 p0 2 1
334 292 m2 511879 -0.000377812976 0.5 p0 2 1
303 293 m2 577227 -0.000224013274 0.5 p0 2 1
254 296 m2 22761 -0.0115434257 0.5 p0 2 2
244 301 m2 205929 -3.73710327e-06 0.5 p0 2 2
277 302 m2 341552 0.00220728922 0.5 p0 2 2
341 304 m2 180881 -0.000968900102 0.5 p0 2 1
258 306 m2 191955 -0.00200104853 0.5 p0 2 3
310 310 m2 901821 -0.0147110904 0.5 p0 2 3
308 311 m2 811630 0.00019165712 0.5 p0 2 3
319 313 m2 833310 -0.000115584815 0.5 p0 2 1
325 315 m2 910241 0.000923564075 0.5 p0 2 3
327 316 m2 272498 -0.00419216836 0.5 p0 2 1
337 318 m2 451167 0.0230381135 0.5 p0 2 1
331 323 m2 269298 -0.0226394925 0.5 p0 2 1
172 324 m2 303905 0.00010314073 0.5 p0 2 1
283 326 m2 902781 1.09817215e-07 0.5 p0 2 1
249 327 m2 772494 -0.00100526283 0.5 p0 2 1
290 329 m2 987661 -0.0196761265 0.5 p0 2 1
305 331 m2 588811 0.021581782 0.5 p0 2 1
313 332 m2 993926 0.000519144756 0.5 p0 2 1
288 333 m2 124308 2.89025661e-06 0.5 p0 2 1
271 334 m2 913028 -1.18739945e-05 0.5 p0 2 2
269 335 m2 652750 -0.0366825052 0.5 p0 2 1
304 336 m2 839174 -0.00306691695 0.5 p0 2 1
268 337 m2 617613 -0.0111401184 0.5 p0 2 1
320 338 m2 906310 -0.0168501437 0.5 p0 2 1
317 339 m2 905408 -0.000339936756 0.5 p0 2 1
329 341 m2 149129 0.113828868 0.5 p0 2 1
311 343 m2 749921 0.00215630629 0.5 p0 2 2
291 344 m2 278023 -2.5821073e-06 0.5 p0 2 1
255 346 m2 204920 0.00875474326 0.5 p0 2 2
298 350 m2 842115 0.00067216449 0.5 p0 2 2
342 351 m2 115207 0.000326200534 0.5 p0 2 1
322 352 m2 861989 -0.00245258003 0.5 p0 2 1
286 355 m1 26885 0 0.5 p-1 -1586 1
241 356 m1 37692 -0 0.5 p-1 -253124 47
102 358 m1 55366 -0 0.5 p-1 -397207 170
36 359 m1 73914 -0 0.5 p-1 -233241 48
92 360 m1 76418 0 0.5 p-1 -1147615 503
192 361 m1 108229 -0 0.5 p-1 -31552 12
85 362 m1 111317 -0 0.5 p-1 -255645 42
285 364 m1 128296 -0 0.5 p-1 -392 2
184 365 m1 141983 -0 0.5 p-1 -9457 14
68 366 m1 143751 -0 0.5 p-1 -6551609 1203
69 367 m1 144643 0 0.5 p-1 -129339 84
297 368 m1 153783 0 0.5 p-1 -8197 3
280 370 m1 171664 0 0.5 p-1 -16704 3
199 371 m1 190021 -0 0.5 p-1 -60968 13
274 372 m1 200332 0 0.5 p-1 -23937 15
6 373 m1 233567 -0 0.5 p-1 -6345510 678
162 374 m1 248263 0 0.5 p-1 -16659 15
134 375 m1 257935 0 0.5 p-1 -103299 85
111 377 m1 266091 -0 0.5 p-1 -947724 186
204 378 m1 272077 0 0.5 p-1 -142851 5
250 381 m1 305394 0 0.5 p-1 -475065 4
239 382 m1 309647 0 0.5 p-1 -8475 5
293 383 m1 320541 0 0.5 p-1 -1483 3
71 384 m1 340132 0 0.5 p-1 -355524 84
126 385 m1 342374 -0 0.5 p-1 -143178 153
336 386 m1 346976 0 0.5 p-1 -3455 1
164 387 m1 348899 -0 0.5 p-1 -292044 71
236 388 m1 350517 0 0.5 p-1 -114254 22
72 389 m1 368737 -0 0.5 p-1 -66218 69
185 390 m1 368825 0 0.5 p-1 -60788 49
122 392 m1 385968 0 0.5 p-1 -1779185 205
11 393 m1 390076 0 0.5 p-1 -2775295 654
220 394 m1 418301 -0 0.5 p-1 -34779 6
42 395 m1 419427 0 0.5 p-1 -877624 284
284 396 m1 423013 -0 0.5 p-1 -63239 4
150 397 m1 428328 -0 0.5 p-1 -234623 42
13 398 m1 453210 0 0.5 p-1 -12490120 699
188 399 m1 469652 0 0.5 p-1 -64205 24
138 400 m1 503032 0 0.5 p-1 -4914012 17
344 401 m1 504343 -0 0.5 p-1 -13083 1
18 403 m1 535553 0 0.5 p-1 -1309594 783
256 404 m1 563878 0 0.5 p-1 -223452 27
224 405 m1 564861 0 0.5 p-1 -5257 3
135 406 m1 585896 -0 0.5 p-1 -231911 35
328 407 m1 600445 -0 0.5 p-1 -166837 2
59 408 m1 606223 -0 0.5 p-1 -1995729 1123
316 409 m1 628272 -0 0.5 p-1 -1261 1
265 410 m1 628275 -0 0.5 p-1 -2841683 3
24 411 m1 651197 -0 0.5 p-1 -816005 556
48 412 m1 653281 -0 0.5 p-1 -9596822 883
74 414 m1 699065 -0 0.5 p-1 -2083094 731
123 415 m1 702210 0 0.5 p-1 -97690 37
179 416 m1 704829 0 0.5 p-1 -61750 50
276 417 m1 711681 -0 0.5 p-1 -15887 5
247 418 m1 717594 -0 0.5 p-1 -36836 16
97 419 m1 720393 0 0.5 p-1 -291353 137
338 420 m1 724346 -0 0.5 p-1 -71034 1
333 421 m1 754945 0 0.5 p-1 -14195 1
273 423 m1 790779 0 0.5 p-1 -5546 3
202 424 m1 800586 0 0.5 p-1 -209356 37
174 425 m1 811365 -0 0.5 p-1 -79994 48
98 426 m1 840356 0 0.5 p-1 -1041226 270
99 427 m1 841273 0 0.5 p-1 -280202 235
64 428 m1 841521 0 0.5 p-1 -249032 86
306 429 m1 851132 0 0.5 p-1 -870 6
166 431 m1 866268 -0 0.5 p-1 -456056 349
190 432 m1 870998 0 0.5 p-1 -98442 27
275 433 m1 875102 0 0.5 p-1 -108748 6
51 434 m1 890210 -0 0.5 p-1 -28481 7
307 435 m1 891471 0 0.5 p-1 -2128 2
324 439 m1 901793 0 0.5 p-1 -14368 4
187 440 m1 947191 0 0.5 p-1 -18376 8
260 441 m1 963416 -0 0.5 p-1 -2778929 7
158 442 m1 975752 0 0.5 p-1 -680594 126
243 444 m1 984429 0 0.5 p-1 -56426 27
65 445 m1 994229 -0 0.5 p-1 -298717 179
