Temp_ID Permanent_ID Mutation_type Position s h Subpop Tick Number
218 0 m2 544 -0.00030150832 0.5 p-1 -1457 10
138 1 m2 3041 -0.0163678713 0.5 p-1 -142331 45
134 2 m2 9299 -1.9712299e-05 0.5 p-1 -257632 68
192 3 m2 12311 -1.59969222e-05 0.5 p-1 -109312 19
76 7 m2 46181 -0.0102143716 0.5 p-1 -3155127 347
0 8 m2 47679 -0.00645942846 0.5 p-1 -480417 213
153 9 m2 57693 -5.9381382e-06 0.5 p-1 -162190 15
215 10 m2 60271 -0.0722407773 0.5 p-1 -10283 5
195 12 m2 63871 -0.000329555682 0.5 p-1 -15678 3
180 13 m2 65770 -0.00172389031 0.5 p-1 -19142 13
224 14 m2 71189 -0.00728557399 0.5 p-1 -9065 4
154 15 m2 74624 -0.000628877373 0.5 p-1 -106142 28
230 17 m2 77388 -0.0270828698 0.5 p-1 -22553 4
2 18 m2 79299 -0.00431026751 0.5 p-1 -1016712 797
3 20 m2 86455 -0.0239300448 0.5 p-1 -867639 570
226 21 m2 90091 -0.00682617258 0.5 p-1 -10040 5
120 23 m2 97956 -0.00054203195 0.5 p-1 -1492640 75
36 27 m2 118198 -3.50163173e-05 0.5 p-1 -1402820 675
49 30 m2 124605 -0.00105361594 0.5 p-1 -823579 460
207 31 m2 126853 -0.0223185569 0.5 p-1 -141268 16
37 32 m2 128821 -0.00961483642 0.5 p-1 -1812574 432
187 34 m2 145218 -0.0120377662 0.5 p-1 -135436 17
141 37 m2 158152 -0.00156060362 0.5 p-1 -54534 12
225 38 m2 162075 -0.0152458465 0.5 p-1 -33088 6
38 39 m2 164140 -0.0192486439 0.5 p-1 -3139681 785
50 40 m2 167772 -0.00421250612 0.5 p-1 -85433 14
238 41 m2 170656 -0.0068381927 0.5 p-1 -30941 2
63 43 m2 182080 -0.0299045574 0.5 p-1 -509233 128
95 45 m2 186115 -2.95771834e-08 0.5 p-1 -574262 89
201 46 m2 187432 -0.000557751337 0.5 p-1 -103006 5
135 48 m2 202884 -0.00180545647 0.5 p-1 -54369 67
65 49 m2 207857 -0.0788451284 0.5 p-1 -1303391 1224
160 50 m2 212843 -7.80865867e-06 0.5 p-1 -1905240 354
190 52 m2 218628 -0.00986926444 0.5 p-1 -88720 11
222 53 m2 222408 -0.0209738407 0.5 p-1 -9747 1
188 54 m2 226764 -0.000226915232 0.5 p-1 -950708 30
142 55 m2 227380 -0.00531880651 0.5 p-1 -94043 52
229 58 m2 234043 -0.00989817921 0.5 p-1 -51480 10
99 59 m2 238243 -3.93654673e-08 0.5 p-1 -9552 13
177 60 m2 263555 -0.000842869747 0.5 p-1 -23359 17
7 61 m2 265288 -0.0194759294 0.5 p-1 -5525334 752
156 62 m2 271910 -0.0258592665 0.5 p-1 -299988 47
127 68 m2 288849 -0.000207245626 0.5 p-1 -58174 49
169 69 m2 304287 -0.00332840672 0.5 p-1 -349104 49
87 70 m2 305896 -0.0259001963 0.5 p-1 -1976955 1066
52 71 m2 310938 -9.47896333e-05 0.5 p-1 -835879 637
198 72 m2 317640 -0.000693815062 0.5 p-1 -373 4
214 73 m2 322055 -0.000825274561 0.5 p-1 -29083 5
8 74 m2 322616 -0.0252362136 0.5 p-1 -2594776 978
9 75 m2 326124 -2.49538251e-10 0.5 p-1 -3267257 924
131 76 m2 326791 -0.00769248046 0.5 p-1 -74352 50
53 77 m2 327770 -0.000303359411 0.5 p-1 -2278374 1289
204 79 m2 335935 -0.0137818614 0.5 p-1 -5180 3
54 80 m2 339530 -0.00234649167 0.5 p-1 -6744742 1431
211 81 m2 341681 -0.0314542092 0.5 p-1 -21795 4
55 82 m2 348191 -0.0035895831 0.5 p-1 -5110440 919
71 83 m2 360665 -3.48512295e-11 0.5 p-1 -2771329 381
10 86 m2 374859 -5.83356705e-05 0.5 p-1 -4858496 1820
39 87 m2 379170 -0.0684549809 0.5 p-1 -2134012 672
139 88 m2 385145 -0.000234748091 0.5 p-1 -62345 13
72 90 m2 390560 -0.00180765789 0.5 p-1 -861893 208
213 94 m2 415223 -5.52491547e-05 0.5 p-1 -77412 17
40 95 m2 417289 -0.0464368649 0.5 p-1 -500013 189
133 96 m2 419572 -0.0527321063 0.5 p-1 -777035 243
12 97 m2 422405 -0.00245212438 0.5 p-1 -229591 344
78 98 m2 427163 -0.00404797541 0.5 p-1 -415067 94
247 99 m2 429596 -0.0513062663 0.5 p-1 -1153761 1
157 100 m2 431144 -0.0065234215 0.5 p-1 -383370 91
235 104 m2 439888 -0.00615208736 0.5 p-1 -7350 1
13 105 m2 442821 -0.00214424846 0.5 p-1 -14147505 1957
128 107 m2 452334 -0.00262863026 0.5 p-1 -31779 3
155 108 m2 459499 -0.0228266437 0.5 p-1 -119583 25
106 109 m2 460945 -0.00146790664 0.5 p-1 -325311 219
173 110 m2 463782 -1.11368026e-10 0.5 p-1 -16032 25
191 111 m2 464458 -0.0201017391 0.5 p-1 -52279 13
14 112 m2 470669 -0.00103765971 0.5 p-1 -1790691 611
178 114 m2 486152 -0.00172593491 0.5 p-1 -151309 47
56 115 m2 486503 -0.00163963332 0.5 p-1 -1909875 654
15 118 m2 499661 -0.000240296373 0.5 p-1 -3525723 1202
170 119 m2 503636 -0.108150095 0.5 p-1 -347692 29
107 120 m2 503663 -0.000410679379 0.5 p-1 -654948 254
179 121 m2 504261 -1.25153619e-07 0.5 p-1 -382638 20
41 123 m2 506680 -0.00908523425 0.5 p-1 -4008868 459
200 124 m2 507613 -4.73807586e-06 0.5 p-1 -115365 16
16 125 m2 514939 -0.00339954416 0.5 p-1 -5889977 1212
88 127 m2 519786 -0.0634114891 0.5 p-1 -516726 122
189 128 m2 526557 -1.35506695e-09 0.5 p-1 -304505 13
114 130 m2 527673 -0.00126604945 0.5 p-1 -51140 11
144 131 m2 534032 -0.0322792195 0.5 p-1 -333920 106
125 133 m2 538594 -0.000247811811 0.5 p-1 -1940709 32
145 134 m2 543991 -0.00129835075 0.5 p-1 -61014 42
146 137 m2 550992 -0.0206666365 0.5 p-1 -97835 107
92 138 m2 553336 -0.000187874117 0.5 p-1 -51044 23
243 139 m2 558151 -0.00795525406 0.5 p-1 -2595 1
42 142 m2 571012 -0.00874365028 0.5 p-1 -6058928 342
57 143 m2 577233 -0.00151153211 0.5 p-1 -1645118 838
181 144 m2 581289 -0.00888052583 0.5 p-1 -81032 29
73 145 m2 585052 -0.00126923271 0.5 p-1 -4904577 690
43 146 m2 592989 -0.042808339 0.5 p-1 -1768320 98
115 148 m2 594578 -0.0219762214 0.5 p-1 -6416020 164
67 149 m2 603383 -0.00505756075 0.5 p-1 -4877857 998
117 150 m2 605362 -0.00183394668 0.5 p-1 -19764 16
241 152 m2 610310 -0.000527749711 0.5 p-1 -2046 3
193 153 m2 614890 -0.000649038062 0.5 p-1 -273878 4
44 154 m2 619494 -9.52795672e-05 0.5 p-1 -291738 242
116 155 m2 620063 -0.00125832111 0.5 p-1 -41597 63
161 157 m2 629523 -0.00201802026 0.5 p-1 -60852 22
18 162 m2 652664 -0.000229393845 0.5 p-1 -4343262 1917
20 165 m2 671350 -0.0121311182 0.5 p-1 -144816 71
58 166 m2 674384 -0.000483685377 0.5 p-1 -430369 161
59 167 m2 675762 -0.00767036295 0.5 p-1 -252586 139
174 169 m2 679426 -0.00710414397 0.5 p-1 -168086 40
97 170 m2 691687 -0.000144041638 0.5 p-1 -181843 305
103 171 m2 698917 -0.00682958635 0.5 p-1 -144168 20
22 174 m2 710066 -0.0196941588 0.5 p-1 -3262395 379
182 175 m2 713299 -0.00597693864 0.5 p-1 -161210 91
167 177 m2 729621 -0.00185560109 0.5 p-1 -76320 23
23 178 m2 731098 -0.0123924604 0.5 p-1 -2525588 1588
85 179 m2 731441 -0.000181879645 0.5 p-1 -67050 70
172 180 m2 739421 -0.0174308158 0.5 p-1 -91951 35
150 181 m2 743355 -0.0143215051 0.5 p-1 -406797 108
94 182 m2 753997 -0.0191282444 0.5 p-1 -117785 133
80 183 m2 754568 -0.00302876718 0.5 p-1 -521060 311
199 186 m2 760779 -0.0538559854 0.5 p-1 -730 7
60 187 m2 765883 -0.0606064983 0.5 p-1 -4567412 642
24 190 m2 771309 -0.0735459849 0.5 p-1 -427187 314
90 191 m2 775396 -0.00563115161 0.5 p-1 -54504 22
163 192 m2 776084 -0.00474367384 0.5 p-1 -353793 164
96 193 m2 777547 -0.000197321569 0.5 p-1 -845376 197
98 195 m2 783133 -0.00447924715 0.5 p-1 -358880 139
118 197 m2 790236 -0.00602641981 0.5 p-1 -84229 99
25 198 m2 793025 -4.86530195e-13 0.5 p-1 -4035240 465
26 199 m2 797961 -0.00469418988 0.5 p-1 -2505507 129
162 200 m2 798519 -0.0132913124 0.5 p-1 -59248 39
61 201 m2 801567 -0.00125923532 0.5 p-1 -2266344 1559
121 202 m2 803406 -5.62171699e-05 0.5 p-1 -61708 11
81 203 m2 806428 -0.0156480763 0.5 p-1 -38939 31
28 204 m2 807195 -0.000489523169 0.5 p-1 -1284674 1111
158 206 m2 814576 -0.00779248588 0.5 p-1 -51452 35
176 208 m2 816316 -1.01060346e-06 0.5 p-1 -174534 5
184 210 m2 819449 -0.0104951551 0.5 p-1 -54358 34
147 211 m2 821380 -0.000579144456 0.5 p-1 -216504 85
233 212 m2 822569 -0.00202522846 0.5 p-1 -145371 5
205 214 m2 825989 -2.27555286e-09 0.5 p-1 -5921 2
46 217 m2 833286 -0.0470191501 0.5 p-1 -2123507 119
91 218 m2 843912 -0.0397894904 0.5 p-1 -686852 34
168 219 m2 847663 -0.000172418979 0.5 p-1 -33153 11
186 221 m2 857997 -2.82016822e-06 0.5 p-1 -377406 11
122 222 m2 859913 -0.000280277338 0.5 p-1 -4693505 134
82 223 m2 863004 -0.00193702721 0.5 p-1 -681246 167
30 224 m2 867656 -0.00215340429 0.5 p-1 -21863 9
216 225 m2 874466 -0.000184159464 0.5 p-1 -57001 8
244 226 m2 876886 -0.0758128762 0.5 p-1 -51077 1
110 227 m2 880194 -0.00563415 0.5 p-1 -235861 161
102 229 m2 908097 -1.29725349e-05 0.5 p-1 -286007 103
231 232 m2 913156 -0.000424680067 0.5 p-1 -19312 9
86 233 m2 913989 -0.000807170814 0.5 p-1 -919835 515
210 235 m2 920026 -0.000265807612 0.5 p-1 -12169 4
227 239 m2 927072 -0.0468941033 0.5 p-1 -69597 10
68 240 m2 929723 -0.00361139094 0.5 p-1 -77828 28
119 242 m2 943116 -0.00157562969 0.5 p-1 -121495 27
165 243 m2 945727 -0.0383012444 0.5 p-1 -265488 11
111 244 m2 946157 -0.0178011432 0.5 p-1 -109290 47
48 245 m2 946224 -0.0299958214 0.5 p-1 -929760 756
129 246 m2 946428 -0.0159680825 0.5 p-1 -1237991 151
31 247 m2 951148 -0.0126694422 0.5 p-1 -2666963 1343
69 249 m2 958193 -1.63297773e-06 0.5 p-1 -1076060 536
126 250 m2 960271 -0.0113238245 0.5 p-1 -47975 35
228 251 m2 962930 -5.30547513e-05 0.5 p-1 -32808 7
208 253 m2 971574 -0.000471002539 0.5 p-1 -507992 27
101 254 m2 975873 -1.88146914e-05 0.5 p-1 -4367827 252
136 255 m2 976562 -0.0153702619 0.5 p-1 -365596 77
137 256 m2 977443 -0.015754642 0.5 p-1 -3458490 156
209 257 m2 979953 -6.23947053e-05 0.5 p-1 -23437 17
130 259 m2 983909 -6.40826556e-06 0.5 p-1 -152841 87
75 260 m2 989531 -9.02868996e-05 0.5 p-1 -24216 23
35 262 m2 998495 -0.00162605778 0.5 p-1 -8696379 1710
220 263 m2 999811 -0.000359989033 0.5 p-1 -5900 1
234 265 m2 52801 -2.55852265e-05 0.5 p0 2 2
245 266 m2 422117 -0.00360317854 0.5 p0 2 3
202 268 m2 652814 -0.00336817908 0.5 p0 2 6
246 278 m2 319911 -4.27600622e-09 0.5 p0 2 1
212 279 m2 232455 -0.00378384395 0.5 p0 2 3
240 283 m2 588436 -0.120842218 0.5 p0 2 1
219 287 m2 335493 -0.00917660724 0.5 p0 2 1
223 297 m2 382934 -8.85458212e-05 0.5 p0 2 4
132 299 m2 383506 -0.0672009736 0.5 p0 2 4
239 300 m2 766030 -0.00169191009 0.5 p0 2 1
217 302 m2 778284 -0.0451416746 0.5 p0 2 6
124 310 m1 12369 0 0.5 p-1 -722978 18
171 312 m1 34596 0 0.5 p-1 -261820 73
1 315 m1 68967 0 0.5 p-1 -517358 190
148 316 m1 70493 0 0.5 p-1 -228542 4
4 323 m1 186050 0 0.5 p-1 -1724598 1791
5 324 m1 187486 0 0.5 p-1 -3242587 418
77 325 m1 189084 0 0.5 p-1 -435499 667
6 326 m1 194438 0 0.5 p-1 -2300732 457
151 328 m1 198995 0 0.5 p-1 -833790 139
70 329 m1 200446 0 0.5 p-1 -909336 641
64 330 m1 201132 0 0.5 p-1 -602297 655
51 331 m1 219156 0 0.5 p-1 -1993295 649
104 332 m1 249046 0 0.5 p-1 -61069 78
112 334 m1 320374 0 0.5 p-1 -287274 42
206 335 m1 353414 0 0.5 p-1 -42245 2
143 336 m1 358379 0 0.5 p-1 -126456 34
149 337 m1 375149 0 0.5 p-1 -133148 48
66 339 m1 386985 0 0.5 p-1 -204373 224
105 340 m1 392927 0 0.5 p-1 -1428136 433
11 342 m1 404124 0 0.5 p-1 -3565478 1880
140 343 m1 426671 0 0.5 p-1 -41554 27
237 347 m1 468636 0 0.5 p-1 -6131 1
164 348 m1 475958 0 0.5 p-1 -556529 80
79 349 m1 485103 0 0.5 p-1 -5929256 143
196 350 m1 488437 0 0.5 p-1 -10679 26
83 352 m1 495925 0 0.5 p-1 -297126 359
113 353 m1 513318 0 0.5 p-1 -145927 49
108 354 m1 517726 0 0.5 p-1 -3543138 243
84 355 m1 520806 0 0.5 p-1 -693465 34
166 356 m1 548961 0 0.5 p-1 -307514 19
17 357 m1 553046 0 0.5 p-1 -1204382 130
100 358 m1 568375 0 0.5 p-1 -3662244 157
109 359 m1 575665 0 0.5 p-1 -215800 254
197 360 m1 584753 0 0.5 p-1 -6954 4
242 365 m1 655730 0 0.5 p-1 -164184 2
194 366 m1 663002 0 0.5 p-1 -76883 10
74 367 m1 667163 0 0.5 p-1 -3291043 462
19 368 m1 671051 0 0.5 p-1 -8763404 1221
21 369 m1 701035 0 0.5 p-1 -1344246 999
89 370 m1 716166 0 0.5 p-1 -29297 45
45 371 m1 723557 0 0.5 p-1 -1062317 39
93 374 m1 777176 0 0.5 p-1 -3794047 403
183 375 m1 778587 0 0.5 p-1 -11177 31
203 376 m1 781692 0 0.5 p-1 -125711 40
236 377 m1 784482 0 0.5 p-1 -8645 3
185 379 m1 794001 0 0.5 p-1 -31958 22
27 380 m1 800600 0 0.5 p-1 -3589909 1224
175 381 m1 833978 0 0.5 p-1 -25070 27
62 382 m1 840834 0 0.5 p-1 -1053542 328
29 384 m1 863231 0 0.5 p-1 -7006415 1981
47 387 m1 909009 0 0.5 p-1 -272688 100
232 388 m1 912940 0 0.5 p-1 -10307 3
32 392 m1 954438 0 0.5 p-1 -9277586 1851
221 393 m1 958670 0 0.5 p-1 -8785 6
152 394 m1 965076 0 0.5 p-1 -163649 19
33 395 m1 970637 0 0.5 p-1 -4770189 714
123 396 m1 974618 0 0.5 p-1 -148833 81
34 397 m1 987803 0 0.5 p-1 -7934994 1831
159 398 m1 991859 0 0.5 p-1 -372590 86
