Temp_ID Permanent_ID Mutation_type Position s h Subpop Tick Number
968 0 m2 98 -1.66544452e-11 0.5 p-1 -1621998 17
1069 1 m2 2398 1.82830945e-06 0.5 p-1 -40914 10
622 2 m2 2756 0.000280979293 0.5 p-1 -1044415 73
950 3 m2 3714 0.000875794038 0.5 p-1 -29350 21
528 4 m2 3747 -0.0001957723 0.5 p-1 -8121 7
1130 7 m2 7210 -1.61049702e-05 0.5 p-1 -42194 5
529 8 m2 8508 0.00972293038 0.5 p-1 -52166 7
340 10 m2 8962 -0.0174707007 0.5 p-1 -462390 195
691 12 m2 10014 0.0418027155 0.5 p-1 -135844 32
1 14 m2 10246 -0.0105089713 0.5 p-1 -2844638 1386
199 15 m2 10734 0.015178415 0.5 p-1 -15606 75
733 16 m2 11022 -0.00130125519 0.5 p-1 -169693 163
960 17 m2 11319 1.21646747e-06 0.5 p-1 -72757 31
722 18 m2 11352 -0.000694300979 0.5 p-1 -54220 56
1064 19 m2 13574 0.00145053421 0.5 p-1 -228106 16
974 20 m2 17827 0.00408758037 0.5 p-1 -34536 37
341 21 m2 18306 -0.003164066 0.5 p-1 -16146 45
975 24 m2 19166 -0.0150107872 0.5 p-1 -8623 13
474 25 m2 20139 -9.07884683e-08 0.5 p-1 -867780 71
342 26 m2 21623 0.00115661672 0.5 p-1 -3465144 437
4 28 m2 23793 -0.000527168042 0.5 p-1 -2347923 980
1027 30 m2 25493 -0.0170601346 0.5 p-1 -7599 1
566 34 m2 27955 -0.000171008098 0.5 p-1 -1052777 300
7 35 m2 28311 0.00117712561 0.5 p-1 -4565224 571
8 36 m2 28355 0.0749473795 0.5 p-1 -4853538 1354
9 37 m2 28747 -0.000951936119 0.5 p-1 -522486 423
447 38 m2 28764 -0.00330344657 0.5 p-1 -381161 46
961 39 m2 29424 -0.000728421554 0.5 p-1 -32393 23
753 40 m2 30968 2.33659248e-05 0.5 p-1 -1047971 130
285 41 m2 31129 0.000141812372 0.5 p-1 -406292 188
929 42 m2 31830 0.000913557305 0.5 p-1 -320987 24
286 43 m2 31924 0.00546649797 0.5 p-1 -260858 319
1068 44 m2 32242 0.0178489815 0.5 p-1 -63913 5
675 45 m2 32965 -0.0102857891 0.5 p-1 -2924 7
10 47 m2 34079 -5.57290332e-05 0.5 p-1 -2473145 318
475 49 m2 34371 0.125377476 0.5 p-1 -462769 97
11 50 m2 34491 0.0276036691 0.5 p-1 -8942280 701
633 51 m2 35238 4.96221073e-05 0.5 p-1 -167065 63
201 52 m2 36943 0.00263486477 0.5 p-1 -2109449 646
729 53 m2 37244 -0.0178098362 0.5 p-1 -625612 40
1079 56 m2 41831 -6.14387027e-05 0.5 p-1 -69457 1
1200 58 m2 42542 0.0395647921 0.5 p-1 -38945 1
937 59 m2 44507 0.0203324351 0.5 p-1 -106935 9
344 60 m2 45215 0.00217933534 0.5 p-1 -3849506 558
740 61 m2 47191 -0.000809309189 0.5 p-1 -622766 21
202 62 m2 47741 0.00211555324 0.5 p-1 -1228292 322
530 63 m2 48708 0.00868440513 0.5 p-1 -1902669 82
531 64 m2 48749 0.000506011187 0.5 p-1 -31168 5
723 66 m2 49323 -2.11260049e-05 0.5 p-1 -6935 6
288 67 m2 51975 0.00210898323 0.5 p-1 -553547 372
289 69 m2 53417 0.00352071854 0.5 p-1 -1430779 626
13 70 m2 54230 -0.00263498537 0.5 p-1 -6486390 1888
567 71 m2 55385 -2.72825588e-07 0.5 p-1 -90084 43
741 72 m2 55486 -0.0108897444 0.5 p-1 -57792 10
568 73 m2 56444 -0.0118803782 0.5 p-1 -750316 37
1212 76 m2 57419 -0.00160355796 0.5 p-1 -2434 3
505 77 m2 57420 -0.0216576885 0.5 p-1 -144370 70
345 79 m2 57813 1.14940021e-05 0.5 p-1 -421049 395
448 80 m2 58515 -2.83123973e-06 0.5 p-1 -57953 97
1077 81 m2 59861 -0.0131952548 0.5 p-1 -327432 7
403 82 m2 61114 -0.0210292488 0.5 p-1 -785907 564
346 83 m2 61612 -0.00185332308 0.5 p-1 -939677 274
848 84 m2 64497 0.00716717867 0.5 p-1 -400566 66
1071 85 m2 64899 0.000175254041 0.5 p-1 -2102 3
15 86 m2 65892 -0.00020854437 0.5 p-1 -31257 27
16 87 m2 66715 6.75202245e-05 0.5 p-1 -8506919 1085
17 88 m2 67248 2.05871038e-05 0.5 p-1 -3180950 1338
1006 91 m2 69263 -0.00935691409 0.5 p-1 -413 3
680 94 m2 71651 0.0315579437 0.5 p-1 -263 20
1160 95 m2 71834 6.64944025e-07 0.5 p-1 -9388 2
18 96 m2 72950 -0.0404536501 0.5 p-1 -5271120 737
19 97 m2 73304 0.00892185979 0.5 p-1 -1220474 441
20 98 m2 73422 0.000594638579 0.5 p-1 -1316339 320
290 99 m2 73758 -3.60079539e-05 0.5 p-1 -2633599 1081
22 100 m2 74536 0.000489539816 0.5 p-1 -6493882 1759
23 101 m2 77566 0.0268587898 0.5 p-1 -7751200 1700
24 102 m2 77590 0.000162197539 0.5 p-1 -4824439 1700
405 106 m2 79054 0.0263994187 0.5 p-1 -447472 315
347 107 m2 79159 0.000565629802 0.5 p-1 -2604832 193
1168 111 m2 81715 4.27557214e-13 0.5 p-1 -13306 8
204 113 m2 82964 -0.00148927944 0.5 p-1 -3166524 452
406 114 m2 83221 0.00772316288 0.5 p-1 -272561 120
25 115 m2 83602 0.000207938545 0.5 p-1 -1729417 872
26 116 m2 84274 0.00234715478 0.5 p-1 -1859741 947
853 117 m2 87159 0.0340893082 0.5 p-1 -62916 8
569 118 m2 87205 0.0120517276 0.5 p-1 -1980644 63
27 120 m2 88511 -0.0168931633 0.5 p-1 -2668543 1434
291 121 m2 88874 -0.0001713315 0.5 p-1 -3215981 144
407 123 m2 90681 5.21966031e-05 0.5 p-1 -691217 351
1124 124 m2 90724 -8.15930483e-12 0.5 p-1 -28241 7
1083 125 m2 90936 -0.057258971 0.5 p-1 -67963 10
205 127 m2 91170 1.60936816e-06 0.5 p-1 -2717583 637
206 129 m2 92390 -3.57592967e-07 0.5 p-1 -398027 117
29 130 m2 94274 0.0164329167 0.5 p-1 -3806599 1083
292 131 m2 95414 0.000665376487 0.5 p-1 -624690 247
30 132 m2 96198 0.0102844043 0.5 p-1 -2762513 1824
293 136 m2 97257 -0.00605910085 0.5 p-1 -429853 150
786 137 m2 97901 -0.00562749058 0.5 p-1 -211545 20
1093 138 m2 98664 0.00224302057 0.5 p-1 -126674 7
207 139 m2 98966 0.0104005486 0.5 p-1 -202762 105
826 140 m2 99982 -0.0192797333 0.5 p-1 -88665 6
294 141 m2 100303 0.0028431667 0.5 p-1 -362736 332
1142 143 m2 100961 -1.3247724e-07 0.5 p-1 -17605 2
639 144 m2 101797 -0.00136656384 0.5 p-1 -58751 32
31 146 m2 102619 -0.0172581673 0.5 p-1 -555249 159
1175 148 m2 103614 -0.0449971221 0.5 p-1 -165458 2
348 149 m2 103995 0.0126207359 0.5 p-1 -230987 55
864 151 m2 105192 -0.00254399306 0.5 p-1 -916407 59
699 152 m2 105762 0.00498666661 0.5 p-1 -4569746 217
349 153 m2 106655 -0.00036462085 0.5 p-1 -13329835 1344
958 154 m2 107090 0.00370359165 0.5 p-1 -221375 7
804 156 m2 107917 0.0153071107 0.5 p-1 -7148508 33
662 157 m2 109297 -1.79846502e-08 0.5 p-1 -47260 55
32 158 m2 111124 0.000109782988 0.5 p-1 -4146174 1200
905 159 m2 112843 0.000289655611 0.5 p-1 -1833 11
33 160 m2 113059 -8.86641865e-05 0.5 p-1 -4585065 1633
34 161 m2 113259 -0.0289922282 0.5 p-1 -7753244 1179
350 162 m2 114379 0.0087226443 0.5 p-1 -13812912 743
790 163 m2 114425 0.000234907464 0.5 p-1 -620703 101
35 164 m2 114502 0.00860904809 0.5 p-1 -8879312 1390
1143 165 m2 115580 2.78905391e-05 0.5 p-1 -16371 2
965 166 m2 115626 0.00146089518 0.5 p-1 -143465 25
551 167 m2 116067 -0.00653362786 0.5 p-1 -599928 84
1197 168 m2 116847 -2.68193198e-05 0.5 p-1 -5695 1
640 169 m2 117056 0.00176377257 0.5 p-1 -288427 144
1054 171 m2 117386 0.0379588306 0.5 p-1 -1427 11
681 173 m2 117888 -5.85818962e-05 0.5 p-1 -73650 102
966 178 m2 119665 5.3019663e-05 0.5 p-1 -53233 26
692 179 m2 121512 -0.0124168927 0.5 p-1 -26870 41
702 181 m2 123049 -8.92985845e-05 0.5 p-1 -5457 2
408 182 m2 123343 0.00457459129 0.5 p-1 -4802757 577
208 183 m2 124233 -0.000295969046 0.5 p-1 -3974847 1296
1195 184 m2 124577 -0.00238855463 0.5 p-1 -171037 1
351 185 m2 125816 0.00277504185 0.5 p-1 -1616821 474
842 186 m2 126484 -0.000234852807 0.5 p-1 -16990 19
1002 187 m2 126644 -4.59198927e-05 0.5 p-1 -160281 33
409 188 m2 128469 0.00337358797 0.5 p-1 -305809 50
571 191 m2 130431 -0.00259822328 0.5 p-1 -272759 70
352 192 m2 130870 1.49772268e-06 0.5 p-1 -3427512 416
38 193 m2 130943 9.38790436e-06 0.5 p-1 -1410786 571
295 194 m2 131090 -0.0289052948 0.5 p-1 -2316501 399
552 195 m2 134210 0.010648841 0.5 p-1 -1638558 230
747 199 m2 136522 0.00878673047 0.5 p-1 -405075 10
791 200 m2 137658 -0.00122400944 0.5 p-1 -1472 4
962 202 m2 138005 -0.00268825213 0.5 p-1 -30852 8
635 205 m2 139358 0.0564655326 0.5 p-1 -323251 43
849 206 m2 139468 0.00379843218 0.5 p-1 -578746 60
532 207 m2 140456 -0.0228440035 0.5 p-1 -1089976 306
353 208 m2 140833 0.000216886328 0.5 p-1 -3026738 664
582 210 m2 144851 -0.00541928364 0.5 p-1 -167366 27
1115 212 m2 146857 0.000238463443 0.5 p-1 -3873 9
209 213 m2 147583 9.22265181e-11 0.5 p-1 -2597760 539
892 214 m2 148121 -0.00819976255 0.5 p-1 -48559 27
787 216 m2 150305 0.000471006031 0.5 p-1 -122298 11
39 217 m2 150963 6.58043791e-05 0.5 p-1 -2553167 1801
854 218 m2 151021 1.29323865e-07 0.5 p-1 -118802 52
40 222 m2 155477 0.0637465939 0.5 p-1 -433447 591
1041 224 m2 155934 -0.00375473197 0.5 p-1 -13340 2
354 225 m2 156307 -0.00563406479 0.5 p-1 -1426741 199
1018 228 m2 158147 0.0125721479 0.5 p-1 -6962 15
1117 229 m2 159463 -0.0275811721 0.5 p-1 -5277 3
210 230 m2 159542 -0.00577067398 0.5 p-1 -3233927 730
913 232 m2 161355 0.0126267076 0.5 p-1 -28730 13
1209 233 m2 163474 0.00421459181 0.5 p-1 -2867 3
794 236 m2 166176 -0.00344373682 0.5 p-1 -11454 6
411 237 m2 167069 0.0380129218 0.5 p-1 -764548 750
356 238 m2 167887 0.0164184812 0.5 p-1 -517295 353
994 239 m2 167918 0.00253343955 0.5 p-1 -3984 15
297 240 m2 168582 0.00622086367 0.5 p-1 -397422 29
506 241 m2 169620 0.018987108 0.5 p-1 -174008 279
211 243 m2 170077 -3.19187666e-06 0.5 p-1 -476394 1059
835 244 m2 171059 -0.00480289198 0.5 p-1 -1235890 68
957 247 m2 175894 3.15754478e-05 0.5 p-1 -56284 33
42 248 m2 176299 0.0311646927 0.5 p-1 -1256182 541
43 250 m2 177628 0.00166921644 0.5 p-1 -75496 79
507 251 m2 177803 0.010755633 0.5 p-1 -243092 200
44 254 m2 180787 -0.000876796432 0.5 p-1 -2573218 1714
212 259 m2 188886 -0.010757125 0.5 p-1 -1764149 227
46 261 m2 189928 -0.028591007 0.5 p-1 -1245543 136
450 262 m2 190130 -0.0390986986 0.5 p-1 -11147896 233
682 263 m2 191765 -0.000176310772 0.5 p-1 -14865 23
357 264 m2 192338 0.00330834719 0.5 p-1 -1371316 255
763 266 m2 194876 -0.00501232129 0.5 p-1 -552061 29
477 267 m2 194908 -0.00180997467 0.5 p-1 -370759 152
47 270 m2 196921 0.0110641848 0.5 p-1 -1155070 517
508 271 m2 197031 0.00587451691 0.5 p-1 -1240971 548
951 272 m2 198134 0.0288796239 0.5 p-1 -331715 9
358 273 m2 198518 1.43492125e-08 0.5 p-1 -794332 412
788 275 m2 201397 0.0195448827 0.5 p-1 -746300 105
49 277 m2 202500 0.00228183274 0.5 p-1 -487254 293
509 278 m2 203283 -4.12664886e-05 0.5 p-1 -1197726 294
360 280 m2 205955 0.00231655641 0.5 p-1 -193578 48
413 281 m2 206028 -0.00367533043 0.5 p-1 -1255662 193
535 283 m2 206453 -0.000635060016 0.5 p-1 -970545 105
683 284 m2 207597 -0.000987187959 0.5 p-1 -1062981 61
50 286 m2 209762 0.0158643071 0.5 p-1 -2144991 514
872 287 m2 210683 0.000231758328 0.5 p-1 -60805 16
724 288 m2 211209 0.000703703961 0.5 p-1 -106959 84
921 291 m2 212850 -0.000107098094 0.5 p-1 -323965 43
213 293 m2 216443 -0.0169621091 0.5 p-1 -1374903 1505
1044 294 m2 216751 7.67171587e-05 0.5 p-1 -24275 10
1101 296 m2 218549 -0.000539591128 0.5 p-1 -296049 1
214 297 m2 218883 -0.000260211644 0.5 p-1 -11768541 1318
624 298 m2 218904 0.0103097865 0.5 p-1 -463485 80
928 299 m2 218973 0.00572986482 0.5 p-1 -3174 34
641 300 m2 219072 0.0809041336 0.5 p-1 -607512 65
771 303 m2 222579 -2.01220087e-06 0.5 p-1 -271920 11
777 304 m2 223165 5.74871315e-08 0.5 p-1 -500042 23
299 305 m2 223982 -0.0007163306 0.5 p-1 -2025361 239
414 306 m2 224165 0.0286595747 0.5 p-1 -2307784 387
663 307 m2 224283 -7.95442393e-05 0.5 p-1 -23921 43
451 309 m2 228022 -7.21993365e-06 0.5 p-1 -106542 107
52 311 m2 229809 -6.53539246e-05 0.5 p-1 -690215 236
510 312 m2 231457 0.030877471 0.5 p-1 -191643 225
415 315 m2 231806 -4.7026524e-06 0.5 p-1 -58834 61
215 316 m2 231913 -0.00132219039 0.5 p-1 -173496 166
216 317 m2 233427 -0.000696679577 0.5 p-1 -283030 194
53 319 m2 235995 -0.00258653588 0.5 p-1 -7213740 1806
511 320 m2 236052 -0.0118407253 0.5 p-1 -723519 320
54 324 m2 240368 -5.25153337e-05 0.5 p-1 -607372 239
217 326 m2 242916 -0.0169941857 0.5 p-1 -388417 112
1029 327 m2 244324 -5.69354379e-05 0.5 p-1 -52561 21
805 328 m2 244349 -0.0470377654 0.5 p-1 -390962 4
642 331 m2 247129 -0.000273560465 0.5 p-1 -2959153 104
537 332 m2 248439 -4.97643341e-05 0.5 p-1 -709036 47
600 333 m2 249685 -0.000966007763 0.5 p-1 -152929 70
416 335 m2 254454 -0.000402446341 0.5 p-1 -180174 143
55 336 m2 254935 -0.0292793121 0.5 p-1 -173698 59
478 337 m2 255835 0.00863576401 0.5 p-1 -73772 162
479 338 m2 256381 -0.000675804622 0.5 p-1 -451770 209
1215 339 m2 256677 -0.00242845411 0.5 p-1 -665 1
867 340 m2 257061 -0.00119168742 0.5 p-1 -34418 1
219 341 m2 257966 1.19584297e-06 0.5 p-1 -766936 1125
1088 342 m2 258034 0.00288775726 0.5 p-1 -100245 7
220 344 m2 264294 -0.0814325809 0.5 p-1 -958667 631
417 348 m2 270485 -0.00135998253 0.5 p-1 -991935 535
860 349 m2 272800 -0.00510779815 0.5 p-1 -222333 16
58 350 m2 273420 -0.00356661738 0.5 p-1 -308635 386
59 351 m2 275698 -0.0590451062 0.5 p-1 -713376 33
60 353 m2 277106 -0.00125284179 0.5 p-1 -5014648 1048
650 354 m2 277532 -0.00515312888 0.5 p-1 -881333 31
61 355 m2 278553 -0.00316730118 0.5 p-1 -888333 122
847 357 m2 279086 -0.00585209625 0.5 p-1 -6227 16
361 358 m2 279366 0.0038958448 0.5 p-1 -987244 584
1118 359 m2 280222 -0.00215206784 0.5 p-1 -8550 3
1166 360 m2 280629 0.0187451188 0.5 p-1 -21416 3
778 361 m2 280914 0.00122458884 0.5 p-1 -299048 71
1102 362 m2 281308 0.024621373 0.5 p-1 -14906 6
62 365 m2 283382 -0.0260973834 0.5 p-1 -3367916 1805
362 366 m2 283456 -0.000892624026 0.5 p-1 -164872 32
992 368 m2 284547 0.0452065803 0.5 p-1 -724 2
221 369 m2 284989 0.0046892385 0.5 p-1 -6018939 1471
625 371 m2 285647 -0.000194722888 0.5 p-1 -63890 6
418 372 m2 286158 -8.04801948e-06 0.5 p-1 -8673 6
1005 373 m2 286413 -0.00144319213 0.5 p-1 -5842 19
64 375 m2 286805 6.93304319e-05 0.5 p-1 -4649971 1410
65 377 m2 287489 0.00189455529 0.5 p-1 -1580233 300
626 378 m2 288508 0.000904683373 0.5 p-1 -104864 50
618 379 m2 288634 -0.0264082141 0.5 p-1 -228229 105
1011 381 m2 289406 0.00451135449 0.5 p-1 -3321 1
924 382 m2 291080 0.000257668056 0.5 p-1 -141534 7
869 384 m2 291145 0.0141893448 0.5 p-1 -17478 10
66 386 m2 291739 -3.44219588e-05 0.5 p-1 -4014110 605
1056 387 m2 292067 0.00096882385 0.5 p-1 -6905 13
363 390 m2 292875 1.97438203e-05 0.5 p-1 -1564838 434
651 391 m2 293617 0.003444253 0.5 p-1 -627580 94
1030 392 m2 294521 -0.000429713633 0.5 p-1 -22481 21
838 395 m2 296207 -0.00122819364 0.5 p-1 -2154003 66
730 396 m2 297544 -0.0461971126 0.5 p-1 -230467 4
419 397 m2 297903 0.00983012095 0.5 p-1 -3439184 687
627 399 m2 299371 -0.0517858118 0.5 p-1 -389269 75
68 400 m2 300209 -0.00179014681 0.5 p-1 -1592168 270
553 402 m2 301019 -8.39341665e-05 0.5 p-1 -116135 35
1025 403 m2 301544 0.0405879728 0.5 p-1 -7671 15
754 404 m2 301787 -4.14815759e-06 0.5 p-1 -110815 38
364 405 m2 302395 -0.0126919439 0.5 p-1 -233224 135
365 406 m2 303323 -0.0375603549 0.5 p-1 -1869364 363
1136 407 m2 303890 2.94671509e-07 0.5 p-1 -35871 3
224 408 m2 304037 -2.25711392e-05 0.5 p-1 -34968 38
619 410 m2 306049 0.00152494968 0.5 p-1 -11754 7
883 411 m2 306623 -8.77820469e-07 0.5 p-1 -48268 45
684 412 m2 306897 7.80215196e-05 0.5 p-1 -503959 18
934 413 m2 307478 0.0219438486 0.5 p-1 -466124 42
613 414 m2 310868 -5.59364999e-08 0.5 p-1 -3756392 218
1182 415 m2 311677 -0.0469074398 0.5 p-1 -46384 3
301 417 m2 313006 -4.47940838e-05 0.5 p-1 -5839351 1342
1206 419 m2 314150 -0.00200082362 0.5 p-1 -18350 1
1167 420 m2 314722 0.000110063462 0.5 p-1 -33224 2
225 421 m2 316605 -0.000443509081 0.5 p-1 -232916 245
452 422 m2 316684 -0.00111464167 0.5 p-1 -2846472 507
513 423 m2 318070 -3.77924522e-07 0.5 p-1 -97734 113
676 424 m2 319412 0.0144982236 0.5 p-1 -45425 33
453 425 m2 319560 -0.0375574566 0.5 p-1 -1457182 352
996 426 m2 319611 -0.010245543 0.5 p-1 -3678 2
1207 428 m2 321202 0.000382910686 0.5 p-1 -39398 3
480 429 m2 321497 0.0196101889 0.5 p-1 -895304 196
69 430 m2 321761 -0.000280156237 0.5 p-1 -101551 48
71 431 m2 322996 0.0351907983 0.5 p-1 -2139870 838
302 432 m2 323205 0.00037052267 0.5 p-1 -6557062 1318
420 433 m2 323819 0.000465599238 0.5 p-1 -5009 6
421 435 m2 324289 -0.0177393965 0.5 p-1 -2308719 363
1014 436 m2 324521 -0.00861073937 0.5 p-1 -73563 45
303 438 m2 324677 -0.0218886584 0.5 p-1 -2355531 531
227 439 m2 325964 -0.00199347176 0.5 p-1 -994258 411
554 441 m2 327975 -0.0027200256 0.5 p-1 -464553 48
1076 442 m2 328458 -0.000279804866 0.5 p-1 -3174 1
72 443 m2 328538 0.0992717147 0.5 p-1 -1172729 1074
886 444 m2 330540 0.00139353587 0.5 p-1 -43039 29
229 446 m2 331769 0.0322453231 0.5 p-1 -1678088 572
230 448 m2 332608 -0.000724249345 0.5 p-1 -445148 284
731 449 m2 332724 3.06294351e-05 0.5 p-1 -82248 38
693 452 m2 335319 0.00319136865 0.5 p-1 -3697744 13
231 453 m2 336134 -8.48301934e-05 0.5 p-1 -4345121 121
931 454 m2 338218 -9.36053038e-05 0.5 p-1 -18472 5
1203 455 m2 339042 -9.96828135e-07 0.5 p-1 -86808 1
232 458 m2 340662 0.000532417092 0.5 p-1 -2518860 1281
366 459 m2 341799 -0.00564686861 0.5 p-1 -113736 165
74 460 m2 342424 9.26344228e-07 0.5 p-1 -3313116 1166
1191 461 m2 343067 -0.0589215942 0.5 p-1 -80226 2
1112 462 m2 343189 -0.0188857205 0.5 p-1 -96911 6
481 464 m2 345072 0.000301706459 0.5 p-1 -671520 190
573 465 m2 345216 -0.00190244103 0.5 p-1 -2501632 408
1080 468 m2 348802 -0.00691917166 0.5 p-1 -19709 1
454 469 m2 353548 -0.000511459599 0.5 p-1 -1818870 817
1204 472 m2 355948 -0.00227821618 0.5 p-1 -63347 1
77 473 m2 357211 -6.27110858e-05 0.5 p-1 -2203170 716
367 475 m2 358178 0.00232334947 0.5 p-1 -5532 70
989 476 m2 358397 0.0008504531 0.5 p-1 -67694 3
1158 477 m2 359500 0.000350441114 0.5 p-1 -175892 5
865 480 m2 364380 0.000183806798 0.5 p-1 -55217 33
806 481 m2 364692 -0.0187360197 0.5 p-1 -2143349 47
78 482 m2 365029 -0.0115335947 0.5 p-1 -6107498 1946
779 483 m2 368295 2.10396283e-05 0.5 p-1 -336868 35
803 484 m2 369494 -0.00160778908 0.5 p-1 -25253 26
79 485 m2 369666 -0.0035476652 0.5 p-1 -260548 180
922 486 m2 369834 -0.0202362761 0.5 p-1 -425278 37
80 487 m2 371164 0.000190028921 0.5 p-1 -9744146 1540
801 488 m2 371382 -0.015385286 0.5 p-1 -122531 63
812 490 m2 372904 -0.0453384779 0.5 p-1 -233346 48
81 492 m2 374438 1.64414614e-05 0.5 p-1 -2268375 1488
584 493 m2 375180 0.0116738891 0.5 p-1 -292826 21
455 494 m2 375908 0.0224346705 0.5 p-1 -38952 42
748 496 m2 378532 0.00231432379 0.5 p-1 -379565 28
836 497 m2 380240 1.34616648e-05 0.5 p-1 -53645 44
456 498 m2 380867 -0.00723008718 0.5 p-1 -5298518 712
839 501 m2 384882 -0.000337969948 0.5 p-1 -21606 50
482 503 m2 386492 0.0048571662 0.5 p-1 -1001370 385
82 504 m2 387639 -0.0176237114 0.5 p-1 -1429500 689
1156 506 m2 389065 0.0159844365 0.5 p-1 -19914 3
422 508 m2 389908 -8.1716953e-06 0.5 p-1 -2323766 348
846 509 m2 391227 0.000217115725 0.5 p-1 -38980 41
772 514 m2 393088 -0.0502590239 0.5 p-1 -108081 61
832 515 m2 393642 -0.0165687669 0.5 p-1 -86432 13
83 516 m2 395075 0.00351055921 0.5 p-1 -3597274 1813
84 517 m2 395724 -0.0024946467 0.5 p-1 -5188207 1416
780 518 m2 397438 -0.000741505413 0.5 p-1 -15123 8
1125 519 m2 397817 0.00139027042 0.5 p-1 -3644 3
555 520 m2 398586 -0.00495174248 0.5 p-1 -138562 96
773 521 m2 399040 -0.0192431659 0.5 p-1 -614332 87
424 522 m2 400940 0.108964063 0.5 p-1 -1545640 600
457 523 m2 402838 -2.34584877e-06 0.5 p-1 -991824 631
976 525 m2 403734 -0.0331572667 0.5 p-1 -109717 18
1015 526 m2 405920 0.000156477021 0.5 p-1 -39068 26
907 528 m2 406895 0.0047299345 0.5 p-1 -54218 40
86 529 m2 408349 -0.00357159274 0.5 p-1 -846132 398
1153 530 m2 408431 -0.0143826064 0.5 p-1 -5321 2
601 531 m2 409024 3.56603174e-08 0.5 p-1 -3200209 290
1190 532 m2 409158 -0.0610737056 0.5 p-1 -7957 1
742 535 m2 410628 0.0683552399 0.5 p-1 -88795 8
1081 536 m2 415181 0.0135118794 0.5 p-1 -59474 4
88 538 m2 416363 -0.00360790337 0.5 p-1 -1275483 501
884 539 m2 416731 -0.0827911869 0.5 p-1 -195305 68
585 540 m2 418957 -9.63794664e-05 0.5 p-1 -1526618 49
714 542 m2 420871 -0.00509200851 0.5 p-1 -81648 42
603 543 m2 420885 0.00523606921 0.5 p-1 -50409 18
715 545 m2 422085 -0.00514054112 0.5 p-1 -845707 142
483 546 m2 422186 -6.14933571e-09 0.5 p-1 -2990843 257
425 548 m2 424943 -0.000114403447 0.5 p-1 -2332006 442
653 549 m2 426245 0.00047763277 0.5 p-1 -1382479 310
89 551 m2 428859 1.07398423e-09 0.5 p-1 -1470607 1496
873 554 m2 431116 0.0124413222 0.5 p-1 -814503 79
304 555 m2 431360 0.00262056594 0.5 p-1 -125481 48
233 556 m2 432894 2.94042584e-05 0.5 p-1 -1544963 184
1180 557 m2 434828 0.00843337644 0.5 p-1 -5554 1
1225 558 m2 438010 0.0125026982 0.5 p-1 -40318 1
795 559 m2 440103 0.0180219915 0.5 p-1 -2845877 64
843 560 m2 440581 -0.000858857937 0.5 p-1 -91841 43
614 561 m2 440763 -0.00422326289 0.5 p-1 -155965 67
796 563 m2 444217 -2.02242404e-06 0.5 p-1 -18930 28
694 564 m2 445040 0.00321879238 0.5 p-1 -241599 38
484 566 m2 447103 0.00650264276 0.5 p-1 -714045 96
797 567 m2 447325 0.00959949289 0.5 p-1 -12615 1
899 568 m2 447742 0.000223938725 0.5 p-1 -258062 27
305 569 m2 448365 0.000737047405 0.5 p-1 -6261 5
781 570 m2 449059 -0.000883235305 0.5 p-1 -212915 51
306 571 m2 449136 -5.18944171e-06 0.5 p-1 -5203212 1250
877 573 m2 450420 0.0399770178 0.5 p-1 -257991 39
538 575 m2 452750 -0.0030886298 0.5 p-1 -63909 97
539 578 m2 454579 6.20306091e-05 0.5 p-1 -559111 244
587 579 m2 454996 -0.0743474364 0.5 p-1 -161118 128
234 580 m2 455095 0.000201082381 0.5 p-1 -1410485 1262
1173 581 m2 455326 4.93703681e-07 0.5 p-1 -177493 2
307 583 m2 456453 -0.00534591824 0.5 p-1 -242520 103
1104 584 m2 457157 -0.0417151041 0.5 p-1 -323489 10
235 585 m2 457235 2.77555569e-06 0.5 p-1 -1293982 985
677 586 m2 457990 0.00129856053 0.5 p-1 -97520 18
878 588 m2 458641 0.0056816726 0.5 p-1 -346112 29
644 589 m2 459451 -0.00610129256 0.5 p-1 -80139 60
668 590 m2 460170 0.00683247345 0.5 p-1 -176003 23
1050 592 m2 461364 0.00224395865 0.5 p-1 -11042 10
891 593 m2 461546 -0.025301978 0.5 p-1 -200715 15
856 594 m2 463417 0.0473065376 0.5 p-1 -95892 28
236 595 m2 464018 0.000412827474 0.5 p-1 -357921 43
93 597 m2 464679 0.000250232057 0.5 p-1 -188498 242
1148 598 m2 465025 0.00122400303 0.5 p-1 -65104 1
94 600 m2 465472 9.09358641e-05 0.5 p-1 -8127530 1388
1111 603 m2 467123 0.0087284008 0.5 p-1 -311132 11
814 604 m2 467999 0.0126710497 0.5 p-1 -325474 90
1046 605 m2 468845 -0.00457599107 0.5 p-1 -424487 3
95 607 m2 471428 0.0258881152 0.5 p-1 -6572758 1772
1176 608 m2 472692 4.57737187e-05 0.5 p-1 -741 3
998 609 m2 472864 0.000162357232 0.5 p-1 -24866 18
238 611 m2 474669 -0.00394110987 0.5 p-1 -3736754 1698
1090 612 m2 475506 -0.000537033193 0.5 p-1 -32843 12
486 613 m2 475888 -2.34669533e-05 0.5 p-1 -128490 103
487 614 m2 475962 -0.000122317375 0.5 p-1 -133915 103
309 615 m2 477915 -0.000806223135 0.5 p-1 -3103642 455
857 616 m2 478108 -0.0298468862 0.5 p-1 -377496 11
678 617 m2 479466 -0.00237339758 0.5 p-1 -176447 28
488 618 m2 479961 0.0094481213 0.5 p-1 -62178 50
952 619 m2 480125 0.0823927373 0.5 p-1 -4611031 47
841 620 m2 481089 2.97717702e-06 0.5 p-1 -1150327 35
620 623 m2 485034 -0.00467510149 0.5 p-1 -250645 25
489 625 m2 486318 0.000414770562 0.5 p-1 -1905105 665
100 626 m2 486366 0.00917593297 0.5 p-1 -13026381 1308
910 628 m2 486462 -0.00758627476 0.5 p-1 -187805 21
368 631 m2 489204 0.000309268944 0.5 p-1 -7721327 366
588 632 m2 489442 4.43680932e-08 0.5 p-1 -596921 229
915 634 m2 489984 0.00411919598 0.5 p-1 -88992 65
669 636 m2 493146 -8.05026048e-06 0.5 p-1 -284604 199
1107 637 m2 495060 0.0154757025 0.5 p-1 -93276 4
239 638 m2 495503 0.0015084449 0.5 p-1 -4124510 1020
900 641 m2 496557 0.00157755625 0.5 p-1 -75690 12
816 642 m2 496808 -1.48092058e-05 0.5 p-1 -73025 53
716 644 m2 498653 -0.000692087517 0.5 p-1 -1203680 148
104 645 m2 501818 -0.00670657773 0.5 p-1 -5461643 1934
105 647 m2 503162 0.00531777646 0.5 p-1 -3050489 1545
106 649 m2 506760 0.0018092352 0.5 p-1 -5553606 1598
911 650 m2 509403 -0.00188770867 0.5 p-1 -2071 1
311 651 m2 509613 -0.000255374849 0.5 p-1 -878575 195
1036 652 m2 510366 9.38390731e-05 0.5 p-1 -18123 24
490 653 m2 511313 -4.12831323e-05 0.5 p-1 -1048037 124
240 656 m2 512453 1.20388427e-06 0.5 p-1 -1529788 1806
774 657 m2 512497 6.37469711e-05 0.5 p-1 -9610 22
369 660 m2 513899 -9.68329186e-05 0.5 p-1 -3875605 974
370 661 m2 514209 -0.00210943166 0.5 p-1 -9357737 705
241 664 m2 515962 -3.16041223e-05 0.5 p-1 -224470 139
879 666 m2 517210 0.00184885005 0.5 p-1 -3252 13
107 668 m2 519262 -0.00698560989 0.5 p-1 -2704190 1793
108 669 m2 519879 -0.000244799274 0.5 p-1 -1239406 204
312 670 m2 520566 1.06030739e-05 0.5 p-1 -570870 229
696 671 m2 521006 -0.000187305792 0.5 p-1 -652481 235
590 673 m2 522483 -0.00155892514 0.5 p-1 -3494325 338
1095 674 m2 522932 -0.00222695572 0.5 p-1 -47899 1
1187 675 m2 524565 0.00413628854 0.5 p-1 -17421 4
242 678 m2 530519 -0.000149360305 0.5 p-1 -1990849 487
726 680 m2 531735 -8.52991798e-05 0.5 p-1 -159643 33
110 681 m2 532606 -5.43889e-05 0.5 p-1 -1449205 899
111 682 m2 533059 -3.07088339e-06 0.5 p-1 -17304202 1490
704 684 m2 534763 -0.000351063238 0.5 p-1 -380547 126
700 685 m2 535471 -1.03516886e-05 0.5 p-1 -26060 24
244 686 m2 536249 0.0318637304 0.5 p-1 -803194 1022
1135 687 m2 536308 -0.000223454088 0.5 p-1 -42007 9
458 688 m2 537427 0.00329734688 0.5 p-1 -2086398 499
245 690 m2 537853 0.00229214132 0.5 p-1 -359253 184
313 691 m2 538001 0.0410322361 0.5 p-1 -1040203 662
371 692 m2 538201 -6.11293581e-05 0.5 p-1 -2117668 840
1037 693 m2 540204 7.41247675e-07 0.5 p-1 -20488 8
1138 694 m2 540381 -0.0926539972 0.5 p-1 -114856 1
1072 695 m2 542547 -0.0584380925 0.5 p-1 -75387 3
953 696 m2 543179 0.0935388803 0.5 p-1 -25992 13
314 697 m2 544570 1.87845885e-07 0.5 p-1 -3457762 884
1034 699 m2 546503 0.000625728571 0.5 p-1 -877 4
426 700 m2 546587 -2.99070307e-05 0.5 p-1 -90740 200
817 701 m2 547583 0.002889239 0.5 p-1 -847 26
997 702 m2 547936 -0.101740688 0.5 p-1 -8199 7
574 703 m2 547995 6.60955902e-06 0.5 p-1 -991276 284
514 704 m2 550171 -0.00422319537 0.5 p-1 -205012 47
1231 706 m2 551688 0.000909701106 0.5 p-1 -133885 1
755 707 m2 551848 -3.19091896e-07 0.5 p-1 -781757 136
876 711 m2 557075 -6.90648562e-07 0.5 p-1 -2584 5
727 713 m2 558331 -0.128776401 0.5 p-1 -776231 11
246 714 m2 560834 0.0229720473 0.5 p-1 -573261 353
1202 715 m2 561957 0.0143380221 0.5 p-1 -839 1
654 716 m2 562307 -0.0105266245 0.5 p-1 -51435 24
850 717 m2 563937 0.000810917933 0.5 p-1 -156411 30
844 719 m2 565527 0.0153719559 0.5 p-1 -70381 26
374 721 m2 567659 0.0226484407 0.5 p-1 -191326 125
604 722 m2 568667 0.0357670002 0.5 p-1 -608961 229
249 724 m2 571787 6.42525702e-05 0.5 p-1 -9537898 1472
628 725 m2 571953 -2.00027116e-05 0.5 p-1 -18662 15
1105 726 m2 571972 0.00802613515 0.5 p-1 -9427 7
1188 729 m2 574524 -0.00380828558 0.5 p-1 -607400 1
1149 731 m2 575091 -0.00337304315 0.5 p-1 -143968 5
1181 732 m2 575609 -0.00346004125 0.5 p-1 -488411 5
559 733 m2 576000 -0.000888605253 0.5 p-1 -383613 154
732 734 m2 576241 -4.70285067e-06 0.5 p-1 -950611 126
540 735 m2 576274 0.00111406844 0.5 p-1 -252384 93
935 736 m2 576311 8.96646782e-07 0.5 p-1 -168154 35
1057 737 m2 576483 0.000780209142 0.5 p-1 -39723 3
459 738 m2 577991 -0.000825614901 0.5 p-1 -1695288 437
1042 739 m2 578082 4.34640533e-05 0.5 p-1 -214600 18
491 740 m2 578703 -0.00274254731 0.5 p-1 -112488 25
1094 741 m2 579241 -0.00151848118 0.5 p-1 -2939 2
664 743 m2 580752 -0.00373080745 0.5 p-1 -219168 37
116 744 m2 580925 -0.0207781233 0.5 p-1 -3982326 643
117 746 m2 581686 0.00016569093 0.5 p-1 -5927003 1819
492 747 m2 583995 0.00504828896 0.5 p-1 -2243930 397
515 748 m2 584545 -0.000733739755 0.5 p-1 -103863 120
1172 749 m2 585601 0.0028589284 0.5 p-1 -6714 9
986 750 m2 585903 0.00309911743 0.5 p-1 -47951 7
427 751 m2 586079 0.0112728719 0.5 p-1 -56812 154
1108 752 m2 587227 0.00921972562 0.5 p-1 -55986 12
591 753 m2 588159 -0.0153881218 0.5 p-1 -103819 31
118 754 m2 589083 0.0223097652 0.5 p-1 -1222143 330
316 756 m2 589576 0.000133959998 0.5 p-1 -506730 34
575 758 m2 590870 0.000746118953 0.5 p-1 -3437978 66
119 759 m2 591009 0.00024982242 0.5 p-1 -3097061 1723
902 760 m2 591232 -0.00754490122 0.5 p-1 -2680 4
979 761 m2 591708 -0.000475436711 0.5 p-1 -56586 23
655 762 m2 591735 -0.0221195184 0.5 p-1 -4999649 163
120 763 m2 591745 -0.0102359653 0.5 p-1 -3326319 1394
759 765 m2 592192 -0.0175214019 0.5 p-1 -33642 31
980 766 m2 592623 0.00955653191 0.5 p-1 -205055 37
560 769 m2 594862 -0.000662552775 0.5 p-1 -37595 63
541 770 m2 596049 -0.00357101555 0.5 p-1 -562486 48
122 771 m2 597169 0.00320547819 0.5 p-1 -1991717 1283
851 773 m2 599696 -0.00145009276 0.5 p-1 -89899 32
460 774 m2 600936 0.00537175452 0.5 p-1 -965085 337
123 775 m2 602143 0.000276935432 0.5 p-1 -3087083 1625
124 778 m2 603873 -0.0134885181 0.5 p-1 -3012162 1904
251 780 m2 604817 -0.0508853756 0.5 p-1 -7402029 1256
670 781 m2 605886 -0.000458279479 0.5 p-1 -197862 44
637 782 m2 606886 -0.0311895628 0.5 p-1 -475730 8
936 783 m2 608111 1.32579862e-06 0.5 p-1 -96776 19
909 784 m2 610764 0.00164667354 0.5 p-1 -86265 77
125 785 m2 610987 -0.000608222384 0.5 p-1 -6577342 1713
645 787 m2 613145 0.000735281385 0.5 p-1 -158817 97
126 788 m2 613173 0.00262549846 0.5 p-1 -4213962 1315
1139 789 m2 613413 0.000575511483 0.5 p-1 -812813 1
799 791 m2 614596 0.02351919 0.5 p-1 -40110 8
318 792 m2 615559 0.00128145388 0.5 p-1 -201848 133
964 793 m2 616195 -0.00595604721 0.5 p-1 -65384 5
543 794 m2 616606 0.0208793897 0.5 p-1 -101318 16
253 796 m2 620414 2.40605768e-05 0.5 p-1 -2283617 457
127 798 m2 622113 0.000169687148 0.5 p-1 -1660404 346
1066 799 m2 622395 0.0617719851 0.5 p-1 -2667 3
128 800 m2 624051 -0.000407586864 0.5 p-1 -2812470 257
671 801 m2 625332 0.00108080159 0.5 p-1 -1896369 62
893 802 m2 628058 -0.00436043087 0.5 p-1 -346736 121
375 803 m2 630817 0.0034956655 0.5 p-1 -333156 101
672 805 m2 631367 5.26060139e-05 0.5 p-1 -263727 41
971 807 m2 632774 3.54202393e-06 0.5 p-1 -122606 81
1058 808 m2 633731 0.00601348281 0.5 p-1 -5241 4
606 809 m2 634569 0.000475261186 0.5 p-1 -997164 32
129 810 m2 634573 0.0321894139 0.5 p-1 -90093 29
944 811 m2 635819 0.0347654 0.5 p-1 -75065 17
376 813 m2 638712 -0.00988137722 0.5 p-1 -253460 107
130 814 m2 638929 -0.000544203329 0.5 p-1 -4593400 1866
894 815 m2 639814 -0.00494185882 0.5 p-1 -5097 5
1230 816 m2 640513 -1.43200159e-05 0.5 p-1 -118193 1
717 817 m2 641087 -0.00129393593 0.5 p-1 -94977 28
1145 819 m2 642305 -8.82828826e-05 0.5 p-1 -36557 3
517 820 m2 642497 -0.00172441441 0.5 p-1 -962371 129
255 821 m2 643626 -0.00250297645 0.5 p-1 -1521209 554
256 822 m2 644413 -0.00860616378 0.5 p-1 -2127466 1154
518 823 m2 645194 0.00106155965 0.5 p-1 -55083 95
592 825 m2 647030 -0.0014214816 0.5 p-1 -289700 25
982 826 m2 647303 0.00143316831 0.5 p-1 -49934 14
718 828 m2 648119 0.000593579083 0.5 p-1 -1835779 252
461 831 m2 649715 -0.0262091849 0.5 p-1 -1145048 327
656 832 m2 649964 -6.68659704e-05 0.5 p-1 -1621350 63
825 833 m2 651091 -1.66725511e-06 0.5 p-1 -29144 20
131 835 m2 653573 -1.11702988e-07 0.5 p-1 -3877299 1665
818 836 m2 654154 -0.0045092213 0.5 p-1 -924879 49
132 838 m2 655718 -3.35166206e-08 0.5 p-1 -1153600 62
657 842 m2 656839 0.000277738087 0.5 p-1 -70543 24
429 844 m2 658261 -0.00393556012 0.5 p-1 -753833 494
133 845 m2 658812 -0.000157684495 0.5 p-1 -490856 613
519 846 m2 659048 0.0159526579 0.5 p-1 -4172969 622
430 848 m2 659459 -0.000116807663 0.5 p-1 -2329506 235
378 849 m2 659976 0.0266593713 0.5 p-1 -504265 499
1063 850 m2 660484 0.0110465186 0.5 p-1 -1701 7
1003 851 m2 660529 -0.000285549235 0.5 p-1 -724434 58
793 852 m2 661402 -0.0147918826 0.5 p-1 -166567 32
134 853 m2 661694 -0.0499100201 0.5 p-1 -2221750 1678
431 854 m2 662040 -9.7204982e-05 0.5 p-1 -426427 455
630 855 m2 662113 -0.162196457 0.5 p-1 -1954619 282
631 856 m2 662204 0.00723164016 0.5 p-1 -3030645 282
258 858 m2 665097 0.0976517722 0.5 p-1 -4232200 542
764 860 m2 666777 -0.0121470261 0.5 p-1 -146169 38
1220 861 m2 667090 -0.00150888716 0.5 p-1 -43520 2
379 862 m2 667964 0.0234092586 0.5 p-1 -246556 123
494 863 m2 669430 3.05578185e-09 0.5 p-1 -782227 37
1103 864 m2 669681 0.00200537988 0.5 p-1 -102166 10
940 866 m2 671822 9.81309713e-05 0.5 p-1 -43890 12
984 867 m2 672164 -0.00721173687 0.5 p-1 -2342 2
259 868 m2 672242 0.00544784637 0.5 p-1 -4185207 682
520 870 m2 674094 0.00195136655 0.5 p-1 -1290621 449
261 871 m2 675035 -0.0649211928 0.5 p-1 -245834 381
646 872 m2 675540 0.0317465216 0.5 p-1 -2553175 139
521 873 m2 676187 -2.20780521e-06 0.5 p-1 -522673 217
432 877 m2 680384 0.00323390728 0.5 p-1 -10548535 456
462 878 m2 680589 -0.00031127251 0.5 p-1 -2729716 114
577 879 m2 680982 -0.00834227633 0.5 p-1 -681076 188
1106 880 m2 682113 -0.0152935553 0.5 p-1 -1114 11
1004 881 m2 682893 -0.0229066219 0.5 p-1 -59794 37
941 882 m2 683059 -0.0329268947 0.5 p-1 -63399 29
544 884 m2 683377 0.000528733886 0.5 p-1 -2550429 240
1067 886 m2 684116 1.05659701e-05 0.5 p-1 -317995 7
697 887 m2 685482 -0.0115539031 0.5 p-1 -69540 8
1021 889 m2 687403 0.0101605197 0.5 p-1 -1724262 20
880 890 m2 687470 0.00269475766 0.5 p-1 -115120 70
819 891 m2 688201 0.00491159549 0.5 p-1 -42276 20
139 893 m2 689803 0.0185355153 0.5 p-1 -2460970 1035
319 894 m2 690809 0.00643346971 0.5 p-1 -305294 85
320 896 m2 691554 -0.0385963209 0.5 p-1 -4437042 1215
1010 897 m2 693383 -0.00629274314 0.5 p-1 -28644 7
545 898 m2 694810 0.00165023387 0.5 p-1 -79953 79
1039 899 m2 696188 -0.000702873745 0.5 p-1 -82030 25
875 901 m2 698424 -0.019599231 0.5 p-1 -177590 23
321 902 m2 698581 0.00500937831 0.5 p-1 -915618 732
464 903 m2 699185 -0.0317074843 0.5 p-1 -4516165 805
800 904 m2 699943 -0.011317621 0.5 p-1 -93898 91
885 905 m2 701905 -3.68445799e-05 0.5 p-1 -302778 28
380 906 m2 703810 -0.0241755303 0.5 p-1 -1449340 593
495 908 m2 707133 0.0231919829 0.5 p-1 -3226272 282
381 909 m2 707550 0.00052430277 0.5 p-1 -315074 212
140 910 m2 709970 -4.28171325e-06 0.5 p-1 -2819467 776
496 911 m2 710523 -5.42060661e-06 0.5 p-1 -1243145 505
382 914 m2 711066 0.00768746715 0.5 p-1 -118362 117
999 916 m2 711875 -0.0123382993 0.5 p-1 -5005178 39
1224 918 m2 712612 -0.00324563892 0.5 p-1 -21413 1
728 920 m2 714390 -0.00322442921 0.5 p-1 -203064 128
322 921 m2 714715 -0.00133719551 0.5 p-1 -1080845 533
1205 922 m2 715110 -0.0201259498 0.5 p-1 -22423 2
926 923 m2 715903 -4.6292148e-06 0.5 p-1 -51733 6
659 926 m2 716678 0.00900267251 0.5 p-1 -254391 176
323 930 m2 718246 0.000251956837 0.5 p-1 -996954 981
141 931 m2 719133 0.000621817482 0.5 p-1 -6311721 199
593 935 m2 724340 -0.000709174958 0.5 p-1 -24733 29
142 936 m2 725020 0.0204628203 0.5 p-1 -5723291 1120
546 937 m2 725203 3.91404283e-05 0.5 p-1 -987170 218
466 939 m2 728203 -0.00679054484 0.5 p-1 -480300 479
775 940 m2 731895 -0.00827334821 0.5 p-1 -136503 33
705 942 m2 732058 0.00112572545 0.5 p-1 -149540 25
433 943 m2 732108 0.0491390638 0.5 p-1 -264927 242
143 944 m2 732312 0.0089096548 0.5 p-1 -3510632 334
660 945 m2 732651 1.24769995e-05 0.5 p-1 -274485 192
144 946 m2 734582 5.76899424e-07 0.5 p-1 -3235979 1550
776 947 m2 734672 -0.0005077924 0.5 p-1 -229373 82
263 948 m2 735298 0.00474061398 0.5 p-1 -1709955 779
383 949 m2 736509 -5.92657102e-07 0.5 p-1 -11621476 923
145 950 m2 736719 -5.95661959e-06 0.5 p-1 -9554908 1338
1228 951 m2 736964 0.00094582286 0.5 p-1 -5356 2
146 952 m2 737491 8.69511439e-07 0.5 p-1 -342884 261
147 953 m2 737819 -8.97011705e-05 0.5 p-1 -8690350 1613
384 954 m2 738194 -0.000840922177 0.5 p-1 -23404 85
1147 955 m2 738439 -0.0104744146 0.5 p-1 -4592 2
264 956 m2 739485 0.0635418966 0.5 p-1 -3257223 807
468 957 m2 739523 5.09103302e-06 0.5 p-1 -1313058 282
946 961 m2 743777 -0.0117943455 0.5 p-1 -21603 27
1062 962 m2 744593 0.00110097229 0.5 p-1 -17572 3
743 963 m2 747404 0.00337550417 0.5 p-1 -130713 31
985 964 m2 747467 2.0460314e-07 0.5 p-1 -36267 18
325 965 m2 750715 0.0195013732 0.5 p-1 -126576 54
987 968 m2 754190 0.0143644745 0.5 p-1 -33749 14
148 969 m2 754346 -4.52828908e-06 0.5 p-1 -3302584 1966
1114 972 m2 755824 -0.0118412254 0.5 p-1 -5596 13
706 974 m2 756480 -0.00610067742 0.5 p-1 -120549 28
266 975 m2 758193 0.0154623101 0.5 p-1 -3806202 1025
594 976 m2 760080 0.0140121393 0.5 p-1 -1361277 226
149 977 m2 760881 0.0309521593 0.5 p-1 -1726508 1336
150 978 m2 761188 -0.000572265359 0.5 p-1 -2997967 1624
327 980 m2 762052 -0.00709525961 0.5 p-1 -2023732 1226
435 983 m2 763404 0.00558697991 0.5 p-1 -65685 118
151 984 m2 763875 0.0171284247 0.5 p-1 -1885390 1220
983 985 m2 764576 0.00115219306 0.5 p-1 -46132 8
744 986 m2 765934 -0.0253129359 0.5 p-1 -100180 110
978 987 m2 767121 -0.0103909392 0.5 p-1 -1775 9
1169 989 m2 767980 0.0172375161 0.5 p-1 -15908 1
947 990 m2 769623 -0.00196578959 0.5 p-1 -61703 32
523 992 m2 770434 -0.0224152822 0.5 p-1 -961936 273
761 993 m2 771519 -4.87099078e-06 0.5 p-1 -2404271 73
708 995 m2 774662 -3.37967176e-05 0.5 p-1 -431987 58
665 996 m2 776756 0.00597618287 0.5 p-1 -358911 303
595 997 m2 777112 -0.0167502183 0.5 p-1 -2323634 177
498 998 m2 778449 -0.00036156291 0.5 p-1 -9509018 979
153 999 m2 779319 -0.000138731601 0.5 p-1 -9605450 1586
988 1001 m2 779827 -0.000411996647 0.5 p-1 -19308 5
499 1004 m2 783874 -0.0250117984 0.5 p-1 -925652 109
1127 1005 m2 784948 0.000770957558 0.5 p-1 -942017 7
267 1008 m2 787863 -0.00213962886 0.5 p-1 -973787 467
328 1012 m2 792638 -7.47577578e-05 0.5 p-1 -1989863 922
500 1013 m2 794295 -0.0131567568 0.5 p-1 -1090453 303
685 1014 m2 795144 5.42221496e-05 0.5 p-1 -54992 6
154 1015 m2 795784 2.03644817e-07 0.5 p-1 -362096 233
858 1016 m2 797242 0.000466572033 0.5 p-1 -24637 67
469 1017 m2 798580 -6.17994301e-05 0.5 p-1 -712033 35
470 1018 m2 798870 0.0359503627 0.5 p-1 -90186 20
155 1019 m2 799645 0.00175193755 0.5 p-1 -10320709 1606
991 1020 m2 800010 -0.00740601216 0.5 p-1 -424352 14
903 1021 m2 800105 0.0453331918 0.5 p-1 -13969 12
1155 1022 m2 800161 -0.000822193339 0.5 p-1 -138659 17
1144 1025 m2 801798 -0.00495810201 0.5 p-1 -2878 5
1012 1028 m2 805694 -0.00465891883 0.5 p-1 -20394 56
501 1029 m2 807139 -0.00412816834 0.5 p-1 -281090 326
157 1030 m2 807591 -1.73254033e-09 0.5 p-1 -647966 108
687 1031 m2 809220 -0.0141110187 0.5 p-1 -1337318 118
1214 1032 m2 809964 -2.43856425e-06 0.5 p-1 -80583 1
386 1033 m2 810235 0.0178184398 0.5 p-1 -1569288 532
158 1034 m2 811181 -0.000103706312 0.5 p-1 -4186237 1894
1022 1035 m2 811241 0.00610716594 0.5 p-1 -20793 10
387 1036 m2 811251 0.0104874456 0.5 p-1 -316014 203
561 1038 m2 814591 -8.45050963e-05 0.5 p-1 -179614 184
750 1039 m2 817060 0.00670530787 0.5 p-1 -16985 16
268 1040 m2 818618 0.00416653138 0.5 p-1 -2423466 467
1031 1041 m2 818985 0.0411936603 0.5 p-1 -188666 7
1126 1042 m2 820302 0.00167254778 0.5 p-1 -24465 3
388 1043 m2 821635 -8.85072677e-06 0.5 p-1 -1977885 721
269 1045 m2 822873 0.0123448409 0.5 p-1 -282462 324
159 1046 m2 823471 -0.00827601459 0.5 p-1 -714520 272
330 1048 m2 826211 0.000520722417 0.5 p-1 -99729 55
562 1049 m2 827656 -0.00195930526 0.5 p-1 -56928 53
609 1050 m2 827666 -0.055250138 0.5 p-1 -116914 12
578 1051 m2 827987 -0.00825140718 0.5 p-1 -163023 88
161 1052 m2 829328 3.69541922e-05 0.5 p-1 -4945456 1590
331 1054 m2 833481 0.000527505937 0.5 p-1 -1617470 461
954 1055 m2 833570 0.00145733159 0.5 p-1 -62047 26
271 1057 m2 835397 -0.00427524047 0.5 p-1 -873797 212
1061 1058 m2 836005 0.000392618356 0.5 p-1 -36020 7
162 1059 m2 837480 0.0637241676 0.5 p-1 -212592 253
332 1060 m2 837774 -0.00263754488 0.5 p-1 -8099942 1764
163 1063 m2 841591 2.5526424e-06 0.5 p-1 -1678873 380
673 1064 m2 841688 -3.26921108e-05 0.5 p-1 -121985 82
756 1066 m2 844027 -9.87622855e-08 0.5 p-1 -51911 24
719 1067 m2 844314 -1.27030844e-05 0.5 p-1 -637902 48
165 1069 m2 845561 -0.102100745 0.5 p-1 -2686257 1178
1007 1072 m2 847603 -0.0189470351 0.5 p-1 -436796 11
701 1073 m2 848855 -0.0058978009 0.5 p-1 -96015 7
272 1074 m2 849544 -0.00451793615 0.5 p-1 -114316 166
735 1076 m2 852772 -0.121465757 0.5 p-1 -65505 129
688 1077 m2 853235 3.8376573e-08 0.5 p-1 -445205 129
437 1082 m2 856115 4.68232003e-07 0.5 p-1 -1621873 682
391 1083 m2 856127 -0.00747034932 0.5 p-1 -126207 157
638 1084 m2 856411 -0.000464132288 0.5 p-1 -371072 24
392 1087 m2 857494 -0.00115971582 0.5 p-1 -1251649 554
438 1088 m2 857589 0.000495967339 0.5 p-1 -137588 90
169 1089 m2 857847 -0.0154434284 0.5 p-1 -551099 619
170 1090 m2 858554 0.000373192219 0.5 p-1 -1417270 532
745 1091 m2 858885 0.0136537142 0.5 p-1 -13517 11
393 1092 m2 859051 0.000152808876 0.5 p-1 -343947 135
689 1093 m2 860867 0.00260030222 0.5 p-1 -222349 129
579 1094 m2 862118 -0.0109983562 0.5 p-1 -111166 26
833 1096 m2 864018 0.0274680797 0.5 p-1 -19132 14
821 1097 m2 864772 -0.00483511481 0.5 p-1 -8279 13
1201 1098 m2 864947 1.11302743e-05 0.5 p-1 -670 1
471 1099 m2 865032 -0.0070090862 0.5 p-1 -109373 37
746 1100 m2 865187 -0.0125019047 0.5 p-1 -259611 85
1001 1103 m2 865697 -0.0439956151 0.5 p-1 -110587 24
736 1104 m2 866864 0.0134511935 0.5 p-1 -292978 20
785 1105 m2 867043 -0.000936365628 0.5 p-1 -601636 13
172 1106 m2 867502 -0.0187877044 0.5 p-1 -8797706 1091
808 1108 m2 868608 0.000711206638 0.5 p-1 -1092337 48
548 1111 m2 870703 -2.9320001e-05 0.5 p-1 -416991 165
667 1114 m2 871731 -0.000556324318 0.5 p-1 -1807959 138
526 1115 m2 872420 -0.000129049848 0.5 p-1 -1034591 219
647 1116 m2 875036 -4.75255802e-05 0.5 p-1 -704 6
174 1119 m2 877983 0.00289431075 0.5 p-1 -4594054 1201
674 1121 m2 880732 -0.00620378042 0.5 p-1 -479090 24
1132 1122 m2 881181 -0.0238717478 0.5 p-1 -180611 5
176 1123 m2 882101 -0.0414994135 0.5 p-1 -4604253 1561
333 1124 m2 883794 0.00213251379 0.5 p-1 -601903 199
563 1129 m2 884847 -4.02058106e-07 0.5 p-1 -532691 45
177 1131 m2 885672 0.00131410151 0.5 p-1 -5805177 1555
178 1132 m2 885676 -0.00384839927 0.5 p-1 -496100 21
1078 1133 m2 886393 0.0102555696 0.5 p-1 -14205 6
549 1134 m2 888364 0.00778874615 0.5 p-1 -292373 318
1096 1135 m2 888704 0.00158020551 0.5 p-1 -124379 4
440 1136 m2 889565 -0.00526838098 0.5 p-1 -3127027 543
441 1137 m2 889593 -0.000535117404 0.5 p-1 -5403880 556
1028 1140 m2 893188 0.013964911 0.5 p-1 -10780 10
472 1142 m2 894079 0.000281583256 0.5 p-1 -242945 196
275 1147 m2 895573 -0.0511359759 0.5 p-1 -5223113 540
276 1149 m2 896952 -0.0148534058 0.5 p-1 -11369762 836
831 1150 m2 897743 0.118245885 0.5 p-1 -30935 15
179 1152 m2 898144 -0.00234867167 0.5 p-1 -1107415 1470
502 1153 m2 899308 -0.0213941298 0.5 p-1 -3946738 327
948 1154 m2 899656 0.0190353505 0.5 p-1 -647136 39
180 1156 m2 900412 -0.000113118469 0.5 p-1 -5001949 1685
770 1160 m2 903878 0.00203586277 0.5 p-1 -1162686 93
1089 1162 m2 904343 0.0287842862 0.5 p-1 -27508 11
834 1163 m2 904660 0.000200551498 0.5 p-1 -1279125 70
396 1164 m2 904793 -9.044326e-05 0.5 p-1 -407397 147
442 1165 m2 905516 -0.0272303838 0.5 p-1 -985174 650
397 1167 m2 906873 0.00429267669 0.5 p-1 -2271890 244
1128 1169 m2 907571 0.0717122182 0.5 p-1 -1538 6
709 1170 m2 907759 0.008054398 0.5 p-1 -2497600 23
334 1171 m2 912265 -0.00236042589 0.5 p-1 -3355476 1193
698 1172 m2 915182 -0.0004506681 0.5 p-1 -2656371 219
1023 1173 m2 916662 0.00278193364 0.5 p-1 -324 15
887 1174 m2 920465 1.30058459e-06 0.5 p-1 -56523 13
277 1175 m2 920678 0.0040527815 0.5 p-1 -10204892 1735
1032 1176 m2 921375 4.42895634e-06 0.5 p-1 -18924 3
278 1177 m2 922324 0.00109576131 0.5 p-1 -4774 18
1192 1179 m2 922666 -0.00473539578 0.5 p-1 -54509 2
503 1180 m2 923665 0.0032039776 0.5 p-1 -61180 106
527 1182 m2 927091 1.22682532e-05 0.5 p-1 -17145 14
279 1184 m2 927540 -0.00263521471 0.5 p-1 -822699 235
1043 1185 m2 927564 4.00023282e-07 0.5 p-1 -25733 6
918 1186 m2 928608 0.000539314293 0.5 p-1 -52886 1
837 1187 m2 928652 0.00473414781 0.5 p-1 -1171574 32
443 1188 m2 930397 -7.64729435e-08 0.5 p-1 -1516662 617
564 1189 m2 930723 -5.68029172e-05 0.5 p-1 -411463 45
184 1191 m2 932420 -0.000311409734 0.5 p-1 -1057286 1788
1052 1193 m2 936000 -0.00800475478 0.5 p-1 -24144 13
1016 1194 m2 936511 0.004584854 0.5 p-1 -158419 6
185 1195 m2 936892 0.00187444512 0.5 p-1 -5265690 1833
186 1196 m2 937456 -0.0094748484 0.5 p-1 -3050348 327
187 1199 m2 939430 -0.00441604014 0.5 p-1 -7799391 1900
444 1200 m2 939463 -1.43160623e-05 0.5 p-1 -484737 206
1017 1201 m2 940210 0.00741894031 0.5 p-1 -47537 6
335 1203 m2 940950 -1.23869777e-05 0.5 p-1 -1630582 311
1184 1204 m2 941023 0.0222764816 0.5 p-1 -734626 1
1221 1206 m2 944002 -4.78294896e-06 0.5 p-1 -16105 1
1121 1207 m2 944930 0.0881534144 0.5 p-1 -124480 4
190 1208 m2 945217 0.0133115873 0.5 p-1 -4404312 1250
1008 1209 m2 945973 -5.03936717e-05 0.5 p-1 -10824 15
565 1211 m2 948049 -0.000563140842 0.5 p-1 -1696235 78
1122 1212 m2 948689 -2.64505502e-06 0.5 p-1 -24784 4
504 1213 m2 948930 -0.00439547421 0.5 p-1 -712397 117
617 1214 m2 949401 -0.000206463214 0.5 p-1 -105061 159
1165 1215 m2 949911 -0.00523309689 0.5 p-1 -65243 3
757 1217 m2 954120 -3.62243845e-05 0.5 p-1 -8628 9
710 1218 m2 956112 0.00127015961 0.5 p-1 -2947480 165
649 1221 m2 957532 0.0140102385 0.5 p-1 -268485 87
191 1222 m2 957928 0.0223152284 0.5 p-1 -1738398 376
888 1223 m2 959238 -3.45352564e-05 0.5 p-1 -14853 6
955 1225 m2 959952 -0.0046764696 0.5 p-1 -108939 15
1035 1226 m2 960385 -0.00726023316 0.5 p-1 -30886 7
751 1227 m2 960583 -3.70896558e-08 0.5 p-1 -107812 26
192 1228 m2 961193 -0.00253416644 0.5 p-1 -6789515 1219
550 1229 m2 961421 0.00981976744 0.5 p-1 -221741 131
402 1232 m2 965888 -3.73808319e-07 0.5 p-1 -881871 445
193 1233 m2 967203 -0.000600843923 0.5 p-1 -5465702 1568
336 1234 m2 968211 0.0279167797 0.5 p-1 -1554788 143
896 1235 m2 969068 0.000994597794 0.5 p-1 -375655 10
598 1237 m2 970059 -0.00367971719 0.5 p-1 -1016273 339
995 1238 m2 970236 -0.00023039087 0.5 p-1 -21 3
195 1239 m2 970273 -0.0201375615 0.5 p-1 -5992232 1968
281 1240 m2 972344 0.00483078742 0.5 p-1 -1828846 1137
621 1242 m2 974081 -0.000611674681 0.5 p-1 -510068 116
337 1243 m2 974646 0.000974895374 0.5 p-1 -166045 211
1219 1245 m2 975238 -3.1949449e-07 0.5 p-1 -108423 2
599 1246 m2 976773 -0.000622255146 0.5 p-1 -2608210 466
752 1247 m2 978267 -0.00703371922 0.5 p-1 -704751 116
739 1249 m2 981014 -1.46553175e-05 0.5 p-1 -181337 51
916 1250 m2 981195 -0.00139460212 0.5 p-1 -505670 57
845 1253 m2 985305 0.0165013559 0.5 p-1 -82246 19
338 1254 m2 987550 0.000248800527 0.5 p-1 -687498 902
871 1255 m2 987558 0.00468428619 0.5 p-1 -158836 17
828 1256 m2 987800 0.00514159864 0.5 p-1 -4986053 186
927 1257 m2 988391 0.000356874109 0.5 p-1 -133699 26
932 1258 m2 988927 -0.000226367556 0.5 p-1 -20322 2
721 1259 m2 989289 -4.18396802e-08 0.5 p-1 -330936 93
197 1260 m2 989916 -0.0128645794 0.5 p-1 -2363935 1298
445 1261 m2 990368 -3.17126342e-06 0.5 p-1 -268324 64
446 1262 m2 991363 -0.000467292615 0.5 p-1 -1348264 432
283 1263 m2 992642 0.0049263672 0.5 p-1 -1291234 1674
1082 1265 m2 995074 0.00010958581 0.5 p-1 -5052 2
1087 1266 m2 995848 -0.033797361 0.5 p-1 -227338 8
1233 1269 m2 104018 -4.30977962e-05 0.5 p0 2 1
1159 1282 m2 77875 0.00036043697 0.5 p0 2 1
1199 1288 m2 127070 -0.000227363693 0.5 p0 2 2
1134 1293 m2 444578 -1.02617969e-05 0.5 p0 2 4
1137 1298 m2 616189 0.00536793564 0.5 p0 2 1
852 1302 m2 65078 -1.76984347e-08 0.5 p0 2 8
1131 1305 m2 977312 5.83770365e-10 0.5 p0 2 3
1045 1306 m2 748693 -0.00424609007 0.5 p0 2 8
942 1307 m2 296738 2.76388055e-05 0.5 p0 2 2
1210 1311 m2 908659 0.0325710364 0.5 p0 2 2
1161 1314 m2 432831 0.00148520933 0.5 p0 2 2
1162 1315 m2 489138 -0.0034420602 0.5 p0 2 2
1170 1318 m2 743741 -0.0073776613 0.5 p0 2 4
1157 1328 m2 724988 -0.00735651189 0.5 p0 2 1
1198 1333 m2 752812 -0.0014757528 0.5 p0 2 2
1099 1336 m2 114240 -4.7674901e-05 0.5 p0 2 2
1193 1337 m2 671140 0.0412014164 0.5 p0 2 2
703 1341 m2 325544 -2.00302638e-05 0.5 p0 2 5
945 1343 m2 117651 -0.0283749346 0.5 p0 2 11
1129 1346 m2 656913 -0.00641987007 0.5 p0 2 6
1113 1351 m2 991019 0.0017400654 0.5 p0 2 1
1183 1359 m2 362973 0.00210977369 0.5 p0 2 1
1178 1368 m2 401203 0.00138924841 0.5 p0 2 2
868 1369 m2 216299 0.019998841 0.5 p0 2 8
822 1384 m2 105325 -0.00948145799 0.5 p0 2 1
1211 1393 m2 120968 -0.00233253418 0.5 p0 2 1
1073 1397 m2 88711 0.03483399 0.5 p0 2 2
1174 1416 m2 86630 6.07128968e-05 0.5 p0 2 2
1194 1417 m2 595399 0.0100262957 0.5 p0 2 2
920 1418 m2 170800 0.000150577136 0.5 p0 2 3
1223 1421 m2 701693 0.0112114046 0.5 p0 2 1
1140 1423 m2 716030 0.000174914894 0.5 p0 2 1
1216 1428 m2 538999 0.0161936264 0.5 p0 2 1
1213 1429 m2 49293 -0.00549850287 0.5 p0 2 2
1091 1432 m2 879152 -9.51725667e-08 0.5 p0 2 1
943 1458 m2 427879 -0.00294731371 0.5 p0 2 8
1047 1460 m2 650737 4.04235379e-06 0.5 p0 2 1
1186 1472 m2 188376 -1.80925064e-09 0.5 p0 2 1
933 1481 m2 142082 -0.00529672112 0.5 p0 2 1
972 1497 m2 676565 0.000287059607 0.5 p0 2 1
1232 1512 m2 168732 0.0215321723 0.5 p0 2 1
1222 1522 m2 164585 -0.024927238 0.5 p0 2 1
1092 1525 m2 533680 0.00310152909 0.5 p0 2 6
1123 1529 m2 674884 -0.0215579942 0.5 p0 2 2
1133 1541 m2 598242 -0.000204513941 0.5 p0 2 2
967 1548 m2 246147 0.00050842372 0.5 p0 2 2
1163 1549 m2 752430 -0.000404730701 0.5 p0 2 2
1049 1552 m2 560871 -3.946176e-05 0.5 p0 2 3
1048 1553 m2 412233 -0.00112532545 0.5 p0 2 3
939 1563 m2 620188 0.00140305771 0.5 p0 2 6
1053 1568 m2 853772 6.67342465e-05 0.5 p0 2 22
1085 1575 m2 860857 -1.49500011e-06 0.5 p0 2 4
1075 1576 m2 99487 -0.000593775767 0.5 p0 2 1
1141 1577 m2 463093 0.00354858767 0.5 p0 2 1
1217 1580 m2 917909 -0.0126561224 0.5 p0 2 1
866 1589 m2 98531 0.000476791407 0.5 p0 2 3
762 1602 m2 853990 -0.00624224357 0.5 p0 2 11
0 1605 m1 1484 -0 0.5 p-1 -2890508 1545
473 1607 m1 6636 0 0.5 p-1 -690867 639
1033 1608 m1 10178 0 0.5 p-1 -5524 11
2 1609 m1 14894 0 0.5 p-1 -53247 96
661 1610 m1 18323 -0 0.5 p-1 -420690 24
3 1614 m1 22463 0 0.5 p-1 -3008030 762
5 1615 m1 25005 0 0.5 p-1 -6109246 1440
6 1616 m1 25175 -0 0.5 p-1 -9488449 1609
981 1617 m1 26365 -0 0.5 p-1 -52872 43
284 1618 m1 26833 0 0.5 p-1 -6963637 1162
200 1620 m1 27460 -0 0.5 p-1 -1974517 1243
610 1623 m1 32543 -0 0.5 p-1 -248362 131
12 1624 m1 35607 -0 0.5 p-1 -2811382 1393
343 1627 m1 40622 -0 0.5 p-1 -276964 49
1000 1629 m1 47980 -0 0.5 p-1 -408 10
287 1630 m1 48136 0 0.5 p-1 -935120 305
1098 1631 m1 50538 -0 0.5 p-1 -9151 9
476 1634 m1 58768 -0 0.5 p-1 -191367 102
14 1635 m1 63168 0 0.5 p-1 -9446103 1583
203 1636 m1 65220 0 0.5 p-1 -3662219 1538
404 1637 m1 73482 0 0.5 p-1 -289934 33
21 1639 m1 74526 0 0.5 p-1 -7931085 1759
977 1642 m1 82456 -0 0.5 p-1 -920292 27
802 1643 m1 85863 0 0.5 p-1 -353130 66
28 1645 m1 93064 -0 0.5 p-1 -1885448 254
956 1646 m1 95535 0 0.5 p-1 -149722 19
581 1649 m1 99232 -0 0.5 p-1 -94249 66
570 1650 m1 101332 0 0.5 p-1 -2321579 179
1110 1653 m1 107901 0 0.5 p-1 -1818 6
1196 1655 m1 108034 0 0.5 p-1 -16496 1
634 1656 m1 117326 0 0.5 p-1 -485639 31
36 1657 m1 121929 0 0.5 p-1 -916652 452
758 1658 m1 122321 -0 0.5 p-1 -1631878 82
959 1659 m1 122725 0 0.5 p-1 -59669 6
37 1660 m1 123750 -0 0.5 p-1 -986178 1181
882 1661 m1 129677 -0 0.5 p-1 -24438 25
1060 1667 m1 142416 0 0.5 p-1 -498 6
410 1668 m1 144800 0 0.5 p-1 -1115122 567
296 1669 m1 145130 -0 0.5 p-1 -451798 508
355 1673 m1 161338 -0 0.5 p-1 -576144 214
623 1674 m1 167717 -0 0.5 p-1 -9552 22
41 1675 m1 170407 0 0.5 p-1 -10585417 272
412 1676 m1 170500 -0 0.5 p-1 -102274 136
449 1679 m1 176031 0 0.5 p-1 -1015985 107
45 1684 m1 183547 0 0.5 p-1 -629821 183
583 1685 m1 187004 0 0.5 p-1 -461821 197
359 1687 m1 199838 -0 0.5 p-1 -8609487 557
48 1688 m1 200775 0 0.5 p-1 -339937 588
533 1689 m1 201079 0 0.5 p-1 -452045 64
912 1692 m1 203028 -0 0.5 p-1 -2661 13
534 1694 m1 205479 -0 0.5 p-1 -409117 148
572 1696 m1 209568 -0 0.5 p-1 -457138 26
298 1697 m1 212566 -0 0.5 p-1 -127088 39
889 1699 m1 213340 -0 0.5 p-1 -5320 34
536 1701 m1 214609 0 0.5 p-1 -4315858 81
963 1702 m1 215122 0 0.5 p-1 -301510 31
51 1703 m1 215826 0 0.5 p-1 -380292 344
1055 1704 m1 219210 0 0.5 p-1 -69889 18
611 1705 m1 221460 -0 0.5 p-1 -110605 41
925 1706 m1 224328 0 0.5 p-1 -50156 20
810 1709 m1 236600 0 0.5 p-1 -29933 16
859 1710 m1 238966 -0 0.5 p-1 -155465 14
969 1712 m1 239499 -0 0.5 p-1 -52399 23
218 1716 m1 248989 -0 0.5 p-1 -246685 146
1119 1718 m1 252684 -0 0.5 p-1 -92838 4
938 1720 m1 255539 -0 0.5 p-1 -5297 1
1229 1721 m1 256333 -0 0.5 p-1 -18007 1
56 1723 m1 257794 0 0.5 p-1 -191354 120
57 1724 m1 265115 0 0.5 p-1 -1447220 732
970 1726 m1 269656 0 0.5 p-1 -64834 31
1109 1727 m1 271735 0 0.5 p-1 -12604 2
512 1729 m1 274163 0 0.5 p-1 -470310 371
789 1730 m1 275036 0 0.5 p-1 -323858 104
300 1733 m1 284512 -0 0.5 p-1 -4686606 1203
222 1734 m1 285514 0 0.5 p-1 -1757531 1657
63 1735 m1 286738 -0 0.5 p-1 -2731019 1061
67 1736 m1 292478 0 0.5 p-1 -3742571 677
223 1738 m1 296555 -0 0.5 p-1 -6779410 1666
1164 1740 m1 298130 0 0.5 p-1 -1388 4
1146 1741 m1 298999 0 0.5 p-1 -10484 5
914 1743 m1 300303 0 0.5 p-1 -74124 34
612 1744 m1 301615 -0 0.5 p-1 -210969 117
897 1746 m1 307862 -0 0.5 p-1 -102021 26
70 1749 m1 322114 -0 0.5 p-1 -2001702 1044
906 1750 m1 324604 0 0.5 p-1 -186589 31
226 1751 m1 325473 -0 0.5 p-1 -1090415 879
228 1752 m1 327623 -0 0.5 p-1 -12294115 1705
1171 1754 m1 329597 0 0.5 p-1 -7267 2
1120 1755 m1 329675 -0 0.5 p-1 -10788 8
829 1756 m1 329769 -0 0.5 p-1 -1400100 6
73 1758 m1 337131 0 0.5 p-1 -4275323 1699
75 1759 m1 345396 0 0.5 p-1 -1327027 314
652 1760 m1 347973 -0 0.5 p-1 -263858 125
811 1761 m1 348220 0 0.5 p-1 -1606 2
1208 1762 m1 349900 0 0.5 p-1 -3033 3
76 1764 m1 354784 -0 0.5 p-1 -2769873 947
636 1766 m1 362133 -0 0.5 p-1 -5042123 249
855 1767 m1 362562 0 0.5 p-1 -98052 33
919 1769 m1 368911 0 0.5 p-1 -17308 22
890 1773 m1 373199 -0 0.5 p-1 -177 12
898 1775 m1 378806 -0 0.5 p-1 -88450 17
813 1778 m1 385410 0 0.5 p-1 -354858 15
993 1779 m1 388477 0 0.5 p-1 -162668 2
423 1780 m1 392073 -0 0.5 p-1 -275216 301
85 1782 m1 405431 -0 0.5 p-1 -11436479 1187
712 1783 m1 407059 0 0.5 p-1 -2639 1
87 1785 m1 408472 0 0.5 p-1 -5973361 446
923 1786 m1 412075 0 0.5 p-1 -130285 20
602 1787 m1 412826 0 0.5 p-1 -168446 192
1019 1788 m1 414401 -0 0.5 p-1 -1274 13
713 1789 m1 420468 0 0.5 p-1 -74391 42
725 1790 m1 420789 0 0.5 p-1 -104646 107
586 1793 m1 428124 -0 0.5 p-1 -1395514 238
90 1794 m1 431371 -0 0.5 p-1 -10069500 737
1026 1795 m1 435324 0 0.5 p-1 -11537 28
643 1797 m1 436998 -0 0.5 p-1 -953073 384
91 1798 m1 447510 0 0.5 p-1 -7833026 1682
615 1801 m1 450831 0 0.5 p-1 -11309 38
798 1802 m1 458089 0 0.5 p-1 -345913 65
92 1803 m1 458226 0 0.5 p-1 -3001098 1310
485 1804 m1 462452 -0 0.5 p-1 -2697203 282
308 1807 m1 467953 0 0.5 p-1 -3221207 125
1152 1808 m1 469217 0 0.5 p-1 -9407 6
1020 1809 m1 469962 -0 0.5 p-1 -40306 8
237 1811 m1 474607 -0 0.5 p-1 -18317 29
96 1812 m1 476795 -0 0.5 p-1 -1635505 1707
97 1813 m1 478989 -0 0.5 p-1 -2959721 1679
98 1814 m1 480311 -0 0.5 p-1 -4812508 1232
815 1815 m1 480725 -0 0.5 p-1 -4967645 71
695 1817 m1 482535 -0 0.5 p-1 -504293 33
99 1818 m1 484988 -0 0.5 p-1 -3045207 1341
1226 1819 m1 485158 -0 0.5 p-1 -46961 1
556 1821 m1 490141 0 0.5 p-1 -1542951 540
101 1822 m1 491453 0 0.5 p-1 -402433 395
679 1823 m1 492435 0 0.5 p-1 -4893724 201
1189 1824 m1 493788 -0 0.5 p-1 -440295 2
102 1825 m1 497449 -0 0.5 p-1 -6201758 1817
103 1828 m1 501531 0 0.5 p-1 -4932942 1938
310 1829 m1 504193 -0 0.5 p-1 -588650 78
901 1830 m1 507667 0 0.5 p-1 -3700543 30
1038 1831 m1 511091 -0 0.5 p-1 -21884 7
782 1832 m1 514416 -0 0.5 p-1 -141143 129
589 1835 m1 518074 -0 0.5 p-1 -1635362 351
109 1837 m1 521917 -0 0.5 p-1 -4642171 970
711 1840 m1 526897 0 0.5 p-1 -541 8
557 1841 m1 532100 0 0.5 p-1 -2541188 432
243 1842 m1 532336 0 0.5 p-1 -470566 171
840 1843 m1 533631 -0 0.5 p-1 -8065393 52
112 1845 m1 540530 -0 0.5 p-1 -1077764 510
372 1846 m1 540619 -0 0.5 p-1 -990478 359
113 1848 m1 541388 0 0.5 p-1 -1797644 415
315 1851 m1 548672 0 0.5 p-1 -14626 19
1177 1853 m1 553646 -0 0.5 p-1 -56387 2
558 1854 m1 553808 -0 0.5 p-1 -1722315 338
114 1856 m1 559817 0 0.5 p-1 -2221483 1127
373 1857 m1 562040 0 0.5 p-1 -7352846 1137
247 1858 m1 562889 -0 0.5 p-1 -329660 165
248 1859 m1 570505 0 0.5 p-1 -484951 423
250 1862 m1 575689 -0 0.5 p-1 -3774186 1318
115 1863 m1 578558 0 0.5 p-1 -1789897 1757
605 1864 m1 580172 0 0.5 p-1 -2837687 192
1154 1866 m1 586658 0 0.5 p-1 -62339 14
908 1867 m1 587655 -0 0.5 p-1 -3071557 114
792 1868 m1 588474 0 0.5 p-1 -1174656 115
121 1870 m1 591935 -0 0.5 p-1 -12884303 1960
576 1872 m1 596914 0 0.5 p-1 -342363 64
542 1873 m1 597451 -0 0.5 p-1 -219277 47
317 1875 m1 604906 -0 0.5 p-1 -2298351 642
1040 1876 m1 607956 -0 0.5 p-1 -30192 11
252 1878 m1 608571 -0 0.5 p-1 -542827 240
973 1879 m1 611759 0 0.5 p-1 -863 8
861 1880 m1 614032 0 0.5 p-1 -12361 28
493 1881 m1 616441 -0 0.5 p-1 -550766 62
516 1882 m1 619352 0 0.5 p-1 -1769676 162
1009 1884 m1 619963 0 0.5 p-1 -11648 2
1097 1888 m1 622712 -0 0.5 p-1 -233281 5
254 1890 m1 631560 -0 0.5 p-1 -1142257 164
783 1892 m1 631903 0 0.5 p-1 -80827 129
904 1893 m1 639923 0 0.5 p-1 -98707 12
377 1894 m1 646778 -0 0.5 p-1 -873259 335
862 1896 m1 649495 0 0.5 p-1 -224827 44
428 1897 m1 652026 -0 0.5 p-1 -256635 136
629 1898 m1 652934 -0 0.5 p-1 -132344 103
749 1900 m1 660163 -0 0.5 p-1 -31709 30
607 1902 m1 661790 -0 0.5 p-1 -277341 7
257 1904 m1 665085 -0 0.5 p-1 -1598231 542
135 1905 m1 673176 0 0.5 p-1 -8016669 1219
260 1907 m1 674681 -0 0.5 p-1 -2581927 500
1059 1909 m1 677587 -0 0.5 p-1 -4929 4
136 1910 m1 677712 0 0.5 p-1 -611812 656
137 1911 m1 677757 0 0.5 p-1 -4170143 1404
262 1912 m1 679588 -0 0.5 p-1 -932609 541
138 1913 m1 680618 0 0.5 p-1 -10022972 1372
874 1915 m1 687209 -0 0.5 p-1 -148332 10
463 1916 m1 697441 0 0.5 p-1 -179972 117
465 1917 m1 704876 0 0.5 p-1 -1028538 916
1100 1918 m1 705545 0 0.5 p-1 -77759 5
522 1921 m1 708173 0 0.5 p-1 -50805 83
1218 1922 m1 713491 0 0.5 p-1 -1779 2
658 1924 m1 716357 0 0.5 p-1 -100622 171
990 1925 m1 717231 0 0.5 p-1 -27642 9
497 1926 m1 718226 0 0.5 p-1 -1261179 173
870 1928 m1 725827 0 0.5 p-1 -97805 37
765 1929 m1 729209 0 0.5 p-1 -164502 5
434 1931 m1 732665 -0 0.5 p-1 -2345974 159
1179 1935 m1 736865 0 0.5 p-1 -89814 6
467 1937 m1 738990 0 0.5 p-1 -1130083 316
547 1938 m1 739577 0 0.5 p-1 -1893468 381
385 1939 m1 744428 0 0.5 p-1 -7564032 184
324 1940 m1 745513 0 0.5 p-1 -720411 439
1227 1941 m1 745892 -0 0.5 p-1 -18292 1
265 1943 m1 749180 -0 0.5 p-1 -1762241 462
930 1944 m1 750881 0 0.5 p-1 -60414 11
823 1945 m1 751075 -0 0.5 p-1 -120437 76
326 1946 m1 753030 -0 0.5 p-1 -2634427 839
807 1947 m1 754463 -0 0.5 p-1 -54235 98
760 1949 m1 761503 0 0.5 p-1 -274472 77
616 1951 m1 766446 -0 0.5 p-1 -93620 97
152 1952 m1 768173 0 0.5 p-1 -2977220 750
734 1953 m1 770363 0 0.5 p-1 -4317945 113
707 1954 m1 771286 -0 0.5 p-1 -319598 95
524 1955 m1 774448 -0 0.5 p-1 -1453991 558
608 1958 m1 786023 -0 0.5 p-1 -701952 165
820 1960 m1 791913 0 0.5 p-1 -85792 23
436 1961 m1 799962 -0 0.5 p-1 -315127 128
881 1964 m1 802452 -0 0.5 p-1 -19608 18
686 1965 m1 803192 0 0.5 p-1 -9593 2
766 1966 m1 803292 -0 0.5 p-1 -473713 171
156 1968 m1 804992 -0 0.5 p-1 -1028092 377
830 1971 m1 812158 0 0.5 p-1 -28658 28
329 1973 m1 813172 0 0.5 p-1 -39758 11
1051 1974 m1 814162 0 0.5 p-1 -18962 6
632 1975 m1 814305 -0 0.5 p-1 -224982 134
767 1977 m1 817257 0 0.5 p-1 -145758 66
160 1981 m1 826078 0 0.5 p-1 -2718832 1488
270 1982 m1 828711 -0 0.5 p-1 -4415521 1371
784 1983 m1 829705 0 0.5 p-1 -135853 128
389 1986 m1 832357 0 0.5 p-1 -224418 455
1151 1988 m1 836506 0 0.5 p-1 -5858 8
596 1990 m1 838730 -0 0.5 p-1 -316531 115
390 1991 m1 841020 -0 0.5 p-1 -4177592 556
164 1993 m1 843189 0 0.5 p-1 -8061044 598
525 1994 m1 844065 -0 0.5 p-1 -1949803 332
166 1995 m1 846733 0 0.5 p-1 -4041262 1569
666 1996 m1 852549 -0 0.5 p-1 -320133 233
167 1997 m1 855292 -0 0.5 p-1 -2370745 1476
168 1998 m1 857232 0 0.5 p-1 -1865802 1565
394 2000 m1 861597 0 0.5 p-1 -2232361 382
171 2001 m1 862976 -0 0.5 p-1 -727385 367
1070 2002 m1 867971 -0 0.5 p-1 -312968 16
737 2003 m1 869663 -0 0.5 p-1 -253742 19
439 2005 m1 871877 -0 0.5 p-1 -1423987 133
395 2007 m1 877686 -0 0.5 p-1 -231424 332
173 2008 m1 877803 -0 0.5 p-1 -3999196 1202
175 2009 m1 879738 0 0.5 p-1 -3637250 1721
917 2010 m1 881814 -0 0.5 p-1 -2910 4
273 2012 m1 883331 0 0.5 p-1 -1601101 298
274 2014 m1 888881 -0 0.5 p-1 -3694910 641
1086 2015 m1 892364 0 0.5 p-1 -5089 4
863 2016 m1 892616 0 0.5 p-1 -27553 29
597 2017 m1 896107 0 0.5 p-1 -140356 20
768 2018 m1 899803 -0 0.5 p-1 -107250 61
181 2019 m1 900799 -0 0.5 p-1 -2693220 1192
182 2020 m1 900957 0 0.5 p-1 -4260224 1407
949 2022 m1 901800 -0 0.5 p-1 -281044 19
769 2024 m1 903370 -0 0.5 p-1 -3018600 218
398 2025 m1 906938 0 0.5 p-1 -2812517 244
399 2026 m1 907348 0 0.5 p-1 -1003738 414
183 2027 m1 915625 -0 0.5 p-1 -36525 12
824 2028 m1 916654 0 0.5 p-1 -69834 48
400 2029 m1 918675 0 0.5 p-1 -274431 196
401 2030 m1 918753 0 0.5 p-1 -592205 271
690 2031 m1 927634 -0 0.5 p-1 -349423 88
895 2033 m1 933751 -0 0.5 p-1 -29706 19
1084 2034 m1 938359 -0 0.5 p-1 -25004 3
1116 2035 m1 939793 0 0.5 p-1 -42852 6
188 2036 m1 940700 -0 0.5 p-1 -219691 69
189 2037 m1 943263 0 0.5 p-1 -6987501 1391
1185 2039 m1 944122 -0 0.5 p-1 -5332 1
720 2040 m1 946124 0 0.5 p-1 -106991 90
648 2041 m1 953883 -0 0.5 p-1 -95995 41
1024 2043 m1 955273 -0 0.5 p-1 -11217 16
194 2044 m1 967504 0 0.5 p-1 -9747784 1489
809 2045 m1 967717 0 0.5 p-1 -319314 19
280 2047 m1 970468 -0 0.5 p-1 -12530228 1724
1013 2050 m1 973613 0 0.5 p-1 -162352 17
196 2051 m1 974344 0 0.5 p-1 -3178898 1378
1074 2052 m1 975018 0 0.5 p-1 -81051 1
1065 2053 m1 975960 0 0.5 p-1 -38957 5
738 2054 m1 976953 0 0.5 p-1 -56153 48
580 2057 m1 983326 -0 0.5 p-1 -16671 8
282 2058 m1 983950 -0 0.5 p-1 -9299371 1015
827 2060 m1 987450 0 0.5 p-1 -7224649 93
1150 2062 m1 988266 -0 0.5 p-1 -40412 4
339 2064 m1 992159 0 0.5 p-1 -744658 746
198 2065 m1 992306 -0 0.5 p-1 -1181642 812
