Temp_ID Permanent_ID Mutation_type Position s h Subpop Tick Number
629 0 m2 610 -0.023627568 0.5 p-1 -631785 412
1039 1 m2 1427 0.0288162995 0.5 p-1 -429257 76
1694 2 m2 1736 -0.0286012627 0.5 p-1 -163520 10
876 4 m2 3676 -3.02538683e-05 0.5 p-1 -1659255 498
574 6 m2 4603 -0.00188281306 0.5 p-1 -572662 514
851 7 m2 4701 -0.00788730104 0.5 p-1 -459283 76
1552 8 m2 4777 -0.000939420017 0.5 p-1 -38262 19
1490 11 m2 6521 0.00931795221 0.5 p-1 -113225 6
1030 12 m2 8064 9.393238e-05 0.5 p-1 -92162 23
836 13 m2 9475 -7.2426833e-06 0.5 p-1 -137337 123
544 15 m2 11130 0.000287439092 0.5 p-1 -4658395 52
1 16 m2 11223 -0.00169749372 0.5 p-1 -2942598 1798
1040 17 m2 11909 0.00164544163 0.5 p-1 -119785 90
991 18 m2 12300 -0.0111264419 0.5 p-1 -1249911 406
2 19 m2 13122 -0.00644292729 0.5 p-1 -5922655 1318
431 20 m2 13171 -0.000606830057 0.5 p-1 -9725598 688
751 21 m2 14133 0.0270803925 0.5 p-1 -53251 19
3 22 m2 15802 -0.00131370651 0.5 p-1 -2219441 1528
852 23 m2 16064 0.00186968711 0.5 p-1 -54035 7
1186 24 m2 16387 1.53019153e-06 0.5 p-1 -1687893 44
958 26 m2 17294 -7.65837467e-05 0.5 p-1 -5217 2
1012 27 m2 17961 -0.0445052199 0.5 p-1 -4335 3
575 28 m2 18265 1.51568497e-06 0.5 p-1 -2240818 552
1356 29 m2 18771 -0.00265623326 0.5 p-1 -188821 27
1187 31 m2 20791 0.00454919226 0.5 p-1 -27802 39
1689 32 m2 21629 -0.00132502255 0.5 p-1 -207713 5
1690 33 m2 25586 0.000137136245 0.5 p-1 -162873 4
776 34 m2 25596 0.0346232839 0.5 p-1 -85543 80
999 36 m2 27127 -0.00716391113 0.5 p-1 -222096 42
777 37 m2 27904 -0.00926055759 0.5 p-1 -599096 50
890 38 m2 28361 -0.000377499178 0.5 p-1 -81377 42
1752 41 m2 29478 0.000156570299 0.5 p-1 -30140 2
1636 42 m2 29749 -0.00162612204 0.5 p-1 -75032 3
1652 43 m2 29975 0.0140572796 0.5 p-1 -10068 6
1425 44 m2 30254 0.00129231834 0.5 p-1 -40020 9
702 45 m2 30609 0.018753415 0.5 p-1 -164980 59
1099 46 m2 31179 -0.00919711404 0.5 p-1 -144768 56
545 48 m2 31810 -0.00122337264 0.5 p-1 -2519539 984
6 49 m2 31980 -0.0162561014 0.5 p-1 -13753546 853
1465 51 m2 33368 -0.00386264175 0.5 p-1 -39188 10
752 52 m2 34070 -1.02178674e-05 0.5 p-1 -364290 136
1832 53 m2 34522 0.00198577903 0.5 p-1 -19092 1
491 54 m2 34661 -0.000937643461 0.5 p-1 -797944 69
853 55 m2 35304 -0.0182899702 0.5 p-1 -156335 32
662 56 m2 35817 -0.00880211033 0.5 p-1 -217735 128
492 57 m2 40440 0.0206245519 0.5 p-1 -891700 93
1541 58 m2 40577 -0.000672452326 0.5 p-1 -1952 8
1128 61 m2 41285 0.00348015246 0.5 p-1 -58504 28
9 62 m2 41347 -3.51633389e-06 0.5 p-1 -792265 292
432 63 m2 42867 0.0111574922 0.5 p-1 -189924 54
724 65 m2 43299 0.00167747249 0.5 p-1 -1541344 197
10 66 m2 43367 -0.000208148587 0.5 p-1 -5615284 1566
1364 67 m2 44652 -0.000192218518 0.5 p-1 -23284 10
11 68 m2 45378 -0.0340292491 0.5 p-1 -2217526 265
959 69 m2 45567 0.00140957558 0.5 p-1 -181512 18
356 70 m2 46887 -0.0207019709 0.5 p-1 -2254982 145
357 71 m2 47716 0.0117692444 0.5 p-1 -3200022 975
13 73 m2 49233 0.003841097 0.5 p-1 -62197 96
576 75 m2 49400 0.0215872135 0.5 p-1 -328604 57
688 77 m2 50616 0.0509229377 0.5 p-1 -268167 45
1770 78 m2 50793 -2.32977145e-05 0.5 p-1 -17590 1
630 79 m2 50851 0.00166807603 0.5 p-1 -356878 134
812 81 m2 50927 -0.0140305394 0.5 p-1 -2364698 261
837 83 m2 51544 0.000538898865 0.5 p-1 -1401814 138
877 84 m2 52010 -0.00286135101 0.5 p-1 -203493 88
1122 85 m2 52034 -0.00805027783 0.5 p-1 -191613 30
14 86 m2 52634 -0.00101769622 0.5 p-1 -3767164 1113
359 87 m2 53090 -0.0158840418 0.5 p-1 -1086308 324
1288 88 m2 53470 -0.00159688736 0.5 p-1 -11550 3
1158 89 m2 53721 0.000225455529 0.5 p-1 -26796 3
1579 90 m2 54658 0.00236598263 0.5 p-1 -13117 1
16 91 m2 54912 -0.000571599172 0.5 p-1 -3764962 1283
360 92 m2 55235 5.00140004e-06 0.5 p-1 -1809554 553
1693 93 m2 55381 -0.00494482974 0.5 p-1 -76572 6
361 94 m2 55441 0.0047193747 0.5 p-1 -1794436 170
362 95 m2 56591 0.00361801358 0.5 p-1 -4568891 883
982 96 m2 57786 0.00216300087 0.5 p-1 -641556 84
17 97 m2 58079 0.0257319007 0.5 p-1 -6718073 1890
788 98 m2 58327 -0.000146737366 0.5 p-1 -898024 72
229 99 m2 58421 0.00191817572 0.5 p-1 -1079036 1036
493 101 m2 61538 0.00335320551 0.5 p-1 -1275467 317
1172 102 m2 62132 0.00874195155 0.5 p-1 -41350 7
1193 103 m2 63271 0.0113022132 0.5 p-1 -9449 12
364 104 m2 65043 0.013531778 0.5 p-1 -735433 533
983 106 m2 66377 0.0452763736 0.5 p-1 -18435 24
18 107 m2 66832 0.00829625688 0.5 p-1 -7843318 790
230 108 m2 67197 0.000657129916 0.5 p-1 -2259 9
725 109 m2 67429 -0.0130495131 0.5 p-1 -1943871 91
231 111 m2 68414 -0.0270478558 0.5 p-1 -190019 70
434 112 m2 69241 -0.0100260498 0.5 p-1 -1563050 917
1533 113 m2 69883 0.000486778939 0.5 p-1 -259635 13
1581 114 m2 70151 0.000143083773 0.5 p-1 -288916 8
1302 116 m2 71061 -0.00285267201 0.5 p-1 -48249 5
232 117 m2 72462 0.0399699435 0.5 p-1 -3655849 409
365 118 m2 72738 0.0213079527 0.5 p-1 -677955 185
19 120 m2 73812 -0.0531654246 0.5 p-1 -316268 247
1360 121 m2 74018 -9.23638945e-05 0.5 p-1 -17784 5
1381 123 m2 74210 -0.000585129193 0.5 p-1 -121092 7
1277 124 m2 74380 -0.000454006338 0.5 p-1 -57660 5
1550 125 m2 74888 -0.00284712994 0.5 p-1 -16877 3
1198 126 m2 74972 0.0764184818 0.5 p-1 -47682 22
233 127 m2 75311 -7.54008806e-06 0.5 p-1 -6010687 1230
366 129 m2 77133 0.00280067185 0.5 p-1 -420627 164
367 130 m2 77821 0.0835088119 0.5 p-1 -810290 261
960 131 m2 79097 0.00346865458 0.5 p-1 -2619994 164
234 132 m2 79717 -0.00524761574 0.5 p-1 -1176717 331
703 133 m2 79848 -0.00110104203 0.5 p-1 -371057 206
1762 134 m2 80629 -0.000920425984 0.5 p-1 -4666 1
20 135 m2 82619 -0.0119569385 0.5 p-1 -947942 622
368 136 m2 83065 0.0273875427 0.5 p-1 -4257876 1349
369 137 m2 83106 1.63441776e-08 0.5 p-1 -1352440 575
235 139 m2 84952 0.000698252174 0.5 p-1 -1061560 681
1300 140 m2 85060 0.00245082006 0.5 p-1 -143262 11
1664 141 m2 86513 -0.000242028516 0.5 p-1 -28616 4
825 143 m2 89256 0.0068266145 0.5 p-1 -738224 159
1049 144 m2 91162 0.000690499204 0.5 p-1 -245729 33
370 145 m2 91638 0.00331429392 0.5 p-1 -3303201 743
664 146 m2 91811 7.19329109e-05 0.5 p-1 -1462470 691
1340 147 m2 91902 -0.0070614228 0.5 p-1 -495825 1
1136 148 m2 92679 -0.0102795232 0.5 p-1 -69591 54
1230 150 m2 93505 -0.00176346244 0.5 p-1 -71661 30
236 151 m2 94806 0.000335117744 0.5 p-1 -574366 273
1137 152 m2 95504 -0.00411660224 0.5 p-1 -214179 92
1224 154 m2 96931 0.000598004786 0.5 p-1 -354194 58
854 155 m2 97748 1.77596942e-08 0.5 p-1 -403111 151
546 156 m2 100095 -0.00638435502 0.5 p-1 -1839380 302
1008 158 m2 100596 0.000202519514 0.5 p-1 -180595 166
608 159 m2 101914 -2.8090215e-05 0.5 p-1 -181825 122
898 160 m2 101932 0.0323459804 0.5 p-1 -126255 44
1142 161 m2 102747 -0.0358638167 0.5 p-1 -18170 5
24 162 m2 103529 -7.38194794e-05 0.5 p-1 -1126996 895
1093 166 m2 105070 5.83881699e-09 0.5 p-1 -70206 24
632 167 m2 105912 0.000155568603 0.5 p-1 -422092 265
855 168 m2 106336 3.21799348e-07 0.5 p-1 -232660 122
25 169 m2 107474 9.5350937e-05 0.5 p-1 -6104434 1332
238 170 m2 107718 -0.00715225562 0.5 p-1 -144281 63
1294 171 m2 107722 0.00904668868 0.5 p-1 -306245 22
26 174 m2 109211 0.000799949572 0.5 p-1 -4337644 1594
435 175 m2 109848 0.00523608131 0.5 p-1 -50860 38
1108 178 m2 111124 0.00499739684 0.5 p-1 -271023 112
27 179 m2 111459 -0.000399302487 0.5 p-1 -119766 18
239 181 m2 113922 -8.76633567e-05 0.5 p-1 -1305567 714
1188 182 m2 114068 -0.00114477647 0.5 p-1 -135395 46
704 185 m2 117071 -0.00849940162 0.5 p-1 -61214 108
1454 187 m2 120108 -3.74904334e-06 0.5 p-1 -50273 17
1273 189 m2 120931 0.00152634189 0.5 p-1 -8748 10
1785 190 m2 121826 -0.00538534764 0.5 p-1 -1152 1
992 192 m2 122493 -0.00420463784 0.5 p-1 -390222 34
1486 194 m2 124349 -0.00155711034 0.5 p-1 -7988 15
28 195 m2 124741 -0.020862516 0.5 p-1 -45581 19
29 196 m2 125104 -0.00791815668 0.5 p-1 -3069845 1012
241 197 m2 125838 -0.010338095 0.5 p-1 -2958143 765
1583 198 m2 126390 0.00139728351 0.5 p-1 -162624 3
961 199 m2 126722 0.00528348517 0.5 p-1 -113868 31
1406 200 m2 127141 -9.29660091e-05 0.5 p-1 -50483 5
1701 201 m2 127389 1.11561621e-06 0.5 p-1 -405040 4
30 202 m2 127494 -2.80403789e-09 0.5 p-1 -9477683 925
1401 203 m2 127652 -0.00111711968 0.5 p-1 -13427 10
31 204 m2 127789 -0.0213384256 0.5 p-1 -3396034 1343
242 205 m2 128898 -0.00138622057 0.5 p-1 -3432486 1065
1843 206 m2 129206 -0.0145300217 0.5 p-1 -65127 1
1318 207 m2 129774 0.0120241437 0.5 p-1 -45788 6
436 208 m2 129868 0.050726518 0.5 p-1 -221609 179
1534 210 m2 130668 0.00283677597 0.5 p-1 -39983 5
1492 211 m2 130819 3.36639278e-05 0.5 p-1 -7321 6
1446 212 m2 133459 -0.000659359968 0.5 p-1 -235643 31
826 213 m2 133590 -1.61827541e-06 0.5 p-1 -22956 36
494 214 m2 134152 -0.000490148843 0.5 p-1 -740324 207
495 215 m2 134496 -0.0063597206 0.5 p-1 -30116 28
1132 216 m2 134567 0.000459085713 0.5 p-1 -32116 9
1256 217 m2 134664 -1.1303315e-06 0.5 p-1 -45231 16
1833 218 m2 134920 -0.00206297683 0.5 p-1 -617 1
1339 219 m2 136091 -0.0222625379 0.5 p-1 -9132 3
1447 220 m2 138014 -0.00487047061 0.5 p-1 -697 2
438 221 m2 139096 -0.000695609953 0.5 p-1 -2107475 229
549 223 m2 139398 0.00891896617 0.5 p-1 -1606388 248
899 224 m2 139842 -0.00288480078 0.5 p-1 -208747 44
1290 225 m2 140145 0.00400826195 0.5 p-1 -23668 12
32 226 m2 141258 -0.00427058665 0.5 p-1 -6465927 554
1009 227 m2 141367 -0.0195353534 0.5 p-1 -151269 246
439 229 m2 142480 4.16869419e-08 0.5 p-1 -157731 87
1284 230 m2 143016 -0.00709340209 0.5 p-1 -7082 8
1591 231 m2 144506 3.19167702e-05 0.5 p-1 -98961 3
1791 232 m2 144715 0.00147326512 0.5 p-1 -5983 2
1450 233 m2 145727 -0.00889064558 0.5 p-1 -15729 14
371 236 m2 147412 0.0294863041 0.5 p-1 -5078115 868
33 238 m2 147680 -1.30881199e-05 0.5 p-1 -23657589 181
953 239 m2 147768 2.45819465e-05 0.5 p-1 -319023 178
778 241 m2 152754 -0.000267705909 0.5 p-1 -2469275 74
1143 242 m2 153603 2.35145417e-05 0.5 p-1 -487491 47
727 243 m2 153690 -0.00974354986 0.5 p-1 -621958 333
1663 245 m2 155678 -2.50090899e-08 0.5 p-1 -23080 4
984 246 m2 156652 -0.0147865294 0.5 p-1 -24472 16
728 247 m2 158008 0.00086087489 0.5 p-1 -239959 97
578 249 m2 158456 0.0192933157 0.5 p-1 -777779 446
900 250 m2 158945 2.59485805e-05 0.5 p-1 -838259 129
1064 252 m2 159378 -0.0129851038 0.5 p-1 -21694 8
440 253 m2 159453 0.0156611521 0.5 p-1 -1352525 598
372 254 m2 159687 0.00485150563 0.5 p-1 -333255 138
550 255 m2 160700 1.04887431e-05 0.5 p-1 -591217 60
729 258 m2 162446 -0.00666784262 0.5 p-1 -150722 77
1057 259 m2 162565 0.00138580659 0.5 p-1 -480126 215
1058 261 m2 164644 4.93190964e-05 0.5 p-1 -64335 25
441 262 m2 164880 3.58636062e-05 0.5 p-1 -73965 110
1411 263 m2 165317 -4.08836131e-05 0.5 p-1 -567564 33
867 264 m2 167254 3.80846842e-07 0.5 p-1 -38274 36
878 265 m2 167712 -4.03601225e-05 0.5 p-1 -75409 71
1050 267 m2 168201 6.08879309e-05 0.5 p-1 -36826 20
1144 268 m2 168456 -0.0209237356 0.5 p-1 -456662 50
35 269 m2 168690 0.00770270452 0.5 p-1 -8883423 1097
636 272 m2 171052 -0.0169074144 0.5 p-1 -3751082 677
1487 273 m2 171354 8.89540297e-06 0.5 p-1 -38874 1
973 274 m2 171410 -0.000481128838 0.5 p-1 -25587 3
442 275 m2 171730 -0.000654474308 0.5 p-1 -374328 138
1504 280 m2 174766 0.000591184653 0.5 p-1 -7385 4
243 281 m2 177290 -0.0035692614 0.5 p-1 -3761696 1435
373 282 m2 178769 0.0275869463 0.5 p-1 -2004830 612
610 283 m2 178905 -0.000475981913 0.5 p-1 -257987 86
1851 284 m2 179131 5.56877421e-05 0.5 p-1 -19858 2
374 285 m2 179230 0.00238971016 0.5 p-1 -3692881 1230
1767 286 m2 180347 0.000343657099 0.5 p-1 -139644 7
1439 287 m2 180579 -0.00129981677 0.5 p-1 -5964 5
244 288 m2 181860 -0.00123021263 0.5 p-1 -812503 233
611 289 m2 182385 0.0016061865 0.5 p-1 -6885871 161
1166 290 m2 183624 0.0411626622 0.5 p-1 -16036 14
1314 291 m2 183891 0.000773865497 0.5 p-1 -2481 3
1173 292 m2 183948 0.0171639435 0.5 p-1 -4364 17
919 293 m2 185640 -0.00457811402 0.5 p-1 -5261 8
1151 295 m2 187031 0.013086549 0.5 p-1 -100327 38
779 297 m2 188071 -1.18635389e-05 0.5 p-1 -466949 134
1315 298 m2 188974 -0.000935507123 0.5 p-1 -66821 28
968 299 m2 189032 0.00120743958 0.5 p-1 -220547 30
246 302 m2 191440 -0.000400000485 0.5 p-1 -3967792 287
902 303 m2 191666 -8.45750546e-05 0.5 p-1 -58487 71
706 304 m2 192930 -0.00459220493 0.5 p-1 -248969 64
926 307 m2 194244 -0.000953322742 0.5 p-1 -6533364 98
375 309 m2 195497 3.7298862e-06 0.5 p-1 -4635470 276
1065 310 m2 195642 -0.001329483 0.5 p-1 -252177 47
1442 312 m2 195887 0.000733400055 0.5 p-1 -4440 8
36 313 m2 196292 -0.000314156903 0.5 p-1 -4938698 1280
665 314 m2 196355 -0.000800090202 0.5 p-1 -89159 86
37 315 m2 196665 -0.00215071253 0.5 p-1 -1918079 1038
1199 317 m2 197415 0.000264796603 0.5 p-1 -165811 7
1069 319 m2 199456 0.00205735909 0.5 p-1 -200100 31
1090 320 m2 199479 0.0149702942 0.5 p-1 -100391 42
1678 322 m2 201764 0.0270856246 0.5 p-1 -5933 3
730 324 m2 203395 0.000361460698 0.5 p-1 -266252 132
1322 325 m2 203682 0.0942112505 0.5 p-1 -25465 24
38 326 m2 204175 0.00198649475 0.5 p-1 -2001950 626
936 330 m2 207335 -1.29123391e-05 0.5 p-1 -869963 65
1347 332 m2 208343 -0.0021908863 0.5 p-1 -3765 4
1686 333 m2 208642 0.00151840504 0.5 p-1 -68749 3
1703 334 m2 208803 0.00868682005 0.5 p-1 -17423 1
1387 335 m2 209173 3.49161164e-05 0.5 p-1 -8113 4
1116 336 m2 209796 -5.1472025e-06 0.5 p-1 -3936045 79
39 337 m2 210861 -0.00126329763 0.5 p-1 -5683105 1116
1117 339 m2 212518 0.00459882477 0.5 p-1 -96683 44
1279 340 m2 213154 0.00011116518 0.5 p-1 -426275 52
1654 341 m2 213377 0.0464888513 0.5 p-1 -712 2
1768 342 m2 213527 -0.00151674286 0.5 p-1 -38724 4
40 343 m2 213684 0.0118298251 0.5 p-1 -473984 426
444 344 m2 214074 -0.0218369924 0.5 p-1 -1550939 123
41 345 m2 214486 0.022325974 0.5 p-1 -2759068 663
1511 346 m2 215382 -3.00497732e-06 0.5 p-1 -40172 12
1580 347 m2 215641 0.000460207986 0.5 p-1 -127917 4
732 349 m2 218009 0.0246069133 0.5 p-1 -8236017 14
1274 350 m2 220175 -0.00405646954 0.5 p-1 -146725 23
248 351 m2 220260 4.69403858e-07 0.5 p-1 -4231230 1085
755 352 m2 220655 -0.00162258255 0.5 p-1 -984672 207
249 353 m2 221787 0.00700486964 0.5 p-1 -1471098 537
1528 354 m2 222056 -0.00468344707 0.5 p-1 -9516 1
666 355 m2 222994 -4.18583124e-09 0.5 p-1 -2938610 151
250 358 m2 224349 0.00449809479 0.5 p-1 -2111022 489
251 359 m2 224492 -0.0328591652 0.5 p-1 -487577 391
780 360 m2 225165 -0.0167971645 0.5 p-1 -104167 33
1653 362 m2 226050 1.11236682e-06 0.5 p-1 -11316 5
1462 363 m2 226077 0.000304874586 0.5 p-1 -59944 9
1560 364 m2 226305 -9.67380674e-06 0.5 p-1 -38954 4
43 365 m2 227613 -0.0185699444 0.5 p-1 -3681476 1190
1066 366 m2 228812 0.00723041315 0.5 p-1 -129624 37
1805 367 m2 229199 -0.000274368067 0.5 p-1 -6928 2
813 368 m2 229835 -0.014962188 0.5 p-1 -258546 48
814 370 m2 233807 0.0199413132 0.5 p-1 -1380900 43
45 372 m2 234640 0.0125469724 0.5 p-1 -2174723 641
1786 373 m2 234730 -1.72748059e-05 0.5 p-1 -3940 1
551 374 m2 234921 0.0050936006 0.5 p-1 -232135 46
1124 375 m2 235065 -0.00530612469 0.5 p-1 -260704 80
580 376 m2 235733 2.45419506e-05 0.5 p-1 -3727051 330
552 378 m2 236046 0.000445271784 0.5 p-1 -2595486 46
1776 379 m2 236212 0.00455071591 0.5 p-1 -20678 2
497 380 m2 236653 -4.16206731e-08 0.5 p-1 -2926321 877
790 381 m2 237402 -0.0024297249 0.5 p-1 -314142 103
1489 382 m2 237927 9.65991057e-06 0.5 p-1 -36289 4
46 383 m2 238942 0.00171719259 0.5 p-1 -1464688 1685
638 384 m2 239556 0.00869682338 0.5 p-1 -303093 44
1295 385 m2 240538 2.29102243e-05 0.5 p-1 -50732 6
253 386 m2 240992 -8.81668748e-05 0.5 p-1 -1948176 1428
1563 387 m2 241014 0.00655789999 0.5 p-1 -8642 1
1716 388 m2 241643 -1.17200727e-06 0.5 p-1 -180381 4
1081 390 m2 243160 -0.0387835614 0.5 p-1 -38722 4
1343 391 m2 246387 -0.00517838588 0.5 p-1 -34704 14
254 392 m2 247268 -1.47149503e-05 0.5 p-1 -779558 254
47 393 m2 247863 0.0413497351 0.5 p-1 -11319211 1209
1824 396 m2 248929 -1.50213828e-05 0.5 p-1 -11078 1
255 398 m2 251780 2.15632008e-05 0.5 p-1 -1515397 719
937 399 m2 252293 0.046597708 0.5 p-1 -88768 63
1764 400 m2 252620 -0.0192625169 0.5 p-1 -1441 3
1233 402 m2 253370 -0.0113809872 0.5 p-1 -79183 10
668 403 m2 253380 4.30997349e-10 0.5 p-1 -273588 133
1816 406 m2 254850 0.000124025697 0.5 p-1 -1937 1
1268 407 m2 256068 0.000298552593 0.5 p-1 -42663 21
581 408 m2 256450 9.61224287e-05 0.5 p-1 -180641 23
256 409 m2 257018 -0.000467580918 0.5 p-1 -4015598 1746
445 413 m2 259540 -0.0349135101 0.5 p-1 -2320121 846
1390 414 m2 259734 4.21376795e-10 0.5 p-1 -203659 20
51 415 m2 263764 -0.000851764868 0.5 p-1 -2391793 1240
52 417 m2 264483 0.00110351469 0.5 p-1 -1129575 599
53 419 m2 266128 0.000923832471 0.5 p-1 -1547612 825
994 420 m2 266312 -0.00561389094 0.5 p-1 -333974 97
1733 421 m2 266459 0.0212385692 0.5 p-1 -885 1
1777 422 m2 266618 0.00205598213 0.5 p-1 -72975 1
379 423 m2 267387 -0.00081680523 0.5 p-1 -2132786 1155
1765 424 m2 267567 -6.62337106e-06 0.5 p-1 -13228 4
1761 425 m2 268278 0.00435668882 0.5 p-1 -8016 3
380 426 m2 268845 0.000386883214 0.5 p-1 -12630 2
54 428 m2 269612 -0.0174695831 0.5 p-1 -2237786 637
1515 429 m2 269825 1.1713658e-07 0.5 p-1 -308930 23
1485 430 m2 270291 -8.00008129e-05 0.5 p-1 -242430 12
446 431 m2 270332 0.00253960909 0.5 p-1 -5242303 539
1379 433 m2 271233 -0.0265297368 0.5 p-1 -517998 24
669 434 m2 271562 -0.0232342575 0.5 p-1 -303375 130
1010 436 m2 273240 0.000263011869 0.5 p-1 -227946 16
1023 437 m2 273507 -0.0011411265 0.5 p-1 -35839 22
257 440 m2 273816 0.00121343846 0.5 p-1 -178338 113
1167 443 m2 274238 -0.000678196142 0.5 p-1 -285653 40
1616 444 m2 274398 0.00392265525 0.5 p-1 -11727 13
1525 446 m2 274934 0.000161083735 0.5 p-1 -39001 7
1403 447 m2 275678 -1.18162143e-06 0.5 p-1 -19397 6
1202 448 m2 275697 5.89948359e-05 0.5 p-1 -792106 46
733 449 m2 276481 -0.00324521307 0.5 p-1 -459735 89
258 451 m2 278726 -1.11919034e-08 0.5 p-1 -476079 555
1526 452 m2 279181 0.00244370219 0.5 p-1 -23382 7
381 453 m2 279973 0.0243646409 0.5 p-1 -5250050 724
499 454 m2 280178 2.18788991e-05 0.5 p-1 -908260 279
1034 455 m2 281327 -0.0136433542 0.5 p-1 -586705 44
501 456 m2 282170 4.97080364e-05 0.5 p-1 -7038201 361
691 457 m2 282795 -0.0738074481 0.5 p-1 -76346 47
1071 458 m2 283174 -0.00188891287 0.5 p-1 -48093 12
259 459 m2 283404 -8.9154637e-05 0.5 p-1 -73164 13
791 460 m2 283535 0.00511828298 0.5 p-1 -10433 19
1154 461 m2 283555 -8.46604871e-06 0.5 p-1 -28810 46
382 462 m2 283560 0.00866774097 0.5 p-1 -3944120 1575
383 464 m2 285074 0.0269467141 0.5 p-1 -1661806 1667
260 465 m2 286166 0.000276912353 0.5 p-1 -1203718 1336
56 466 m2 286178 0.0244169813 0.5 p-1 -2656828 492
447 467 m2 286438 0.000105549319 0.5 p-1 -502016 274
261 468 m2 286886 0.000264450879 0.5 p-1 -1558348 880
1231 469 m2 287095 1.12298503e-05 0.5 p-1 -2668 3
1759 470 m2 287153 0.000117569245 0.5 p-1 -29121 2
1505 471 m2 289982 -2.66844154e-06 0.5 p-1 -25420 12
734 472 m2 291093 -6.83760591e-05 0.5 p-1 -268474 206
927 473 m2 291210 0.0251969676 0.5 p-1 -570114 73
57 475 m2 291928 0.00337253883 0.5 p-1 -2865242 1253
1522 476 m2 293439 0.0220798273 0.5 p-1 -27159 17
262 477 m2 293671 0.00142545695 0.5 p-1 -2671041 337
263 478 m2 294103 -0.00379997282 0.5 p-1 -885373 964
1354 479 m2 294612 -0.000424362574 0.5 p-1 -111656 19
58 480 m2 295381 -0.0013291717 0.5 p-1 -8158799 1001
995 481 m2 296081 -0.0260229371 0.5 p-1 -655452 69
707 482 m2 296131 -0.000410333218 0.5 p-1 -449527 149
1358 483 m2 298154 0.020191649 0.5 p-1 -5504 5
264 484 m2 298403 -0.00388820912 0.5 p-1 -1164633 497
59 485 m2 299495 6.22042062e-05 0.5 p-1 -7929957 1279
1754 487 m2 303587 0.00319439895 0.5 p-1 -53609 1
1564 488 m2 304050 3.19013707e-05 0.5 p-1 -6905 1
938 489 m2 304157 0.00265394803 0.5 p-1 -96084 46
582 491 m2 304451 0.000884508074 0.5 p-1 -399365 56
60 492 m2 305236 -0.00620500371 0.5 p-1 -815366 198
583 493 m2 305572 2.73431106e-05 0.5 p-1 -1504817 157
61 495 m2 308515 -0.00551423477 0.5 p-1 -663246 674
265 496 m2 309144 0.000367408647 0.5 p-1 -1870187 297
815 497 m2 310705 -0.0148780541 0.5 p-1 -188170 36
504 500 m2 313230 -5.70325369e-08 0.5 p-1 -2855054 619
1502 501 m2 315578 1.63051403e-08 0.5 p-1 -30044 8
63 502 m2 315633 -0.0333037972 0.5 p-1 -4972833 1315
64 503 m2 315746 0.000415603165 0.5 p-1 -10193044 1846
65 504 m2 316335 -0.0109645734 0.5 p-1 -718103 468
1769 505 m2 317780 0.00974759459 0.5 p-1 -3517 1
903 506 m2 317930 0.0328036584 0.5 p-1 -133989 19
1677 507 m2 318621 7.31797218e-06 0.5 p-1 -5268 3
1129 508 m2 318948 0.00409782631 0.5 p-1 -126352 16
1035 512 m2 321823 0.0562411509 0.5 p-1 -215192 68
1662 513 m2 322814 0.00193348539 0.5 p-1 -12628 4
962 514 m2 322996 -1.26390532e-05 0.5 p-1 -350302 152
792 516 m2 324384 0.00835235696 0.5 p-1 -760687 336
1249 517 m2 324545 -0.000112227266 0.5 p-1 -90571 46
66 518 m2 324768 -0.0106506106 0.5 p-1 -499029 364
386 519 m2 325491 0.00213884679 0.5 p-1 -870436 141
1123 521 m2 325842 -0.000894662284 0.5 p-1 -42307 54
1305 522 m2 326479 0.00275836559 0.5 p-1 -605045 33
939 524 m2 327624 0.00100737519 0.5 p-1 -3443705 344
1368 526 m2 329050 -0.117209233 0.5 p-1 -48890 18
67 527 m2 329425 0.00143132289 0.5 p-1 -81561 168
793 531 m2 330810 -0.00452784216 0.5 p-1 -1803024 443
506 532 m2 331023 -5.25161013e-05 0.5 p-1 -7852053 182
507 533 m2 331065 -0.000100562975 0.5 p-1 -2824646 182
1152 534 m2 332473 -0.0125040347 0.5 p-1 -132404 41
555 535 m2 332764 -0.000132279863 0.5 p-1 -124334 15
736 536 m2 332974 6.54175674e-05 0.5 p-1 -1789644 126
1225 537 m2 333815 -1.36124863e-05 0.5 p-1 -34184 20
556 538 m2 334182 -0.0445001312 0.5 p-1 -218601 36
1412 539 m2 335128 0.0034814442 0.5 p-1 -4488 4
70 540 m2 336154 0.000476907386 0.5 p-1 -5874528 949
1101 544 m2 340730 -0.0181585737 0.5 p-1 -119957 56
941 545 m2 341140 3.94387826e-05 0.5 p-1 -5517663 90
1507 546 m2 341377 -0.0198405776 0.5 p-1 -41980 2
267 547 m2 341485 -0.0017161771 0.5 p-1 -467741 107
450 548 m2 341709 5.21338848e-07 0.5 p-1 -1039278 163
1714 549 m2 341740 -3.44826149e-05 0.5 p-1 -47193 2
756 550 m2 341792 -2.75537241e-05 0.5 p-1 -66983 10
1467 551 m2 342389 8.5640313e-05 0.5 p-1 -6599 7
1059 554 m2 342903 -2.39248834e-06 0.5 p-1 -12753 27
1402 555 m2 343001 -0.00148638908 0.5 p-1 -149717 22
1661 556 m2 343491 -0.0119794002 0.5 p-1 -24762 2
387 557 m2 343825 -0.000680726778 0.5 p-1 -326361 156
71 558 m2 343969 0.00213325769 0.5 p-1 -4791230 1789
1740 559 m2 344305 -2.8278771e-06 0.5 p-1 -1091 1
72 560 m2 344868 0.000350124523 0.5 p-1 -2207914 1754
757 561 m2 345622 -0.0478222929 0.5 p-1 -46796 6
73 566 m2 347539 0.0221350715 0.5 p-1 -2788335 463
74 567 m2 347670 3.98228758e-06 0.5 p-1 -4922340 1652
816 568 m2 347974 0.000211556442 0.5 p-1 -498106 121
75 569 m2 348118 -0.00311766495 0.5 p-1 -1248560 726
76 570 m2 349026 1.5921033e-07 0.5 p-1 -13563206 1061
268 572 m2 349142 -0.000370029476 0.5 p-1 -106557 18
1000 573 m2 349167 -0.00168550806 0.5 p-1 -66280 36
586 574 m2 349678 -0.0137398904 0.5 p-1 -1096825 671
77 575 m2 350978 0.0422833934 0.5 p-1 -3284033 315
388 576 m2 351621 0.00604339503 0.5 p-1 -525252 195
269 577 m2 352193 0.000401528698 0.5 p-1 -2425667 468
1531 578 m2 352826 -6.72672613e-05 0.5 p-1 -185606 9
708 580 m2 353880 0.0236744341 0.5 p-1 -1032504 83
1660 581 m2 354199 0.00739469985 0.5 p-1 -71240 1
1145 583 m2 356101 -0.00684725307 0.5 p-1 -86136 23
1235 584 m2 357161 0.000310312345 0.5 p-1 -21976 14
557 585 m2 358604 -0.0110089872 0.5 p-1 -1002792 485
1483 586 m2 358635 4.99592886e-07 0.5 p-1 -2863 3
1365 588 m2 359061 -0.00472944789 0.5 p-1 -382278 13
509 589 m2 359903 -0.000995903625 0.5 p-1 -3056068 329
794 590 m2 359943 0.0318426415 0.5 p-1 -67402 26
1366 592 m2 360627 0.0131707434 0.5 p-1 -1076764 35
558 593 m2 361677 9.29566379e-09 0.5 p-1 -2637637 401
758 594 m2 362407 4.09055028e-05 0.5 p-1 -76407 22
1650 596 m2 362877 -0.00942498911 0.5 p-1 -38690 1
587 597 m2 364457 1.18040555e-06 0.5 p-1 -263318 182
270 598 m2 366075 9.40117534e-05 0.5 p-1 -1765956 1115
271 599 m2 366190 2.55289183e-06 0.5 p-1 -11010056 1251
1041 600 m2 366597 0.00028916329 0.5 p-1 -210614 18
80 601 m2 370028 -0.0825004429 0.5 p-1 -872065 578
273 603 m2 371232 7.09869028e-06 0.5 p-1 -5617147 1151
81 604 m2 371268 -0.0126659423 0.5 p-1 -1906937 1641
1146 605 m2 371314 9.58111268e-05 0.5 p-1 -76606 11
692 606 m2 371320 -0.000158094772 0.5 p-1 -172518 119
82 607 m2 371382 -0.0140896291 0.5 p-1 -1806168 1663
83 608 m2 372131 0.0379663929 0.5 p-1 -2145119 856
670 609 m2 373087 -0.000135330949 0.5 p-1 -121627 52
1524 611 m2 374976 -0.000466880621 0.5 p-1 -7900 4
84 612 m2 375379 0.00396992685 0.5 p-1 -2793964 1571
559 613 m2 376293 0.000637641002 0.5 p-1 -4726843 532
928 614 m2 376437 -0.00649264455 0.5 p-1 -1128340 36
389 615 m2 377150 -0.00174444611 0.5 p-1 -4911688 170
1601 617 m2 378479 1.97049594e-05 0.5 p-1 -52677 13
671 618 m2 378860 -0.00779057434 0.5 p-1 -3158816 213
929 620 m2 380982 -6.82674397e-08 0.5 p-1 -40863 12
1147 621 m2 383546 -0.00979010295 0.5 p-1 -185185 33
920 622 m2 384031 -0.00321118208 0.5 p-1 -71880 16
588 623 m2 385712 -0.00534743024 0.5 p-1 -323332 127
1067 625 m2 386135 0.000117687574 0.5 p-1 -1394 9
759 626 m2 386345 0.00102663634 0.5 p-1 -209267 74
942 627 m2 386844 0.0379932597 0.5 p-1 -256255 154
1529 629 m2 388486 -0.0112716388 0.5 p-1 -90273 8
85 630 m2 388504 -0.000561635417 0.5 p-1 -2554207 775
955 631 m2 388602 -0.0352840498 0.5 p-1 -284639 82
881 632 m2 388810 -0.00254651206 0.5 p-1 -776513 114
86 633 m2 388830 0.000174714543 0.5 p-1 -3238246 1886
276 634 m2 388936 2.93136821e-08 0.5 p-1 -471635 263
511 635 m2 388979 0.00319385412 0.5 p-1 -3840668 257
1396 637 m2 391151 0.00443881284 0.5 p-1 -554273 6
1551 638 m2 391552 0.00136869634 0.5 p-1 -7489 11
277 639 m2 391985 3.42076987e-06 0.5 p-1 -249058 153
1813 640 m2 392332 1.5510328e-05 0.5 p-1 -102927 2
882 642 m2 393156 0.000409377157 0.5 p-1 -1242530 199
868 643 m2 393519 -0.00479312288 0.5 p-1 -67949 46
817 645 m2 393955 -0.00843663514 0.5 p-1 -325024 40
1001 646 m2 394291 0.0445679128 0.5 p-1 -38579 24
589 648 m2 394419 -0.00464055547 0.5 p-1 -294819 60
87 649 m2 394462 -3.2245418e-05 0.5 p-1 -2913952 1934
1527 653 m2 396336 0.00447338028 0.5 p-1 -18974 18
1397 654 m2 397455 0.000550813624 0.5 p-1 -440476 5
89 655 m2 398011 0.00443728315 0.5 p-1 -791585 467
1348 656 m2 398832 -0.00073331286 0.5 p-1 -141717 18
1051 657 m2 400026 0.0001644734 0.5 p-1 -6085 3
278 658 m2 400293 -0.016232606 0.5 p-1 -2720708 755
90 659 m2 400822 -0.00947704352 0.5 p-1 -2439636 1579
279 660 m2 401144 -0.0016201681 0.5 p-1 -147441 21
944 661 m2 401808 -0.0202516634 0.5 p-1 -459893 108
453 662 m2 401838 0.0317017548 0.5 p-1 -93733 48
614 663 m2 402322 -0.00070676388 0.5 p-1 -77910 35
1219 664 m2 402492 0.00259909942 0.5 p-1 -198136 65
560 665 m2 402979 0.0428363718 0.5 p-1 -56180 28
1094 666 m2 403681 0.0621336699 0.5 p-1 -20098 10
1296 667 m2 404419 0.00710120006 0.5 p-1 -17846 5
390 668 m2 405116 0.00674418267 0.5 p-1 -1226152 280
795 669 m2 407558 4.15898533e-08 0.5 p-1 -2983839 146
590 670 m2 408068 -0.00106726296 0.5 p-1 -757658 133
92 672 m2 409957 1.10024193e-05 0.5 p-1 -154621 198
280 673 m2 410151 0.00348485564 0.5 p-1 -160052 121
93 675 m2 411663 0.00383911864 0.5 p-1 -1769881 308
1497 677 m2 411956 0.0337261111 0.5 p-1 -20060 18
1538 678 m2 411975 5.211038e-07 0.5 p-1 -18275 3
591 679 m2 412346 -0.00656546839 0.5 p-1 -953803 469
796 680 m2 412884 0.0144607676 0.5 p-1 -2492931 359
1014 682 m2 416416 -0.00600452814 0.5 p-1 -90191 58
945 685 m2 418138 0.000244894356 0.5 p-1 -2915885 312
1393 686 m2 418345 0.0322666094 0.5 p-1 -59233 17
1498 689 m2 419441 -3.11453477e-05 0.5 p-1 -7036 2
1630 690 m2 419691 0.00653883722 0.5 p-1 -828357 3
639 691 m2 419909 0.00445069233 0.5 p-1 -384862 22
1160 693 m2 420973 -0.00548916636 0.5 p-1 -25804 3
512 694 m2 422170 0.00662870053 0.5 p-1 -254183 148
513 695 m2 422213 -0.000138938747 0.5 p-1 -200781 148
95 697 m2 425342 -5.61349689e-10 0.5 p-1 -2030549 1003
615 700 m2 426738 6.94713509e-10 0.5 p-1 -329848 77
946 701 m2 427561 0.00943131745 0.5 p-1 -396729 105
1592 702 m2 429089 -0.000329104252 0.5 p-1 -37391 16
739 703 m2 430143 -4.03253762e-05 0.5 p-1 -530975 171
1819 704 m2 431357 -0.00307399896 0.5 p-1 -23468 1
514 705 m2 431594 -0.00950044207 0.5 p-1 -4942784 416
515 706 m2 431642 -0.00941618532 0.5 p-1 -448346 190
1471 707 m2 431756 -0.00483516045 0.5 p-1 -25921 9
96 709 m2 432995 0.000701524899 0.5 p-1 -2309077 306
974 710 m2 433833 -0.0222565141 0.5 p-1 -230477 71
281 712 m2 435634 0.000820369809 0.5 p-1 -2219183 273
1324 713 m2 436379 0.00779116526 0.5 p-1 -1855 4
1476 714 m2 436661 2.58230193e-06 0.5 p-1 -15508 1
1584 715 m2 436690 1.19673108e-11 0.5 p-1 -178211 2
516 716 m2 436811 0.0286619347 0.5 p-1 -273402 187
740 717 m2 439088 0.0203610957 0.5 p-1 -528549 192
97 718 m2 439503 0.000581865606 0.5 p-1 -3279753 1433
98 719 m2 439511 1.0696358e-05 0.5 p-1 -6890165 1433
99 720 m2 439684 0.00449581072 0.5 p-1 -3425700 1243
1385 721 m2 440066 -4.36879054e-05 0.5 p-1 -46262 5
1183 722 m2 440557 -0.00379474461 0.5 p-1 -49076 64
710 723 m2 440901 0.0103981076 0.5 p-1 -266491 170
1367 724 m2 440934 -0.00217552041 0.5 p-1 -22939 5
672 725 m2 441081 -0.0141561711 0.5 p-1 -664522 87
100 726 m2 443595 -0.0117586153 0.5 p-1 -8133789 1599
1508 727 m2 445132 -0.00963906571 0.5 p-1 -157477 16
1850 728 m2 445772 -0.00103195081 0.5 p-1 -12310 1
562 729 m2 446633 -0.00298445835 0.5 p-1 -2275422 942
1042 730 m2 447314 0.0242322106 0.5 p-1 -5141 3
1633 732 m2 448089 0.00756058656 0.5 p-1 -9401 4
392 733 m2 448232 -4.43197314e-05 0.5 p-1 -2216447 600
1435 734 m2 448767 -0.00500080781 0.5 p-1 -98443 14
454 735 m2 449257 3.28288188e-05 0.5 p-1 -1770370 476
1285 736 m2 449754 -2.44031799e-05 0.5 p-1 -18647 13
741 737 m2 450604 0.0106703434 0.5 p-1 -113157 68
283 739 m2 451365 -7.63517892e-05 0.5 p-1 -2571743 798
1606 742 m2 452101 0.0027403445 0.5 p-1 -12098 18
284 743 m2 452237 0.00805722829 0.5 p-1 -2091404 229
1675 744 m2 452244 -0.00910576899 0.5 p-1 -2695 1
797 745 m2 453966 -5.96554564e-05 0.5 p-1 -804549 222
1334 746 m2 454015 3.21227089e-05 0.5 p-1 -206580 18
913 747 m2 454077 -2.30964069e-05 0.5 p-1 -482691 131
1148 750 m2 456534 -0.0097399205 0.5 p-1 -95042 9
101 751 m2 457202 2.05348588e-05 0.5 p-1 -10152808 1696
711 752 m2 457364 -0.000516263186 0.5 p-1 -6648050 315
969 753 m2 457679 -0.000710198947 0.5 p-1 -147571 15
1060 758 m2 459418 -0.000536961074 0.5 p-1 -2589 2
1002 759 m2 460056 -3.03729612e-05 0.5 p-1 -34699 3
1543 760 m2 460251 -9.56075164e-05 0.5 p-1 -2893 2
673 761 m2 460559 0.022574313 0.5 p-1 -680930 219
1499 762 m2 461998 0.0311171375 0.5 p-1 -238558 6
102 763 m2 463393 0.0217978992 0.5 p-1 -2563915 799
1280 764 m2 463808 -0.000159813935 0.5 p-1 -70786 13
1095 767 m2 465940 -0.0227703322 0.5 p-1 -31706 10
674 769 m2 467051 -0.0293129813 0.5 p-1 -143750 132
1281 770 m2 469166 0.000655061333 0.5 p-1 -67648 13
781 772 m2 469671 0.0302062556 0.5 p-1 -31467 13
1052 773 m2 469797 -0.00599506963 0.5 p-1 -64027 4
829 774 m2 470035 0.101025641 0.5 p-1 -366832 75
455 775 m2 470770 -0.00830064993 0.5 p-1 -318795 208
996 776 m2 476155 -0.000691028894 0.5 p-1 -171597 51
104 778 m2 478335 -0.00452916184 0.5 p-1 -3369605 1559
1857 779 m2 478626 -0.000177996029 0.5 p-1 -10315 1
1091 781 m2 480255 -0.0122554246 0.5 p-1 -16299 11
675 783 m2 482485 -0.00718557835 0.5 p-1 -190178 100
592 784 m2 482876 0.0069987704 0.5 p-1 -596385 164
106 786 m2 483585 0.0100450637 0.5 p-1 -2228082 1684
798 787 m2 483660 -7.17242292e-05 0.5 p-1 -452094 221
892 788 m2 484020 0.000178835704 0.5 p-1 -32198 12
1561 789 m2 484549 1.68855433e-06 0.5 p-1 -81530 15
760 790 m2 484737 -7.30706379e-05 0.5 p-1 -882609 435
761 791 m2 485248 6.98676013e-05 0.5 p-1 -294325 174
1102 793 m2 485936 0.00154962821 0.5 p-1 -234882 61
1103 794 m2 486493 -2.05078668e-05 0.5 p-1 -244052 60
694 795 m2 486620 -0.0229568798 0.5 p-1 -541485 140
1325 796 m2 486702 3.67622197e-05 0.5 p-1 -7018 6
713 797 m2 486714 0.000412394438 0.5 p-1 -361323 221
1546 799 m2 487803 -0.0378954671 0.5 p-1 -283 3
107 800 m2 488087 0.0303961933 0.5 p-1 -2312179 1181
287 802 m2 488850 0.00154018961 0.5 p-1 -575 8
883 803 m2 488918 -5.49934384e-06 0.5 p-1 -317070 75
108 804 m2 490334 -0.052490104 0.5 p-1 -1676231 1472
393 805 m2 491117 -0.014751981 0.5 p-1 -2199857 887
456 806 m2 491162 5.28124328e-05 0.5 p-1 -354713 218
1061 808 m2 491561 0.0114807906 0.5 p-1 -604979 27
1706 810 m2 492424 -0.00219167746 0.5 p-1 -48743 1
1161 811 m2 492469 0.0393912047 0.5 p-1 -120746 7
714 812 m2 492522 0.0207342599 0.5 p-1 -52651 52
109 813 m2 492659 3.47489348e-09 0.5 p-1 -9949221 1704
783 814 m2 493849 5.25562973e-05 0.5 p-1 -162154 52
1357 815 m2 494527 9.75974544e-05 0.5 p-1 -129893 26
975 816 m2 495459 -0.00222628727 0.5 p-1 -127755 27
110 818 m2 499014 0.00125041674 0.5 p-1 -8565206 450
593 819 m2 499178 0.0286524948 0.5 p-1 -311833 275
111 820 m2 500526 0.00673968066 0.5 p-1 -960593 682
640 821 m2 500828 0.000878756575 0.5 p-1 -784354 295
641 822 m2 500921 -0.00475225458 0.5 p-1 -492450 189
112 823 m2 502070 2.59268404e-06 0.5 p-1 -5624179 294
113 824 m2 502070 0.00793340057 0.5 p-1 -3781192 294
114 825 m2 502079 -0.0144963562 0.5 p-1 -4870702 294
906 828 m2 503007 3.16625574e-07 0.5 p-1 -213760 109
1113 830 m2 504503 -0.00689888187 0.5 p-1 -135592 10
1553 831 m2 504532 0.00670993933 0.5 p-1 -46223 11
715 832 m2 504703 0.00198438275 0.5 p-1 -475854 317
288 834 m2 504982 -1.4956322e-07 0.5 p-1 -3332693 467
1735 835 m2 505345 0.0138018429 0.5 p-1 -67887 3
289 836 m2 506457 -0.000666649081 0.5 p-1 -13166114 624
115 837 m2 506503 0.00226621353 0.5 p-1 -2675371 1362
116 838 m2 506531 0.00186237588 0.5 p-1 -1871687 1485
970 840 m2 507850 -0.010458976 0.5 p-1 -165022 56
1566 843 m2 509643 6.9150019e-06 0.5 p-1 -20277 4
1112 844 m2 510430 0.00018694943 0.5 p-1 -208411 28
869 846 m2 513396 -9.52866159e-08 0.5 p-1 -888079 98
594 847 m2 513791 -0.0868337303 0.5 p-1 -406220 189
1114 848 m2 515147 0.00100959395 0.5 p-1 -287817 10
117 849 m2 515916 -0.000216656685 0.5 p-1 -2832586 1647
457 850 m2 516191 1.7800071e-06 0.5 p-1 -1197645 155
1623 852 m2 516830 0.00221803156 0.5 p-1 -7641 1
1072 853 m2 517874 -0.00104066578 0.5 p-1 -76499 28
1595 854 m2 518128 -0.00017549003 0.5 p-1 -13723 6
799 855 m2 518973 0.00137141114 0.5 p-1 -386090 50
1570 856 m2 519444 -8.66501887e-06 0.5 p-1 -13250 9
118 857 m2 520091 -0.0176717378 0.5 p-1 -638742 1233
870 858 m2 521119 0.00138920941 0.5 p-1 -676830 223
1727 860 m2 522381 -0.00172286609 0.5 p-1 -13247 1
871 862 m2 523309 -0.00492913555 0.5 p-1 -1420 3
1190 863 m2 525434 0.00290139252 0.5 p-1 -4335 13
947 864 m2 525831 -0.00119005982 0.5 p-1 -626927 105
1297 865 m2 525859 -0.00118571369 0.5 p-1 -28254 6
458 866 m2 527247 -0.0155391116 0.5 p-1 -264504 137
1634 867 m2 528831 -0.000202952011 0.5 p-1 -6537 1
643 868 m2 528944 -0.00228761672 0.5 p-1 -864319 181
395 869 m2 529798 2.49763474e-07 0.5 p-1 -460727 141
644 870 m2 530345 -0.0153298927 0.5 p-1 -1315809 182
459 871 m2 532024 9.32310504e-05 0.5 p-1 -1563708 1005
595 872 m2 532319 0.00694918353 0.5 p-1 -1179017 279
1184 873 m2 534870 0.0168937631 0.5 p-1 -646 4
948 874 m2 535359 5.12300576e-05 0.5 p-1 -83049 54
120 875 m2 535986 -0.00023437952 0.5 p-1 -260484 302
290 876 m2 536538 -2.83248792e-05 0.5 p-1 -2405815 739
1104 877 m2 536988 -0.0348183848 0.5 p-1 -427599 64
1453 878 m2 537311 0.00428731553 0.5 p-1 -7563 5
291 879 m2 538179 0.0396692716 0.5 p-1 -4959262 947
1831 880 m2 540577 -0.0362292305 0.5 p-1 -1690 1
1149 881 m2 541107 -1.47825085e-06 0.5 p-1 -44040 4
841 882 m2 541959 0.000484311837 0.5 p-1 -357438 218
986 883 m2 542804 -0.000154947833 0.5 p-1 -280262 74
762 884 m2 544010 0.000476123067 0.5 p-1 -1005168 83
1210 886 m2 544787 0.0339551605 0.5 p-1 -27317 10
1282 887 m2 546158 0.00324828713 0.5 p-1 -79829 27
396 888 m2 546269 0.000169942417 0.5 p-1 -8907626 1111
964 889 m2 547003 2.0808759e-06 0.5 p-1 -26718 8
121 890 m2 547198 -1.48447243e-05 0.5 p-1 -1343821 485
1036 891 m2 548910 -0.000694315182 0.5 p-1 -1491919 143
987 894 m2 549823 -0.000483153068 0.5 p-1 -1220376 26
293 895 m2 550653 -0.00672341045 0.5 p-1 -952299 821
518 896 m2 550910 0.000927664281 0.5 p-1 -3808776 277
1275 897 m2 552326 0.0116875041 0.5 p-1 -13589 7
1704 899 m2 553641 -5.47648051e-05 0.5 p-1 -4144 1
124 902 m2 554801 0.0216981601 0.5 p-1 -2071123 1995
1707 903 m2 556485 -0.00221106317 0.5 p-1 -25198 5
294 904 m2 556563 -0.0048571066 0.5 p-1 -10750491 709
126 905 m2 558107 -0.0102359764 0.5 p-1 -88451 83
831 908 m2 560008 -2.86250797e-05 0.5 p-1 -2838782 94
1015 911 m2 561703 0.00110060954 0.5 p-1 -8315 2
295 912 m2 561919 -0.00692864461 0.5 p-1 -3749149 1226
296 914 m2 563151 0.00605628593 0.5 p-1 -6800162 738
127 915 m2 564008 -0.0291553531 0.5 p-1 -3124582 1073
1311 916 m2 564882 0.00502240844 0.5 p-1 -81470 16
128 917 m2 565361 1.38627356e-05 0.5 p-1 -2413264 655
1468 918 m2 566276 0.00256650941 0.5 p-1 -33997 11
859 920 m2 566909 0.00547205936 0.5 p-1 -3909002 155
129 922 m2 569820 -0.0329371095 0.5 p-1 -1122779 824
645 923 m2 570061 0.00224451115 0.5 p-1 -600229 72
860 924 m2 571113 2.91616871e-05 0.5 p-1 -66620 36
130 925 m2 574239 -0.0066400608 0.5 p-1 -1898871 464
1119 926 m2 575521 -0.000400932797 0.5 p-1 -125851 24
131 927 m2 576207 0.00051883416 0.5 p-1 -5042931 1839
132 928 m2 576376 -0.000130719956 0.5 p-1 -1627514 873
1649 930 m2 577777 0.000403105078 0.5 p-1 -11426 4
398 932 m2 581329 0.000613760843 0.5 p-1 -554340 352
133 933 m2 581430 0.0037491105 0.5 p-1 -1786192 547
134 934 m2 581758 -0.0156337339 0.5 p-1 -2145830 393
135 935 m2 581982 -0.00331807882 0.5 p-1 -6292728 1857
1472 937 m2 584364 0.0743476376 0.5 p-1 -7765 14
1599 938 m2 584906 -5.86012766e-06 0.5 p-1 -18275 10
136 939 m2 584966 -0.00421395572 0.5 p-1 -7147744 1355
137 942 m2 585332 -0.0394200161 0.5 p-1 -1614759 1452
138 945 m2 587430 0.00403555157 0.5 p-1 -2848594 477
1673 946 m2 587599 0.00032689498 0.5 p-1 -3901 2
139 948 m2 587874 0.0109828115 0.5 p-1 -1757406 695
716 950 m2 589809 -0.00446718931 0.5 p-1 -926121 67
717 951 m2 590004 -0.00760269212 0.5 p-1 -233096 49
842 952 m2 590089 -0.00253753667 0.5 p-1 -302663 26
1369 953 m2 590091 3.05041085e-05 0.5 p-1 -4553218 27
1464 954 m2 590577 0.0114563322 0.5 p-1 -277714 14
1657 955 m2 591314 0.00701264152 0.5 p-1 -4556 3
297 957 m2 591895 -0.00457678037 0.5 p-1 -882293 183
460 958 m2 592019 -2.541916e-05 0.5 p-1 -1052843 301
907 959 m2 592248 -0.000299652689 0.5 p-1 -113327 42
298 960 m2 592660 -2.23373036e-06 0.5 p-1 -2850584 909
299 961 m2 593044 0.00268213521 0.5 p-1 -2578968 1342
785 962 m2 593534 3.55105039e-05 0.5 p-1 -159351 68
1568 963 m2 594016 -0.000324570137 0.5 p-1 -42025 7
1083 967 m2 597534 0.00230729929 0.5 p-1 -187980 13
989 968 m2 597615 0.0390858315 0.5 p-1 -392866 13
140 969 m2 597874 -0.000884174369 0.5 p-1 -2988747 1882
521 970 m2 599815 0.00161412929 0.5 p-1 -1148953 393
616 972 m2 603017 0.000932934869 0.5 p-1 -1047244 93
141 973 m2 603716 -0.000286625553 0.5 p-1 -9511998 545
617 974 m2 604118 -8.98231592e-05 0.5 p-1 -5291 19
1628 976 m2 604809 0.000492250256 0.5 p-1 -12881 2
647 977 m2 606142 0.00396836177 0.5 p-1 -1409836 104
921 978 m2 606513 -0.0103387646 0.5 p-1 -29019 5
461 979 m2 607574 -0.0405755304 0.5 p-1 -8021348 22
1609 980 m2 607890 0.000573573227 0.5 p-1 -22893 2
1307 981 m2 608047 -0.00227969 0.5 p-1 -5288 6
300 982 m2 608194 -8.25391098e-08 0.5 p-1 -1667893 250
935 983 m2 608396 0.00947650895 0.5 p-1 -60768 44
522 984 m2 609174 -0.00470727636 0.5 p-1 -428914 438
1555 985 m2 611970 0.0240953024 0.5 p-1 -35818 10
462 988 m2 618602 -0.00198519952 0.5 p-1 -1966070 272
399 990 m2 618870 0.0204521883 0.5 p-1 -4213223 533
1671 991 m2 621280 -0.00558625115 0.5 p-1 -33343 4
1418 992 m2 622140 -0.011691031 0.5 p-1 -563490 11
1806 994 m2 622929 0.000449439976 0.5 p-1 -2296 1
596 995 m2 623326 -1.29283162e-05 0.5 p-1 -858993 703
1139 997 m2 623945 -1.01154756e-05 0.5 p-1 -3740 7
990 998 m2 624616 1.25956403e-05 0.5 p-1 -45982 21
142 999 m2 624708 -2.38872303e-06 0.5 p-1 -1081486 973
908 1000 m2 626607 0.000337898993 0.5 p-1 -128915 58
597 1001 m2 626833 0.0282177757 0.5 p-1 -417655 302
301 1002 m2 626926 0.0152559411 0.5 p-1 -561085 339
1068 1004 m2 628859 -0.00224804762 0.5 p-1 -91294 21
302 1005 m2 628879 -0.000677708129 0.5 p-1 -6543889 1459
1328 1006 m2 628933 0.0144386711 0.5 p-1 -634720 17
861 1007 m2 630562 0.00506584439 0.5 p-1 -303908 163
303 1008 m2 630643 -0.000624348701 0.5 p-1 -661516 215
1419 1009 m2 630738 5.95915708e-07 0.5 p-1 -90397 14
1823 1010 m2 631251 -4.96176824e-08 0.5 p-1 -69820 1
524 1011 m2 631661 -0.00332720042 0.5 p-1 -660518 350
1797 1012 m2 632397 0.000387172739 0.5 p-1 -22428 3
525 1013 m2 632972 2.41583275e-05 0.5 p-1 -2521627 507
1320 1014 m2 633414 -0.0219210032 0.5 p-1 -147069 27
463 1016 m2 635037 -0.0412623398 0.5 p-1 -4128428 907
893 1018 m2 637127 0.0396305919 0.5 p-1 -553228 116
1574 1020 m2 638675 -0.031160295 0.5 p-1 -9443 4
304 1023 m2 641326 0.0820606127 0.5 p-1 -7819812 767
1286 1024 m2 641725 -0.00710213417 0.5 p-1 -4707 3
696 1025 m2 642211 0.0166397523 0.5 p-1 -321327 113
402 1026 m2 642213 -0.0017103923 0.5 p-1 -164370 73
145 1027 m2 642529 -0.00658154069 0.5 p-1 -15443296 1538
1414 1028 m2 643041 0.000134074173 0.5 p-1 -22233 6
1814 1031 m2 645858 0.00062772003 0.5 p-1 -1151 2
1624 1032 m2 646205 3.87195431e-09 0.5 p-1 -33103 5
1321 1033 m2 646437 0.0162029117 0.5 p-1 -18771 9
1738 1036 m2 649058 -0.00322452304 0.5 p-1 -806516 1
404 1037 m2 649210 -0.00524621457 0.5 p-1 -1040081 615
405 1038 m2 649534 0.00957126264 0.5 p-1 -924219 469
1150 1040 m2 650753 4.74869994e-05 0.5 p-1 -261672 39
146 1041 m2 650949 5.20918038e-05 0.5 p-1 -743458 372
1162 1045 m2 655048 0.0457079001 0.5 p-1 -75080 17
1053 1046 m2 655832 0.00485490076 0.5 p-1 -1409364 172
949 1047 m2 659069 0.0273611546 0.5 p-1 -16783 31
1175 1048 m2 659948 -0.000362132851 0.5 p-1 -15115 17
1217 1049 m2 660386 -9.2453156e-05 0.5 p-1 -21018 12
743 1050 m2 660617 -0.00464726705 0.5 p-1 -57819 7
1506 1051 m2 660727 -0.0138393724 0.5 p-1 -101447 14
885 1052 m2 661135 0.00589171145 0.5 p-1 -225987 230
564 1053 m2 661161 -0.0280728582 0.5 p-1 -1120369 107
407 1054 m2 661181 -0.00189714693 0.5 p-1 -490987 160
1537 1056 m2 661976 0.0492724963 0.5 p-1 -3955 5
1329 1058 m2 662657 1.93908068e-06 0.5 p-1 -1257 3
1801 1059 m2 663623 -0.00392937474 0.5 p-1 -7874 1
148 1060 m2 664160 -0.0198174343 0.5 p-1 -2139695 1860
526 1062 m2 667256 0.0344788767 0.5 p-1 -486399 79
306 1063 m2 667322 -0.0328263193 0.5 p-1 -9517436 1235
1509 1064 m2 667385 -0.0138645321 0.5 p-1 -3337 4
1469 1065 m2 668000 -0.0413710773 0.5 p-1 -1603798 29
1016 1066 m2 668781 -1.12461225e-06 0.5 p-1 -180360 51
1722 1067 m2 669703 9.46067757e-06 0.5 p-1 -12515 3
1590 1068 m2 670440 0.003232294 0.5 p-1 -27833 3
744 1069 m2 670534 0.0015640381 0.5 p-1 -531914 144
1608 1070 m2 671026 0.040601071 0.5 p-1 -681536 4
149 1071 m2 671559 -1.02826334e-05 0.5 p-1 -3559335 998
618 1073 m2 674581 -0.0298855659 0.5 p-1 -69963 52
409 1074 m2 674859 -2.05085146e-12 0.5 p-1 -9290166 132
843 1076 m2 677290 -4.61794953e-05 0.5 p-1 -20118 5
599 1077 m2 678196 -0.0594706312 0.5 p-1 -7764 17
464 1078 m2 679525 -0.000527440745 0.5 p-1 -590265 412
718 1079 m2 682610 -0.0214666985 0.5 p-1 -741941 131
1156 1080 m2 683564 0.012145428 0.5 p-1 -118979 11
1374 1081 m2 684279 -2.04829036e-07 0.5 p-1 -10239 9
719 1082 m2 685511 0.000467831851 0.5 p-1 -316505 104
1003 1083 m2 685590 -0.00388339791 0.5 p-1 -207504 85
527 1084 m2 686439 -0.0075585926 0.5 p-1 -4989081 743
1236 1085 m2 686481 -7.74050568e-05 0.5 p-1 -58658 4
650 1086 m2 688236 -0.00322976639 0.5 p-1 -434465 161
651 1087 m2 688629 0.0227854419 0.5 p-1 -356159 39
308 1088 m2 688650 0.00405188324 0.5 p-1 -1949595 972
801 1089 m2 688806 -0.00121766177 0.5 p-1 -138394 86
1306 1090 m2 689056 2.82287001e-05 0.5 p-1 -3179 11
565 1092 m2 691132 0.00302461348 0.5 p-1 -6020450 188
1171 1093 m2 692453 0.0136570968 0.5 p-1 -1966032 18
309 1094 m2 692502 0.000597996695 0.5 p-1 -722321 486
1192 1096 m2 693157 0.000382283033 0.5 p-1 -107620 38
1748 1097 m2 695195 -0.0041301134 0.5 p-1 -9150 2
652 1098 m2 695351 0.000159801333 0.5 p-1 -379913 320
410 1099 m2 695775 -0.00206966046 0.5 p-1 -5066462 244
1316 1101 m2 695977 0.00430186745 0.5 p-1 -23102 16
653 1102 m2 696574 0.00253730942 0.5 p-1 -340294 370
1120 1103 m2 697576 9.71092886e-05 0.5 p-1 -20895 13
1796 1104 m2 698193 0.00965910032 0.5 p-1 -79334 1
1604 1105 m2 698384 5.4702009e-06 0.5 p-1 -17176 3
802 1106 m2 698436 -0.0140401972 0.5 p-1 -4663830 84
151 1108 m2 698992 -0.057206288 0.5 p-1 -1182139 809
1259 1109 m2 699218 4.5294677e-05 0.5 p-1 -8183 2
1361 1110 m2 700748 -0.013651235 0.5 p-1 -16856 11
1353 1111 m2 702330 -0.000689953973 0.5 p-1 -51519 13
152 1112 m2 702727 0.0243205726 0.5 p-1 -14808 9
1473 1113 m2 702775 0.0116822636 0.5 p-1 -1550 4
1426 1114 m2 702862 0.00967320334 0.5 p-1 -27923 8
411 1115 m2 702868 -5.37573942e-05 0.5 p-1 -5389475 1104
1736 1116 m2 702889 -0.000823132461 0.5 p-1 -2138 2
1773 1117 m2 703369 -0.0316209793 0.5 p-1 -65158 3
1121 1118 m2 703772 -4.82689844e-09 0.5 p-1 -16962 9
465 1120 m2 706007 0.0105961049 0.5 p-1 -190529 343
1378 1122 m2 707348 -0.000320238149 0.5 p-1 -20519 7
1019 1123 m2 707397 -0.00139836548 0.5 p-1 -438453 15
1313 1125 m2 707857 -0.00173825538 0.5 p-1 -44846 15
679 1126 m2 708359 -0.000724085257 0.5 p-1 -849872 184
1335 1129 m2 710199 -0.0364117399 0.5 p-1 -2445 9
1521 1130 m2 710249 -0.0128824636 0.5 p-1 -91 3
977 1132 m2 710705 0.0332451798 0.5 p-1 -321461 8
872 1133 m2 710806 0.030194493 0.5 p-1 -461194 85
697 1134 m2 711073 4.33373017e-08 0.5 p-1 -60985 36
1672 1135 m2 711816 -0.00900974032 0.5 p-1 -60011 5
950 1136 m2 713119 -0.0316734686 0.5 p-1 -93611 62
153 1137 m2 713181 0.00460929004 0.5 p-1 -1835584 1075
466 1138 m2 713292 -0.0365720652 0.5 p-1 -3396565 578
1388 1139 m2 714009 1.65284653e-09 0.5 p-1 -8525 5
154 1141 m2 715033 -0.0683931261 0.5 p-1 -10277279 1854
313 1143 m2 716889 0.0119805746 0.5 p-1 -159121 76
467 1144 m2 717513 -3.2099997e-05 0.5 p-1 -736618 167
600 1145 m2 718301 0.00818848796 0.5 p-1 -860388 210
1480 1146 m2 718306 -0.00186404877 0.5 p-1 -40518 23
910 1150 m2 721757 0.000876841485 0.5 p-1 -131123 59
601 1151 m2 721832 -0.0138167031 0.5 p-1 -1580226 551
1481 1152 m2 721967 -0.00023227674 0.5 p-1 -393292 28
654 1153 m2 722212 -1.68393417e-05 0.5 p-1 -138274 9
1336 1155 m2 723139 0.00295563717 0.5 p-1 -2692 9
155 1156 m2 725381 0.00155265909 0.5 p-1 -315211 34
315 1158 m2 726178 -0.0155239198 0.5 p-1 -3279375 1037
1457 1159 m2 727791 -8.2458173e-06 0.5 p-1 -51661 4
681 1160 m2 729496 0.023986185 0.5 p-1 -6182760 345
157 1162 m2 731303 -2.65092444e-06 0.5 p-1 -1938129 1391
619 1163 m2 731438 -0.00533596566 0.5 p-1 -240978 72
655 1164 m2 732627 -4.1812811e-09 0.5 p-1 -456472 100
1474 1165 m2 734368 -0.0342932716 0.5 p-1 -19508 8
894 1167 m2 735308 0.00373101863 0.5 p-1 -59125 61
932 1169 m2 737040 0.0139477635 0.5 p-1 -245428 115
158 1170 m2 738469 8.8499728e-06 0.5 p-1 -3457625 1079
159 1171 m2 739493 -0.00965752918 0.5 p-1 -3346634 1813
567 1172 m2 739644 4.00049451e-08 0.5 p-1 -202176 154
602 1173 m2 741356 -0.00807242282 0.5 p-1 -3120 10
316 1174 m2 742133 -3.10164592e-06 0.5 p-1 -4561709 1022
1133 1175 m2 742205 -1.43055322e-05 0.5 p-1 -343187 22
1575 1176 m2 743069 -0.00322726439 0.5 p-1 -3663 11
317 1178 m2 743429 -0.0631802008 0.5 p-1 -2359389 852
911 1179 m2 744032 -2.02145438e-05 0.5 p-1 -90117 96
1238 1180 m2 744294 -0.0245459788 0.5 p-1 -131857 3
1088 1181 m2 744425 0.00380717916 0.5 p-1 -2005307 248
1106 1182 m2 745566 0.0165227521 0.5 p-1 -62634 25
1044 1184 m2 745926 -0.000912473013 0.5 p-1 -109426 16
1484 1185 m2 746100 -0.000661465223 0.5 p-1 -76695 5
1539 1186 m2 746621 -0.01766463 0.5 p-1 -1201 1
720 1187 m2 747543 0.00102510303 0.5 p-1 -9740374 312
413 1188 m2 748260 -0.000310515083 0.5 p-1 -217565 177
1443 1189 m2 748400 0.0317635648 0.5 p-1 -17826 4
1074 1190 m2 748756 0.00769465463 0.5 p-1 -148417 137
1017 1191 m2 748781 -1.48913728e-07 0.5 p-1 -30305 8
1445 1193 m2 749377 0.000305307592 0.5 p-1 -229 7
468 1194 m2 749865 0.00202135276 0.5 p-1 -285506 135
319 1195 m2 749928 -0.00336878747 0.5 p-1 -1826097 772
1629 1198 m2 752228 0.00789749622 0.5 p-1 -12025 5
320 1199 m2 753422 0.00316724344 0.5 p-1 -2084396 1801
469 1201 m2 755147 0.00298189768 0.5 p-1 -1268931 818
1427 1202 m2 755187 -1.0196711e-07 0.5 p-1 -64807 13
656 1203 m2 755334 -0.000522748975 0.5 p-1 -561976 14
1075 1204 m2 755655 0.000258601649 0.5 p-1 -293852 42
529 1205 m2 756376 -2.20444736e-06 0.5 p-1 -211102 285
1482 1206 m2 756918 -0.000542844587 0.5 p-1 -198591 25
1405 1208 m2 757913 -0.000326580048 0.5 p-1 -50831 7
414 1209 m2 758384 6.35113174e-05 0.5 p-1 -3508543 803
1458 1210 m2 758404 0.00486984011 0.5 p-1 -20834 3
621 1211 m2 759917 -0.000321262749 0.5 p-1 -1411099 297
161 1212 m2 760389 -0.00831599347 0.5 p-1 -177299 165
1319 1213 m2 761093 0.0234634373 0.5 p-1 -4049 2
415 1215 m2 763189 0.0103900284 0.5 p-1 -5348259 580
1076 1216 m2 763233 -0.0172284301 0.5 p-1 -719167 43
1370 1217 m2 763389 -0.00558537245 0.5 p-1 -49667 20
321 1218 m2 763718 0.00487428345 0.5 p-1 -6699601 1661
1084 1219 m2 765404 0.00157796207 0.5 p-1 -238593 20
682 1220 m2 766101 0.000800349226 0.5 p-1 -86089 58
568 1221 m2 767639 -0.000147621628 0.5 p-1 -3432 3
745 1222 m2 767795 0.00929533597 0.5 p-1 -430456 80
1597 1223 m2 768042 -9.60975522e-05 0.5 p-1 -4665 6
1827 1226 m2 769804 -0.042695798 0.5 p-1 -2399 2
470 1227 m2 771221 0.000262248068 0.5 p-1 -1991283 251
418 1228 m2 771625 0.0387319177 0.5 p-1 -474707 351
162 1229 m2 772207 -0.0162431654 0.5 p-1 -3147089 612
1692 1230 m2 773384 -0.0386460796 0.5 p-1 -42804 2
1096 1231 m2 773390 -7.47517743e-06 0.5 p-1 -43938 39
1523 1232 m2 774063 -0.00286908867 0.5 p-1 -12818 2
1077 1233 m2 774915 0.00230512954 0.5 p-1 -27152 16
1223 1234 m2 775024 -0.0274627656 0.5 p-1 -92028 30
1513 1235 m2 776268 -0.00258083339 0.5 p-1 -33473 2
163 1236 m2 776816 0.000123076417 0.5 p-1 -79880 78
1774 1237 m2 777674 -0.00868593249 0.5 p-1 -5969 1
164 1238 m2 778039 -0.00333409198 0.5 p-1 -9354551 1393
1261 1239 m2 778122 -0.0317675322 0.5 p-1 -38633 8
873 1240 m2 779170 -0.000437890092 0.5 p-1 -102948 39
165 1241 m2 779172 -0.00833758526 0.5 p-1 -3558653 1380
1229 1242 m2 779236 0.000454878842 0.5 p-1 -112915 21
886 1243 m2 779617 0.000175688081 0.5 p-1 -3076141 273
472 1244 m2 780878 -0.00132971536 0.5 p-1 -507273 55
530 1245 m2 780967 4.10521279e-05 0.5 p-1 -461339 232
874 1247 m2 783534 -0.000385191001 0.5 p-1 -1120050 77
419 1250 m2 785183 0.035387855 0.5 p-1 -1203332 912
420 1251 m2 786455 0.000666203676 0.5 p-1 -538595 155
166 1253 m2 786927 0.0107234763 0.5 p-1 -347101 277
1078 1255 m2 788410 0.00727875438 0.5 p-1 -183484 76
531 1256 m2 788533 3.81763784e-05 0.5 p-1 -354624 563
322 1258 m2 790169 0.000455510279 0.5 p-1 -2705229 1414
1089 1259 m2 791148 0.0272563864 0.5 p-1 -46510 5
167 1260 m2 792182 -0.0150053436 0.5 p-1 -2591277 1766
473 1261 m2 792339 -0.000159890289 0.5 p-1 -1022471 237
699 1262 m2 792358 -0.000296626502 0.5 p-1 -114930 21
622 1263 m2 792605 0.00306949019 0.5 p-1 -194539 123
1424 1264 m2 792688 -1.09779021e-05 0.5 p-1 -24917 17
803 1266 m2 792916 -0.000360971637 0.5 p-1 -303673 98
1204 1267 m2 793517 1.64377379e-05 0.5 p-1 -2883073 83
1428 1268 m2 794171 0.0028014665 0.5 p-1 -42800 4
887 1270 m2 797131 -0.0185229573 0.5 p-1 -28897 8
1246 1271 m2 799354 -0.000729126914 0.5 p-1 -4612649 106
915 1273 m2 800233 -0.000292817276 0.5 p-1 -238404 145
832 1274 m2 801719 0.00399165927 0.5 p-1 -720 17
168 1279 m2 803988 1.09405628e-05 0.5 p-1 -6090586 1155
169 1280 m2 804603 2.56707864e-07 0.5 p-1 -891430 1155
1792 1281 m2 805582 0.0125948275 0.5 p-1 -1675 1
1852 1282 m2 805970 0.00061758334 0.5 p-1 -251 1
623 1283 m2 806317 -0.00923729036 0.5 p-1 -373799 173
1265 1284 m2 806445 -2.25110816e-05 0.5 p-1 -508650 28
1195 1285 m2 806503 0.0220243074 0.5 p-1 -3675 3
1440 1286 m2 807136 -0.002442169 0.5 p-1 -73630 3
819 1287 m2 807538 -4.24007567e-07 0.5 p-1 -118019 12
323 1288 m2 808017 -0.00103268097 0.5 p-1 -4008562 1574
1841 1289 m2 808106 0.0483113378 0.5 p-1 -236603 1
1395 1290 m2 808193 -0.0145697342 0.5 p-1 -13683 9
532 1291 m2 808294 -0.0772427469 0.5 p-1 -591157 118
474 1292 m2 809386 0.026836792 0.5 p-1 -916558 64
1115 1293 m2 809562 0.0175046753 0.5 p-1 -38373 15
1020 1294 m2 810193 4.68492954e-06 0.5 p-1 -40791 28
170 1295 m2 811021 1.97066854e-07 0.5 p-1 -2369941 1611
997 1296 m2 811374 -0.013698197 0.5 p-1 -254892 123
1260 1297 m2 811599 0.00665529864 0.5 p-1 -15124 7
1045 1299 m2 813916 6.31834555e-05 0.5 p-1 -1638061 36
1399 1300 m2 813950 -0.0109757055 0.5 p-1 -178998 19
475 1301 m2 814242 0.0040540332 0.5 p-1 -1975561 174
1775 1302 m2 814512 -0.0457023531 0.5 p-1 -18716 1
1037 1303 m2 815039 0.00307661504 0.5 p-1 -20895 8
833 1305 m2 815345 0.00296791061 0.5 p-1 -367493 58
957 1306 m2 816634 -0.0259852447 0.5 p-1 -49491 20
1666 1307 m2 817517 0.000793440209 0.5 p-1 -1298 4
1763 1308 m2 817903 -0.00667530531 0.5 p-1 -9334 1
965 1310 m2 818181 0.001216106 0.5 p-1 -13316 6
700 1311 m2 818805 -0.00331221451 0.5 p-1 -201632 75
1790 1312 m2 819254 0.0121141076 0.5 p-1 -4740 2
1516 1313 m2 820067 -0.000334438635 0.5 p-1 -199 1
1342 1314 m2 820901 -0.0132562779 0.5 p-1 -47978 9
1602 1315 m2 821246 -2.24821561e-05 0.5 p-1 -63470 9
173 1318 m2 821887 4.0913641e-05 0.5 p-1 -799122 293
421 1319 m2 823154 -0.00590340095 0.5 p-1 -7310216 146
174 1320 m2 824546 0.000314843608 0.5 p-1 -13708318 1051
1449 1321 m2 825114 -0.00586983655 0.5 p-1 -154768 5
326 1322 m2 828174 -8.71780048e-06 0.5 p-1 -1473038 478
327 1323 m2 829692 -0.00302920048 0.5 p-1 -7408917 1013
1254 1324 m2 830715 0.018467186 0.5 p-1 -223544 25
1501 1325 m2 831098 -0.00925124157 0.5 p-1 -64950 4
328 1326 m2 832895 -0.00523692323 0.5 p-1 -5379262 1279
329 1327 m2 833003 0.009348155 0.5 p-1 -4722490 1402
1283 1328 m2 833489 -0.0916214734 0.5 p-1 -53855 8
477 1329 m2 834313 0.00367836002 0.5 p-1 -9748909 121
1420 1330 m2 836179 2.05308443e-05 0.5 p-1 -290819 21
1610 1331 m2 836626 0.000300462096 0.5 p-1 -4177 2
845 1332 m2 836796 -0.00326782605 0.5 p-1 -195668 109
423 1333 m2 836939 0.0167337637 0.5 p-1 -12375604 1083
1301 1334 m2 837881 -0.0437900908 0.5 p-1 -49275 14
331 1335 m2 837996 0.0135287922 0.5 p-1 -9303223 641
177 1336 m2 838646 -0.0129759051 0.5 p-1 -2858432 1429
1359 1337 m2 839112 -0.00864094123 0.5 p-1 -11970 4
178 1338 m2 839141 -0.00389647414 0.5 p-1 -713196 946
604 1339 m2 840600 8.5622094e-05 0.5 p-1 -426155 78
179 1340 m2 840605 4.59659168e-05 0.5 p-1 -506754 438
180 1341 m2 840684 -8.18898684e-07 0.5 p-1 -3144758 843
181 1342 m2 841409 -0.0131356986 0.5 p-1 -988304 491
747 1343 m2 842275 0.0129031045 0.5 p-1 -53322 51
332 1344 m2 842925 -3.07133337e-06 0.5 p-1 -163613 14
183 1345 m2 843486 4.64931964e-06 0.5 p-1 -1926627 923
1005 1346 m2 843675 0.0166188609 0.5 p-1 -180072 14
1247 1347 m2 844125 0.0193017125 0.5 p-1 -1153512 60
1248 1348 m2 844191 -0.000538304215 0.5 p-1 -2068409 60
701 1349 m2 845229 -0.0232962463 0.5 p-1 -489761 279
185 1350 m2 845776 0.0024475609 0.5 p-1 -4034333 1321
333 1351 m2 845844 -0.00154709257 0.5 p-1 -992669 353
186 1352 m2 846821 -0.0102827344 0.5 p-1 -8706126 1065
805 1353 m2 847042 3.76507596e-05 0.5 p-1 -835799 317
767 1354 m2 847178 -0.0413270891 0.5 p-1 -528830 208
533 1355 m2 847459 -0.0295709278 0.5 p-1 -282279 155
1021 1356 m2 847548 1.91269428e-05 0.5 p-1 -448536 70
1433 1357 m2 847930 0.00244940771 0.5 p-1 -55834 5
534 1359 m2 848780 0.000690322777 0.5 p-1 -226026 172
605 1360 m2 849183 2.50550092e-05 0.5 p-1 -41316 8
479 1362 m2 850506 -0.00469966885 0.5 p-1 -833833 547
424 1363 m2 850606 -0.00159306359 0.5 p-1 -2543347 1162
1205 1364 m2 852472 -0.00366736343 0.5 p-1 -15085 34
1177 1365 m2 852849 0.0010878942 0.5 p-1 -100093 56
1046 1366 m2 853837 8.9651192e-05 0.5 p-1 -315372 47
1825 1367 m2 853910 -0.000166053069 0.5 p-1 -4025 2
721 1368 m2 854202 -0.0163930096 0.5 p-1 -109519 27
966 1369 m2 854506 -0.00101551658 0.5 p-1 -386245 161
980 1370 m2 854697 0.0077187065 0.5 p-1 -53369 11
1422 1371 m2 855923 -0.000978564611 0.5 p-1 -410100 13
425 1373 m2 858183 0.0308111235 0.5 p-1 -927099 364
624 1374 m2 858515 0.105335012 0.5 p-1 -551389 89
188 1375 m2 859165 5.37743763e-05 0.5 p-1 -4696458 1819
189 1376 m2 859179 -0.00102449651 0.5 p-1 -13478914 1804
606 1377 m2 859317 4.41587545e-05 0.5 p-1 -1060802 352
1185 1378 m2 859886 0.000778653659 0.5 p-1 -970 2
1206 1379 m2 860433 -0.0101697631 0.5 p-1 -32608 35
768 1380 m2 860449 0.0109777479 0.5 p-1 -1204015 143
769 1381 m2 860511 0.00028586539 0.5 p-1 -778275 143
480 1382 m2 860902 2.68722687e-07 0.5 p-1 -1318866 868
481 1383 m2 864829 0.00418948755 0.5 p-1 -698776 281
482 1384 m2 864860 0.000113057242 0.5 p-1 -27399 20
748 1385 m2 865280 0.000116899748 0.5 p-1 -8808247 431
190 1386 m2 865401 -0.000860876346 0.5 p-1 -944248 100
191 1387 m2 865510 -0.000211858103 0.5 p-1 -2762016 1569
483 1388 m2 866343 -0.00630166847 0.5 p-1 -7299556 486
1011 1389 m2 866744 0.000502363255 0.5 p-1 -4870 5
875 1390 m2 867608 -7.81640992e-05 0.5 p-1 -322231 120
820 1391 m2 867945 0.000825185212 0.5 p-1 -84999 39
1026 1392 m2 867994 -0.0132868085 0.5 p-1 -59505 38
1778 1394 m2 868836 -0.00482699601 0.5 p-1 -1940 1
770 1395 m2 868900 -0.0110418713 0.5 p-1 -103942 73
1312 1396 m2 868943 0.0031729464 0.5 p-1 -1426225 17
192 1397 m2 869048 -3.22981508e-09 0.5 p-1 -6124843 1948
571 1399 m2 870580 0.000928975933 0.5 p-1 -4261673 564
1337 1400 m2 871024 -0.085310258 0.5 p-1 -201210 40
335 1401 m2 871142 0.00146457716 0.5 p-1 -361346 232
1743 1402 m2 871959 -0.0535079055 0.5 p-1 -8503 5
1725 1404 m2 874051 2.81964645e-07 0.5 p-1 -3999 2
484 1405 m2 874225 0.0328495577 0.5 p-1 -1305179 536
193 1406 m2 874595 0.00794838555 0.5 p-1 -1134035 1164
1718 1409 m2 876919 -0.0178063326 0.5 p-1 -9383 2
194 1410 m2 878251 -0.000147623054 0.5 p-1 -7438591 1634
863 1412 m2 879898 -0.000935555901 0.5 p-1 -141192 63
1032 1413 m2 879921 -0.0119335698 0.5 p-1 -78391 45
337 1414 m2 880450 0.0169219151 0.5 p-1 -1812028 214
1047 1415 m2 880834 -0.00433023041 0.5 p-1 -165324 38
658 1420 m2 884386 -0.000176181551 0.5 p-1 -1064717 941
786 1421 m2 884833 -0.00822343584 0.5 p-1 -3571248 390
846 1422 m2 885447 0.036254216 0.5 p-1 -3169398 209
847 1423 m2 886146 0.0309315287 0.5 p-1 -697991 200
536 1424 m2 886712 0.00516670756 0.5 p-1 -147032 44
572 1425 m2 887331 0.000230651043 0.5 p-1 -2908330 254
659 1426 m2 888192 0.00703323912 0.5 p-1 -865522 242
683 1427 m2 889126 -0.000151369488 0.5 p-1 -1249649 414
1730 1428 m2 889694 -0.0119467303 0.5 p-1 -208 1
1416 1429 m2 890154 -0.0020114535 0.5 p-1 -275388 19
1098 1430 m2 890323 -0.0191084687 0.5 p-1 -362229 25
1006 1433 m2 892228 0.00120261405 0.5 p-1 -224000 131
1029 1434 m2 892426 -0.000212918152 0.5 p-1 -98057 39
1048 1435 m2 892592 -0.0001037978 0.5 p-1 -41616 12
1165 1436 m2 892598 1.91765921e-05 0.5 p-1 -169559 8
1460 1439 m2 897230 -0.00170491182 0.5 p-1 -3505 4
1007 1440 m2 897248 -0.00469059357 0.5 p-1 -653906 31
1086 1441 m2 897920 -0.00118350564 0.5 p-1 -5317 3
918 1443 m2 898790 0.00498746708 0.5 p-1 -364152 142
485 1446 m2 899679 -0.000681140984 0.5 p-1 -65366 91
538 1447 m2 900532 -0.00347526674 0.5 p-1 -2661109 786
1441 1448 m2 900738 -0.0274765007 0.5 p-1 -32807 4
197 1450 m2 901493 -3.35581035e-06 0.5 p-1 -1934396 967
1810 1451 m2 901745 -0.000102461861 0.5 p-1 -568 1
539 1452 m2 901910 -0.00697213877 0.5 p-1 -1068093 228
787 1453 m2 902679 -0.00259138085 0.5 p-1 -492437 158
1308 1455 m2 904108 -0.00349311926 0.5 p-1 -9804 8
198 1457 m2 907860 0.0250899233 0.5 p-1 -5452084 1690
684 1458 m2 908154 -0.0253704321 0.5 p-1 -141697 63
199 1459 m2 910132 -0.0127330134 0.5 p-1 -684984 176
200 1460 m2 910759 0.0567474701 0.5 p-1 -2170483 495
625 1461 m2 912190 -0.00865128357 0.5 p-1 -9688419 165
951 1462 m2 912890 0.00169752969 0.5 p-1 -74646 74
339 1464 m2 913131 0.000144399761 0.5 p-1 -1566891 258
626 1466 m2 914349 0.000617407786 0.5 p-1 -904410 192
1362 1467 m2 914663 0.000119480821 0.5 p-1 -174778 3
202 1469 m2 915665 -0.010116688 0.5 p-1 -222758 87
486 1470 m2 915747 -0.00408135401 0.5 p-1 -351437 316
204 1472 m2 917177 4.03426611e-06 0.5 p-1 -2338519 1268
1793 1473 m2 917564 -0.0104606459 0.5 p-1 -12620 2
685 1474 m2 917758 0.0521021709 0.5 p-1 -96523 56
865 1476 m2 920367 -0.000845891656 0.5 p-1 -328077 68
1811 1477 m2 920603 -0.000555207604 0.5 p-1 -3823 2
1079 1478 m2 923204 -0.00454335054 0.5 p-1 -116629 58
1270 1479 m2 923351 -0.00529932836 0.5 p-1 -18459 10
340 1480 m2 924010 0.00566299399 0.5 p-1 -543629 338
341 1481 m2 924763 0.000411193323 0.5 p-1 -649024 95
1455 1482 m2 924859 -2.36109372e-05 0.5 p-1 -707576 9
206 1483 m2 925860 0.011128461 0.5 p-1 -2285131 1424
1141 1484 m2 926735 0.000404717372 0.5 p-1 -64330 19
686 1485 m2 929657 0.00251630065 0.5 p-1 -56739 26
1363 1486 m2 930208 -0.00645261304 0.5 p-1 -73738 7
207 1487 m2 930550 -0.0013314049 0.5 p-1 -3171703 941
1789 1488 m2 930752 -9.41489561e-05 0.5 p-1 -3734 1
1255 1489 m2 931355 -5.1378338e-05 0.5 p-1 -17170 15
1603 1490 m2 933544 -4.95052191e-05 0.5 p-1 -20530 4
822 1491 m2 933766 0.000150514257 0.5 p-1 -31581 50
1178 1492 m2 934055 0.0238108598 0.5 p-1 -17153 28
208 1493 m2 934126 0.000499160145 0.5 p-1 -7719767 1422
749 1494 m2 934507 -0.0846883804 0.5 p-1 -1423989 81
342 1495 m2 935456 0.000242379014 0.5 p-1 -564887 737
209 1496 m2 937019 -0.0111487536 0.5 p-1 -1590202 1262
1107 1497 m2 937900 5.37636661e-05 0.5 p-1 -67350 36
1330 1498 m2 939019 0.000719857751 0.5 p-1 -41093 19
1338 1499 m2 940157 0.000127158375 0.5 p-1 -93740 26
1331 1500 m2 941250 0.00129159121 0.5 p-1 -78829 34
835 1501 m2 941387 0.00172394596 0.5 p-1 -957838 107
895 1502 m2 942245 -0.00260545523 0.5 p-1 -789201 173
933 1503 m2 942581 0.00705778925 0.5 p-1 -731573 51
1709 1505 m2 943373 0.0119111221 0.5 p-1 -10625 4
750 1506 m2 944127 -0.00177453645 0.5 p-1 -1602 2
1720 1508 m2 944979 -0.00864602905 0.5 p-1 -7011 1
1372 1509 m2 945348 -0.00311650988 0.5 p-1 -45146 14
487 1510 m2 946333 -0.0322904624 0.5 p-1 -1622123 100
488 1511 m2 946535 4.26140696e-06 0.5 p-1 -5078559 708
428 1513 m2 947922 0.0055551785 0.5 p-1 -1373693 832
540 1514 m2 948802 -0.00193348178 0.5 p-1 -268716 234
972 1515 m2 949312 -0.000105404302 0.5 p-1 -62212 38
210 1518 m2 951305 -0.0200678203 0.5 p-1 -2267658 1259
211 1521 m2 952380 0.00950487703 0.5 p-1 -2694925 851
1544 1523 m2 953625 0.000111980684 0.5 p-1 -159486 5
627 1524 m2 956169 0.0107384762 0.5 p-1 -568643 259
212 1526 m2 956538 -0.00272823032 0.5 p-1 -795798 326
1157 1527 m2 956619 1.24195674e-06 0.5 p-1 -12326 17
849 1528 m2 957546 -4.5591525e-10 0.5 p-1 -19196 8
687 1529 m2 958303 -0.00757305603 0.5 p-1 -3438775 150
213 1530 m2 958350 -3.71815645e-06 0.5 p-1 -4806976 1241
1496 1531 m2 958932 -0.00116910867 0.5 p-1 -15039 7
773 1534 m2 960917 -0.0220005754 0.5 p-1 -1062168 129
661 1535 m2 961120 -2.22971594e-05 0.5 p-1 -1526622 330
1757 1536 m2 961777 -0.0356684998 0.5 p-1 -2122 1
1212 1537 m2 963018 2.99865169e-05 0.5 p-1 -282638 20
1213 1538 m2 963750 0.00820371322 0.5 p-1 -262447 27
1242 1539 m2 963978 1.72714533e-06 0.5 p-1 -847743 74
806 1540 m2 964965 0.0463870466 0.5 p-1 -3176658 381
345 1541 m2 965112 -0.0407126509 0.5 p-1 -2391224 946
346 1542 m2 965130 0.00124602462 0.5 p-1 -2127604 946
807 1543 m2 965190 -0.000759593444 0.5 p-1 -994411 381
1549 1546 m2 966514 -0.0704112649 0.5 p-1 -133917 11
1063 1549 m2 967483 0.0239114463 0.5 p-1 -1290 3
541 1550 m2 967727 -0.000181063282 0.5 p-1 -139439 14
1452 1551 m2 968338 -0.0285850596 0.5 p-1 -653178 22
1760 1552 m2 969591 0.0673002377 0.5 p-1 -12875 2
1682 1553 m2 970438 0.000257381529 0.5 p-1 -52845 7
808 1554 m2 970481 0.0741978958 0.5 p-1 -868355 113
1691 1555 m2 970730 -0.00304544694 0.5 p-1 -8879 2
1038 1556 m2 971001 0.000691696885 0.5 p-1 -42850 17
489 1557 m2 972044 -0.0113902511 0.5 p-1 -822252 251
1386 1559 m2 972501 -0.000480155606 0.5 p-1 -110366 17
1130 1560 m2 973158 -0.0105121834 0.5 p-1 -24950 11
348 1561 m2 973215 -0.000388165325 0.5 p-1 -13302122 633
1179 1562 m2 973765 -0.0286022015 0.5 p-1 -27050 20
1829 1563 m2 973908 0.000412713067 0.5 p-1 -49971 2
430 1564 m2 974390 -0.049885653 0.5 p-1 -2388240 335
349 1565 m2 974870 0.00044344872 0.5 p-1 -3133728 942
1849 1566 m2 975516 0.0122918533 0.5 p-1 -3811 1
1197 1567 m2 976693 -0.00201780722 0.5 p-1 -95142 11
1780 1568 m2 977172 8.80081998e-08 0.5 p-1 -240641 3
490 1569 m2 977479 -0.0165185016 0.5 p-1 -3322598 44
216 1570 m2 977530 4.60020317e-07 0.5 p-1 -4619066 857
217 1571 m2 977718 -0.00107501133 0.5 p-1 -1987377 312
542 1572 m2 977978 -0.000443306082 0.5 p-1 -4341288 497
1240 1573 m2 977984 -3.26987793e-05 0.5 p-1 -334961 6
1715 1574 m2 978598 1.76667743e-06 0.5 p-1 -42136 2
1803 1575 m2 978690 -0.00806971453 0.5 p-1 -676 2
350 1576 m2 978954 0.000198432477 0.5 p-1 -2302273 989
351 1577 m2 979376 0.0445914604 0.5 p-1 -2413665 637
543 1578 m2 979394 0.0020060828 0.5 p-1 -4328423 471
218 1579 m2 979435 9.3311337e-06 0.5 p-1 -8243460 1420
823 1580 m2 979684 -0.022103196 0.5 p-1 -924670 118
1638 1582 m2 979884 -0.0197537914 0.5 p-1 -6206 1
1043 1584 m2 981090 -0.000177913636 0.5 p-1 -48334 31
352 1585 m2 981462 3.36743597e-06 0.5 p-1 -2852343 797
1640 1586 m2 982470 -0.0113623179 0.5 p-1 -64134 6
219 1587 m2 983869 -6.61813965e-06 0.5 p-1 -2593508 1622
220 1588 m2 985288 -4.06891741e-05 0.5 p-1 -2991677 1213
809 1589 m2 985478 -0.00665620295 0.5 p-1 -218347 140
221 1592 m2 987220 0.00745427189 0.5 p-1 -417982 448
1055 1593 m2 987917 -0.023363689 0.5 p-1 -179310 113
850 1594 m2 989397 -0.00253743329 0.5 p-1 -322701 97
998 1596 m2 991378 5.39847952e-06 0.5 p-1 -72371 96
1655 1598 m2 992468 0.000272666162 0.5 p-1 -1409 4
810 1599 m2 994072 4.79145774e-06 0.5 p-1 -4940633 159
222 1600 m2 994699 0.0545753799 0.5 p-1 -3416124 1305
1494 1602 m2 996181 -0.0362173431 0.5 p-1 -3932 4
1384 1603 m2 996455 0.000582750479 0.5 p-1 -172 4
353 1604 m2 996474 -0.0843570605 0.5 p-1 -1887617 169
1571 1605 m2 996557 -0.0762644559 0.5 p-1 -2816 3
1227 1606 m2 996720 4.9805345e-05 0.5 p-1 -432465 46
223 1608 m2 997349 -0.0296599176 0.5 p-1 -8409018 1056
354 1610 m2 998034 -0.00108898117 0.5 p-1 -2924095 757
224 1611 m2 998338 -0.0132172825 0.5 p-1 -835666 448
1209 1612 m2 998590 -0.0758537427 0.5 p-1 -34947 6
1432 1613 m2 999356 -8.259222e-07 0.5 p-1 -103957 12
355 1614 m2 999637 -0.00206244178 0.5 p-1 -1433846 1382
1639 1615 m2 993800 8.80252628e-07 0.5 p0 2 2
1545 1618 m2 865763 0.00150991965 0.5 p0 2 1
1622 1625 m2 48204 -3.19160099e-05 0.5 p0 2 2
1585 1630 m2 610395 -4.5324141e-06 0.5 p0 2 8
1436 1634 m2 513690 -2.2217353e-05 0.5 p0 2 3
1437 1635 m2 524116 -0.0143428994 0.5 p0 2 3
1605 1636 m2 398480 -0.00835462008 0.5 p0 2 1
1431 1639 m2 755032 8.67578478e-07 0.5 p0 2 4
500 1642 m2 281560 0.000384395535 0.5 p0 2 2
1612 1643 m2 83838 0.000150756183 0.5 p0 2 2
1558 1644 m2 316236 -0.0122586107 0.5 p0 2 1
1392 1645 m2 382705 0.00852820836 0.5 p0 2 3
722 1652 m2 855957 1.51167042e-05 0.5 p0 2 4
1617 1653 m2 114870 0.000389567751 0.5 p0 2 3
1688 1658 m2 965050 8.9162377e-08 0.5 p0 2 1
1853 1659 m2 813797 0.0765322074 0.5 p0 2 1
1257 1663 m2 229461 0.00156178628 0.5 p0 2 2
1641 1673 m2 322263 6.09214484e-11 0.5 p0 2 2
1352 1677 m2 382243 -0.0520844981 0.5 p0 2 6
1327 1679 m2 51589 -0.0360836014 0.5 p0 2 3
1838 1680 m2 864740 -0.000807659118 0.5 p0 2 1
1203 1685 m2 439752 -0.000192952823 0.5 p0 2 4
1253 1691 m2 414482 0.00681005744 0.5 p0 2 5
1291 1692 m2 406639 1.78533701e-05 0.5 p0 2 2
1586 1693 m2 225309 -0.000334962184 0.5 p0 2 1
1719 1694 m2 929113 -0.0034142416 0.5 p0 2 1
1345 1695 m2 307806 0.0122624831 0.5 p0 2 1
1567 1697 m2 933821 0.000252798724 0.5 p0 2 1
1651 1702 m2 857228 -8.46246767e-05 0.5 p0 2 2
1587 1704 m2 279122 0.0144667858 0.5 p0 2 4
1588 1705 m2 313728 -0.000204153388 0.5 p0 2 4
1512 1706 m2 380180 1.84050668e-06 0.5 p0 2 2
1573 1708 m2 551528 -0.0143366884 0.5 p0 2 2
1626 1709 m2 129203 -0.00601533335 0.5 p0 2 5
1627 1710 m2 398582 -0.0141758947 0.5 p0 2 6
1746 1713 m2 281696 -3.7595677e-05 0.5 p0 2 2
1747 1714 m2 296401 0.00531393709 0.5 p0 2 2
1836 1718 m2 117653 0.0242064912 0.5 p0 2 1
1375 1721 m2 232022 0.00355911697 0.5 p0 2 1
1407 1722 m2 222561 -1.57991792e-06 0.5 p0 2 1
1637 1725 m2 685419 0.000466382859 0.5 p0 2 8
1751 1729 m2 188265 -0.00620974321 0.5 p0 2 4
1632 1732 m2 276345 -0.0344255045 0.5 p0 2 1
1642 1734 m2 610988 -0.00132652442 0.5 p0 2 3
1380 1735 m2 755008 0.00297591998 0.5 p0 2 4
1658 1736 m2 521988 0.007986065 0.5 p0 2 2
1809 1738 m2 707926 0.00272658723 0.5 p0 2 1
1625 1741 m2 623469 -0.017941013 0.5 p0 2 2
1837 1743 m2 329186 0.00732540758 0.5 p0 2 1
1749 1747 m2 568489 -0.000124945829 0.5 p0 2 2
1218 1751 m2 473463 0.0163512286 0.5 p0 2 1
1211 1753 m2 861650 -0.000738011091 0.5 p0 2 1
1127 1756 m2 945058 -0.000578470528 0.5 p0 2 4
1684 1757 m2 682430 0.0542575382 0.5 p0 2 2
1456 1766 m2 138550 0.000330331677 0.5 p0 2 4
1815 1768 m2 153344 -0.00279921154 0.5 p0 2 3
1562 1769 m2 78089 0.00136419316 0.5 p0 2 1
1459 1770 m2 392610 -1.23733034e-05 0.5 p0 2 3
1840 1776 m2 50528 0.0109041864 0.5 p0 2 1
1699 1777 m2 761973 -0.000796839944 0.5 p0 2 3
1855 1786 m2 117486 -0.000942550134 0.5 p0 2 1
1239 1789 m2 847493 0.00551819103 0.5 p0 2 3
1858 1795 m2 404635 0.000850239303 0.5 p0 2 1
1289 1796 m2 114153 -0.0113463644 0.5 p0 2 1
1698 1801 m2 105627 -2.59407225e-05 0.5 p0 2 3
1153 1804 m2 581387 0.00862353574 0.5 p0 2 1
1085 1806 m2 880803 -0.0188435446 0.5 p0 2 3
1729 1809 m2 207740 -0.0575163923 0.5 p0 2 3
1659 1810 m2 235779 -0.00731506106 0.5 p0 2 1
1847 1813 m2 955928 0.00173463207 0.5 p0 2 2
1614 1816 m2 584280 -0.0227117501 0.5 p0 2 1
1269 1821 m2 306133 0.00796120614 0.5 p0 2 4
1758 1824 m2 589403 -0.0289114174 0.5 p0 2 3
1822 1826 m2 849528 -0.00133052154 0.5 p0 2 2
1221 1827 m2 848691 0.00972830132 0.5 p0 2 2
889 1832 m2 930619 -7.61885458e-05 0.5 p0 2 6
1140 1836 m2 877760 0.00217710505 0.5 p0 2 5
1674 1838 m2 54182 0.00149735366 0.5 p0 2 2
1676 1839 m2 471202 0.00770964054 0.5 p0 2 1
1208 1842 m2 569144 -3.00673219e-05 0.5 p0 2 6
1647 1844 m2 418877 -0.113323227 0.5 p0 2 1
1493 1845 m2 863160 5.32382437e-05 0.5 p0 2 4
1451 1846 m2 208398 0.00485366723 0.5 p0 2 3
1383 1848 m2 429851 0.0193489213 0.5 p0 2 2
1687 1850 m2 656837 0.0161442067 0.5 p0 2 1
1788 1851 m2 927327 0.00547022978 0.5 p0 2 1
1844 1852 m2 156162 -0.00816147774 0.5 p0 2 1
1589 1854 m2 800456 -9.15410692e-06 0.5 p0 2 1
1536 1855 m2 75597 -0.0121522108 0.5 p0 2 3
1697 1856 m2 306203 -1.49453888e-06 0.5 p0 2 2
1619 1857 m2 382862 -0.00265937694 0.5 p0 2 1
1794 1859 m2 265936 4.39219747e-07 0.5 p0 2 1
1818 1865 m2 266069 3.23795547e-07 0.5 p0 2 2
1696 1866 m2 812058 1.08440217e-08 0.5 p0 2 1
1800 1872 m2 531222 0.000102451006 0.5 p0 2 1
1781 1874 m2 867893 0.000601236126 0.5 p0 2 2
1241 1879 m2 67248 0.0355173871 0.5 p0 2 3
1745 1880 m2 726109 0.00037245659 0.5 p0 2 2
1713 1882 m2 499485 0.0230555888 0.5 p0 2 1
1721 1885 m2 220801 0.00498245098 0.5 p0 2 2
1615 1886 m2 958518 -0.0532051846 0.5 p0 2 3
1802 1893 m2 163827 -0.0204085913 0.5 p0 2 2
1391 1895 m2 641512 -0.000257003907 0.5 p0 2 6
1728 1898 m2 982170 0.00115692872 0.5 p0 2 2
1804 1900 m2 439598 1.40636757e-05 0.5 p0 2 2
1679 1906 m2 428930 0.0185941216 0.5 p0 2 7
1680 1907 m2 448699 0.000111274552 0.5 p0 2 7
1821 1909 m2 439708 -6.11755866e-07 0.5 p0 2 1
1656 1911 m2 481357 0.032767456 0.5 p0 2 3
1830 1912 m2 232011 0.0366794802 0.5 p0 2 1
1244 1914 m2 101426 0.00110636128 0.5 p0 2 1
1665 1920 m2 249080 -0.0426547006 0.5 p0 2 6
1600 1927 m2 357520 -0.00412944239 0.5 p0 2 3
1618 1929 m2 167502 -0.000274696242 0.5 p0 2 3
1737 1934 m2 607011 2.42902445e-07 0.5 p0 2 3
1817 1935 m2 423503 0.0313316137 0.5 p0 2 1
1787 1936 m2 65344 9.53265771e-06 0.5 p0 2 2
1702 1938 m2 436203 0.00609743968 0.5 p0 2 5
1835 1940 m2 638912 -0.000144324396 0.5 p0 2 1
1243 1941 m2 75637 0.00768704899 0.5 p0 2 7
1644 1942 m2 962508 -0.00794479344 0.5 p0 2 5
1828 1945 m2 661812 -0.0036459805 0.5 p0 2 2
1530 1946 m2 250113 0.000216406028 0.5 p0 2 3
1126 1947 m2 854932 -0.000383885432 0.5 p0 2 3
1744 1949 m2 762280 -5.6570796e-05 0.5 p0 2 4
1164 1950 m2 784857 -0.00378941582 0.5 p0 2 2
1717 1951 m2 58333 0.000149880085 0.5 p0 2 1
1540 1952 m2 990731 0.00588893751 0.5 p0 2 2
1200 1955 m2 370379 -0.00803542603 0.5 p0 2 1
1341 1958 m2 268918 -0.0563388653 0.5 p0 2 6
1448 1959 m2 282635 5.29337392e-08 0.5 p0 2 3
976 1961 m2 658648 -0.0023566233 0.5 p0 2 3
1732 1963 m2 71491 0.106286734 0.5 p0 2 1
1708 1964 m2 772653 0.00271466025 0.5 p0 2 3
1750 1965 m2 482289 -0.00137194723 0.5 p0 2 3
901 1968 m2 181852 0.00145837921 0.5 p0 2 6
649 1970 m2 686487 -0.0038716055 0.5 p0 2 2
1848 1971 m2 362033 0.0191691592 0.5 p0 2 1
1087 1974 m2 502762 -7.6623619e-05 0.5 p0 2 5
1726 1978 m2 303265 0.0210351087 0.5 p0 2 2
1373 1982 m2 374442 0.00926909875 0.5 p0 2 3
1478 1983 m2 867532 -0.00549876504 0.5 p0 2 1
1479 1984 m2 945517 0.0388652198 0.5 p0 2 2
1298 1986 m2 396457 8.27284966e-05 0.5 p0 2 2
1409 1987 m2 465953 -0.00520745153 0.5 p0 2 4
1771 1988 m2 95689 -0.00740888203 0.5 p0 2 2
1772 1989 m2 335307 0.0103161624 0.5 p0 2 2
1756 1991 m2 486108 -0.00578649761 0.5 p0 2 1
1845 1992 m2 652963 0.0175646711 0.5 p0 2 1
1350 1994 m2 844455 0.000535455067 0.5 p0 2 4
0 1998 m1 5328 -0 0.5 p-1 -7560278 203
1429 1999 m1 7407 -0 0.5 p-1 -15502 5
774 2000 m1 8094 0 0.5 p-1 -52819 18
1514 2001 m1 10983 -0 0.5 p-1 -5768 1
775 2003 m1 18480 -0 0.5 p-1 -100892 72
811 2004 m1 21148 -0 0.5 p-1 -5262469 70
4 2005 m1 21404 -0 0.5 p-1 -2248482 1257
5 2006 m1 22149 0 0.5 p-1 -2695516 835
1635 2007 m1 24126 -0 0.5 p-1 -26160 5
225 2008 m1 33199 -0 0.5 p-1 -1360865 203
7 2011 m1 36515 0 0.5 p-1 -7766069 1567
1520 2012 m1 36716 -0 0.5 p-1 -14888 11
226 2013 m1 38637 -0 0.5 p-1 -2685814 1104
1182 2014 m1 39071 0 0.5 p-1 -163747 27
8 2015 m1 40023 -0 0.5 p-1 -2330152 390
1287 2016 m1 44330 0 0.5 p-1 -2370 3
12 2017 m1 47388 -0 0.5 p-1 -5019254 1633
1598 2018 m1 47569 0 0.5 p-1 -3335 3
1621 2019 m1 48648 0 0.5 p-1 -9126 12
358 2020 m1 49240 0 0.5 p-1 -827078 504
952 2021 m1 50609 -0 0.5 p-1 -239987 142
227 2022 m1 53355 -0 0.5 p-1 -7405653 1937
228 2023 m1 53736 0 0.5 p-1 -3734317 1074
15 2024 m1 54838 0 0.5 p-1 -3974976 797
1408 2025 m1 56621 0 0.5 p-1 -20714 3
631 2026 m1 59594 -0 0.5 p-1 -3435814 265
1317 2027 m1 60220 -0 0.5 p-1 -55082 2
363 2028 m1 60452 0 0.5 p-1 -3179937 307
1415 2029 m1 60972 -0 0.5 p-1 -2458 11
1228 2030 m1 60986 0 0.5 p-1 -177273 23
896 2031 m1 62207 0 0.5 p-1 -215067 122
433 2034 m1 66115 -0 0.5 p-1 -511954 43
1542 2035 m1 66808 0 0.5 p-1 -23735 10
824 2036 m1 67041 -0 0.5 p-1 -126841 95
726 2037 m1 67599 -0 0.5 p-1 -8030020 59
1033 2038 m1 69130 -0 0.5 p-1 -2733047 52
689 2039 m1 74377 -0 0.5 p-1 -74540 92
1576 2041 m1 77901 -0 0.5 p-1 -37317 3
1631 2042 m1 78530 -0 0.5 p-1 -1816146 4
753 2043 m1 80055 0 0.5 p-1 -308745 197
754 2044 m1 80275 -0 0.5 p-1 -764492 517
663 2045 m1 81749 0 0.5 p-1 -654296 83
1466 2046 m1 83591 0 0.5 p-1 -11913 6
891 2048 m1 84555 -0 0.5 p-1 -5062581 39
21 2049 m1 85299 -0 0.5 p-1 -2719786 589
22 2050 m1 85899 -0 0.5 p-1 -1685739 881
1278 2052 m1 87830 0 0.5 p-1 -2307 1
1577 2054 m1 90728 -0 0.5 p-1 -11478 4
23 2056 m1 91768 0 0.5 p-1 -4093927 1188
1643 2057 m1 94101 0 0.5 p-1 -1431 1
1389 2058 m1 94533 -0 0.5 p-1 -2632 11
897 2059 m1 98254 0 0.5 p-1 -40620 18
237 2060 m1 103781 -0 0.5 p-1 -2252764 1093
547 2061 m1 105101 -0 0.5 p-1 -1676181 246
1705 2062 m1 107487 -0 0.5 p-1 -8384 1
633 2063 m1 108911 -0 0.5 p-1 -853764 137
634 2064 m1 109194 0 0.5 p-1 -1270964 83
635 2065 m1 109289 0 0.5 p-1 -408531 111
1056 2066 m1 111173 -0 0.5 p-1 -759020 156
577 2068 m1 114458 -0 0.5 p-1 -637297 405
1159 2069 m1 122187 -0 0.5 p-1 -41370 11
240 2070 m1 122313 0 0.5 p-1 -845484 810
1535 2071 m1 123975 -0 0.5 p-1 -22387 3
437 2073 m1 129887 -0 0.5 p-1 -2609050 750
1131 2074 m1 130125 -0 0.5 p-1 -78482 17
925 2076 m1 132378 0 0.5 p-1 -142382 14
548 2077 m1 137177 0 0.5 p-1 -384628 54
856 2078 m1 137247 -0 0.5 p-1 -443186 57
1475 2079 m1 139903 0 0.5 p-1 -19874 2
1569 2081 m1 146052 0 0.5 p-1 -2984 3
1578 2083 m1 147518 -0 0.5 p-1 -34402 1
496 2084 m1 147691 -0 0.5 p-1 -205929 195
1080 2086 m1 149668 0 0.5 p-1 -25423 5
1109 2089 m1 152297 -0 0.5 p-1 -137728 12
1695 2090 m1 152361 -0 0.5 p-1 -12029 5
1572 2091 m1 152721 -0 0.5 p-1 -360365 3
866 2092 m1 154081 0 0.5 p-1 -175341 39
34 2093 m1 155823 -0 0.5 p-1 -4901949 1768
609 2094 m1 164004 -0 0.5 p-1 -79572 29
1731 2098 m1 174307 -0 0.5 p-1 -64995 1
1304 2100 m1 179244 -0 0.5 p-1 -35314 17
857 2101 m1 183362 0 0.5 p-1 -137328 109
245 2102 m1 186809 0 0.5 p-1 -4726472 676
993 2103 m1 188878 0 0.5 p-1 -156527 35
1510 2105 m1 191129 0 0.5 p-1 -62749 13
1667 2106 m1 191797 -0 0.5 p-1 -241997 6
705 2107 m1 192066 0 0.5 p-1 -967212 463
827 2108 m1 195929 -0 0.5 p-1 -480352 54
1382 2109 m1 196613 0 0.5 p-1 -6022 5
789 2110 m1 197745 0 0.5 p-1 -4957466 336
443 2112 m1 198001 -0 0.5 p-1 -102716 104
247 2113 m1 202771 -0 0.5 p-1 -893994 440
1027 2114 m1 204607 -0 0.5 p-1 -73253 44
731 2116 m1 208077 0 0.5 p-1 -2328030 271
1070 2117 m1 210502 -0 0.5 p-1 -2978295 105
1189 2118 m1 210644 0 0.5 p-1 -57992 47
1250 2121 m1 215382 -0 0.5 p-1 -10315 10
1323 2122 m1 215830 -0 0.5 p-1 -80034 18
1470 2123 m1 216838 0 0.5 p-1 -15866 2
42 2124 m1 217183 -0 0.5 p-1 -4458009 1480
637 2125 m1 223573 0 0.5 p-1 -409228 160
612 2126 m1 225646 -0 0.5 p-1 -920581 294
690 2127 m1 227498 0 0.5 p-1 -208080 61
44 2128 m1 229021 0 0.5 p-1 -1456758 290
1463 2129 m1 229368 0 0.5 p-1 -63432 9
252 2130 m1 229803 0 0.5 p-1 -2035141 1018
1258 2131 m1 231274 0 0.5 p-1 -21188 11
376 2132 m1 231339 0 0.5 p-1 -2604925 115
579 2133 m1 231633 0 0.5 p-1 -11708429 162
667 2134 m1 235341 0 0.5 p-1 -2020473 180
879 2135 m1 247558 -0 0.5 p-1 -74774 139
1100 2136 m1 247787 -0 0.5 p-1 -265596 34
838 2138 m1 248632 -0 0.5 p-1 -70441 11
1846 2139 m1 249235 0 0.5 p-1 -8426 2
48 2141 m1 249971 0 0.5 p-1 -2639367 1951
49 2142 m1 253585 0 0.5 p-1 -5788343 1619
1681 2143 m1 255742 0 0.5 p-1 -5121 1
50 2144 m1 256598 -0 0.5 p-1 -5236695 1250
377 2145 m1 258340 0 0.5 p-1 -11485388 865
858 2147 m1 261933 0 0.5 p-1 -56400 9
1174 2148 m1 262212 -0 0.5 p-1 -494440 31
880 2150 m1 263672 0 0.5 p-1 -4086689 101
1169 2151 m1 265862 0 0.5 p-1 -38997 12
1430 2152 m1 266417 0 0.5 p-1 -16912 13
378 2153 m1 266779 -0 0.5 p-1 -2241374 1115
498 2154 m1 266801 0 0.5 p-1 -1388171 74
1423 2155 m1 269180 -0 0.5 p-1 -194368 7
1613 2156 m1 270708 0 0.5 p-1 -12683 4
55 2158 m1 274970 0 0.5 p-1 -9710207 1597
1394 2159 m1 279463 0 0.5 p-1 -37814 7
613 2161 m1 282391 0 0.5 p-1 -262237 153
735 2165 m1 292232 0 0.5 p-1 -468557 82
502 2166 m1 294819 0 0.5 p-1 -8287827 170
954 2167 m1 294984 -0 0.5 p-1 -77122 19
1118 2168 m1 295365 0 0.5 p-1 -12360 13
1856 2169 m1 295823 0 0.5 p-1 -1595 1
985 2170 m1 298951 -0 0.5 p-1 -29056 35
384 2171 m1 300851 0 0.5 p-1 -1015099 156
1518 2172 m1 304427 -0 0.5 p-1 -23041 3
448 2173 m1 307552 0 0.5 p-1 -89677 77
62 2174 m1 308585 0 0.5 p-1 -1815777 1343
553 2175 m1 308744 -0 0.5 p-1 -1890798 327
385 2177 m1 311466 0 0.5 p-1 -67219 81
1222 2180 m1 311801 -0 0.5 p-1 -831141 11
1410 2182 m1 312023 -0 0.5 p-1 -1348 6
503 2183 m1 313171 0 0.5 p-1 -4536792 660
1755 2184 m1 314412 -0 0.5 p-1 -50471 1
505 2185 m1 315429 0 0.5 p-1 -197199 70
554 2186 m1 318792 -0 0.5 p-1 -531054 160
1110 2187 m1 326943 0 0.5 p-1 -93900 54
68 2189 m1 329652 0 0.5 p-1 -4926891 1944
584 2190 m1 329746 0 0.5 p-1 -605996 210
449 2191 m1 330318 -0 0.5 p-1 -156391 94
266 2192 m1 330732 -0 0.5 p-1 -4618056 354
1111 2193 m1 331430 0 0.5 p-1 -429769 79
940 2194 m1 333233 0 0.5 p-1 -469989 95
69 2195 m1 334932 0 0.5 p-1 -5198948 531
1421 2196 m1 339967 0 0.5 p-1 -50270 5
585 2197 m1 343700 -0 0.5 p-1 -378731 479
451 2199 m1 346441 0 0.5 p-1 -1059216 148
839 2200 m1 346974 -0 0.5 p-1 -374322 38
508 2201 m1 348878 -0 0.5 p-1 -64654 143
1620 2202 m1 350743 0 0.5 p-1 -133956 4
1741 2203 m1 351884 0 0.5 p-1 -192 3
1170 2204 m1 352715 -0 0.5 p-1 -24273 10
78 2205 m1 354262 -0 0.5 p-1 -2009920 1227
79 2206 m1 356170 0 0.5 p-1 -7026794 1839
1018 2207 m1 361710 -0 0.5 p-1 -73477 9
1648 2208 m1 362215 0 0.5 p-1 -984122 9
1194 2211 m1 370796 0 0.5 p-1 -2842 9
272 2212 m1 371099 -0 0.5 p-1 -858876 984
274 2214 m1 374294 -0 0.5 p-1 -8365721 1329
1812 2216 m1 376640 0 0.5 p-1 -52036 2
1013 2217 m1 379088 0 0.5 p-1 -12530 2
510 2218 m1 380333 0 0.5 p-1 -464408 401
452 2220 m1 383368 -0 0.5 p-1 -2203599 957
275 2221 m1 385466 -0 0.5 p-1 -2543828 552
1344 2223 m1 387814 -0 0.5 p-1 -9637 38
737 2227 m1 392212 0 0.5 p-1 -71272 79
943 2228 m1 393061 -0 0.5 p-1 -420574 85
956 2229 m1 393894 -0 0.5 p-1 -737695 84
1783 2230 m1 393954 -0 0.5 p-1 -60139 1
693 2231 m1 394204 0 0.5 p-1 -759676 103
88 2232 m1 396520 -0 0.5 p-1 -5923627 1028
1226 2233 m1 399929 0 0.5 p-1 -18354 15
1559 2234 m1 401247 0 0.5 p-1 -27653 13
91 2236 m1 402245 0 0.5 p-1 -717747 230
840 2237 m1 402922 -0 0.5 p-1 -134708 30
1488 2238 m1 406481 0 0.5 p-1 -1674 8
1826 2239 m1 407152 0 0.5 p-1 -2454 1
1594 2240 m1 409647 -0 0.5 p-1 -4765 6
738 2241 m1 410143 -0 0.5 p-1 -577479 115
828 2243 m1 416270 0 0.5 p-1 -625461 31
94 2247 m1 424692 -0 0.5 p-1 -2900281 891
1333 2248 m1 424890 -0 0.5 p-1 -203189 45
709 2249 m1 424902 0 0.5 p-1 -113806 75
282 2253 m1 436171 0 0.5 p-1 -646914 609
912 2254 m1 438491 -0 0.5 p-1 -2235417 133
1782 2255 m1 439159 0 0.5 p-1 -26368 1
391 2256 m1 439693 0 0.5 p-1 -357273 226
904 2257 m1 440969 0 0.5 p-1 -722947 249
1138 2258 m1 443871 0 0.5 p-1 -45323 3
561 2259 m1 446576 -0 0.5 p-1 -714918 525
1125 2261 m1 451318 -0 0.5 p-1 -39486 21
1724 2262 m1 457968 -0 0.5 p-1 -17445 2
1753 2265 m1 461613 0 0.5 p-1 -9830 1
1779 2267 m1 466306 0 0.5 p-1 -2755 1
1299 2268 m1 468538 0 0.5 p-1 -87990 3
103 2269 m1 471766 0 0.5 p-1 -2755211 1357
517 2270 m1 472072 0 0.5 p-1 -862819 387
963 2271 m1 474217 -0 0.5 p-1 -717103 32
712 2274 m1 475789 -0 0.5 p-1 -350933 163
905 2275 m1 476708 0 0.5 p-1 -146648 61
1272 2276 m1 477383 0 0.5 p-1 -13422 12
285 2277 m1 478607 0 0.5 p-1 -291348 74
1712 2278 m1 481351 0 0.5 p-1 -1793 2
742 2279 m1 482019 -0 0.5 p-1 -112440 19
105 2280 m1 483512 0 0.5 p-1 -5212762 1728
1547 2281 m1 483515 -0 0.5 p-1 -6375 6
782 2282 m1 484338 0 0.5 p-1 -2248887 21
286 2283 m1 487502 -0 0.5 p-1 -2637199 1084
1670 2285 m1 489567 -0 0.5 p-1 -247939 5
1607 2287 m1 491359 0 0.5 p-1 -26241 13
1596 2288 m1 492894 0 0.5 p-1 -33009 2
1734 2289 m1 493320 -0 0.5 p-1 -60961 3
1180 2290 m1 494071 -0 0.5 p-1 -108693 23
1700 2292 m1 499573 -0 0.5 p-1 -46983 6
642 2293 m1 502317 -0 0.5 p-1 -5273 11
971 2298 m1 509361 0 0.5 p-1 -319957 56
394 2299 m1 511671 -0 0.5 p-1 -2436284 885
1309 2300 m1 515459 0 0.5 p-1 -186260 11
1215 2301 m1 518474 -0 0.5 p-1 -1293920 51
1216 2302 m1 519856 -0 0.5 p-1 -13454 6
1292 2303 m1 520367 -0 0.5 p-1 -10394 17
1263 2304 m1 523751 -0 0.5 p-1 -57895 11
1645 2305 m1 524479 0 0.5 p-1 -19912 3
1376 2306 m1 524602 -0 0.5 p-1 -48171 23
818 2307 m1 524850 -0 0.5 p-1 -17186 2
1155 2309 m1 526219 0 0.5 p-1 -43564 11
830 2310 m1 526706 -0 0.5 p-1 -227189 19
119 2311 m1 527730 0 0.5 p-1 -2558407 1470
1377 2313 m1 533605 -0 0.5 p-1 -19934 17
884 2314 m1 534694 0 0.5 p-1 -93377 31
1267 2315 m1 537233 -0 0.5 p-1 -24418 30
292 2316 m1 538202 -0 0.5 p-1 -1035526 915
1548 2319 m1 541531 -0 0.5 p-1 -77760 3
1417 2320 m1 542304 0 0.5 p-1 -9296 2
1438 2321 m1 542709 0 0.5 p-1 -17449 3
1495 2323 m1 543365 -0 0.5 p-1 -11737 15
695 2325 m1 544616 -0 0.5 p-1 -5092251 500
122 2327 m1 547471 -0 0.5 p-1 -310834 113
397 2328 m1 550186 0 0.5 p-1 -866428 458
123 2329 m1 550341 0 0.5 p-1 -10335750 1639
800 2331 m1 554508 0 0.5 p-1 -268151 220
1105 2332 m1 555014 -0 0.5 p-1 -210365 54
125 2333 m1 555887 -0 0.5 p-1 -3083780 278
1082 2335 m1 560121 -0 0.5 p-1 -11199732 13
519 2338 m1 563747 0 0.5 p-1 -362103 177
1245 2339 m1 565137 0 0.5 p-1 -30616 22
676 2340 m1 565211 -0 0.5 p-1 -774963 206
1355 2341 m1 567472 -0 0.5 p-1 -17539 7
784 2342 m1 568530 -0 0.5 p-1 -161412 79
1264 2343 m1 569612 0 0.5 p-1 -161817 10
1293 2344 m1 574703 -0 0.5 p-1 -17452 23
930 2345 m1 576245 0 0.5 p-1 -971341 173
520 2347 m1 580523 0 0.5 p-1 -613856 198
1303 2348 m1 581898 -0 0.5 p-1 -115398 38
646 2349 m1 582898 0 0.5 p-1 -410097 108
988 2350 m1 587049 -0 0.5 p-1 -78224 13
931 2351 m1 587882 -0 0.5 p-1 -595483 134
1444 2352 m1 592775 0 0.5 p-1 -2634 8
1646 2353 m1 599525 0 0.5 p-1 -5188 1
1266 2354 m1 600563 0 0.5 p-1 -33569 9
1031 2355 m1 601897 0 0.5 p-1 -44686 24
1310 2356 m1 602058 0 0.5 p-1 -4232 8
1500 2357 m1 602363 0 0.5 p-1 -33791 5
1766 2358 m1 609723 0 0.5 p-1 -1511 2
1742 2359 m1 614212 -0 0.5 p-1 -335021 3
1404 2360 m1 618717 0 0.5 p-1 -35178 18
400 2362 m1 621292 0 0.5 p-1 -460208 705
523 2365 m1 623432 0 0.5 p-1 -4054184 1393
563 2366 m1 627478 0 0.5 p-1 -444641 55
143 2367 m1 628097 -0 0.5 p-1 -3616695 1193
401 2368 m1 628530 -0 0.5 p-1 -197558 129
1461 2371 m1 634434 -0 0.5 p-1 -29071 11
1556 2372 m1 636385 0 0.5 p-1 -14365 5
144 2373 m1 637267 -0 0.5 p-1 -2100575 843
909 2374 m1 638363 -0 0.5 p-1 -85443 81
1798 2377 m1 643095 -0 0.5 p-1 -10705 1
1191 2378 m1 644613 -0 0.5 p-1 -88212 28
1593 2379 m1 645018 -0 0.5 p-1 -4936 6
1073 2380 m1 645365 0 0.5 p-1 -459767 45
403 2381 m1 646247 0 0.5 p-1 -417233 153
406 2382 m1 650085 0 0.5 p-1 -129959 79
1854 2384 m1 653216 0 0.5 p-1 -24977 1
677 2385 m1 657795 -0 0.5 p-1 -1484733 128
147 2386 m1 658315 -0 0.5 p-1 -1619460 299
922 2387 m1 659225 -0 0.5 p-1 -2627595 164
408 2388 m1 664343 -0 0.5 p-1 -3574882 1453
305 2390 m1 666084 -0 0.5 p-1 -3532318 1488
914 2391 m1 668773 0 0.5 p-1 -178106 73
307 2393 m1 672484 0 0.5 p-1 -2106544 575
598 2394 m1 673618 0 0.5 p-1 -536536 156
1332 2395 m1 673730 -0 0.5 p-1 -25159 9
763 2397 m1 676111 0 0.5 p-1 -1623633 110
1326 2398 m1 678624 0 0.5 p-1 -33486 13
648 2400 m1 682155 -0 0.5 p-1 -636326 118
1685 2401 m1 682599 0 0.5 p-1 -27493 3
844 2402 m1 686133 0 0.5 p-1 -1949856 180
528 2403 m1 686856 0 0.5 p-1 -384851 194
1168 2404 m1 688869 0 0.5 p-1 -7161 28
764 2406 m1 692020 0 0.5 p-1 -20532834 64
1842 2407 m1 693568 -0 0.5 p-1 -180171 2
678 2408 m1 694280 -0 0.5 p-1 -170099 159
150 2409 m1 697579 -0 0.5 p-1 -1232476 633
566 2410 m1 699153 0 0.5 p-1 -558583 263
1711 2411 m1 703860 -0 0.5 p-1 -196 2
1349 2412 m1 705692 0 0.5 p-1 -13534 3
310 2413 m1 705943 -0 0.5 p-1 -6656780 920
1276 2414 m1 707865 0 0.5 p-1 -521373 27
311 2415 m1 708047 -0 0.5 p-1 -3600150 1473
1582 2416 m1 708510 -0 0.5 p-1 -11940 1
680 2417 m1 708709 0 0.5 p-1 -2094501 385
765 2419 m1 710042 0 0.5 p-1 -2491377 330
1807 2420 m1 715381 0 0.5 p-1 -8785 1
1434 2421 m1 716235 0 0.5 p-1 -82406 16
312 2422 m1 716688 0 0.5 p-1 -5409864 184
314 2424 m1 720315 0 0.5 p-1 -375682 63
1346 2425 m1 724369 0 0.5 p-1 -1412453 25
156 2426 m1 726719 -0 0.5 p-1 -8205061 1608
1611 2427 m1 727096 0 0.5 p-1 -25823 1
412 2428 m1 728665 0 0.5 p-1 -400930 298
766 2429 m1 729044 -0 0.5 p-1 -72442 65
1517 2430 m1 731793 -0 0.5 p-1 -2423 5
1163 2431 m1 732305 -0 0.5 p-1 -241179 35
620 2432 m1 739782 0 0.5 p-1 -289654 209
1557 2433 m1 741275 -0 0.5 p-1 -149275 5
1237 2434 m1 743382 -0 0.5 p-1 -95203 3
1220 2435 m1 743578 -0 0.5 p-1 -38638 23
698 2436 m1 743844 -0 0.5 p-1 -61230 44
1532 2437 m1 744766 0 0.5 p-1 -369 2
1024 2438 m1 745699 -0 0.5 p-1 -388538 71
318 2439 m1 747142 0 0.5 p-1 -161292 74
1839 2440 m1 749777 0 0.5 p-1 -4202 1
160 2441 m1 754299 0 0.5 p-1 -3857339 997
657 2442 m1 756176 0 0.5 p-1 -1083839 14
1054 2444 m1 763562 0 0.5 p-1 -121492 31
416 2445 m1 765486 -0 0.5 p-1 -1277175 394
1834 2446 m1 765550 -0 0.5 p-1 -1657 2
1004 2447 m1 767970 0 0.5 p-1 -433040 70
417 2448 m1 769900 0 0.5 p-1 -629056 233
1181 2449 m1 770623 -0 0.5 p-1 -3685300 11
471 2450 m1 772253 -0 0.5 p-1 -110031 226
1251 2451 m1 772585 0 0.5 p-1 -94526 33
603 2452 m1 775963 0 0.5 p-1 -131682 119
1028 2455 m1 778934 -0 0.5 p-1 -23946 31
1398 2456 m1 780799 0 0.5 p-1 -68622 25
1201 2457 m1 783511 -0 0.5 p-1 -23409 16
1503 2458 m1 784696 -0 0.5 p-1 -951 3
746 2459 m1 787089 -0 0.5 p-1 -1882775 43
569 2463 m1 795115 0 0.5 p-1 -688692 155
1668 2464 m1 795813 -0 0.5 p-1 -6486 4
923 2465 m1 797626 -0 0.5 p-1 -10385 9
1371 2466 m1 797929 0 0.5 p-1 -16522 10
1554 2467 m1 800625 -0 0.5 p-1 -19931 9
1232 2468 m1 801733 0 0.5 p-1 -17634 12
862 2469 m1 803939 -0 0.5 p-1 -1671103 170
1519 2471 m1 807316 0 0.5 p-1 -495159 9
1477 2472 m1 807977 0 0.5 p-1 -231118 12
804 2474 m1 811740 0 0.5 p-1 -297179 41
324 2476 m1 814130 -0 0.5 p-1 -954770 469
1176 2477 m1 814217 -0 0.5 p-1 -16216 46
171 2478 m1 815014 -0 0.5 p-1 -990719 1159
172 2479 m1 815082 -0 0.5 p-1 -7394155 1786
570 2480 m1 815797 -0 0.5 p-1 -230163 142
325 2481 m1 816313 -0 0.5 p-1 -1762530 1109
924 2482 m1 818476 0 0.5 p-1 -535 1
978 2484 m1 822066 -0 0.5 p-1 -112721 12
476 2485 m1 822808 -0 0.5 p-1 -117323 75
422 2487 m1 826632 -0 0.5 p-1 -391320 220
175 2488 m1 829184 -0 0.5 p-1 -5369208 178
1196 2489 m1 830774 -0 0.5 p-1 -544715 42
176 2491 m1 831458 0 0.5 p-1 -8960332 264
330 2492 m1 834914 0 0.5 p-1 -6456170 1786
478 2493 m1 837507 0 0.5 p-1 -681558 473
1025 2495 m1 838209 -0 0.5 p-1 -40114 44
979 2496 m1 838326 0 0.5 p-1 -21320 20
1565 2497 m1 838893 -0 0.5 p-1 -229279 3
182 2499 m1 843219 0 0.5 p-1 -1704136 307
1097 2500 m1 844166 -0 0.5 p-1 -785576 40
184 2501 m1 845280 -0 0.5 p-1 -5033022 1671
916 2502 m1 845885 -0 0.5 p-1 -268748 37
187 2504 m1 849192 0 0.5 p-1 -1218444 1685
1799 2507 m1 852163 -0 0.5 p-1 -6940 2
535 2510 m1 859184 0 0.5 p-1 -12664460 196
334 2511 m1 864354 -0 0.5 p-1 -486905 439
1022 2512 m1 865995 0 0.5 p-1 -36555 33
336 2513 m1 873125 0 0.5 p-1 -3453494 1622
1710 2514 m1 882330 0 0.5 p-1 -5832 2
426 2516 m1 884242 -0 0.5 p-1 -266003 283
338 2520 m1 887939 0 0.5 p-1 -2856839 586
660 2521 m1 888496 -0 0.5 p-1 -3416395 737
848 2524 m1 893999 0 0.5 p-1 -377634 425
1234 2525 m1 895153 0 0.5 p-1 -1892 17
917 2526 m1 897306 0 0.5 p-1 -20485 15
195 2527 m1 898118 -0 0.5 p-1 -1791756 333
1400 2528 m1 899430 0 0.5 p-1 -25260 22
537 2529 m1 900003 -0 0.5 p-1 -468279 93
1062 2530 m1 900357 0 0.5 p-1 -130523 105
196 2531 m1 900876 0 0.5 p-1 -1168699 472
427 2532 m1 902729 -0 0.5 p-1 -1599148 662
1808 2533 m1 902788 0 0.5 p-1 -248468 1
1669 2534 m1 904448 -0 0.5 p-1 -31461 4
967 2535 m1 910504 -0 0.5 p-1 -143450 140
201 2536 m1 910960 -0 0.5 p-1 -1624131 1019
1207 2538 m1 914864 0 0.5 p-1 -54622 7
864 2539 m1 915888 0 0.5 p-1 -300496 98
203 2540 m1 916607 -0 0.5 p-1 -4373750 1773
821 2541 m1 918049 -0 0.5 p-1 -65397 85
888 2543 m1 924856 -0 0.5 p-1 -18123 16
205 2544 m1 925136 -0 0.5 p-1 -75684 114
1262 2545 m1 925787 0 0.5 p-1 -36062 9
834 2546 m1 926299 -0 0.5 p-1 -44731 22
723 2547 m1 926617 -0 0.5 p-1 -246758 47
771 2548 m1 930840 -0 0.5 p-1 -46087 56
1795 2549 m1 934919 0 0.5 p-1 -10068 4
343 2551 m1 940451 -0 0.5 p-1 -5199044 305
1252 2554 m1 947875 -0 0.5 p-1 -86716 10
772 2555 m1 952519 0 0.5 p-1 -5462981 366
344 2556 m1 953505 0 0.5 p-1 -2122388 578
934 2557 m1 954947 0 0.5 p-1 -2306719 79
1820 2558 m1 956701 0 0.5 p-1 -5143 1
1739 2559 m1 959209 -0 0.5 p-1 -548768 1
1784 2560 m1 959643 -0 0.5 p-1 -77957 1
429 2561 m1 960162 0 0.5 p-1 -4500218 507
1092 2562 m1 960800 0 0.5 p-1 -248085 61
214 2563 m1 963142 0 0.5 p-1 -574066 290
215 2564 m1 963145 0 0.5 p-1 -3730943 914
1214 2565 m1 964039 -0 0.5 p-1 -605504 27
347 2566 m1 965257 0 0.5 p-1 -686133 283
1134 2567 m1 966933 -0 0.5 p-1 -169832 16
1351 2569 m1 967403 0 0.5 p-1 -57599 13
573 2570 m1 969094 0 0.5 p-1 -982771 414
1135 2572 m1 971718 -0 0.5 p-1 -468715 19
628 2573 m1 972034 -0 0.5 p-1 -1452254 246
607 2574 m1 972550 0 0.5 p-1 -1628432 281
1683 2577 m1 981290 0 0.5 p-1 -14398 3
1491 2578 m1 983796 -0 0.5 p-1 -10943 2
981 2579 m1 987500 -0 0.5 p-1 -534264 39
1723 2580 m1 987998 0 0.5 p-1 -9213 2
1271 2581 m1 994333 0 0.5 p-1 -87175 25
1413 2583 m1 998995 -0 0.5 p-1 -42943 15
