2.27e-09 1.4 1000 10 3
2.27e-09 0.14 1000 10 3
2.27e-09 0.014 1000 10 3
2.27e-09 1.4 500 10 3
2.27e-09 1.4 100 10 3
2.27e-09 1.4 1000 5 3
2.27e-09 1.4 1000 3 3
2.27e-09 1.4 1000 10 1
2.27e-09 1.4 1000 10 5
2.49555555555556e-09 1.4 1000 10 3
2.49555555555556e-09 0.14 1000 10 3
2.49555555555556e-09 0.014 1000 10 3
2.49555555555556e-09 1.4 500 10 3
2.49555555555556e-09 1.4 100 10 3
2.49555555555556e-09 1.4 1000 5 3
2.49555555555556e-09 1.4 1000 3 3
2.49555555555556e-09 1.4 1000 10 1
2.49555555555556e-09 1.4 1000 10 5
2.72111111111111e-09 1.4 1000 10 3
2.72111111111111e-09 0.14 1000 10 3
2.72111111111111e-09 0.014 1000 10 3
2.72111111111111e-09 1.4 500 10 3
2.72111111111111e-09 1.4 100 10 3
2.72111111111111e-09 1.4 1000 5 3
2.72111111111111e-09 1.4 1000 3 3
2.72111111111111e-09 1.4 1000 10 1
2.72111111111111e-09 1.4 1000 10 5
2.94666666666667e-09 1.4 1000 10 3
2.94666666666667e-09 0.14 1000 10 3
2.94666666666667e-09 0.014 1000 10 3
2.94666666666667e-09 1.4 500 10 3
2.94666666666667e-09 1.4 100 10 3
2.94666666666667e-09 1.4 1000 5 3
2.94666666666667e-09 1.4 1000 3 3
2.94666666666667e-09 1.4 1000 10 1
2.94666666666667e-09 1.4 1000 10 5
3.17222222222222e-09 1.4 1000 10 3
3.17222222222222e-09 0.14 1000 10 3
3.17222222222222e-09 0.014 1000 10 3
3.17222222222222e-09 1.4 500 10 3
3.17222222222222e-09 1.4 100 10 3
3.17222222222222e-09 1.4 1000 5 3
3.17222222222222e-09 1.4 1000 3 3
3.17222222222222e-09 1.4 1000 10 1
3.17222222222222e-09 1.4 1000 10 5
3.39777777777778e-09 1.4 1000 10 3
3.39777777777778e-09 0.14 1000 10 3
3.39777777777778e-09 0.014 1000 10 3
3.39777777777778e-09 1.4 500 10 3
3.39777777777778e-09 1.4 100 10 3
3.39777777777778e-09 1.4 1000 5 3
3.39777777777778e-09 1.4 1000 3 3
3.39777777777778e-09 1.4 1000 10 1
3.39777777777778e-09 1.4 1000 10 5
3.62333333333333e-09 1.4 1000 10 3
3.62333333333333e-09 0.14 1000 10 3
3.62333333333333e-09 0.014 1000 10 3
3.62333333333333e-09 1.4 500 10 3
3.62333333333333e-09 1.4 100 10 3
3.62333333333333e-09 1.4 1000 5 3
3.62333333333333e-09 1.4 1000 3 3
3.62333333333333e-09 1.4 1000 10 1
3.62333333333333e-09 1.4 1000 10 5
3.84888888888889e-09 1.4 1000 10 3
3.84888888888889e-09 0.14 1000 10 3
3.84888888888889e-09 0.014 1000 10 3
3.84888888888889e-09 1.4 500 10 3
3.84888888888889e-09 1.4 100 10 3
3.84888888888889e-09 1.4 1000 5 3
3.84888888888889e-09 1.4 1000 3 3
3.84888888888889e-09 1.4 1000 10 1
3.84888888888889e-09 1.4 1000 10 5
4.07444444444444e-09 1.4 1000 10 3
4.07444444444444e-09 0.14 1000 10 3
4.07444444444444e-09 0.014 1000 10 3
4.07444444444444e-09 1.4 500 10 3
4.07444444444444e-09 1.4 100 10 3
4.07444444444444e-09 1.4 1000 5 3
4.07444444444444e-09 1.4 1000 3 3
4.07444444444444e-09 1.4 1000 10 1
4.07444444444444e-09 1.4 1000 10 5
4.3e-09 1.4 1000 10 3
4.3e-09 0.14 1000 10 3
4.3e-09 0.014 1000 10 3
4.3e-09 1.4 500 10 3
4.3e-09 1.4 100 10 3
4.3e-09 1.4 1000 5 3
4.3e-09 1.4 1000 3 3
4.3e-09 1.4 1000 10 1
4.3e-09 1.4 1000 10 5
4.52555555555556e-09 1.4 1000 10 3
4.52555555555556e-09 0.14 1000 10 3
4.52555555555556e-09 0.014 1000 10 3
4.52555555555556e-09 1.4 500 10 3
4.52555555555556e-09 1.4 100 10 3
4.52555555555556e-09 1.4 1000 5 3
4.52555555555556e-09 1.4 1000 3 3
4.52555555555556e-09 1.4 1000 10 1
4.52555555555556e-09 1.4 1000 10 5
4.75111111111111e-09 1.4 1000 10 3
4.75111111111111e-09 0.14 1000 10 3
4.75111111111111e-09 0.014 1000 10 3
4.75111111111111e-09 1.4 500 10 3
4.75111111111111e-09 1.4 100 10 3
4.75111111111111e-09 1.4 1000 5 3
4.75111111111111e-09 1.4 1000 3 3
4.75111111111111e-09 1.4 1000 10 1
4.75111111111111e-09 1.4 1000 10 5
4.97666666666667e-09 1.4 1000 10 3
4.97666666666667e-09 0.14 1000 10 3
4.97666666666667e-09 0.014 1000 10 3
4.97666666666667e-09 1.4 500 10 3
4.97666666666667e-09 1.4 100 10 3
4.97666666666667e-09 1.4 1000 5 3
4.97666666666667e-09 1.4 1000 3 3
4.97666666666667e-09 1.4 1000 10 1
4.97666666666667e-09 1.4 1000 10 5
5.20222222222222e-09 1.4 1000 10 3
5.20222222222222e-09 0.14 1000 10 3
5.20222222222222e-09 0.014 1000 10 3
5.20222222222222e-09 1.4 500 10 3
5.20222222222222e-09 1.4 100 10 3
5.20222222222222e-09 1.4 1000 5 3
5.20222222222222e-09 1.4 1000 3 3
5.20222222222222e-09 1.4 1000 10 1
5.20222222222222e-09 1.4 1000 10 5
5.42777777777778e-09 1.4 1000 10 3
5.42777777777778e-09 0.14 1000 10 3
5.42777777777778e-09 0.014 1000 10 3
5.42777777777778e-09 1.4 500 10 3
5.42777777777778e-09 1.4 100 10 3
5.42777777777778e-09 1.4 1000 5 3
5.42777777777778e-09 1.4 1000 3 3
5.42777777777778e-09 1.4 1000 10 1
5.42777777777778e-09 1.4 1000 10 5
5.65333333333333e-09 1.4 1000 10 3
5.65333333333333e-09 0.14 1000 10 3
5.65333333333333e-09 0.014 1000 10 3
5.65333333333333e-09 1.4 500 10 3
5.65333333333333e-09 1.4 100 10 3
5.65333333333333e-09 1.4 1000 5 3
5.65333333333333e-09 1.4 1000 3 3
5.65333333333333e-09 1.4 1000 10 1
5.65333333333333e-09 1.4 1000 10 5
5.87888888888889e-09 1.4 1000 10 3
5.87888888888889e-09 0.14 1000 10 3
5.87888888888889e-09 0.014 1000 10 3
5.87888888888889e-09 1.4 500 10 3
5.87888888888889e-09 1.4 100 10 3
5.87888888888889e-09 1.4 1000 5 3
5.87888888888889e-09 1.4 1000 3 3
5.87888888888889e-09 1.4 1000 10 1
5.87888888888889e-09 1.4 1000 10 5
6.10444444444444e-09 1.4 1000 10 3
6.10444444444444e-09 0.14 1000 10 3
6.10444444444444e-09 0.014 1000 10 3
6.10444444444444e-09 1.4 500 10 3
6.10444444444444e-09 1.4 100 10 3
6.10444444444444e-09 1.4 1000 5 3
6.10444444444444e-09 1.4 1000 3 3
6.10444444444444e-09 1.4 1000 10 1
6.10444444444444e-09 1.4 1000 10 5
6.33e-09 1.4 1000 10 3
6.33e-09 0.14 1000 10 3
6.33e-09 0.014 1000 10 3
6.33e-09 1.4 500 10 3
6.33e-09 1.4 100 10 3
6.33e-09 1.4 1000 5 3
6.33e-09 1.4 1000 3 3
6.33e-09 1.4 1000 10 1
6.33e-09 1.4 1000 10 5
6.55555555555555e-09 1.4 1000 10 3
6.55555555555555e-09 0.14 1000 10 3
6.55555555555555e-09 0.014 1000 10 3
6.55555555555555e-09 1.4 500 10 3
6.55555555555555e-09 1.4 100 10 3
6.55555555555555e-09 1.4 1000 5 3
6.55555555555555e-09 1.4 1000 3 3
6.55555555555555e-09 1.4 1000 10 1
6.55555555555555e-09 1.4 1000 10 5
6.78111111111111e-09 1.4 1000 10 3
6.78111111111111e-09 0.14 1000 10 3
6.78111111111111e-09 0.014 1000 10 3
6.78111111111111e-09 1.4 500 10 3
6.78111111111111e-09 1.4 100 10 3
6.78111111111111e-09 1.4 1000 5 3
6.78111111111111e-09 1.4 1000 3 3
6.78111111111111e-09 1.4 1000 10 1
6.78111111111111e-09 1.4 1000 10 5
7.00666666666667e-09 1.4 1000 10 3
7.00666666666667e-09 0.14 1000 10 3
7.00666666666667e-09 0.014 1000 10 3
7.00666666666667e-09 1.4 500 10 3
7.00666666666667e-09 1.4 100 10 3
7.00666666666667e-09 1.4 1000 5 3
7.00666666666667e-09 1.4 1000 3 3
7.00666666666667e-09 1.4 1000 10 1
7.00666666666667e-09 1.4 1000 10 5
7.23222222222222e-09 1.4 1000 10 3
7.23222222222222e-09 0.14 1000 10 3
7.23222222222222e-09 0.014 1000 10 3
7.23222222222222e-09 1.4 500 10 3
7.23222222222222e-09 1.4 100 10 3
7.23222222222222e-09 1.4 1000 5 3
7.23222222222222e-09 1.4 1000 3 3
7.23222222222222e-09 1.4 1000 10 1
7.23222222222222e-09 1.4 1000 10 5
7.45777777777778e-09 1.4 1000 10 3
7.45777777777778e-09 0.14 1000 10 3
7.45777777777778e-09 0.014 1000 10 3
7.45777777777778e-09 1.4 500 10 3
7.45777777777778e-09 1.4 100 10 3
7.45777777777778e-09 1.4 1000 5 3
7.45777777777778e-09 1.4 1000 3 3
7.45777777777778e-09 1.4 1000 10 1
7.45777777777778e-09 1.4 1000 10 5
7.68333333333333e-09 1.4 1000 10 3
7.68333333333333e-09 0.14 1000 10 3
7.68333333333333e-09 0.014 1000 10 3
7.68333333333333e-09 1.4 500 10 3
7.68333333333333e-09 1.4 100 10 3
7.68333333333333e-09 1.4 1000 5 3
7.68333333333333e-09 1.4 1000 3 3
7.68333333333333e-09 1.4 1000 10 1
7.68333333333333e-09 1.4 1000 10 5
7.90888888888889e-09 1.4 1000 10 3
7.90888888888889e-09 0.14 1000 10 3
7.90888888888889e-09 0.014 1000 10 3
7.90888888888889e-09 1.4 500 10 3
7.90888888888889e-09 1.4 100 10 3
7.90888888888889e-09 1.4 1000 5 3
7.90888888888889e-09 1.4 1000 3 3
7.90888888888889e-09 1.4 1000 10 1
7.90888888888889e-09 1.4 1000 10 5
8.13444444444444e-09 1.4 1000 10 3
8.13444444444444e-09 0.14 1000 10 3
8.13444444444444e-09 0.014 1000 10 3
8.13444444444444e-09 1.4 500 10 3
8.13444444444444e-09 1.4 100 10 3
8.13444444444444e-09 1.4 1000 5 3
8.13444444444444e-09 1.4 1000 3 3
8.13444444444444e-09 1.4 1000 10 1
8.13444444444444e-09 1.4 1000 10 5
8.36e-09 1.4 1000 10 3
8.36e-09 0.14 1000 10 3
8.36e-09 0.014 1000 10 3
8.36e-09 1.4 500 10 3
8.36e-09 1.4 100 10 3
8.36e-09 1.4 1000 5 3
8.36e-09 1.4 1000 3 3
8.36e-09 1.4 1000 10 1
8.36e-09 1.4 1000 10 5
8.58555555555555e-09 1.4 1000 10 3
8.58555555555555e-09 0.14 1000 10 3
8.58555555555555e-09 0.014 1000 10 3
8.58555555555555e-09 1.4 500 10 3
8.58555555555555e-09 1.4 100 10 3
8.58555555555555e-09 1.4 1000 5 3
8.58555555555555e-09 1.4 1000 3 3
8.58555555555555e-09 1.4 1000 10 1
8.58555555555555e-09 1.4 1000 10 5
8.81111111111111e-09 1.4 1000 10 3
8.81111111111111e-09 0.14 1000 10 3
8.81111111111111e-09 0.014 1000 10 3
8.81111111111111e-09 1.4 500 10 3
8.81111111111111e-09 1.4 100 10 3
8.81111111111111e-09 1.4 1000 5 3
8.81111111111111e-09 1.4 1000 3 3
8.81111111111111e-09 1.4 1000 10 1
8.81111111111111e-09 1.4 1000 10 5
9.03666666666667e-09 1.4 1000 10 3
9.03666666666667e-09 0.14 1000 10 3
9.03666666666667e-09 0.014 1000 10 3
9.03666666666667e-09 1.4 500 10 3
9.03666666666667e-09 1.4 100 10 3
9.03666666666667e-09 1.4 1000 5 3
9.03666666666667e-09 1.4 1000 3 3
9.03666666666667e-09 1.4 1000 10 1
9.03666666666667e-09 1.4 1000 10 5
9.26222222222222e-09 1.4 1000 10 3
9.26222222222222e-09 0.14 1000 10 3
9.26222222222222e-09 0.014 1000 10 3
9.26222222222222e-09 1.4 500 10 3
9.26222222222222e-09 1.4 100 10 3
9.26222222222222e-09 1.4 1000 5 3
9.26222222222222e-09 1.4 1000 3 3
9.26222222222222e-09 1.4 1000 10 1
9.26222222222222e-09 1.4 1000 10 5
9.48777777777778e-09 1.4 1000 10 3
9.48777777777778e-09 0.14 1000 10 3
9.48777777777778e-09 0.014 1000 10 3
9.48777777777778e-09 1.4 500 10 3
9.48777777777778e-09 1.4 100 10 3
9.48777777777778e-09 1.4 1000 5 3
9.48777777777778e-09 1.4 1000 3 3
9.48777777777778e-09 1.4 1000 10 1
9.48777777777778e-09 1.4 1000 10 5
9.71333333333333e-09 1.4 1000 10 3
9.71333333333333e-09 0.14 1000 10 3
9.71333333333333e-09 0.014 1000 10 3
9.71333333333333e-09 1.4 500 10 3
9.71333333333333e-09 1.4 100 10 3
9.71333333333333e-09 1.4 1000 5 3
9.71333333333333e-09 1.4 1000 3 3
9.71333333333333e-09 1.4 1000 10 1
9.71333333333333e-09 1.4 1000 10 5
9.93888888888889e-09 1.4 1000 10 3
9.93888888888889e-09 0.14 1000 10 3
9.93888888888889e-09 0.014 1000 10 3
9.93888888888889e-09 1.4 500 10 3
9.93888888888889e-09 1.4 100 10 3
9.93888888888889e-09 1.4 1000 5 3
9.93888888888889e-09 1.4 1000 3 3
9.93888888888889e-09 1.4 1000 10 1
9.93888888888889e-09 1.4 1000 10 5
1.01644444444444e-08 1.4 1000 10 3
1.01644444444444e-08 0.14 1000 10 3
1.01644444444444e-08 0.014 1000 10 3
1.01644444444444e-08 1.4 500 10 3
1.01644444444444e-08 1.4 100 10 3
1.01644444444444e-08 1.4 1000 5 3
1.01644444444444e-08 1.4 1000 3 3
1.01644444444444e-08 1.4 1000 10 1
1.01644444444444e-08 1.4 1000 10 5
1.039e-08 1.4 1000 10 3
1.039e-08 0.14 1000 10 3
1.039e-08 0.014 1000 10 3
1.039e-08 1.4 500 10 3
1.039e-08 1.4 100 10 3
1.039e-08 1.4 1000 5 3
1.039e-08 1.4 1000 3 3
1.039e-08 1.4 1000 10 1
1.039e-08 1.4 1000 10 5
1.06155555555556e-08 1.4 1000 10 3
1.06155555555556e-08 0.14 1000 10 3
1.06155555555556e-08 0.014 1000 10 3
1.06155555555556e-08 1.4 500 10 3
1.06155555555556e-08 1.4 100 10 3
1.06155555555556e-08 1.4 1000 5 3
1.06155555555556e-08 1.4 1000 3 3
1.06155555555556e-08 1.4 1000 10 1
1.06155555555556e-08 1.4 1000 10 5
1.08411111111111e-08 1.4 1000 10 3
1.08411111111111e-08 0.14 1000 10 3
1.08411111111111e-08 0.014 1000 10 3
1.08411111111111e-08 1.4 500 10 3
1.08411111111111e-08 1.4 100 10 3
1.08411111111111e-08 1.4 1000 5 3
1.08411111111111e-08 1.4 1000 3 3
1.08411111111111e-08 1.4 1000 10 1
1.08411111111111e-08 1.4 1000 10 5
1.10666666666667e-08 1.4 1000 10 3
1.10666666666667e-08 0.14 1000 10 3
1.10666666666667e-08 0.014 1000 10 3
1.10666666666667e-08 1.4 500 10 3
1.10666666666667e-08 1.4 100 10 3
1.10666666666667e-08 1.4 1000 5 3
1.10666666666667e-08 1.4 1000 3 3
1.10666666666667e-08 1.4 1000 10 1
1.10666666666667e-08 1.4 1000 10 5
1.12922222222222e-08 1.4 1000 10 3
1.12922222222222e-08 0.14 1000 10 3
1.12922222222222e-08 0.014 1000 10 3
1.12922222222222e-08 1.4 500 10 3
1.12922222222222e-08 1.4 100 10 3
1.12922222222222e-08 1.4 1000 5 3
1.12922222222222e-08 1.4 1000 3 3
1.12922222222222e-08 1.4 1000 10 1
1.12922222222222e-08 1.4 1000 10 5
1.15177777777778e-08 1.4 1000 10 3
1.15177777777778e-08 0.14 1000 10 3
1.15177777777778e-08 0.014 1000 10 3
1.15177777777778e-08 1.4 500 10 3
1.15177777777778e-08 1.4 100 10 3
1.15177777777778e-08 1.4 1000 5 3
1.15177777777778e-08 1.4 1000 3 3
1.15177777777778e-08 1.4 1000 10 1
1.15177777777778e-08 1.4 1000 10 5
1.17433333333333e-08 1.4 1000 10 3
1.17433333333333e-08 0.14 1000 10 3
1.17433333333333e-08 0.014 1000 10 3
1.17433333333333e-08 1.4 500 10 3
1.17433333333333e-08 1.4 100 10 3
1.17433333333333e-08 1.4 1000 5 3
1.17433333333333e-08 1.4 1000 3 3
1.17433333333333e-08 1.4 1000 10 1
1.17433333333333e-08 1.4 1000 10 5
1.19688888888889e-08 1.4 1000 10 3
1.19688888888889e-08 0.14 1000 10 3
1.19688888888889e-08 0.014 1000 10 3
1.19688888888889e-08 1.4 500 10 3
1.19688888888889e-08 1.4 100 10 3
1.19688888888889e-08 1.4 1000 5 3
1.19688888888889e-08 1.4 1000 3 3
1.19688888888889e-08 1.4 1000 10 1
1.19688888888889e-08 1.4 1000 10 5
1.21944444444444e-08 1.4 1000 10 3
1.21944444444444e-08 0.14 1000 10 3
1.21944444444444e-08 0.014 1000 10 3
1.21944444444444e-08 1.4 500 10 3
1.21944444444444e-08 1.4 100 10 3
1.21944444444444e-08 1.4 1000 5 3
1.21944444444444e-08 1.4 1000 3 3
1.21944444444444e-08 1.4 1000 10 1
1.21944444444444e-08 1.4 1000 10 5
1.242e-08 1.4 1000 10 3
1.242e-08 0.14 1000 10 3
1.242e-08 0.014 1000 10 3
1.242e-08 1.4 500 10 3
1.242e-08 1.4 100 10 3
1.242e-08 1.4 1000 5 3
1.242e-08 1.4 1000 3 3
1.242e-08 1.4 1000 10 1
1.242e-08 1.4 1000 10 5
1.26455555555556e-08 1.4 1000 10 3
1.26455555555556e-08 0.14 1000 10 3
1.26455555555556e-08 0.014 1000 10 3
1.26455555555556e-08 1.4 500 10 3
1.26455555555556e-08 1.4 100 10 3
1.26455555555556e-08 1.4 1000 5 3
1.26455555555556e-08 1.4 1000 3 3
1.26455555555556e-08 1.4 1000 10 1
1.26455555555556e-08 1.4 1000 10 5
1.28711111111111e-08 1.4 1000 10 3
1.28711111111111e-08 0.14 1000 10 3
1.28711111111111e-08 0.014 1000 10 3
1.28711111111111e-08 1.4 500 10 3
1.28711111111111e-08 1.4 100 10 3
1.28711111111111e-08 1.4 1000 5 3
1.28711111111111e-08 1.4 1000 3 3
1.28711111111111e-08 1.4 1000 10 1
1.28711111111111e-08 1.4 1000 10 5
1.30966666666667e-08 1.4 1000 10 3
1.30966666666667e-08 0.14 1000 10 3
1.30966666666667e-08 0.014 1000 10 3
1.30966666666667e-08 1.4 500 10 3
1.30966666666667e-08 1.4 100 10 3
1.30966666666667e-08 1.4 1000 5 3
1.30966666666667e-08 1.4 1000 3 3
1.30966666666667e-08 1.4 1000 10 1
1.30966666666667e-08 1.4 1000 10 5
1.33222222222222e-08 1.4 1000 10 3
1.33222222222222e-08 0.14 1000 10 3
1.33222222222222e-08 0.014 1000 10 3
1.33222222222222e-08 1.4 500 10 3
1.33222222222222e-08 1.4 100 10 3
1.33222222222222e-08 1.4 1000 5 3
1.33222222222222e-08 1.4 1000 3 3
1.33222222222222e-08 1.4 1000 10 1
1.33222222222222e-08 1.4 1000 10 5
1.35477777777778e-08 1.4 1000 10 3
1.35477777777778e-08 0.14 1000 10 3
1.35477777777778e-08 0.014 1000 10 3
1.35477777777778e-08 1.4 500 10 3
1.35477777777778e-08 1.4 100 10 3
1.35477777777778e-08 1.4 1000 5 3
1.35477777777778e-08 1.4 1000 3 3
1.35477777777778e-08 1.4 1000 10 1
1.35477777777778e-08 1.4 1000 10 5
1.37733333333333e-08 1.4 1000 10 3
1.37733333333333e-08 0.14 1000 10 3
1.37733333333333e-08 0.014 1000 10 3
1.37733333333333e-08 1.4 500 10 3
1.37733333333333e-08 1.4 100 10 3
1.37733333333333e-08 1.4 1000 5 3
1.37733333333333e-08 1.4 1000 3 3
1.37733333333333e-08 1.4 1000 10 1
1.37733333333333e-08 1.4 1000 10 5
1.39988888888889e-08 1.4 1000 10 3
1.39988888888889e-08 0.14 1000 10 3
1.39988888888889e-08 0.014 1000 10 3
1.39988888888889e-08 1.4 500 10 3
1.39988888888889e-08 1.4 100 10 3
1.39988888888889e-08 1.4 1000 5 3
1.39988888888889e-08 1.4 1000 3 3
1.39988888888889e-08 1.4 1000 10 1
1.39988888888889e-08 1.4 1000 10 5
1.42244444444444e-08 1.4 1000 10 3
1.42244444444444e-08 0.14 1000 10 3
1.42244444444444e-08 0.014 1000 10 3
1.42244444444444e-08 1.4 500 10 3
1.42244444444444e-08 1.4 100 10 3
1.42244444444444e-08 1.4 1000 5 3
1.42244444444444e-08 1.4 1000 3 3
1.42244444444444e-08 1.4 1000 10 1
1.42244444444444e-08 1.4 1000 10 5
1.445e-08 1.4 1000 10 3
1.445e-08 0.14 1000 10 3
1.445e-08 0.014 1000 10 3
1.445e-08 1.4 500 10 3
1.445e-08 1.4 100 10 3
1.445e-08 1.4 1000 5 3
1.445e-08 1.4 1000 3 3
1.445e-08 1.4 1000 10 1
1.445e-08 1.4 1000 10 5
1.46755555555556e-08 1.4 1000 10 3
1.46755555555556e-08 0.14 1000 10 3
1.46755555555556e-08 0.014 1000 10 3
1.46755555555556e-08 1.4 500 10 3
1.46755555555556e-08 1.4 100 10 3
1.46755555555556e-08 1.4 1000 5 3
1.46755555555556e-08 1.4 1000 3 3
1.46755555555556e-08 1.4 1000 10 1
1.46755555555556e-08 1.4 1000 10 5
1.49011111111111e-08 1.4 1000 10 3
1.49011111111111e-08 0.14 1000 10 3
1.49011111111111e-08 0.014 1000 10 3
1.49011111111111e-08 1.4 500 10 3
1.49011111111111e-08 1.4 100 10 3
1.49011111111111e-08 1.4 1000 5 3
1.49011111111111e-08 1.4 1000 3 3
1.49011111111111e-08 1.4 1000 10 1
1.49011111111111e-08 1.4 1000 10 5
1.51266666666667e-08 1.4 1000 10 3
1.51266666666667e-08 0.14 1000 10 3
1.51266666666667e-08 0.014 1000 10 3
1.51266666666667e-08 1.4 500 10 3
1.51266666666667e-08 1.4 100 10 3
1.51266666666667e-08 1.4 1000 5 3
1.51266666666667e-08 1.4 1000 3 3
1.51266666666667e-08 1.4 1000 10 1
1.51266666666667e-08 1.4 1000 10 5
1.53522222222222e-08 1.4 1000 10 3
1.53522222222222e-08 0.14 1000 10 3
1.53522222222222e-08 0.014 1000 10 3
1.53522222222222e-08 1.4 500 10 3
1.53522222222222e-08 1.4 100 10 3
1.53522222222222e-08 1.4 1000 5 3
1.53522222222222e-08 1.4 1000 3 3
1.53522222222222e-08 1.4 1000 10 1
1.53522222222222e-08 1.4 1000 10 5
1.55777777777778e-08 1.4 1000 10 3
1.55777777777778e-08 0.14 1000 10 3
1.55777777777778e-08 0.014 1000 10 3
1.55777777777778e-08 1.4 500 10 3
1.55777777777778e-08 1.4 100 10 3
1.55777777777778e-08 1.4 1000 5 3
1.55777777777778e-08 1.4 1000 3 3
1.55777777777778e-08 1.4 1000 10 1
1.55777777777778e-08 1.4 1000 10 5
1.58033333333333e-08 1.4 1000 10 3
1.58033333333333e-08 0.14 1000 10 3
1.58033333333333e-08 0.014 1000 10 3
1.58033333333333e-08 1.4 500 10 3
1.58033333333333e-08 1.4 100 10 3
1.58033333333333e-08 1.4 1000 5 3
1.58033333333333e-08 1.4 1000 3 3
1.58033333333333e-08 1.4 1000 10 1
1.58033333333333e-08 1.4 1000 10 5
1.60288888888889e-08 1.4 1000 10 3
1.60288888888889e-08 0.14 1000 10 3
1.60288888888889e-08 0.014 1000 10 3
1.60288888888889e-08 1.4 500 10 3
1.60288888888889e-08 1.4 100 10 3
1.60288888888889e-08 1.4 1000 5 3
1.60288888888889e-08 1.4 1000 3 3
1.60288888888889e-08 1.4 1000 10 1
1.60288888888889e-08 1.4 1000 10 5
1.62544444444444e-08 1.4 1000 10 3
1.62544444444444e-08 0.14 1000 10 3
1.62544444444444e-08 0.014 1000 10 3
1.62544444444444e-08 1.4 500 10 3
1.62544444444444e-08 1.4 100 10 3
1.62544444444444e-08 1.4 1000 5 3
1.62544444444444e-08 1.4 1000 3 3
1.62544444444444e-08 1.4 1000 10 1
1.62544444444444e-08 1.4 1000 10 5
1.648e-08 1.4 1000 10 3
1.648e-08 0.14 1000 10 3
1.648e-08 0.014 1000 10 3
1.648e-08 1.4 500 10 3
1.648e-08 1.4 100 10 3
1.648e-08 1.4 1000 5 3
1.648e-08 1.4 1000 3 3
1.648e-08 1.4 1000 10 1
1.648e-08 1.4 1000 10 5
1.67055555555556e-08 1.4 1000 10 3
1.67055555555556e-08 0.14 1000 10 3
1.67055555555556e-08 0.014 1000 10 3
1.67055555555556e-08 1.4 500 10 3
1.67055555555556e-08 1.4 100 10 3
1.67055555555556e-08 1.4 1000 5 3
1.67055555555556e-08 1.4 1000 3 3
1.67055555555556e-08 1.4 1000 10 1
1.67055555555556e-08 1.4 1000 10 5
1.69311111111111e-08 1.4 1000 10 3
1.69311111111111e-08 0.14 1000 10 3
1.69311111111111e-08 0.014 1000 10 3
1.69311111111111e-08 1.4 500 10 3
1.69311111111111e-08 1.4 100 10 3
1.69311111111111e-08 1.4 1000 5 3
1.69311111111111e-08 1.4 1000 3 3
1.69311111111111e-08 1.4 1000 10 1
1.69311111111111e-08 1.4 1000 10 5
1.71566666666667e-08 1.4 1000 10 3
1.71566666666667e-08 0.14 1000 10 3
1.71566666666667e-08 0.014 1000 10 3
1.71566666666667e-08 1.4 500 10 3
1.71566666666667e-08 1.4 100 10 3
1.71566666666667e-08 1.4 1000 5 3
1.71566666666667e-08 1.4 1000 3 3
1.71566666666667e-08 1.4 1000 10 1
1.71566666666667e-08 1.4 1000 10 5
1.73822222222222e-08 1.4 1000 10 3
1.73822222222222e-08 0.14 1000 10 3
1.73822222222222e-08 0.014 1000 10 3
1.73822222222222e-08 1.4 500 10 3
1.73822222222222e-08 1.4 100 10 3
1.73822222222222e-08 1.4 1000 5 3
1.73822222222222e-08 1.4 1000 3 3
1.73822222222222e-08 1.4 1000 10 1
1.73822222222222e-08 1.4 1000 10 5
1.76077777777778e-08 1.4 1000 10 3
1.76077777777778e-08 0.14 1000 10 3
1.76077777777778e-08 0.014 1000 10 3
1.76077777777778e-08 1.4 500 10 3
1.76077777777778e-08 1.4 100 10 3
1.76077777777778e-08 1.4 1000 5 3
1.76077777777778e-08 1.4 1000 3 3
1.76077777777778e-08 1.4 1000 10 1
1.76077777777778e-08 1.4 1000 10 5
1.78333333333333e-08 1.4 1000 10 3
1.78333333333333e-08 0.14 1000 10 3
1.78333333333333e-08 0.014 1000 10 3
1.78333333333333e-08 1.4 500 10 3
1.78333333333333e-08 1.4 100 10 3
1.78333333333333e-08 1.4 1000 5 3
1.78333333333333e-08 1.4 1000 3 3
1.78333333333333e-08 1.4 1000 10 1
1.78333333333333e-08 1.4 1000 10 5
1.80588888888889e-08 1.4 1000 10 3
1.80588888888889e-08 0.14 1000 10 3
1.80588888888889e-08 0.014 1000 10 3
1.80588888888889e-08 1.4 500 10 3
1.80588888888889e-08 1.4 100 10 3
1.80588888888889e-08 1.4 1000 5 3
1.80588888888889e-08 1.4 1000 3 3
1.80588888888889e-08 1.4 1000 10 1
1.80588888888889e-08 1.4 1000 10 5
1.82844444444444e-08 1.4 1000 10 3
1.82844444444444e-08 0.14 1000 10 3
1.82844444444444e-08 0.014 1000 10 3
1.82844444444444e-08 1.4 500 10 3
1.82844444444444e-08 1.4 100 10 3
1.82844444444444e-08 1.4 1000 5 3
1.82844444444444e-08 1.4 1000 3 3
1.82844444444444e-08 1.4 1000 10 1
1.82844444444444e-08 1.4 1000 10 5
1.851e-08 1.4 1000 10 3
1.851e-08 0.14 1000 10 3
1.851e-08 0.014 1000 10 3
1.851e-08 1.4 500 10 3
1.851e-08 1.4 100 10 3
1.851e-08 1.4 1000 5 3
1.851e-08 1.4 1000 3 3
1.851e-08 1.4 1000 10 1
1.851e-08 1.4 1000 10 5
1.87355555555556e-08 1.4 1000 10 3
1.87355555555556e-08 0.14 1000 10 3
1.87355555555556e-08 0.014 1000 10 3
1.87355555555556e-08 1.4 500 10 3
1.87355555555556e-08 1.4 100 10 3
1.87355555555556e-08 1.4 1000 5 3
1.87355555555556e-08 1.4 1000 3 3
1.87355555555556e-08 1.4 1000 10 1
1.87355555555556e-08 1.4 1000 10 5
1.89611111111111e-08 1.4 1000 10 3
1.89611111111111e-08 0.14 1000 10 3
1.89611111111111e-08 0.014 1000 10 3
1.89611111111111e-08 1.4 500 10 3
1.89611111111111e-08 1.4 100 10 3
1.89611111111111e-08 1.4 1000 5 3
1.89611111111111e-08 1.4 1000 3 3
1.89611111111111e-08 1.4 1000 10 1
1.89611111111111e-08 1.4 1000 10 5
1.91866666666667e-08 1.4 1000 10 3
1.91866666666667e-08 0.14 1000 10 3
1.91866666666667e-08 0.014 1000 10 3
1.91866666666667e-08 1.4 500 10 3
1.91866666666667e-08 1.4 100 10 3
1.91866666666667e-08 1.4 1000 5 3
1.91866666666667e-08 1.4 1000 3 3
1.91866666666667e-08 1.4 1000 10 1
1.91866666666667e-08 1.4 1000 10 5
1.94122222222222e-08 1.4 1000 10 3
1.94122222222222e-08 0.14 1000 10 3
1.94122222222222e-08 0.014 1000 10 3
1.94122222222222e-08 1.4 500 10 3
1.94122222222222e-08 1.4 100 10 3
1.94122222222222e-08 1.4 1000 5 3
1.94122222222222e-08 1.4 1000 3 3
1.94122222222222e-08 1.4 1000 10 1
1.94122222222222e-08 1.4 1000 10 5
1.96377777777778e-08 1.4 1000 10 3
1.96377777777778e-08 0.14 1000 10 3
1.96377777777778e-08 0.014 1000 10 3
1.96377777777778e-08 1.4 500 10 3
1.96377777777778e-08 1.4 100 10 3
1.96377777777778e-08 1.4 1000 5 3
1.96377777777778e-08 1.4 1000 3 3
1.96377777777778e-08 1.4 1000 10 1
1.96377777777778e-08 1.4 1000 10 5
1.98633333333333e-08 1.4 1000 10 3
1.98633333333333e-08 0.14 1000 10 3
1.98633333333333e-08 0.014 1000 10 3
1.98633333333333e-08 1.4 500 10 3
1.98633333333333e-08 1.4 100 10 3
1.98633333333333e-08 1.4 1000 5 3
1.98633333333333e-08 1.4 1000 3 3
1.98633333333333e-08 1.4 1000 10 1
1.98633333333333e-08 1.4 1000 10 5
2.00888888888889e-08 1.4 1000 10 3
2.00888888888889e-08 0.14 1000 10 3
2.00888888888889e-08 0.014 1000 10 3
2.00888888888889e-08 1.4 500 10 3
2.00888888888889e-08 1.4 100 10 3
2.00888888888889e-08 1.4 1000 5 3
2.00888888888889e-08 1.4 1000 3 3
2.00888888888889e-08 1.4 1000 10 1
2.00888888888889e-08 1.4 1000 10 5
2.03144444444444e-08 1.4 1000 10 3
2.03144444444444e-08 0.14 1000 10 3
2.03144444444444e-08 0.014 1000 10 3
2.03144444444444e-08 1.4 500 10 3
2.03144444444444e-08 1.4 100 10 3
2.03144444444444e-08 1.4 1000 5 3
2.03144444444444e-08 1.4 1000 3 3
2.03144444444444e-08 1.4 1000 10 1
2.03144444444444e-08 1.4 1000 10 5
2.054e-08 1.4 1000 10 3
2.054e-08 0.14 1000 10 3
2.054e-08 0.014 1000 10 3
2.054e-08 1.4 500 10 3
2.054e-08 1.4 100 10 3
2.054e-08 1.4 1000 5 3
2.054e-08 1.4 1000 3 3
2.054e-08 1.4 1000 10 1
2.054e-08 1.4 1000 10 5
2.07655555555556e-08 1.4 1000 10 3
2.07655555555556e-08 0.14 1000 10 3
2.07655555555556e-08 0.014 1000 10 3
2.07655555555556e-08 1.4 500 10 3
2.07655555555556e-08 1.4 100 10 3
2.07655555555556e-08 1.4 1000 5 3
2.07655555555556e-08 1.4 1000 3 3
2.07655555555556e-08 1.4 1000 10 1
2.07655555555556e-08 1.4 1000 10 5
2.09911111111111e-08 1.4 1000 10 3
2.09911111111111e-08 0.14 1000 10 3
2.09911111111111e-08 0.014 1000 10 3
2.09911111111111e-08 1.4 500 10 3
2.09911111111111e-08 1.4 100 10 3
2.09911111111111e-08 1.4 1000 5 3
2.09911111111111e-08 1.4 1000 3 3
2.09911111111111e-08 1.4 1000 10 1
2.09911111111111e-08 1.4 1000 10 5
2.12166666666667e-08 1.4 1000 10 3
2.12166666666667e-08 0.14 1000 10 3
2.12166666666667e-08 0.014 1000 10 3
2.12166666666667e-08 1.4 500 10 3
2.12166666666667e-08 1.4 100 10 3
2.12166666666667e-08 1.4 1000 5 3
2.12166666666667e-08 1.4 1000 3 3
2.12166666666667e-08 1.4 1000 10 1
2.12166666666667e-08 1.4 1000 10 5
2.14422222222222e-08 1.4 1000 10 3
2.14422222222222e-08 0.14 1000 10 3
2.14422222222222e-08 0.014 1000 10 3
2.14422222222222e-08 1.4 500 10 3
2.14422222222222e-08 1.4 100 10 3
2.14422222222222e-08 1.4 1000 5 3
2.14422222222222e-08 1.4 1000 3 3
2.14422222222222e-08 1.4 1000 10 1
2.14422222222222e-08 1.4 1000 10 5
2.16677777777778e-08 1.4 1000 10 3
2.16677777777778e-08 0.14 1000 10 3
2.16677777777778e-08 0.014 1000 10 3
2.16677777777778e-08 1.4 500 10 3
2.16677777777778e-08 1.4 100 10 3
2.16677777777778e-08 1.4 1000 5 3
2.16677777777778e-08 1.4 1000 3 3
2.16677777777778e-08 1.4 1000 10 1
2.16677777777778e-08 1.4 1000 10 5
2.18933333333333e-08 1.4 1000 10 3
2.18933333333333e-08 0.14 1000 10 3
2.18933333333333e-08 0.014 1000 10 3
2.18933333333333e-08 1.4 500 10 3
2.18933333333333e-08 1.4 100 10 3
2.18933333333333e-08 1.4 1000 5 3
2.18933333333333e-08 1.4 1000 3 3
2.18933333333333e-08 1.4 1000 10 1
2.18933333333333e-08 1.4 1000 10 5
2.21188888888889e-08 1.4 1000 10 3
2.21188888888889e-08 0.14 1000 10 3
2.21188888888889e-08 0.014 1000 10 3
2.21188888888889e-08 1.4 500 10 3
2.21188888888889e-08 1.4 100 10 3
2.21188888888889e-08 1.4 1000 5 3
2.21188888888889e-08 1.4 1000 3 3
2.21188888888889e-08 1.4 1000 10 1
2.21188888888889e-08 1.4 1000 10 5
2.23444444444444e-08 1.4 1000 10 3
2.23444444444444e-08 0.14 1000 10 3
2.23444444444444e-08 0.014 1000 10 3
2.23444444444444e-08 1.4 500 10 3
2.23444444444444e-08 1.4 100 10 3
2.23444444444444e-08 1.4 1000 5 3
2.23444444444444e-08 1.4 1000 3 3
2.23444444444444e-08 1.4 1000 10 1
2.23444444444444e-08 1.4 1000 10 5
2.257e-08 1.4 1000 10 3
2.257e-08 0.14 1000 10 3
2.257e-08 0.014 1000 10 3
2.257e-08 1.4 500 10 3
2.257e-08 1.4 100 10 3
2.257e-08 1.4 1000 5 3
2.257e-08 1.4 1000 3 3
2.257e-08 1.4 1000 10 1
2.257e-08 1.4 1000 10 5
2.27955555555556e-08 1.4 1000 10 3
2.27955555555556e-08 0.14 1000 10 3
2.27955555555556e-08 0.014 1000 10 3
2.27955555555556e-08 1.4 500 10 3
2.27955555555556e-08 1.4 100 10 3
2.27955555555556e-08 1.4 1000 5 3
2.27955555555556e-08 1.4 1000 3 3
2.27955555555556e-08 1.4 1000 10 1
2.27955555555556e-08 1.4 1000 10 5
2.30211111111111e-08 1.4 1000 10 3
2.30211111111111e-08 0.14 1000 10 3
2.30211111111111e-08 0.014 1000 10 3
2.30211111111111e-08 1.4 500 10 3
2.30211111111111e-08 1.4 100 10 3
2.30211111111111e-08 1.4 1000 5 3
2.30211111111111e-08 1.4 1000 3 3
2.30211111111111e-08 1.4 1000 10 1
2.30211111111111e-08 1.4 1000 10 5
2.32466666666667e-08 1.4 1000 10 3
2.32466666666667e-08 0.14 1000 10 3
2.32466666666667e-08 0.014 1000 10 3
2.32466666666667e-08 1.4 500 10 3
2.32466666666667e-08 1.4 100 10 3
2.32466666666667e-08 1.4 1000 5 3
2.32466666666667e-08 1.4 1000 3 3
2.32466666666667e-08 1.4 1000 10 1
2.32466666666667e-08 1.4 1000 10 5
2.34722222222222e-08 1.4 1000 10 3
2.34722222222222e-08 0.14 1000 10 3
2.34722222222222e-08 0.014 1000 10 3
2.34722222222222e-08 1.4 500 10 3
2.34722222222222e-08 1.4 100 10 3
2.34722222222222e-08 1.4 1000 5 3
2.34722222222222e-08 1.4 1000 3 3
2.34722222222222e-08 1.4 1000 10 1
2.34722222222222e-08 1.4 1000 10 5
2.36977777777778e-08 1.4 1000 10 3
2.36977777777778e-08 0.14 1000 10 3
2.36977777777778e-08 0.014 1000 10 3
2.36977777777778e-08 1.4 500 10 3
2.36977777777778e-08 1.4 100 10 3
2.36977777777778e-08 1.4 1000 5 3
2.36977777777778e-08 1.4 1000 3 3
2.36977777777778e-08 1.4 1000 10 1
2.36977777777778e-08 1.4 1000 10 5
2.39233333333333e-08 1.4 1000 10 3
2.39233333333333e-08 0.14 1000 10 3
2.39233333333333e-08 0.014 1000 10 3
2.39233333333333e-08 1.4 500 10 3
2.39233333333333e-08 1.4 100 10 3
2.39233333333333e-08 1.4 1000 5 3
2.39233333333333e-08 1.4 1000 3 3
2.39233333333333e-08 1.4 1000 10 1
2.39233333333333e-08 1.4 1000 10 5
2.41488888888889e-08 1.4 1000 10 3
2.41488888888889e-08 0.14 1000 10 3
2.41488888888889e-08 0.014 1000 10 3
2.41488888888889e-08 1.4 500 10 3
2.41488888888889e-08 1.4 100 10 3
2.41488888888889e-08 1.4 1000 5 3
2.41488888888889e-08 1.4 1000 3 3
2.41488888888889e-08 1.4 1000 10 1
2.41488888888889e-08 1.4 1000 10 5
2.43744444444444e-08 1.4 1000 10 3
2.43744444444444e-08 0.14 1000 10 3
2.43744444444444e-08 0.014 1000 10 3
2.43744444444444e-08 1.4 500 10 3
2.43744444444444e-08 1.4 100 10 3
2.43744444444444e-08 1.4 1000 5 3
2.43744444444444e-08 1.4 1000 3 3
2.43744444444444e-08 1.4 1000 10 1
2.43744444444444e-08 1.4 1000 10 5
2.46e-08 1.4 1000 10 3
2.46e-08 0.14 1000 10 3
2.46e-08 0.014 1000 10 3
2.46e-08 1.4 500 10 3
2.46e-08 1.4 100 10 3
2.46e-08 1.4 1000 5 3
2.46e-08 1.4 1000 3 3
2.46e-08 1.4 1000 10 1
2.46e-08 1.4 1000 10 5
