7.5e-10 1.4 14 1000 10 4 0 0
8.36734693877551e-10 1.4 14 1000 10 4 0 0
9.23469387755102e-10 1.4 14 1000 10 4 0 0
1.01020408163265e-09 1.4 14 1000 10 4 0 0
1.0969387755102e-09 1.4 14 1000 10 4 0 0
1.18367346938776e-09 1.4 14 1000 10 4 0 0
1.27040816326531e-09 1.4 14 1000 10 4 0 0
1.35714285714286e-09 1.4 14 1000 10 4 0 0
1.44387755102041e-09 1.4 14 1000 10 4 0 0
1.53061224489796e-09 1.4 14 1000 10 4 0 0
1.61734693877551e-09 1.4 14 1000 10 4 0 0
1.70408163265306e-09 1.4 14 1000 10 4 0 0
1.79081632653061e-09 1.4 14 1000 10 4 0 0
1.87755102040816e-09 1.4 14 1000 10 4 0 0
1.96428571428571e-09 1.4 14 1000 10 4 0 0
2.05102040816327e-09 1.4 14 1000 10 4 0 0
2.13775510204082e-09 1.4 14 1000 10 4 0 0
2.22448979591837e-09 1.4 14 1000 10 4 0 0
2.31122448979592e-09 1.4 14 1000 10 4 0 0
2.39795918367347e-09 1.4 14 1000 10 4 0 0
2.48469387755102e-09 1.4 14 1000 10 4 0 0
2.57142857142857e-09 1.4 14 1000 10 4 0 0
2.65816326530612e-09 1.4 14 1000 10 4 0 0
2.74489795918367e-09 1.4 14 1000 10 4 0 0
2.83163265306122e-09 1.4 14 1000 10 4 0 0
2.91836734693878e-09 1.4 14 1000 10 4 0 0
3.00510204081633e-09 1.4 14 1000 10 4 0 0
3.09183673469388e-09 1.4 14 1000 10 4 0 0
3.17857142857143e-09 1.4 14 1000 10 4 0 0
3.26530612244898e-09 1.4 14 1000 10 4 0 0
3.35204081632653e-09 1.4 14 1000 10 4 0 0
3.43877551020408e-09 1.4 14 1000 10 4 0 0
3.52551020408163e-09 1.4 14 1000 10 4 0 0
3.61224489795918e-09 1.4 14 1000 10 4 0 0
3.69897959183673e-09 1.4 14 1000 10 4 0 0
3.78571428571429e-09 1.4 14 1000 10 4 0 0
3.87244897959184e-09 1.4 14 1000 10 4 0 0
3.95918367346939e-09 1.4 14 1000 10 4 0 0
4.04591836734694e-09 1.4 14 1000 10 4 0 0
4.13265306122449e-09 1.4 14 1000 10 4 0 0
4.21938775510204e-09 1.4 14 1000 10 4 0 0
4.30612244897959e-09 1.4 14 1000 10 4 0 0
4.39285714285714e-09 1.4 14 1000 10 4 0 0
4.47959183673469e-09 1.4 14 1000 10 4 0 0
4.56632653061224e-09 1.4 14 1000 10 4 0 0
4.6530612244898e-09 1.4 14 1000 10 4 0 0
4.73979591836735e-09 1.4 14 1000 10 4 0 0
4.8265306122449e-09 1.4 14 1000 10 4 0 0
4.91326530612245e-09 1.4 14 1000 10 4 0 0
5e-09 1.4 14 1000 10 4 0 0
