1.325e-08 0.5 2 1000 10 4 0 1 3000
1.325e-08 0.5 2 1000 10 4 0 1 3626
1.325e-08 0.5 2 1000 10 4 0 1 4253
1.325e-08 0.5 2 1000 10 4 0 1 4879
1.325e-08 0.5 2 1000 10 4 0 1 5505
1.325e-08 0.5 2 1000 10 4 0 1 6131
1.325e-08 0.5 2 1000 10 4 0 1 6758
1.325e-08 0.5 2 1000 10 4 0 1 7384
1.325e-08 0.5 2 1000 10 4 0 1 8010
1.325e-08 0.5 2 1000 10 4 0 1 8636
1.325e-08 0.5 2 1000 10 4 0 1 9263
1.325e-08 0.5 2 1000 10 4 0 1 9889
1.325e-08 0.5 2 1000 10 4 0 1 10515
1.325e-08 0.5 2 1000 10 4 0 1 11141
1.325e-08 0.5 2 1000 10 4 0 1 11768
1.325e-08 0.5 2 1000 10 4 0 1 12394
1.325e-08 0.5 2 1000 10 4 0 1 13020
1.325e-08 0.5 2 1000 10 4 0 1 13646
1.325e-08 0.5 2 1000 10 4 0 1 14273
1.325e-08 0.5 2 1000 10 4 0 1 14899
1.325e-08 0.5 2 1000 10 4 0 1 15525
1.325e-08 0.5 2 1000 10 4 0 1 16152
1.325e-08 0.5 2 1000 10 4 0 1 16778
1.325e-08 0.5 2 1000 10 4 0 1 17404
1.325e-08 0.5 2 1000 10 4 0 1 18030
1.325e-08 0.5 2 1000 10 4 0 1 18657
1.325e-08 0.5 2 1000 10 4 0 1 19283
1.325e-08 0.5 2 1000 10 4 0 1 19909
1.325e-08 0.5 2 1000 10 4 0 1 20535
1.325e-08 0.5 2 1000 10 4 0 1 21162
1.325e-08 0.5 2 1000 10 4 0 1 21788
1.325e-08 0.5 2 1000 10 4 0 1 22414
1.325e-08 0.5 2 1000 10 4 0 1 23040
1.325e-08 0.5 2 1000 10 4 0 1 23667
1.325e-08 0.5 2 1000 10 4 0 1 24293
1.325e-08 0.5 2 1000 10 4 0 1 24919
1.325e-08 0.5 2 1000 10 4 0 1 25545
1.325e-08 0.5 2 1000 10 4 0 1 26172
1.325e-08 0.5 2 1000 10 4 0 1 26798
1.325e-08 0.5 2 1000 10 4 0 1 27424
1.325e-08 0.5 2 1000 10 4 0 1 28051
1.325e-08 0.5 2 1000 10 4 0 1 28677
1.325e-08 0.5 2 1000 10 4 0 1 29303
1.325e-08 0.5 2 1000 10 4 0 1 29929
1.325e-08 0.5 2 1000 10 4 0 1 30556
1.325e-08 0.5 2 1000 10 4 0 1 31182
1.325e-08 0.5 2 1000 10 4 0 1 31808
1.325e-08 0.5 2 1000 10 4 0 1 32434
1.325e-08 0.5 2 1000 10 4 0 1 33061
1.325e-08 0.5 2 1000 10 4 0 1 33687
1.325e-08 0.5 2 1000 10 4 0 1 34313
1.325e-08 0.5 2 1000 10 4 0 1 34939
1.325e-08 0.5 2 1000 10 4 0 1 35566
1.325e-08 0.5 2 1000 10 4 0 1 36192
1.325e-08 0.5 2 1000 10 4 0 1 36818
1.325e-08 0.5 2 1000 10 4 0 1 37444
1.325e-08 0.5 2 1000 10 4 0 1 38071
1.325e-08 0.5 2 1000 10 4 0 1 38697
1.325e-08 0.5 2 1000 10 4 0 1 39323
1.325e-08 0.5 2 1000 10 4 0 1 39949
1.325e-08 0.5 2 1000 10 4 0 1 40576
1.325e-08 0.5 2 1000 10 4 0 1 41202
1.325e-08 0.5 2 1000 10 4 0 1 41828
1.325e-08 0.5 2 1000 10 4 0 1 42455
1.325e-08 0.5 2 1000 10 4 0 1 43081
1.325e-08 0.5 2 1000 10 4 0 1 43707
1.325e-08 0.5 2 1000 10 4 0 1 44333
1.325e-08 0.5 2 1000 10 4 0 1 44960
1.325e-08 0.5 2 1000 10 4 0 1 45586
1.325e-08 0.5 2 1000 10 4 0 1 46212
1.325e-08 0.5 2 1000 10 4 0 1 46838
1.325e-08 0.5 2 1000 10 4 0 1 47465
1.325e-08 0.5 2 1000 10 4 0 1 48091
1.325e-08 0.5 2 1000 10 4 0 1 48717
1.325e-08 0.5 2 1000 10 4 0 1 49343
1.325e-08 0.5 2 1000 10 4 0 1 49970
1.325e-08 0.5 2 1000 10 4 0 1 50596
1.325e-08 0.5 2 1000 10 4 0 1 51222
1.325e-08 0.5 2 1000 10 4 0 1 51848
1.325e-08 0.5 2 1000 10 4 0 1 52475
1.325e-08 0.5 2 1000 10 4 0 1 53101
1.325e-08 0.5 2 1000 10 4 0 1 53727
1.325e-08 0.5 2 1000 10 4 0 1 54354
1.325e-08 0.5 2 1000 10 4 0 1 54980
1.325e-08 0.5 2 1000 10 4 0 1 55606
1.325e-08 0.5 2 1000 10 4 0 1 56232
1.325e-08 0.5 2 1000 10 4 0 1 56859
1.325e-08 0.5 2 1000 10 4 0 1 57485
1.325e-08 0.5 2 1000 10 4 0 1 58111
1.325e-08 0.5 2 1000 10 4 0 1 58737
1.325e-08 0.5 2 1000 10 4 0 1 59364
1.325e-08 0.5 2 1000 10 4 0 1 59990
1.325e-08 0.5 2 1000 10 4 0 1 60616
1.325e-08 0.5 2 1000 10 4 0 1 61242
1.325e-08 0.5 2 1000 10 4 0 1 61869
1.325e-08 0.5 2 1000 10 4 0 1 62495
1.325e-08 0.5 2 1000 10 4 0 1 63121
1.325e-08 0.5 2 1000 10 4 0 1 63747
1.325e-08 0.5 2 1000 10 4 0 1 64374
1.325e-08 0.5 2 1000 10 4 0 1 65000
