3e-09 0.01 2 1000 10 4 0 1 3000 0 0
3.20707070707071e-09 0.01 2 1000 10 4 0 1 3000 0 0
3.41414141414141e-09 0.01 2 1000 10 4 0 1 3000 0 0
3.62121212121212e-09 0.01 2 1000 10 4 0 1 3000 0 0
3.82828282828283e-09 0.01 2 1000 10 4 0 1 3000 0 0
4.03535353535354e-09 0.01 2 1000 10 4 0 1 3000 0 0
4.24242424242424e-09 0.01 2 1000 10 4 0 1 3000 0 0
4.44949494949495e-09 0.01 2 1000 10 4 0 1 3000 0 0
4.65656565656566e-09 0.01 2 1000 10 4 0 1 3000 0 0
4.86363636363636e-09 0.01 2 1000 10 4 0 1 3000 0 0
5.07070707070707e-09 0.01 2 1000 10 4 0 1 3000 0 0
5.27777777777778e-09 0.01 2 1000 10 4 0 1 3000 0 0
5.48484848484849e-09 0.01 2 1000 10 4 0 1 3000 0 0
5.69191919191919e-09 0.01 2 1000 10 4 0 1 3000 0 0
5.8989898989899e-09 0.01 2 1000 10 4 0 1 3000 0 0
6.10606060606061e-09 0.01 2 1000 10 4 0 1 3000 0 0
6.31313131313131e-09 0.01 2 1000 10 4 0 1 3000 0 0
6.52020202020202e-09 0.01 2 1000 10 4 0 1 3000 0 0
6.72727272727273e-09 0.01 2 1000 10 4 0 1 3000 0 0
6.93434343434343e-09 0.01 2 1000 10 4 0 1 3000 0 0
7.14141414141414e-09 0.01 2 1000 10 4 0 1 3000 0 0
7.34848484848485e-09 0.01 2 1000 10 4 0 1 3000 0 0
7.55555555555555e-09 0.01 2 1000 10 4 0 1 3000 0 0
7.76262626262626e-09 0.01 2 1000 10 4 0 1 3000 0 0
7.96969696969697e-09 0.01 2 1000 10 4 0 1 3000 0 0
8.17676767676768e-09 0.01 2 1000 10 4 0 1 3000 0 0
8.38383838383838e-09 0.01 2 1000 10 4 0 1 3000 0 0
8.59090909090909e-09 0.01 2 1000 10 4 0 1 3000 0 0
8.7979797979798e-09 0.01 2 1000 10 4 0 1 3000 0 0
9.0050505050505e-09 0.01 2 1000 10 4 0 1 3000 0 0
9.21212121212121e-09 0.01 2 1000 10 4 0 1 3000 0 0
9.41919191919192e-09 0.01 2 1000 10 4 0 1 3000 0 0
9.62626262626263e-09 0.01 2 1000 10 4 0 1 3000 0 0
9.83333333333333e-09 0.01 2 1000 10 4 0 1 3000 0 0
1.0040404040404e-08 0.01 2 1000 10 4 0 1 3000 0 0
1.02474747474747e-08 0.01 2 1000 10 4 0 1 3000 0 0
1.04545454545455e-08 0.01 2 1000 10 4 0 1 3000 0 0
1.06616161616162e-08 0.01 2 1000 10 4 0 1 3000 0 0
1.08686868686869e-08 0.01 2 1000 10 4 0 1 3000 0 0
1.10757575757576e-08 0.01 2 1000 10 4 0 1 3000 0 0
1.12828282828283e-08 0.01 2 1000 10 4 0 1 3000 0 0
1.1489898989899e-08 0.01 2 1000 10 4 0 1 3000 0 0
1.16969696969697e-08 0.01 2 1000 10 4 0 1 3000 0 0
1.19040404040404e-08 0.01 2 1000 10 4 0 1 3000 0 0
1.21111111111111e-08 0.01 2 1000 10 4 0 1 3000 0 0
1.23181818181818e-08 0.01 2 1000 10 4 0 1 3000 0 0
1.25252525252525e-08 0.01 2 1000 10 4 0 1 3000 0 0
1.27323232323232e-08 0.01 2 1000 10 4 0 1 3000 0 0
1.29393939393939e-08 0.01 2 1000 10 4 0 1 3000 0 0
1.31464646464646e-08 0.01 2 1000 10 4 0 1 3000 0 0
1.33535353535354e-08 0.01 2 1000 10 4 0 1 3000 0 0
1.35606060606061e-08 0.01 2 1000 10 4 0 1 3000 0 0
1.37676767676768e-08 0.01 2 1000 10 4 0 1 3000 0 0
1.39747474747475e-08 0.01 2 1000 10 4 0 1 3000 0 0
1.41818181818182e-08 0.01 2 1000 10 4 0 1 3000 0 0
1.43888888888889e-08 0.01 2 1000 10 4 0 1 3000 0 0
1.45959595959596e-08 0.01 2 1000 10 4 0 1 3000 0 0
1.48030303030303e-08 0.01 2 1000 10 4 0 1 3000 0 0
1.5010101010101e-08 0.01 2 1000 10 4 0 1 3000 0 0
1.52171717171717e-08 0.01 2 1000 10 4 0 1 3000 0 0
1.54242424242424e-08 0.01 2 1000 10 4 0 1 3000 0 0
1.56313131313131e-08 0.01 2 1000 10 4 0 1 3000 0 0
1.58383838383838e-08 0.01 2 1000 10 4 0 1 3000 0 0
1.60454545454545e-08 0.01 2 1000 10 4 0 1 3000 0 0
1.62525252525253e-08 0.01 2 1000 10 4 0 1 3000 0 0
1.6459595959596e-08 0.01 2 1000 10 4 0 1 3000 0 0
1.66666666666667e-08 0.01 2 1000 10 4 0 1 3000 0 0
1.68737373737374e-08 0.01 2 1000 10 4 0 1 3000 0 0
1.70808080808081e-08 0.01 2 1000 10 4 0 1 3000 0 0
1.72878787878788e-08 0.01 2 1000 10 4 0 1 3000 0 0
1.74949494949495e-08 0.01 2 1000 10 4 0 1 3000 0 0
1.77020202020202e-08 0.01 2 1000 10 4 0 1 3000 0 0
1.79090909090909e-08 0.01 2 1000 10 4 0 1 3000 0 0
1.81161616161616e-08 0.01 2 1000 10 4 0 1 3000 0 0
1.83232323232323e-08 0.01 2 1000 10 4 0 1 3000 0 0
1.8530303030303e-08 0.01 2 1000 10 4 0 1 3000 0 0
1.87373737373737e-08 0.01 2 1000 10 4 0 1 3000 0 0
1.89444444444444e-08 0.01 2 1000 10 4 0 1 3000 0 0
1.91515151515152e-08 0.01 2 1000 10 4 0 1 3000 0 0
1.93585858585859e-08 0.01 2 1000 10 4 0 1 3000 0 0
1.95656565656566e-08 0.01 2 1000 10 4 0 1 3000 0 0
1.97727272727273e-08 0.01 2 1000 10 4 0 1 3000 0 0
1.9979797979798e-08 0.01 2 1000 10 4 0 1 3000 0 0
2.01868686868687e-08 0.01 2 1000 10 4 0 1 3000 0 0
2.03939393939394e-08 0.01 2 1000 10 4 0 1 3000 0 0
2.06010101010101e-08 0.01 2 1000 10 4 0 1 3000 0 0
2.08080808080808e-08 0.01 2 1000 10 4 0 1 3000 0 0
2.10151515151515e-08 0.01 2 1000 10 4 0 1 3000 0 0
2.12222222222222e-08 0.01 2 1000 10 4 0 1 3000 0 0
2.14292929292929e-08 0.01 2 1000 10 4 0 1 3000 0 0
2.16363636363636e-08 0.01 2 1000 10 4 0 1 3000 0 0
2.18434343434343e-08 0.01 2 1000 10 4 0 1 3000 0 0
2.2050505050505e-08 0.01 2 1000 10 4 0 1 3000 0 0
2.22575757575758e-08 0.01 2 1000 10 4 0 1 3000 0 0
2.24646464646465e-08 0.01 2 1000 10 4 0 1 3000 0 0
2.26717171717172e-08 0.01 2 1000 10 4 0 1 3000 0 0
2.28787878787879e-08 0.01 2 1000 10 4 0 1 3000 0 0
2.30858585858586e-08 0.01 2 1000 10 4 0 1 3000 0 0
2.32929292929293e-08 0.01 2 1000 10 4 0 1 3000 0 0
2.35e-08 0.01 2 1000 10 4 0 1 3000 0 0
