Mutations:
0 0 m2 1231 -0.00080172898 0.5 p-1 -7645466 1460
34 1 m2 3175 -0.0148668271 0.5 p-1 -1214930 1010
1 2 m2 8961 -7.37684168e-05 0.5 p-1 -1951837 1002
2 3 m2 10089 -2.4919631e-05 0.5 p-1 -4794337 1004
120 4 m2 11808 -1.27802823e-05 0.5 p-1 -613610 8
137 6 m2 14084 -0.00248933421 0.5 p-1 -263978 241
3 7 m2 19688 -0.00944394246 0.5 p-1 -4600892 1867
193 8 m2 24497 -0.000130752596 0.5 p-1 -184253 12
92 10 m2 34500 -0.0241124891 0.5 p-1 -235014 173
93 12 m2 48140 -0.0047394447 0.5 p-1 -398981 136
107 14 m2 60013 -0.132834598 0.5 p-1 -1830123 163
219 15 m2 60362 -0.00320520392 0.5 p-1 -25488 7
5 16 m2 62904 -0.000243768853 0.5 p-1 -5892079 1911
173 17 m2 68667 -0.0116940103 0.5 p-1 -35721 37
130 18 m2 71912 -4.07834023e-06 0.5 p-1 -63906 17
6 19 m2 79140 -0.00460541435 0.5 p-1 -2153139 400
35 20 m2 79863 -0.00197226251 0.5 p-1 -793918 229
101 21 m2 89770 -0.00231631682 0.5 p-1 -6703037 116
7 24 m2 103434 -3.07754308e-05 0.5 p-1 -5212896 282
245 26 m2 112476 -1.87674541e-05 0.5 p-1 -8277929 2
36 27 m2 116362 -0.0755829588 0.5 p-1 -1648693 751
37 28 m2 118289 -0.00385948573 0.5 p-1 -4115779 1017
179 29 m2 119316 -0.000200187293 0.5 p-1 -24577 29
180 32 m2 138896 -0.0317417979 0.5 p-1 -138221 31
190 33 m2 154373 -0.00249115587 0.5 p-1 -3517 9
215 35 m2 158712 -0.0031094139 0.5 p-1 -1737 3
150 36 m2 160869 -0.00572789786 0.5 p-1 -84204 28
222 37 m2 165958 -0.0404112116 0.5 p-1 -5857 1
38 39 m2 176281 -0.00240853522 0.5 p-1 -2039494 665
170 40 m2 184367 -0.00845448021 0.5 p-1 -238403 16
82 41 m2 188615 -0.013154177 0.5 p-1 -314722 280
228 42 m2 207142 -0.000537022832 0.5 p-1 -29624 5
165 43 m2 213671 -0.00488863653 0.5 p-1 -132681 45
72 46 m2 216559 -0.00452958466 0.5 p-1 -73680 38
235 49 m2 229301 -0.000128364598 0.5 p-1 -61065 4
122 51 m2 251557 -0.00892417133 0.5 p-1 -1087270 177
11 52 m2 251725 -0.00664976332 0.5 p-1 -4705947 751
210 55 m2 262163 -0.0064827092 0.5 p-1 -19464 15
94 56 m2 262521 -1.11346199e-09 0.5 p-1 -707143 355
95 59 m2 267651 -0.0162247028 0.5 p-1 -352555 84
133 61 m2 276516 -0.00622100616 0.5 p-1 -236841 24
12 63 m2 279766 -0.000441381766 0.5 p-1 -775010 613
96 64 m2 292709 -0.00147994992 0.5 p-1 -2419734 65
123 66 m2 298727 -0.00208796421 0.5 p-1 -670846 127
13 67 m2 301747 -0.00294766156 0.5 p-1 -2700600 1545
178 68 m2 302879 -0.000287182571 0.5 p-1 -80104 102
14 69 m2 305043 -0.00801861659 0.5 p-1 -289741 51
181 71 m2 314691 -0.000269928656 0.5 p-1 -48272 14
124 72 m2 315503 -0.000693023379 0.5 p-1 -4444904 257
61 73 m2 316176 -0.00198813621 0.5 p-1 -954116 256
125 74 m2 316906 -1.74336346e-05 0.5 p-1 -1033517 188
39 75 m2 317166 -0.00101102761 0.5 p-1 -4385029 1455
147 76 m2 317366 -0.0155752646 0.5 p-1 -588191 78
213 77 m2 318466 -0.000144946142 0.5 p-1 -4199 3
176 78 m2 323333 -0.000133807014 0.5 p-1 -228177 43
183 79 m2 324055 -0.0258740243 0.5 p-1 -98144 5
145 80 m2 325745 -0.000327431335 0.5 p-1 -296458 16
15 81 m2 331445 -0.00947157759 0.5 p-1 -1271778 559
154 84 m2 335142 -0.000756009656 0.5 p-1 -279581 23
74 85 m2 339122 -0.00112968031 0.5 p-1 -708600 354
184 86 m2 340689 -1.40473694e-05 0.5 p-1 -17599 13
41 87 m2 343196 -0.00255585299 0.5 p-1 -191277 81
186 88 m2 344144 -0.00128823158 0.5 p-1 -23647 7
42 89 m2 346140 -0.00029374435 0.5 p-1 -344953 286
16 90 m2 353029 -0.0208291709 0.5 p-1 -2989572 1971
229 92 m2 358283 -0.00041189816 0.5 p-1 -12225 19
157 93 m2 361375 -0.00745160319 0.5 p-1 -268271 66
211 94 m2 363965 -0.00113458862 0.5 p-1 -5127309 20
239 95 m2 364124 -0.0196263809 0.5 p-1 -34325 5
240 96 m2 371880 -0.0012454621 0.5 p-1 -37218 1
17 97 m2 380015 -0.000712774927 0.5 p-1 -560686 403
83 98 m2 382997 -0.00743887294 0.5 p-1 -5327129 350
102 99 m2 389870 -0.0115532726 0.5 p-1 -140935 44
85 100 m2 392734 -6.70690497e-05 0.5 p-1 -3120220 305
44 102 m2 398468 -0.00267570745 0.5 p-1 -3315971 474
220 103 m2 403454 -0.00532808155 0.5 p-1 -37104 7
164 104 m2 403780 -6.36830737e-05 0.5 p-1 -30759 15
86 105 m2 408748 -0.0134795206 0.5 p-1 -524905 315
160 108 m2 410981 -0.00362602295 0.5 p-1 -305254 33
45 109 m2 418279 -2.34172276e-07 0.5 p-1 -2145648 971
131 110 m2 420774 -6.58647477e-05 0.5 p-1 -222182 182
224 111 m2 422701 -0.00286685419 0.5 p-1 -10120 6
134 112 m2 425137 -1.67564838e-06 0.5 p-1 -1045169 151
19 115 m2 435577 -0.0109603042 0.5 p-1 -8274047 1994
75 116 m2 443441 -0.00133170863 0.5 p-1 -1145925 279
88 117 m2 453609 -0.0101756779 0.5 p-1 -25205 76
21 118 m2 459911 -0.00120039377 0.5 p-1 -2910997 1005
168 121 m2 469087 -0.00658264803 0.5 p-1 -111617 47
221 122 m2 469391 -0.0253741685 0.5 p-1 -16274 15
249 123 m2 469787 -0.014729741 0.5 p-1 -38068 1
126 125 m2 470430 -0.000782476156 0.5 p-1 -389120 60
22 126 m2 476509 -0.0372714512 0.5 p-1 -4228614 1137
136 127 m2 484732 -0.121992543 0.5 p-1 -461403 200
23 129 m2 485511 -0.0229887161 0.5 p-1 -3431673 1972
161 130 m2 487768 -0.00994762033 0.5 p-1 -217951 134
151 131 m2 495006 -0.00936124846 0.5 p-1 -165162 92
231 132 m2 498509 -0.0233227462 0.5 p-1 -3029 2
232 134 m2 510649 -0.00606248155 0.5 p-1 -10567 8
24 136 m2 521143 -0.0420481339 0.5 p-1 -4361471 407
207 137 m2 522624 -0.0811717361 0.5 p-1 -34898 9
47 138 m2 523844 -0.00100599614 0.5 p-1 -2708401 1362
62 139 m2 523901 -4.40707436e-06 0.5 p-1 -1201152 1073
185 140 m2 527159 -0.00126458553 0.5 p-1 -27407 9
129 141 m2 534084 -0.000564648537 0.5 p-1 -23820 10
175 142 m2 536768 -0.0137637947 0.5 p-1 -488210 26
189 144 m2 551086 -5.94153535e-05 0.5 p-1 -107066 24
152 147 m2 568007 -0.00943254493 0.5 p-1 -227305 54
77 148 m2 570078 -0.00617748452 0.5 p-1 -1000334 328
114 150 m2 577675 -0.00632537249 0.5 p-1 -7293467 432
191 151 m2 578807 -0.0605977699 0.5 p-1 -3599794 11
242 152 m2 585047 -0.00033918058 0.5 p-1 -17351 7
197 153 m2 590599 -0.00253749778 0.5 p-1 -18389 17
63 154 m2 594034 -0.0272596721 0.5 p-1 -5790507 1062
25 155 m2 594308 -0.0174575318 0.5 p-1 -1771925 954
149 157 m2 602177 -0.0202868786 0.5 p-1 -294624 269
216 158 m2 605448 -0.0518630035 0.5 p-1 -17311 5
116 159 m2 608072 -0.00410630461 0.5 p-1 -126922 9
49 160 m2 610681 -0.00116612553 0.5 p-1 -705900 42
225 162 m2 624661 -0.0156570021 0.5 p-1 -9433 2
97 163 m2 629399 -0.000889164919 0.5 p-1 -5560897 520
250 165 m2 632618 -0.000803245697 0.5 p-1 -2428 1
208 166 m2 633209 -0.00919276942 0.5 p-1 -318540 14
98 168 m2 638688 -0.00064148003 0.5 p-1 -64159 121
241 169 m2 639663 -0.000166122234 0.5 p-1 -194989 2
26 170 m2 647860 -0.00135216571 0.5 p-1 -5409471 1895
108 173 m2 649855 -4.28618796e-06 0.5 p-1 -101374 33
99 174 m2 651760 -0.00224380218 0.5 p-1 -2416069 148
78 175 m2 653201 -0.0334673673 0.5 p-1 -3914361 781
64 176 m2 668144 -0.0116785169 0.5 p-1 -1551525 885
237 178 m2 676387 -0.00400361745 0.5 p-1 -22144 6
169 179 m2 679145 -1.47776857e-08 0.5 p-1 -23393 17
28 180 m2 681439 -0.00615669927 0.5 p-1 -1828518 1990
138 181 m2 683186 -4.01723355e-06 0.5 p-1 -5976789 198
158 182 m2 685652 -0.000282613066 0.5 p-1 -732976 89
65 183 m2 689325 -3.94434646e-05 0.5 p-1 -899619 133
194 184 m2 694315 -0.012321867 0.5 p-1 -45326 23
90 185 m2 703694 -0.0229058284 0.5 p-1 -817230 385
50 186 m2 704651 -0.00048502846 0.5 p-1 -2505901 499
29 187 m2 707851 -0.00486115366 0.5 p-1 -1904329 411
140 190 m2 712250 -0.00593736069 0.5 p-1 -28776 20
66 191 m2 718437 -0.00159772276 0.5 p-1 -151636 63
112 192 m2 718644 -0.000761255214 0.5 p-1 -195314 153
52 194 m2 751107 -0.00866438169 0.5 p-1 -345843 126
100 195 m2 752782 -0.00130927493 0.5 p-1 -303359 170
201 196 m2 759767 -0.016184248 0.5 p-1 -4935 10
153 197 m2 759881 -0.00914826337 0.5 p-1 -413700 130
132 199 m2 773199 -0.0220429935 0.5 p-1 -957400 237
53 200 m2 773498 -0.0138456021 0.5 p-1 -289513 255
79 201 m2 785428 -0.000780942675 0.5 p-1 -1842829 1077
247 202 m2 785772 -1.95319062e-05 0.5 p-1 -353 2
127 203 m2 788296 -0.000188388818 0.5 p-1 -995901 114
156 204 m2 788822 -0.00121564791 0.5 p-1 -208023 66
128 205 m2 789295 -0.0126096345 0.5 p-1 -221755 94
226 206 m2 792020 -0.00748058083 0.5 p-1 -50815 7
54 207 m2 798158 -0.0145086236 0.5 p-1 -11463924 308
31 208 m2 799415 -0.000773972948 0.5 p-1 -2498066 1222
67 210 m2 801928 -0.00214487803 0.5 p-1 -1409166 352
104 212 m2 808490 -1.5967079e-07 0.5 p-1 -1824368 536
68 213 m2 809817 -0.0083765192 0.5 p-1 -807089 185
55 214 m2 810926 -0.00780294742 0.5 p-1 -1452237 466
146 215 m2 810975 -2.93583253e-05 0.5 p-1 -61089 62
56 218 m2 815885 -0.0291205272 0.5 p-1 -9698714 1124
80 221 m2 824595 -0.000272970821 0.5 p-1 -1082739 888
32 224 m2 850814 -0.0256395899 0.5 p-1 -1305357 1233
182 225 m2 854990 -0.00183345063 0.5 p-1 -33878 22
167 226 m2 861350 -0.00317994924 0.5 p-1 -174937 44
91 227 m2 870091 -0.000725123915 0.5 p-1 -307834 43
81 231 m2 896357 -0.0239208341 0.5 p-1 -1938196 324
236 232 m2 898981 -0.0275425259 0.5 p-1 -27889 4
58 233 m2 902849 -1.47731407e-06 0.5 p-1 -2105904 1188
209 234 m2 908467 -0.0673262551 0.5 p-1 -144834 35
69 238 m2 918893 -8.08182358e-06 0.5 p-1 -3955777 717
255 240 m2 923343 -0.00456575071 0.5 p-1 -397 1
148 242 m2 932234 -2.35157017e-06 0.5 p-1 -63198 20
106 244 m2 941069 -0.00761090824 0.5 p-1 -1845652 268
227 245 m2 947828 -0.0455232635 0.5 p-1 -17709 3
117 247 m2 953249 -1.62115384e-06 0.5 p-1 -25763 23
171 248 m2 957412 -0.0028325317 0.5 p-1 -39671 13
60 249 m2 958602 -0.000479366397 0.5 p-1 -137971 170
144 250 m2 961558 -0.0281888731 0.5 p-1 -15033 38
143 251 m2 965484 -0.00159551541 0.5 p-1 -737659 73
166 253 m2 971463 -0.000734146044 0.5 p-1 -78719 37
71 254 m2 975580 -3.58453963e-06 0.5 p-1 -208714 60
195 255 m2 987025 -0.0407646745 0.5 p-1 -212065 12
115 256 m2 987260 -0.00225311029 0.5 p-1 -124545 67
223 257 m2 994287 -0.000821921567 0.5 p-1 -13364 8
205 261 m2 460866 -0.000178388858 0.5 p0 2 2
234 263 m2 218287 -0.000996529474 0.5 p0 2 4
172 273 m2 967672 -0.0139055829 0.5 p0 2 17
233 274 m2 395316 -0.0165097918 0.5 p0 2 7
256 275 m2 320961 -0.000327110145 0.5 p0 2 1
217 277 m2 6669 -0.00195120112 0.5 p0 2 10
200 296 m2 925752 -5.34768842e-05 0.5 p0 2 2
177 300 m2 405246 -5.40345081e-06 0.5 p0 2 4
243 301 m2 197162 -0.00113087904 0.5 p0 2 3
238 305 m2 702983 -0.023210559 0.5 p0 2 4
252 310 m2 458505 -0.00678623794 0.5 p0 2 1
33 312 m1 632 0 0.5 p-1 -3558721 742
4 316 m1 21084 0 0.5 p-1 -10098016 1960
206 318 m1 97612 0 0.5 p-1 -65794 10
248 319 m1 111569 0 0.5 p-1 -32084 1
8 322 m1 137396 0 0.5 p-1 -257323 145
230 325 m1 190140 0 0.5 p-1 -2248 8
9 327 m1 218281 0 0.5 p-1 -4692176 1692
121 328 m1 222540 0 0.5 p-1 -714297 79
73 329 m1 229906 0 0.5 p-1 -4359635 274
10 330 m1 230467 0 0.5 p-1 -1739072 821
218 331 m1 242369 0 0.5 p-1 -662 2
253 332 m1 253785 0 0.5 p-1 -148129 2
254 333 m1 272740 0 0.5 p-1 -618 1
246 335 m1 328002 0 0.5 p-1 -4578 1
40 336 m1 337284 0 0.5 p-1 -2489836 952
118 337 m1 348392 0 0.5 p-1 -230505 245
43 338 m1 351916 0 0.5 p-1 -1546318 743
196 339 m1 360936 0 0.5 p-1 -35271 13
142 340 m1 362671 0 0.5 p-1 -498809 97
188 341 m1 384295 0 0.5 p-1 -15836 8
84 342 m1 391918 0 0.5 p-1 -172584 75
18 343 m1 402253 0 0.5 p-1 -14414488 1237
87 345 m1 432730 0 0.5 p-1 -574110 383
135 346 m1 452140 0 0.5 p-1 -3673662 65
76 347 m1 455823 0 0.5 p-1 -1999114 349
20 348 m1 459694 0 0.5 p-1 -1462404 520
214 349 m1 460088 0 0.5 p-1 -15255 4
103 350 m1 460737 0 0.5 p-1 -316849 305
46 351 m1 462595 0 0.5 p-1 -3625836 1386
119 355 m1 494651 0 0.5 p-1 -905758 108
113 357 m1 517187 0 0.5 p-1 -32413 8
48 358 m1 526437 0 0.5 p-1 -10080710 793
162 361 m1 547791 0 0.5 p-1 -24100 13
111 362 m1 553456 0 0.5 p-1 -1404416 305
89 363 m1 575321 0 0.5 p-1 -48837 60
187 364 m1 588128 0 0.5 p-1 -102655 17
163 365 m1 591069 0 0.5 p-1 -1227909 156
203 367 m1 608059 0 0.5 p-1 -30599 3
251 368 m1 608068 0 0.5 p-1 -1281 1
192 369 m1 624720 0 0.5 p-1 -69472 21
27 372 m1 647948 0 0.5 p-1 -3335238 226
109 373 m1 690100 0 0.5 p-1 -3988591 178
139 374 m1 704594 0 0.5 p-1 -269447 20
51 376 m1 745377 0 0.5 p-1 -2006200 220
30 377 m1 782496 0 0.5 p-1 -521223 237
155 379 m1 802376 0 0.5 p-1 -105768 37
110 380 m1 808927 0 0.5 p-1 -155526 76
204 381 m1 813261 0 0.5 p-1 -28666 5
174 383 m1 849537 0 0.5 p-1 -95569 32
105 384 m1 851205 0 0.5 p-1 -216786 25
159 386 m1 854562 0 0.5 p-1 -57890 5
57 388 m1 889132 0 0.5 p-1 -2518753 621
70 389 m1 919912 0 0.5 p-1 -1365202 520
59 390 m1 921996 0 0.5 p-1 -973328 535
141 392 m1 941261 0 0.5 p-1 -736858 64
198 393 m1 941626 0 0.5 p-1 -115109 4
202 394 m1 943045 0 0.5 p-1 -212978 21
244 395 m1 958447 0 0.5 p-1 -59315 2
199 396 m1 976001 0 0.5 p-1 -89773 27
212 397 m1 978124 0 0.5 p-1 -656 11
Individuals:
