Mutations:
0 0 m2 1231 -0.00080172898 0.5 p-1 -7645466 1505
1 1 m2 3175 -0.0148668271 0.5 p-1 -1214930 907
2 2 m2 8961 -7.37684168e-05 0.5 p-1 -1951837 1139
3 3 m2 10089 -2.4919631e-05 0.5 p-1 -4794337 905
192 4 m2 11808 -1.27802823e-05 0.5 p-1 -613610 33
138 6 m2 14084 -0.00248933421 0.5 p-1 -263978 267
4 7 m2 19688 -0.00944394246 0.5 p-1 -4600892 1804
245 8 m2 24497 -0.000130752596 0.5 p-1 -184253 3
146 10 m2 34500 -0.0241124891 0.5 p-1 -235014 99
163 12 m2 48140 -0.0047394447 0.5 p-1 -398981 98
140 14 m2 60013 -0.132834598 0.5 p-1 -1830123 114
214 15 m2 60362 -0.00320520392 0.5 p-1 -25488 6
6 16 m2 62904 -0.000243768853 0.5 p-1 -5892079 1915
127 17 m2 68667 -0.0116940103 0.5 p-1 -35721 57
158 18 m2 71912 -4.07834023e-06 0.5 p-1 -63906 5
37 19 m2 79140 -0.00460541435 0.5 p-1 -2153139 395
7 20 m2 79863 -0.00197226251 0.5 p-1 -793918 250
131 21 m2 89770 -0.00231631682 0.5 p-1 -6703037 121
8 24 m2 103434 -3.07754308e-05 0.5 p-1 -5212896 216
252 26 m2 112476 -1.87674541e-05 0.5 p-1 -8277929 1
71 27 m2 116362 -0.0755829588 0.5 p-1 -1648693 577
38 28 m2 118289 -0.00385948573 0.5 p-1 -4115779 952
202 29 m2 119316 -0.000200187293 0.5 p-1 -24577 8
246 32 m2 138896 -0.0317417979 0.5 p-1 -138221 2
228 33 m2 154373 -0.00249115587 0.5 p-1 -3517 10
205 36 m2 160869 -0.00572789786 0.5 p-1 -84204 19
77 39 m2 176281 -0.00240853522 0.5 p-1 -2039494 642
207 40 m2 184367 -0.00845448021 0.5 p-1 -238403 17
114 41 m2 188615 -0.013154177 0.5 p-1 -314722 192
244 42 m2 207142 -0.000537022832 0.5 p-1 -29624 3
155 43 m2 213671 -0.00488863653 0.5 p-1 -132681 38
208 45 m2 214928 -0.00155167736 0.5 p-1 -29125 3
174 46 m2 216559 -0.00452958466 0.5 p-1 -73680 36
212 49 m2 229301 -0.000128364598 0.5 p-1 -61065 12
121 51 m2 251557 -0.00892417133 0.5 p-1 -1087270 177
55 52 m2 251725 -0.00664976332 0.5 p-1 -4705947 965
241 55 m2 262163 -0.0064827092 0.5 p-1 -19464 5
93 56 m2 262521 -1.11346199e-09 0.5 p-1 -707143 356
39 59 m2 267651 -0.0162247028 0.5 p-1 -352555 66
129 61 m2 276516 -0.00622100616 0.5 p-1 -236841 2
56 63 m2 279766 -0.000441381766 0.5 p-1 -775010 610
190 64 m2 292709 -0.00147994992 0.5 p-1 -2419734 37
165 66 m2 298727 -0.00208796421 0.5 p-1 -670846 159
40 67 m2 301747 -0.00294766156 0.5 p-1 -2700600 1469
41 68 m2 302879 -0.000287182571 0.5 p-1 -80104 164
86 69 m2 305043 -0.00801861659 0.5 p-1 -289741 41
204 71 m2 314691 -0.000269928656 0.5 p-1 -48272 34
109 72 m2 315503 -0.000693023379 0.5 p-1 -4444904 297
62 73 m2 316176 -0.00198813621 0.5 p-1 -954116 333
113 74 m2 316906 -1.74336346e-05 0.5 p-1 -1033517 126
11 75 m2 317166 -0.00101102761 0.5 p-1 -4385029 1403
128 76 m2 317366 -0.0155752646 0.5 p-1 -588191 105
167 77 m2 318466 -0.000144946142 0.5 p-1 -4199 10
72 78 m2 323333 -0.000133807014 0.5 p-1 -228177 50
12 79 m2 324055 -0.0258740243 0.5 p-1 -98144 16
161 80 m2 325745 -0.000327431335 0.5 p-1 -296458 28
94 81 m2 331445 -0.00947157759 0.5 p-1 -1271778 453
122 84 m2 335142 -0.000756009656 0.5 p-1 -279581 14
95 85 m2 339122 -0.00112968031 0.5 p-1 -708600 367
185 86 m2 340689 -1.40473694e-05 0.5 p-1 -17599 24
87 87 m2 343196 -0.00255585299 0.5 p-1 -191277 33
195 88 m2 344144 -0.00128823158 0.5 p-1 -23647 25
14 89 m2 346140 -0.00029374435 0.5 p-1 -344953 202
15 90 m2 353029 -0.0208291709 0.5 p-1 -2989572 1945
157 92 m2 358283 -0.00041189816 0.5 p-1 -12225 25
110 93 m2 361375 -0.00745160319 0.5 p-1 -268271 118
232 94 m2 363965 -0.00113458862 0.5 p-1 -5127309 5
153 96 m2 371880 -0.0012454621 0.5 p-1 -37218 44
100 97 m2 380015 -0.000712774927 0.5 p-1 -560686 394
57 98 m2 382997 -0.00743887294 0.5 p-1 -5327129 421
117 99 m2 389870 -0.0115532726 0.5 p-1 -140935 31
16 100 m2 392734 -6.70690497e-05 0.5 p-1 -3120220 271
58 102 m2 398468 -0.00267570745 0.5 p-1 -3315971 405
201 103 m2 403454 -0.00532808155 0.5 p-1 -37104 15
238 104 m2 403780 -6.36830737e-05 0.5 p-1 -30759 4
79 105 m2 408748 -0.0134795206 0.5 p-1 -524905 235
156 108 m2 410981 -0.00362602295 0.5 p-1 -305254 78
42 109 m2 418279 -2.34172276e-07 0.5 p-1 -2145648 951
63 110 m2 420774 -6.58647477e-05 0.5 p-1 -222182 260
217 111 m2 422701 -0.00286685419 0.5 p-1 -10120 9
89 112 m2 425137 -1.67564838e-06 0.5 p-1 -1045169 189
194 114 m2 428205 -0.000630817143 0.5 p-1 -1375 8
18 115 m2 435577 -0.0109603042 0.5 p-1 -8274047 1993
118 116 m2 443441 -0.00133170863 0.5 p-1 -1145925 400
150 117 m2 453609 -0.0101756779 0.5 p-1 -25205 60
82 118 m2 459911 -0.00120039377 0.5 p-1 -2910997 1184
193 121 m2 469087 -0.00658264803 0.5 p-1 -111617 6
64 122 m2 469391 -0.0253741685 0.5 p-1 -16274 17
139 123 m2 469787 -0.014729741 0.5 p-1 -38068 9
43 125 m2 470430 -0.000782476156 0.5 p-1 -389120 104
22 126 m2 476509 -0.0372714512 0.5 p-1 -4228614 1119
73 127 m2 484732 -0.121992543 0.5 p-1 -461403 264
177 128 m2 485489 -0.00488575594 0.5 p-1 -9603 6
23 129 m2 485511 -0.0229887161 0.5 p-1 -3431673 1933
119 130 m2 487768 -0.00994762033 0.5 p-1 -217951 105
160 131 m2 495006 -0.00936124846 0.5 p-1 -165162 67
130 134 m2 510649 -0.00606248155 0.5 p-1 -10567 23
102 136 m2 521143 -0.0420481339 0.5 p-1 -4361471 421
239 137 m2 522624 -0.0811717361 0.5 p-1 -34898 5
44 138 m2 523844 -0.00100599614 0.5 p-1 -2708401 1301
45 139 m2 523901 -4.40707436e-06 0.5 p-1 -1201152 999
220 140 m2 527159 -0.00126458553 0.5 p-1 -27407 3
132 141 m2 534084 -0.000564648537 0.5 p-1 -23820 39
173 142 m2 536768 -0.0137637947 0.5 p-1 -488210 52
221 144 m2 551086 -5.94153535e-05 0.5 p-1 -107066 11
186 147 m2 568007 -0.00943254493 0.5 p-1 -227305 68
96 148 m2 570078 -0.00617748452 0.5 p-1 -1000334 322
46 150 m2 577675 -0.00632537249 0.5 p-1 -7293467 370
74 151 m2 578807 -0.0605977699 0.5 p-1 -3599794 46
196 153 m2 590599 -0.00253749778 0.5 p-1 -18389 11
25 154 m2 594034 -0.0272596721 0.5 p-1 -5790507 1117
26 155 m2 594308 -0.0174575318 0.5 p-1 -1771925 973
47 157 m2 602177 -0.0202868786 0.5 p-1 -294624 225
136 158 m2 605448 -0.0518630035 0.5 p-1 -17311 19
187 159 m2 608072 -0.00410630461 0.5 p-1 -126922 7
178 160 m2 610681 -0.00116612553 0.5 p-1 -705900 37
65 163 m2 629399 -0.000889164919 0.5 p-1 -5560897 483
211 165 m2 632618 -0.000803245697 0.5 p-1 -2428 1
198 166 m2 633209 -0.00919276942 0.5 p-1 -318540 22
97 168 m2 638688 -0.00064148003 0.5 p-1 -64159 121
229 169 m2 639663 -0.000166122234 0.5 p-1 -194989 7
27 170 m2 647860 -0.00135216571 0.5 p-1 -5409471 1908
200 173 m2 649855 -4.28618796e-06 0.5 p-1 -101374 10
98 174 m2 651760 -0.00224380218 0.5 p-1 -2416069 204
28 175 m2 653201 -0.0334673673 0.5 p-1 -3914361 740
48 176 m2 668144 -0.0116785169 0.5 p-1 -1551525 862
199 178 m2 676387 -0.00400361745 0.5 p-1 -22144 2
123 181 m2 683186 -4.01723355e-06 0.5 p-1 -5976789 150
141 182 m2 685652 -0.000282613066 0.5 p-1 -732976 86
66 183 m2 689325 -3.94434646e-05 0.5 p-1 -899619 179
172 184 m2 694315 -0.012321867 0.5 p-1 -45326 45
60 185 m2 703694 -0.0229058284 0.5 p-1 -817230 333
49 186 m2 704651 -0.00048502846 0.5 p-1 -2505901 524
83 187 m2 707851 -0.00486115366 0.5 p-1 -1904329 492
188 190 m2 712250 -0.00593736069 0.5 p-1 -28776 24
179 191 m2 718437 -0.00159772276 0.5 p-1 -151636 56
29 192 m2 718644 -0.000761255214 0.5 p-1 -195314 124
84 194 m2 751107 -0.00866438169 0.5 p-1 -345843 171
133 195 m2 752782 -0.00130927493 0.5 p-1 -303359 216
105 197 m2 759881 -0.00914826337 0.5 p-1 -413700 142
145 199 m2 773199 -0.0220429935 0.5 p-1 -957400 136
120 200 m2 773498 -0.0138456021 0.5 p-1 -289513 217
61 201 m2 785428 -0.000780942675 0.5 p-1 -1842829 1036
124 203 m2 788296 -0.000188388818 0.5 p-1 -995901 169
125 204 m2 788822 -0.00121564791 0.5 p-1 -208023 120
106 205 m2 789295 -0.0126096345 0.5 p-1 -221755 95
176 206 m2 792020 -0.00748058083 0.5 p-1 -50815 64
68 207 m2 798158 -0.0145086236 0.5 p-1 -11463924 272
31 208 m2 799415 -0.000773972948 0.5 p-1 -2498066 1244
222 209 m2 801281 -0.000798758119 0.5 p-1 -50764 9
75 210 m2 801928 -0.00214487803 0.5 p-1 -1409166 270
32 212 m2 808490 -1.5967079e-07 0.5 p-1 -1824368 551
99 213 m2 809817 -0.0083765192 0.5 p-1 -807089 180
33 214 m2 810926 -0.00780294742 0.5 p-1 -1452237 407
180 215 m2 810975 -2.93583253e-05 0.5 p-1 -61089 69
76 218 m2 815885 -0.0291205272 0.5 p-1 -9698714 1057
69 221 m2 824595 -0.000272970821 0.5 p-1 -1082739 872
226 223 m2 841944 -0.00163522421 0.5 p-1 -2355 6
34 224 m2 850814 -0.0256395899 0.5 p-1 -1305357 1294
107 225 m2 854990 -0.00183345063 0.5 p-1 -33878 20
115 226 m2 861350 -0.00317994924 0.5 p-1 -174937 60
189 227 m2 870091 -0.000725123915 0.5 p-1 -307834 26
51 231 m2 896357 -0.0239208341 0.5 p-1 -1938196 353
197 232 m2 898981 -0.0275425259 0.5 p-1 -27889 7
35 233 m2 902849 -1.47731407e-06 0.5 p-1 -2105904 1195
92 234 m2 908467 -0.0673262551 0.5 p-1 -144834 57
52 238 m2 918893 -8.08182358e-06 0.5 p-1 -3955777 693
213 239 m2 923005 -6.74021949e-09 0.5 p-1 -1164 4
53 242 m2 932234 -2.35157017e-06 0.5 p-1 -63198 59
70 244 m2 941069 -0.00761090824 0.5 p-1 -1845652 279
243 245 m2 947828 -0.0455232635 0.5 p-1 -17709 3
223 246 m2 950619 -0.00319999177 0.5 p-1 -16802 5
248 247 m2 953249 -1.62115384e-06 0.5 p-1 -25763 2
210 248 m2 957412 -0.0028325317 0.5 p-1 -39671 13
137 249 m2 958602 -0.000479366397 0.5 p-1 -137971 193
237 250 m2 961558 -0.0281888731 0.5 p-1 -15033 9
181 251 m2 965484 -0.00159551541 0.5 p-1 -737659 54
85 253 m2 971463 -0.000734146044 0.5 p-1 -78719 46
162 254 m2 975580 -3.58453963e-06 0.5 p-1 -208714 65
215 255 m2 987025 -0.0407646745 0.5 p-1 -212065 14
170 256 m2 987260 -0.00225311029 0.5 p-1 -124545 47
135 257 m2 994287 -0.000821921567 0.5 p-1 -13364 18
247 259 m2 328978 -0.0202935971 0.5 p0 2 1
224 262 m2 714313 -9.61067371e-07 0.5 p0 2 4
250 263 m2 218287 -0.000996529474 0.5 p0 2 1
240 273 m2 967672 -0.0139055829 0.5 p0 2 1
169 281 m2 436002 -0.0615603961 0.5 p0 2 5
236 285 m2 993470 -0.0029851296 0.5 p0 2 2
230 305 m2 702983 -0.023210559 0.5 p0 2 5
249 307 m2 710060 -0.000199299335 0.5 p0 2 2
54 312 m1 632 0 0.5 p-1 -3558721 640
5 316 m1 21084 0 0.5 p-1 -10098016 1926
182 318 m1 97612 0 0.5 p-1 -65794 36
219 319 m1 111569 0 0.5 p-1 -32084 6
251 320 m1 124205 0 0.5 p-1 -21866 1
148 322 m1 137396 0 0.5 p-1 -257323 81
191 324 m1 187799 0 0.5 p-1 -17054 6
116 326 m1 200629 0 0.5 p-1 -322 11
9 327 m1 218281 0 0.5 p-1 -4692176 1744
149 328 m1 222540 0 0.5 p-1 -714297 81
108 329 m1 229906 0 0.5 p-1 -4359635 240
10 330 m1 230467 0 0.5 p-1 -1739072 829
235 331 m1 242369 0 0.5 p-1 -662 3
206 332 m1 253785 0 0.5 p-1 -148129 14
203 333 m1 272740 0 0.5 p-1 -618 5
13 336 m1 337284 0 0.5 p-1 -2489836 851
78 337 m1 348392 0 0.5 p-1 -230505 314
88 338 m1 351916 0 0.5 p-1 -1546318 645
184 339 m1 360936 0 0.5 p-1 -35271 22
111 340 m1 362671 0 0.5 p-1 -498809 125
227 341 m1 384295 0 0.5 p-1 -15836 5
147 342 m1 391918 0 0.5 p-1 -172584 48
17 343 m1 402253 0 0.5 p-1 -14414488 1188
80 345 m1 432730 0 0.5 p-1 -574110 427
90 346 m1 452140 0 0.5 p-1 -3673662 112
19 347 m1 455823 0 0.5 p-1 -1999114 412
81 348 m1 459694 0 0.5 p-1 -1462404 567
216 349 m1 460088 0 0.5 p-1 -15255 7
20 350 m1 460737 0 0.5 p-1 -316849 323
21 351 m1 462595 0 0.5 p-1 -3625836 1406
242 353 m1 469764 0 0.5 p-1 -10180 3
101 355 m1 494651 0 0.5 p-1 -905758 136
183 356 m1 503477 0 0.5 p-1 -19559 16
164 357 m1 517187 0 0.5 p-1 -32413 44
24 358 m1 526437 0 0.5 p-1 -10080710 798
234 361 m1 547791 0 0.5 p-1 -24100 11
59 362 m1 553456 0 0.5 p-1 -1404416 341
144 363 m1 575321 0 0.5 p-1 -48837 42
233 364 m1 588128 0 0.5 p-1 -102655 5
103 365 m1 591069 0 0.5 p-1 -1227909 310
218 366 m1 594548 0 0.5 p-1 -49584 12
225 367 m1 608059 0 0.5 p-1 -30599 5
175 369 m1 624720 0 0.5 p-1 -69472 32
91 372 m1 647948 0 0.5 p-1 -3335238 242
104 373 m1 690100 0 0.5 p-1 -3988591 162
151 374 m1 704594 0 0.5 p-1 -269447 28
67 376 m1 745377 0 0.5 p-1 -2006200 243
30 377 m1 782496 0 0.5 p-1 -521223 237
134 379 m1 802376 0 0.5 p-1 -105768 25
152 380 m1 808927 0 0.5 p-1 -155526 26
143 381 m1 813261 0 0.5 p-1 -28666 12
166 383 m1 849537 0 0.5 p-1 -95569 53
154 384 m1 851205 0 0.5 p-1 -216786 29
209 386 m1 854562 0 0.5 p-1 -57890 18
50 388 m1 889132 0 0.5 p-1 -2518753 717
36 389 m1 919912 0 0.5 p-1 -1365202 567
126 390 m1 921996 0 0.5 p-1 -973328 580
159 392 m1 941261 0 0.5 p-1 -736858 31
168 393 m1 941626 0 0.5 p-1 -115109 15
112 394 m1 943045 0 0.5 p-1 -212978 29
171 395 m1 958447 0 0.5 p-1 -59315 17
142 396 m1 976001 0 0.5 p-1 -89773 7
231 397 m1 978124 0 0.5 p-1 -656 7
Individuals:
