Mutations:
0 0 m2 1231 -0.00080172898 0.5 p-1 -7645466 1435
1 1 m2 3175 -0.0148668271 0.5 p-1 -1214930 981
2 2 m2 8961 -7.37684168e-05 0.5 p-1 -1951837 1160
82 3 m2 10089 -2.4919631e-05 0.5 p-1 -4794337 881
216 4 m2 11808 -1.27802823e-05 0.5 p-1 -613610 15
61 6 m2 14084 -0.00248933421 0.5 p-1 -263978 211
3 7 m2 19688 -0.00944394246 0.5 p-1 -4600892 1884
104 8 m2 24497 -0.000130752596 0.5 p-1 -184253 21
148 9 m2 25267 -0.0188488718 0.5 p-1 -7639 9
144 10 m2 34500 -0.0241124891 0.5 p-1 -235014 74
96 12 m2 48140 -0.0047394447 0.5 p-1 -398981 56
44 14 m2 60013 -0.132834598 0.5 p-1 -1830123 161
105 15 m2 60362 -0.00320520392 0.5 p-1 -25488 13
5 16 m2 62904 -0.000243768853 0.5 p-1 -5892079 1917
114 17 m2 68667 -0.0116940103 0.5 p-1 -35721 55
183 18 m2 71912 -4.07834023e-06 0.5 p-1 -63906 14
62 19 m2 79140 -0.00460541435 0.5 p-1 -2153139 402
6 20 m2 79863 -0.00197226251 0.5 p-1 -793918 283
97 21 m2 89770 -0.00231631682 0.5 p-1 -6703037 106
141 24 m2 103434 -3.07754308e-05 0.5 p-1 -5212896 347
222 26 m2 112476 -1.87674541e-05 0.5 p-1 -8277929 5
45 27 m2 116362 -0.0755829588 0.5 p-1 -1648693 534
71 28 m2 118289 -0.00385948573 0.5 p-1 -4115779 931
46 29 m2 119316 -0.000200187293 0.5 p-1 -24577 16
130 36 m2 160869 -0.00572789786 0.5 p-1 -84204 31
214 37 m2 165958 -0.0404112116 0.5 p-1 -5857 12
47 39 m2 176281 -0.00240853522 0.5 p-1 -2039494 704
110 40 m2 184367 -0.00845448021 0.5 p-1 -238403 28
48 41 m2 188615 -0.013154177 0.5 p-1 -314722 421
247 42 m2 207142 -0.000537022832 0.5 p-1 -29624 1
119 43 m2 213671 -0.00488863653 0.5 p-1 -132681 54
223 46 m2 216559 -0.00452958466 0.5 p-1 -73680 14
245 49 m2 229301 -0.000128364598 0.5 p-1 -61065 2
9 51 m2 251557 -0.00892417133 0.5 p-1 -1087270 144
10 52 m2 251725 -0.00664976332 0.5 p-1 -4705947 810
139 55 m2 262163 -0.0064827092 0.5 p-1 -19464 49
49 56 m2 262521 -1.11346199e-09 0.5 p-1 -707143 281
180 59 m2 267651 -0.0162247028 0.5 p-1 -352555 58
187 61 m2 276516 -0.00622100616 0.5 p-1 -236841 9
72 63 m2 279766 -0.000441381766 0.5 p-1 -775010 567
150 64 m2 292709 -0.00147994992 0.5 p-1 -2419734 44
83 66 m2 298727 -0.00208796421 0.5 p-1 -670846 189
73 67 m2 301747 -0.00294766156 0.5 p-1 -2700600 1487
74 68 m2 302879 -0.000287182571 0.5 p-1 -80104 200
208 69 m2 305043 -0.00801861659 0.5 p-1 -289741 59
186 71 m2 314691 -0.000269928656 0.5 p-1 -48272 11
84 72 m2 315503 -0.000693023379 0.5 p-1 -4444904 325
50 73 m2 316176 -0.00198813621 0.5 p-1 -954116 257
51 74 m2 316906 -1.74336346e-05 0.5 p-1 -1033517 196
11 75 m2 317166 -0.00101102761 0.5 p-1 -4385029 1420
85 76 m2 317366 -0.0155752646 0.5 p-1 -588191 150
201 77 m2 318466 -0.000144946142 0.5 p-1 -4199 2
112 78 m2 323333 -0.000133807014 0.5 p-1 -228177 83
172 79 m2 324055 -0.0258740243 0.5 p-1 -98144 5
174 80 m2 325745 -0.000327431335 0.5 p-1 -296458 29
12 81 m2 331445 -0.00947157759 0.5 p-1 -1271778 464
197 84 m2 335142 -0.000756009656 0.5 p-1 -279581 3
98 85 m2 339122 -0.00112968031 0.5 p-1 -708600 448
161 86 m2 340689 -1.40473694e-05 0.5 p-1 -17599 54
14 87 m2 343196 -0.00255585299 0.5 p-1 -191277 105
163 88 m2 344144 -0.00128823158 0.5 p-1 -23647 13
15 89 m2 346140 -0.00029374435 0.5 p-1 -344953 263
17 90 m2 353029 -0.0208291709 0.5 p-1 -2989572 1965
209 92 m2 358283 -0.00041189816 0.5 p-1 -12225 8
64 93 m2 361375 -0.00745160319 0.5 p-1 -268271 130
145 94 m2 363965 -0.00113458862 0.5 p-1 -5127309 8
234 95 m2 364124 -0.0196263809 0.5 p-1 -34325 2
192 96 m2 371880 -0.0012454621 0.5 p-1 -37218 5
52 97 m2 380015 -0.000712774927 0.5 p-1 -560686 399
18 98 m2 382997 -0.00743887294 0.5 p-1 -5327129 361
136 99 m2 389870 -0.0115532726 0.5 p-1 -140935 36
20 100 m2 392734 -6.70690497e-05 0.5 p-1 -3120220 320
21 102 m2 398468 -0.00267570745 0.5 p-1 -3315971 420
195 103 m2 403454 -0.00532808155 0.5 p-1 -37104 5
233 104 m2 403780 -6.36830737e-05 0.5 p-1 -30759 7
23 105 m2 408748 -0.0134795206 0.5 p-1 -524905 361
75 108 m2 410981 -0.00362602295 0.5 p-1 -305254 74
53 109 m2 418279 -2.34172276e-07 0.5 p-1 -2145648 990
120 110 m2 420774 -6.58647477e-05 0.5 p-1 -222182 358
212 111 m2 422701 -0.00286685419 0.5 p-1 -10120 5
167 112 m2 425137 -1.67564838e-06 0.5 p-1 -1045169 85
25 115 m2 435577 -0.0109603042 0.5 p-1 -8274047 1989
131 116 m2 443441 -0.00133170863 0.5 p-1 -1145925 355
211 117 m2 453609 -0.0101756779 0.5 p-1 -25205 32
27 118 m2 459911 -0.00120039377 0.5 p-1 -2910997 1078
218 121 m2 469087 -0.00658264803 0.5 p-1 -111617 15
199 122 m2 469391 -0.0253741685 0.5 p-1 -16274 16
220 123 m2 469787 -0.014729741 0.5 p-1 -38068 15
249 124 m2 470271 -0.0132572558 0.5 p-1 -1271 1
128 125 m2 470430 -0.000782476156 0.5 p-1 -389120 121
29 126 m2 476509 -0.0372714512 0.5 p-1 -4228614 1029
92 127 m2 484732 -0.121992543 0.5 p-1 -461403 228
30 129 m2 485511 -0.0229887161 0.5 p-1 -3431673 1974
106 130 m2 487768 -0.00994762033 0.5 p-1 -217951 107
168 131 m2 495006 -0.00936124846 0.5 p-1 -165162 57
137 134 m2 510649 -0.00606248155 0.5 p-1 -10567 19
66 136 m2 521143 -0.0420481339 0.5 p-1 -4361471 402
250 137 m2 522624 -0.0811717361 0.5 p-1 -34898 1
31 138 m2 523844 -0.00100599614 0.5 p-1 -2708401 1310
67 139 m2 523901 -4.40707436e-06 0.5 p-1 -1201152 1030
142 140 m2 527159 -0.00126458553 0.5 p-1 -27407 27
198 141 m2 534084 -0.000564648537 0.5 p-1 -23820 13
123 142 m2 536768 -0.0137637947 0.5 p-1 -488210 40
173 144 m2 551086 -5.94153535e-05 0.5 p-1 -107066 9
178 147 m2 568007 -0.00943254493 0.5 p-1 -227305 51
86 148 m2 570078 -0.00617748452 0.5 p-1 -1000334 400
54 150 m2 577675 -0.00632537249 0.5 p-1 -7293467 360
99 151 m2 578807 -0.0605977699 0.5 p-1 -3599794 52
203 153 m2 590599 -0.00253749778 0.5 p-1 -18389 3
34 154 m2 594034 -0.0272596721 0.5 p-1 -5790507 1161
55 155 m2 594308 -0.0174575318 0.5 p-1 -1771925 986
229 156 m2 598152 -0.00111067109 0.5 p-1 -32966 4
162 157 m2 602177 -0.0202868786 0.5 p-1 -294624 199
210 158 m2 605448 -0.0518630035 0.5 p-1 -17311 13
164 159 m2 608072 -0.00410630461 0.5 p-1 -126922 14
219 160 m2 610681 -0.00116612553 0.5 p-1 -705900 12
35 163 m2 629399 -0.000889164919 0.5 p-1 -5560897 578
215 165 m2 632618 -0.000803245697 0.5 p-1 -2428 11
196 166 m2 633209 -0.00919276942 0.5 p-1 -318540 10
100 168 m2 638688 -0.00064148003 0.5 p-1 -64159 90
193 169 m2 639663 -0.000166122234 0.5 p-1 -194989 7
36 170 m2 647860 -0.00135216571 0.5 p-1 -5409471 1915
107 173 m2 649855 -4.28618796e-06 0.5 p-1 -101374 29
157 174 m2 651760 -0.00224380218 0.5 p-1 -2416069 118
37 175 m2 653201 -0.0334673673 0.5 p-1 -3914361 768
76 176 m2 668144 -0.0116785169 0.5 p-1 -1551525 919
238 179 m2 679145 -1.47776857e-08 0.5 p-1 -23393 3
38 180 m2 681439 -0.00615669927 0.5 p-1 -1828518 1999
153 181 m2 683186 -4.01723355e-06 0.5 p-1 -5976789 144
108 182 m2 685652 -0.000282613066 0.5 p-1 -732976 122
93 183 m2 689325 -3.94434646e-05 0.5 p-1 -899619 169
188 184 m2 694315 -0.012321867 0.5 p-1 -45326 37
77 185 m2 703694 -0.0229058284 0.5 p-1 -817230 308
69 186 m2 704651 -0.00048502846 0.5 p-1 -2505901 626
113 187 m2 707851 -0.00486115366 0.5 p-1 -1904329 406
147 188 m2 710107 -0.0119945975 0.5 p-1 -4029 9
204 189 m2 712137 -0.00834114105 0.5 p-1 -199915 2
155 190 m2 712250 -0.00593736069 0.5 p-1 -28776 41
94 191 m2 718437 -0.00159772276 0.5 p-1 -151636 51
170 192 m2 718644 -0.000761255214 0.5 p-1 -195314 129
88 194 m2 751107 -0.00866438169 0.5 p-1 -345843 162
117 195 m2 752782 -0.00130927493 0.5 p-1 -303359 173
149 197 m2 759881 -0.00914826337 0.5 p-1 -413700 119
95 199 m2 773199 -0.0220429935 0.5 p-1 -957400 121
124 200 m2 773498 -0.0138456021 0.5 p-1 -289513 223
39 201 m2 785428 -0.000780942675 0.5 p-1 -1842829 1144
133 203 m2 788296 -0.000188388818 0.5 p-1 -995901 149
152 204 m2 788822 -0.00121564791 0.5 p-1 -208023 94
129 205 m2 789295 -0.0126096345 0.5 p-1 -221755 118
194 206 m2 792020 -0.00748058083 0.5 p-1 -50815 11
102 207 m2 798158 -0.0145086236 0.5 p-1 -11463924 248
56 208 m2 799415 -0.000773972948 0.5 p-1 -2498066 1273
165 209 m2 801281 -0.000798758119 0.5 p-1 -50764 44
116 210 m2 801928 -0.00214487803 0.5 p-1 -1409166 327
103 212 m2 808490 -1.5967079e-07 0.5 p-1 -1824368 336
109 213 m2 809817 -0.0083765192 0.5 p-1 -807089 108
78 214 m2 810926 -0.00780294742 0.5 p-1 -1452237 294
151 215 m2 810975 -2.93583253e-05 0.5 p-1 -61089 85
171 217 m2 815206 -0.0153097259 0.5 p-1 -7915 3
40 218 m2 815885 -0.0291205272 0.5 p-1 -9698714 1124
57 221 m2 824595 -0.000272970821 0.5 p-1 -1082739 848
246 223 m2 841944 -0.00163522421 0.5 p-1 -2355 4
41 224 m2 850814 -0.0256395899 0.5 p-1 -1305357 1334
200 225 m2 854990 -0.00183345063 0.5 p-1 -33878 3
175 226 m2 861350 -0.00317994924 0.5 p-1 -174937 14
202 227 m2 870091 -0.000725123915 0.5 p-1 -307834 12
240 229 m2 887736 -7.64440992e-05 0.5 p-1 -5576 4
221 230 m2 895705 -0.0018519311 0.5 p-1 -9603 3
59 231 m2 896357 -0.0239208341 0.5 p-1 -1938196 334
181 232 m2 898981 -0.0275425259 0.5 p-1 -27889 4
42 233 m2 902849 -1.47731407e-06 0.5 p-1 -2105904 1120
191 234 m2 908467 -0.0673262551 0.5 p-1 -144834 31
241 237 m2 915536 -0.0010019138 0.5 p-1 -9320 2
43 238 m2 918893 -8.08182358e-06 0.5 p-1 -3955777 829
159 242 m2 932234 -2.35157017e-06 0.5 p-1 -63198 37
125 244 m2 941069 -0.00761090824 0.5 p-1 -1845652 227
156 245 m2 947828 -0.0455232635 0.5 p-1 -17709 28
224 247 m2 953249 -1.62115384e-06 0.5 p-1 -25763 6
118 249 m2 958602 -0.000479366397 0.5 p-1 -137971 238
225 250 m2 961558 -0.0281888731 0.5 p-1 -15033 2
89 251 m2 965484 -0.00159551541 0.5 p-1 -737659 50
135 253 m2 971463 -0.000734146044 0.5 p-1 -78719 71
90 254 m2 975580 -3.58453963e-06 0.5 p-1 -208714 91
184 255 m2 987025 -0.0407646745 0.5 p-1 -212065 9
140 256 m2 987260 -0.00225311029 0.5 p-1 -124545 47
143 257 m2 994287 -0.000821921567 0.5 p-1 -13364 58
235 259 m2 328978 -0.0202935971 0.5 p0 2 1
243 260 m2 313203 -0.000421840523 0.5 p0 2 1
226 264 m2 300724 -6.80028779e-06 0.5 p0 2 5
206 270 m2 383125 -6.44937827e-05 0.5 p0 2 2
81 277 m2 6669 -0.00195120112 0.5 p0 2 4
231 288 m2 532599 -0.00259954832 0.5 p0 2 5
160 294 m2 341964 -0.000124308397 0.5 p0 2 7
251 310 m2 458505 -0.00678623794 0.5 p0 2 1
242 311 m2 618794 -0.00866353046 0.5 p0 2 2
80 312 m1 632 0 0.5 p-1 -3558721 634
4 316 m1 21084 0 0.5 p-1 -10098016 1971
190 319 m1 111569 0 0.5 p-1 -32084 27
138 322 m1 137396 0 0.5 p-1 -257323 85
230 324 m1 187799 0 0.5 p-1 -17054 9
237 326 m1 200629 0 0.5 p-1 -322 6
7 327 m1 218281 0 0.5 p-1 -4692176 1671
166 328 m1 222540 0 0.5 p-1 -714297 38
126 329 m1 229906 0 0.5 p-1 -4359635 292
8 330 m1 230467 0 0.5 p-1 -1739072 699
248 331 m1 242369 0 0.5 p-1 -662 1
244 332 m1 253785 0 0.5 p-1 -148129 1
236 333 m1 272740 0 0.5 p-1 -618 2
13 336 m1 337284 0 0.5 p-1 -2489836 899
63 337 m1 348392 0 0.5 p-1 -230505 178
16 338 m1 351916 0 0.5 p-1 -1546318 665
127 339 m1 360936 0 0.5 p-1 -35271 39
111 340 m1 362671 0 0.5 p-1 -498809 155
19 342 m1 391918 0 0.5 p-1 -172584 35
22 343 m1 402253 0 0.5 p-1 -14414488 1326
24 345 m1 432730 0 0.5 p-1 -574110 411
121 346 m1 452140 0 0.5 p-1 -3673662 55
65 347 m1 455823 0 0.5 p-1 -1999114 384
26 348 m1 459694 0 0.5 p-1 -1462404 563
217 349 m1 460088 0 0.5 p-1 -15255 9
91 350 m1 460737 0 0.5 p-1 -316849 275
28 351 m1 462595 0 0.5 p-1 -3625836 1483
132 355 m1 494651 0 0.5 p-1 -905758 144
122 356 m1 503477 0 0.5 p-1 -19559 16
158 357 m1 517187 0 0.5 p-1 -32413 41
32 358 m1 526437 0 0.5 p-1 -10080710 674
227 361 m1 547791 0 0.5 p-1 -24100 8
33 362 m1 553456 0 0.5 p-1 -1404416 429
87 363 m1 575321 0 0.5 p-1 -48837 54
185 364 m1 588128 0 0.5 p-1 -102655 10
115 365 m1 591069 0 0.5 p-1 -1227909 207
232 366 m1 594548 0 0.5 p-1 -49584 7
207 369 m1 624720 0 0.5 p-1 -69472 2
68 372 m1 647948 0 0.5 p-1 -3335238 288
134 373 m1 690100 0 0.5 p-1 -3988591 143
154 374 m1 704594 0 0.5 p-1 -269447 42
101 376 m1 745377 0 0.5 p-1 -2006200 258
70 377 m1 782496 0 0.5 p-1 -521223 233
189 379 m1 802376 0 0.5 p-1 -105768 21
177 380 m1 808927 0 0.5 p-1 -155526 13
213 381 m1 813261 0 0.5 p-1 -28666 13
176 383 m1 849537 0 0.5 p-1 -95569 19
205 384 m1 851205 0 0.5 p-1 -216786 10
182 386 m1 854562 0 0.5 p-1 -57890 31
58 388 m1 889132 0 0.5 p-1 -2518753 787
79 389 m1 919912 0 0.5 p-1 -1365202 549
60 390 m1 921996 0 0.5 p-1 -973328 591
146 392 m1 941261 0 0.5 p-1 -736858 71
228 393 m1 941626 0 0.5 p-1 -115109 9
169 394 m1 943045 0 0.5 p-1 -212978 48
239 395 m1 958447 0 0.5 p-1 -59315 2
179 396 m1 976001 0 0.5 p-1 -89773 34
Individuals:
