Mutations:
2 1 m2 16554 -0.00313826581 0.5 p-1 -1313535 721
253 2 m2 19401 -0.000410136563 0.5 p-1 -12825 17
3 3 m2 19847 -0.0108166905 0.5 p-1 -717724 225
126 4 m2 20730 -0.0238812771 0.5 p-1 -2271922 322
248 5 m2 26405 -0.00454898644 0.5 p-1 -32639 26
180 6 m2 33189 -4.30005429e-07 0.5 p-1 -296377 40
296 7 m2 40781 -0.00642583426 0.5 p-1 -18372 1
54 8 m2 41179 -0.00100680941 0.5 p-1 -391442 267
245 10 m2 45572 -0.0127473045 0.5 p-1 -161885 25
223 12 m2 49091 -5.66231211e-06 0.5 p-1 -1919 14
308 13 m2 53874 -0.0106307669 0.5 p-1 -1451 1
196 14 m2 60434 -0.00121575303 0.5 p-1 -184725 52
56 15 m2 63501 -4.19048229e-05 0.5 p-1 -50940 56
4 16 m2 73395 -0.00260783895 0.5 p-1 -2240757 1093
97 17 m2 73418 -0.0114805996 0.5 p-1 -2879818 699
98 20 m2 78780 -0.0197269693 0.5 p-1 -7881331 408
240 21 m2 87571 -0.00211810996 0.5 p-1 -436958 29
5 23 m2 89731 -0.00297558797 0.5 p-1 -512186 467
78 24 m2 92431 -0.00103566167 0.5 p-1 -5435484 310
295 25 m2 93462 -0.0301100034 0.5 p-1 -54958 6
123 27 m2 108493 -0.0255723726 0.5 p-1 -3581672 289
132 29 m2 110611 -0.0105602136 0.5 p-1 -527177 341
57 30 m2 112709 -0.0430609696 0.5 p-1 -3078411 463
219 33 m2 131486 -0.0358099155 0.5 p-1 -693172 75
208 34 m2 133119 -1.37915622e-05 0.5 p-1 -511751 54
7 35 m2 133407 -0.00558173098 0.5 p-1 -7397563 1516
133 36 m2 139767 -0.000111773108 0.5 p-1 -3624043 52
213 39 m2 146452 -0.00733464165 0.5 p-1 -830936 24
134 40 m2 146548 -1.70340518e-05 0.5 p-1 -799948 255
214 41 m2 146747 -0.0112787588 0.5 p-1 -36579 11
300 42 m2 155035 -4.61927073e-07 0.5 p-1 -99726 6
113 46 m2 170759 -1.53031121e-09 0.5 p-1 -1306369 282
145 49 m2 184404 -0.0124820285 0.5 p-1 -5147734 174
220 50 m2 185645 -0.00494311471 0.5 p-1 -459992 19
79 52 m2 192218 -0.000278888299 0.5 p-1 -3740197 1015
251 53 m2 205200 -0.000226225253 0.5 p-1 -159872 29
9 54 m2 209825 -0.00638206117 0.5 p-1 -1476563 380
175 55 m2 212738 -3.24607099e-05 0.5 p-1 -886641 31
317 56 m2 214183 -0.000650374859 0.5 p-1 -8667 1
10 59 m2 221911 -0.059087906 0.5 p-1 -2153875 799
139 60 m2 223157 -0.0210617427 0.5 p-1 -404092 358
171 61 m2 232665 -0.000189518905 0.5 p-1 -121387 94
58 63 m2 267270 -0.000152234905 0.5 p-1 -3116606 898
194 64 m2 274859 -0.00287505635 0.5 p-1 -1045108 187
15 65 m2 275275 -0.000285964168 0.5 p-1 -1372769 959
81 66 m2 279904 -0.00285008689 0.5 p-1 -4270426 617
82 67 m2 283514 -0.0375057086 0.5 p-1 -465219 440
235 68 m2 284598 -0.0453892723 0.5 p-1 -63220 18
226 69 m2 284703 -0.0023969966 0.5 p-1 -38803 18
174 70 m2 290972 -9.69056657e-08 0.5 p-1 -126779 43
115 71 m2 295560 -6.03207839e-09 0.5 p-1 -345893 41
155 72 m2 297265 -0.00262585096 0.5 p-1 -154925 70
209 74 m2 298864 -0.0116248317 0.5 p-1 -100785 94
16 75 m2 308581 -3.26737936e-05 0.5 p-1 -3526374 1853
17 76 m2 309020 -3.7939426e-06 0.5 p-1 -3808227 865
120 77 m2 316684 -0.00242034369 0.5 p-1 -223510 190
310 79 m2 321014 -0.0298515093 0.5 p-1 -1151 1
297 80 m2 326770 -5.49988499e-07 0.5 p-1 -16870 1
116 81 m2 327310 -0.054058671 0.5 p-1 -19789856 633
266 82 m2 332030 -0.000173198699 0.5 p-1 -17406 13
288 83 m2 335455 -2.13396197e-06 0.5 p-1 -25567 4
254 85 m2 344138 -7.70208717e-05 0.5 p-1 -1453 20
83 87 m2 347139 -0.0147207901 0.5 p-1 -1049591 385
19 88 m2 362138 -0.00932966452 0.5 p-1 -53472 51
236 89 m2 362593 -0.000935114687 0.5 p-1 -86989 16
20 91 m2 371952 -0.000385965395 0.5 p-1 -3037302 1852
127 93 m2 373780 -0.000516252127 0.5 p-1 -169707 249
84 94 m2 375787 -0.00656421063 0.5 p-1 -55232 27
59 95 m2 376171 -0.00595017755 0.5 p-1 -795201 153
22 96 m2 377060 -1.75139905e-06 0.5 p-1 -2716187 1154
23 97 m2 377831 -0.00334587321 0.5 p-1 -1759363 939
190 98 m2 380391 -0.00911491644 0.5 p-1 -558681 51
24 100 m2 383324 -0.00794204231 0.5 p-1 -1805465 595
106 101 m2 385248 -0.00277530216 0.5 p-1 -87156 83
247 103 m2 389525 -0.00334588834 0.5 p-1 -35850 7
267 104 m2 399535 -0.000220095084 0.5 p-1 -72945 6
25 105 m2 399771 -0.00981114805 0.5 p-1 -863716 1283
276 106 m2 403726 -0.00470152125 0.5 p-1 -8647 2
172 107 m2 407794 -0.000879035622 0.5 p-1 -471025 285
243 110 m2 416518 -0.00280939415 0.5 p-1 -179110 13
191 111 m2 419867 -0.0131861353 0.5 p-1 -55164 27
229 112 m2 422557 -0.038424816 0.5 p-1 -55909 24
85 114 m2 427072 -0.0055806688 0.5 p-1 -584180 338
60 115 m2 428755 -4.07709704e-05 0.5 p-1 -4176038 1449
230 118 m2 434137 -0.00320727611 0.5 p-1 -10630 6
160 119 m2 439668 -0.000364996318 0.5 p-1 -1942999 56
27 120 m2 441183 -0.000421424513 0.5 p-1 -1647931 1610
198 122 m2 441505 -0.015098541 0.5 p-1 -39517 10
28 126 m2 453893 -0.000356287987 0.5 p-1 -2984012 880
62 127 m2 456591 -0.0295293331 0.5 p-1 -815750 559
259 130 m2 467207 -4.38002608e-05 0.5 p-1 -105862 14
238 134 m2 473154 -0.00101820857 0.5 p-1 -12662 31
146 135 m2 473884 -0.0128863342 0.5 p-1 -13820 37
100 137 m2 481764 -0.000607129652 0.5 p-1 -10022859 596
185 141 m2 497144 -0.004452297 0.5 p-1 -152519 62
273 144 m2 514225 -0.000109218759 0.5 p-1 -25762 3
290 145 m2 515232 -0.00524655636 0.5 p-1 -1221 2
30 146 m2 516779 -0.000158783689 0.5 p-1 -4970555 1156
31 147 m2 518080 -0.00035692635 0.5 p-1 -7823533 1697
250 148 m2 522536 -1.67541339e-06 0.5 p-1 -143627 19
87 150 m2 534973 -0.01026149 0.5 p-1 -1580339 435
309 151 m2 537335 -0.0356577188 0.5 p-1 -12462 2
212 152 m2 543431 -0.0064697261 0.5 p-1 -150654 39
117 153 m2 546286 -1.5009663e-05 0.5 p-1 -11349001 249
186 154 m2 546805 -3.58509993e-07 0.5 p-1 -69569 34
217 155 m2 547384 -3.55028824e-05 0.5 p-1 -8499 11
179 156 m2 548259 -0.0140319504 0.5 p-1 -328685 24
88 157 m2 549898 -0.000162076452 0.5 p-1 -133159 28
129 158 m2 551435 -0.000803822826 0.5 p-1 -532932 101
215 159 m2 561704 -0.0104260109 0.5 p-1 -1178978 68
118 160 m2 568493 -0.00111810374 0.5 p-1 -161830 86
147 161 m2 574120 -0.000321769359 0.5 p-1 -1453222 75
161 162 m2 576773 -0.00116277277 0.5 p-1 -717626 336
32 163 m2 583495 -0.0126133515 0.5 p-1 -4875153 870
204 164 m2 593929 -3.09516366e-07 0.5 p-1 -3146937 93
33 166 m2 597683 -0.00817408599 0.5 p-1 -2274770 187
182 167 m2 598633 -1.72276771e-06 0.5 p-1 -220674 13
90 168 m2 599241 -2.68532058e-05 0.5 p-1 -5997133 873
140 169 m2 602092 -0.00313061243 0.5 p-1 -468245 75
91 170 m2 602586 -0.00739395432 0.5 p-1 -822646 320
63 171 m2 605987 -0.00314184348 0.5 p-1 -3074296 946
162 172 m2 609232 -0.0387260206 0.5 p-1 -950634 119
64 173 m2 614579 -4.15332543e-05 0.5 p-1 -2562000 1880
201 174 m2 616974 -0.0338809565 0.5 p-1 -150358 48
232 175 m2 617493 -8.15663148e-10 0.5 p-1 -103377 5
184 176 m2 618010 -0.0206666794 0.5 p-1 -435826 12
141 177 m2 619175 -0.00998421758 0.5 p-1 -372525 293
165 178 m2 627846 -0.00035045165 0.5 p-1 -94265 42
136 179 m2 628472 -1.03559205e-06 0.5 p-1 -6568440 340
34 182 m2 631795 -0.0276766177 0.5 p-1 -425844 106
207 183 m2 641157 -0.000453850866 0.5 p-1 -1568426 68
65 184 m2 646401 -2.51133588e-06 0.5 p-1 -122357 77
239 185 m2 649687 -0.0078490125 0.5 p-1 -3542 9
35 186 m2 654643 -0.00163796591 0.5 p-1 -6667951 1198
66 188 m2 657376 -0.00918995962 0.5 p-1 -251664 104
210 189 m2 670204 -0.0286339633 0.5 p-1 -56201 18
269 190 m2 670822 -0.00417643832 0.5 p-1 -28334 2
183 191 m2 672591 -0.00748723792 0.5 p-1 -272665 102
107 193 m2 676620 -0.012213924 0.5 p-1 -5752896 938
166 194 m2 678521 -0.0191249102 0.5 p-1 -4775135 173
197 196 m2 684793 -0.00366736832 0.5 p-1 -369627 86
67 197 m2 707560 -8.42116879e-06 0.5 p-1 -709663 421
92 198 m2 707572 -0.00224570208 0.5 p-1 -848312 331
264 200 m2 708246 -0.0106704151 0.5 p-1 -223573 11
189 201 m2 720452 -0.000200828566 0.5 p-1 -368163 103
173 202 m2 723054 -1.79408325e-05 0.5 p-1 -559303 27
124 203 m2 724802 -2.8249784e-05 0.5 p-1 -180081 117
177 204 m2 725024 -0.00560441799 0.5 p-1 -16543 28
142 205 m2 727257 -0.000156660666 0.5 p-1 -837772 117
119 206 m2 732004 -0.000428253232 0.5 p-1 -237433 112
38 207 m2 735632 -0.00223238836 0.5 p-1 -12896577 1458
68 208 m2 735679 -0.000664080435 0.5 p-1 -856971 269
69 210 m2 740382 -0.0227164309 0.5 p-1 -5441852 1925
262 211 m2 744043 -0.0019133247 0.5 p-1 -9854 14
202 212 m2 748265 -0.00816754997 0.5 p-1 -43471 19
108 213 m2 748618 -0.00473759091 0.5 p-1 -2781833 308
70 214 m2 750107 -0.00107977877 0.5 p-1 -2201742 916
103 215 m2 759791 -0.000496900757 0.5 p-1 -2328005 507
316 216 m2 762762 -0.0181647819 0.5 p-1 -62900 1
152 217 m2 765626 -1.62656252e-05 0.5 p-1 -1428508 132
157 218 m2 765979 -0.000627384114 0.5 p-1 -16283 11
71 221 m2 772872 -0.0170404594 0.5 p-1 -1800282 192
39 222 m2 778292 -0.00816320814 0.5 p-1 -237154 127
41 224 m2 790316 -0.000435334427 0.5 p-1 -963845 848
42 225 m2 792446 -0.00307976943 0.5 p-1 -3642919 1139
227 226 m2 794817 -0.00529503124 0.5 p-1 -215551 87
122 228 m2 797506 -0.000309090712 0.5 p-1 -440130 115
93 230 m2 798708 -0.00107720715 0.5 p-1 -3091014 431
43 231 m2 799496 -0.00918782689 0.5 p-1 -4374263 1174
104 232 m2 803740 -0.00978168659 0.5 p-1 -3758530 68
298 233 m2 806539 -0.0160222743 0.5 p-1 -256817 1
158 235 m2 813330 -3.77394933e-08 0.5 p-1 -211537 71
137 236 m2 823903 -0.00445837248 0.5 p-1 -1675374 82
109 237 m2 831542 -0.00241104397 0.5 p-1 -827327 144
44 238 m2 837520 -0.0274343882 0.5 p-1 -6486641 1303
287 240 m2 840630 -0.0109181255 0.5 p-1 -31932 12
45 241 m2 841645 -7.26674261e-05 0.5 p-1 -3213178 1359
218 242 m2 845988 -0.000387060601 0.5 p-1 -37257 9
72 243 m2 846021 -1.81045809e-08 0.5 p-1 -391647 256
271 244 m2 847583 -0.00107225578 0.5 p-1 -102041 7
299 245 m2 853617 -1.46160306e-11 0.5 p-1 -19478 6
261 247 m2 854024 -4.43649988e-05 0.5 p-1 -3405 3
143 248 m2 854155 -0.00859897863 0.5 p-1 -343798 25
279 251 m2 856011 -0.000947779743 0.5 p-1 -69368 9
256 253 m2 858615 -0.00382782123 0.5 p-1 -56788 15
303 254 m2 864161 -0.086551927 0.5 p-1 -7904 2
265 255 m2 864193 -0.00244759 0.5 p-1 -9368 13
176 256 m2 867671 -0.00870218594 0.5 p-1 -9193941 69
206 257 m2 877265 -0.000432808243 0.5 p-1 -704123 34
46 258 m2 879102 -0.00487086317 0.5 p-1 -2698566 702
167 259 m2 879184 -0.0407457426 0.5 p-1 -112588 84
48 260 m2 884155 -0.00135928451 0.5 p-1 -1727260 328
110 261 m2 886464 -0.0707808658 0.5 p-1 -622324 109
293 262 m2 886621 -0.000280112872 0.5 p-1 -6110 6
193 263 m2 887824 -0.0290576126 0.5 p-1 -136584 37
130 264 m2 890690 -0.00197028951 0.5 p-1 -21330 25
74 266 m2 895876 -0.0220501572 0.5 p-1 -883597 37
144 267 m2 897426 -0.0200714413 0.5 p-1 -218782 82
94 268 m2 899825 -0.0186455082 0.5 p-1 -359597 323
49 269 m2 900641 -0.0567586906 0.5 p-1 -2285746 1001
149 270 m2 902109 -0.00205965666 0.5 p-1 -865596 29
75 271 m2 907913 -0.00133091537 0.5 p-1 -777318 667
257 274 m2 916462 -0.0146191362 0.5 p-1 -5941 13
76 275 m2 917721 -0.0222473033 0.5 p-1 -165985 66
50 276 m2 919285 -0.00653648842 0.5 p-1 -660277 541
111 277 m2 922895 -3.18569801e-05 0.5 p-1 -995805 496
112 279 m2 927116 -0.0824819282 0.5 p-1 -1588458 447
153 280 m2 927677 -2.71250665e-05 0.5 p-1 -4920454 302
154 281 m2 941472 -0.00844884105 0.5 p-1 -321550 33
125 282 m2 960779 -0.0294002499 0.5 p-1 -1602898 133
52 283 m2 962365 -0.00229941402 0.5 p-1 -558329 133
170 284 m2 969634 -4.75663692e-05 0.5 p-1 -841246 50
138 285 m2 970921 -0.00251782732 0.5 p-1 -155875 43
77 286 m2 976321 -0.00757070538 0.5 p-1 -314110 191
131 287 m2 980846 -0.0101347361 0.5 p-1 -795705 192
163 288 m2 981164 -0.00750922598 0.5 p-1 -247126 110
53 289 m2 981352 -0.00920283515 0.5 p-1 -1943629 1932
221 291 m2 995110 -9.64383216e-05 0.5 p-1 -303163 41
272 294 m2 542339 -0.0328598842 0.5 p0 2 4
284 295 m2 267042 -8.02710565e-06 0.5 p0 2 2
302 300 m2 729473 -0.00418602908 0.5 p0 2 6
216 301 m2 368866 -9.77539239e-05 0.5 p0 2 2
282 302 m2 341014 -0.000590078649 0.5 p0 2 4
307 304 m2 904510 -0.00336909178 0.5 p0 2 2
246 305 m2 721843 -0.00869578589 0.5 p0 2 18
244 307 m2 470547 -0.0111373691 0.5 p0 2 4
292 311 m2 776072 -0.000317948958 0.5 p0 2 5
313 314 m2 105830 -0.00500395661 0.5 p0 2 1
242 318 m2 396270 -2.94336623e-05 0.5 p0 2 1
311 324 m2 506613 -0.0259082075 0.5 p0 2 1
314 327 m2 976437 -0.00210344605 0.5 p0 2 1
255 334 m2 337576 -0.00474627037 0.5 p0 2 1
237 338 m2 242891 -0.000298278348 0.5 p0 2 6
301 342 m2 472255 -0.000476012356 0.5 p0 2 1
0 348 m1 966 0 0.5 p-1 -5620549 1907
1 349 m1 1936 0 0.5 p-1 -2488059 453
222 351 m1 7512 0 0.5 p-1 -41041 12
164 352 m1 12999 0 0.5 p-1 -73184 41
305 353 m1 37840 0 0.5 p-1 -4824 1
96 354 m1 48819 0 0.5 p-1 -1395944 207
55 355 m1 56854 0 0.5 p-1 -1468017 525
315 356 m1 64703 0 0.5 p-1 -24300 1
225 357 m1 67286 0 0.5 p-1 -14706 22
159 358 m1 67822 0 0.5 p-1 -503590 106
205 359 m1 72558 0 0.5 p-1 -179053 38
268 360 m1 82751 0 0.5 p-1 -10221 1
105 361 m1 87414 0 0.5 p-1 -75626 76
224 362 m1 95934 0 0.5 p-1 -86174 18
286 363 m1 104365 0 0.5 p-1 -10767 2
6 364 m1 124341 0 0.5 p-1 -1714179 1135
270 365 m1 133787 0 0.5 p-1 -33060 14
199 366 m1 138621 0 0.5 p-1 -257921 35
200 367 m1 139804 0 0.5 p-1 -249004 71
291 369 m1 143477 0 0.5 p-1 -93750 1
281 371 m1 163502 0 0.5 p-1 -2882 2
241 372 m1 169509 0 0.5 p-1 -30276 4
114 373 m1 190730 0 0.5 p-1 -291462 301
8 374 m1 196053 0 0.5 p-1 -3387696 1857
80 375 m1 197000 0 0.5 p-1 -2270150 480
306 376 m1 199844 0 0.5 p-1 -6049 1
203 377 m1 217559 0 0.5 p-1 -8755 9
11 378 m1 224036 0 0.5 p-1 -7046401 300
12 379 m1 228161 0 0.5 p-1 -7583973 1190
263 380 m1 230122 0 0.5 p-1 -250657 67
13 381 m1 247079 0 0.5 p-1 -10949917 1785
14 382 m1 262201 0 0.5 p-1 -8240516 502
135 384 m1 299385 0 0.5 p-1 -135948 77
231 385 m1 332957 0 0.5 p-1 -73508 19
277 386 m1 338594 0 0.5 p-1 -81683 12
195 387 m1 339915 0 0.5 p-1 -122217 169
18 388 m1 343237 0 0.5 p-1 -8763724 1339
252 389 m1 346175 0 0.5 p-1 -758 1
258 391 m1 347582 0 0.5 p-1 -134482 24
21 392 m1 372634 0 0.5 p-1 -2936999 231
128 394 m1 385740 0 0.5 p-1 -383835 179
156 395 m1 401977 0 0.5 p-1 -305042 66
181 396 m1 410719 0 0.5 p-1 -327550 139
278 397 m1 412138 0 0.5 p-1 -6450 12
99 399 m1 425833 0 0.5 p-1 -2602429 300
192 400 m1 426777 0 0.5 p-1 -229258 76
312 401 m1 431831 0 0.5 p-1 -74250 2
26 403 m1 435742 0 0.5 p-1 -9724325 374
61 404 m1 436659 0 0.5 p-1 -2055817 162
29 407 m1 464308 0 0.5 p-1 -3284889 220
260 408 m1 489285 0 0.5 p-1 -24685 4
294 410 m1 501443 0 0.5 p-1 -11589 5
285 412 m1 508633 0 0.5 p-1 -24905 1
86 413 m1 508874 0 0.5 p-1 -947246 201
289 414 m1 532890 0 0.5 p-1 -4458 5
211 415 m1 540781 0 0.5 p-1 -3459758 126
283 417 m1 563055 0 0.5 p-1 -143420 7
121 418 m1 580344 0 0.5 p-1 -566308 220
187 419 m1 591373 0 0.5 p-1 -1205058 218
101 420 m1 596357 0 0.5 p-1 -982817 278
102 421 m1 599064 0 0.5 p-1 -524676 318
89 422 m1 599164 0 0.5 p-1 -513926 162
275 423 m1 599386 0 0.5 p-1 -11069 6
151 424 m1 603436 0 0.5 p-1 -511611 57
168 425 m1 611020 0 0.5 p-1 -221864 75
188 426 m1 618097 0 0.5 p-1 -53287 68
36 428 m1 681501 0 0.5 p-1 -699586 243
228 430 m1 704618 0 0.5 p-1 -4110 3
37 432 m1 719214 0 0.5 p-1 -1855563 787
40 434 m1 778993 0 0.5 p-1 -7733964 1158
304 438 m1 831315 0 0.5 p-1 -39746 3
233 439 m1 836487 0 0.5 p-1 -12481 25
234 441 m1 854390 0 0.5 p-1 -54346 38
73 442 m1 855823 0 0.5 p-1 -3707116 992
280 443 m1 877600 0 0.5 p-1 -15465 3
47 444 m1 882759 0 0.5 p-1 -11117448 1442
148 445 m1 883773 0 0.5 p-1 -92290 73
169 446 m1 893419 0 0.5 p-1 -337485 114
249 447 m1 896226 0 0.5 p-1 -30813 10
274 449 m1 937379 0 0.5 p-1 -17316 1
51 450 m1 944763 0 0.5 p-1 -6555081 1744
178 451 m1 955223 0 0.5 p-1 -3397902 272
150 452 m1 958095 0 0.5 p-1 -1281634 134
95 453 m1 989172 0 0.5 p-1 -121421 73
Individuals:
