Mutations:
1 1 m2 16554 -0.00313826581 0.5 p-1 -1313535 762
282 2 m2 19401 -0.000410136563 0.5 p-1 -12825 3
48 3 m2 19847 -0.0108166905 0.5 p-1 -717724 218
114 4 m2 20730 -0.0238812771 0.5 p-1 -2271922 258
234 5 m2 26405 -0.00454898644 0.5 p-1 -32639 24
67 6 m2 33189 -4.30005429e-07 0.5 p-1 -296377 85
68 7 m2 40781 -0.00642583426 0.5 p-1 -18372 8
130 8 m2 41179 -0.00100680941 0.5 p-1 -391442 227
225 10 m2 45572 -0.0127473045 0.5 p-1 -161885 12
238 12 m2 49091 -5.66231211e-06 0.5 p-1 -1919 31
123 14 m2 60434 -0.00121575303 0.5 p-1 -184725 76
131 15 m2 63501 -4.19048229e-05 0.5 p-1 -50940 53
50 16 m2 73395 -0.00260783895 0.5 p-1 -2240757 1084
93 17 m2 73418 -0.0114805996 0.5 p-1 -2879818 762
2 20 m2 78780 -0.0197269693 0.5 p-1 -7881331 445
94 21 m2 87571 -0.00211810996 0.5 p-1 -436958 43
132 23 m2 89731 -0.00297558797 0.5 p-1 -512186 339
83 24 m2 92431 -0.00103566167 0.5 p-1 -5435484 435
185 25 m2 93462 -0.0301100034 0.5 p-1 -54958 30
69 27 m2 108493 -0.0255723726 0.5 p-1 -3581672 271
302 28 m2 110514 -0.00615238352 0.5 p-1 -5619 1
3 29 m2 110611 -0.0105602136 0.5 p-1 -527177 259
107 30 m2 112709 -0.0430609696 0.5 p-1 -3078411 451
287 31 m2 114272 -0.0116069289 0.5 p-1 -17389 7
285 32 m2 119843 -0.000746310106 0.5 p-1 -1636 3
226 33 m2 131486 -0.0358099155 0.5 p-1 -693172 72
250 34 m2 133119 -1.37915622e-05 0.5 p-1 -511751 34
4 35 m2 133407 -0.00558173098 0.5 p-1 -7397563 1498
165 36 m2 139767 -0.000111773108 0.5 p-1 -3624043 82
217 39 m2 146452 -0.00733464165 0.5 p-1 -830936 54
166 40 m2 146548 -1.70340518e-05 0.5 p-1 -799948 232
193 42 m2 155035 -4.61927073e-07 0.5 p-1 -99726 46
5 46 m2 170759 -1.53031121e-09 0.5 p-1 -1306369 343
71 49 m2 184404 -0.0124820285 0.5 p-1 -5147734 197
206 50 m2 185645 -0.00494311471 0.5 p-1 -459992 21
261 51 m2 186234 -1.32128353e-05 0.5 p-1 -136587 2
52 52 m2 192218 -0.000278888299 0.5 p-1 -3740197 1001
186 53 m2 205200 -0.000226225253 0.5 p-1 -159872 48
157 54 m2 209825 -0.00638206117 0.5 p-1 -1476563 342
230 55 m2 212738 -3.24607099e-05 0.5 p-1 -886641 27
95 56 m2 214183 -0.000650374859 0.5 p-1 -8667 5
72 59 m2 221911 -0.059087906 0.5 p-1 -2153875 742
96 60 m2 223157 -0.0210617427 0.5 p-1 -404092 283
198 61 m2 232665 -0.000189518905 0.5 p-1 -121387 38
10 63 m2 267270 -0.000152234905 0.5 p-1 -3116606 915
182 64 m2 274859 -0.00287505635 0.5 p-1 -1045108 197
11 65 m2 275275 -0.000285964168 0.5 p-1 -1372769 926
12 66 m2 279904 -0.00285008689 0.5 p-1 -4270426 826
53 67 m2 283514 -0.0375057086 0.5 p-1 -465219 526
249 68 m2 284598 -0.0453892723 0.5 p-1 -63220 8
219 69 m2 284703 -0.0023969966 0.5 p-1 -38803 21
252 70 m2 290972 -9.69056657e-08 0.5 p-1 -126779 13
191 71 m2 295560 -6.03207839e-09 0.5 p-1 -345893 114
190 72 m2 297265 -0.00262585096 0.5 p-1 -154925 19
13 74 m2 298864 -0.0116248317 0.5 p-1 -100785 76
14 75 m2 308581 -3.26737936e-05 0.5 p-1 -3526374 1798
15 76 m2 309020 -3.7939426e-06 0.5 p-1 -3808227 849
73 77 m2 316684 -0.00242034369 0.5 p-1 -223510 88
299 79 m2 321014 -0.0298515093 0.5 p-1 -1151 2
245 80 m2 326770 -5.49988499e-07 0.5 p-1 -16870 4
54 81 m2 327310 -0.054058671 0.5 p-1 -19789856 656
108 82 m2 332030 -0.000173198699 0.5 p-1 -17406 23
187 83 m2 335455 -2.13396197e-06 0.5 p-1 -25567 9
270 85 m2 344138 -7.70208717e-05 0.5 p-1 -1453 5
97 87 m2 347139 -0.0147207901 0.5 p-1 -1049591 362
109 88 m2 362138 -0.00932966452 0.5 p-1 -53472 46
17 91 m2 371952 -0.000385965395 0.5 p-1 -3037302 1823
55 93 m2 373780 -0.000516252127 0.5 p-1 -169707 329
260 94 m2 375787 -0.00656421063 0.5 p-1 -55232 18
85 95 m2 376171 -0.00595017755 0.5 p-1 -795201 178
18 96 m2 377060 -1.75139905e-06 0.5 p-1 -2716187 1054
56 97 m2 377831 -0.00334587321 0.5 p-1 -1759363 795
207 98 m2 380391 -0.00911491644 0.5 p-1 -558681 127
86 100 m2 383324 -0.00794204231 0.5 p-1 -1805465 621
74 101 m2 385248 -0.00277530216 0.5 p-1 -87156 94
227 102 m2 385431 -0.00215537404 0.5 p-1 -9119 3
273 103 m2 389525 -0.00334588834 0.5 p-1 -35850 5
296 104 m2 399535 -0.000220095084 0.5 p-1 -72945 2
20 105 m2 399771 -0.00981114805 0.5 p-1 -863716 1185
284 106 m2 403726 -0.00470152125 0.5 p-1 -8647 2
110 107 m2 407794 -0.000879035622 0.5 p-1 -471025 250
290 108 m2 410795 -0.000456432143 0.5 p-1 -5073 2
264 110 m2 416518 -0.00280939415 0.5 p-1 -179110 6
196 111 m2 419867 -0.0131861353 0.5 p-1 -55164 34
276 112 m2 422557 -0.038424816 0.5 p-1 -55909 7
57 114 m2 427072 -0.0055806688 0.5 p-1 -584180 308
21 115 m2 428755 -4.07709704e-05 0.5 p-1 -4176038 1519
280 118 m2 434137 -0.00320727611 0.5 p-1 -10630 11
168 119 m2 439668 -0.000364996318 0.5 p-1 -1942999 58
22 120 m2 441183 -0.000421424513 0.5 p-1 -1647931 1541
169 122 m2 441505 -0.015098541 0.5 p-1 -39517 8
267 124 m2 443654 -5.64147813e-05 0.5 p-1 -3342 8
88 126 m2 453893 -0.000356287987 0.5 p-1 -2984012 854
172 127 m2 456591 -0.0295293331 0.5 p-1 -815750 472
199 129 m2 461286 -0.014305965 0.5 p-1 -12137 6
247 130 m2 467207 -4.38002608e-05 0.5 p-1 -105862 15
300 134 m2 473154 -0.00101820857 0.5 p-1 -12662 1
258 135 m2 473884 -0.0128863342 0.5 p-1 -13820 12
75 137 m2 481764 -0.000607129652 0.5 p-1 -10022859 679
176 141 m2 497144 -0.004452297 0.5 p-1 -152519 36
228 144 m2 514225 -0.000109218759 0.5 p-1 -25762 4
256 145 m2 515232 -0.00524655636 0.5 p-1 -1221 1
23 146 m2 516779 -0.000158783689 0.5 p-1 -4970555 1142
24 147 m2 518080 -0.00035692635 0.5 p-1 -7823533 1633
177 148 m2 522536 -1.67541339e-06 0.5 p-1 -143627 29
76 150 m2 534973 -0.01026149 0.5 p-1 -1580339 415
269 152 m2 543431 -0.0064697261 0.5 p-1 -150654 10
137 153 m2 546286 -1.5009663e-05 0.5 p-1 -11349001 237
194 154 m2 546805 -3.58509993e-07 0.5 p-1 -69569 54
117 155 m2 547384 -3.55028824e-05 0.5 p-1 -8499 32
192 156 m2 548259 -0.0140319504 0.5 p-1 -328685 6
212 157 m2 549898 -0.000162076452 0.5 p-1 -133159 33
144 158 m2 551435 -0.000803822826 0.5 p-1 -532932 153
77 159 m2 561704 -0.0104260109 0.5 p-1 -1178978 42
181 160 m2 568493 -0.00111810374 0.5 p-1 -161830 122
124 161 m2 574120 -0.000321769359 0.5 p-1 -1453222 100
159 162 m2 576773 -0.00116277277 0.5 p-1 -717626 400
25 163 m2 583495 -0.0126133515 0.5 p-1 -4875153 905
208 164 m2 593929 -3.09516366e-07 0.5 p-1 -3146937 118
148 166 m2 597683 -0.00817408599 0.5 p-1 -2274770 200
294 167 m2 598633 -1.72276771e-06 0.5 p-1 -220674 1
26 168 m2 599241 -2.68532058e-05 0.5 p-1 -5997133 809
218 169 m2 602092 -0.00313061243 0.5 p-1 -468245 61
27 170 m2 602586 -0.00739395432 0.5 p-1 -822646 408
28 171 m2 605987 -0.00314184348 0.5 p-1 -3074296 852
79 172 m2 609232 -0.0387260206 0.5 p-1 -950634 117
30 173 m2 614579 -4.15332543e-05 0.5 p-1 -2562000 1903
112 174 m2 616974 -0.0338809565 0.5 p-1 -150358 61
295 175 m2 617493 -8.15663148e-10 0.5 p-1 -103377 2
281 176 m2 618010 -0.0206666794 0.5 p-1 -435826 11
125 177 m2 619175 -0.00998421758 0.5 p-1 -372525 240
214 178 m2 627846 -0.00035045165 0.5 p-1 -94265 23
59 179 m2 628472 -1.03559205e-06 0.5 p-1 -6568440 425
80 182 m2 631795 -0.0276766177 0.5 p-1 -425844 105
203 183 m2 641157 -0.000453850866 0.5 p-1 -1568426 51
138 184 m2 646401 -2.51133588e-06 0.5 p-1 -122357 114
31 186 m2 654643 -0.00163796591 0.5 p-1 -6667951 1090
126 188 m2 657376 -0.00918995962 0.5 p-1 -251664 82
229 189 m2 670204 -0.0286339633 0.5 p-1 -56201 17
163 191 m2 672591 -0.00748723792 0.5 p-1 -272665 61
32 193 m2 676620 -0.012213924 0.5 p-1 -5752896 976
33 194 m2 678521 -0.0191249102 0.5 p-1 -4775135 166
162 196 m2 684793 -0.00366736832 0.5 p-1 -369627 109
135 197 m2 707560 -8.42116879e-06 0.5 p-1 -709663 327
61 198 m2 707572 -0.00224570208 0.5 p-1 -848312 378
235 200 m2 708246 -0.0106704151 0.5 p-1 -223573 25
178 201 m2 720452 -0.000200828566 0.5 p-1 -368163 111
244 202 m2 723054 -1.79408325e-05 0.5 p-1 -559303 67
127 203 m2 724802 -2.8249784e-05 0.5 p-1 -180081 192
240 204 m2 725024 -0.00560441799 0.5 p-1 -16543 14
149 205 m2 727257 -0.000156660666 0.5 p-1 -837772 158
62 206 m2 732004 -0.000428253232 0.5 p-1 -237433 77
35 207 m2 735632 -0.00223238836 0.5 p-1 -12896577 1468
99 208 m2 735679 -0.000664080435 0.5 p-1 -856971 248
271 209 m2 738984 -0.00632123929 0.5 p-1 -223 3
36 210 m2 740382 -0.0227164309 0.5 p-1 -5441852 1909
224 211 m2 744043 -0.0019133247 0.5 p-1 -9854 21
221 212 m2 748265 -0.00816754997 0.5 p-1 -43471 20
100 213 m2 748618 -0.00473759091 0.5 p-1 -2781833 316
37 214 m2 750107 -0.00107977877 0.5 p-1 -2201742 1014
101 215 m2 759791 -0.000496900757 0.5 p-1 -2328005 552
279 216 m2 762762 -0.0181647819 0.5 p-1 -62900 1
211 217 m2 765626 -1.62656252e-05 0.5 p-1 -1428508 51
118 221 m2 772872 -0.0170404594 0.5 p-1 -1800282 186
90 222 m2 778292 -0.00816320814 0.5 p-1 -237154 98
255 223 m2 782987 -0.0084320195 0.5 p-1 -52280 7
63 224 m2 790316 -0.000435334427 0.5 p-1 -963845 838
64 225 m2 792446 -0.00307976943 0.5 p-1 -3642919 1141
119 226 m2 794817 -0.00529503124 0.5 p-1 -215551 85
246 227 m2 796378 -7.78286121e-05 0.5 p-1 -65186 7
146 228 m2 797506 -0.000309090712 0.5 p-1 -440130 192
102 230 m2 798708 -0.00107720715 0.5 p-1 -3091014 408
65 231 m2 799496 -0.00918782689 0.5 p-1 -4374263 949
39 232 m2 803740 -0.00978168659 0.5 p-1 -3758530 101
303 233 m2 806539 -0.0160222743 0.5 p-1 -256817 1
120 235 m2 813330 -3.77394933e-08 0.5 p-1 -211537 100
150 236 m2 823903 -0.00445837248 0.5 p-1 -1675374 107
210 237 m2 831542 -0.00241104397 0.5 p-1 -827327 129
40 238 m2 837520 -0.0274343882 0.5 p-1 -6486641 1372
175 240 m2 840630 -0.0109181255 0.5 p-1 -31932 26
41 241 m2 841645 -7.26674261e-05 0.5 p-1 -3213178 1205
42 243 m2 846021 -1.81045809e-08 0.5 p-1 -391647 358
288 244 m2 847583 -0.00107225578 0.5 p-1 -102041 2
272 245 m2 853617 -1.46160306e-11 0.5 p-1 -19478 3
151 248 m2 854155 -0.00859897863 0.5 p-1 -343798 50
232 249 m2 854688 -0.00572087429 0.5 p-1 -28359 4
189 251 m2 856011 -0.000947779743 0.5 p-1 -69368 12
202 253 m2 858615 -0.00382782123 0.5 p-1 -56788 13
91 256 m2 867671 -0.00870218594 0.5 p-1 -9193941 127
251 257 m2 877265 -0.000432808243 0.5 p-1 -704123 21
128 258 m2 879102 -0.00487086317 0.5 p-1 -2698566 793
129 259 m2 879184 -0.0407457426 0.5 p-1 -112588 84
121 260 m2 884155 -0.00135928451 0.5 p-1 -1727260 338
215 261 m2 886464 -0.0707808658 0.5 p-1 -622324 80
266 262 m2 886621 -0.000280112872 0.5 p-1 -6110 7
171 263 m2 887824 -0.0290576126 0.5 p-1 -136584 59
257 264 m2 890690 -0.00197028951 0.5 p-1 -21330 5
216 266 m2 895876 -0.0220501572 0.5 p-1 -883597 21
197 267 m2 897426 -0.0200714413 0.5 p-1 -218782 95
152 268 m2 899825 -0.0186455082 0.5 p-1 -359597 234
45 269 m2 900641 -0.0567586906 0.5 p-1 -2285746 837
164 270 m2 902109 -0.00205965666 0.5 p-1 -865596 21
104 271 m2 907913 -0.00133091537 0.5 p-1 -777318 606
113 275 m2 917721 -0.0222473033 0.5 p-1 -165985 91
92 276 m2 919285 -0.00653648842 0.5 p-1 -660277 538
139 277 m2 922895 -3.18569801e-05 0.5 p-1 -995805 352
46 279 m2 927116 -0.0824819282 0.5 p-1 -1588458 411
140 280 m2 927677 -2.71250665e-05 0.5 p-1 -4920454 213
233 281 m2 941472 -0.00844884105 0.5 p-1 -321550 16
204 282 m2 960779 -0.0294002499 0.5 p-1 -1602898 148
153 283 m2 962365 -0.00229941402 0.5 p-1 -558329 172
195 284 m2 969634 -4.75663692e-05 0.5 p-1 -841246 83
82 285 m2 970921 -0.00251782732 0.5 p-1 -155875 72
161 286 m2 976321 -0.00757070538 0.5 p-1 -314110 205
154 287 m2 980846 -0.0101347361 0.5 p-1 -795705 212
160 288 m2 981164 -0.00750922598 0.5 p-1 -247126 137
66 289 m2 981352 -0.00920283515 0.5 p-1 -1943629 1912
220 291 m2 995110 -9.64383216e-05 0.5 p-1 -303163 49
263 299 m2 935310 -0.0118758399 0.5 p0 2 2
241 301 m2 368866 -9.77539239e-05 0.5 p0 2 3
239 308 m2 108216 -0.000276356237 0.5 p0 2 7
298 310 m2 906961 -0.0312693156 0.5 p0 2 2
223 321 m2 81032 -0.00181907869 0.5 p0 2 6
274 327 m2 976437 -0.00210344605 0.5 p0 2 2
286 333 m2 84080 -0.00010040131 0.5 p0 2 1
265 334 m2 337576 -0.00474627037 0.5 p0 2 3
289 336 m2 940085 -0.000833839644 0.5 p0 2 2
291 337 m2 555618 -0.023272343 0.5 p0 2 1
283 341 m2 160194 -0.000445368671 0.5 p0 2 1
275 345 m2 498337 -0.00788801257 0.5 p0 2 1
259 347 m2 239942 -1.99985043e-05 0.5 p0 2 4
0 348 m1 966 0 0.5 p-1 -5620549 1936
142 349 m1 1936 0 0.5 p-1 -2488059 493
254 350 m1 7038 0 0.5 p-1 -17957 10
237 351 m1 7512 0 0.5 p-1 -41041 49
174 352 m1 12999 0 0.5 p-1 -73184 55
122 354 m1 48819 0 0.5 p-1 -1395944 169
49 355 m1 56854 0 0.5 p-1 -1468017 531
242 357 m1 67286 0 0.5 p-1 -14706 13
209 358 m1 67822 0 0.5 p-1 -503590 94
205 359 m1 72558 0 0.5 p-1 -179053 22
106 361 m1 87414 0 0.5 p-1 -75626 104
236 362 m1 95934 0 0.5 p-1 -86174 16
292 363 m1 104365 0 0.5 p-1 -10767 2
70 364 m1 124341 0 0.5 p-1 -1714179 1174
248 366 m1 138621 0 0.5 p-1 -257921 40
179 367 m1 139804 0 0.5 p-1 -249004 95
51 373 m1 190730 0 0.5 p-1 -291462 296
6 374 m1 196053 0 0.5 p-1 -3387696 1846
167 375 m1 197000 0 0.5 p-1 -2270150 498
293 377 m1 217559 0 0.5 p-1 -8755 2
84 378 m1 224036 0 0.5 p-1 -7046401 320
7 379 m1 228161 0 0.5 p-1 -7583973 1173
8 380 m1 230122 0 0.5 p-1 -250657 78
9 381 m1 247079 0 0.5 p-1 -10949917 1709
115 382 m1 262201 0 0.5 p-1 -8240516 552
231 384 m1 299385 0 0.5 p-1 -135948 85
180 385 m1 332957 0 0.5 p-1 -73508 54
158 386 m1 338594 0 0.5 p-1 -81683 33
143 387 m1 339915 0 0.5 p-1 -122217 186
16 388 m1 343237 0 0.5 p-1 -8763724 1389
183 391 m1 347582 0 0.5 p-1 -134482 34
133 392 m1 372634 0 0.5 p-1 -2936999 213
243 393 m1 384398 0 0.5 p-1 -7365 7
19 394 m1 385740 0 0.5 p-1 -383835 119
213 395 m1 401977 0 0.5 p-1 -305042 58
136 396 m1 410719 0 0.5 p-1 -327550 181
297 397 m1 412138 0 0.5 p-1 -6450 1
98 399 m1 425833 0 0.5 p-1 -2602429 279
155 400 m1 426777 0 0.5 p-1 -229258 108
253 401 m1 431831 0 0.5 p-1 -74250 9
87 403 m1 435742 0 0.5 p-1 -9724325 364
116 404 m1 436659 0 0.5 p-1 -2055817 249
111 407 m1 464308 0 0.5 p-1 -3284889 199
301 409 m1 497868 0 0.5 p-1 -2798 1
268 410 m1 501443 0 0.5 p-1 -11589 3
262 411 m1 503834 0 0.5 p-1 -540 5
134 413 m1 508874 0 0.5 p-1 -947246 202
173 415 m1 540781 0 0.5 p-1 -3459758 93
304 416 m1 541055 0 0.5 p-1 -7267 1
188 417 m1 563055 0 0.5 p-1 -143420 36
89 418 m1 580344 0 0.5 p-1 -566308 244
78 419 m1 591373 0 0.5 p-1 -1205058 203
156 420 m1 596357 0 0.5 p-1 -982817 296
58 421 m1 599064 0 0.5 p-1 -524676 387
145 422 m1 599164 0 0.5 p-1 -513926 105
200 423 m1 599386 0 0.5 p-1 -11069 18
222 424 m1 603436 0 0.5 p-1 -511611 38
29 425 m1 611020 0 0.5 p-1 -221864 96
170 426 m1 618097 0 0.5 p-1 -53287 50
60 428 m1 681501 0 0.5 p-1 -699586 224
34 432 m1 719214 0 0.5 p-1 -1855563 820
38 434 m1 778993 0 0.5 p-1 -7733964 1226
201 436 m1 800593 0 0.5 p-1 -200 6
278 439 m1 836487 0 0.5 p-1 -12481 7
103 441 m1 854390 0 0.5 p-1 -54346 33
43 442 m1 855823 0 0.5 p-1 -3707116 1038
44 444 m1 882759 0 0.5 p-1 -11117448 1382
184 445 m1 883773 0 0.5 p-1 -92290 115
147 446 m1 893419 0 0.5 p-1 -337485 96
277 447 m1 896226 0 0.5 p-1 -30813 1
47 450 m1 944763 0 0.5 p-1 -6555081 1715
141 451 m1 955223 0 0.5 p-1 -3397902 165
81 452 m1 958095 0 0.5 p-1 -1281634 204
105 453 m1 989172 0 0.5 p-1 -121421 90
Individuals:
