Mutations:
43 0 m2 1231 -0.00080172898 0.5 p-1 -7645466 1459
44 1 m2 3175 -0.0148668271 0.5 p-1 -1214930 994
0 2 m2 8961 -7.37684168e-05 0.5 p-1 -1951837 1203
1 3 m2 10089 -2.4919631e-05 0.5 p-1 -4794337 968
195 4 m2 11808 -1.27802823e-05 0.5 p-1 -613610 18
73 6 m2 14084 -0.00248933421 0.5 p-1 -263978 261
2 7 m2 19688 -0.00944394246 0.5 p-1 -4600892 1843
167 8 m2 24497 -0.000130752596 0.5 p-1 -184253 16
214 9 m2 25267 -0.0188488718 0.5 p-1 -7639 1
103 10 m2 34500 -0.0241124891 0.5 p-1 -235014 130
184 12 m2 48140 -0.0047394447 0.5 p-1 -398981 100
104 14 m2 60013 -0.132834598 0.5 p-1 -1830123 237
142 15 m2 60362 -0.00320520392 0.5 p-1 -25488 11
4 16 m2 62904 -0.000243768853 0.5 p-1 -5892079 1912
178 17 m2 68667 -0.0116940103 0.5 p-1 -35721 70
175 18 m2 71912 -4.07834023e-06 0.5 p-1 -63906 17
59 19 m2 79140 -0.00460541435 0.5 p-1 -2153139 405
74 20 m2 79863 -0.00197226251 0.5 p-1 -793918 266
60 21 m2 89770 -0.00231631682 0.5 p-1 -6703037 128
122 24 m2 103434 -3.07754308e-05 0.5 p-1 -5212896 356
160 26 m2 112476 -1.87674541e-05 0.5 p-1 -8277929 3
45 27 m2 116362 -0.0755829588 0.5 p-1 -1648693 779
97 28 m2 118289 -0.00385948573 0.5 p-1 -4115779 907
200 29 m2 119316 -0.000200187293 0.5 p-1 -24577 11
261 31 m2 134912 -0.00161913899 0.5 p-1 -2105 1
237 32 m2 138896 -0.0317417979 0.5 p-1 -138221 4
267 33 m2 154373 -0.00249115587 0.5 p-1 -3517 4
232 36 m2 160869 -0.00572789786 0.5 p-1 -84204 26
223 37 m2 165958 -0.0404112116 0.5 p-1 -5857 9
5 39 m2 176281 -0.00240853522 0.5 p-1 -2039494 697
189 40 m2 184367 -0.00845448021 0.5 p-1 -238403 15
61 41 m2 188615 -0.013154177 0.5 p-1 -314722 353
236 42 m2 207142 -0.000537022832 0.5 p-1 -29624 7
161 43 m2 213671 -0.00488863653 0.5 p-1 -132681 52
302 44 m2 214776 -0.00444340101 0.5 p-1 -985 1
271 45 m2 214928 -0.00155167736 0.5 p-1 -29125 3
151 46 m2 216559 -0.00452958466 0.5 p-1 -73680 29
243 48 m2 225088 -0.0640553012 0.5 p-1 -115 3
186 49 m2 229301 -0.000128364598 0.5 p-1 -61065 14
310 50 m2 244859 -0.000293761725 0.5 p-1 -4351 1
130 51 m2 251557 -0.00892417133 0.5 p-1 -1087270 186
62 52 m2 251725 -0.00664976332 0.5 p-1 -4705947 878
165 55 m2 262163 -0.0064827092 0.5 p-1 -19464 24
6 56 m2 262521 -1.11346199e-09 0.5 p-1 -707143 286
155 59 m2 267651 -0.0162247028 0.5 p-1 -352555 80
216 61 m2 276516 -0.00622100616 0.5 p-1 -236841 19
7 63 m2 279766 -0.000441381766 0.5 p-1 -775010 604
176 64 m2 292709 -0.00147994992 0.5 p-1 -2419734 59
90 66 m2 298727 -0.00208796421 0.5 p-1 -670846 189
8 67 m2 301747 -0.00294766156 0.5 p-1 -2700600 1536
152 68 m2 302879 -0.000287182571 0.5 p-1 -80104 150
173 69 m2 305043 -0.00801861659 0.5 p-1 -289741 41
143 71 m2 314691 -0.000269928656 0.5 p-1 -48272 25
9 72 m2 315503 -0.000693023379 0.5 p-1 -4444904 295
91 73 m2 316176 -0.00198813621 0.5 p-1 -954116 305
10 74 m2 316906 -1.74336346e-05 0.5 p-1 -1033517 194
48 75 m2 317166 -0.00101102761 0.5 p-1 -4385029 1450
63 76 m2 317366 -0.0155752646 0.5 p-1 -588191 110
298 77 m2 318466 -0.000144946142 0.5 p-1 -4199 3
166 78 m2 323333 -0.000133807014 0.5 p-1 -228177 47
198 79 m2 324055 -0.0258740243 0.5 p-1 -98144 18
105 80 m2 325745 -0.000327431335 0.5 p-1 -296458 20
64 81 m2 331445 -0.00947157759 0.5 p-1 -1271778 466
272 82 m2 331810 -1.41491082e-05 0.5 p-1 -7618 1
213 84 m2 335142 -0.000756009656 0.5 p-1 -279581 14
139 85 m2 339122 -0.00112968031 0.5 p-1 -708600 436
158 86 m2 340689 -1.40473694e-05 0.5 p-1 -17599 19
12 87 m2 343196 -0.00255585299 0.5 p-1 -191277 71
159 88 m2 344144 -0.00128823158 0.5 p-1 -23647 13
13 89 m2 346140 -0.00029374435 0.5 p-1 -344953 246
15 90 m2 353029 -0.0208291709 0.5 p-1 -2989572 1971
196 92 m2 358283 -0.00041189816 0.5 p-1 -12225 7
119 93 m2 361375 -0.00745160319 0.5 p-1 -268271 141
98 94 m2 363965 -0.00113458862 0.5 p-1 -5127309 4
234 95 m2 364124 -0.0196263809 0.5 p-1 -34325 9
211 96 m2 371880 -0.0012454621 0.5 p-1 -37218 6
16 97 m2 380015 -0.000712774927 0.5 p-1 -560686 366
75 98 m2 382997 -0.00743887294 0.5 p-1 -5327129 442
136 99 m2 389870 -0.0115532726 0.5 p-1 -140935 49
124 100 m2 392734 -6.70690497e-05 0.5 p-1 -3120220 335
76 102 m2 398468 -0.00267570745 0.5 p-1 -3315971 415
269 103 m2 403454 -0.00532808155 0.5 p-1 -37104 8
197 104 m2 403780 -6.36830737e-05 0.5 p-1 -30759 16
65 105 m2 408748 -0.0134795206 0.5 p-1 -524905 284
113 108 m2 410981 -0.00362602295 0.5 p-1 -305254 61
18 109 m2 418279 -2.34172276e-07 0.5 p-1 -2145648 989
49 110 m2 420774 -6.58647477e-05 0.5 p-1 -222182 254
205 111 m2 422701 -0.00286685419 0.5 p-1 -10120 8
81 112 m2 425137 -1.67564838e-06 0.5 p-1 -1045169 104
245 113 m2 427793 -0.0471000448 0.5 p-1 -7558 1
224 114 m2 428205 -0.000630817143 0.5 p-1 -1375 8
20 115 m2 435577 -0.0109603042 0.5 p-1 -8274047 1985
21 116 m2 443441 -0.00133170863 0.5 p-1 -1145925 339
154 117 m2 453609 -0.0101756779 0.5 p-1 -25205 37
82 118 m2 459911 -0.00120039377 0.5 p-1 -2910997 1067
204 121 m2 469087 -0.00658264803 0.5 p-1 -111617 29
203 122 m2 469391 -0.0253741685 0.5 p-1 -16274 28
171 123 m2 469787 -0.014729741 0.5 p-1 -38068 14
218 124 m2 470271 -0.0132572558 0.5 p-1 -1271 4
131 125 m2 470430 -0.000782476156 0.5 p-1 -389120 96
23 126 m2 476509 -0.0372714512 0.5 p-1 -4228614 1103
50 127 m2 484732 -0.121992543 0.5 p-1 -461403 363
24 129 m2 485511 -0.0229887161 0.5 p-1 -3431673 1960
93 130 m2 487768 -0.00994762033 0.5 p-1 -217951 153
140 131 m2 495006 -0.00936124846 0.5 p-1 -165162 67
282 133 m2 508898 -0.00484401034 0.5 p-1 -982 1
300 134 m2 510649 -0.00606248155 0.5 p-1 -10567 5
51 136 m2 521143 -0.0420481339 0.5 p-1 -4361471 467
177 137 m2 522624 -0.0811717361 0.5 p-1 -34898 7
25 138 m2 523844 -0.00100599614 0.5 p-1 -2708401 1361
99 139 m2 523901 -4.40707436e-06 0.5 p-1 -1201152 1066
169 140 m2 527159 -0.00126458553 0.5 p-1 -27407 14
128 141 m2 534084 -0.000564648537 0.5 p-1 -23820 30
107 142 m2 536768 -0.0137637947 0.5 p-1 -488210 35
225 144 m2 551086 -5.94153535e-05 0.5 p-1 -107066 14
144 147 m2 568007 -0.00943254493 0.5 p-1 -227305 69
83 148 m2 570078 -0.00617748452 0.5 p-1 -1000334 302
28 150 m2 577675 -0.00632537249 0.5 p-1 -7293467 362
182 151 m2 578807 -0.0605977699 0.5 p-1 -3599794 40
290 152 m2 585047 -0.00033918058 0.5 p-1 -17351 4
111 153 m2 590599 -0.00253749778 0.5 p-1 -18389 16
29 154 m2 594034 -0.0272596721 0.5 p-1 -5790507 1155
52 155 m2 594308 -0.0174575318 0.5 p-1 -1771925 987
260 156 m2 598152 -0.00111067109 0.5 p-1 -32966 3
84 157 m2 602177 -0.0202868786 0.5 p-1 -294624 289
228 158 m2 605448 -0.0518630035 0.5 p-1 -17311 10
145 159 m2 608072 -0.00410630461 0.5 p-1 -126922 13
157 160 m2 610681 -0.00116612553 0.5 p-1 -705900 34
255 162 m2 624661 -0.0156570021 0.5 p-1 -9433 3
30 163 m2 629399 -0.000889164919 0.5 p-1 -5560897 597
266 165 m2 632618 -0.000803245697 0.5 p-1 -2428 3
242 166 m2 633209 -0.00919276942 0.5 p-1 -318540 13
172 168 m2 638688 -0.00064148003 0.5 p-1 -64159 133
231 169 m2 639663 -0.000166122234 0.5 p-1 -194989 4
31 170 m2 647860 -0.00135216571 0.5 p-1 -5409471 1868
258 171 m2 648197 -0.0131080169 0.5 p-1 -4880 2
127 173 m2 649855 -4.28618796e-06 0.5 p-1 -101374 19
114 174 m2 651760 -0.00224380218 0.5 p-1 -2416069 161
32 175 m2 653201 -0.0334673673 0.5 p-1 -3914361 873
33 176 m2 668144 -0.0116785169 0.5 p-1 -1551525 890
206 179 m2 679145 -1.47776857e-08 0.5 p-1 -23393 12
34 180 m2 681439 -0.00615669927 0.5 p-1 -1828518 1998
85 181 m2 683186 -4.01723355e-06 0.5 p-1 -5976789 152
117 182 m2 685652 -0.000282613066 0.5 p-1 -732976 109
132 183 m2 689325 -3.94434646e-05 0.5 p-1 -899619 172
179 184 m2 694315 -0.012321867 0.5 p-1 -45326 35
35 185 m2 703694 -0.0229058284 0.5 p-1 -817230 386
79 186 m2 704651 -0.00048502846 0.5 p-1 -2505901 524
118 187 m2 707851 -0.00486115366 0.5 p-1 -1904329 439
188 188 m2 710107 -0.0119945975 0.5 p-1 -4029 3
201 189 m2 712137 -0.00834114105 0.5 p-1 -199915 7
147 190 m2 712250 -0.00593736069 0.5 p-1 -28776 16
115 191 m2 718437 -0.00159772276 0.5 p-1 -151636 69
36 192 m2 718644 -0.000761255214 0.5 p-1 -195314 137
94 194 m2 751107 -0.00866438169 0.5 p-1 -345843 162
95 195 m2 752782 -0.00130927493 0.5 p-1 -303359 191
193 196 m2 759767 -0.016184248 0.5 p-1 -4935 3
174 197 m2 759881 -0.00914826337 0.5 p-1 -413700 133
123 199 m2 773199 -0.0220429935 0.5 p-1 -957400 157
68 200 m2 773498 -0.0138456021 0.5 p-1 -289513 280
53 201 m2 785428 -0.000780942675 0.5 p-1 -1842829 1085
194 202 m2 785772 -1.95319062e-05 0.5 p-1 -353 2
86 203 m2 788296 -0.000188388818 0.5 p-1 -995901 153
148 204 m2 788822 -0.00121564791 0.5 p-1 -208023 100
87 205 m2 789295 -0.0126096345 0.5 p-1 -221755 105
133 206 m2 792020 -0.00748058083 0.5 p-1 -50815 26
54 207 m2 798158 -0.0145086236 0.5 p-1 -11463924 324
38 208 m2 799415 -0.000773972948 0.5 p-1 -2498066 1329
149 209 m2 801281 -0.000798758119 0.5 p-1 -50764 12
108 210 m2 801928 -0.00214487803 0.5 p-1 -1409166 350
39 212 m2 808490 -1.5967079e-07 0.5 p-1 -1824368 472
80 213 m2 809817 -0.0083765192 0.5 p-1 -807089 170
55 214 m2 810926 -0.00780294742 0.5 p-1 -1452237 368
69 215 m2 810975 -2.93583253e-05 0.5 p-1 -61089 82
249 217 m2 815206 -0.0153097259 0.5 p-1 -7915 4
40 218 m2 815885 -0.0291205272 0.5 p-1 -9698714 1131
306 220 m2 820807 -0.0381030776 0.5 p-1 -9922 1
70 221 m2 824595 -0.000272970821 0.5 p-1 -1082739 864
286 222 m2 839074 -0.00900359638 0.5 p-1 -10511 2
239 223 m2 841944 -0.00163522421 0.5 p-1 -2355 1
56 224 m2 850814 -0.0256395899 0.5 p-1 -1305357 1304
220 225 m2 854990 -0.00183345063 0.5 p-1 -33878 15
227 226 m2 861350 -0.00317994924 0.5 p-1 -174937 31
112 227 m2 870091 -0.000725123915 0.5 p-1 -307834 28
301 228 m2 878630 -1.07939322e-05 0.5 p-1 -38603 2
276 229 m2 887736 -7.64440992e-05 0.5 p-1 -5576 4
299 230 m2 895705 -0.0018519311 0.5 p-1 -9603 3
71 231 m2 896357 -0.0239208341 0.5 p-1 -1938196 390
209 232 m2 898981 -0.0275425259 0.5 p-1 -27889 6
57 233 m2 902849 -1.47731407e-06 0.5 p-1 -2105904 1090
116 234 m2 908467 -0.0673262551 0.5 p-1 -144834 33
250 237 m2 915536 -0.0010019138 0.5 p-1 -9320 2
88 238 m2 918893 -8.08182358e-06 0.5 p-1 -3955777 739
309 240 m2 923343 -0.00456575071 0.5 p-1 -397 1
170 242 m2 932234 -2.35157017e-06 0.5 p-1 -63198 28
278 243 m2 935282 -0.0325468592 0.5 p-1 -7375 1
58 244 m2 941069 -0.00761090824 0.5 p-1 -1845652 284
138 245 m2 947828 -0.0455232635 0.5 p-1 -17709 11
279 246 m2 950619 -0.00319999177 0.5 p-1 -16802 5
202 247 m2 953249 -1.62115384e-06 0.5 p-1 -25763 19
273 248 m2 957412 -0.0028325317 0.5 p-1 -39671 4
96 249 m2 958602 -0.000479366397 0.5 p-1 -137971 171
240 250 m2 961558 -0.0281888731 0.5 p-1 -15033 8
134 251 m2 965484 -0.00159551541 0.5 p-1 -737659 42
181 253 m2 971463 -0.000734146044 0.5 p-1 -78719 38
135 254 m2 975580 -3.58453963e-06 0.5 p-1 -208714 77
141 255 m2 987025 -0.0407646745 0.5 p-1 -212065 19
163 256 m2 987260 -0.00225311029 0.5 p-1 -124545 69
207 257 m2 994287 -0.000821921567 0.5 p-1 -13364 16
106 259 m2 328978 -0.0202935971 0.5 p0 2 3
251 260 m2 313203 -0.000421840523 0.5 p0 2 2
293 263 m2 218287 -0.000996529474 0.5 p0 2 1
262 264 m2 300724 -6.80028779e-06 0.5 p0 2 3
257 266 m2 360039 -0.00262433919 0.5 p0 2 2
252 267 m2 56749 -0.000387499982 0.5 p0 2 1
264 270 m2 383125 -6.44937827e-05 0.5 p0 2 2
238 271 m2 743853 -6.03589842e-06 0.5 p0 2 1
247 272 m2 249999 -0.0259753484 0.5 p0 2 2
241 274 m2 395316 -0.0165097918 0.5 p0 2 1
217 275 m2 320961 -0.000327110145 0.5 p0 2 1
168 276 m2 906254 -0.0102806147 0.5 p0 2 1
297 277 m2 6669 -0.00195120112 0.5 p0 2 1
303 278 m2 226333 -0.00460074097 0.5 p0 2 1
284 279 m2 481984 -0.0256004296 0.5 p0 2 2
263 281 m2 436002 -0.0615603961 0.5 p0 2 1
222 282 m2 457692 -0.00501698302 0.5 p0 2 1
274 283 m2 640098 -0.0132629192 0.5 p0 2 2
291 284 m2 362111 -0.0186116993 0.5 p0 2 2
295 285 m2 993470 -0.0029851296 0.5 p0 2 1
294 286 m2 18449 -0.00050625432 0.5 p0 2 1
280 287 m2 672238 -0.00215210672 0.5 p0 2 1
244 288 m2 532599 -0.00259954832 0.5 p0 2 2
285 289 m2 112693 -0.00151419558 0.5 p0 2 1
254 290 m2 576656 -0.0359075516 0.5 p0 2 3
287 291 m2 296228 -0.0080305906 0.5 p0 2 2
292 294 m2 341964 -0.000124308397 0.5 p0 2 3
308 295 m2 44438 -1.7006043e-05 0.5 p0 2 1
246 296 m2 925752 -5.34768842e-05 0.5 p0 2 2
226 297 m2 778473 -0.0113776177 0.5 p0 2 3
256 300 m2 405246 -5.40345081e-06 0.5 p0 2 1
275 302 m2 293203 -7.93698916e-07 0.5 p0 2 1
296 304 m2 155970 -7.46184887e-05 0.5 p0 2 2
311 306 m2 424135 -0.00100769615 0.5 p0 2 1
304 307 m2 710060 -0.000199299335 0.5 p0 2 1
283 310 m2 458505 -0.00678623794 0.5 p0 2 2
268 311 m2 618794 -0.00866353046 0.5 p0 2 2
102 312 m1 632 0 0.5 p-1 -3558721 632
229 315 m1 19496 0 0.5 p-1 -8214 2
3 316 m1 21084 0 0.5 p-1 -10098016 1945
233 318 m1 97612 0 0.5 p-1 -65794 13
192 319 m1 111569 0 0.5 p-1 -32084 17
277 320 m1 124205 0 0.5 p-1 -21866 3
153 322 m1 137396 0 0.5 p-1 -257323 119
208 324 m1 187799 0 0.5 p-1 -17054 3
281 326 m1 200629 0 0.5 p-1 -322 2
46 327 m1 218281 0 0.5 p-1 -4692176 1677
164 328 m1 222540 0 0.5 p-1 -714297 66
89 329 m1 229906 0 0.5 p-1 -4359635 276
47 330 m1 230467 0 0.5 p-1 -1739072 820
307 331 m1 242369 0 0.5 p-1 -662 1
265 332 m1 253785 0 0.5 p-1 -148129 2
288 333 m1 272740 0 0.5 p-1 -618 3
11 336 m1 337284 0 0.5 p-1 -2489836 849
92 337 m1 348392 0 0.5 p-1 -230505 200
14 338 m1 351916 0 0.5 p-1 -1546318 638
110 339 m1 360936 0 0.5 p-1 -35271 24
120 340 m1 362671 0 0.5 p-1 -498809 148
212 341 m1 384295 0 0.5 p-1 -15836 6
156 342 m1 391918 0 0.5 p-1 -172584 48
17 343 m1 402253 0 0.5 p-1 -14414488 1243
19 345 m1 432730 0 0.5 p-1 -574110 369
66 346 m1 452140 0 0.5 p-1 -3673662 64
77 347 m1 455823 0 0.5 p-1 -1999114 346
121 348 m1 459694 0 0.5 p-1 -1462404 519
185 349 m1 460088 0 0.5 p-1 -15255 10
67 350 m1 460737 0 0.5 p-1 -316849 292
22 351 m1 462595 0 0.5 p-1 -3625836 1439
259 353 m1 469764 0 0.5 p-1 -10180 2
129 355 m1 494651 0 0.5 p-1 -905758 118
215 356 m1 503477 0 0.5 p-1 -19559 5
190 357 m1 517187 0 0.5 p-1 -32413 28
26 358 m1 526437 0 0.5 p-1 -10080710 756
230 361 m1 547791 0 0.5 p-1 -24100 15
27 362 m1 553456 0 0.5 p-1 -1404416 383
187 363 m1 575321 0 0.5 p-1 -48837 57
219 364 m1 588128 0 0.5 p-1 -102655 16
78 365 m1 591069 0 0.5 p-1 -1227909 214
253 366 m1 594548 0 0.5 p-1 -49584 6
180 367 m1 608059 0 0.5 p-1 -30599 4
289 368 m1 608068 0 0.5 p-1 -1281 1
235 369 m1 624720 0 0.5 p-1 -69472 15
125 372 m1 647948 0 0.5 p-1 -3335238 285
137 373 m1 690100 0 0.5 p-1 -3988591 184
146 374 m1 704594 0 0.5 p-1 -269447 16
37 376 m1 745377 0 0.5 p-1 -2006200 252
100 377 m1 782496 0 0.5 p-1 -521223 231
248 379 m1 802376 0 0.5 p-1 -105768 14
210 380 m1 808927 0 0.5 p-1 -155526 40
126 381 m1 813261 0 0.5 p-1 -28666 19
305 382 m1 842801 0 0.5 p-1 -9077 2
109 383 m1 849537 0 0.5 p-1 -95569 26
191 384 m1 851205 0 0.5 p-1 -216786 13
162 386 m1 854562 0 0.5 p-1 -57890 25
41 388 m1 889132 0 0.5 p-1 -2518753 793
42 389 m1 919912 0 0.5 p-1 -1365202 568
72 390 m1 921996 0 0.5 p-1 -973328 608
101 392 m1 941261 0 0.5 p-1 -736858 45
199 393 m1 941626 0 0.5 p-1 -115109 13
150 394 m1 943045 0 0.5 p-1 -212978 32
183 395 m1 958447 0 0.5 p-1 -59315 17
221 396 m1 976001 0 0.5 p-1 -89773 19
270 397 m1 978124 0 0.5 p-1 -656 2
Individuals:
