Mutations:
65 1 m2 16554 -0.00313826581 0.5 p-1 -1313535 686
144 3 m2 19847 -0.0108166905 0.5 p-1 -717724 274
96 4 m2 20730 -0.0238812771 0.5 p-1 -2271922 311
237 5 m2 26405 -0.00454898644 0.5 p-1 -32639 18
254 6 m2 33189 -4.30005429e-07 0.5 p-1 -296377 40
1 8 m2 41179 -0.00100680941 0.5 p-1 -391442 288
252 10 m2 45572 -0.0127473045 0.5 p-1 -161885 9
298 12 m2 49091 -5.66231211e-06 0.5 p-1 -1919 1
240 14 m2 60434 -0.00121575303 0.5 p-1 -184725 36
217 15 m2 63501 -4.19048229e-05 0.5 p-1 -50940 41
42 16 m2 73395 -0.00260783895 0.5 p-1 -2240757 1114
2 17 m2 73418 -0.0114805996 0.5 p-1 -2879818 733
3 20 m2 78780 -0.0197269693 0.5 p-1 -7881331 485
170 21 m2 87571 -0.00211810996 0.5 p-1 -436958 42
270 22 m2 88990 -0.0424577594 0.5 p-1 -5736 2
43 23 m2 89731 -0.00297558797 0.5 p-1 -512186 438
111 24 m2 92431 -0.00103566167 0.5 p-1 -5435484 440
167 25 m2 93462 -0.0301100034 0.5 p-1 -54958 16
66 27 m2 108493 -0.0255723726 0.5 p-1 -3581672 303
112 29 m2 110611 -0.0105602136 0.5 p-1 -527177 250
150 30 m2 112709 -0.0430609696 0.5 p-1 -3078411 485
275 31 m2 114272 -0.0116069289 0.5 p-1 -17389 5
225 33 m2 131486 -0.0358099155 0.5 p-1 -693172 94
229 34 m2 133119 -1.37915622e-05 0.5 p-1 -511751 30
44 35 m2 133407 -0.00558173098 0.5 p-1 -7397563 1493
159 36 m2 139767 -0.000111773108 0.5 p-1 -3624043 62
221 39 m2 146452 -0.00733464165 0.5 p-1 -830936 14
145 40 m2 146548 -1.70340518e-05 0.5 p-1 -799948 246
302 41 m2 146747 -0.0112787588 0.5 p-1 -36579 4
265 42 m2 155035 -4.61927073e-07 0.5 p-1 -99726 5
306 44 m2 164567 -0.00557445409 0.5 p-1 -5331 1
260 45 m2 169604 -3.24031644e-05 0.5 p-1 -4506 3
67 46 m2 170759 -1.53031121e-09 0.5 p-1 -1306369 375
129 49 m2 184404 -0.0124820285 0.5 p-1 -5147734 103
219 50 m2 185645 -0.00494311471 0.5 p-1 -459992 20
223 51 m2 186234 -1.32128353e-05 0.5 p-1 -136587 5
85 52 m2 192218 -0.000278888299 0.5 p-1 -3740197 1050
205 53 m2 205200 -0.000226225253 0.5 p-1 -159872 47
152 54 m2 209825 -0.00638206117 0.5 p-1 -1476563 333
124 55 m2 212738 -3.24607099e-05 0.5 p-1 -886641 58
6 59 m2 221911 -0.059087906 0.5 p-1 -2153875 959
141 60 m2 223157 -0.0210617427 0.5 p-1 -404092 254
211 61 m2 232665 -0.000189518905 0.5 p-1 -121387 61
8 63 m2 267270 -0.000152234905 0.5 p-1 -3116606 980
45 64 m2 274859 -0.00287505635 0.5 p-1 -1045108 169
9 65 m2 275275 -0.000285964168 0.5 p-1 -1372769 953
46 66 m2 279904 -0.00285008689 0.5 p-1 -4270426 722
10 67 m2 283514 -0.0375057086 0.5 p-1 -465219 463
185 68 m2 284598 -0.0453892723 0.5 p-1 -63220 16
47 69 m2 284703 -0.0023969966 0.5 p-1 -38803 19
113 70 m2 290972 -9.69056657e-08 0.5 p-1 -126779 18
121 71 m2 295560 -6.03207839e-09 0.5 p-1 -345893 66
203 72 m2 297265 -0.00262585096 0.5 p-1 -154925 25
191 74 m2 298864 -0.0116248317 0.5 p-1 -100785 65
11 75 m2 308581 -3.26737936e-05 0.5 p-1 -3526374 1855
87 76 m2 309020 -3.7939426e-06 0.5 p-1 -3808227 862
236 77 m2 316684 -0.00242034369 0.5 p-1 -223510 134
310 79 m2 321014 -0.0298515093 0.5 p-1 -1151 1
293 80 m2 326770 -5.49988499e-07 0.5 p-1 -16870 3
130 81 m2 327310 -0.054058671 0.5 p-1 -19789856 620
273 82 m2 332030 -0.000173198699 0.5 p-1 -17406 22
261 83 m2 335455 -2.13396197e-06 0.5 p-1 -25567 14
244 85 m2 344138 -7.70208717e-05 0.5 p-1 -1453 6
98 87 m2 347139 -0.0147207901 0.5 p-1 -1049591 455
171 88 m2 362138 -0.00932966452 0.5 p-1 -53472 30
248 89 m2 362593 -0.000935114687 0.5 p-1 -86989 14
13 91 m2 371952 -0.000385965395 0.5 p-1 -3037302 1756
137 93 m2 373780 -0.000516252127 0.5 p-1 -169707 239
281 94 m2 375787 -0.00656421063 0.5 p-1 -55232 2
88 95 m2 376171 -0.00595017755 0.5 p-1 -795201 182
48 96 m2 377060 -1.75139905e-06 0.5 p-1 -2716187 1050
70 97 m2 377831 -0.00334587321 0.5 p-1 -1759363 780
122 98 m2 380391 -0.00911491644 0.5 p-1 -558681 118
125 100 m2 383324 -0.00794204231 0.5 p-1 -1805465 674
196 101 m2 385248 -0.00277530216 0.5 p-1 -87156 72
269 102 m2 385431 -0.00215537404 0.5 p-1 -9119 8
209 103 m2 389525 -0.00334588834 0.5 p-1 -35850 17
290 104 m2 399535 -0.000220095084 0.5 p-1 -72945 3
89 105 m2 399771 -0.00981114805 0.5 p-1 -863716 1246
164 106 m2 403726 -0.00470152125 0.5 p-1 -8647 8
100 107 m2 407794 -0.000879035622 0.5 p-1 -471025 370
131 110 m2 416518 -0.00280939415 0.5 p-1 -179110 39
238 111 m2 419867 -0.0131861353 0.5 p-1 -55164 33
294 112 m2 422557 -0.038424816 0.5 p-1 -55909 4
157 114 m2 427072 -0.0055806688 0.5 p-1 -584180 316
15 115 m2 428755 -4.07709704e-05 0.5 p-1 -4176038 1421
199 118 m2 434137 -0.00320727611 0.5 p-1 -10630 43
49 119 m2 439668 -0.000364996318 0.5 p-1 -1942999 51
16 120 m2 441183 -0.000421424513 0.5 p-1 -1647931 1532
284 121 m2 441417 -0.00145345263 0.5 p-1 -48209 4
286 122 m2 441505 -0.015098541 0.5 p-1 -39517 3
285 125 m2 448043 -0.00165496441 0.5 p-1 -19444 4
72 126 m2 453893 -0.000356287987 0.5 p-1 -2984012 950
90 127 m2 456591 -0.0295293331 0.5 p-1 -815750 541
195 129 m2 461286 -0.014305965 0.5 p-1 -12137 9
115 130 m2 467207 -4.38002608e-05 0.5 p-1 -105862 3
245 134 m2 473154 -0.00101820857 0.5 p-1 -12662 8
264 135 m2 473884 -0.0128863342 0.5 p-1 -13820 10
50 137 m2 481764 -0.000607129652 0.5 p-1 -10022859 627
197 141 m2 497144 -0.004452297 0.5 p-1 -152519 59
192 144 m2 514225 -0.000109218759 0.5 p-1 -25762 5
17 146 m2 516779 -0.000158783689 0.5 p-1 -4970555 1069
51 147 m2 518080 -0.00035692635 0.5 p-1 -7823533 1615
212 148 m2 522536 -1.67541339e-06 0.5 p-1 -143627 42
116 150 m2 534973 -0.01026149 0.5 p-1 -1580339 444
278 151 m2 537335 -0.0356577188 0.5 p-1 -12462 3
188 152 m2 543431 -0.0064697261 0.5 p-1 -150654 20
92 153 m2 546286 -1.5009663e-05 0.5 p-1 -11349001 135
241 154 m2 546805 -3.58509993e-07 0.5 p-1 -69569 23
73 156 m2 548259 -0.0140319504 0.5 p-1 -328685 15
193 157 m2 549898 -0.000162076452 0.5 p-1 -133159 27
126 158 m2 551435 -0.000803822826 0.5 p-1 -532932 166
183 159 m2 561704 -0.0104260109 0.5 p-1 -1178978 68
180 160 m2 568493 -0.00111810374 0.5 p-1 -161830 94
181 161 m2 574120 -0.000321769359 0.5 p-1 -1453222 110
18 162 m2 576773 -0.00116277277 0.5 p-1 -717626 419
52 163 m2 583495 -0.0126133515 0.5 p-1 -4875153 870
138 164 m2 593929 -3.09516366e-07 0.5 p-1 -3146937 142
74 166 m2 597683 -0.00817408599 0.5 p-1 -2274770 201
303 167 m2 598633 -1.72276771e-06 0.5 p-1 -220674 1
75 168 m2 599241 -2.68532058e-05 0.5 p-1 -5997133 899
194 169 m2 602092 -0.00313061243 0.5 p-1 -468245 78
53 170 m2 602586 -0.00739395432 0.5 p-1 -822646 383
23 171 m2 605987 -0.00314184348 0.5 p-1 -3074296 943
103 172 m2 609232 -0.0387260206 0.5 p-1 -950634 152
24 173 m2 614579 -4.15332543e-05 0.5 p-1 -2562000 1877
198 174 m2 616974 -0.0338809565 0.5 p-1 -150358 23
292 175 m2 617493 -8.15663148e-10 0.5 p-1 -103377 2
279 176 m2 618010 -0.0206666794 0.5 p-1 -435826 10
153 177 m2 619175 -0.00998421758 0.5 p-1 -372525 334
249 178 m2 627846 -0.00035045165 0.5 p-1 -94265 11
158 179 m2 628472 -1.03559205e-06 0.5 p-1 -6568440 332
162 182 m2 631795 -0.0276766177 0.5 p-1 -425844 137
93 183 m2 641157 -0.000453850866 0.5 p-1 -1568426 158
76 184 m2 646401 -2.51133588e-06 0.5 p-1 -122357 118
263 185 m2 649687 -0.0078490125 0.5 p-1 -3542 1
25 186 m2 654643 -0.00163796591 0.5 p-1 -6667951 1103
176 188 m2 657376 -0.00918995962 0.5 p-1 -251664 109
143 189 m2 670204 -0.0286339633 0.5 p-1 -56201 52
300 190 m2 670822 -0.00417643832 0.5 p-1 -28334 2
214 191 m2 672591 -0.00748723792 0.5 p-1 -272665 78
26 193 m2 676620 -0.012213924 0.5 p-1 -5752896 946
104 194 m2 678521 -0.0191249102 0.5 p-1 -4775135 241
54 196 m2 684793 -0.00366736832 0.5 p-1 -369627 115
55 197 m2 707560 -8.42116879e-06 0.5 p-1 -709663 390
105 198 m2 707572 -0.00224570208 0.5 p-1 -848312 301
274 200 m2 708246 -0.0106704151 0.5 p-1 -223573 26
56 201 m2 720452 -0.000200828566 0.5 p-1 -368163 81
172 202 m2 723054 -1.79408325e-05 0.5 p-1 -559303 36
146 203 m2 724802 -2.8249784e-05 0.5 p-1 -180081 129
226 204 m2 725024 -0.00560441799 0.5 p-1 -16543 21
168 205 m2 727257 -0.000156660666 0.5 p-1 -837772 104
189 206 m2 732004 -0.000428253232 0.5 p-1 -237433 65
28 207 m2 735632 -0.00223238836 0.5 p-1 -12896577 1253
106 208 m2 735679 -0.000664080435 0.5 p-1 -856971 201
29 210 m2 740382 -0.0227164309 0.5 p-1 -5441852 1898
276 211 m2 744043 -0.0019133247 0.5 p-1 -9854 1
250 212 m2 748265 -0.00816754997 0.5 p-1 -43471 10
107 213 m2 748618 -0.00473759091 0.5 p-1 -2781833 376
57 214 m2 750107 -0.00107977877 0.5 p-1 -2201742 1099
108 215 m2 759791 -0.000496900757 0.5 p-1 -2328005 476
207 217 m2 765626 -1.62656252e-05 0.5 p-1 -1428508 90
247 218 m2 765979 -0.000627384114 0.5 p-1 -16283 13
78 221 m2 772872 -0.0170404594 0.5 p-1 -1800282 189
179 222 m2 778292 -0.00816320814 0.5 p-1 -237154 116
291 223 m2 782987 -0.0084320195 0.5 p-1 -52280 2
31 224 m2 790316 -0.000435334427 0.5 p-1 -963845 894
58 225 m2 792446 -0.00307976943 0.5 p-1 -3642919 1181
173 226 m2 794817 -0.00529503124 0.5 p-1 -215551 26
271 227 m2 796378 -7.78286121e-05 0.5 p-1 -65186 2
117 228 m2 797506 -0.000309090712 0.5 p-1 -440130 113
32 230 m2 798708 -0.00107720715 0.5 p-1 -3091014 456
33 231 m2 799496 -0.00918782689 0.5 p-1 -4374263 1305
134 232 m2 803740 -0.00978168659 0.5 p-1 -3758530 83
287 233 m2 806539 -0.0160222743 0.5 p-1 -256817 8
154 235 m2 813330 -3.77394933e-08 0.5 p-1 -211537 121
222 236 m2 823903 -0.00445837248 0.5 p-1 -1675374 110
184 237 m2 831542 -0.00241104397 0.5 p-1 -827327 158
34 238 m2 837520 -0.0274343882 0.5 p-1 -6486641 1412
147 240 m2 840630 -0.0109181255 0.5 p-1 -31932 36
59 241 m2 841645 -7.26674261e-05 0.5 p-1 -3213178 1155
257 242 m2 845988 -0.000387060601 0.5 p-1 -37257 6
60 243 m2 846021 -1.81045809e-08 0.5 p-1 -391647 287
208 244 m2 847583 -0.00107225578 0.5 p-1 -102041 1
204 245 m2 853617 -1.46160306e-11 0.5 p-1 -19478 13
215 248 m2 854155 -0.00859897863 0.5 p-1 -343798 45
251 251 m2 856011 -0.000947779743 0.5 p-1 -69368 15
255 253 m2 858615 -0.00382782123 0.5 p-1 -56788 19
94 256 m2 867671 -0.00870218594 0.5 p-1 -9193941 62
258 257 m2 877265 -0.000432808243 0.5 p-1 -704123 12
61 258 m2 879102 -0.00487086317 0.5 p-1 -2698566 745
218 259 m2 879184 -0.0407457426 0.5 p-1 -112588 36
123 260 m2 884155 -0.00135928451 0.5 p-1 -1727260 374
148 261 m2 886464 -0.0707808658 0.5 p-1 -622324 111
253 262 m2 886621 -0.000280112872 0.5 p-1 -6110 18
155 263 m2 887824 -0.0290576126 0.5 p-1 -136584 71
127 264 m2 890690 -0.00197028951 0.5 p-1 -21330 41
149 266 m2 895876 -0.0220501572 0.5 p-1 -883597 69
182 267 m2 897426 -0.0200714413 0.5 p-1 -218782 74
79 268 m2 899825 -0.0186455082 0.5 p-1 -359597 306
80 269 m2 900641 -0.0567586906 0.5 p-1 -2285746 910
169 270 m2 902109 -0.00205965666 0.5 p-1 -865596 15
119 271 m2 907913 -0.00133091537 0.5 p-1 -777318 680
186 275 m2 917721 -0.0222473033 0.5 p-1 -165985 116
37 276 m2 919285 -0.00653648842 0.5 p-1 -660277 596
110 277 m2 922895 -3.18569801e-05 0.5 p-1 -995805 483
239 278 m2 926407 -2.77401178e-08 0.5 p-1 -7473 3
62 279 m2 927116 -0.0824819282 0.5 p-1 -1588458 436
81 280 m2 927677 -2.71250665e-05 0.5 p-1 -4920454 217
82 282 m2 960779 -0.0294002499 0.5 p-1 -1602898 135
128 283 m2 962365 -0.00229941402 0.5 p-1 -558329 236
174 284 m2 969634 -4.75663692e-05 0.5 p-1 -841246 57
166 285 m2 970921 -0.00251782732 0.5 p-1 -155875 55
163 286 m2 976321 -0.00757070538 0.5 p-1 -314110 179
63 287 m2 980846 -0.0101347361 0.5 p-1 -795705 177
177 288 m2 981164 -0.00750922598 0.5 p-1 -247126 84
39 289 m2 981352 -0.00920283515 0.5 p-1 -1943629 1856
175 291 m2 995110 -9.64383216e-05 0.5 p-1 -303163 62
277 299 m2 935310 -0.0118758399 0.5 p0 2 2
246 300 m2 729473 -0.00418602908 0.5 p0 2 5
312 301 m2 368866 -9.77539239e-05 0.5 p0 2 1
220 302 m2 341014 -0.000590078649 0.5 p0 2 10
295 306 m2 756244 -0.00419776933 0.5 p0 2 1
283 314 m2 105830 -0.00500395661 0.5 p0 2 1
288 318 m2 396270 -2.94336623e-05 0.5 p0 2 1
267 324 m2 506613 -0.0259082075 0.5 p0 2 7
301 330 m2 826778 -0.00586144021 0.5 p0 2 2
297 331 m2 205381 -0.0151678491 0.5 p0 2 1
307 333 m2 84080 -0.00010040131 0.5 p0 2 1
299 338 m2 242891 -0.000298278348 0.5 p0 2 3
231 339 m2 581083 -0.000159746836 0.5 p0 2 2
233 341 m2 160194 -0.000445368671 0.5 p0 2 2
308 346 m2 477415 -0.000169994441 0.5 p0 2 2
0 348 m1 966 0 0.5 p-1 -5620549 1935
41 349 m1 1936 0 0.5 p-1 -2488059 418
272 351 m1 7512 0 0.5 p-1 -41041 10
64 352 m1 12999 0 0.5 p-1 -73184 45
139 354 m1 48819 0 0.5 p-1 -1395944 297
83 355 m1 56854 0 0.5 p-1 -1468017 538
227 356 m1 64703 0 0.5 p-1 -24300 22
242 357 m1 67286 0 0.5 p-1 -14706 10
210 358 m1 67822 0 0.5 p-1 -503590 79
228 359 m1 72558 0 0.5 p-1 -179053 16
235 360 m1 82751 0 0.5 p-1 -10221 1
140 361 m1 87414 0 0.5 p-1 -75626 91
232 362 m1 95934 0 0.5 p-1 -86174 28
4 364 m1 124341 0 0.5 p-1 -1714179 1041
289 366 m1 138621 0 0.5 p-1 -257921 2
151 367 m1 139804 0 0.5 p-1 -249004 90
305 371 m1 163502 0 0.5 p-1 -2882 3
84 373 m1 190730 0 0.5 p-1 -291462 357
5 374 m1 196053 0 0.5 p-1 -3387696 1781
68 375 m1 197000 0 0.5 p-1 -2270150 573
311 376 m1 199844 0 0.5 p-1 -6049 1
206 377 m1 217559 0 0.5 p-1 -8755 14
97 378 m1 224036 0 0.5 p-1 -7046401 311
7 379 m1 228161 0 0.5 p-1 -7583973 1220
178 380 m1 230122 0 0.5 p-1 -250657 39
69 381 m1 247079 0 0.5 p-1 -10949917 1782
120 382 m1 262201 0 0.5 p-1 -8240516 605
86 384 m1 299385 0 0.5 p-1 -135948 141
268 385 m1 332957 0 0.5 p-1 -73508 17
259 386 m1 338594 0 0.5 p-1 -81683 8
160 387 m1 339915 0 0.5 p-1 -122217 173
12 388 m1 343237 0 0.5 p-1 -8763724 1422
114 391 m1 347582 0 0.5 p-1 -134482 25
99 392 m1 372634 0 0.5 p-1 -2936999 171
230 393 m1 384398 0 0.5 p-1 -7365 2
142 394 m1 385740 0 0.5 p-1 -383835 195
71 395 m1 401977 0 0.5 p-1 -305042 69
14 396 m1 410719 0 0.5 p-1 -327550 278
101 399 m1 425833 0 0.5 p-1 -2602429 162
132 400 m1 426777 0 0.5 p-1 -229258 154
187 401 m1 431831 0 0.5 p-1 -74250 19
102 403 m1 435742 0 0.5 p-1 -9724325 311
200 404 m1 436659 0 0.5 p-1 -2055817 155
161 407 m1 464308 0 0.5 p-1 -3284889 166
224 410 m1 501443 0 0.5 p-1 -11589 6
304 411 m1 503834 0 0.5 p-1 -540 1
201 412 m1 508633 0 0.5 p-1 -24905 4
91 413 m1 508874 0 0.5 p-1 -947246 299
213 415 m1 540781 0 0.5 p-1 -3459758 71
262 416 m1 541055 0 0.5 p-1 -7267 3
256 417 m1 563055 0 0.5 p-1 -143420 5
19 418 m1 580344 0 0.5 p-1 -566308 246
135 419 m1 591373 0 0.5 p-1 -1205058 202
20 420 m1 596357 0 0.5 p-1 -982817 292
21 421 m1 599064 0 0.5 p-1 -524676 331
133 422 m1 599164 0 0.5 p-1 -513926 76
309 423 m1 599386 0 0.5 p-1 -11069 2
22 424 m1 603436 0 0.5 p-1 -511611 27
165 425 m1 611020 0 0.5 p-1 -221864 101
136 426 m1 618097 0 0.5 p-1 -53287 53
202 428 m1 681501 0 0.5 p-1 -699586 165
27 431 m1 712162 0 0.5 p-1 -231 5
77 432 m1 719214 0 0.5 p-1 -1855563 767
30 434 m1 778993 0 0.5 p-1 -7733964 1023
282 435 m1 795236 0 0.5 p-1 -536 7
280 436 m1 800593 0 0.5 p-1 -200 7
190 438 m1 831315 0 0.5 p-1 -39746 37
243 439 m1 836487 0 0.5 p-1 -12481 26
118 441 m1 854390 0 0.5 p-1 -54346 28
35 442 m1 855823 0 0.5 p-1 -3707116 932
296 443 m1 877600 0 0.5 p-1 -15465 2
36 444 m1 882759 0 0.5 p-1 -11117448 1383
109 445 m1 883773 0 0.5 p-1 -92290 102
234 446 m1 893419 0 0.5 p-1 -337485 91
216 447 m1 896226 0 0.5 p-1 -30813 13
266 449 m1 937379 0 0.5 p-1 -17316 4
38 450 m1 944763 0 0.5 p-1 -6555081 1652
95 451 m1 955223 0 0.5 p-1 -3397902 324
156 452 m1 958095 0 0.5 p-1 -1281634 121
40 453 m1 989172 0 0.5 p-1 -121421 78
Individuals:
