Mutations:
86 1 m2 16554 -0.00313826581 0.5 p-1 -1313535 768
101 2 m2 19401 -0.000410136563 0.5 p-1 -12825 22
2 3 m2 19847 -0.0108166905 0.5 p-1 -717724 211
3 4 m2 20730 -0.0238812771 0.5 p-1 -2271922 318
234 5 m2 26405 -0.00454898644 0.5 p-1 -32639 29
238 6 m2 33189 -4.30005429e-07 0.5 p-1 -296377 57
75 8 m2 41179 -0.00100680941 0.5 p-1 -391442 327
257 10 m2 45572 -0.0127473045 0.5 p-1 -161885 47
250 12 m2 49091 -5.66231211e-06 0.5 p-1 -1919 19
289 13 m2 53874 -0.0106307669 0.5 p-1 -1451 1
185 14 m2 60434 -0.00121575303 0.5 p-1 -184725 42
156 15 m2 63501 -4.19048229e-05 0.5 p-1 -50940 57
4 16 m2 73395 -0.00260783895 0.5 p-1 -2240757 1094
119 17 m2 73418 -0.0114805996 0.5 p-1 -2879818 710
76 20 m2 78780 -0.0197269693 0.5 p-1 -7881331 395
211 21 m2 87571 -0.00211810996 0.5 p-1 -436958 23
5 23 m2 89731 -0.00297558797 0.5 p-1 -512186 471
67 24 m2 92431 -0.00103566167 0.5 p-1 -5435484 311
273 25 m2 93462 -0.0301100034 0.5 p-1 -54958 5
87 27 m2 108493 -0.0255723726 0.5 p-1 -3581672 267
145 29 m2 110611 -0.0105602136 0.5 p-1 -527177 297
6 30 m2 112709 -0.0430609696 0.5 p-1 -3078411 469
110 33 m2 131486 -0.0358099155 0.5 p-1 -693172 77
251 34 m2 133119 -1.37915622e-05 0.5 p-1 -511751 64
46 35 m2 133407 -0.00558173098 0.5 p-1 -7397563 1533
103 36 m2 139767 -0.000111773108 0.5 p-1 -3624043 56
246 39 m2 146452 -0.00733464165 0.5 p-1 -830936 16
104 40 m2 146548 -1.70340518e-05 0.5 p-1 -799948 229
269 41 m2 146747 -0.0112787588 0.5 p-1 -36579 5
266 42 m2 155035 -4.61927073e-07 0.5 p-1 -99726 12
133 46 m2 170759 -1.53031121e-09 0.5 p-1 -1306369 218
88 49 m2 184404 -0.0124820285 0.5 p-1 -5147734 198
191 50 m2 185645 -0.00494311471 0.5 p-1 -459992 18
47 52 m2 192218 -0.000278888299 0.5 p-1 -3740197 1003
186 53 m2 205200 -0.000226225253 0.5 p-1 -159872 33
111 54 m2 209825 -0.00638206117 0.5 p-1 -1476563 348
248 55 m2 212738 -3.24607099e-05 0.5 p-1 -886641 24
256 56 m2 214183 -0.000650374859 0.5 p-1 -8667 8
9 59 m2 221911 -0.059087906 0.5 p-1 -2153875 849
89 60 m2 223157 -0.0210617427 0.5 p-1 -404092 372
10 61 m2 232665 -0.000189518905 0.5 p-1 -121387 111
12 63 m2 267270 -0.000152234905 0.5 p-1 -3116606 881
149 64 m2 274859 -0.00287505635 0.5 p-1 -1045108 199
13 65 m2 275275 -0.000285964168 0.5 p-1 -1372769 952
14 66 m2 279904 -0.00285008689 0.5 p-1 -4270426 659
49 67 m2 283514 -0.0375057086 0.5 p-1 -465219 403
90 68 m2 284598 -0.0453892723 0.5 p-1 -63220 29
290 69 m2 284703 -0.0023969966 0.5 p-1 -38803 10
227 70 m2 290972 -9.69056657e-08 0.5 p-1 -126779 40
217 71 m2 295560 -6.03207839e-09 0.5 p-1 -345893 48
139 72 m2 297265 -0.00262585096 0.5 p-1 -154925 80
120 74 m2 298864 -0.0116248317 0.5 p-1 -100785 86
15 75 m2 308581 -3.26737936e-05 0.5 p-1 -3526374 1823
68 76 m2 309020 -3.7939426e-06 0.5 p-1 -3808227 908
140 77 m2 316684 -0.00242034369 0.5 p-1 -223510 154
300 79 m2 321014 -0.0298515093 0.5 p-1 -1151 1
105 81 m2 327310 -0.054058671 0.5 p-1 -19789856 607
254 82 m2 332030 -0.000173198699 0.5 p-1 -17406 12
91 83 m2 335455 -2.13396197e-06 0.5 p-1 -25567 2
106 85 m2 344138 -7.70208717e-05 0.5 p-1 -1453 25
126 87 m2 347139 -0.0147207901 0.5 p-1 -1049591 361
239 88 m2 362138 -0.00932966452 0.5 p-1 -53472 53
188 89 m2 362593 -0.000935114687 0.5 p-1 -86989 15
17 91 m2 371952 -0.000385965395 0.5 p-1 -3037302 1839
146 93 m2 373780 -0.000516252127 0.5 p-1 -169707 241
92 94 m2 375787 -0.00656421063 0.5 p-1 -55232 32
78 95 m2 376171 -0.00595017755 0.5 p-1 -795201 176
50 96 m2 377060 -1.75139905e-06 0.5 p-1 -2716187 1192
79 97 m2 377831 -0.00334587321 0.5 p-1 -1759363 931
222 98 m2 380391 -0.00911491644 0.5 p-1 -558681 54
80 100 m2 383324 -0.00794204231 0.5 p-1 -1805465 598
243 101 m2 385248 -0.00277530216 0.5 p-1 -87156 69
249 103 m2 389525 -0.00334588834 0.5 p-1 -35850 5
113 104 m2 399535 -0.000220095084 0.5 p-1 -72945 8
51 105 m2 399771 -0.00981114805 0.5 p-1 -863716 1268
275 106 m2 403726 -0.00470152125 0.5 p-1 -8647 3
53 107 m2 407794 -0.000879035622 0.5 p-1 -471025 269
285 110 m2 416518 -0.00280939415 0.5 p-1 -179110 9
223 111 m2 419867 -0.0131861353 0.5 p-1 -55164 24
182 112 m2 422557 -0.038424816 0.5 p-1 -55909 25
127 114 m2 427072 -0.0055806688 0.5 p-1 -584180 306
55 115 m2 428755 -4.07709704e-05 0.5 p-1 -4176038 1452
196 118 m2 434137 -0.00320727611 0.5 p-1 -10630 6
187 119 m2 439668 -0.000364996318 0.5 p-1 -1942999 58
18 120 m2 441183 -0.000421424513 0.5 p-1 -1647931 1605
268 122 m2 441505 -0.015098541 0.5 p-1 -39517 6
19 126 m2 453893 -0.000356287987 0.5 p-1 -2984012 918
134 127 m2 456591 -0.0295293331 0.5 p-1 -815750 613
230 130 m2 467207 -4.38002608e-05 0.5 p-1 -105862 11
165 134 m2 473154 -0.00101820857 0.5 p-1 -12662 24
179 135 m2 473884 -0.0128863342 0.5 p-1 -13820 49
69 137 m2 481764 -0.000607129652 0.5 p-1 -10022859 597
128 141 m2 497144 -0.004452297 0.5 p-1 -152519 53
291 144 m2 514225 -0.000109218759 0.5 p-1 -25762 2
81 146 m2 516779 -0.000158783689 0.5 p-1 -4970555 1150
20 147 m2 518080 -0.00035692635 0.5 p-1 -7823533 1659
233 148 m2 522536 -1.67541339e-06 0.5 p-1 -143627 36
93 150 m2 534973 -0.01026149 0.5 p-1 -1580339 449
180 151 m2 537335 -0.0356577188 0.5 p-1 -12462 6
57 152 m2 543431 -0.0064697261 0.5 p-1 -150654 39
151 153 m2 546286 -1.5009663e-05 0.5 p-1 -11349001 242
160 154 m2 546805 -3.58509993e-07 0.5 p-1 -69569 29
206 155 m2 547384 -3.55028824e-05 0.5 p-1 -8499 13
260 156 m2 548259 -0.0140319504 0.5 p-1 -328685 22
253 157 m2 549898 -0.000162076452 0.5 p-1 -133159 39
158 158 m2 551435 -0.000803822826 0.5 p-1 -532932 79
200 159 m2 561704 -0.0104260109 0.5 p-1 -1178978 64
21 160 m2 568493 -0.00111810374 0.5 p-1 -161830 65
228 161 m2 574120 -0.000321769359 0.5 p-1 -1453222 82
174 162 m2 576773 -0.00116277277 0.5 p-1 -717626 315
22 163 m2 583495 -0.0126133515 0.5 p-1 -4875153 929
58 164 m2 593929 -3.09516366e-07 0.5 p-1 -3146937 94
70 166 m2 597683 -0.00817408599 0.5 p-1 -2274770 183
284 167 m2 598633 -1.72276771e-06 0.5 p-1 -220674 5
71 168 m2 599241 -2.68532058e-05 0.5 p-1 -5997133 931
232 169 m2 602092 -0.00313061243 0.5 p-1 -468245 55
122 170 m2 602586 -0.00739395432 0.5 p-1 -822646 322
24 171 m2 605987 -0.00314184348 0.5 p-1 -3074296 953
167 172 m2 609232 -0.0387260206 0.5 p-1 -950634 102
25 173 m2 614579 -4.15332543e-05 0.5 p-1 -2562000 1878
225 174 m2 616974 -0.0338809565 0.5 p-1 -150358 55
231 176 m2 618010 -0.0206666794 0.5 p-1 -435826 11
83 177 m2 619175 -0.00998421758 0.5 p-1 -372525 317
201 178 m2 627846 -0.00035045165 0.5 p-1 -94265 53
95 179 m2 628472 -1.03559205e-06 0.5 p-1 -6568440 333
84 182 m2 631795 -0.0276766177 0.5 p-1 -425844 105
162 183 m2 641157 -0.000453850866 0.5 p-1 -1568426 65
171 184 m2 646401 -2.51133588e-06 0.5 p-1 -122357 64
294 185 m2 649687 -0.0078490125 0.5 p-1 -3542 5
26 186 m2 654643 -0.00163796591 0.5 p-1 -6667951 1177
147 188 m2 657376 -0.00918995962 0.5 p-1 -251664 99
255 189 m2 670204 -0.0286339633 0.5 p-1 -56201 10
279 190 m2 670822 -0.00417643832 0.5 p-1 -28334 1
152 191 m2 672591 -0.00748723792 0.5 p-1 -272665 91
85 193 m2 676620 -0.012213924 0.5 p-1 -5752896 975
27 194 m2 678521 -0.0191249102 0.5 p-1 -4775135 175
194 196 m2 684793 -0.00366736832 0.5 p-1 -369627 71
60 197 m2 707560 -8.42116879e-06 0.5 p-1 -709663 389
142 198 m2 707572 -0.00224570208 0.5 p-1 -848312 305
175 200 m2 708246 -0.0106704151 0.5 p-1 -223573 15
61 201 m2 720452 -0.000200828566 0.5 p-1 -368163 112
168 202 m2 723054 -1.79408325e-05 0.5 p-1 -559303 28
129 203 m2 724802 -2.8249784e-05 0.5 p-1 -180081 140
270 204 m2 725024 -0.00560441799 0.5 p-1 -16543 20
198 205 m2 727257 -0.000156660666 0.5 p-1 -837772 134
136 206 m2 732004 -0.000428253232 0.5 p-1 -237433 117
62 207 m2 735632 -0.00223238836 0.5 p-1 -12896577 1493
155 208 m2 735679 -0.000664080435 0.5 p-1 -856971 243
29 210 m2 740382 -0.0227164309 0.5 p-1 -5441852 1898
258 211 m2 744043 -0.0019133247 0.5 p-1 -9854 15
219 212 m2 748265 -0.00816754997 0.5 p-1 -43471 17
172 213 m2 748618 -0.00473759091 0.5 p-1 -2781833 333
30 214 m2 750107 -0.00107977877 0.5 p-1 -2201742 934
31 215 m2 759791 -0.000496900757 0.5 p-1 -2328005 530
115 216 m2 762762 -0.0181647819 0.5 p-1 -62900 2
116 217 m2 765626 -1.62656252e-05 0.5 p-1 -1428508 159
244 218 m2 765979 -0.000627384114 0.5 p-1 -16283 10
170 221 m2 772872 -0.0170404594 0.5 p-1 -1800282 170
143 222 m2 778292 -0.00816320814 0.5 p-1 -237154 131
33 224 m2 790316 -0.000435334427 0.5 p-1 -963845 855
72 225 m2 792446 -0.00307976943 0.5 p-1 -3642919 1126
96 226 m2 794817 -0.00529503124 0.5 p-1 -215551 64
117 228 m2 797506 -0.000309090712 0.5 p-1 -440130 110
34 230 m2 798708 -0.00107720715 0.5 p-1 -3091014 387
63 231 m2 799496 -0.00918782689 0.5 p-1 -4374263 1162
241 232 m2 803740 -0.00978168659 0.5 p-1 -3758530 44
130 235 m2 813330 -3.77394933e-08 0.5 p-1 -211537 89
183 236 m2 823903 -0.00445837248 0.5 p-1 -1675374 67
123 237 m2 831542 -0.00241104397 0.5 p-1 -827327 162
64 238 m2 837520 -0.0274343882 0.5 p-1 -6486641 1286
210 240 m2 840630 -0.0109181255 0.5 p-1 -31932 12
35 241 m2 841645 -7.26674261e-05 0.5 p-1 -3213178 1394
247 242 m2 845988 -0.000387060601 0.5 p-1 -37257 5
97 243 m2 846021 -1.81045809e-08 0.5 p-1 -391647 245
259 244 m2 847583 -0.00107225578 0.5 p-1 -102041 5
280 245 m2 853617 -1.46160306e-11 0.5 p-1 -19478 2
296 247 m2 854024 -4.43649988e-05 0.5 p-1 -3405 2
176 248 m2 854155 -0.00859897863 0.5 p-1 -343798 33
264 251 m2 856011 -0.000947779743 0.5 p-1 -69368 4
181 253 m2 858615 -0.00382782123 0.5 p-1 -56788 11
265 254 m2 864161 -0.086551927 0.5 p-1 -7904 1
169 255 m2 864193 -0.00244759 0.5 p-1 -9368 17
73 256 m2 867671 -0.00870218594 0.5 p-1 -9193941 86
204 257 m2 877265 -0.000432808243 0.5 p-1 -704123 43
37 258 m2 879102 -0.00487086317 0.5 p-1 -2698566 666
137 259 m2 879184 -0.0407457426 0.5 p-1 -112588 98
118 260 m2 884155 -0.00135928451 0.5 p-1 -1727260 334
108 261 m2 886464 -0.0707808658 0.5 p-1 -622324 139
184 262 m2 886621 -0.000280112872 0.5 p-1 -6110 7
245 263 m2 887824 -0.0290576126 0.5 p-1 -136584 29
190 264 m2 890690 -0.00197028951 0.5 p-1 -21330 14
109 266 m2 895876 -0.0220501572 0.5 p-1 -883597 35
224 267 m2 897426 -0.0200714413 0.5 p-1 -218782 79
148 268 m2 899825 -0.0186455082 0.5 p-1 -359597 286
65 269 m2 900641 -0.0567586906 0.5 p-1 -2285746 985
192 270 m2 902109 -0.00205965666 0.5 p-1 -865596 20
74 271 m2 907913 -0.00133091537 0.5 p-1 -777318 603
278 274 m2 916462 -0.0146191362 0.5 p-1 -5941 6
189 275 m2 917721 -0.0222473033 0.5 p-1 -165985 70
39 276 m2 919285 -0.00653648842 0.5 p-1 -660277 523
98 277 m2 922895 -3.18569801e-05 0.5 p-1 -995805 483
40 279 m2 927116 -0.0824819282 0.5 p-1 -1588458 459
138 280 m2 927677 -2.71250665e-05 0.5 p-1 -4920454 317
220 281 m2 941472 -0.00844884105 0.5 p-1 -321550 51
153 282 m2 960779 -0.0294002499 0.5 p-1 -1602898 151
144 283 m2 962365 -0.00229941402 0.5 p-1 -558329 120
214 284 m2 969634 -4.75663692e-05 0.5 p-1 -841246 49
132 285 m2 970921 -0.00251782732 0.5 p-1 -155875 57
42 286 m2 976321 -0.00757070538 0.5 p-1 -314110 192
100 287 m2 980846 -0.0101347361 0.5 p-1 -795705 188
43 288 m2 981164 -0.00750922598 0.5 p-1 -247126 116
44 289 m2 981352 -0.00920283515 0.5 p-1 -1943629 1934
213 291 m2 995110 -9.64383216e-05 0.5 p-1 -303163 46
304 294 m2 542339 -0.0328598842 0.5 p0 2 1
298 295 m2 267042 -8.02710565e-06 0.5 p0 2 1
267 300 m2 729473 -0.00418602908 0.5 p0 2 4
205 301 m2 368866 -9.77539239e-05 0.5 p0 2 3
286 302 m2 341014 -0.000590078649 0.5 p0 2 4
282 304 m2 904510 -0.00336909178 0.5 p0 2 2
226 305 m2 721843 -0.00869578589 0.5 p0 2 18
261 307 m2 470547 -0.0111373691 0.5 p0 2 3
235 311 m2 776072 -0.000317948958 0.5 p0 2 9
276 314 m2 105830 -0.00500395661 0.5 p0 2 3
293 324 m2 506613 -0.0259082075 0.5 p0 2 1
288 327 m2 976437 -0.00210344605 0.5 p0 2 3
287 338 m2 242891 -0.000298278348 0.5 p0 2 3
301 342 m2 472255 -0.000476012356 0.5 p0 2 1
0 348 m1 966 0 0.5 p-1 -5620549 1900
1 349 m1 1936 0 0.5 p-1 -2488059 486
221 351 m1 7512 0 0.5 p-1 -41041 13
193 352 m1 12999 0 0.5 p-1 -73184 51
45 354 m1 48819 0 0.5 p-1 -1395944 190
102 355 m1 56854 0 0.5 p-1 -1468017 561
66 357 m1 67286 0 0.5 p-1 -14706 26
207 358 m1 67822 0 0.5 p-1 -503590 106
154 359 m1 72558 0 0.5 p-1 -179053 38
177 361 m1 87414 0 0.5 p-1 -75626 90
237 362 m1 95934 0 0.5 p-1 -86174 22
283 363 m1 104365 0 0.5 p-1 -10767 1
7 364 m1 124341 0 0.5 p-1 -1714179 1119
203 365 m1 133787 0 0.5 p-1 -33060 20
252 366 m1 138621 0 0.5 p-1 -257921 44
195 367 m1 139804 0 0.5 p-1 -249004 65
299 371 m1 163502 0 0.5 p-1 -2882 1
263 372 m1 169509 0 0.5 p-1 -30276 1
124 373 m1 190730 0 0.5 p-1 -291462 262
8 374 m1 196053 0 0.5 p-1 -3387696 1859
77 375 m1 197000 0 0.5 p-1 -2270150 439
295 376 m1 199844 0 0.5 p-1 -6049 1
208 377 m1 217559 0 0.5 p-1 -8755 6
125 378 m1 224036 0 0.5 p-1 -7046401 291
48 379 m1 228161 0 0.5 p-1 -7583973 1212
164 380 m1 230122 0 0.5 p-1 -250657 60
11 381 m1 247079 0 0.5 p-1 -10949917 1766
112 382 m1 262201 0 0.5 p-1 -8240516 537
178 384 m1 299385 0 0.5 p-1 -135948 72
271 385 m1 332957 0 0.5 p-1 -73508 11
274 386 m1 338594 0 0.5 p-1 -81683 7
121 387 m1 339915 0 0.5 p-1 -122217 164
16 388 m1 343237 0 0.5 p-1 -8763724 1358
303 389 m1 346175 0 0.5 p-1 -758 1
229 391 m1 347582 0 0.5 p-1 -134482 15
157 392 m1 372634 0 0.5 p-1 -2936999 204
107 394 m1 385740 0 0.5 p-1 -383835 168
52 395 m1 401977 0 0.5 p-1 -305042 78
141 396 m1 410719 0 0.5 p-1 -327550 150
236 397 m1 412138 0 0.5 p-1 -6450 7
54 399 m1 425833 0 0.5 p-1 -2602429 313
166 400 m1 426777 0 0.5 p-1 -229258 94
281 401 m1 431831 0 0.5 p-1 -74250 1
56 403 m1 435742 0 0.5 p-1 -9724325 348
173 404 m1 436659 0 0.5 p-1 -2055817 168
150 407 m1 464308 0 0.5 p-1 -3284889 236
272 408 m1 489285 0 0.5 p-1 -24685 5
262 410 m1 501443 0 0.5 p-1 -11589 4
297 412 m1 508633 0 0.5 p-1 -24905 1
114 413 m1 508874 0 0.5 p-1 -947246 196
209 414 m1 532890 0 0.5 p-1 -4458 4
197 415 m1 540781 0 0.5 p-1 -3459758 121
292 417 m1 563055 0 0.5 p-1 -143420 2
159 418 m1 580344 0 0.5 p-1 -566308 224
23 419 m1 591373 0 0.5 p-1 -1205058 256
94 420 m1 596357 0 0.5 p-1 -982817 271
59 421 m1 599064 0 0.5 p-1 -524676 304
161 422 m1 599164 0 0.5 p-1 -513926 205
240 423 m1 599386 0 0.5 p-1 -11069 4
135 424 m1 603436 0 0.5 p-1 -511611 70
82 425 m1 611020 0 0.5 p-1 -221864 57
216 426 m1 618097 0 0.5 p-1 -53287 47
163 428 m1 681501 0 0.5 p-1 -699586 224
28 432 m1 719214 0 0.5 p-1 -1855563 781
32 434 m1 778993 0 0.5 p-1 -7733964 1144
277 438 m1 831315 0 0.5 p-1 -39746 6
242 439 m1 836487 0 0.5 p-1 -12481 29
218 441 m1 854390 0 0.5 p-1 -54346 41
36 442 m1 855823 0 0.5 p-1 -3707116 982
38 444 m1 882759 0 0.5 p-1 -11117448 1469
199 445 m1 883773 0 0.5 p-1 -92290 74
202 446 m1 893419 0 0.5 p-1 -337485 108
212 447 m1 896226 0 0.5 p-1 -30813 11
302 449 m1 937379 0 0.5 p-1 -17316 1
41 450 m1 944763 0 0.5 p-1 -6555081 1755
99 451 m1 955223 0 0.5 p-1 -3397902 274
131 452 m1 958095 0 0.5 p-1 -1281634 139
215 453 m1 989172 0 0.5 p-1 -121421 68
Individuals:
