Mutations:
0 0 m2 1231 -0.00080172898 0.5 p-1 -7645466 1426
1 1 m2 3175 -0.0148668271 0.5 p-1 -1214930 846
2 2 m2 8961 -7.37684168e-05 0.5 p-1 -1951837 1290
3 3 m2 10089 -2.4919631e-05 0.5 p-1 -4794337 844
203 4 m2 11808 -1.27802823e-05 0.5 p-1 -613610 18
73 6 m2 14084 -0.00248933421 0.5 p-1 -263978 300
4 7 m2 19688 -0.00944394246 0.5 p-1 -4600892 1739
163 8 m2 24497 -0.000130752596 0.5 p-1 -184253 31
102 10 m2 34500 -0.0241124891 0.5 p-1 -235014 139
86 12 m2 48140 -0.0047394447 0.5 p-1 -398981 64
55 14 m2 60013 -0.132834598 0.5 p-1 -1830123 181
213 15 m2 60362 -0.00320520392 0.5 p-1 -25488 19
6 16 m2 62904 -0.000243768853 0.5 p-1 -5892079 1873
156 17 m2 68667 -0.0116940103 0.5 p-1 -35721 36
251 18 m2 71912 -4.07834023e-06 0.5 p-1 -63906 1
41 19 m2 79140 -0.00460541435 0.5 p-1 -2153139 368
133 20 m2 79863 -0.00197226251 0.5 p-1 -793918 262
93 21 m2 89770 -0.00231631682 0.5 p-1 -6703037 121
74 24 m2 103434 -3.07754308e-05 0.5 p-1 -5212896 309
164 26 m2 112476 -1.87674541e-05 0.5 p-1 -8277929 7
7 27 m2 116362 -0.0755829588 0.5 p-1 -1648693 670
42 28 m2 118289 -0.00385948573 0.5 p-1 -4115779 875
189 29 m2 119316 -0.000200187293 0.5 p-1 -24577 12
227 32 m2 138896 -0.0317417979 0.5 p-1 -138221 5
240 33 m2 154373 -0.00249115587 0.5 p-1 -3517 3
231 36 m2 160869 -0.00572789786 0.5 p-1 -84204 14
202 37 m2 165958 -0.0404112116 0.5 p-1 -5857 2
8 39 m2 176281 -0.00240853522 0.5 p-1 -2039494 671
212 40 m2 184367 -0.00845448021 0.5 p-1 -238403 7
103 41 m2 188615 -0.013154177 0.5 p-1 -314722 275
170 42 m2 207142 -0.000537022832 0.5 p-1 -29624 5
75 43 m2 213671 -0.00488863653 0.5 p-1 -132681 42
194 45 m2 214928 -0.00155167736 0.5 p-1 -29125 8
168 46 m2 216559 -0.00452958466 0.5 p-1 -73680 4
159 49 m2 229301 -0.000128364598 0.5 p-1 -61065 11
94 51 m2 251557 -0.00892417133 0.5 p-1 -1087270 116
58 52 m2 251725 -0.00664976332 0.5 p-1 -4705947 769
236 55 m2 262163 -0.0064827092 0.5 p-1 -19464 5
9 56 m2 262521 -1.11346199e-09 0.5 p-1 -707143 411
76 59 m2 267651 -0.0162247028 0.5 p-1 -352555 82
154 61 m2 276516 -0.00622100616 0.5 p-1 -236841 30
244 62 m2 276991 -0.00436046999 0.5 p-1 -10008 5
10 63 m2 279766 -0.000441381766 0.5 p-1 -775010 534
173 64 m2 292709 -0.00147994992 0.5 p-1 -2419734 33
245 65 m2 297547 -0.000335963123 0.5 p-1 -13690 5
87 66 m2 298727 -0.00208796421 0.5 p-1 -670846 115
44 67 m2 301747 -0.00294766156 0.5 p-1 -2700600 1421
95 68 m2 302879 -0.000287182571 0.5 p-1 -80104 165
174 69 m2 305043 -0.00801861659 0.5 p-1 -289741 15
184 71 m2 314691 -0.000269928656 0.5 p-1 -48272 10
104 72 m2 315503 -0.000693023379 0.5 p-1 -4444904 316
114 73 m2 316176 -0.00198813621 0.5 p-1 -954116 360
107 74 m2 316906 -1.74336346e-05 0.5 p-1 -1033517 168
11 75 m2 317166 -0.00101102761 0.5 p-1 -4385029 1425
77 76 m2 317366 -0.0155752646 0.5 p-1 -588191 178
234 77 m2 318466 -0.000144946142 0.5 p-1 -4199 3
108 78 m2 323333 -0.000133807014 0.5 p-1 -228177 40
190 79 m2 324055 -0.0258740243 0.5 p-1 -98144 9
134 80 m2 325745 -0.000327431335 0.5 p-1 -296458 37
45 81 m2 331445 -0.00947157759 0.5 p-1 -1271778 403
178 84 m2 335142 -0.000756009656 0.5 p-1 -279581 14
13 85 m2 339122 -0.00112968031 0.5 p-1 -708600 473
224 86 m2 340689 -1.40473694e-05 0.5 p-1 -17599 3
125 87 m2 343196 -0.00255585299 0.5 p-1 -191277 90
126 89 m2 346140 -0.00029374435 0.5 p-1 -344953 211
14 90 m2 353029 -0.0208291709 0.5 p-1 -2989572 1986
205 92 m2 358283 -0.00041189816 0.5 p-1 -12225 9
131 93 m2 361375 -0.00745160319 0.5 p-1 -268271 145
200 94 m2 363965 -0.00113458862 0.5 p-1 -5127309 2
196 95 m2 364124 -0.0196263809 0.5 p-1 -34325 8
161 96 m2 371880 -0.0012454621 0.5 p-1 -37218 1
59 97 m2 380015 -0.000712774927 0.5 p-1 -560686 306
15 98 m2 382997 -0.00743887294 0.5 p-1 -5327129 360
204 99 m2 389870 -0.0115532726 0.5 p-1 -140935 27
60 100 m2 392734 -6.70690497e-05 0.5 p-1 -3120220 406
119 102 m2 398468 -0.00267570745 0.5 p-1 -3315971 389
254 103 m2 403454 -0.00532808155 0.5 p-1 -37104 1
182 104 m2 403780 -6.36830737e-05 0.5 p-1 -30759 9
115 105 m2 408748 -0.0134795206 0.5 p-1 -524905 193
129 108 m2 410981 -0.00362602295 0.5 p-1 -305254 69
16 109 m2 418279 -2.34172276e-07 0.5 p-1 -2145648 1009
62 110 m2 420774 -6.58647477e-05 0.5 p-1 -222182 207
207 111 m2 422701 -0.00286685419 0.5 p-1 -10120 1
140 112 m2 425137 -1.67564838e-06 0.5 p-1 -1045169 74
225 114 m2 428205 -0.000630817143 0.5 p-1 -1375 12
18 115 m2 435577 -0.0109603042 0.5 p-1 -8274047 1998
63 116 m2 443441 -0.00133170863 0.5 p-1 -1145925 358
166 117 m2 453609 -0.0101756779 0.5 p-1 -25205 20
46 118 m2 459911 -0.00120039377 0.5 p-1 -2910997 1164
123 121 m2 469087 -0.00658264803 0.5 p-1 -111617 48
175 122 m2 469391 -0.0253741685 0.5 p-1 -16274 11
235 123 m2 469787 -0.014729741 0.5 p-1 -38068 6
237 124 m2 470271 -0.0132572558 0.5 p-1 -1271 1
78 125 m2 470430 -0.000782476156 0.5 p-1 -389120 55
65 126 m2 476509 -0.0372714512 0.5 p-1 -4228614 1086
20 127 m2 484732 -0.121992543 0.5 p-1 -461403 366
21 129 m2 485511 -0.0229887161 0.5 p-1 -3431673 1960
132 130 m2 487768 -0.00994762033 0.5 p-1 -217951 164
66 131 m2 495006 -0.00936124846 0.5 p-1 -165162 73
177 134 m2 510649 -0.00606248155 0.5 p-1 -10567 9
111 136 m2 521143 -0.0420481339 0.5 p-1 -4361471 331
215 137 m2 522624 -0.0811717361 0.5 p-1 -34898 7
67 138 m2 523844 -0.00100599614 0.5 p-1 -2708401 1335
68 139 m2 523901 -4.40707436e-06 0.5 p-1 -1201152 1064
218 140 m2 527159 -0.00126458553 0.5 p-1 -27407 10
214 141 m2 534084 -0.000564648537 0.5 p-1 -23820 13
176 142 m2 536768 -0.0137637947 0.5 p-1 -488210 29
219 144 m2 551086 -5.94153535e-05 0.5 p-1 -107066 17
106 147 m2 568007 -0.00943254493 0.5 p-1 -227305 133
47 148 m2 570078 -0.00617748452 0.5 p-1 -1000334 310
89 150 m2 577675 -0.00632537249 0.5 p-1 -7293467 391
116 151 m2 578807 -0.0605977699 0.5 p-1 -3599794 49
241 152 m2 585047 -0.00033918058 0.5 p-1 -17351 6
153 153 m2 590599 -0.00253749778 0.5 p-1 -18389 14
79 154 m2 594034 -0.0272596721 0.5 p-1 -5790507 1243
23 155 m2 594308 -0.0174575318 0.5 p-1 -1771925 1038
70 157 m2 602177 -0.0202868786 0.5 p-1 -294624 241
49 158 m2 605448 -0.0518630035 0.5 p-1 -17311 40
127 159 m2 608072 -0.00410630461 0.5 p-1 -126922 25
208 160 m2 610681 -0.00116612553 0.5 p-1 -705900 8
97 163 m2 629399 -0.000889164919 0.5 p-1 -5560897 550
181 166 m2 633209 -0.00919276942 0.5 p-1 -318540 26
143 168 m2 638688 -0.00064148003 0.5 p-1 -64159 128
249 169 m2 639663 -0.000166122234 0.5 p-1 -194989 1
24 170 m2 647860 -0.00135216571 0.5 p-1 -5409471 1812
169 173 m2 649855 -4.28618796e-06 0.5 p-1 -101374 32
112 174 m2 651760 -0.00224380218 0.5 p-1 -2416069 136
50 175 m2 653201 -0.0334673673 0.5 p-1 -3914361 940
26 176 m2 668144 -0.0116785169 0.5 p-1 -1551525 916
209 178 m2 676387 -0.00400361745 0.5 p-1 -22144 3
192 179 m2 679145 -1.47776857e-08 0.5 p-1 -23393 32
179 181 m2 683186 -4.01723355e-06 0.5 p-1 -5976789 124
148 182 m2 685652 -0.000282613066 0.5 p-1 -732976 101
90 183 m2 689325 -3.94434646e-05 0.5 p-1 -899619 206
27 184 m2 694315 -0.012321867 0.5 p-1 -45326 57
113 185 m2 703694 -0.0229058284 0.5 p-1 -817230 389
28 186 m2 704651 -0.00048502846 0.5 p-1 -2505901 538
81 187 m2 707851 -0.00486115366 0.5 p-1 -1904329 447
247 188 m2 710107 -0.0119945975 0.5 p-1 -4029 2
206 189 m2 712137 -0.00834114105 0.5 p-1 -199915 12
136 190 m2 712250 -0.00593736069 0.5 p-1 -28776 9
98 191 m2 718437 -0.00159772276 0.5 p-1 -151636 119
29 192 m2 718644 -0.000761255214 0.5 p-1 -195314 146
145 194 m2 751107 -0.00866438169 0.5 p-1 -345843 130
99 195 m2 752782 -0.00130927493 0.5 p-1 -303359 185
91 197 m2 759881 -0.00914826337 0.5 p-1 -413700 96
100 199 m2 773199 -0.0220429935 0.5 p-1 -957400 186
82 200 m2 773498 -0.0138456021 0.5 p-1 -289513 257
51 201 m2 785428 -0.000780942675 0.5 p-1 -1842829 1118
239 202 m2 785772 -1.95319062e-05 0.5 p-1 -353 2
83 203 m2 788296 -0.000188388818 0.5 p-1 -995901 121
137 204 m2 788822 -0.00121564791 0.5 p-1 -208023 76
52 205 m2 789295 -0.0126096345 0.5 p-1 -221755 124
230 206 m2 792020 -0.00748058083 0.5 p-1 -50815 12
72 207 m2 798158 -0.0145086236 0.5 p-1 -11463924 309
31 208 m2 799415 -0.000773972948 0.5 p-1 -2498066 1352
138 209 m2 801281 -0.000798758119 0.5 p-1 -50764 5
32 210 m2 801928 -0.00214487803 0.5 p-1 -1409166 270
33 212 m2 808490 -1.5967079e-07 0.5 p-1 -1824368 464
124 213 m2 809817 -0.0083765192 0.5 p-1 -807089 168
110 214 m2 810926 -0.00780294742 0.5 p-1 -1452237 413
117 215 m2 810975 -2.93583253e-05 0.5 p-1 -61089 99
34 218 m2 815885 -0.0291205272 0.5 p-1 -9698714 1163
35 221 m2 824595 -0.000272970821 0.5 p-1 -1082739 863
220 223 m2 841944 -0.00163522421 0.5 p-1 -2355 2
36 224 m2 850814 -0.0256395899 0.5 p-1 -1305357 1187
248 225 m2 854990 -0.00183345063 0.5 p-1 -33878 2
198 226 m2 861350 -0.00317994924 0.5 p-1 -174937 4
155 227 m2 870091 -0.000725123915 0.5 p-1 -307834 46
167 228 m2 878630 -1.07939322e-05 0.5 p-1 -38603 2
128 231 m2 896357 -0.0239208341 0.5 p-1 -1938196 295
53 233 m2 902849 -1.47731407e-06 0.5 p-1 -2105904 1221
118 234 m2 908467 -0.0673262551 0.5 p-1 -144834 75
85 238 m2 918893 -8.08182358e-06 0.5 p-1 -3955777 718
139 242 m2 932234 -2.35157017e-06 0.5 p-1 -63198 10
101 244 m2 941069 -0.00761090824 0.5 p-1 -1845652 297
233 246 m2 950619 -0.00319999177 0.5 p-1 -16802 2
232 247 m2 953249 -1.62115384e-06 0.5 p-1 -25763 2
243 248 m2 957412 -0.0028325317 0.5 p-1 -39671 2
92 249 m2 958602 -0.000479366397 0.5 p-1 -137971 147
238 250 m2 961558 -0.0281888731 0.5 p-1 -15033 1
158 251 m2 965484 -0.00159551541 0.5 p-1 -737659 53
193 253 m2 971463 -0.000734146044 0.5 p-1 -78719 12
146 254 m2 975580 -3.58453963e-06 0.5 p-1 -208714 63
201 255 m2 987025 -0.0407646745 0.5 p-1 -212065 4
199 256 m2 987260 -0.00225311029 0.5 p-1 -124545 22
216 257 m2 994287 -0.000821921567 0.5 p-1 -13364 22
211 258 m2 370817 -0.000509924197 0.5 p0 2 1
255 261 m2 460866 -0.000178388858 0.5 p0 2 1
180 264 m2 300724 -6.80028779e-06 0.5 p0 2 2
195 266 m2 360039 -0.00262433919 0.5 p0 2 4
226 267 m2 56749 -0.000387499982 0.5 p0 2 1
222 270 m2 383125 -6.44937827e-05 0.5 p0 2 2
172 276 m2 906254 -0.0102806147 0.5 p0 2 12
217 277 m2 6669 -0.00195120112 0.5 p0 2 2
149 288 m2 532599 -0.00259954832 0.5 p0 2 39
210 293 m2 669393 -0.000413267466 0.5 p0 2 7
197 302 m2 293203 -7.93698916e-07 0.5 p0 2 4
253 306 m2 424135 -0.00100769615 0.5 p0 2 1
229 308 m2 289788 -0.00843631569 0.5 p0 2 6
40 312 m1 632 0 0.5 p-1 -3558721 614
5 316 m1 21084 0 0.5 p-1 -10098016 1900
157 318 m1 97612 0 0.5 p-1 -65794 26
250 320 m1 124205 0 0.5 p-1 -21866 3
130 322 m1 137396 0 0.5 p-1 -257323 151
242 324 m1 187799 0 0.5 p-1 -17054 2
56 327 m1 218281 0 0.5 p-1 -4692176 1688
186 328 m1 222540 0 0.5 p-1 -714297 61
57 329 m1 229906 0 0.5 p-1 -4359635 292
43 330 m1 230467 0 0.5 p-1 -1739072 836
150 332 m1 253785 0 0.5 p-1 -148129 3
187 333 m1 272740 0 0.5 p-1 -618 8
246 334 m1 312798 0 0.5 p-1 -90357 5
12 336 m1 337284 0 0.5 p-1 -2489836 1035
96 337 m1 348392 0 0.5 p-1 -230505 190
88 338 m1 351916 0 0.5 p-1 -1546318 598
152 339 m1 360936 0 0.5 p-1 -35271 34
142 340 m1 362671 0 0.5 p-1 -498809 102
160 342 m1 391918 0 0.5 p-1 -172584 59
61 343 m1 402253 0 0.5 p-1 -14414488 1203
17 345 m1 432730 0 0.5 p-1 -574110 456
141 346 m1 452140 0 0.5 p-1 -3673662 42
120 347 m1 455823 0 0.5 p-1 -1999114 288
64 348 m1 459694 0 0.5 p-1 -1462404 577
105 350 m1 460737 0 0.5 p-1 -316849 350
19 351 m1 462595 0 0.5 p-1 -3625836 1581
121 355 m1 494651 0 0.5 p-1 -905758 82
151 357 m1 517187 0 0.5 p-1 -32413 7
22 358 m1 526437 0 0.5 p-1 -10080710 800
162 361 m1 547791 0 0.5 p-1 -24100 18
109 362 m1 553456 0 0.5 p-1 -1404416 295
69 363 m1 575321 0 0.5 p-1 -48837 44
223 364 m1 588128 0 0.5 p-1 -102655 9
48 365 m1 591069 0 0.5 p-1 -1227909 263
228 366 m1 594548 0 0.5 p-1 -49584 7
252 369 m1 624720 0 0.5 p-1 -69472 2
25 372 m1 647948 0 0.5 p-1 -3335238 332
80 373 m1 690100 0 0.5 p-1 -3988591 215
135 374 m1 704594 0 0.5 p-1 -269447 13
71 376 m1 745377 0 0.5 p-1 -2006200 214
30 377 m1 782496 0 0.5 p-1 -521223 272
221 379 m1 802376 0 0.5 p-1 -105768 31
84 380 m1 808927 0 0.5 p-1 -155526 63
191 381 m1 813261 0 0.5 p-1 -28666 23
183 382 m1 842801 0 0.5 p-1 -9077 7
147 383 m1 849537 0 0.5 p-1 -95569 31
185 384 m1 851205 0 0.5 p-1 -216786 18
165 386 m1 854562 0 0.5 p-1 -57890 36
37 388 m1 889132 0 0.5 p-1 -2518753 742
38 389 m1 919912 0 0.5 p-1 -1365202 687
39 390 m1 921996 0 0.5 p-1 -973328 488
144 392 m1 941261 0 0.5 p-1 -736858 88
188 393 m1 941626 0 0.5 p-1 -115109 20
54 394 m1 943045 0 0.5 p-1 -212978 48
171 395 m1 958447 0 0.5 p-1 -59315 25
122 396 m1 976001 0 0.5 p-1 -89773 28
Individuals:
