Mutations:
41 0 m2 1231 -0.00080172898 0.5 p-1 -7645466 1375
80 1 m2 3175 -0.0148668271 0.5 p-1 -1214930 877
0 2 m2 8961 -7.37684168e-05 0.5 p-1 -1951837 1221
1 3 m2 10089 -2.4919631e-05 0.5 p-1 -4794337 1033
158 4 m2 11808 -1.27802823e-05 0.5 p-1 -613610 25
61 6 m2 14084 -0.00248933421 0.5 p-1 -263978 256
2 7 m2 19688 -0.00944394246 0.5 p-1 -4600892 1858
194 8 m2 24497 -0.000130752596 0.5 p-1 -184253 22
100 10 m2 34500 -0.0241124891 0.5 p-1 -235014 176
86 12 m2 48140 -0.0047394447 0.5 p-1 -398981 103
132 14 m2 60013 -0.132834598 0.5 p-1 -1830123 142
201 15 m2 60362 -0.00320520392 0.5 p-1 -25488 22
4 16 m2 62904 -0.000243768853 0.5 p-1 -5892079 1900
168 17 m2 68667 -0.0116940103 0.5 p-1 -35721 76
145 18 m2 71912 -4.07834023e-06 0.5 p-1 -63906 18
5 19 m2 79140 -0.00460541435 0.5 p-1 -2153139 393
42 20 m2 79863 -0.00197226251 0.5 p-1 -793918 263
6 21 m2 89770 -0.00231631682 0.5 p-1 -6703037 131
127 24 m2 103434 -3.07754308e-05 0.5 p-1 -5212896 291
43 27 m2 116362 -0.0755829588 0.5 p-1 -1648693 698
7 28 m2 118289 -0.00385948573 0.5 p-1 -4115779 923
156 29 m2 119316 -0.000200187293 0.5 p-1 -24577 15
207 33 m2 154373 -0.00249115587 0.5 p-1 -3517 3
203 35 m2 158712 -0.0031094139 0.5 p-1 -1737 12
162 36 m2 160869 -0.00572789786 0.5 p-1 -84204 32
236 37 m2 165958 -0.0404112116 0.5 p-1 -5857 8
8 39 m2 176281 -0.00240853522 0.5 p-1 -2039494 720
251 40 m2 184367 -0.00845448021 0.5 p-1 -238403 2
125 41 m2 188615 -0.013154177 0.5 p-1 -314722 278
244 42 m2 207142 -0.000537022832 0.5 p-1 -29624 1
136 43 m2 213671 -0.00488863653 0.5 p-1 -132681 52
245 44 m2 214776 -0.00444340101 0.5 p-1 -985 1
223 46 m2 216559 -0.00452958466 0.5 p-1 -73680 12
196 49 m2 229301 -0.000128364598 0.5 p-1 -61065 12
109 51 m2 251557 -0.00892417133 0.5 p-1 -1087270 213
71 52 m2 251725 -0.00664976332 0.5 p-1 -4705947 723
172 55 m2 262163 -0.0064827092 0.5 p-1 -19464 12
87 56 m2 262521 -1.11346199e-09 0.5 p-1 -707143 298
88 59 m2 267651 -0.0162247028 0.5 p-1 -352555 41
195 61 m2 276516 -0.00622100616 0.5 p-1 -236841 15
131 63 m2 279766 -0.000441381766 0.5 p-1 -775010 617
115 64 m2 292709 -0.00147994992 0.5 p-1 -2419734 69
72 66 m2 298727 -0.00208796421 0.5 p-1 -670846 217
11 67 m2 301747 -0.00294766156 0.5 p-1 -2700600 1510
102 68 m2 302879 -0.000287182571 0.5 p-1 -80104 148
62 69 m2 305043 -0.00801861659 0.5 p-1 -289741 27
261 71 m2 314691 -0.000269928656 0.5 p-1 -48272 3
89 72 m2 315503 -0.000693023379 0.5 p-1 -4444904 289
95 73 m2 316176 -0.00198813621 0.5 p-1 -954116 312
137 74 m2 316906 -1.74336346e-05 0.5 p-1 -1033517 171
73 75 m2 317166 -0.00101102761 0.5 p-1 -4385029 1449
90 76 m2 317366 -0.0155752646 0.5 p-1 -588191 96
260 77 m2 318466 -0.000144946142 0.5 p-1 -4199 1
110 78 m2 323333 -0.000133807014 0.5 p-1 -228177 49
215 79 m2 324055 -0.0258740243 0.5 p-1 -98144 29
193 80 m2 325745 -0.000327431335 0.5 p-1 -296458 16
12 81 m2 331445 -0.00947157759 0.5 p-1 -1271778 540
176 84 m2 335142 -0.000756009656 0.5 p-1 -279581 30
13 85 m2 339122 -0.00112968031 0.5 p-1 -708600 477
183 86 m2 340689 -1.40473694e-05 0.5 p-1 -17599 9
157 87 m2 343196 -0.00255585299 0.5 p-1 -191277 61
122 89 m2 346140 -0.00029374435 0.5 p-1 -344953 278
15 90 m2 353029 -0.0208291709 0.5 p-1 -2989572 1962
199 92 m2 358283 -0.00041189816 0.5 p-1 -12225 15
123 93 m2 361375 -0.00745160319 0.5 p-1 -268271 93
197 94 m2 363965 -0.00113458862 0.5 p-1 -5127309 30
263 95 m2 364124 -0.0196263809 0.5 p-1 -34325 2
151 96 m2 371880 -0.0012454621 0.5 p-1 -37218 18
63 97 m2 380015 -0.000712774927 0.5 p-1 -560686 373
16 98 m2 382997 -0.00743887294 0.5 p-1 -5327129 452
189 99 m2 389870 -0.0115532726 0.5 p-1 -140935 47
74 100 m2 392734 -6.70690497e-05 0.5 p-1 -3120220 273
97 102 m2 398468 -0.00267570745 0.5 p-1 -3315971 478
111 104 m2 403780 -6.36830737e-05 0.5 p-1 -30759 17
98 105 m2 408748 -0.0134795206 0.5 p-1 -524905 273
152 108 m2 410981 -0.00362602295 0.5 p-1 -305254 24
18 109 m2 418279 -2.34172276e-07 0.5 p-1 -2145648 956
116 110 m2 420774 -6.58647477e-05 0.5 p-1 -222182 256
243 111 m2 422701 -0.00286685419 0.5 p-1 -10120 4
45 112 m2 425137 -1.67564838e-06 0.5 p-1 -1045169 83
246 114 m2 428205 -0.000630817143 0.5 p-1 -1375 3
19 115 m2 435577 -0.0109603042 0.5 p-1 -8274047 1995
117 116 m2 443441 -0.00133170863 0.5 p-1 -1145925 309
213 117 m2 453609 -0.0101756779 0.5 p-1 -25205 11
20 118 m2 459911 -0.00120039377 0.5 p-1 -2910997 1018
210 121 m2 469087 -0.00658264803 0.5 p-1 -111617 37
167 122 m2 469391 -0.0253741685 0.5 p-1 -16274 35
242 123 m2 469787 -0.014729741 0.5 p-1 -38068 1
241 124 m2 470271 -0.0132572558 0.5 p-1 -1271 5
155 125 m2 470430 -0.000782476156 0.5 p-1 -389120 94
47 126 m2 476509 -0.0372714512 0.5 p-1 -4228614 1088
76 127 m2 484732 -0.121992543 0.5 p-1 -461403 366
22 129 m2 485511 -0.0229887161 0.5 p-1 -3431673 1941
48 130 m2 487768 -0.00994762033 0.5 p-1 -217951 125
118 131 m2 495006 -0.00936124846 0.5 p-1 -165162 119
200 132 m2 498509 -0.0233227462 0.5 p-1 -3029 5
184 134 m2 510649 -0.00606248155 0.5 p-1 -10567 12
65 136 m2 521143 -0.0420481339 0.5 p-1 -4361471 345
209 137 m2 522624 -0.0811717361 0.5 p-1 -34898 4
49 138 m2 523844 -0.00100599614 0.5 p-1 -2708401 1344
50 139 m2 523901 -4.40707436e-06 0.5 p-1 -1201152 990
175 140 m2 527159 -0.00126458553 0.5 p-1 -27407 18
81 141 m2 534084 -0.000564648537 0.5 p-1 -23820 46
143 142 m2 536768 -0.0137637947 0.5 p-1 -488210 22
51 144 m2 551086 -5.94153535e-05 0.5 p-1 -107066 12
149 147 m2 568007 -0.00943254493 0.5 p-1 -227305 52
103 148 m2 570078 -0.00617748452 0.5 p-1 -1000334 308
24 150 m2 577675 -0.00632537249 0.5 p-1 -7293467 314
190 151 m2 578807 -0.0605977699 0.5 p-1 -3599794 21
204 152 m2 585047 -0.00033918058 0.5 p-1 -17351 1
164 153 m2 590599 -0.00253749778 0.5 p-1 -18389 21
26 154 m2 594034 -0.0272596721 0.5 p-1 -5790507 1198
27 155 m2 594308 -0.0174575318 0.5 p-1 -1771925 1028
52 157 m2 602177 -0.0202868786 0.5 p-1 -294624 274
179 158 m2 605448 -0.0518630035 0.5 p-1 -17311 20
222 159 m2 608072 -0.00410630461 0.5 p-1 -126922 9
220 160 m2 610681 -0.00116612553 0.5 p-1 -705900 10
205 162 m2 624661 -0.0156570021 0.5 p-1 -9433 9
91 163 m2 629399 -0.000889164919 0.5 p-1 -5560897 507
182 165 m2 632618 -0.000803245697 0.5 p-1 -2428 4
230 166 m2 633209 -0.00919276942 0.5 p-1 -318540 6
28 168 m2 638688 -0.00064148003 0.5 p-1 -64159 73
225 169 m2 639663 -0.000166122234 0.5 p-1 -194989 2
29 170 m2 647860 -0.00135216571 0.5 p-1 -5409471 1890
146 171 m2 648197 -0.0131080169 0.5 p-1 -4880 10
163 173 m2 649855 -4.28618796e-06 0.5 p-1 -101374 37
140 174 m2 651760 -0.00224380218 0.5 p-1 -2416069 140
54 175 m2 653201 -0.0334673673 0.5 p-1 -3914361 829
55 176 m2 668144 -0.0116785169 0.5 p-1 -1551525 991
160 179 m2 679145 -1.47776857e-08 0.5 p-1 -23393 8
30 180 m2 681439 -0.00615669927 0.5 p-1 -1828518 1997
67 181 m2 683186 -4.01723355e-06 0.5 p-1 -5976789 155
138 182 m2 685652 -0.000282613066 0.5 p-1 -732976 106
104 183 m2 689325 -3.94434646e-05 0.5 p-1 -899619 201
181 184 m2 694315 -0.012321867 0.5 p-1 -45326 34
82 185 m2 703694 -0.0229058284 0.5 p-1 -817230 411
105 186 m2 704651 -0.00048502846 0.5 p-1 -2505901 491
56 187 m2 707851 -0.00486115366 0.5 p-1 -1904329 458
227 188 m2 710107 -0.0119945975 0.5 p-1 -4029 5
211 189 m2 712137 -0.00834114105 0.5 p-1 -199915 5
185 190 m2 712250 -0.00593736069 0.5 p-1 -28776 15
106 191 m2 718437 -0.00159772276 0.5 p-1 -151636 88
83 192 m2 718644 -0.000761255214 0.5 p-1 -195314 139
139 194 m2 751107 -0.00866438169 0.5 p-1 -345843 161
57 195 m2 752782 -0.00130927493 0.5 p-1 -303359 201
92 197 m2 759881 -0.00914826337 0.5 p-1 -413700 85
113 199 m2 773199 -0.0220429935 0.5 p-1 -957400 210
32 200 m2 773498 -0.0138456021 0.5 p-1 -289513 254
33 201 m2 785428 -0.000780942675 0.5 p-1 -1842829 1022
119 203 m2 788296 -0.000188388818 0.5 p-1 -995901 113
147 204 m2 788822 -0.00121564791 0.5 p-1 -208023 66
120 205 m2 789295 -0.0126096345 0.5 p-1 -221755 96
180 206 m2 792020 -0.00748058083 0.5 p-1 -50815 27
34 207 m2 798158 -0.0145086236 0.5 p-1 -11463924 354
35 208 m2 799415 -0.000773972948 0.5 p-1 -2498066 1325
218 209 m2 801281 -0.000798758119 0.5 p-1 -50764 2
129 210 m2 801928 -0.00214487803 0.5 p-1 -1409166 347
84 212 m2 808490 -1.5967079e-07 0.5 p-1 -1824368 569
77 213 m2 809817 -0.0083765192 0.5 p-1 -807089 118
78 214 m2 810926 -0.00780294742 0.5 p-1 -1452237 319
36 215 m2 810975 -2.93583253e-05 0.5 p-1 -61089 83
235 217 m2 815206 -0.0153097259 0.5 p-1 -7915 5
68 218 m2 815885 -0.0291205272 0.5 p-1 -9698714 1080
58 221 m2 824595 -0.000272970821 0.5 p-1 -1082739 933
59 224 m2 850814 -0.0256395899 0.5 p-1 -1305357 1226
161 225 m2 854990 -0.00183345063 0.5 p-1 -33878 13
107 226 m2 861350 -0.00317994924 0.5 p-1 -174937 31
135 227 m2 870091 -0.000725123915 0.5 p-1 -307834 39
254 228 m2 878630 -1.07939322e-05 0.5 p-1 -38603 1
186 229 m2 887736 -7.64440992e-05 0.5 p-1 -5576 4
37 231 m2 896357 -0.0239208341 0.5 p-1 -1938196 385
191 232 m2 898981 -0.0275425259 0.5 p-1 -27889 14
69 233 m2 902849 -1.47731407e-06 0.5 p-1 -2105904 1127
130 234 m2 908467 -0.0673262551 0.5 p-1 -144834 41
60 238 m2 918893 -8.08182358e-06 0.5 p-1 -3955777 758
255 239 m2 923005 -6.74021949e-09 0.5 p-1 -1164 1
239 242 m2 932234 -2.35157017e-06 0.5 p-1 -63198 8
141 244 m2 941069 -0.00761090824 0.5 p-1 -1845652 219
221 245 m2 947828 -0.0455232635 0.5 p-1 -17709 6
248 246 m2 950619 -0.00319999177 0.5 p-1 -16802 5
202 247 m2 953249 -1.62115384e-06 0.5 p-1 -25763 41
234 248 m2 957412 -0.0028325317 0.5 p-1 -39671 5
38 249 m2 958602 -0.000479366397 0.5 p-1 -137971 241
208 250 m2 961558 -0.0281888731 0.5 p-1 -15033 9
188 251 m2 965484 -0.00159551541 0.5 p-1 -737659 25
39 253 m2 971463 -0.000734146044 0.5 p-1 -78719 74
150 254 m2 975580 -3.58453963e-06 0.5 p-1 -208714 56
170 255 m2 987025 -0.0407646745 0.5 p-1 -212065 9
121 256 m2 987260 -0.00225311029 0.5 p-1 -124545 52
206 257 m2 994287 -0.000821921567 0.5 p-1 -13364 6
247 261 m2 460866 -0.000178388858 0.5 p0 2 1
229 262 m2 714313 -9.61067371e-07 0.5 p0 2 3
232 267 m2 56749 -0.000387499982 0.5 p0 2 3
166 272 m2 249999 -0.0259753484 0.5 p0 2 29
240 276 m2 906254 -0.0102806147 0.5 p0 2 6
259 277 m2 6669 -0.00195120112 0.5 p0 2 1
224 289 m2 112693 -0.00151419558 0.5 p0 2 2
219 290 m2 576656 -0.0359075516 0.5 p0 2 1
253 293 m2 669393 -0.000413267466 0.5 p0 2 1
256 295 m2 44438 -1.7006043e-05 0.5 p0 2 2
187 296 m2 925752 -5.34768842e-05 0.5 p0 2 14
262 301 m2 197162 -0.00113087904 0.5 p0 2 2
257 302 m2 293203 -7.93698916e-07 0.5 p0 2 1
40 312 m1 632 0 0.5 p-1 -3558721 619
3 316 m1 21084 0 0.5 p-1 -10098016 1960
233 318 m1 97612 0 0.5 p-1 -65794 3
169 319 m1 111569 0 0.5 p-1 -32084 10
226 320 m1 124205 0 0.5 p-1 -21866 5
133 322 m1 137396 0 0.5 p-1 -257323 79
250 325 m1 190140 0 0.5 p-1 -2248 1
216 326 m1 200629 0 0.5 p-1 -322 4
9 327 m1 218281 0 0.5 p-1 -4692176 1717
101 328 m1 222540 0 0.5 p-1 -714297 62
94 329 m1 229906 0 0.5 p-1 -4359635 218
10 330 m1 230467 0 0.5 p-1 -1739072 871
154 331 m1 242369 0 0.5 p-1 -662 2
249 333 m1 272740 0 0.5 p-1 -618 4
44 336 m1 337284 0 0.5 p-1 -2489836 887
128 337 m1 348392 0 0.5 p-1 -230505 214
14 338 m1 351916 0 0.5 p-1 -1546318 633
212 339 m1 360936 0 0.5 p-1 -35271 14
124 340 m1 362671 0 0.5 p-1 -498809 179
192 341 m1 384295 0 0.5 p-1 -15836 9
96 342 m1 391918 0 0.5 p-1 -172584 45
17 343 m1 402253 0 0.5 p-1 -14414488 1182
112 345 m1 432730 0 0.5 p-1 -574110 442
148 346 m1 452140 0 0.5 p-1 -3673662 62
75 347 m1 455823 0 0.5 p-1 -1999114 420
46 348 m1 459694 0 0.5 p-1 -1462404 611
238 349 m1 460088 0 0.5 p-1 -15255 7
64 350 m1 460737 0 0.5 p-1 -316849 244
21 351 m1 462595 0 0.5 p-1 -3625836 1390
258 353 m1 469764 0 0.5 p-1 -10180 1
134 355 m1 494651 0 0.5 p-1 -905758 84
217 357 m1 517187 0 0.5 p-1 -32413 12
66 358 m1 526437 0 0.5 p-1 -10080710 848
23 361 m1 547791 0 0.5 p-1 -24100 32
126 362 m1 553456 0 0.5 p-1 -1404416 346
153 363 m1 575321 0 0.5 p-1 -48837 31
159 364 m1 588128 0 0.5 p-1 -102655 2
25 365 m1 591069 0 0.5 p-1 -1227909 254
237 366 m1 594548 0 0.5 p-1 -49584 1
231 367 m1 608059 0 0.5 p-1 -30599 9
198 369 m1 624720 0 0.5 p-1 -69472 31
53 372 m1 647948 0 0.5 p-1 -3335238 259
144 373 m1 690100 0 0.5 p-1 -3988591 224
173 374 m1 704594 0 0.5 p-1 -269447 22
31 376 m1 745377 0 0.5 p-1 -2006200 292
114 377 m1 782496 0 0.5 p-1 -521223 278
177 379 m1 802376 0 0.5 p-1 -105768 27
85 380 m1 808927 0 0.5 p-1 -155526 37
99 381 m1 813261 0 0.5 p-1 -28666 22
214 383 m1 849537 0 0.5 p-1 -95569 9
228 384 m1 851205 0 0.5 p-1 -216786 5
171 386 m1 854562 0 0.5 p-1 -57890 23
79 388 m1 889132 0 0.5 p-1 -2518753 820
108 389 m1 919912 0 0.5 p-1 -1365202 480
70 390 m1 921996 0 0.5 p-1 -973328 630
174 392 m1 941261 0 0.5 p-1 -736858 62
165 393 m1 941626 0 0.5 p-1 -115109 24
93 394 m1 943045 0 0.5 p-1 -212978 14
142 395 m1 958447 0 0.5 p-1 -59315 8
178 396 m1 976001 0 0.5 p-1 -89773 15
252 397 m1 978124 0 0.5 p-1 -656 2
Individuals:
