Mutations:
0 0 m2 1231 -0.00080172898 0.5 p-1 -7645466 1420
1 1 m2 3175 -0.0148668271 0.5 p-1 -1214930 1000
38 2 m2 8961 -7.37684168e-05 0.5 p-1 -1951837 1161
39 3 m2 10089 -2.4919631e-05 0.5 p-1 -4794337 943
214 4 m2 11808 -1.27802823e-05 0.5 p-1 -613610 7
157 6 m2 14084 -0.00248933421 0.5 p-1 -263978 272
2 7 m2 19688 -0.00944394246 0.5 p-1 -4600892 1875
96 8 m2 24497 -0.000130752596 0.5 p-1 -184253 41
116 10 m2 34500 -0.0241124891 0.5 p-1 -235014 125
4 12 m2 48140 -0.0047394447 0.5 p-1 -398981 89
141 14 m2 60013 -0.132834598 0.5 p-1 -1830123 206
238 15 m2 60362 -0.00320520392 0.5 p-1 -25488 10
5 16 m2 62904 -0.000243768853 0.5 p-1 -5892079 1902
171 17 m2 68667 -0.0116940103 0.5 p-1 -35721 65
199 18 m2 71912 -4.07834023e-06 0.5 p-1 -63906 17
40 19 m2 79140 -0.00460541435 0.5 p-1 -2153139 408
117 20 m2 79863 -0.00197226251 0.5 p-1 -793918 227
75 21 m2 89770 -0.00231631682 0.5 p-1 -6703037 126
101 24 m2 103434 -3.07754308e-05 0.5 p-1 -5212896 371
210 26 m2 112476 -1.87674541e-05 0.5 p-1 -8277929 5
61 27 m2 116362 -0.0755829588 0.5 p-1 -1648693 700
76 28 m2 118289 -0.00385948573 0.5 p-1 -4115779 865
204 29 m2 119316 -0.000200187293 0.5 p-1 -24577 10
279 31 m2 134912 -0.00161913899 0.5 p-1 -2105 2
241 32 m2 138896 -0.0317417979 0.5 p-1 -138221 3
273 35 m2 158712 -0.0031094139 0.5 p-1 -1737 1
181 36 m2 160869 -0.00572789786 0.5 p-1 -84204 31
216 37 m2 165958 -0.0404112116 0.5 p-1 -5857 2
6 39 m2 176281 -0.00240853522 0.5 p-1 -2039494 677
233 40 m2 184367 -0.00845448021 0.5 p-1 -238403 10
98 41 m2 188615 -0.013154177 0.5 p-1 -314722 337
222 42 m2 207142 -0.000537022832 0.5 p-1 -29624 2
118 43 m2 213671 -0.00488863653 0.5 p-1 -132681 28
275 44 m2 214776 -0.00444340101 0.5 p-1 -985 1
192 45 m2 214928 -0.00155167736 0.5 p-1 -29125 4
154 46 m2 216559 -0.00452958466 0.5 p-1 -73680 26
200 49 m2 229301 -0.000128364598 0.5 p-1 -61065 10
90 51 m2 251557 -0.00892417133 0.5 p-1 -1087270 146
8 52 m2 251725 -0.00664976332 0.5 p-1 -4705947 843
163 55 m2 262163 -0.0064827092 0.5 p-1 -19464 23
153 56 m2 262521 -1.11346199e-09 0.5 p-1 -707143 357
148 59 m2 267651 -0.0162247028 0.5 p-1 -352555 77
184 61 m2 276516 -0.00622100616 0.5 p-1 -236841 20
63 63 m2 279766 -0.000441381766 0.5 p-1 -775010 642
146 64 m2 292709 -0.00147994992 0.5 p-1 -2419734 44
9 66 m2 298727 -0.00208796421 0.5 p-1 -670846 138
10 67 m2 301747 -0.00294766156 0.5 p-1 -2700600 1526
91 68 m2 302879 -0.000287182571 0.5 p-1 -80104 141
77 69 m2 305043 -0.00801861659 0.5 p-1 -289741 33
242 71 m2 314691 -0.000269928656 0.5 p-1 -48272 10
42 72 m2 315503 -0.000693023379 0.5 p-1 -4444904 337
64 73 m2 316176 -0.00198813621 0.5 p-1 -954116 297
150 74 m2 316906 -1.74336346e-05 0.5 p-1 -1033517 150
11 75 m2 317166 -0.00101102761 0.5 p-1 -4385029 1460
12 76 m2 317366 -0.0155752646 0.5 p-1 -588191 145
232 77 m2 318466 -0.000144946142 0.5 p-1 -4199 5
168 78 m2 323333 -0.000133807014 0.5 p-1 -228177 76
201 79 m2 324055 -0.0258740243 0.5 p-1 -98144 22
211 80 m2 325745 -0.000327431335 0.5 p-1 -296458 13
13 81 m2 331445 -0.00947157759 0.5 p-1 -1271778 479
193 82 m2 331810 -1.41491082e-05 0.5 p-1 -7618 3
234 84 m2 335142 -0.000756009656 0.5 p-1 -279581 15
14 85 m2 339122 -0.00112968031 0.5 p-1 -708600 492
103 86 m2 340689 -1.40473694e-05 0.5 p-1 -17599 7
65 87 m2 343196 -0.00255585299 0.5 p-1 -191277 54
283 88 m2 344144 -0.00128823158 0.5 p-1 -23647 1
78 89 m2 346140 -0.00029374435 0.5 p-1 -344953 264
15 90 m2 353029 -0.0208291709 0.5 p-1 -2989572 1977
276 92 m2 358283 -0.00041189816 0.5 p-1 -12225 3
149 93 m2 361375 -0.00745160319 0.5 p-1 -268271 98
246 94 m2 363965 -0.00113458862 0.5 p-1 -5127309 6
231 95 m2 364124 -0.0196263809 0.5 p-1 -34325 4
221 96 m2 371880 -0.0012454621 0.5 p-1 -37218 10
79 97 m2 380015 -0.000712774927 0.5 p-1 -560686 312
92 98 m2 382997 -0.00743887294 0.5 p-1 -5327129 455
99 99 m2 389870 -0.0115532726 0.5 p-1 -140935 71
100 100 m2 392734 -6.70690497e-05 0.5 p-1 -3120220 394
45 102 m2 398468 -0.00267570745 0.5 p-1 -3315971 404
228 103 m2 403454 -0.00532808155 0.5 p-1 -37104 10
209 104 m2 403780 -6.36830737e-05 0.5 p-1 -30759 7
108 105 m2 408748 -0.0134795206 0.5 p-1 -524905 287
187 108 m2 410981 -0.00362602295 0.5 p-1 -305254 48
46 109 m2 418279 -2.34172276e-07 0.5 p-1 -2145648 948
166 110 m2 420774 -6.58647477e-05 0.5 p-1 -222182 233
245 111 m2 422701 -0.00286685419 0.5 p-1 -10120 5
126 112 m2 425137 -1.67564838e-06 0.5 p-1 -1045169 97
264 114 m2 428205 -0.000630817143 0.5 p-1 -1375 3
17 115 m2 435577 -0.0109603042 0.5 p-1 -8274047 1994
80 116 m2 443441 -0.00133170863 0.5 p-1 -1145925 380
119 117 m2 453609 -0.0101756779 0.5 p-1 -25205 42
47 118 m2 459911 -0.00120039377 0.5 p-1 -2910997 1099
213 121 m2 469087 -0.00658264803 0.5 p-1 -111617 31
227 122 m2 469391 -0.0253741685 0.5 p-1 -16274 5
223 123 m2 469787 -0.014729741 0.5 p-1 -38068 5
82 125 m2 470430 -0.000782476156 0.5 p-1 -389120 70
48 126 m2 476509 -0.0372714512 0.5 p-1 -4228614 1092
120 127 m2 484732 -0.121992543 0.5 p-1 -461403 295
207 128 m2 485489 -0.00488575594 0.5 p-1 -9603 1
19 129 m2 485511 -0.0229887161 0.5 p-1 -3431673 1981
121 130 m2 487768 -0.00994762033 0.5 p-1 -217951 126
49 131 m2 495006 -0.00936124846 0.5 p-1 -165162 61
260 132 m2 498509 -0.0233227462 0.5 p-1 -3029 1
198 134 m2 510649 -0.00606248155 0.5 p-1 -10567 8
50 136 m2 521143 -0.0420481339 0.5 p-1 -4361471 409
247 137 m2 522624 -0.0811717361 0.5 p-1 -34898 10
51 138 m2 523844 -0.00100599614 0.5 p-1 -2708401 1381
52 139 m2 523901 -4.40707436e-06 0.5 p-1 -1201152 1117
186 140 m2 527159 -0.00126458553 0.5 p-1 -27407 34
217 141 m2 534084 -0.000564648537 0.5 p-1 -23820 29
161 142 m2 536768 -0.0137637947 0.5 p-1 -488210 35
236 144 m2 551086 -5.94153535e-05 0.5 p-1 -107066 44
53 147 m2 568007 -0.00943254493 0.5 p-1 -227305 99
22 148 m2 570078 -0.00617748452 0.5 p-1 -1000334 235
138 150 m2 577675 -0.00632537249 0.5 p-1 -7293467 375
159 151 m2 578807 -0.0605977699 0.5 p-1 -3599794 41
194 152 m2 585047 -0.00033918058 0.5 p-1 -17351 7
257 153 m2 590599 -0.00253749778 0.5 p-1 -18389 4
24 154 m2 594034 -0.0272596721 0.5 p-1 -5790507 1127
54 155 m2 594308 -0.0174575318 0.5 p-1 -1771925 980
151 157 m2 602177 -0.0202868786 0.5 p-1 -294624 207
133 158 m2 605448 -0.0518630035 0.5 p-1 -17311 24
215 159 m2 608072 -0.00410630461 0.5 p-1 -126922 8
175 160 m2 610681 -0.00116612553 0.5 p-1 -705900 29
261 162 m2 624661 -0.0156570021 0.5 p-1 -9433 1
25 163 m2 629399 -0.000889164919 0.5 p-1 -5560897 501
205 165 m2 632618 -0.000803245697 0.5 p-1 -2428 3
188 166 m2 633209 -0.00919276942 0.5 p-1 -318540 16
69 168 m2 638688 -0.00064148003 0.5 p-1 -64159 119
256 169 m2 639663 -0.000166122234 0.5 p-1 -194989 10
55 170 m2 647860 -0.00135216571 0.5 p-1 -5409471 1878
284 171 m2 648197 -0.0131080169 0.5 p-1 -4880 1
230 173 m2 649855 -4.28618796e-06 0.5 p-1 -101374 20
122 174 m2 651760 -0.00224380218 0.5 p-1 -2416069 158
56 175 m2 653201 -0.0334673673 0.5 p-1 -3914361 951
26 176 m2 668144 -0.0116785169 0.5 p-1 -1551525 929
179 178 m2 676387 -0.00400361745 0.5 p-1 -22144 6
70 179 m2 679145 -1.47776857e-08 0.5 p-1 -23393 17
57 181 m2 683186 -4.01723355e-06 0.5 p-1 -5976789 180
110 182 m2 685652 -0.000282613066 0.5 p-1 -732976 151
132 183 m2 689325 -3.94434646e-05 0.5 p-1 -899619 192
190 184 m2 694315 -0.012321867 0.5 p-1 -45326 53
28 185 m2 703694 -0.0229058284 0.5 p-1 -817230 310
84 186 m2 704651 -0.00048502846 0.5 p-1 -2505901 565
93 187 m2 707851 -0.00486115366 0.5 p-1 -1904329 394
29 188 m2 710107 -0.0119945975 0.5 p-1 -4029 10
235 189 m2 712137 -0.00834114105 0.5 p-1 -199915 6
218 190 m2 712250 -0.00593736069 0.5 p-1 -28776 4
30 191 m2 718437 -0.00159772276 0.5 p-1 -151636 90
94 192 m2 718644 -0.000761255214 0.5 p-1 -195314 126
58 194 m2 751107 -0.00866438169 0.5 p-1 -345843 203
85 195 m2 752782 -0.00130927493 0.5 p-1 -303359 212
127 197 m2 759881 -0.00914826337 0.5 p-1 -413700 132
123 199 m2 773199 -0.0220429935 0.5 p-1 -957400 200
111 200 m2 773498 -0.0138456021 0.5 p-1 -289513 254
31 201 m2 785428 -0.000780942675 0.5 p-1 -1842829 1202
124 203 m2 788296 -0.000188388818 0.5 p-1 -995901 245
125 204 m2 788822 -0.00121564791 0.5 p-1 -208023 161
160 205 m2 789295 -0.0126096345 0.5 p-1 -221755 124
156 206 m2 792020 -0.00748058083 0.5 p-1 -50815 30
112 207 m2 798158 -0.0145086236 0.5 p-1 -11463924 270
32 208 m2 799415 -0.000773972948 0.5 p-1 -2498066 1243
169 209 m2 801281 -0.000798758119 0.5 p-1 -50764 58
59 210 m2 801928 -0.00214487803 0.5 p-1 -1409166 337
71 212 m2 808490 -1.5967079e-07 0.5 p-1 -1824368 514
72 213 m2 809817 -0.0083765192 0.5 p-1 -807089 180
87 214 m2 810926 -0.00780294742 0.5 p-1 -1452237 381
145 215 m2 810975 -2.93583253e-05 0.5 p-1 -61089 69
33 218 m2 815885 -0.0291205272 0.5 p-1 -9698714 1119
288 220 m2 820807 -0.0381030776 0.5 p-1 -9922 1
60 221 m2 824595 -0.000272970821 0.5 p-1 -1082739 925
158 222 m2 839074 -0.00900359638 0.5 p-1 -10511 8
226 223 m2 841944 -0.00163522421 0.5 p-1 -2355 2
34 224 m2 850814 -0.0256395899 0.5 p-1 -1305357 1361
113 225 m2 854990 -0.00183345063 0.5 p-1 -33878 15
237 226 m2 861350 -0.00317994924 0.5 p-1 -174937 9
35 227 m2 870091 -0.000725123915 0.5 p-1 -307834 37
224 228 m2 878630 -1.07939322e-05 0.5 p-1 -38603 1
114 231 m2 896357 -0.0239208341 0.5 p-1 -1938196 481
134 232 m2 898981 -0.0275425259 0.5 p-1 -27889 5
73 233 m2 902849 -1.47731407e-06 0.5 p-1 -2105904 1022
182 234 m2 908467 -0.0673262551 0.5 p-1 -144834 50
36 238 m2 918893 -8.08182358e-06 0.5 p-1 -3955777 720
129 240 m2 923343 -0.00456575071 0.5 p-1 -397 2
203 242 m2 932234 -2.35157017e-06 0.5 p-1 -63198 15
178 243 m2 935282 -0.0325468592 0.5 p-1 -7375 5
115 244 m2 941069 -0.00761090824 0.5 p-1 -1845652 257
265 245 m2 947828 -0.0455232635 0.5 p-1 -17709 4
225 246 m2 950619 -0.00319999177 0.5 p-1 -16802 5
170 247 m2 953249 -1.62115384e-06 0.5 p-1 -25763 64
258 248 m2 957412 -0.0028325317 0.5 p-1 -39671 3
88 249 m2 958602 -0.000479366397 0.5 p-1 -137971 156
106 250 m2 961558 -0.0281888731 0.5 p-1 -15033 4
139 251 m2 965484 -0.00159551541 0.5 p-1 -737659 46
173 253 m2 971463 -0.000734146044 0.5 p-1 -78719 71
136 254 m2 975580 -3.58453963e-06 0.5 p-1 -208714 83
162 255 m2 987025 -0.0407646745 0.5 p-1 -212065 15
140 256 m2 987260 -0.00225311029 0.5 p-1 -124545 86
142 257 m2 994287 -0.000821921567 0.5 p-1 -13364 15
290 258 m2 370817 -0.000509924197 0.5 p0 2 1
240 259 m2 328978 -0.0202935971 0.5 p0 2 1
250 263 m2 218287 -0.000996529474 0.5 p0 2 1
239 264 m2 300724 -6.80028779e-06 0.5 p0 2 1
147 265 m2 740040 -0.0183521844 0.5 p0 2 8
259 267 m2 56749 -0.000387499982 0.5 p0 2 3
281 273 m2 967672 -0.0139055829 0.5 p0 2 1
202 274 m2 395316 -0.0165097918 0.5 p0 2 2
266 276 m2 906254 -0.0102806147 0.5 p0 2 1
285 277 m2 6669 -0.00195120112 0.5 p0 2 1
289 280 m2 511270 -0.00014035833 0.5 p0 2 1
249 281 m2 436002 -0.0615603961 0.5 p0 2 1
286 282 m2 457692 -0.00501698302 0.5 p0 2 1
195 283 m2 640098 -0.0132629192 0.5 p0 2 2
174 285 m2 993470 -0.0029851296 0.5 p0 2 33
274 290 m2 576656 -0.0359075516 0.5 p0 2 1
97 292 m2 69472 -0.00752434367 0.5 p0 2 4
280 293 m2 669393 -0.000413267466 0.5 p0 2 1
263 294 m2 341964 -0.000124308397 0.5 p0 2 1
130 295 m2 44438 -1.7006043e-05 0.5 p0 2 2
254 297 m2 778473 -0.0113776177 0.5 p0 2 2
268 300 m2 405246 -5.40345081e-06 0.5 p0 2 1
287 301 m2 197162 -0.00113087904 0.5 p0 2 1
282 304 m2 155970 -7.46184887e-05 0.5 p0 2 1
278 305 m2 702983 -0.023210559 0.5 p0 2 2
251 306 m2 424135 -0.00100769615 0.5 p0 2 11
144 307 m2 710060 -0.000199299335 0.5 p0 2 4
74 312 m1 632 0 0.5 p-1 -3558721 681
267 315 m1 19496 0 0.5 p-1 -8214 1
3 316 m1 21084 0 0.5 p-1 -10098016 1946
189 317 m1 87471 0 0.5 p-1 -88659 3
176 318 m1 97612 0 0.5 p-1 -65794 13
191 319 m1 111569 0 0.5 p-1 -32084 17
272 320 m1 124205 0 0.5 p-1 -21866 3
102 322 m1 137396 0 0.5 p-1 -257323 125
270 324 m1 187799 0 0.5 p-1 -17054 3
229 326 m1 200629 0 0.5 p-1 -322 7
7 327 m1 218281 0 0.5 p-1 -4692176 1652
143 328 m1 222540 0 0.5 p-1 -714297 36
41 329 m1 229906 0 0.5 p-1 -4359635 232
89 330 m1 230467 0 0.5 p-1 -1739072 857
252 331 m1 242369 0 0.5 p-1 -662 6
62 332 m1 253785 0 0.5 p-1 -148129 8
244 333 m1 272740 0 0.5 p-1 -618 8
253 334 m1 312798 0 0.5 p-1 -90357 1
43 336 m1 337284 0 0.5 p-1 -2489836 846
135 337 m1 348392 0 0.5 p-1 -230505 206
44 338 m1 351916 0 0.5 p-1 -1546318 598
137 339 m1 360936 0 0.5 p-1 -35271 5
155 340 m1 362671 0 0.5 p-1 -498809 128
262 341 m1 384295 0 0.5 p-1 -15836 2
107 342 m1 391918 0 0.5 p-1 -172584 90
16 343 m1 402253 0 0.5 p-1 -14414488 1218
104 345 m1 432730 0 0.5 p-1 -574110 366
180 346 m1 452140 0 0.5 p-1 -3673662 49
66 347 m1 455823 0 0.5 p-1 -1999114 290
81 348 m1 459694 0 0.5 p-1 -1462404 543
255 349 m1 460088 0 0.5 p-1 -15255 7
67 350 m1 460737 0 0.5 p-1 -316849 316
18 351 m1 462595 0 0.5 p-1 -3625836 1428
20 355 m1 494651 0 0.5 p-1 -905758 151
208 357 m1 517187 0 0.5 p-1 -32413 19
68 358 m1 526437 0 0.5 p-1 -10080710 784
172 361 m1 547791 0 0.5 p-1 -24100 32
21 362 m1 553456 0 0.5 p-1 -1404416 404
23 363 m1 575321 0 0.5 p-1 -48837 49
248 364 m1 588128 0 0.5 p-1 -102655 5
131 365 m1 591069 0 0.5 p-1 -1227909 208
243 366 m1 594548 0 0.5 p-1 -49584 3
183 367 m1 608059 0 0.5 p-1 -30599 10
271 368 m1 608068 0 0.5 p-1 -1281 1
109 369 m1 624720 0 0.5 p-1 -69472 26
83 372 m1 647948 0 0.5 p-1 -3335238 230
27 373 m1 690100 0 0.5 p-1 -3988591 225
164 374 m1 704594 0 0.5 p-1 -269447 9
152 376 m1 745377 0 0.5 p-1 -2006200 249
86 377 m1 782496 0 0.5 p-1 -521223 229
167 379 m1 802376 0 0.5 p-1 -105768 19
95 380 m1 808927 0 0.5 p-1 -155526 67
185 381 m1 813261 0 0.5 p-1 -28666 11
277 382 m1 842801 0 0.5 p-1 -9077 2
196 383 m1 849537 0 0.5 p-1 -95569 10
177 384 m1 851205 0 0.5 p-1 -216786 23
206 386 m1 854562 0 0.5 p-1 -57890 14
128 388 m1 889132 0 0.5 p-1 -2518753 695
105 389 m1 919912 0 0.5 p-1 -1365202 554
37 390 m1 921996 0 0.5 p-1 -973328 628
197 392 m1 941261 0 0.5 p-1 -736858 56
219 393 m1 941626 0 0.5 p-1 -115109 20
165 394 m1 943045 0 0.5 p-1 -212978 36
212 395 m1 958447 0 0.5 p-1 -59315 6
269 396 m1 976001 0 0.5 p-1 -89773 6
220 397 m1 978124 0 0.5 p-1 -656 2
Individuals:
