Mutations:
1 0 m2 1231 -0.00080172898 0.5 p-1 -7645466 1447
2 1 m2 3175 -0.0148668271 0.5 p-1 -1214930 1027
3 2 m2 8961 -7.37684168e-05 0.5 p-1 -1951837 1066
35 3 m2 10089 -2.4919631e-05 0.5 p-1 -4794337 973
219 4 m2 11808 -1.27802823e-05 0.5 p-1 -613610 8
113 6 m2 14084 -0.00248933421 0.5 p-1 -263978 234
4 7 m2 19688 -0.00944394246 0.5 p-1 -4600892 1832
169 8 m2 24497 -0.000130752596 0.5 p-1 -184253 10
6 10 m2 34500 -0.0241124891 0.5 p-1 -235014 172
7 12 m2 48140 -0.0047394447 0.5 p-1 -398981 83
114 14 m2 60013 -0.132834598 0.5 p-1 -1830123 205
170 15 m2 60362 -0.00320520392 0.5 p-1 -25488 12
8 16 m2 62904 -0.000243768853 0.5 p-1 -5892079 1907
189 17 m2 68667 -0.0116940103 0.5 p-1 -35721 36
168 18 m2 71912 -4.07834023e-06 0.5 p-1 -63906 22
79 19 m2 79140 -0.00460541435 0.5 p-1 -2153139 446
71 20 m2 79863 -0.00197226251 0.5 p-1 -793918 226
86 21 m2 89770 -0.00231631682 0.5 p-1 -6703037 95
94 24 m2 103434 -3.07754308e-05 0.5 p-1 -5212896 295
198 26 m2 112476 -1.87674541e-05 0.5 p-1 -8277929 3
9 27 m2 116362 -0.0755829588 0.5 p-1 -1648693 758
10 28 m2 118289 -0.00385948573 0.5 p-1 -4115779 1013
164 29 m2 119316 -0.000200187293 0.5 p-1 -24577 30
206 32 m2 138896 -0.0317417979 0.5 p-1 -138221 17
203 33 m2 154373 -0.00249115587 0.5 p-1 -3517 10
262 35 m2 158712 -0.0031094139 0.5 p-1 -1737 1
218 36 m2 160869 -0.00572789786 0.5 p-1 -84204 21
221 37 m2 165958 -0.0404112116 0.5 p-1 -5857 2
62 39 m2 176281 -0.00240853522 0.5 p-1 -2039494 654
183 40 m2 184367 -0.00845448021 0.5 p-1 -238403 14
87 41 m2 188615 -0.013154177 0.5 p-1 -314722 296
205 42 m2 207142 -0.000537022832 0.5 p-1 -29624 5
199 43 m2 213671 -0.00488863653 0.5 p-1 -132681 37
224 45 m2 214928 -0.00155167736 0.5 p-1 -29125 1
147 46 m2 216559 -0.00452958466 0.5 p-1 -73680 24
235 49 m2 229301 -0.000128364598 0.5 p-1 -61065 3
36 51 m2 251557 -0.00892417133 0.5 p-1 -1087270 163
13 52 m2 251725 -0.00664976332 0.5 p-1 -4705947 789
231 55 m2 262163 -0.0064827092 0.5 p-1 -19464 20
81 56 m2 262521 -1.11346199e-09 0.5 p-1 -707143 343
124 59 m2 267651 -0.0162247028 0.5 p-1 -352555 110
143 61 m2 276516 -0.00622100616 0.5 p-1 -236841 15
14 63 m2 279766 -0.000441381766 0.5 p-1 -775010 629
37 64 m2 292709 -0.00147994992 0.5 p-1 -2419734 56
96 66 m2 298727 -0.00208796421 0.5 p-1 -670846 119
15 67 m2 301747 -0.00294766156 0.5 p-1 -2700600 1566
108 68 m2 302879 -0.000287182571 0.5 p-1 -80104 120
196 69 m2 305043 -0.00801861659 0.5 p-1 -289741 42
165 71 m2 314691 -0.000269928656 0.5 p-1 -48272 16
129 72 m2 315503 -0.000693023379 0.5 p-1 -4444904 242
16 73 m2 316176 -0.00198813621 0.5 p-1 -954116 277
130 74 m2 316906 -1.74336346e-05 0.5 p-1 -1033517 153
17 75 m2 317166 -0.00101102761 0.5 p-1 -4385029 1489
101 76 m2 317366 -0.0155752646 0.5 p-1 -588191 107
242 77 m2 318466 -0.000144946142 0.5 p-1 -4199 6
157 78 m2 323333 -0.000133807014 0.5 p-1 -228177 37
207 79 m2 324055 -0.0258740243 0.5 p-1 -98144 6
173 80 m2 325745 -0.000327431335 0.5 p-1 -296458 18
72 81 m2 331445 -0.00947157759 0.5 p-1 -1271778 561
152 84 m2 335142 -0.000756009656 0.5 p-1 -279581 39
88 85 m2 339122 -0.00112968031 0.5 p-1 -708600 406
216 86 m2 340689 -1.40473694e-05 0.5 p-1 -17599 8
126 87 m2 343196 -0.00255585299 0.5 p-1 -191277 59
238 88 m2 344144 -0.00128823158 0.5 p-1 -23647 10
39 89 m2 346140 -0.00029374435 0.5 p-1 -344953 260
19 90 m2 353029 -0.0208291709 0.5 p-1 -2989572 1973
190 92 m2 358283 -0.00041189816 0.5 p-1 -12225 15
73 93 m2 361375 -0.00745160319 0.5 p-1 -268271 90
209 94 m2 363965 -0.00113458862 0.5 p-1 -5127309 24
220 95 m2 364124 -0.0196263809 0.5 p-1 -34325 3
232 96 m2 371880 -0.0012454621 0.5 p-1 -37218 4
40 97 m2 380015 -0.000712774927 0.5 p-1 -560686 388
75 98 m2 382997 -0.00743887294 0.5 p-1 -5327129 388
109 99 m2 389870 -0.0115532726 0.5 p-1 -140935 40
41 100 m2 392734 -6.70690497e-05 0.5 p-1 -3120220 304
89 102 m2 398468 -0.00267570745 0.5 p-1 -3315971 487
213 103 m2 403454 -0.00532808155 0.5 p-1 -37104 6
182 104 m2 403780 -6.36830737e-05 0.5 p-1 -30759 17
21 105 m2 408748 -0.0134795206 0.5 p-1 -524905 320
161 108 m2 410981 -0.00362602295 0.5 p-1 -305254 30
42 109 m2 418279 -2.34172276e-07 0.5 p-1 -2145648 941
117 110 m2 420774 -6.58647477e-05 0.5 p-1 -222182 232
76 111 m2 422701 -0.00286685419 0.5 p-1 -10120 6
136 112 m2 425137 -1.67564838e-06 0.5 p-1 -1045169 128
22 115 m2 435577 -0.0109603042 0.5 p-1 -8274047 1993
56 116 m2 443441 -0.00133170863 0.5 p-1 -1145925 262
149 117 m2 453609 -0.0101756779 0.5 p-1 -25205 75
44 118 m2 459911 -0.00120039377 0.5 p-1 -2910997 1018
90 121 m2 469087 -0.00658264803 0.5 p-1 -111617 38
172 122 m2 469391 -0.0253741685 0.5 p-1 -16274 17
254 123 m2 469787 -0.014729741 0.5 p-1 -38068 4
83 125 m2 470430 -0.000782476156 0.5 p-1 -389120 93
45 126 m2 476509 -0.0372714512 0.5 p-1 -4228614 1113
102 127 m2 484732 -0.121992543 0.5 p-1 -461403 280
24 129 m2 485511 -0.0229887161 0.5 p-1 -3431673 1972
153 130 m2 487768 -0.00994762033 0.5 p-1 -217951 145
156 131 m2 495006 -0.00936124846 0.5 p-1 -165162 84
245 132 m2 498509 -0.0233227462 0.5 p-1 -3029 7
233 134 m2 510649 -0.00606248155 0.5 p-1 -10567 9
84 136 m2 521143 -0.0420481339 0.5 p-1 -4361471 370
250 137 m2 522624 -0.0811717361 0.5 p-1 -34898 5
46 138 m2 523844 -0.00100599614 0.5 p-1 -2708401 1303
47 139 m2 523901 -4.40707436e-06 0.5 p-1 -1201152 986
248 140 m2 527159 -0.00126458553 0.5 p-1 -27407 6
151 141 m2 534084 -0.000564648537 0.5 p-1 -23820 10
176 142 m2 536768 -0.0137637947 0.5 p-1 -488210 34
48 144 m2 551086 -5.94153535e-05 0.5 p-1 -107066 12
166 147 m2 568007 -0.00943254493 0.5 p-1 -227305 60
115 148 m2 570078 -0.00617748452 0.5 p-1 -1000334 301
59 150 m2 577675 -0.00632537249 0.5 p-1 -7293467 401
155 151 m2 578807 -0.0605977699 0.5 p-1 -3599794 22
210 152 m2 585047 -0.00033918058 0.5 p-1 -17351 10
204 153 m2 590599 -0.00253749778 0.5 p-1 -18389 24
25 154 m2 594034 -0.0272596721 0.5 p-1 -5790507 1094
26 155 m2 594308 -0.0174575318 0.5 p-1 -1771925 950
144 157 m2 602177 -0.0202868786 0.5 p-1 -294624 255
215 158 m2 605448 -0.0518630035 0.5 p-1 -17311 8
167 159 m2 608072 -0.00410630461 0.5 p-1 -126922 18
228 160 m2 610681 -0.00116612553 0.5 p-1 -705900 38
230 162 m2 624661 -0.0156570021 0.5 p-1 -9433 1
63 163 m2 629399 -0.000889164919 0.5 p-1 -5560897 509
255 165 m2 632618 -0.000803245697 0.5 p-1 -2428 3
193 166 m2 633209 -0.00919276942 0.5 p-1 -318540 11
116 168 m2 638688 -0.00064148003 0.5 p-1 -64159 135
236 169 m2 639663 -0.000166122234 0.5 p-1 -194989 5
27 170 m2 647860 -0.00135216571 0.5 p-1 -5409471 1876
251 172 m2 648617 -8.28960474e-05 0.5 p-1 -47 2
145 173 m2 649855 -4.28618796e-06 0.5 p-1 -101374 37
184 174 m2 651760 -0.00224380218 0.5 p-1 -2416069 154
49 175 m2 653201 -0.0334673673 0.5 p-1 -3914361 842
85 176 m2 668144 -0.0116785169 0.5 p-1 -1551525 903
249 178 m2 676387 -0.00400361745 0.5 p-1 -22144 4
222 179 m2 679145 -1.47776857e-08 0.5 p-1 -23393 14
28 180 m2 681439 -0.00615669927 0.5 p-1 -1828518 1990
50 181 m2 683186 -4.01723355e-06 0.5 p-1 -5976789 178
118 182 m2 685652 -0.000282613066 0.5 p-1 -732976 93
98 183 m2 689325 -3.94434646e-05 0.5 p-1 -899619 138
139 184 m2 694315 -0.012321867 0.5 p-1 -45326 31
104 185 m2 703694 -0.0229058284 0.5 p-1 -817230 418
77 186 m2 704651 -0.00048502846 0.5 p-1 -2505901 523
65 187 m2 707851 -0.00486115366 0.5 p-1 -1904329 420
187 190 m2 712250 -0.00593736069 0.5 p-1 -28776 22
180 191 m2 718437 -0.00159772276 0.5 p-1 -151636 57
105 192 m2 718644 -0.000761255214 0.5 p-1 -195314 143
78 194 m2 751107 -0.00866438169 0.5 p-1 -345843 136
91 195 m2 752782 -0.00130927493 0.5 p-1 -303359 197
106 196 m2 759767 -0.016184248 0.5 p-1 -4935 6
121 197 m2 759881 -0.00914826337 0.5 p-1 -413700 138
51 199 m2 773199 -0.0220429935 0.5 p-1 -957400 236
125 200 m2 773498 -0.0138456021 0.5 p-1 -289513 240
29 201 m2 785428 -0.000780942675 0.5 p-1 -1842829 1103
234 202 m2 785772 -1.95319062e-05 0.5 p-1 -353 2
66 203 m2 788296 -0.000188388818 0.5 p-1 -995901 134
67 204 m2 788822 -0.00121564791 0.5 p-1 -208023 76
137 205 m2 789295 -0.0126096345 0.5 p-1 -221755 113
175 206 m2 792020 -0.00748058083 0.5 p-1 -50815 18
99 207 m2 798158 -0.0145086236 0.5 p-1 -11463924 311
30 208 m2 799415 -0.000773972948 0.5 p-1 -2498066 1234
31 210 m2 801928 -0.00214487803 0.5 p-1 -1409166 326
111 212 m2 808490 -1.5967079e-07 0.5 p-1 -1824368 545
133 213 m2 809817 -0.0083765192 0.5 p-1 -807089 198
52 214 m2 810926 -0.00780294742 0.5 p-1 -1452237 484
148 215 m2 810975 -2.93583253e-05 0.5 p-1 -61089 73
237 217 m2 815206 -0.0153097259 0.5 p-1 -7915 1
32 218 m2 815885 -0.0291205272 0.5 p-1 -9698714 1139
68 221 m2 824595 -0.000272970821 0.5 p-1 -1082739 933
33 224 m2 850814 -0.0256395899 0.5 p-1 -1305357 1247
178 225 m2 854990 -0.00183345063 0.5 p-1 -33878 28
107 226 m2 861350 -0.00317994924 0.5 p-1 -174937 32
60 227 m2 870091 -0.000725123915 0.5 p-1 -307834 41
69 231 m2 896357 -0.0239208341 0.5 p-1 -1938196 378
200 232 m2 898981 -0.0275425259 0.5 p-1 -27889 8
54 233 m2 902849 -1.47731407e-06 0.5 p-1 -2105904 1167
171 234 m2 908467 -0.0673262551 0.5 p-1 -144834 50
34 238 m2 918893 -8.08182358e-06 0.5 p-1 -3955777 713
188 240 m2 923343 -0.00456575071 0.5 p-1 -397 3
185 242 m2 932234 -2.35157017e-06 0.5 p-1 -63198 15
127 244 m2 941069 -0.00761090824 0.5 p-1 -1845652 270
229 245 m2 947828 -0.0455232635 0.5 p-1 -17709 5
246 246 m2 950619 -0.00319999177 0.5 p-1 -16802 1
181 247 m2 953249 -1.62115384e-06 0.5 p-1 -25763 16
256 248 m2 957412 -0.0028325317 0.5 p-1 -39671 1
100 249 m2 958602 -0.000479366397 0.5 p-1 -137971 163
202 250 m2 961558 -0.0281888731 0.5 p-1 -15033 26
92 251 m2 965484 -0.00159551541 0.5 p-1 -737659 69
212 253 m2 971463 -0.000734146044 0.5 p-1 -78719 36
61 254 m2 975580 -3.58453963e-06 0.5 p-1 -208714 62
146 255 m2 987025 -0.0407646745 0.5 p-1 -212065 10
141 256 m2 987260 -0.00225311029 0.5 p-1 -124545 78
93 257 m2 994287 -0.000821921567 0.5 p-1 -13364 14
253 261 m2 460866 -0.000178388858 0.5 p0 2 1
211 263 m2 218287 -0.000996529474 0.5 p0 2 4
191 273 m2 967672 -0.0139055829 0.5 p0 2 12
217 274 m2 395316 -0.0165097918 0.5 p0 2 3
258 275 m2 320961 -0.000327110145 0.5 p0 2 1
163 277 m2 6669 -0.00195120112 0.5 p0 2 10
201 296 m2 925752 -5.34768842e-05 0.5 p0 2 5
225 299 m2 892669 -0.0205632709 0.5 p0 2 1
247 300 m2 405246 -5.40345081e-06 0.5 p0 2 3
243 301 m2 197162 -0.00113087904 0.5 p0 2 3
241 305 m2 702983 -0.023210559 0.5 p0 2 4
261 310 m2 458505 -0.00678623794 0.5 p0 2 1
227 311 m2 618794 -0.00866353046 0.5 p0 2 2
0 312 m1 632 0 0.5 p-1 -3558721 689
5 316 m1 21084 0 0.5 p-1 -10098016 1941
195 318 m1 97612 0 0.5 p-1 -65794 18
142 319 m1 111569 0 0.5 p-1 -32084 3
123 322 m1 137396 0 0.5 p-1 -257323 123
194 325 m1 190140 0 0.5 p-1 -2248 11
11 327 m1 218281 0 0.5 p-1 -4692176 1659
135 328 m1 222540 0 0.5 p-1 -714297 66
80 329 m1 229906 0 0.5 p-1 -4359635 268
12 330 m1 230467 0 0.5 p-1 -1739072 838
259 331 m1 242369 0 0.5 p-1 -662 2
260 332 m1 253785 0 0.5 p-1 -148129 1
223 333 m1 272740 0 0.5 p-1 -618 2
252 335 m1 328002 0 0.5 p-1 -4578 3
38 336 m1 337284 0 0.5 p-1 -2489836 924
97 337 m1 348392 0 0.5 p-1 -230505 217
18 338 m1 351916 0 0.5 p-1 -1546318 688
244 339 m1 360936 0 0.5 p-1 -35271 12
74 340 m1 362671 0 0.5 p-1 -498809 119
240 341 m1 384295 0 0.5 p-1 -15836 6
154 342 m1 391918 0 0.5 p-1 -172584 82
20 343 m1 402253 0 0.5 p-1 -14414488 1241
82 345 m1 432730 0 0.5 p-1 -574110 405
95 346 m1 452140 0 0.5 p-1 -3673662 66
57 347 m1 455823 0 0.5 p-1 -1999114 337
43 348 m1 459694 0 0.5 p-1 -1462404 539
159 349 m1 460088 0 0.5 p-1 -15255 14
122 350 m1 460737 0 0.5 p-1 -316849 283
23 351 m1 462595 0 0.5 p-1 -3625836 1404
150 355 m1 494651 0 0.5 p-1 -905758 100
239 357 m1 517187 0 0.5 p-1 -32413 4
58 358 m1 526437 0 0.5 p-1 -10080710 806
192 361 m1 547791 0 0.5 p-1 -24100 19
110 362 m1 553456 0 0.5 p-1 -1404416 325
138 363 m1 575321 0 0.5 p-1 -48837 76
177 364 m1 588128 0 0.5 p-1 -102655 33
119 365 m1 591069 0 0.5 p-1 -1227909 179
214 367 m1 608059 0 0.5 p-1 -30599 4
257 368 m1 608068 0 0.5 p-1 -1281 1
174 369 m1 624720 0 0.5 p-1 -69472 27
103 372 m1 647948 0 0.5 p-1 -3335238 252
64 373 m1 690100 0 0.5 p-1 -3988591 173
186 374 m1 704594 0 0.5 p-1 -269447 22
120 376 m1 745377 0 0.5 p-1 -2006200 247
131 377 m1 782496 0 0.5 p-1 -521223 217
140 379 m1 802376 0 0.5 p-1 -105768 41
112 380 m1 808927 0 0.5 p-1 -155526 74
226 381 m1 813261 0 0.5 p-1 -28666 13
197 383 m1 849537 0 0.5 p-1 -95569 22
160 384 m1 851205 0 0.5 p-1 -216786 22
158 386 m1 854562 0 0.5 p-1 -57890 4
53 388 m1 889132 0 0.5 p-1 -2518753 658
55 389 m1 919912 0 0.5 p-1 -1365202 533
70 390 m1 921996 0 0.5 p-1 -973328 546
128 392 m1 941261 0 0.5 p-1 -736858 58
134 393 m1 941626 0 0.5 p-1 -115109 7
162 394 m1 943045 0 0.5 p-1 -212978 26
208 395 m1 958447 0 0.5 p-1 -59315 3
179 396 m1 976001 0 0.5 p-1 -89773 28
132 397 m1 978124 0 0.5 p-1 -656 6
Individuals:
