Mutations:
51 1 m2 16554 -0.00313826581 0.5 p-1 -1313535 695
299 2 m2 19401 -0.000410136563 0.5 p-1 -12825 5
52 3 m2 19847 -0.0108166905 0.5 p-1 -717724 269
185 4 m2 20730 -0.0238812771 0.5 p-1 -2271922 310
116 5 m2 26405 -0.00454898644 0.5 p-1 -32639 30
217 6 m2 33189 -4.30005429e-07 0.5 p-1 -296377 65
2 8 m2 41179 -0.00100680941 0.5 p-1 -391442 251
144 10 m2 45572 -0.0127473045 0.5 p-1 -161885 18
331 12 m2 49091 -5.66231211e-06 0.5 p-1 -1919 3
163 14 m2 60434 -0.00121575303 0.5 p-1 -184725 67
236 15 m2 63501 -4.19048229e-05 0.5 p-1 -50940 15
53 16 m2 73395 -0.00260783895 0.5 p-1 -2240757 1067
3 17 m2 73418 -0.0114805996 0.5 p-1 -2879818 674
4 20 m2 78780 -0.0197269693 0.5 p-1 -7881331 490
230 21 m2 87571 -0.00211810996 0.5 p-1 -436958 60
318 22 m2 88990 -0.0424577594 0.5 p-1 -5736 2
5 23 m2 89731 -0.00297558797 0.5 p-1 -512186 418
119 24 m2 92431 -0.00103566167 0.5 p-1 -5435484 366
258 25 m2 93462 -0.0301100034 0.5 p-1 -54958 12
54 27 m2 108493 -0.0255723726 0.5 p-1 -3581672 352
295 28 m2 110514 -0.00615238352 0.5 p-1 -5619 3
91 29 m2 110611 -0.0105602136 0.5 p-1 -527177 264
75 30 m2 112709 -0.0430609696 0.5 p-1 -3078411 479
198 33 m2 131486 -0.0358099155 0.5 p-1 -693172 101
187 34 m2 133119 -1.37915622e-05 0.5 p-1 -511751 50
7 35 m2 133407 -0.00558173098 0.5 p-1 -7397563 1508
226 36 m2 139767 -0.000111773108 0.5 p-1 -3624043 50
220 39 m2 146452 -0.00733464165 0.5 p-1 -830936 22
76 40 m2 146548 -1.70340518e-05 0.5 p-1 -799948 265
245 41 m2 146747 -0.0112787588 0.5 p-1 -36579 10
202 42 m2 155035 -4.61927073e-07 0.5 p-1 -99726 11
215 44 m2 164567 -0.00557445409 0.5 p-1 -5331 3
326 45 m2 169604 -3.24031644e-05 0.5 p-1 -4506 1
55 46 m2 170759 -1.53031121e-09 0.5 p-1 -1306369 367
120 49 m2 184404 -0.0124820285 0.5 p-1 -5147734 185
273 50 m2 185645 -0.00494311471 0.5 p-1 -459992 16
261 51 m2 186234 -1.32128353e-05 0.5 p-1 -136587 2
77 52 m2 192218 -0.000278888299 0.5 p-1 -3740197 957
167 53 m2 205200 -0.000226225253 0.5 p-1 -159872 39
168 54 m2 209825 -0.00638206117 0.5 p-1 -1476563 356
173 55 m2 212738 -3.24607099e-05 0.5 p-1 -886641 29
56 59 m2 221911 -0.059087906 0.5 p-1 -2153875 899
108 60 m2 223157 -0.0210617427 0.5 p-1 -404092 275
109 61 m2 232665 -0.000189518905 0.5 p-1 -121387 53
93 63 m2 267270 -0.000152234905 0.5 p-1 -3116606 898
121 64 m2 274859 -0.00287505635 0.5 p-1 -1045108 161
11 65 m2 275275 -0.000285964168 0.5 p-1 -1372769 959
94 66 m2 279904 -0.00285008689 0.5 p-1 -4270426 766
95 67 m2 283514 -0.0375057086 0.5 p-1 -465219 542
270 68 m2 284598 -0.0453892723 0.5 p-1 -63220 37
216 69 m2 284703 -0.0023969966 0.5 p-1 -38803 28
207 70 m2 290972 -9.69056657e-08 0.5 p-1 -126779 26
194 71 m2 295560 -6.03207839e-09 0.5 p-1 -345893 56
246 72 m2 297265 -0.00262585096 0.5 p-1 -154925 52
58 74 m2 298864 -0.0116248317 0.5 p-1 -100785 48
12 75 m2 308581 -3.26737936e-05 0.5 p-1 -3526374 1825
59 76 m2 309020 -3.7939426e-06 0.5 p-1 -3808227 784
213 77 m2 316684 -0.00242034369 0.5 p-1 -223510 83
335 78 m2 318523 -0.0313937403 0.5 p-1 -248 1
250 79 m2 321014 -0.0298515093 0.5 p-1 -1151 13
260 80 m2 326770 -5.49988499e-07 0.5 p-1 -16870 6
13 81 m2 327310 -0.054058671 0.5 p-1 -19789856 656
239 82 m2 332030 -0.000173198699 0.5 p-1 -17406 27
222 83 m2 335455 -2.13396197e-06 0.5 p-1 -25567 4
179 85 m2 344138 -7.70208717e-05 0.5 p-1 -1453 7
266 86 m2 344358 -0.00442016823 0.5 p-1 -10223 5
126 87 m2 347139 -0.0147207901 0.5 p-1 -1049591 445
231 88 m2 362138 -0.00932966452 0.5 p-1 -53472 55
259 89 m2 362593 -0.000935114687 0.5 p-1 -86989 7
325 90 m2 366757 -0.000340193044 0.5 p-1 -4320 2
15 91 m2 371952 -0.000385965395 0.5 p-1 -3037302 1816
16 93 m2 373780 -0.000516252127 0.5 p-1 -169707 234
223 94 m2 375787 -0.00656421063 0.5 p-1 -55232 19
127 95 m2 376171 -0.00595017755 0.5 p-1 -795201 160
17 96 m2 377060 -1.75139905e-06 0.5 p-1 -2716187 1106
18 97 m2 377831 -0.00334587321 0.5 p-1 -1759363 823
145 98 m2 380391 -0.00911491644 0.5 p-1 -558681 106
110 100 m2 383324 -0.00794204231 0.5 p-1 -1805465 645
134 101 m2 385248 -0.00277530216 0.5 p-1 -87156 68
293 102 m2 385431 -0.00215537404 0.5 p-1 -9119 4
265 103 m2 389525 -0.00334588834 0.5 p-1 -35850 10
228 104 m2 399535 -0.000220095084 0.5 p-1 -72945 18
20 105 m2 399771 -0.00981114805 0.5 p-1 -863716 1184
253 106 m2 403726 -0.00470152125 0.5 p-1 -8647 20
21 107 m2 407794 -0.000879035622 0.5 p-1 -471025 290
323 108 m2 410795 -0.000456432143 0.5 p-1 -5073 1
282 110 m2 416518 -0.00280939415 0.5 p-1 -179110 7
146 111 m2 419867 -0.0131861353 0.5 p-1 -55164 64
292 112 m2 422557 -0.038424816 0.5 p-1 -55909 7
96 114 m2 427072 -0.0055806688 0.5 p-1 -584180 318
22 115 m2 428755 -4.07709704e-05 0.5 p-1 -4176038 1513
234 118 m2 434137 -0.00320727611 0.5 p-1 -10630 11
23 119 m2 439668 -0.000364996318 0.5 p-1 -1942999 67
62 120 m2 441183 -0.000421424513 0.5 p-1 -1647931 1538
233 122 m2 441505 -0.015098541 0.5 p-1 -39517 14
304 124 m2 443654 -5.64147813e-05 0.5 p-1 -3342 1
80 126 m2 453893 -0.000356287987 0.5 p-1 -2984012 912
63 127 m2 456591 -0.0295293331 0.5 p-1 -815750 489
305 129 m2 461286 -0.014305965 0.5 p-1 -12137 10
276 130 m2 467207 -4.38002608e-05 0.5 p-1 -105862 11
242 135 m2 473884 -0.0128863342 0.5 p-1 -13820 35
122 137 m2 481764 -0.000607129652 0.5 p-1 -10022859 596
186 141 m2 497144 -0.004452297 0.5 p-1 -152519 62
296 142 m2 497804 -3.87511463e-05 0.5 p-1 -103 1
97 146 m2 516779 -0.000158783689 0.5 p-1 -4970555 1136
24 147 m2 518080 -0.00035692635 0.5 p-1 -7823533 1630
208 148 m2 522536 -1.67541339e-06 0.5 p-1 -143627 22
25 150 m2 534973 -0.01026149 0.5 p-1 -1580339 452
322 151 m2 537335 -0.0356577188 0.5 p-1 -12462 2
256 152 m2 543431 -0.0064697261 0.5 p-1 -150654 25
136 153 m2 546286 -1.5009663e-05 0.5 p-1 -11349001 217
177 154 m2 546805 -3.58509993e-07 0.5 p-1 -69569 57
170 155 m2 547384 -3.55028824e-05 0.5 p-1 -8499 24
82 156 m2 548259 -0.0140319504 0.5 p-1 -328685 29
193 157 m2 549898 -0.000162076452 0.5 p-1 -133159 42
152 158 m2 551435 -0.000803822826 0.5 p-1 -532932 128
188 159 m2 561704 -0.0104260109 0.5 p-1 -1178978 74
189 160 m2 568493 -0.00111810374 0.5 p-1 -161830 123
159 161 m2 574120 -0.000321769359 0.5 p-1 -1453222 123
64 162 m2 576773 -0.00116277277 0.5 p-1 -717626 361
65 163 m2 583495 -0.0126133515 0.5 p-1 -4875153 856
232 164 m2 593929 -3.09516366e-07 0.5 p-1 -3146937 144
84 166 m2 597683 -0.00817408599 0.5 p-1 -2274770 132
197 167 m2 598633 -1.72276771e-06 0.5 p-1 -220674 27
66 168 m2 599241 -2.68532058e-05 0.5 p-1 -5997133 655
164 169 m2 602092 -0.00313061243 0.5 p-1 -468245 103
27 170 m2 602586 -0.00739395432 0.5 p-1 -822646 338
129 171 m2 605987 -0.00314184348 0.5 p-1 -3074296 1003
99 172 m2 609232 -0.0387260206 0.5 p-1 -950634 180
28 173 m2 614579 -4.15332543e-05 0.5 p-1 -2562000 1914
182 174 m2 616974 -0.0338809565 0.5 p-1 -150358 57
229 175 m2 617493 -8.15663148e-10 0.5 p-1 -103377 8
248 176 m2 618010 -0.0206666794 0.5 p-1 -435826 16
29 177 m2 619175 -0.00998421758 0.5 p-1 -372525 321
298 178 m2 627846 -0.00035045165 0.5 p-1 -94265 10
67 179 m2 628472 -1.03559205e-06 0.5 p-1 -6568440 356
131 182 m2 631795 -0.0276766177 0.5 p-1 -425844 152
112 183 m2 641157 -0.000453850866 0.5 p-1 -1568426 95
195 184 m2 646401 -2.51133588e-06 0.5 p-1 -122357 88
313 185 m2 649687 -0.0078490125 0.5 p-1 -3542 3
68 186 m2 654643 -0.00163796591 0.5 p-1 -6667951 1176
100 188 m2 657376 -0.00918995962 0.5 p-1 -251664 79
277 189 m2 670204 -0.0286339633 0.5 p-1 -56201 19
204 190 m2 670822 -0.00417643832 0.5 p-1 -28334 1
174 191 m2 672591 -0.00748723792 0.5 p-1 -272665 64
30 193 m2 676620 -0.012213924 0.5 p-1 -5752896 911
165 194 m2 678521 -0.0191249102 0.5 p-1 -4775135 189
138 196 m2 684793 -0.00366736832 0.5 p-1 -369627 82
113 197 m2 707560 -8.42116879e-06 0.5 p-1 -709663 427
123 198 m2 707572 -0.00224570208 0.5 p-1 -848312 316
69 200 m2 708246 -0.0106704151 0.5 p-1 -223573 27
175 201 m2 720452 -0.000200828566 0.5 p-1 -368163 98
244 202 m2 723054 -1.79408325e-05 0.5 p-1 -559303 30
139 203 m2 724802 -2.8249784e-05 0.5 p-1 -180081 148
249 204 m2 725024 -0.00560441799 0.5 p-1 -16543 56
140 205 m2 727257 -0.000156660666 0.5 p-1 -837772 137
153 206 m2 732004 -0.000428253232 0.5 p-1 -237433 49
31 207 m2 735632 -0.00223238836 0.5 p-1 -12896577 1331
32 208 m2 735679 -0.000664080435 0.5 p-1 -856971 249
33 210 m2 740382 -0.0227164309 0.5 p-1 -5441852 1910
203 211 m2 744043 -0.0019133247 0.5 p-1 -9854 3
255 212 m2 748265 -0.00816754997 0.5 p-1 -43471 11
85 213 m2 748618 -0.00473759091 0.5 p-1 -2781833 421
86 214 m2 750107 -0.00107977877 0.5 p-1 -2201742 1107
87 215 m2 759791 -0.000496900757 0.5 p-1 -2328005 466
214 216 m2 762762 -0.0181647819 0.5 p-1 -62900 11
221 217 m2 765626 -1.62656252e-05 0.5 p-1 -1428508 78
235 218 m2 765979 -0.000627384114 0.5 p-1 -16283 11
70 221 m2 772872 -0.0170404594 0.5 p-1 -1800282 206
124 222 m2 778292 -0.00816320814 0.5 p-1 -237154 138
35 224 m2 790316 -0.000435334427 0.5 p-1 -963845 903
36 225 m2 792446 -0.00307976943 0.5 p-1 -3642919 1181
241 226 m2 794817 -0.00529503124 0.5 p-1 -215551 29
154 227 m2 796378 -7.78286121e-05 0.5 p-1 -65186 5
209 228 m2 797506 -0.000309090712 0.5 p-1 -440130 124
101 230 m2 798708 -0.00107720715 0.5 p-1 -3091014 389
37 231 m2 799496 -0.00918782689 0.5 p-1 -4374263 1164
38 232 m2 803740 -0.00978168659 0.5 p-1 -3758530 110
309 233 m2 806539 -0.0160222743 0.5 p-1 -256817 2
149 235 m2 813330 -3.77394933e-08 0.5 p-1 -211537 101
141 236 m2 823903 -0.00445837248 0.5 p-1 -1675374 112
39 237 m2 831542 -0.00241104397 0.5 p-1 -827327 164
41 238 m2 837520 -0.0274343882 0.5 p-1 -6486641 1456
264 240 m2 840630 -0.0109181255 0.5 p-1 -31932 9
102 241 m2 841645 -7.26674261e-05 0.5 p-1 -3213178 1255
212 242 m2 845988 -0.000387060601 0.5 p-1 -37257 13
132 243 m2 846021 -1.81045809e-08 0.5 p-1 -391647 254
243 244 m2 847583 -0.00107225578 0.5 p-1 -102041 7
252 245 m2 853617 -1.46160306e-11 0.5 p-1 -19478 6
237 246 m2 853699 -0.000176574089 0.5 p-1 -234929 9
238 247 m2 854024 -4.43649988e-05 0.5 p-1 -3405 18
42 248 m2 854155 -0.00859897863 0.5 p-1 -343798 64
278 249 m2 854688 -0.00572087429 0.5 p-1 -28359 1
44 251 m2 856011 -0.000947779743 0.5 p-1 -69368 21
308 253 m2 858615 -0.00382782123 0.5 p-1 -56788 6
283 254 m2 864161 -0.086551927 0.5 p-1 -7904 6
191 255 m2 864193 -0.00244759 0.5 p-1 -9368 1
71 256 m2 867671 -0.00870218594 0.5 p-1 -9193941 67
291 257 m2 877265 -0.000432808243 0.5 p-1 -704123 10
45 258 m2 879102 -0.00487086317 0.5 p-1 -2698566 741
72 259 m2 879184 -0.0407457426 0.5 p-1 -112588 78
115 260 m2 884155 -0.00135928451 0.5 p-1 -1727260 323
88 261 m2 886464 -0.0707808658 0.5 p-1 -622324 102
257 262 m2 886621 -0.000280112872 0.5 p-1 -6110 9
200 263 m2 887824 -0.0290576126 0.5 p-1 -136584 66
269 264 m2 890690 -0.00197028951 0.5 p-1 -21330 13
89 266 m2 895876 -0.0220501572 0.5 p-1 -883597 61
103 267 m2 897426 -0.0200714413 0.5 p-1 -218782 95
183 268 m2 899825 -0.0186455082 0.5 p-1 -359597 250
104 269 m2 900641 -0.0567586906 0.5 p-1 -2285746 945
219 270 m2 902109 -0.00205965666 0.5 p-1 -865596 34
105 271 m2 907913 -0.00133091537 0.5 p-1 -777318 602
211 275 m2 917721 -0.0222473033 0.5 p-1 -165985 97
133 276 m2 919285 -0.00653648842 0.5 p-1 -660277 499
47 277 m2 922895 -3.18569801e-05 0.5 p-1 -995805 417
73 279 m2 927116 -0.0824819282 0.5 p-1 -1588458 456
150 280 m2 927677 -2.71250665e-05 0.5 p-1 -4920454 272
218 281 m2 941472 -0.00844884105 0.5 p-1 -321550 13
143 282 m2 960779 -0.0294002499 0.5 p-1 -1602898 129
176 283 m2 962365 -0.00229941402 0.5 p-1 -558329 177
156 284 m2 969634 -4.75663692e-05 0.5 p-1 -841246 59
227 285 m2 970921 -0.00251782732 0.5 p-1 -155875 29
106 286 m2 976321 -0.00757070538 0.5 p-1 -314110 208
184 287 m2 980846 -0.0101347361 0.5 p-1 -795705 121
166 288 m2 981164 -0.00750922598 0.5 p-1 -247126 124
49 289 m2 981352 -0.00920283515 0.5 p-1 -1943629 1928
178 291 m2 995110 -9.64383216e-05 0.5 p-1 -303163 54
306 292 m2 161462 -0.0184203573 0.5 p0 2 2
240 294 m2 542339 -0.0328598842 0.5 p0 2 2
330 296 m2 996417 -0.00220612832 0.5 p0 2 1
302 297 m2 169316 -0.0426971018 0.5 p0 2 5
267 303 m2 857759 -0.00015741169 0.5 p0 2 7
327 305 m2 721843 -0.00869578589 0.5 p0 2 1
312 308 m2 108216 -0.000276356237 0.5 p0 2 5
263 309 m2 769657 -0.000280896726 0.5 p0 2 11
284 310 m2 906961 -0.0312693156 0.5 p0 2 4
328 312 m2 553643 -1.57478989e-05 0.5 p0 2 1
281 313 m2 150747 -0.0046556443 0.5 p0 2 1
272 315 m2 374435 -0.00281773671 0.5 p0 2 3
334 318 m2 396270 -2.94336623e-05 0.5 p0 2 1
297 319 m2 910534 -3.68721085e-05 0.5 p0 2 2
290 322 m2 648187 -0.000837209634 0.5 p0 2 1
315 325 m2 228673 -0.00812323391 0.5 p0 2 6
225 326 m2 648494 -0.00226419 0.5 p0 2 6
314 327 m2 976437 -0.00210344605 0.5 p0 2 1
319 333 m2 84080 -0.00010040131 0.5 p0 2 1
307 335 m2 561709 -0.000176368951 0.5 p0 2 1
324 338 m2 242891 -0.000298278348 0.5 p0 2 1
336 339 m2 581083 -0.000159746836 0.5 p0 2 1
333 343 m2 468706 -0.00446862215 0.5 p0 2 1
300 345 m2 498337 -0.00788801257 0.5 p0 2 2
316 346 m2 477415 -0.000169994441 0.5 p0 2 1
0 348 m1 966 0 0.5 p-1 -5620549 1928
1 349 m1 1936 0 0.5 p-1 -2488059 444
301 350 m1 7038 0 0.5 p-1 -17957 6
251 351 m1 7512 0 0.5 p-1 -41041 10
90 352 m1 12999 0 0.5 p-1 -73184 44
172 354 m1 48819 0 0.5 p-1 -1395944 189
107 355 m1 56854 0 0.5 p-1 -1468017 528
294 356 m1 64703 0 0.5 p-1 -24300 7
271 357 m1 67286 0 0.5 p-1 -14706 10
117 358 m1 67822 0 0.5 p-1 -503590 95
224 359 m1 72558 0 0.5 p-1 -179053 14
286 360 m1 82751 0 0.5 p-1 -10221 8
118 361 m1 87414 0 0.5 p-1 -75626 34
206 362 m1 95934 0 0.5 p-1 -86174 50
6 364 m1 124341 0 0.5 p-1 -1714179 1202
289 365 m1 133787 0 0.5 p-1 -33060 1
196 366 m1 138621 0 0.5 p-1 -257921 20
199 367 m1 139804 0 0.5 p-1 -249004 69
287 369 m1 143477 0 0.5 p-1 -93750 3
247 372 m1 169509 0 0.5 p-1 -30276 5
125 373 m1 190730 0 0.5 p-1 -291462 302
8 374 m1 196053 0 0.5 p-1 -3387696 1798
151 375 m1 197000 0 0.5 p-1 -2270150 512
274 376 m1 199844 0 0.5 p-1 -6049 5
268 377 m1 217559 0 0.5 p-1 -8755 2
57 378 m1 224036 0 0.5 p-1 -7046401 349
92 379 m1 228161 0 0.5 p-1 -7583973 1179
205 380 m1 230122 0 0.5 p-1 -250657 49
9 381 m1 247079 0 0.5 p-1 -10949917 1758
10 382 m1 262201 0 0.5 p-1 -8240516 565
78 384 m1 299385 0 0.5 p-1 -135948 82
210 385 m1 332957 0 0.5 p-1 -73508 36
169 386 m1 338594 0 0.5 p-1 -81683 22
157 387 m1 339915 0 0.5 p-1 -122217 157
14 388 m1 343237 0 0.5 p-1 -8763724 1387
192 391 m1 347582 0 0.5 p-1 -134482 36
79 392 m1 372634 0 0.5 p-1 -2936999 188
19 394 m1 385740 0 0.5 p-1 -383835 133
135 395 m1 401977 0 0.5 p-1 -305042 72
111 396 m1 410719 0 0.5 p-1 -327550 159
310 397 m1 412138 0 0.5 p-1 -6450 2
262 398 m1 419028 0 0.5 p-1 -691517 1
128 399 m1 425833 0 0.5 p-1 -2602429 253
158 400 m1 426777 0 0.5 p-1 -229258 90
275 401 m1 431831 0 0.5 p-1 -74250 13
332 402 m1 433992 0 0.5 p-1 -272 1
60 403 m1 435742 0 0.5 p-1 -9724325 328
61 404 m1 436659 0 0.5 p-1 -2055817 203
180 407 m1 464308 0 0.5 p-1 -3284889 232
285 408 m1 489285 0 0.5 p-1 -24685 3
303 409 m1 497868 0 0.5 p-1 -2798 3
320 411 m1 503834 0 0.5 p-1 -540 2
81 413 m1 508874 0 0.5 p-1 -947246 259
329 414 m1 532890 0 0.5 p-1 -4458 1
181 415 m1 540781 0 0.5 p-1 -3459758 82
317 416 m1 541055 0 0.5 p-1 -7267 2
83 417 m1 563055 0 0.5 p-1 -143420 41
137 418 m1 580344 0 0.5 p-1 -566308 280
98 419 m1 591373 0 0.5 p-1 -1205058 265
147 420 m1 596357 0 0.5 p-1 -982817 303
26 421 m1 599064 0 0.5 p-1 -524676 365
160 422 m1 599164 0 0.5 p-1 -513926 94
190 423 m1 599386 0 0.5 p-1 -11069 11
254 424 m1 603436 0 0.5 p-1 -511611 26
130 425 m1 611020 0 0.5 p-1 -221864 99
161 426 m1 618097 0 0.5 p-1 -53287 47
148 428 m1 681501 0 0.5 p-1 -699586 177
288 430 m1 704618 0 0.5 p-1 -4110 5
311 431 m1 712162 0 0.5 p-1 -231 3
114 432 m1 719214 0 0.5 p-1 -1855563 808
34 434 m1 778993 0 0.5 p-1 -7733964 1152
321 438 m1 831315 0 0.5 p-1 -39746 2
40 439 m1 836487 0 0.5 p-1 -12481 38
142 441 m1 854390 0 0.5 p-1 -54346 40
43 442 m1 855823 0 0.5 p-1 -3707116 1004
46 444 m1 882759 0 0.5 p-1 -11117448 1481
155 445 m1 883773 0 0.5 p-1 -92290 147
201 446 m1 893419 0 0.5 p-1 -337485 114
162 447 m1 896226 0 0.5 p-1 -30813 8
280 448 m1 923841 0 0.5 p-1 -3694 1
279 449 m1 937379 0 0.5 p-1 -17316 15
48 450 m1 944763 0 0.5 p-1 -6555081 1686
74 451 m1 955223 0 0.5 p-1 -3397902 265
171 452 m1 958095 0 0.5 p-1 -1281634 187
50 453 m1 989172 0 0.5 p-1 -121421 99
Individuals:
