Mutations:
65 1 m2 16554 -0.00313826581 0.5 p-1 -1313535 621
304 2 m2 19401 -0.000410136563 0.5 p-1 -12825 2
149 3 m2 19847 -0.0108166905 0.5 p-1 -717724 313
145 4 m2 20730 -0.0238812771 0.5 p-1 -2271922 323
194 5 m2 26405 -0.00454898644 0.5 p-1 -32639 14
135 6 m2 33189 -4.30005429e-07 0.5 p-1 -296377 82
108 8 m2 41179 -0.00100680941 0.5 p-1 -391442 257
95 10 m2 45572 -0.0127473045 0.5 p-1 -161885 12
222 12 m2 49091 -5.66231211e-06 0.5 p-1 -1919 10
66 14 m2 60434 -0.00121575303 0.5 p-1 -184725 22
206 15 m2 63501 -4.19048229e-05 0.5 p-1 -50940 35
50 16 m2 73395 -0.00260783895 0.5 p-1 -2240757 1097
1 17 m2 73418 -0.0114805996 0.5 p-1 -2879818 726
96 20 m2 78780 -0.0197269693 0.5 p-1 -7881331 516
51 21 m2 87571 -0.00211810996 0.5 p-1 -436958 76
147 22 m2 88990 -0.0424577594 0.5 p-1 -5736 3
2 23 m2 89731 -0.00297558797 0.5 p-1 -512186 379
97 24 m2 92431 -0.00103566167 0.5 p-1 -5435484 429
240 25 m2 93462 -0.0301100034 0.5 p-1 -54958 32
110 27 m2 108493 -0.0255723726 0.5 p-1 -3581672 417
52 29 m2 110611 -0.0105602136 0.5 p-1 -527177 265
98 30 m2 112709 -0.0430609696 0.5 p-1 -3078411 431
158 33 m2 131486 -0.0358099155 0.5 p-1 -693172 106
246 34 m2 133119 -1.37915622e-05 0.5 p-1 -511751 39
4 35 m2 133407 -0.00558173098 0.5 p-1 -7397563 1471
207 36 m2 139767 -0.000111773108 0.5 p-1 -3624043 75
233 39 m2 146452 -0.00733464165 0.5 p-1 -830936 24
5 40 m2 146548 -1.70340518e-05 0.5 p-1 -799948 212
299 41 m2 146747 -0.0112787588 0.5 p-1 -36579 2
249 42 m2 155035 -4.61927073e-07 0.5 p-1 -99726 16
284 43 m2 156577 -0.0349771157 0.5 p-1 -12037 3
68 46 m2 170759 -1.53031121e-09 0.5 p-1 -1306369 321
185 49 m2 184404 -0.0124820285 0.5 p-1 -5147734 117
136 50 m2 185645 -0.00494311471 0.5 p-1 -459992 40
255 51 m2 186234 -1.32128353e-05 0.5 p-1 -136587 2
99 52 m2 192218 -0.000278888299 0.5 p-1 -3740197 882
8 53 m2 205200 -0.000226225253 0.5 p-1 -159872 53
9 54 m2 209825 -0.00638206117 0.5 p-1 -1476563 418
165 55 m2 212738 -3.24607099e-05 0.5 p-1 -886641 45
256 56 m2 214183 -0.000650374859 0.5 p-1 -8667 6
10 59 m2 221911 -0.059087906 0.5 p-1 -2153875 804
69 60 m2 223157 -0.0210617427 0.5 p-1 -404092 256
166 61 m2 232665 -0.000189518905 0.5 p-1 -121387 53
83 63 m2 267270 -0.000152234905 0.5 p-1 -3116606 869
175 64 m2 274859 -0.00287505635 0.5 p-1 -1045108 168
84 65 m2 275275 -0.000285964168 0.5 p-1 -1372769 999
124 66 m2 279904 -0.00285008689 0.5 p-1 -4270426 780
132 67 m2 283514 -0.0375057086 0.5 p-1 -465219 403
202 68 m2 284598 -0.0453892723 0.5 p-1 -63220 18
265 69 m2 284703 -0.0023969966 0.5 p-1 -38803 14
230 70 m2 290972 -9.69056657e-08 0.5 p-1 -126779 35
163 71 m2 295560 -6.03207839e-09 0.5 p-1 -345893 34
70 72 m2 297265 -0.00262585096 0.5 p-1 -154925 45
54 74 m2 298864 -0.0116248317 0.5 p-1 -100785 58
13 75 m2 308581 -3.26737936e-05 0.5 p-1 -3526374 1814
14 76 m2 309020 -3.7939426e-06 0.5 p-1 -3808227 764
15 77 m2 316684 -0.00242034369 0.5 p-1 -223510 76
137 78 m2 318523 -0.0313937403 0.5 p-1 -248 9
253 80 m2 326770 -5.49988499e-07 0.5 p-1 -16870 13
71 81 m2 327310 -0.054058671 0.5 p-1 -19789856 621
152 82 m2 332030 -0.000173198699 0.5 p-1 -17406 37
302 83 m2 335455 -2.13396197e-06 0.5 p-1 -25567 5
85 85 m2 344138 -7.70208717e-05 0.5 p-1 -1453 9
16 87 m2 347139 -0.0147207901 0.5 p-1 -1049591 514
196 88 m2 362138 -0.00932966452 0.5 p-1 -53472 53
252 89 m2 362593 -0.000935114687 0.5 p-1 -86989 27
17 91 m2 371952 -0.000385965395 0.5 p-1 -3037302 1827
154 93 m2 373780 -0.000516252127 0.5 p-1 -169707 284
224 94 m2 375787 -0.00656421063 0.5 p-1 -55232 13
172 95 m2 376171 -0.00595017755 0.5 p-1 -795201 156
18 96 m2 377060 -1.75139905e-06 0.5 p-1 -2716187 1036
19 97 m2 377831 -0.00334587321 0.5 p-1 -1759363 796
100 98 m2 380391 -0.00911491644 0.5 p-1 -558681 81
113 100 m2 383324 -0.00794204231 0.5 p-1 -1805465 695
20 101 m2 385248 -0.00277530216 0.5 p-1 -87156 69
125 102 m2 385431 -0.00215537404 0.5 p-1 -9119 21
279 103 m2 389525 -0.00334588834 0.5 p-1 -35850 5
118 104 m2 399535 -0.000220095084 0.5 p-1 -72945 9
86 105 m2 399771 -0.00981114805 0.5 p-1 -863716 1247
254 106 m2 403726 -0.00470152125 0.5 p-1 -8647 24
148 107 m2 407794 -0.000879035622 0.5 p-1 -471025 326
307 108 m2 410795 -0.000456432143 0.5 p-1 -5073 4
232 110 m2 416518 -0.00280939415 0.5 p-1 -179110 3
101 111 m2 419867 -0.0131861353 0.5 p-1 -55164 28
295 112 m2 422557 -0.038424816 0.5 p-1 -55909 15
21 114 m2 427072 -0.0055806688 0.5 p-1 -584180 347
22 115 m2 428755 -4.07709704e-05 0.5 p-1 -4176038 1516
281 118 m2 434137 -0.00320727611 0.5 p-1 -10630 7
247 119 m2 439668 -0.000364996318 0.5 p-1 -1942999 31
23 120 m2 441183 -0.000421424513 0.5 p-1 -1647931 1569
282 124 m2 443654 -5.64147813e-05 0.5 p-1 -3342 3
88 126 m2 453893 -0.000356287987 0.5 p-1 -2984012 946
73 127 m2 456591 -0.0295293331 0.5 p-1 -815750 565
261 130 m2 467207 -4.38002608e-05 0.5 p-1 -105862 16
257 134 m2 473154 -0.00101820857 0.5 p-1 -12662 2
270 135 m2 473884 -0.0128863342 0.5 p-1 -13820 25
24 137 m2 481764 -0.000607129652 0.5 p-1 -10022859 629
180 139 m2 492391 -2.27636137e-05 0.5 p-1 -544 10
164 141 m2 497144 -0.004452297 0.5 p-1 -152519 52
298 142 m2 497804 -3.87511463e-05 0.5 p-1 -103 1
25 146 m2 516779 -0.000158783689 0.5 p-1 -4970555 1050
26 147 m2 518080 -0.00035692635 0.5 p-1 -7823533 1709
259 148 m2 522536 -1.67541339e-06 0.5 p-1 -143627 13
119 150 m2 534973 -0.01026149 0.5 p-1 -1580339 514
283 151 m2 537335 -0.0356577188 0.5 p-1 -12462 7
221 152 m2 543431 -0.0064697261 0.5 p-1 -150654 26
120 153 m2 546286 -1.5009663e-05 0.5 p-1 -11349001 206
189 154 m2 546805 -3.58509993e-07 0.5 p-1 -69569 24
267 155 m2 547384 -3.55028824e-05 0.5 p-1 -8499 14
227 156 m2 548259 -0.0140319504 0.5 p-1 -328685 38
74 157 m2 549898 -0.000162076452 0.5 p-1 -133159 30
57 158 m2 551435 -0.000803822826 0.5 p-1 -532932 141
215 159 m2 561704 -0.0104260109 0.5 p-1 -1178978 75
211 160 m2 568493 -0.00111810374 0.5 p-1 -161830 86
169 161 m2 574120 -0.000321769359 0.5 p-1 -1453222 97
133 162 m2 576773 -0.00116277277 0.5 p-1 -717626 419
27 163 m2 583495 -0.0126133515 0.5 p-1 -4875153 891
234 164 m2 593929 -3.09516366e-07 0.5 p-1 -3146937 144
176 166 m2 597683 -0.00817408599 0.5 p-1 -2274770 193
286 167 m2 598633 -1.72276771e-06 0.5 p-1 -220674 21
28 168 m2 599241 -2.68532058e-05 0.5 p-1 -5997133 805
173 169 m2 602092 -0.00313061243 0.5 p-1 -468245 81
59 170 m2 602586 -0.00739395432 0.5 p-1 -822646 365
91 171 m2 605987 -0.00314184348 0.5 p-1 -3074296 885
75 172 m2 609232 -0.0387260206 0.5 p-1 -950634 178
29 173 m2 614579 -4.15332543e-05 0.5 p-1 -2562000 1911
225 174 m2 616974 -0.0338809565 0.5 p-1 -150358 23
250 175 m2 617493 -8.15663148e-10 0.5 p-1 -103377 16
264 176 m2 618010 -0.0206666794 0.5 p-1 -435826 14
156 177 m2 619175 -0.00998421758 0.5 p-1 -372525 265
271 178 m2 627846 -0.00035045165 0.5 p-1 -94265 23
76 179 m2 628472 -1.03559205e-06 0.5 p-1 -6568440 349
162 182 m2 631795 -0.0276766177 0.5 p-1 -425844 53
141 183 m2 641157 -0.000453850866 0.5 p-1 -1568426 134
127 184 m2 646401 -2.51133588e-06 0.5 p-1 -122357 64
244 185 m2 649687 -0.0078490125 0.5 p-1 -3542 5
60 186 m2 654643 -0.00163796591 0.5 p-1 -6667951 1193
128 188 m2 657376 -0.00918995962 0.5 p-1 -251664 73
251 189 m2 670204 -0.0286339633 0.5 p-1 -56201 14
203 191 m2 672591 -0.00748723792 0.5 p-1 -272665 116
61 193 m2 676620 -0.012213924 0.5 p-1 -5752896 917
209 194 m2 678521 -0.0191249102 0.5 p-1 -4775135 154
311 195 m2 681619 -0.000113693372 0.5 p-1 -253 1
138 196 m2 684793 -0.00366736832 0.5 p-1 -369627 109
105 197 m2 707560 -8.42116879e-06 0.5 p-1 -709663 343
193 198 m2 707572 -0.00224570208 0.5 p-1 -848312 315
157 200 m2 708246 -0.0106704151 0.5 p-1 -223573 25
181 201 m2 720452 -0.000200828566 0.5 p-1 -368163 96
237 202 m2 723054 -1.79408325e-05 0.5 p-1 -559303 38
174 203 m2 724802 -2.8249784e-05 0.5 p-1 -180081 151
248 204 m2 725024 -0.00560441799 0.5 p-1 -16543 16
226 205 m2 727257 -0.000156660666 0.5 p-1 -837772 104
115 206 m2 732004 -0.000428253232 0.5 p-1 -237433 97
30 207 m2 735632 -0.00223238836 0.5 p-1 -12896577 1421
129 208 m2 735679 -0.000664080435 0.5 p-1 -856971 226
31 210 m2 740382 -0.0227164309 0.5 p-1 -5441852 1907
278 211 m2 744043 -0.0019133247 0.5 p-1 -9854 15
266 212 m2 748265 -0.00816754997 0.5 p-1 -43471 5
92 213 m2 748618 -0.00473759091 0.5 p-1 -2781833 303
32 214 m2 750107 -0.00107977877 0.5 p-1 -2201742 1042
62 215 m2 759791 -0.000496900757 0.5 p-1 -2328005 552
272 216 m2 762762 -0.0181647819 0.5 p-1 -62900 8
204 217 m2 765626 -1.62656252e-05 0.5 p-1 -1428508 110
308 218 m2 765979 -0.000627384114 0.5 p-1 -16283 1
63 221 m2 772872 -0.0170404594 0.5 p-1 -1800282 180
134 222 m2 778292 -0.00816320814 0.5 p-1 -237154 122
34 224 m2 790316 -0.000435334427 0.5 p-1 -963845 882
35 225 m2 792446 -0.00307976943 0.5 p-1 -3642919 1068
229 226 m2 794817 -0.00529503124 0.5 p-1 -215551 33
144 228 m2 797506 -0.000309090712 0.5 p-1 -440130 78
36 230 m2 798708 -0.00107720715 0.5 p-1 -3091014 491
37 231 m2 799496 -0.00918782689 0.5 p-1 -4374263 1158
123 232 m2 803740 -0.00978168659 0.5 p-1 -3758530 60
300 233 m2 806539 -0.0160222743 0.5 p-1 -256817 1
200 235 m2 813330 -3.77394933e-08 0.5 p-1 -211537 99
177 236 m2 823903 -0.00445837248 0.5 p-1 -1675374 113
106 237 m2 831542 -0.00241104397 0.5 p-1 -827327 112
38 238 m2 837520 -0.0274343882 0.5 p-1 -6486641 1386
214 240 m2 840630 -0.0109181255 0.5 p-1 -31932 14
39 241 m2 841645 -7.26674261e-05 0.5 p-1 -3213178 1214
216 242 m2 845988 -0.000387060601 0.5 p-1 -37257 35
93 243 m2 846021 -1.81045809e-08 0.5 p-1 -391647 240
292 244 m2 847583 -0.00107225578 0.5 p-1 -102041 4
294 245 m2 853617 -1.46160306e-11 0.5 p-1 -19478 3
303 246 m2 853699 -0.000176574089 0.5 p-1 -234929 3
186 248 m2 854155 -0.00859897863 0.5 p-1 -343798 29
218 251 m2 856011 -0.000947779743 0.5 p-1 -69368 2
238 253 m2 858615 -0.00382782123 0.5 p-1 -56788 13
293 254 m2 864161 -0.086551927 0.5 p-1 -7904 6
245 255 m2 864193 -0.00244759 0.5 p-1 -9368 9
41 256 m2 867671 -0.00870218594 0.5 p-1 -9193941 123
258 257 m2 877265 -0.000432808243 0.5 p-1 -704123 21
42 258 m2 879102 -0.00487086317 0.5 p-1 -2698566 747
187 259 m2 879184 -0.0407457426 0.5 p-1 -112588 69
77 260 m2 884155 -0.00135928451 0.5 p-1 -1727260 343
142 261 m2 886464 -0.0707808658 0.5 p-1 -622324 109
184 262 m2 886621 -0.000280112872 0.5 p-1 -6110 11
217 263 m2 887824 -0.0290576126 0.5 p-1 -136584 52
219 264 m2 890690 -0.00197028951 0.5 p-1 -21330 23
143 266 m2 895876 -0.0220501572 0.5 p-1 -883597 59
116 267 m2 897426 -0.0200714413 0.5 p-1 -218782 91
64 268 m2 899825 -0.0186455082 0.5 p-1 -359597 283
44 269 m2 900641 -0.0567586906 0.5 p-1 -2285746 867
171 270 m2 902109 -0.00205965666 0.5 p-1 -865596 28
78 271 m2 907913 -0.00133091537 0.5 p-1 -777318 598
79 275 m2 917721 -0.0222473033 0.5 p-1 -165985 78
45 276 m2 919285 -0.00653648842 0.5 p-1 -660277 431
94 277 m2 922895 -3.18569801e-05 0.5 p-1 -995805 398
277 278 m2 926407 -2.77401178e-08 0.5 p-1 -7473 1
80 279 m2 927116 -0.0824819282 0.5 p-1 -1588458 454
107 280 m2 927677 -2.71250665e-05 0.5 p-1 -4920454 279
241 281 m2 941472 -0.00844884105 0.5 p-1 -321550 36
130 282 m2 960779 -0.0294002499 0.5 p-1 -1602898 91
210 283 m2 962365 -0.00229941402 0.5 p-1 -558329 129
48 284 m2 969634 -4.75663692e-05 0.5 p-1 -841246 78
117 285 m2 970921 -0.00251782732 0.5 p-1 -155875 67
81 286 m2 976321 -0.00757070538 0.5 p-1 -314110 212
178 287 m2 980846 -0.0101347361 0.5 p-1 -795705 96
190 288 m2 981164 -0.00750922598 0.5 p-1 -247126 128
49 289 m2 981352 -0.00920283515 0.5 p-1 -1943629 1877
139 291 m2 995110 -9.64383216e-05 0.5 p-1 -303163 86
291 301 m2 368866 -9.77539239e-05 0.5 p0 2 2
220 304 m2 904510 -0.00336909178 0.5 p0 2 18
235 307 m2 470547 -0.0111373691 0.5 p0 2 7
67 308 m2 108216 -0.000276356237 0.5 p0 2 3
290 316 m2 988521 -0.00282152207 0.5 p0 2 5
288 321 m2 81032 -0.00181907869 0.5 p0 2 1
201 323 m2 968189 -0.00334686902 0.5 p0 2 4
273 328 m2 490183 -0.0013500402 0.5 p0 2 5
231 332 m2 682722 -0.0173320416 0.5 p0 2 5
58 335 m2 561709 -0.000176368951 0.5 p0 2 10
269 341 m2 160194 -0.000445368671 0.5 p0 2 4
310 346 m2 477415 -0.000169994441 0.5 p0 2 3
0 348 m1 966 0 0.5 p-1 -5620549 1952
140 349 m1 1936 0 0.5 p-1 -2488059 369
305 350 m1 7038 0 0.5 p-1 -17957 6
243 351 m1 7512 0 0.5 p-1 -41041 12
262 352 m1 12999 0 0.5 p-1 -73184 22
150 354 m1 48819 0 0.5 p-1 -1395944 235
109 355 m1 56854 0 0.5 p-1 -1468017 608
228 356 m1 64703 0 0.5 p-1 -24300 2
213 357 m1 67286 0 0.5 p-1 -14706 21
146 358 m1 67822 0 0.5 p-1 -503590 125
242 359 m1 72558 0 0.5 p-1 -179053 19
151 361 m1 87414 0 0.5 p-1 -75626 46
268 362 m1 95934 0 0.5 p-1 -86174 10
301 363 m1 104365 0 0.5 p-1 -10767 1
3 364 m1 124341 0 0.5 p-1 -1714179 1168
195 366 m1 138621 0 0.5 p-1 -257921 35
197 367 m1 139804 0 0.5 p-1 -249004 89
223 369 m1 143477 0 0.5 p-1 -93750 7
309 371 m1 163502 0 0.5 p-1 -2882 1
274 372 m1 169509 0 0.5 p-1 -30276 3
183 373 m1 190730 0 0.5 p-1 -291462 294
6 374 m1 196053 0 0.5 p-1 -3387696 1756
7 375 m1 197000 0 0.5 p-1 -2270150 554
280 377 m1 217559 0 0.5 p-1 -8755 8
111 378 m1 224036 0 0.5 p-1 -7046401 357
53 379 m1 228161 0 0.5 p-1 -7583973 1202
179 380 m1 230122 0 0.5 p-1 -250657 64
11 381 m1 247079 0 0.5 p-1 -10949917 1697
131 382 m1 262201 0 0.5 p-1 -8240516 576
12 384 m1 299385 0 0.5 p-1 -135948 98
208 385 m1 332957 0 0.5 p-1 -73508 32
239 386 m1 338594 0 0.5 p-1 -81683 38
188 387 m1 339915 0 0.5 p-1 -122217 193
55 388 m1 343237 0 0.5 p-1 -8763724 1423
182 391 m1 347582 0 0.5 p-1 -134482 41
112 392 m1 372634 0 0.5 p-1 -2936999 170
72 394 m1 385740 0 0.5 p-1 -383835 152
236 395 m1 401977 0 0.5 p-1 -305042 83
167 396 m1 410719 0 0.5 p-1 -327550 211
155 399 m1 425833 0 0.5 p-1 -2602429 288
56 400 m1 426777 0 0.5 p-1 -229258 117
276 401 m1 431831 0 0.5 p-1 -74250 8
296 402 m1 433992 0 0.5 p-1 -272 2
87 403 m1 435742 0 0.5 p-1 -9724325 306
168 404 m1 436659 0 0.5 p-1 -2055817 191
89 407 m1 464308 0 0.5 p-1 -3284889 263
198 408 m1 489285 0 0.5 p-1 -24685 4
212 412 m1 508633 0 0.5 p-1 -24905 7
126 413 m1 508874 0 0.5 p-1 -947246 221
289 414 m1 532890 0 0.5 p-1 -4458 2
90 415 m1 540781 0 0.5 p-1 -3459758 89
191 417 m1 563055 0 0.5 p-1 -143420 59
121 418 m1 580344 0 0.5 p-1 -566308 208
192 419 m1 591373 0 0.5 p-1 -1205058 193
102 420 m1 596357 0 0.5 p-1 -982817 312
103 421 m1 599064 0 0.5 p-1 -524676 384
159 422 m1 599164 0 0.5 p-1 -513926 130
306 423 m1 599386 0 0.5 p-1 -11069 1
199 424 m1 603436 0 0.5 p-1 -511611 24
122 425 m1 611020 0 0.5 p-1 -221864 91
160 426 m1 618097 0 0.5 p-1 -53287 65
104 428 m1 681501 0 0.5 p-1 -699586 200
297 430 m1 704618 0 0.5 p-1 -4110 3
114 432 m1 719214 0 0.5 p-1 -1855563 833
33 434 m1 778993 0 0.5 p-1 -7733964 1133
275 438 m1 831315 0 0.5 p-1 -39746 3
260 439 m1 836487 0 0.5 p-1 -12481 5
205 441 m1 854390 0 0.5 p-1 -54346 53
40 442 m1 855823 0 0.5 p-1 -3707116 949
43 444 m1 882759 0 0.5 p-1 -11117448 1481
170 445 m1 883773 0 0.5 p-1 -92290 147
153 446 m1 893419 0 0.5 p-1 -337485 92
263 447 m1 896226 0 0.5 p-1 -30813 2
287 448 m1 923841 0 0.5 p-1 -3694 1
285 449 m1 937379 0 0.5 p-1 -17316 10
46 450 m1 944763 0 0.5 p-1 -6555081 1671
47 451 m1 955223 0 0.5 p-1 -3397902 201
161 452 m1 958095 0 0.5 p-1 -1281634 205
82 453 m1 989172 0 0.5 p-1 -121421 93
Individuals:
