Mutations:
78 1 m2 16554 -0.00313826581 0.5 p-1 -1313535 609
38 3 m2 19847 -0.0108166905 0.5 p-1 -717724 207
79 4 m2 20730 -0.0238812771 0.5 p-1 -2271922 268
200 5 m2 26405 -0.00454898644 0.5 p-1 -32639 22
202 6 m2 33189 -4.30005429e-07 0.5 p-1 -296377 47
107 8 m2 41179 -0.00100680941 0.5 p-1 -391442 217
227 10 m2 45572 -0.0127473045 0.5 p-1 -161885 22
221 12 m2 49091 -5.66231211e-06 0.5 p-1 -1919 13
180 14 m2 60434 -0.00121575303 0.5 p-1 -184725 57
190 15 m2 63501 -4.19048229e-05 0.5 p-1 -50940 51
80 16 m2 73395 -0.00260783895 0.5 p-1 -2240757 1070
2 17 m2 73418 -0.0114805996 0.5 p-1 -2879818 750
68 20 m2 78780 -0.0197269693 0.5 p-1 -7881331 445
222 21 m2 87571 -0.00211810996 0.5 p-1 -436958 38
165 23 m2 89731 -0.00297558797 0.5 p-1 -512186 476
3 24 m2 92431 -0.00103566167 0.5 p-1 -5435484 402
194 25 m2 93462 -0.0301100034 0.5 p-1 -54958 33
137 27 m2 108493 -0.0255723726 0.5 p-1 -3581672 279
116 29 m2 110611 -0.0105602136 0.5 p-1 -527177 253
125 30 m2 112709 -0.0430609696 0.5 p-1 -3078411 520
138 33 m2 131486 -0.0358099155 0.5 p-1 -693172 108
185 34 m2 133119 -1.37915622e-05 0.5 p-1 -511751 31
4 35 m2 133407 -0.00558173098 0.5 p-1 -7397563 1495
152 36 m2 139767 -0.000111773108 0.5 p-1 -3624043 50
243 39 m2 146452 -0.00733464165 0.5 p-1 -830936 34
69 40 m2 146548 -1.70340518e-05 0.5 p-1 -799948 302
244 41 m2 146747 -0.0112787588 0.5 p-1 -36579 21
254 42 m2 155035 -4.61927073e-07 0.5 p-1 -99726 15
265 45 m2 169604 -3.24031644e-05 0.5 p-1 -4506 2
5 46 m2 170759 -1.53031121e-09 0.5 p-1 -1306369 390
82 49 m2 184404 -0.0124820285 0.5 p-1 -5147734 160
175 50 m2 185645 -0.00494311471 0.5 p-1 -459992 31
203 51 m2 186234 -1.32128353e-05 0.5 p-1 -136587 11
39 52 m2 192218 -0.000278888299 0.5 p-1 -3740197 955
258 53 m2 205200 -0.000226225253 0.5 p-1 -159872 27
70 54 m2 209825 -0.00638206117 0.5 p-1 -1476563 375
223 55 m2 212738 -3.24607099e-05 0.5 p-1 -886641 57
40 59 m2 221911 -0.059087906 0.5 p-1 -2153875 897
8 60 m2 223157 -0.0210617427 0.5 p-1 -404092 279
189 61 m2 232665 -0.000189518905 0.5 p-1 -121387 47
104 63 m2 267270 -0.000152234905 0.5 p-1 -3116606 806
178 64 m2 274859 -0.00287505635 0.5 p-1 -1045108 186
95 65 m2 275275 -0.000285964168 0.5 p-1 -1372769 898
85 66 m2 279904 -0.00285008689 0.5 p-1 -4270426 840
96 67 m2 283514 -0.0375057086 0.5 p-1 -465219 474
10 68 m2 284598 -0.0453892723 0.5 p-1 -63220 39
71 69 m2 284703 -0.0023969966 0.5 p-1 -38803 70
228 70 m2 290972 -9.69056657e-08 0.5 p-1 -126779 31
146 71 m2 295560 -6.03207839e-09 0.5 p-1 -345893 70
140 72 m2 297265 -0.00262585096 0.5 p-1 -154925 73
135 74 m2 298864 -0.0116248317 0.5 p-1 -100785 47
11 75 m2 308581 -3.26737936e-05 0.5 p-1 -3526374 1843
97 76 m2 309020 -3.7939426e-06 0.5 p-1 -3808227 753
220 77 m2 316684 -0.00242034369 0.5 p-1 -223510 136
98 81 m2 327310 -0.054058671 0.5 p-1 -19789856 661
172 82 m2 332030 -0.000173198699 0.5 p-1 -17406 14
210 83 m2 335455 -2.13396197e-06 0.5 p-1 -25567 20
255 86 m2 344358 -0.00442016823 0.5 p-1 -10223 9
73 87 m2 347139 -0.0147207901 0.5 p-1 -1049591 531
173 88 m2 362138 -0.00932966452 0.5 p-1 -53472 47
310 89 m2 362593 -0.000935114687 0.5 p-1 -86989 1
13 91 m2 371952 -0.000385965395 0.5 p-1 -3037302 1846
158 93 m2 373780 -0.000516252127 0.5 p-1 -169707 262
211 94 m2 375787 -0.00656421063 0.5 p-1 -55232 24
117 95 m2 376171 -0.00595017755 0.5 p-1 -795201 193
14 96 m2 377060 -1.75139905e-06 0.5 p-1 -2716187 1067
87 97 m2 377831 -0.00334587321 0.5 p-1 -1759363 888
118 98 m2 380391 -0.00911491644 0.5 p-1 -558681 69
136 100 m2 383324 -0.00794204231 0.5 p-1 -1805465 557
171 101 m2 385248 -0.00277530216 0.5 p-1 -87156 85
307 102 m2 385431 -0.00215537404 0.5 p-1 -9119 3
303 103 m2 389525 -0.00334588834 0.5 p-1 -35850 3
225 104 m2 399535 -0.000220095084 0.5 p-1 -72945 3
42 105 m2 399771 -0.00981114805 0.5 p-1 -863716 1219
279 106 m2 403726 -0.00470152125 0.5 p-1 -8647 7
44 107 m2 407794 -0.000879035622 0.5 p-1 -471025 280
181 110 m2 416518 -0.00280939415 0.5 p-1 -179110 14
204 111 m2 419867 -0.0131861353 0.5 p-1 -55164 22
309 112 m2 422557 -0.038424816 0.5 p-1 -55909 1
133 114 m2 427072 -0.0055806688 0.5 p-1 -584180 301
15 115 m2 428755 -4.07709704e-05 0.5 p-1 -4176038 1505
232 118 m2 434137 -0.00320727611 0.5 p-1 -10630 15
261 119 m2 439668 -0.000364996318 0.5 p-1 -1942999 49
16 120 m2 441183 -0.000421424513 0.5 p-1 -1647931 1510
263 122 m2 441505 -0.015098541 0.5 p-1 -39517 5
17 126 m2 453893 -0.000356287987 0.5 p-1 -2984012 878
105 127 m2 456591 -0.0295293331 0.5 p-1 -815750 518
295 129 m2 461286 -0.014305965 0.5 p-1 -12137 6
126 130 m2 467207 -4.38002608e-05 0.5 p-1 -105862 30
168 135 m2 473884 -0.0128863342 0.5 p-1 -13820 16
306 136 m2 480003 -0.0134336771 0.5 p-1 -42846 1
120 137 m2 481764 -0.000607129652 0.5 p-1 -10022859 570
302 139 m2 492391 -2.27636137e-05 0.5 p-1 -544 2
48 141 m2 497144 -0.004452297 0.5 p-1 -152519 81
207 144 m2 514225 -0.000109218759 0.5 p-1 -25762 13
18 146 m2 516779 -0.000158783689 0.5 p-1 -4970555 1103
19 147 m2 518080 -0.00035692635 0.5 p-1 -7823533 1621
226 148 m2 522536 -1.67541339e-06 0.5 p-1 -143627 34
100 150 m2 534973 -0.01026149 0.5 p-1 -1580339 563
251 152 m2 543431 -0.0064697261 0.5 p-1 -150654 22
49 153 m2 546286 -1.5009663e-05 0.5 p-1 -11349001 189
233 154 m2 546805 -3.58509993e-07 0.5 p-1 -69569 26
288 155 m2 547384 -3.55028824e-05 0.5 p-1 -8499 2
257 156 m2 548259 -0.0140319504 0.5 p-1 -328685 9
208 157 m2 549898 -0.000162076452 0.5 p-1 -133159 47
20 158 m2 551435 -0.000803822826 0.5 p-1 -532932 180
229 159 m2 561704 -0.0104260109 0.5 p-1 -1178978 78
159 160 m2 568493 -0.00111810374 0.5 p-1 -161830 125
121 161 m2 574120 -0.000321769359 0.5 p-1 -1453222 125
75 162 m2 576773 -0.00116277277 0.5 p-1 -717626 416
51 163 m2 583495 -0.0126133515 0.5 p-1 -4875153 812
174 164 m2 593929 -3.09516366e-07 0.5 p-1 -3146937 212
21 166 m2 597683 -0.00817408599 0.5 p-1 -2274770 183
195 167 m2 598633 -1.72276771e-06 0.5 p-1 -220674 28
53 168 m2 599241 -2.68532058e-05 0.5 p-1 -5997133 667
127 169 m2 602092 -0.00313061243 0.5 p-1 -468245 116
54 170 m2 602586 -0.00739395432 0.5 p-1 -822646 383
55 171 m2 605987 -0.00314184348 0.5 p-1 -3074296 931
196 172 m2 609232 -0.0387260206 0.5 p-1 -950634 187
22 173 m2 614579 -4.15332543e-05 0.5 p-1 -2562000 1848
179 174 m2 616974 -0.0338809565 0.5 p-1 -150358 44
197 175 m2 617493 -8.15663148e-10 0.5 p-1 -103377 24
150 176 m2 618010 -0.0206666794 0.5 p-1 -435826 25
56 177 m2 619175 -0.00998421758 0.5 p-1 -372525 276
249 178 m2 627846 -0.00035045165 0.5 p-1 -94265 16
128 179 m2 628472 -1.03559205e-06 0.5 p-1 -6568440 380
57 182 m2 631795 -0.0276766177 0.5 p-1 -425844 112
160 183 m2 641157 -0.000453850866 0.5 p-1 -1568426 96
206 184 m2 646401 -2.51133588e-06 0.5 p-1 -122357 106
300 185 m2 649687 -0.0078490125 0.5 p-1 -3542 4
23 186 m2 654643 -0.00163796591 0.5 p-1 -6667951 1181
58 188 m2 657376 -0.00918995962 0.5 p-1 -251664 92
293 189 m2 670204 -0.0286339633 0.5 p-1 -56201 2
217 190 m2 670822 -0.00417643832 0.5 p-1 -28334 1
161 191 m2 672591 -0.00748723792 0.5 p-1 -272665 71
24 193 m2 676620 -0.012213924 0.5 p-1 -5752896 905
142 194 m2 678521 -0.0191249102 0.5 p-1 -4775135 180
289 195 m2 681619 -0.000113693372 0.5 p-1 -253 2
163 196 m2 684793 -0.00366736832 0.5 p-1 -369627 97
59 197 m2 707560 -8.42116879e-06 0.5 p-1 -709663 407
162 198 m2 707572 -0.00224570208 0.5 p-1 -848312 359
269 200 m2 708246 -0.0106704151 0.5 p-1 -223573 20
176 201 m2 720452 -0.000200828566 0.5 p-1 -368163 96
247 202 m2 723054 -1.79408325e-05 0.5 p-1 -559303 41
109 203 m2 724802 -2.8249784e-05 0.5 p-1 -180081 148
218 204 m2 725024 -0.00560441799 0.5 p-1 -16543 30
110 205 m2 727257 -0.000156660666 0.5 p-1 -837772 128
245 206 m2 732004 -0.000428253232 0.5 p-1 -237433 40
61 207 m2 735632 -0.00223238836 0.5 p-1 -12896577 1335
129 208 m2 735679 -0.000664080435 0.5 p-1 -856971 207
25 210 m2 740382 -0.0227164309 0.5 p-1 -5441852 1917
187 211 m2 744043 -0.0019133247 0.5 p-1 -9854 26
278 212 m2 748265 -0.00816754997 0.5 p-1 -43471 9
111 213 m2 748618 -0.00473759091 0.5 p-1 -2781833 301
26 214 m2 750107 -0.00107977877 0.5 p-1 -2201742 993
27 215 m2 759791 -0.000496900757 0.5 p-1 -2328005 460
62 217 m2 765626 -1.62656252e-05 0.5 p-1 -1428508 77
281 218 m2 765979 -0.000627384114 0.5 p-1 -16283 1
153 221 m2 772872 -0.0170404594 0.5 p-1 -1800282 191
101 222 m2 778292 -0.00816320814 0.5 p-1 -237154 123
201 223 m2 782987 -0.0084320195 0.5 p-1 -52280 15
63 224 m2 790316 -0.000435334427 0.5 p-1 -963845 910
64 225 m2 792446 -0.00307976943 0.5 p-1 -3642919 1196
188 226 m2 794817 -0.00529503124 0.5 p-1 -215551 56
272 227 m2 796378 -7.78286121e-05 0.5 p-1 -65186 5
143 228 m2 797506 -0.000309090712 0.5 p-1 -440130 115
106 230 m2 798708 -0.00107720715 0.5 p-1 -3091014 454
29 231 m2 799496 -0.00918782689 0.5 p-1 -4374263 1165
214 232 m2 803740 -0.00978168659 0.5 p-1 -3758530 67
267 233 m2 806539 -0.0160222743 0.5 p-1 -256817 18
169 235 m2 813330 -3.77394933e-08 0.5 p-1 -211537 53
130 236 m2 823903 -0.00445837248 0.5 p-1 -1675374 56
192 237 m2 831542 -0.00241104397 0.5 p-1 -827327 117
30 238 m2 837520 -0.0274343882 0.5 p-1 -6486641 1415
268 240 m2 840630 -0.0109181255 0.5 p-1 -31932 14
31 241 m2 841645 -7.26674261e-05 0.5 p-1 -3213178 1336
276 242 m2 845988 -0.000387060601 0.5 p-1 -37257 5
112 243 m2 846021 -1.81045809e-08 0.5 p-1 -391647 358
164 244 m2 847583 -0.00107225578 0.5 p-1 -102041 9
286 245 m2 853617 -1.46160306e-11 0.5 p-1 -19478 3
212 246 m2 853699 -0.000176574089 0.5 p-1 -234929 10
242 247 m2 854024 -4.43649988e-05 0.5 p-1 -3405 3
144 248 m2 854155 -0.00859897863 0.5 p-1 -343798 66
301 249 m2 854688 -0.00572087429 0.5 p-1 -28359 2
215 251 m2 856011 -0.000947779743 0.5 p-1 -69368 31
199 253 m2 858615 -0.00382782123 0.5 p-1 -56788 19
260 255 m2 864193 -0.00244759 0.5 p-1 -9368 6
90 256 m2 867671 -0.00870218594 0.5 p-1 -9193941 68
205 257 m2 877265 -0.000432808243 0.5 p-1 -704123 9
66 258 m2 879102 -0.00487086317 0.5 p-1 -2698566 804
167 259 m2 879184 -0.0407457426 0.5 p-1 -112588 94
76 260 m2 884155 -0.00135928451 0.5 p-1 -1727260 252
147 261 m2 886464 -0.0707808658 0.5 p-1 -622324 122
262 262 m2 886621 -0.000280112872 0.5 p-1 -6110 7
252 263 m2 887824 -0.0290576126 0.5 p-1 -136584 40
266 264 m2 890690 -0.00197028951 0.5 p-1 -21330 24
253 266 m2 895876 -0.0220501572 0.5 p-1 -883597 34
209 267 m2 897426 -0.0200714413 0.5 p-1 -218782 96
113 268 m2 899825 -0.0186455082 0.5 p-1 -359597 259
33 269 m2 900641 -0.0567586906 0.5 p-1 -2285746 961
230 270 m2 902109 -0.00205965666 0.5 p-1 -865596 42
34 271 m2 907913 -0.00133091537 0.5 p-1 -777318 598
311 273 m2 916041 -2.09030622e-05 0.5 p-1 -471 1
231 275 m2 917721 -0.0222473033 0.5 p-1 -165985 76
114 276 m2 919285 -0.00653648842 0.5 p-1 -660277 470
35 277 m2 922895 -3.18569801e-05 0.5 p-1 -995805 422
91 279 m2 927116 -0.0824819282 0.5 p-1 -1588458 341
131 280 m2 927677 -2.71250665e-05 0.5 p-1 -4920454 256
304 281 m2 941472 -0.00844884105 0.5 p-1 -321550 4
115 282 m2 960779 -0.0294002499 0.5 p-1 -1602898 112
102 283 m2 962365 -0.00229941402 0.5 p-1 -558329 208
241 284 m2 969634 -4.75663692e-05 0.5 p-1 -841246 48
183 285 m2 970921 -0.00251782732 0.5 p-1 -155875 65
77 286 m2 976321 -0.00757070538 0.5 p-1 -314110 153
67 287 m2 980846 -0.0101347361 0.5 p-1 -795705 198
123 288 m2 981164 -0.00750922598 0.5 p-1 -247126 140
37 289 m2 981352 -0.00920283515 0.5 p-1 -1943629 1885
92 291 m2 995110 -9.64383216e-05 0.5 p-1 -303163 43
250 292 m2 161462 -0.0184203573 0.5 p0 2 1
308 297 m2 169316 -0.0426971018 0.5 p0 2 1
191 302 m2 341014 -0.000590078649 0.5 p0 2 9
274 306 m2 756244 -0.00419776933 0.5 p0 2 5
273 316 m2 988521 -0.00282152207 0.5 p0 2 4
290 317 m2 400672 -6.06612457e-06 0.5 p0 2 3
151 321 m2 81032 -0.00181907869 0.5 p0 2 5
239 325 m2 228673 -0.00812323391 0.5 p0 2 8
292 326 m2 648494 -0.00226419 0.5 p0 2 7
287 337 m2 555618 -0.023272343 0.5 p0 2 5
237 338 m2 242891 -0.000298278348 0.5 p0 2 19
294 339 m2 581083 -0.000159746836 0.5 p0 2 7
305 343 m2 468706 -0.00446862215 0.5 p0 2 1
283 346 m2 477415 -0.000169994441 0.5 p0 2 2
0 348 m1 966 0 0.5 p-1 -5620549 1918
1 349 m1 1936 0 0.5 p-1 -2488059 378
280 350 m1 7038 0 0.5 p-1 -17957 5
145 351 m1 7512 0 0.5 p-1 -41041 40
216 352 m1 12999 0 0.5 p-1 -73184 43
177 354 m1 48819 0 0.5 p-1 -1395944 132
103 355 m1 56854 0 0.5 p-1 -1468017 508
299 356 m1 64703 0 0.5 p-1 -24300 1
275 357 m1 67286 0 0.5 p-1 -14706 4
108 358 m1 67822 0 0.5 p-1 -503590 108
124 359 m1 72558 0 0.5 p-1 -179053 11
270 360 m1 82751 0 0.5 p-1 -10221 5
184 361 m1 87414 0 0.5 p-1 -75626 67
182 362 m1 95934 0 0.5 p-1 -86174 41
81 364 m1 124341 0 0.5 p-1 -1714179 1107
264 366 m1 138621 0 0.5 p-1 -257921 18
93 367 m1 139804 0 0.5 p-1 -249004 55
296 369 m1 143477 0 0.5 p-1 -93750 7
94 373 m1 190730 0 0.5 p-1 -291462 281
6 374 m1 196053 0 0.5 p-1 -3387696 1874
7 375 m1 197000 0 0.5 p-1 -2270150 471
297 376 m1 199844 0 0.5 p-1 -6049 3
271 377 m1 217559 0 0.5 p-1 -8755 12
83 378 m1 224036 0 0.5 p-1 -7046401 336
41 379 m1 228161 0 0.5 p-1 -7583973 1129
139 380 m1 230122 0 0.5 p-1 -250657 80
9 381 m1 247079 0 0.5 p-1 -10949917 1789
84 382 m1 262201 0 0.5 p-1 -8240516 496
72 384 m1 299385 0 0.5 p-1 -135948 89
170 385 m1 332957 0 0.5 p-1 -73508 65
235 386 m1 338594 0 0.5 p-1 -81683 25
86 387 m1 339915 0 0.5 p-1 -122217 154
12 388 m1 343237 0 0.5 p-1 -8763724 1401
224 391 m1 347582 0 0.5 p-1 -134482 54
99 392 m1 372634 0 0.5 p-1 -2936999 148
132 394 m1 385740 0 0.5 p-1 -383835 156
43 395 m1 401977 0 0.5 p-1 -305042 67
148 396 m1 410719 0 0.5 p-1 -327550 186
284 397 m1 412138 0 0.5 p-1 -6450 8
298 398 m1 419028 0 0.5 p-1 -691517 1
45 399 m1 425833 0 0.5 p-1 -2602429 263
74 400 m1 426777 0 0.5 p-1 -229258 140
213 401 m1 431831 0 0.5 p-1 -74250 12
46 403 m1 435742 0 0.5 p-1 -9724325 266
119 404 m1 436659 0 0.5 p-1 -2055817 200
47 407 m1 464308 0 0.5 p-1 -3284889 202
285 410 m1 501443 0 0.5 p-1 -11589 4
282 411 m1 503834 0 0.5 p-1 -540 1
248 412 m1 508633 0 0.5 p-1 -24905 9
154 413 m1 508874 0 0.5 p-1 -947246 300
141 414 m1 532890 0 0.5 p-1 -4458 9
238 415 m1 540781 0 0.5 p-1 -3459758 69
256 417 m1 563055 0 0.5 p-1 -143420 9
50 418 m1 580344 0 0.5 p-1 -566308 250
155 419 m1 591373 0 0.5 p-1 -1205058 253
88 420 m1 596357 0 0.5 p-1 -982817 318
89 421 m1 599064 0 0.5 p-1 -524676 409
52 422 m1 599164 0 0.5 p-1 -513926 94
259 423 m1 599386 0 0.5 p-1 -11069 12
149 424 m1 603436 0 0.5 p-1 -511611 26
236 425 m1 611020 0 0.5 p-1 -221864 51
186 426 m1 618097 0 0.5 p-1 -53287 53
156 428 m1 681501 0 0.5 p-1 -699586 254
166 430 m1 704618 0 0.5 p-1 -4110 5
60 432 m1 719214 0 0.5 p-1 -1855563 931
28 434 m1 778993 0 0.5 p-1 -7733964 1146
198 436 m1 800593 0 0.5 p-1 -200 8
219 439 m1 836487 0 0.5 p-1 -12481 22
234 441 m1 854390 0 0.5 p-1 -54346 52
65 442 m1 855823 0 0.5 p-1 -3707116 967
32 444 m1 882759 0 0.5 p-1 -11117448 1506
157 445 m1 883773 0 0.5 p-1 -92290 100
193 446 m1 893419 0 0.5 p-1 -337485 144
291 447 m1 896226 0 0.5 p-1 -30813 1
277 448 m1 923841 0 0.5 p-1 -3694 2
240 449 m1 937379 0 0.5 p-1 -17316 13
36 450 m1 944763 0 0.5 p-1 -6555081 1708
134 451 m1 955223 0 0.5 p-1 -3397902 230
122 452 m1 958095 0 0.5 p-1 -1281634 214
246 453 m1 989172 0 0.5 p-1 -121421 42
Individuals:
