Mutations:
1 1 m2 16554 -0.00313826581 0.5 p-1 -1313535 728
278 2 m2 19401 -0.000410136563 0.5 p-1 -12825 5
137 3 m2 19847 -0.0108166905 0.5 p-1 -717724 271
130 4 m2 20730 -0.0238812771 0.5 p-1 -2271922 303
115 5 m2 26405 -0.00454898644 0.5 p-1 -32639 26
196 6 m2 33189 -4.30005429e-07 0.5 p-1 -296377 39
322 7 m2 40781 -0.00642583426 0.5 p-1 -18372 1
116 8 m2 41179 -0.00100680941 0.5 p-1 -391442 271
194 10 m2 45572 -0.0127473045 0.5 p-1 -161885 16
297 12 m2 49091 -5.66231211e-06 0.5 p-1 -1919 8
279 13 m2 53874 -0.0106307669 0.5 p-1 -1451 3
107 14 m2 60434 -0.00121575303 0.5 p-1 -184725 58
259 15 m2 63501 -4.19048229e-05 0.5 p-1 -50940 39
44 16 m2 73395 -0.00260783895 0.5 p-1 -2240757 1089
73 17 m2 73418 -0.0114805996 0.5 p-1 -2879818 725
3 20 m2 78780 -0.0197269693 0.5 p-1 -7881331 411
4 21 m2 87571 -0.00211810996 0.5 p-1 -436958 68
121 23 m2 89731 -0.00297558797 0.5 p-1 -512186 439
74 24 m2 92431 -0.00103566167 0.5 p-1 -5435484 326
237 25 m2 93462 -0.0301100034 0.5 p-1 -54958 14
145 27 m2 108493 -0.0255723726 0.5 p-1 -3581672 330
100 29 m2 110611 -0.0105602136 0.5 p-1 -527177 328
45 30 m2 112709 -0.0430609696 0.5 p-1 -3078411 458
185 33 m2 131486 -0.0358099155 0.5 p-1 -693172 96
75 34 m2 133119 -1.37915622e-05 0.5 p-1 -511751 57
5 35 m2 133407 -0.00558173098 0.5 p-1 -7397563 1501
175 36 m2 139767 -0.000111773108 0.5 p-1 -3624043 54
248 39 m2 146452 -0.00733464165 0.5 p-1 -830936 24
118 40 m2 146548 -1.70340518e-05 0.5 p-1 -799948 258
262 41 m2 146747 -0.0112787588 0.5 p-1 -36579 10
213 42 m2 155035 -4.61927073e-07 0.5 p-1 -99726 5
286 43 m2 156577 -0.0349771157 0.5 p-1 -12037 1
88 46 m2 170759 -1.53031121e-09 0.5 p-1 -1306369 332
89 49 m2 184404 -0.0124820285 0.5 p-1 -5147734 151
235 50 m2 185645 -0.00494311471 0.5 p-1 -459992 23
305 51 m2 186234 -1.32128353e-05 0.5 p-1 -136587 2
6 52 m2 192218 -0.000278888299 0.5 p-1 -3740197 1003
176 53 m2 205200 -0.000226225253 0.5 p-1 -159872 39
101 54 m2 209825 -0.00638206117 0.5 p-1 -1476563 359
247 55 m2 212738 -3.24607099e-05 0.5 p-1 -886641 45
285 56 m2 214183 -0.000650374859 0.5 p-1 -8667 1
9 59 m2 221911 -0.059087906 0.5 p-1 -2153875 877
47 60 m2 223157 -0.0210617427 0.5 p-1 -404092 346
207 61 m2 232665 -0.000189518905 0.5 p-1 -121387 78
12 63 m2 267270 -0.000152234905 0.5 p-1 -3116606 878
123 64 m2 274859 -0.00287505635 0.5 p-1 -1045108 200
49 65 m2 275275 -0.000285964168 0.5 p-1 -1372769 949
76 66 m2 279904 -0.00285008689 0.5 p-1 -4270426 655
90 67 m2 283514 -0.0375057086 0.5 p-1 -465219 439
186 68 m2 284598 -0.0453892723 0.5 p-1 -63220 25
240 69 m2 284703 -0.0023969966 0.5 p-1 -38803 11
163 70 m2 290972 -9.69056657e-08 0.5 p-1 -126779 34
153 71 m2 295560 -6.03207839e-09 0.5 p-1 -345893 43
150 72 m2 297265 -0.00262585096 0.5 p-1 -154925 41
109 74 m2 298864 -0.0116248317 0.5 p-1 -100785 78
14 75 m2 308581 -3.26737936e-05 0.5 p-1 -3526374 1867
15 76 m2 309020 -3.7939426e-06 0.5 p-1 -3808227 867
187 77 m2 316684 -0.00242034369 0.5 p-1 -223510 173
327 79 m2 321014 -0.0298515093 0.5 p-1 -1151 1
300 80 m2 326770 -5.49988499e-07 0.5 p-1 -16870 2
77 81 m2 327310 -0.054058671 0.5 p-1 -19789856 669
261 82 m2 332030 -0.000173198699 0.5 p-1 -17406 18
132 83 m2 335455 -2.13396197e-06 0.5 p-1 -25567 6
246 85 m2 344138 -7.70208717e-05 0.5 p-1 -1453 10
167 87 m2 347139 -0.0147207901 0.5 p-1 -1049591 386
172 88 m2 362138 -0.00932966452 0.5 p-1 -53472 62
282 89 m2 362593 -0.000935114687 0.5 p-1 -86989 17
16 91 m2 371952 -0.000385965395 0.5 p-1 -3037302 1833
92 93 m2 373780 -0.000516252127 0.5 p-1 -169707 204
223 94 m2 375787 -0.00656421063 0.5 p-1 -55232 24
50 95 m2 376171 -0.00595017755 0.5 p-1 -795201 162
93 96 m2 377060 -1.75139905e-06 0.5 p-1 -2716187 1145
51 97 m2 377831 -0.00334587321 0.5 p-1 -1759363 911
138 98 m2 380391 -0.00911491644 0.5 p-1 -558681 51
17 100 m2 383324 -0.00794204231 0.5 p-1 -1805465 625
188 101 m2 385248 -0.00277530216 0.5 p-1 -87156 87
328 102 m2 385431 -0.00215537404 0.5 p-1 -9119 1
293 103 m2 389525 -0.00334588834 0.5 p-1 -35850 7
267 104 m2 399535 -0.000220095084 0.5 p-1 -72945 6
18 105 m2 399771 -0.00981114805 0.5 p-1 -863716 1306
227 106 m2 403726 -0.00470152125 0.5 p-1 -8647 5
19 107 m2 407794 -0.000879035622 0.5 p-1 -471025 318
318 108 m2 410795 -0.000456432143 0.5 p-1 -5073 1
218 110 m2 416518 -0.00280939415 0.5 p-1 -179110 13
249 111 m2 419867 -0.0131861353 0.5 p-1 -55164 20
102 112 m2 422557 -0.038424816 0.5 p-1 -55909 23
124 114 m2 427072 -0.0055806688 0.5 p-1 -584180 334
21 115 m2 428755 -4.07709704e-05 0.5 p-1 -4176038 1457
280 118 m2 434137 -0.00320727611 0.5 p-1 -10630 12
229 119 m2 439668 -0.000364996318 0.5 p-1 -1942999 65
22 120 m2 441183 -0.000421424513 0.5 p-1 -1647931 1610
288 122 m2 441505 -0.015098541 0.5 p-1 -39517 7
125 126 m2 453893 -0.000356287987 0.5 p-1 -2984012 882
55 127 m2 456591 -0.0295293331 0.5 p-1 -815750 599
312 129 m2 461286 -0.014305965 0.5 p-1 -12137 1
258 130 m2 467207 -4.38002608e-05 0.5 p-1 -105862 10
263 134 m2 473154 -0.00101820857 0.5 p-1 -12662 17
253 135 m2 473884 -0.0128863342 0.5 p-1 -13820 33
94 137 m2 481764 -0.000607129652 0.5 p-1 -10022859 615
204 141 m2 497144 -0.004452297 0.5 p-1 -152519 50
192 144 m2 514225 -0.000109218759 0.5 p-1 -25762 8
311 145 m2 515232 -0.00524655636 0.5 p-1 -1221 1
24 146 m2 516779 -0.000158783689 0.5 p-1 -4970555 1139
25 147 m2 518080 -0.00035692635 0.5 p-1 -7823533 1706
274 148 m2 522536 -1.67541339e-06 0.5 p-1 -143627 27
126 150 m2 534973 -0.01026149 0.5 p-1 -1580339 407
290 151 m2 537335 -0.0356577188 0.5 p-1 -12462 6
110 152 m2 543431 -0.0064697261 0.5 p-1 -150654 45
57 153 m2 546286 -1.5009663e-05 0.5 p-1 -11349001 234
215 154 m2 546805 -3.58509993e-07 0.5 p-1 -69569 28
244 155 m2 547384 -3.55028824e-05 0.5 p-1 -8499 11
189 156 m2 548259 -0.0140319504 0.5 p-1 -328685 31
134 157 m2 549898 -0.000162076452 0.5 p-1 -133159 27
159 158 m2 551435 -0.000803822826 0.5 p-1 -532932 104
195 159 m2 561704 -0.0104260109 0.5 p-1 -1178978 75
197 160 m2 568493 -0.00111810374 0.5 p-1 -161830 86
156 161 m2 574120 -0.000321769359 0.5 p-1 -1453222 75
111 162 m2 576773 -0.00116277277 0.5 p-1 -717626 335
26 163 m2 583495 -0.0126133515 0.5 p-1 -4875153 883
168 164 m2 593929 -3.09516366e-07 0.5 p-1 -3146937 109
157 166 m2 597683 -0.00817408599 0.5 p-1 -2274770 197
198 167 m2 598633 -1.72276771e-06 0.5 p-1 -220674 19
78 168 m2 599241 -2.68532058e-05 0.5 p-1 -5997133 836
201 169 m2 602092 -0.00313061243 0.5 p-1 -468245 78
165 170 m2 602586 -0.00739395432 0.5 p-1 -822646 323
60 171 m2 605987 -0.00314184348 0.5 p-1 -3074296 891
182 172 m2 609232 -0.0387260206 0.5 p-1 -950634 143
28 173 m2 614579 -4.15332543e-05 0.5 p-1 -2562000 1885
166 174 m2 616974 -0.0338809565 0.5 p-1 -150358 28
212 175 m2 617493 -8.15663148e-10 0.5 p-1 -103377 13
232 176 m2 618010 -0.0206666794 0.5 p-1 -435826 17
29 177 m2 619175 -0.00998421758 0.5 p-1 -372525 282
206 178 m2 627846 -0.00035045165 0.5 p-1 -94265 41
61 179 m2 628472 -1.03559205e-06 0.5 p-1 -6568440 351
79 182 m2 631795 -0.0276766177 0.5 p-1 -425844 105
216 183 m2 641157 -0.000453850866 0.5 p-1 -1568426 79
225 184 m2 646401 -2.51133588e-06 0.5 p-1 -122357 75
146 185 m2 649687 -0.0078490125 0.5 p-1 -3542 15
30 186 m2 654643 -0.00163796591 0.5 p-1 -6667951 1215
31 188 m2 657376 -0.00918995962 0.5 p-1 -251664 95
219 189 m2 670204 -0.0286339633 0.5 p-1 -56201 31
323 190 m2 670822 -0.00417643832 0.5 p-1 -28334 1
199 191 m2 672591 -0.00748723792 0.5 p-1 -272665 86
32 193 m2 676620 -0.012213924 0.5 p-1 -5752896 985
80 194 m2 678521 -0.0191249102 0.5 p-1 -4775135 186
236 195 m2 681619 -0.000113693372 0.5 p-1 -253 2
205 196 m2 684793 -0.00366736832 0.5 p-1 -369627 100
141 197 m2 707560 -8.42116879e-06 0.5 p-1 -709663 429
81 198 m2 707572 -0.00224570208 0.5 p-1 -848312 322
233 200 m2 708246 -0.0106704151 0.5 p-1 -223573 19
104 201 m2 720452 -0.000200828566 0.5 p-1 -368163 100
148 202 m2 723054 -1.79408325e-05 0.5 p-1 -559303 40
62 203 m2 724802 -2.8249784e-05 0.5 p-1 -180081 122
142 204 m2 725024 -0.00560441799 0.5 p-1 -16543 24
63 205 m2 727257 -0.000156660666 0.5 p-1 -837772 122
183 206 m2 732004 -0.000428253232 0.5 p-1 -237433 118
34 207 m2 735632 -0.00223238836 0.5 p-1 -12896577 1424
64 208 m2 735679 -0.000664080435 0.5 p-1 -856971 224
35 210 m2 740382 -0.0227164309 0.5 p-1 -5441852 1914
275 211 m2 744043 -0.0019133247 0.5 p-1 -9854 7
254 212 m2 748265 -0.00816754997 0.5 p-1 -43471 14
65 213 m2 748618 -0.00473759091 0.5 p-1 -2781833 292
66 214 m2 750107 -0.00107977877 0.5 p-1 -2201742 923
96 215 m2 759791 -0.000496900757 0.5 p-1 -2328005 515
325 216 m2 762762 -0.0181647819 0.5 p-1 -62900 1
184 217 m2 765626 -1.62656252e-05 0.5 p-1 -1428508 149
221 218 m2 765979 -0.000627384114 0.5 p-1 -16283 9
135 221 m2 772872 -0.0170404594 0.5 p-1 -1800282 200
151 222 m2 778292 -0.00816320814 0.5 p-1 -237154 140
37 224 m2 790316 -0.000435334427 0.5 p-1 -963845 901
38 225 m2 792446 -0.00307976943 0.5 p-1 -3642919 1142
67 226 m2 794817 -0.00529503124 0.5 p-1 -215551 67
158 228 m2 797506 -0.000309090712 0.5 p-1 -440130 127
83 230 m2 798708 -0.00107720715 0.5 p-1 -3091014 425
84 231 m2 799496 -0.00918782689 0.5 p-1 -4374263 1186
180 232 m2 803740 -0.00978168659 0.5 p-1 -3758530 76
251 233 m2 806539 -0.0160222743 0.5 p-1 -256817 5
200 235 m2 813330 -3.77394933e-08 0.5 p-1 -211537 105
149 236 m2 823903 -0.00445837248 0.5 p-1 -1675374 94
39 237 m2 831542 -0.00241104397 0.5 p-1 -827327 144
68 238 m2 837520 -0.0274343882 0.5 p-1 -6486641 1285
169 240 m2 840630 -0.0109181255 0.5 p-1 -31932 9
85 241 m2 841645 -7.26674261e-05 0.5 p-1 -3213178 1358
269 242 m2 845988 -0.000387060601 0.5 p-1 -37257 7
143 243 m2 846021 -1.81045809e-08 0.5 p-1 -391647 282
284 244 m2 847583 -0.00107225578 0.5 p-1 -102041 7
97 245 m2 853617 -1.46160306e-11 0.5 p-1 -19478 7
315 246 m2 853699 -0.000176574089 0.5 p-1 -234929 1
302 247 m2 854024 -4.43649988e-05 0.5 p-1 -3405 3
242 248 m2 854155 -0.00859897863 0.5 p-1 -343798 33
256 251 m2 856011 -0.000947779743 0.5 p-1 -69368 13
160 253 m2 858615 -0.00382782123 0.5 p-1 -56788 9
255 254 m2 864161 -0.086551927 0.5 p-1 -7904 3
209 255 m2 864193 -0.00244759 0.5 p-1 -9368 10
170 256 m2 867671 -0.00870218594 0.5 p-1 -9193941 58
40 257 m2 877265 -0.000432808243 0.5 p-1 -704123 39
86 258 m2 879102 -0.00487086317 0.5 p-1 -2698566 748
171 259 m2 879184 -0.0407457426 0.5 p-1 -112588 100
152 260 m2 884155 -0.00135928451 0.5 p-1 -1727260 296
177 261 m2 886464 -0.0707808658 0.5 p-1 -622324 108
243 262 m2 886621 -0.000280112872 0.5 p-1 -6110 7
98 263 m2 887824 -0.0290576126 0.5 p-1 -136584 56
226 264 m2 890690 -0.00197028951 0.5 p-1 -21330 30
241 266 m2 895876 -0.0220501572 0.5 p-1 -883597 33
71 267 m2 897426 -0.0200714413 0.5 p-1 -218782 90
41 268 m2 899825 -0.0186455082 0.5 p-1 -359597 321
42 269 m2 900641 -0.0567586906 0.5 p-1 -2285746 962
238 270 m2 902109 -0.00205965666 0.5 p-1 -865596 27
113 271 m2 907913 -0.00133091537 0.5 p-1 -777318 649
161 274 m2 916462 -0.0146191362 0.5 p-1 -5941 8
144 275 m2 917721 -0.0222473033 0.5 p-1 -165985 52
87 276 m2 919285 -0.00653648842 0.5 p-1 -660277 513
127 277 m2 922895 -3.18569801e-05 0.5 p-1 -995805 490
128 279 m2 927116 -0.0824819282 0.5 p-1 -1588458 448
136 280 m2 927677 -2.71250665e-05 0.5 p-1 -4920454 285
234 281 m2 941472 -0.00844884105 0.5 p-1 -321550 35
191 282 m2 960779 -0.0294002499 0.5 p-1 -1602898 129
129 283 m2 962365 -0.00229941402 0.5 p-1 -558329 165
210 284 m2 969634 -4.75663692e-05 0.5 p-1 -841246 51
222 285 m2 970921 -0.00251782732 0.5 p-1 -155875 46
99 286 m2 976321 -0.00757070538 0.5 p-1 -314110 194
203 287 m2 980846 -0.0101347361 0.5 p-1 -795705 164
181 288 m2 981164 -0.00750922598 0.5 p-1 -247126 105
43 289 m2 981352 -0.00920283515 0.5 p-1 -1943629 1904
231 291 m2 995110 -9.64383216e-05 0.5 p-1 -303163 42
292 294 m2 542339 -0.0328598842 0.5 p0 2 3
257 295 m2 267042 -8.02710565e-06 0.5 p0 2 8
317 297 m2 169316 -0.0426971018 0.5 p0 2 1
281 300 m2 729473 -0.00418602908 0.5 p0 2 3
321 301 m2 368866 -9.77539239e-05 0.5 p0 2 1
250 302 m2 341014 -0.000590078649 0.5 p0 2 5
296 304 m2 904510 -0.00336909178 0.5 p0 2 3
272 305 m2 721843 -0.00869578589 0.5 p0 2 12
309 307 m2 470547 -0.0111373691 0.5 p0 2 6
306 311 m2 776072 -0.000317948958 0.5 p0 2 5
316 312 m2 553643 -1.57478989e-05 0.5 p0 2 2
260 314 m2 105830 -0.00500395661 0.5 p0 2 2
320 318 m2 396270 -2.94336623e-05 0.5 p0 2 1
326 320 m2 896902 -0.000413362577 0.5 p0 2 1
295 324 m2 506613 -0.0259082075 0.5 p0 2 2
299 327 m2 976437 -0.00210344605 0.5 p0 2 2
313 330 m2 826778 -0.00586144021 0.5 p0 2 2
154 334 m2 337576 -0.00474627037 0.5 p0 2 1
329 338 m2 242891 -0.000298278348 0.5 p0 2 1
314 342 m2 472255 -0.000476012356 0.5 p0 2 1
0 348 m1 966 0 0.5 p-1 -5620549 1894
119 349 m1 1936 0 0.5 p-1 -2488059 429
291 351 m1 7512 0 0.5 p-1 -41041 9
147 352 m1 12999 0 0.5 p-1 -73184 51
283 353 m1 37840 0 0.5 p-1 -4824 2
106 354 m1 48819 0 0.5 p-1 -1395944 201
2 355 m1 56854 0 0.5 p-1 -1468017 522
301 356 m1 64703 0 0.5 p-1 -24300 2
266 357 m1 67286 0 0.5 p-1 -14706 24
117 358 m1 67822 0 0.5 p-1 -503590 93
228 359 m1 72558 0 0.5 p-1 -179053 40
310 360 m1 82751 0 0.5 p-1 -10221 6
120 361 m1 87414 0 0.5 p-1 -75626 54
252 362 m1 95934 0 0.5 p-1 -86174 16
271 363 m1 104365 0 0.5 p-1 -10767 5
46 364 m1 124341 0 0.5 p-1 -1714179 1122
239 365 m1 133787 0 0.5 p-1 -33060 14
108 366 m1 138621 0 0.5 p-1 -257921 29
217 367 m1 139804 0 0.5 p-1 -249004 64
264 369 m1 143477 0 0.5 p-1 -93750 5
276 371 m1 163502 0 0.5 p-1 -2882 2
289 372 m1 169509 0 0.5 p-1 -30276 4
131 373 m1 190730 0 0.5 p-1 -291462 265
7 374 m1 196053 0 0.5 p-1 -3387696 1827
8 375 m1 197000 0 0.5 p-1 -2270150 513
319 376 m1 199844 0 0.5 p-1 -6049 1
179 377 m1 217559 0 0.5 p-1 -8755 9
122 378 m1 224036 0 0.5 p-1 -7046401 310
10 379 m1 228161 0 0.5 p-1 -7583973 1178
162 380 m1 230122 0 0.5 p-1 -250657 58
48 381 m1 247079 0 0.5 p-1 -10949917 1743
11 382 m1 262201 0 0.5 p-1 -8240516 553
13 384 m1 299385 0 0.5 p-1 -135948 87
211 385 m1 332957 0 0.5 p-1 -73508 19
245 386 m1 338594 0 0.5 p-1 -81683 10
155 387 m1 339915 0 0.5 p-1 -122217 155
91 388 m1 343237 0 0.5 p-1 -8763724 1405
298 389 m1 346175 0 0.5 p-1 -758 1
220 391 m1 347582 0 0.5 p-1 -134482 24
173 392 m1 372634 0 0.5 p-1 -2936999 253
52 394 m1 385740 0 0.5 p-1 -383835 192
214 395 m1 401977 0 0.5 p-1 -305042 75
133 396 m1 410719 0 0.5 p-1 -327550 130
308 397 m1 412138 0 0.5 p-1 -6450 5
20 399 m1 425833 0 0.5 p-1 -2602429 270
139 400 m1 426777 0 0.5 p-1 -229258 82
268 401 m1 431831 0 0.5 p-1 -74250 5
53 403 m1 435742 0 0.5 p-1 -9724325 357
54 404 m1 436659 0 0.5 p-1 -2055817 167
56 407 m1 464308 0 0.5 p-1 -3284889 204
304 408 m1 489285 0 0.5 p-1 -24685 4
287 410 m1 501443 0 0.5 p-1 -11589 4
270 412 m1 508633 0 0.5 p-1 -24905 2
23 413 m1 508874 0 0.5 p-1 -947246 246
273 414 m1 532890 0 0.5 p-1 -4458 6
164 415 m1 540781 0 0.5 p-1 -3459758 118
307 416 m1 541055 0 0.5 p-1 -7267 2
230 417 m1 563055 0 0.5 p-1 -143420 13
58 418 m1 580344 0 0.5 p-1 -566308 239
59 419 m1 591373 0 0.5 p-1 -1205058 194
112 420 m1 596357 0 0.5 p-1 -982817 260
27 421 m1 599064 0 0.5 p-1 -524676 359
103 422 m1 599164 0 0.5 p-1 -513926 153
208 423 m1 599386 0 0.5 p-1 -11069 12
224 424 m1 603436 0 0.5 p-1 -511611 61
95 425 m1 611020 0 0.5 p-1 -221864 83
140 426 m1 618097 0 0.5 p-1 -53287 58
33 428 m1 681501 0 0.5 p-1 -699586 250
330 430 m1 704618 0 0.5 p-1 -4110 1
82 432 m1 719214 0 0.5 p-1 -1855563 794
36 434 m1 778993 0 0.5 p-1 -7733964 1154
324 435 m1 795236 0 0.5 p-1 -536 1
294 438 m1 831315 0 0.5 p-1 -39746 7
202 439 m1 836487 0 0.5 p-1 -12481 18
174 441 m1 854390 0 0.5 p-1 -54346 45
69 442 m1 855823 0 0.5 p-1 -3707116 939
265 443 m1 877600 0 0.5 p-1 -15465 4
70 444 m1 882759 0 0.5 p-1 -11117448 1448
193 445 m1 883773 0 0.5 p-1 -92290 105
190 446 m1 893419 0 0.5 p-1 -337485 138
277 447 m1 896226 0 0.5 p-1 -30813 4
303 449 m1 937379 0 0.5 p-1 -17316 2
72 450 m1 944763 0 0.5 p-1 -6555081 1703
114 451 m1 955223 0 0.5 p-1 -3397902 242
178 452 m1 958095 0 0.5 p-1 -1281634 172
105 453 m1 989172 0 0.5 p-1 -121421 77
Individuals:
