Mutations:
98 1 m2 16554 -0.00313826581 0.5 p-1 -1313535 665
302 2 m2 19401 -0.000410136563 0.5 p-1 -12825 5
128 3 m2 19847 -0.0108166905 0.5 p-1 -717724 303
66 4 m2 20730 -0.0238812771 0.5 p-1 -2271922 326
174 5 m2 26405 -0.00454898644 0.5 p-1 -32639 28
82 6 m2 33189 -4.30005429e-07 0.5 p-1 -296377 59
327 7 m2 40781 -0.00642583426 0.5 p-1 -18372 2
67 8 m2 41179 -0.00100680941 0.5 p-1 -391442 264
252 10 m2 45572 -0.0127473045 0.5 p-1 -161885 15
287 12 m2 49091 -5.66231211e-06 0.5 p-1 -1919 5
151 14 m2 60434 -0.00121575303 0.5 p-1 -184725 54
243 15 m2 63501 -4.19048229e-05 0.5 p-1 -50940 14
2 16 m2 73395 -0.00260783895 0.5 p-1 -2240757 1064
43 17 m2 73418 -0.0114805996 0.5 p-1 -2879818 736
44 20 m2 78780 -0.0197269693 0.5 p-1 -7881331 505
123 21 m2 87571 -0.00211810996 0.5 p-1 -436958 60
330 22 m2 88990 -0.0424577594 0.5 p-1 -5736 3
3 23 m2 89731 -0.00297558797 0.5 p-1 -512186 427
152 24 m2 92431 -0.00103566167 0.5 p-1 -5435484 384
229 25 m2 93462 -0.0301100034 0.5 p-1 -54958 20
176 27 m2 108493 -0.0255723726 0.5 p-1 -3581672 349
342 28 m2 110514 -0.00615238352 0.5 p-1 -5619 2
83 29 m2 110611 -0.0105602136 0.5 p-1 -527177 292
68 30 m2 112709 -0.0430609696 0.5 p-1 -3078411 504
331 31 m2 114272 -0.0116069289 0.5 p-1 -17389 2
202 33 m2 131486 -0.0358099155 0.5 p-1 -693172 102
131 34 m2 133119 -1.37915622e-05 0.5 p-1 -511751 50
4 35 m2 133407 -0.00558173098 0.5 p-1 -7397563 1525
198 36 m2 139767 -0.000111773108 0.5 p-1 -3624043 59
289 39 m2 146452 -0.00733464165 0.5 p-1 -830936 24
69 40 m2 146548 -1.70340518e-05 0.5 p-1 -799948 259
290 41 m2 146747 -0.0112787588 0.5 p-1 -36579 10
291 42 m2 155035 -4.61927073e-07 0.5 p-1 -99726 9
300 43 m2 156577 -0.0349771157 0.5 p-1 -12037 1
355 44 m2 164567 -0.00557445409 0.5 p-1 -5331 2
340 45 m2 169604 -3.24031644e-05 0.5 p-1 -4506 1
46 46 m2 170759 -1.53031121e-09 0.5 p-1 -1306369 396
354 47 m2 174968 -0.020224439 0.5 p-1 -1863 1
133 49 m2 184404 -0.0124820285 0.5 p-1 -5147734 165
132 50 m2 185645 -0.00494311471 0.5 p-1 -459992 22
318 51 m2 186234 -1.32128353e-05 0.5 p-1 -136587 8
6 52 m2 192218 -0.000278888299 0.5 p-1 -3740197 985
224 53 m2 205200 -0.000226225253 0.5 p-1 -159872 47
85 54 m2 209825 -0.00638206117 0.5 p-1 -1476563 349
264 55 m2 212738 -3.24607099e-05 0.5 p-1 -886641 33
306 56 m2 214183 -0.000650374859 0.5 p-1 -8667 4
47 59 m2 221911 -0.059087906 0.5 p-1 -2153875 917
116 60 m2 223157 -0.0210617427 0.5 p-1 -404092 300
219 61 m2 232665 -0.000189518905 0.5 p-1 -121387 54
49 63 m2 267270 -0.000152234905 0.5 p-1 -3116606 905
144 64 m2 274859 -0.00287505635 0.5 p-1 -1045108 159
70 65 m2 275275 -0.000285964168 0.5 p-1 -1372769 952
87 66 m2 279904 -0.00285008689 0.5 p-1 -4270426 756
50 67 m2 283514 -0.0375057086 0.5 p-1 -465219 481
203 68 m2 284598 -0.0453892723 0.5 p-1 -63220 41
166 69 m2 284703 -0.0023969966 0.5 p-1 -38803 22
124 70 m2 290972 -9.69056657e-08 0.5 p-1 -126779 30
187 71 m2 295560 -6.03207839e-09 0.5 p-1 -345893 61
11 72 m2 297265 -0.00262585096 0.5 p-1 -154925 54
253 74 m2 298864 -0.0116248317 0.5 p-1 -100785 58
12 75 m2 308581 -3.26737936e-05 0.5 p-1 -3526374 1839
13 76 m2 309020 -3.7939426e-06 0.5 p-1 -3808227 850
206 77 m2 316684 -0.00242034369 0.5 p-1 -223510 119
337 78 m2 318523 -0.0313937403 0.5 p-1 -248 1
326 79 m2 321014 -0.0298515093 0.5 p-1 -1151 5
250 80 m2 326770 -5.49988499e-07 0.5 p-1 -16870 7
51 81 m2 327310 -0.054058671 0.5 p-1 -19789856 729
286 82 m2 332030 -0.000173198699 0.5 p-1 -17406 20
281 83 m2 335455 -2.13396197e-06 0.5 p-1 -25567 9
292 85 m2 344138 -7.70208717e-05 0.5 p-1 -1453 8
209 86 m2 344358 -0.00442016823 0.5 p-1 -10223 4
117 87 m2 347139 -0.0147207901 0.5 p-1 -1049591 471
235 88 m2 362138 -0.00932966452 0.5 p-1 -53472 56
259 89 m2 362593 -0.000935114687 0.5 p-1 -86989 8
347 90 m2 366757 -0.000340193044 0.5 p-1 -4320 1
15 91 m2 371952 -0.000385965395 0.5 p-1 -3037302 1803
110 93 m2 373780 -0.000516252127 0.5 p-1 -169707 216
232 94 m2 375787 -0.00656421063 0.5 p-1 -55232 20
16 95 m2 376171 -0.00595017755 0.5 p-1 -795201 159
72 96 m2 377060 -1.75139905e-06 0.5 p-1 -2716187 1101
73 97 m2 377831 -0.00334587321 0.5 p-1 -1759363 840
52 98 m2 380391 -0.00911491644 0.5 p-1 -558681 98
118 100 m2 383324 -0.00794204231 0.5 p-1 -1805465 663
199 101 m2 385248 -0.00277530216 0.5 p-1 -87156 57
303 102 m2 385431 -0.00215537404 0.5 p-1 -9119 5
311 103 m2 389525 -0.00334588834 0.5 p-1 -35850 10
221 104 m2 399535 -0.000220095084 0.5 p-1 -72945 16
53 105 m2 399771 -0.00981114805 0.5 p-1 -863716 1243
164 106 m2 403726 -0.00470152125 0.5 p-1 -8647 16
125 107 m2 407794 -0.000879035622 0.5 p-1 -471025 282
348 108 m2 410795 -0.000456432143 0.5 p-1 -5073 1
236 110 m2 416518 -0.00280939415 0.5 p-1 -179110 11
169 111 m2 419867 -0.0131861353 0.5 p-1 -55164 45
278 112 m2 422557 -0.038424816 0.5 p-1 -55909 10
89 114 m2 427072 -0.0055806688 0.5 p-1 -584180 278
17 115 m2 428755 -4.07709704e-05 0.5 p-1 -4176038 1542
145 118 m2 434137 -0.00320727611 0.5 p-1 -10630 17
170 119 m2 439668 -0.000364996318 0.5 p-1 -1942999 63
20 120 m2 441183 -0.000421424513 0.5 p-1 -1647931 1514
171 122 m2 441505 -0.015098541 0.5 p-1 -39517 8
307 124 m2 443654 -5.64147813e-05 0.5 p-1 -3342 3
21 126 m2 453893 -0.000356287987 0.5 p-1 -2984012 901
90 127 m2 456591 -0.0295293331 0.5 p-1 -815750 555
274 129 m2 461286 -0.014305965 0.5 p-1 -12137 9
295 130 m2 467207 -4.38002608e-05 0.5 p-1 -105862 10
213 135 m2 473884 -0.0128863342 0.5 p-1 -13820 42
365 136 m2 480003 -0.0134336771 0.5 p-1 -42846 1
54 137 m2 481764 -0.000607129652 0.5 p-1 -10022859 588
74 141 m2 497144 -0.004452297 0.5 p-1 -152519 63
362 142 m2 497804 -3.87511463e-05 0.5 p-1 -103 1
267 144 m2 514225 -0.000109218759 0.5 p-1 -25762 2
120 146 m2 516779 -0.000158783689 0.5 p-1 -4970555 1124
22 147 m2 518080 -0.00035692635 0.5 p-1 -7823533 1626
182 148 m2 522536 -1.67541339e-06 0.5 p-1 -143627 22
23 150 m2 534973 -0.01026149 0.5 p-1 -1580339 495
214 151 m2 537335 -0.0356577188 0.5 p-1 -12462 9
218 152 m2 543431 -0.0064697261 0.5 p-1 -150654 26
147 153 m2 546286 -1.5009663e-05 0.5 p-1 -11349001 188
75 154 m2 546805 -3.58509993e-07 0.5 p-1 -69569 64
257 155 m2 547384 -3.55028824e-05 0.5 p-1 -8499 14
101 156 m2 548259 -0.0140319504 0.5 p-1 -328685 33
102 157 m2 549898 -0.000162076452 0.5 p-1 -133159 34
183 158 m2 551435 -0.000803822826 0.5 p-1 -532932 162
225 159 m2 561704 -0.0104260109 0.5 p-1 -1178978 75
103 160 m2 568493 -0.00111810374 0.5 p-1 -161830 110
200 161 m2 574120 -0.000321769359 0.5 p-1 -1453222 131
55 162 m2 576773 -0.00116277277 0.5 p-1 -717626 399
25 163 m2 583495 -0.0126133515 0.5 p-1 -4875153 885
91 164 m2 593929 -3.09516366e-07 0.5 p-1 -3146937 160
104 166 m2 597683 -0.00817408599 0.5 p-1 -2274770 159
121 167 m2 598633 -1.72276771e-06 0.5 p-1 -220674 20
56 168 m2 599241 -2.68532058e-05 0.5 p-1 -5997133 734
237 169 m2 602092 -0.00313061243 0.5 p-1 -468245 113
57 170 m2 602586 -0.00739395432 0.5 p-1 -822646 356
58 171 m2 605987 -0.00314184348 0.5 p-1 -3074296 957
26 172 m2 609232 -0.0387260206 0.5 p-1 -950634 180
27 173 m2 614579 -4.15332543e-05 0.5 p-1 -2562000 1896
146 174 m2 616974 -0.0338809565 0.5 p-1 -150358 40
276 175 m2 617493 -8.15663148e-10 0.5 p-1 -103377 13
180 176 m2 618010 -0.0206666794 0.5 p-1 -435826 19
126 177 m2 619175 -0.00998421758 0.5 p-1 -372525 308
194 178 m2 627846 -0.00035045165 0.5 p-1 -94265 11
134 179 m2 628472 -1.03559205e-06 0.5 p-1 -6568440 362
197 182 m2 631795 -0.0276766177 0.5 p-1 -425844 109
60 183 m2 641157 -0.000453850866 0.5 p-1 -1568426 97
93 184 m2 646401 -2.51133588e-06 0.5 p-1 -122357 94
288 185 m2 649687 -0.0078490125 0.5 p-1 -3542 9
28 186 m2 654643 -0.00163796591 0.5 p-1 -6667951 1122
140 188 m2 657376 -0.00918995962 0.5 p-1 -251664 95
271 189 m2 670204 -0.0286339633 0.5 p-1 -56201 19
317 190 m2 670822 -0.00417643832 0.5 p-1 -28334 2
135 191 m2 672591 -0.00748723792 0.5 p-1 -272665 77
105 193 m2 676620 -0.012213924 0.5 p-1 -5752896 924
153 194 m2 678521 -0.0191249102 0.5 p-1 -4775135 169
76 196 m2 684793 -0.00366736832 0.5 p-1 -369627 82
29 197 m2 707560 -8.42116879e-06 0.5 p-1 -709663 436
106 198 m2 707572 -0.00224570208 0.5 p-1 -848312 315
227 200 m2 708246 -0.0106704151 0.5 p-1 -223573 29
141 201 m2 720452 -0.000200828566 0.5 p-1 -368163 110
196 202 m2 723054 -1.79408325e-05 0.5 p-1 -559303 38
223 203 m2 724802 -2.8249784e-05 0.5 p-1 -180081 131
94 204 m2 725024 -0.00560441799 0.5 p-1 -16543 47
172 205 m2 727257 -0.000156660666 0.5 p-1 -837772 117
192 206 m2 732004 -0.000428253232 0.5 p-1 -237433 71
31 207 m2 735632 -0.00223238836 0.5 p-1 -12896577 1317
32 208 m2 735679 -0.000664080435 0.5 p-1 -856971 254
33 210 m2 740382 -0.0227164309 0.5 p-1 -5441852 1908
230 211 m2 744043 -0.0019133247 0.5 p-1 -9854 4
265 212 m2 748265 -0.00816754997 0.5 p-1 -43471 12
77 213 m2 748618 -0.00473759091 0.5 p-1 -2781833 321
34 214 m2 750107 -0.00107977877 0.5 p-1 -2201742 1051
95 215 m2 759791 -0.000496900757 0.5 p-1 -2328005 499
335 216 m2 762762 -0.0181647819 0.5 p-1 -62900 4
122 217 m2 765626 -1.62656252e-05 0.5 p-1 -1428508 92
241 218 m2 765979 -0.000627384114 0.5 p-1 -16283 10
309 220 m2 772817 -1.00283905e-05 0.5 p-1 -5724 3
185 221 m2 772872 -0.0170404594 0.5 p-1 -1800282 215
154 222 m2 778292 -0.00816320814 0.5 p-1 -237154 114
78 224 m2 790316 -0.000435334427 0.5 p-1 -963845 911
35 225 m2 792446 -0.00307976943 0.5 p-1 -3642919 1132
181 226 m2 794817 -0.00529503124 0.5 p-1 -215551 42
310 227 m2 796378 -7.78286121e-05 0.5 p-1 -65186 3
205 228 m2 797506 -0.000309090712 0.5 p-1 -440130 103
127 230 m2 798708 -0.00107720715 0.5 p-1 -3091014 425
79 231 m2 799496 -0.00918782689 0.5 p-1 -4374263 1125
136 232 m2 803740 -0.00978168659 0.5 p-1 -3758530 105
228 233 m2 806539 -0.0160222743 0.5 p-1 -256817 5
233 235 m2 813330 -3.77394933e-08 0.5 p-1 -211537 92
175 236 m2 823903 -0.00445837248 0.5 p-1 -1675374 110
188 237 m2 831542 -0.00241104397 0.5 p-1 -827327 152
36 238 m2 837520 -0.0274343882 0.5 p-1 -6486641 1408
163 240 m2 840630 -0.0109181255 0.5 p-1 -31932 24
62 241 m2 841645 -7.26674261e-05 0.5 p-1 -3213178 1260
332 242 m2 845988 -0.000387060601 0.5 p-1 -37257 5
142 243 m2 846021 -1.81045809e-08 0.5 p-1 -391647 276
346 244 m2 847583 -0.00107225578 0.5 p-1 -102041 4
231 245 m2 853617 -1.46160306e-11 0.5 p-1 -19478 5
268 246 m2 853699 -0.000176574089 0.5 p-1 -234929 7
212 247 m2 854024 -4.43649988e-05 0.5 p-1 -3405 7
238 248 m2 854155 -0.00859897863 0.5 p-1 -343798 51
336 249 m2 854688 -0.00572087429 0.5 p-1 -28359 2
239 251 m2 856011 -0.000947779743 0.5 p-1 -69368 12
305 253 m2 858615 -0.00382782123 0.5 p-1 -56788 10
262 254 m2 864161 -0.086551927 0.5 p-1 -7904 4
308 255 m2 864193 -0.00244759 0.5 p-1 -9368 5
167 256 m2 867671 -0.00870218594 0.5 p-1 -9193941 101
266 257 m2 877265 -0.000432808243 0.5 p-1 -704123 15
38 258 m2 879102 -0.00487086317 0.5 p-1 -2698566 745
168 259 m2 879184 -0.0407457426 0.5 p-1 -112588 80
39 260 m2 884155 -0.00135928451 0.5 p-1 -1727260 294
148 261 m2 886464 -0.0707808658 0.5 p-1 -622324 117
251 262 m2 886621 -0.000280112872 0.5 p-1 -6110 11
137 263 m2 887824 -0.0290576126 0.5 p-1 -136584 65
177 264 m2 890690 -0.00197028951 0.5 p-1 -21330 14
149 266 m2 895876 -0.0220501572 0.5 p-1 -883597 51
158 267 m2 897426 -0.0200714413 0.5 p-1 -218782 82
156 268 m2 899825 -0.0186455082 0.5 p-1 -359597 280
96 269 m2 900641 -0.0567586906 0.5 p-1 -2285746 953
210 270 m2 902109 -0.00205965666 0.5 p-1 -865596 42
80 271 m2 907913 -0.00133091537 0.5 p-1 -777318 640
260 273 m2 916041 -2.09030622e-05 0.5 p-1 -471 1
314 274 m2 916462 -0.0146191362 0.5 p-1 -5941 1
64 275 m2 917721 -0.0222473033 0.5 p-1 -165985 106
114 276 m2 919285 -0.00653648842 0.5 p-1 -660277 553
107 277 m2 922895 -3.18569801e-05 0.5 p-1 -995805 402
81 279 m2 927116 -0.0824819282 0.5 p-1 -1588458 519
189 280 m2 927677 -2.71250665e-05 0.5 p-1 -4920454 246
193 281 m2 941472 -0.00844884105 0.5 p-1 -321550 10
208 282 m2 960779 -0.0294002499 0.5 p-1 -1602898 123
178 283 m2 962365 -0.00229941402 0.5 p-1 -558329 177
217 284 m2 969634 -4.75663692e-05 0.5 p-1 -841246 63
255 285 m2 970921 -0.00251782732 0.5 p-1 -155875 47
41 286 m2 976321 -0.00757070538 0.5 p-1 -314110 202
173 287 m2 980846 -0.0101347361 0.5 p-1 -795705 121
159 288 m2 981164 -0.00750922598 0.5 p-1 -247126 137
42 289 m2 981352 -0.00920283515 0.5 p-1 -1943629 1890
234 291 m2 995110 -9.64383216e-05 0.5 p-1 -303163 49
222 292 m2 161462 -0.0184203573 0.5 p0 2 2
294 294 m2 542339 -0.0328598842 0.5 p0 2 3
321 295 m2 267042 -8.02710565e-06 0.5 p0 2 1
323 296 m2 996417 -0.00220612832 0.5 p0 2 2
315 297 m2 169316 -0.0426971018 0.5 p0 2 2
246 303 m2 857759 -0.00015741169 0.5 p0 2 4
304 304 m2 904510 -0.00336909178 0.5 p0 2 1
299 305 m2 721843 -0.00869578589 0.5 p0 2 2
296 308 m2 108216 -0.000276356237 0.5 p0 2 4
329 309 m2 769657 -0.000280896726 0.5 p0 2 4
263 310 m2 906961 -0.0312693156 0.5 p0 2 1
341 312 m2 553643 -1.57478989e-05 0.5 p0 2 1
313 313 m2 150747 -0.0046556443 0.5 p0 2 2
270 314 m2 105830 -0.00500395661 0.5 p0 2 1
325 315 m2 374435 -0.00281773671 0.5 p0 2 2
361 317 m2 400672 -6.06612457e-06 0.5 p0 2 1
349 318 m2 396270 -2.94336623e-05 0.5 p0 2 1
284 319 m2 910534 -3.68721085e-05 0.5 p0 2 1
345 321 m2 81032 -0.00181907869 0.5 p0 2 1
226 322 m2 648187 -0.000837209634 0.5 p0 2 3
366 323 m2 968189 -0.00334686902 0.5 p0 2 1
357 325 m2 228673 -0.00812323391 0.5 p0 2 1
320 326 m2 648494 -0.00226419 0.5 p0 2 1
334 327 m2 976437 -0.00210344605 0.5 p0 2 1
293 331 m2 205381 -0.0151678491 0.5 p0 2 1
358 333 m2 84080 -0.00010040131 0.5 p0 2 1
277 335 m2 561709 -0.000176368951 0.5 p0 2 2
256 336 m2 940085 -0.000833839644 0.5 p0 2 1
352 337 m2 555618 -0.023272343 0.5 p0 2 1
316 338 m2 242891 -0.000298278348 0.5 p0 2 2
280 339 m2 581083 -0.000159746836 0.5 p0 2 2
338 340 m2 701811 -0.00984495226 0.5 p0 2 1
298 341 m2 160194 -0.000445368671 0.5 p0 2 1
356 343 m2 468706 -0.00446862215 0.5 p0 2 1
282 344 m2 170161 -3.22460473e-05 0.5 p0 2 2
339 345 m2 498337 -0.00788801257 0.5 p0 2 2
204 346 m2 477415 -0.000169994441 0.5 p0 2 2
360 347 m2 239942 -1.99985043e-05 0.5 p0 2 1
0 348 m1 966 0 0.5 p-1 -5620549 1922
115 349 m1 1936 0 0.5 p-1 -2488059 484
1 350 m1 7038 0 0.5 p-1 -17957 5
285 351 m1 7512 0 0.5 p-1 -41041 14
150 352 m1 12999 0 0.5 p-1 -73184 48
129 354 m1 48819 0 0.5 p-1 -1395944 201
99 355 m1 56854 0 0.5 p-1 -1468017 497
328 356 m1 64703 0 0.5 p-1 -24300 3
248 357 m1 67286 0 0.5 p-1 -14706 14
143 358 m1 67822 0 0.5 p-1 -503590 99
130 359 m1 72558 0 0.5 p-1 -179053 14
242 360 m1 82751 0 0.5 p-1 -10221 11
108 361 m1 87414 0 0.5 p-1 -75626 53
201 362 m1 95934 0 0.5 p-1 -86174 24
363 363 m1 104365 0 0.5 p-1 -10767 1
45 364 m1 124341 0 0.5 p-1 -1714179 1141
272 365 m1 133787 0 0.5 p-1 -33060 1
244 366 m1 138621 0 0.5 p-1 -257921 37
5 367 m1 139804 0 0.5 p-1 -249004 69
247 369 m1 143477 0 0.5 p-1 -93750 4
273 372 m1 169509 0 0.5 p-1 -30276 5
84 373 m1 190730 0 0.5 p-1 -291462 316
7 374 m1 196053 0 0.5 p-1 -3387696 1818
8 375 m1 197000 0 0.5 p-1 -2270150 496
245 376 m1 199844 0 0.5 p-1 -6049 3
297 377 m1 217559 0 0.5 p-1 -8755 7
109 378 m1 224036 0 0.5 p-1 -7046401 332
9 379 m1 228161 0 0.5 p-1 -7583973 1153
10 380 m1 230122 0 0.5 p-1 -250657 56
48 381 m1 247079 0 0.5 p-1 -10949917 1761
86 382 m1 262201 0 0.5 p-1 -8240516 571
71 384 m1 299385 0 0.5 p-1 -135948 121
254 385 m1 332957 0 0.5 p-1 -73508 20
184 386 m1 338594 0 0.5 p-1 -81683 11
100 387 m1 339915 0 0.5 p-1 -122217 163
14 388 m1 343237 0 0.5 p-1 -8763724 1397
220 390 m1 346720 0 0.5 p-1 -7613 3
160 391 m1 347582 0 0.5 p-1 -134482 35
157 392 m1 372634 0 0.5 p-1 -2936999 218
279 393 m1 384398 0 0.5 p-1 -7365 1
88 394 m1 385740 0 0.5 p-1 -383835 143
195 395 m1 401977 0 0.5 p-1 -305042 68
111 396 m1 410719 0 0.5 p-1 -327550 170
324 397 m1 412138 0 0.5 p-1 -6450 3
359 398 m1 419028 0 0.5 p-1 -691517 2
138 399 m1 425833 0 0.5 p-1 -2602429 253
161 400 m1 426777 0 0.5 p-1 -229258 117
165 401 m1 431831 0 0.5 p-1 -74250 11
269 402 m1 433992 0 0.5 p-1 -272 2
18 403 m1 435742 0 0.5 p-1 -9724325 312
19 404 m1 436659 0 0.5 p-1 -2055817 186
112 407 m1 464308 0 0.5 p-1 -3284889 206
312 408 m1 489285 0 0.5 p-1 -24685 6
353 409 m1 497868 0 0.5 p-1 -2798 1
333 410 m1 501443 0 0.5 p-1 -11589 2
351 411 m1 503834 0 0.5 p-1 -540 1
344 412 m1 508633 0 0.5 p-1 -24905 2
119 413 m1 508874 0 0.5 p-1 -947246 263
322 414 m1 532890 0 0.5 p-1 -4458 2
179 415 m1 540781 0 0.5 p-1 -3459758 90
319 416 m1 541055 0 0.5 p-1 -7267 1
258 417 m1 563055 0 0.5 p-1 -143420 27
24 418 m1 580344 0 0.5 p-1 -566308 288
162 419 m1 591373 0 0.5 p-1 -1205058 185
139 420 m1 596357 0 0.5 p-1 -982817 288
92 421 m1 599064 0 0.5 p-1 -524676 383
215 422 m1 599164 0 0.5 p-1 -513926 103
249 423 m1 599386 0 0.5 p-1 -11069 14
191 424 m1 603436 0 0.5 p-1 -511611 36
59 425 m1 611020 0 0.5 p-1 -221864 91
216 426 m1 618097 0 0.5 p-1 -53287 66
113 428 m1 681501 0 0.5 p-1 -699586 238
261 430 m1 704618 0 0.5 p-1 -4110 5
343 431 m1 712162 0 0.5 p-1 -231 3
30 432 m1 719214 0 0.5 p-1 -1855563 796
61 434 m1 778993 0 0.5 p-1 -7733964 1134
364 435 m1 795236 0 0.5 p-1 -536 1
350 436 m1 800593 0 0.5 p-1 -200 1
301 438 m1 831315 0 0.5 p-1 -39746 3
211 439 m1 836487 0 0.5 p-1 -12481 23
190 441 m1 854390 0 0.5 p-1 -54346 43
37 442 m1 855823 0 0.5 p-1 -3707116 986
63 444 m1 882759 0 0.5 p-1 -11117448 1488
186 445 m1 883773 0 0.5 p-1 -92290 104
155 446 m1 893419 0 0.5 p-1 -337485 112
275 447 m1 896226 0 0.5 p-1 -30813 9
240 448 m1 923841 0 0.5 p-1 -3694 2
283 449 m1 937379 0 0.5 p-1 -17316 9
40 450 m1 944763 0 0.5 p-1 -6555081 1697
97 451 m1 955223 0 0.5 p-1 -3397902 249
65 452 m1 958095 0 0.5 p-1 -1281634 209
207 453 m1 989172 0 0.5 p-1 -121421 74
Individuals:
