Mutations:
0 0 m2 1231 -0.00080172898 0.5 p-1 -7645466 1416
42 1 m2 3175 -0.0148668271 0.5 p-1 -1214930 874
1 2 m2 8961 -7.37684168e-05 0.5 p-1 -1951837 1219
2 3 m2 10089 -2.4919631e-05 0.5 p-1 -4794337 1036
115 4 m2 11808 -1.27802823e-05 0.5 p-1 -613610 21
43 6 m2 14084 -0.00248933421 0.5 p-1 -263978 259
3 7 m2 19688 -0.00944394246 0.5 p-1 -4600892 1848
209 8 m2 24497 -0.000130752596 0.5 p-1 -184253 17
259 9 m2 25267 -0.0188488718 0.5 p-1 -7639 3
133 10 m2 34500 -0.0241124891 0.5 p-1 -235014 183
120 12 m2 48140 -0.0047394447 0.5 p-1 -398981 68
75 14 m2 60013 -0.132834598 0.5 p-1 -1830123 225
174 15 m2 60362 -0.00320520392 0.5 p-1 -25488 14
5 16 m2 62904 -0.000243768853 0.5 p-1 -5892079 1925
156 17 m2 68667 -0.0116940103 0.5 p-1 -35721 62
252 18 m2 71912 -4.07834023e-06 0.5 p-1 -63906 14
6 19 m2 79140 -0.00460541435 0.5 p-1 -2153139 424
82 20 m2 79863 -0.00197226251 0.5 p-1 -793918 250
96 21 m2 89770 -0.00231631682 0.5 p-1 -6703037 115
63 24 m2 103434 -3.07754308e-05 0.5 p-1 -5212896 328
44 27 m2 116362 -0.0755829588 0.5 p-1 -1648693 753
64 28 m2 118289 -0.00385948573 0.5 p-1 -4115779 896
185 29 m2 119316 -0.000200187293 0.5 p-1 -24577 12
211 32 m2 138896 -0.0317417979 0.5 p-1 -138221 4
262 33 m2 154373 -0.00249115587 0.5 p-1 -3517 3
117 36 m2 160869 -0.00572789786 0.5 p-1 -84204 20
240 37 m2 165958 -0.0404112116 0.5 p-1 -5857 2
45 39 m2 176281 -0.00240853522 0.5 p-1 -2039494 689
188 40 m2 184367 -0.00845448021 0.5 p-1 -238403 11
46 41 m2 188615 -0.013154177 0.5 p-1 -314722 335
230 42 m2 207142 -0.000537022832 0.5 p-1 -29624 9
170 43 m2 213671 -0.00488863653 0.5 p-1 -132681 56
178 45 m2 214928 -0.00155167736 0.5 p-1 -29125 8
7 46 m2 216559 -0.00452958466 0.5 p-1 -73680 26
244 48 m2 225088 -0.0640553012 0.5 p-1 -115 1
208 49 m2 229301 -0.000128364598 0.5 p-1 -61065 6
112 51 m2 251557 -0.00892417133 0.5 p-1 -1087270 159
9 52 m2 251725 -0.00664976332 0.5 p-1 -4705947 831
130 55 m2 262163 -0.0064827092 0.5 p-1 -19464 12
76 56 m2 262521 -1.11346199e-09 0.5 p-1 -707143 348
141 59 m2 267651 -0.0162247028 0.5 p-1 -352555 90
217 61 m2 276516 -0.00622100616 0.5 p-1 -236841 26
248 62 m2 276991 -0.00436046999 0.5 p-1 -10008 6
10 63 m2 279766 -0.000441381766 0.5 p-1 -775010 611
191 64 m2 292709 -0.00147994992 0.5 p-1 -2419734 41
249 65 m2 297547 -0.000335963123 0.5 p-1 -13690 6
65 66 m2 298727 -0.00208796421 0.5 p-1 -670846 144
11 67 m2 301747 -0.00294766156 0.5 p-1 -2700600 1526
134 68 m2 302879 -0.000287182571 0.5 p-1 -80104 130
77 69 m2 305043 -0.00801861659 0.5 p-1 -289741 56
186 71 m2 314691 -0.000269928656 0.5 p-1 -48272 18
12 72 m2 315503 -0.000693023379 0.5 p-1 -4444904 296
93 73 m2 316176 -0.00198813621 0.5 p-1 -954116 287
13 74 m2 316906 -1.74336346e-05 0.5 p-1 -1033517 195
48 75 m2 317166 -0.00101102761 0.5 p-1 -4385029 1429
78 76 m2 317366 -0.0155752646 0.5 p-1 -588191 94
142 78 m2 323333 -0.000133807014 0.5 p-1 -228177 36
218 79 m2 324055 -0.0258740243 0.5 p-1 -98144 18
125 80 m2 325745 -0.000327431335 0.5 p-1 -296458 13
79 81 m2 331445 -0.00947157759 0.5 p-1 -1271778 534
201 82 m2 331810 -1.41491082e-05 0.5 p-1 -7618 7
203 84 m2 335142 -0.000756009656 0.5 p-1 -279581 20
15 85 m2 339122 -0.00112968031 0.5 p-1 -708600 440
189 86 m2 340689 -1.40473694e-05 0.5 p-1 -17599 29
216 87 m2 343196 -0.00255585299 0.5 p-1 -191277 54
227 88 m2 344144 -0.00128823158 0.5 p-1 -23647 11
97 89 m2 346140 -0.00029374435 0.5 p-1 -344953 224
16 90 m2 353029 -0.0208291709 0.5 p-1 -2989572 1945
254 92 m2 358283 -0.00041189816 0.5 p-1 -12225 13
161 93 m2 361375 -0.00745160319 0.5 p-1 -268271 150
147 94 m2 363965 -0.00113458862 0.5 p-1 -5127309 11
192 95 m2 364124 -0.0196263809 0.5 p-1 -34325 8
194 96 m2 371880 -0.0012454621 0.5 p-1 -37218 20
95 97 m2 380015 -0.000712774927 0.5 p-1 -560686 323
49 98 m2 382997 -0.00743887294 0.5 p-1 -5327129 480
157 99 m2 389870 -0.0115532726 0.5 p-1 -140935 44
123 100 m2 392734 -6.70690497e-05 0.5 p-1 -3120220 291
17 102 m2 398468 -0.00267570745 0.5 p-1 -3315971 478
100 103 m2 403454 -0.00532808155 0.5 p-1 -37104 8
197 104 m2 403780 -6.36830737e-05 0.5 p-1 -30759 20
19 105 m2 408748 -0.0134795206 0.5 p-1 -524905 277
101 108 m2 410981 -0.00362602295 0.5 p-1 -305254 65
50 109 m2 418279 -2.34172276e-07 0.5 p-1 -2145648 985
138 110 m2 420774 -6.58647477e-05 0.5 p-1 -222182 228
175 111 m2 422701 -0.00286685419 0.5 p-1 -10120 16
102 112 m2 425137 -1.67564838e-06 0.5 p-1 -1045169 114
272 113 m2 427793 -0.0471000448 0.5 p-1 -7558 2
229 114 m2 428205 -0.000630817143 0.5 p-1 -1375 2
20 115 m2 435577 -0.0109603042 0.5 p-1 -8274047 1993
51 116 m2 443441 -0.00133170863 0.5 p-1 -1145925 390
155 117 m2 453609 -0.0101756779 0.5 p-1 -25205 21
53 118 m2 459911 -0.00120039377 0.5 p-1 -2910997 970
193 121 m2 469087 -0.00658264803 0.5 p-1 -111617 23
195 122 m2 469391 -0.0253741685 0.5 p-1 -16274 38
233 123 m2 469787 -0.014729741 0.5 p-1 -38068 17
228 124 m2 470271 -0.0132572558 0.5 p-1 -1271 4
113 125 m2 470430 -0.000782476156 0.5 p-1 -389120 82
22 126 m2 476509 -0.0372714512 0.5 p-1 -4228614 1068
135 127 m2 484732 -0.121992543 0.5 p-1 -461403 310
264 128 m2 485489 -0.00488575594 0.5 p-1 -9603 1
23 129 m2 485511 -0.0229887161 0.5 p-1 -3431673 1950
131 130 m2 487768 -0.00994762033 0.5 p-1 -217951 150
179 131 m2 495006 -0.00936124846 0.5 p-1 -165162 71
165 134 m2 510649 -0.00606248155 0.5 p-1 -10567 8
24 136 m2 521143 -0.0420481339 0.5 p-1 -4361471 458
273 137 m2 522624 -0.0811717361 0.5 p-1 -34898 2
25 138 m2 523844 -0.00100599614 0.5 p-1 -2708401 1347
26 139 m2 523901 -4.40707436e-06 0.5 p-1 -1201152 1054
213 140 m2 527159 -0.00126458553 0.5 p-1 -27407 10
168 141 m2 534084 -0.000564648537 0.5 p-1 -23820 24
127 142 m2 536768 -0.0137637947 0.5 p-1 -488210 33
184 144 m2 551086 -5.94153535e-05 0.5 p-1 -107066 18
70 147 m2 568007 -0.00943254493 0.5 p-1 -227305 95
114 148 m2 570078 -0.00617748452 0.5 p-1 -1000334 305
27 150 m2 577675 -0.00632537249 0.5 p-1 -7293467 328
207 151 m2 578807 -0.0605977699 0.5 p-1 -3599794 39
257 152 m2 585047 -0.00033918058 0.5 p-1 -17351 1
136 153 m2 590599 -0.00253749778 0.5 p-1 -18389 15
55 154 m2 594034 -0.0272596721 0.5 p-1 -5790507 1200
28 155 m2 594308 -0.0174575318 0.5 p-1 -1771925 982
268 156 m2 598152 -0.00111067109 0.5 p-1 -32966 3
132 157 m2 602177 -0.0202868786 0.5 p-1 -294624 278
176 158 m2 605448 -0.0518630035 0.5 p-1 -17311 26
198 159 m2 608072 -0.00410630461 0.5 p-1 -126922 10
237 160 m2 610681 -0.00116612553 0.5 p-1 -705900 23
243 162 m2 624661 -0.0156570021 0.5 p-1 -9433 2
83 163 m2 629399 -0.000889164919 0.5 p-1 -5560897 553
105 166 m2 633209 -0.00919276942 0.5 p-1 -318540 13
119 168 m2 638688 -0.00064148003 0.5 p-1 -64159 120
253 169 m2 639663 -0.000166122234 0.5 p-1 -194989 1
29 170 m2 647860 -0.00135216571 0.5 p-1 -5409471 1848
239 171 m2 648197 -0.0131080169 0.5 p-1 -4880 3
148 172 m2 648617 -8.28960474e-05 0.5 p-1 -47 3
154 173 m2 649855 -4.28618796e-06 0.5 p-1 -101374 11
153 174 m2 651760 -0.00224380218 0.5 p-1 -2416069 167
30 175 m2 653201 -0.0334673673 0.5 p-1 -3914361 901
31 176 m2 668144 -0.0116785169 0.5 p-1 -1551525 951
245 178 m2 676387 -0.00400361745 0.5 p-1 -22144 2
241 179 m2 679145 -1.47776857e-08 0.5 p-1 -23393 4
143 181 m2 683186 -4.01723355e-06 0.5 p-1 -5976789 202
149 182 m2 685652 -0.000282613066 0.5 p-1 -732976 84
57 183 m2 689325 -3.94434646e-05 0.5 p-1 -899619 179
205 184 m2 694315 -0.012321867 0.5 p-1 -45326 31
80 185 m2 703694 -0.0229058284 0.5 p-1 -817230 363
32 186 m2 704651 -0.00048502846 0.5 p-1 -2505901 517
58 187 m2 707851 -0.00486115366 0.5 p-1 -1904329 447
274 188 m2 710107 -0.0119945975 0.5 p-1 -4029 1
187 189 m2 712137 -0.00834114105 0.5 p-1 -199915 3
145 190 m2 712250 -0.00593736069 0.5 p-1 -28776 20
202 191 m2 718437 -0.00159772276 0.5 p-1 -151636 61
71 192 m2 718644 -0.000761255214 0.5 p-1 -195314 166
124 194 m2 751107 -0.00866438169 0.5 p-1 -345843 187
59 195 m2 752782 -0.00130927493 0.5 p-1 -303359 185
106 197 m2 759881 -0.00914826337 0.5 p-1 -413700 115
146 199 m2 773199 -0.0220429935 0.5 p-1 -957400 188
33 200 m2 773498 -0.0138456021 0.5 p-1 -289513 308
34 201 m2 785428 -0.000780942675 0.5 p-1 -1842829 1114
150 203 m2 788296 -0.000188388818 0.5 p-1 -995901 132
151 204 m2 788822 -0.00121564791 0.5 p-1 -208023 97
107 205 m2 789295 -0.0126096345 0.5 p-1 -221755 72
172 206 m2 792020 -0.00748058083 0.5 p-1 -50815 35
72 207 m2 798158 -0.0145086236 0.5 p-1 -11463924 326
60 208 m2 799415 -0.000773972948 0.5 p-1 -2498066 1301
214 209 m2 801281 -0.000798758119 0.5 p-1 -50764 13
84 210 m2 801928 -0.00214487803 0.5 p-1 -1409166 355
35 212 m2 808490 -1.5967079e-07 0.5 p-1 -1824368 423
36 213 m2 809817 -0.0083765192 0.5 p-1 -807089 162
116 214 m2 810926 -0.00780294742 0.5 p-1 -1452237 330
171 215 m2 810975 -2.93583253e-05 0.5 p-1 -61089 88
275 217 m2 815206 -0.0153097259 0.5 p-1 -7915 1
37 218 m2 815885 -0.0291205272 0.5 p-1 -9698714 1121
85 221 m2 824595 -0.000272970821 0.5 p-1 -1082739 896
255 222 m2 839074 -0.00900359638 0.5 p-1 -10511 1
38 224 m2 850814 -0.0256395899 0.5 p-1 -1305357 1302
225 225 m2 854990 -0.00183345063 0.5 p-1 -33878 17
140 226 m2 861350 -0.00317994924 0.5 p-1 -174937 32
196 227 m2 870091 -0.000725123915 0.5 p-1 -307834 27
221 228 m2 878630 -1.07939322e-05 0.5 p-1 -38603 4
261 229 m2 887736 -7.64440992e-05 0.5 p-1 -5576 3
199 230 m2 895705 -0.0018519311 0.5 p-1 -9603 1
39 231 m2 896357 -0.0239208341 0.5 p-1 -1938196 363
220 232 m2 898981 -0.0275425259 0.5 p-1 -27889 13
40 233 m2 902849 -1.47731407e-06 0.5 p-1 -2105904 1091
108 234 m2 908467 -0.0673262551 0.5 p-1 -144834 33
90 238 m2 918893 -8.08182358e-06 0.5 p-1 -3955777 736
210 240 m2 923343 -0.00456575071 0.5 p-1 -397 6
173 242 m2 932234 -2.35157017e-06 0.5 p-1 -63198 26
238 243 m2 935282 -0.0325468592 0.5 p-1 -7375 3
61 244 m2 941069 -0.00761090824 0.5 p-1 -1845652 280
232 245 m2 947828 -0.0455232635 0.5 p-1 -17709 4
166 246 m2 950619 -0.00319999177 0.5 p-1 -16802 10
212 247 m2 953249 -1.62115384e-06 0.5 p-1 -25763 7
62 249 m2 958602 -0.000479366397 0.5 p-1 -137971 160
270 250 m2 961558 -0.0281888731 0.5 p-1 -15033 2
109 251 m2 965484 -0.00159551541 0.5 p-1 -737659 29
219 253 m2 971463 -0.000734146044 0.5 p-1 -78719 26
91 254 m2 975580 -3.58453963e-06 0.5 p-1 -208714 71
128 255 m2 987025 -0.0407646745 0.5 p-1 -212065 34
73 256 m2 987260 -0.00225311029 0.5 p-1 -124545 70
110 257 m2 994287 -0.000821921567 0.5 p-1 -13364 10
126 259 m2 328978 -0.0202935971 0.5 p0 2 3
224 261 m2 460866 -0.000178388858 0.5 p0 2 2
276 263 m2 218287 -0.000996529474 0.5 p0 2 1
267 264 m2 300724 -6.80028779e-06 0.5 p0 2 1
265 265 m2 740040 -0.0183521844 0.5 p0 2 1
266 266 m2 360039 -0.00262433919 0.5 p0 2 3
121 267 m2 56749 -0.000387499982 0.5 p0 2 1
182 272 m2 249999 -0.0259753484 0.5 p0 2 2
277 275 m2 320961 -0.000327110145 0.5 p0 2 1
258 276 m2 906254 -0.0102806147 0.5 p0 2 3
263 277 m2 6669 -0.00195120112 0.5 p0 2 3
260 279 m2 481984 -0.0256004296 0.5 p0 2 2
231 283 m2 640098 -0.0132629192 0.5 p0 2 4
94 294 m2 341964 -0.000124308397 0.5 p0 2 3
236 295 m2 44438 -1.7006043e-05 0.5 p0 2 5
181 300 m2 405246 -5.40345081e-06 0.5 p0 2 15
278 308 m2 289788 -0.00843631569 0.5 p0 2 1
246 309 m2 731246 -1.5104913e-06 0.5 p0 2 3
74 312 m1 632 0 0.5 p-1 -3558721 646
271 315 m1 19496 0 0.5 p-1 -8214 2
4 316 m1 21084 0 0.5 p-1 -10098016 1963
190 318 m1 97612 0 0.5 p-1 -65794 8
177 319 m1 111569 0 0.5 p-1 -32084 19
129 322 m1 137396 0 0.5 p-1 -257323 134
226 326 m1 200629 0 0.5 p-1 -322 5
8 327 m1 218281 0 0.5 p-1 -4692176 1678
111 328 m1 222540 0 0.5 p-1 -714297 49
92 329 m1 229906 0 0.5 p-1 -4359635 283
47 330 m1 230467 0 0.5 p-1 -1739072 811
234 332 m1 253785 0 0.5 p-1 -148129 8
247 333 m1 272740 0 0.5 p-1 -618 3
250 334 m1 312798 0 0.5 p-1 -90357 6
14 336 m1 337284 0 0.5 p-1 -2489836 803
122 337 m1 348392 0 0.5 p-1 -230505 202
66 338 m1 351916 0 0.5 p-1 -1546318 629
183 339 m1 360936 0 0.5 p-1 -35271 17
162 340 m1 362671 0 0.5 p-1 -498809 163
242 341 m1 384295 0 0.5 p-1 -15836 1
158 342 m1 391918 0 0.5 p-1 -172584 61
18 343 m1 402253 0 0.5 p-1 -14414488 1172
98 345 m1 432730 0 0.5 p-1 -574110 358
103 346 m1 452140 0 0.5 p-1 -3673662 57
21 347 m1 455823 0 0.5 p-1 -1999114 295
52 348 m1 459694 0 0.5 p-1 -1462404 504
269 349 m1 460088 0 0.5 p-1 -15255 1
88 350 m1 460737 0 0.5 p-1 -316849 349
67 351 m1 462595 0 0.5 p-1 -3625836 1496
251 353 m1 469764 0 0.5 p-1 -10180 3
163 355 m1 494651 0 0.5 p-1 -905758 99
54 357 m1 517187 0 0.5 p-1 -32413 19
68 358 m1 526437 0 0.5 p-1 -10080710 702
104 361 m1 547791 0 0.5 p-1 -24100 27
69 362 m1 553456 0 0.5 p-1 -1404416 373
159 363 m1 575321 0 0.5 p-1 -48837 40
118 364 m1 588128 0 0.5 p-1 -102655 8
180 365 m1 591069 0 0.5 p-1 -1227909 223
204 366 m1 594548 0 0.5 p-1 -49584 5
223 367 m1 608059 0 0.5 p-1 -30599 1
200 369 m1 624720 0 0.5 p-1 -69472 16
56 372 m1 647948 0 0.5 p-1 -3335238 265
89 373 m1 690100 0 0.5 p-1 -3988591 169
144 374 m1 704594 0 0.5 p-1 -269447 20
99 376 m1 745377 0 0.5 p-1 -2006200 305
139 377 m1 782496 0 0.5 p-1 -521223 209
222 379 m1 802376 0 0.5 p-1 -105768 13
169 380 m1 808927 0 0.5 p-1 -155526 46
167 381 m1 813261 0 0.5 p-1 -28666 25
86 383 m1 849537 0 0.5 p-1 -95569 32
215 384 m1 851205 0 0.5 p-1 -216786 23
206 386 m1 854562 0 0.5 p-1 -57890 19
87 388 m1 889132 0 0.5 p-1 -2518753 722
81 389 m1 919912 0 0.5 p-1 -1365202 620
41 390 m1 921996 0 0.5 p-1 -973328 535
164 392 m1 941261 0 0.5 p-1 -736858 64
235 393 m1 941626 0 0.5 p-1 -115109 7
137 394 m1 943045 0 0.5 p-1 -212978 24
152 395 m1 958447 0 0.5 p-1 -59315 16
256 396 m1 976001 0 0.5 p-1 -89773 15
160 397 m1 978124 0 0.5 p-1 -656 6
Individuals:
