Mutations:
41 1 m2 16554 -0.00313826581 0.5 p-1 -1313535 605
202 2 m2 19401 -0.000410136563 0.5 p-1 -12825 10
70 3 m2 19847 -0.0108166905 0.5 p-1 -717724 311
71 4 m2 20730 -0.0238812771 0.5 p-1 -2271922 286
287 5 m2 26405 -0.00454898644 0.5 p-1 -32639 10
186 6 m2 33189 -4.30005429e-07 0.5 p-1 -296377 46
299 7 m2 40781 -0.00642583426 0.5 p-1 -18372 4
137 8 m2 41179 -0.00100680941 0.5 p-1 -391442 217
264 10 m2 45572 -0.0127473045 0.5 p-1 -161885 23
218 14 m2 60434 -0.00121575303 0.5 p-1 -184725 31
193 15 m2 63501 -4.19048229e-05 0.5 p-1 -50940 52
1 16 m2 73395 -0.00260783895 0.5 p-1 -2240757 1071
58 17 m2 73418 -0.0114805996 0.5 p-1 -2879818 762
2 20 m2 78780 -0.0197269693 0.5 p-1 -7881331 578
234 21 m2 87571 -0.00211810996 0.5 p-1 -436958 49
59 23 m2 89731 -0.00297558797 0.5 p-1 -512186 386
143 24 m2 92431 -0.00103566167 0.5 p-1 -5435484 385
121 25 m2 93462 -0.0301100034 0.5 p-1 -54958 35
60 27 m2 108493 -0.0255723726 0.5 p-1 -3581672 414
72 29 m2 110611 -0.0105602136 0.5 p-1 -527177 289
3 30 m2 112709 -0.0430609696 0.5 p-1 -3078411 516
158 33 m2 131486 -0.0358099155 0.5 p-1 -693172 110
219 34 m2 133119 -1.37915622e-05 0.5 p-1 -511751 33
5 35 m2 133407 -0.00558173098 0.5 p-1 -7397563 1516
73 36 m2 139767 -0.000111773108 0.5 p-1 -3624043 50
313 38 m2 140079 -1.23992772e-08 0.5 p-1 -743 2
93 39 m2 146452 -0.00733464165 0.5 p-1 -830936 56
74 40 m2 146548 -1.70340518e-05 0.5 p-1 -799948 229
288 41 m2 146747 -0.0112787588 0.5 p-1 -36579 16
276 42 m2 155035 -4.61927073e-07 0.5 p-1 -99726 6
304 43 m2 156577 -0.0349771157 0.5 p-1 -12037 1
275 44 m2 164567 -0.00557445409 0.5 p-1 -5331 1
315 45 m2 169604 -3.24031644e-05 0.5 p-1 -4506 1
172 46 m2 170759 -1.53031121e-09 0.5 p-1 -1306369 400
326 47 m2 174968 -0.020224439 0.5 p-1 -1863 1
189 49 m2 184404 -0.0124820285 0.5 p-1 -5147734 180
269 50 m2 185645 -0.00494311471 0.5 p-1 -459992 12
242 51 m2 186234 -1.32128353e-05 0.5 p-1 -136587 7
42 52 m2 192218 -0.000278888299 0.5 p-1 -3740197 940
144 53 m2 205200 -0.000226225253 0.5 p-1 -159872 52
7 54 m2 209825 -0.00638206117 0.5 p-1 -1476563 300
239 55 m2 212738 -3.24607099e-05 0.5 p-1 -886641 30
324 56 m2 214183 -0.000650374859 0.5 p-1 -8667 1
8 59 m2 221911 -0.059087906 0.5 p-1 -2153875 904
174 60 m2 223157 -0.0210617427 0.5 p-1 -404092 283
226 61 m2 232665 -0.000189518905 0.5 p-1 -121387 24
116 63 m2 267270 -0.000152234905 0.5 p-1 -3116606 846
165 64 m2 274859 -0.00287505635 0.5 p-1 -1045108 151
13 65 m2 275275 -0.000285964168 0.5 p-1 -1372769 942
44 66 m2 279904 -0.00285008689 0.5 p-1 -4270426 756
61 67 m2 283514 -0.0375057086 0.5 p-1 -465219 438
170 68 m2 284598 -0.0453892723 0.5 p-1 -63220 36
211 69 m2 284703 -0.0023969966 0.5 p-1 -38803 20
303 70 m2 290972 -9.69056657e-08 0.5 p-1 -126779 19
175 71 m2 295560 -6.03207839e-09 0.5 p-1 -345893 73
183 72 m2 297265 -0.00262585096 0.5 p-1 -154925 45
230 74 m2 298864 -0.0116248317 0.5 p-1 -100785 47
14 75 m2 308581 -3.26737936e-05 0.5 p-1 -3526374 1831
45 76 m2 309020 -3.7939426e-06 0.5 p-1 -3808227 825
117 77 m2 316684 -0.00242034369 0.5 p-1 -223510 135
309 79 m2 321014 -0.0298515093 0.5 p-1 -1151 3
295 80 m2 326770 -5.49988499e-07 0.5 p-1 -16870 1
62 81 m2 327310 -0.054058671 0.5 p-1 -19789856 666
215 82 m2 332030 -0.000173198699 0.5 p-1 -17406 22
139 83 m2 335455 -2.13396197e-06 0.5 p-1 -25567 17
322 85 m2 344138 -7.70208717e-05 0.5 p-1 -1453 2
166 86 m2 344358 -0.00442016823 0.5 p-1 -10223 8
47 87 m2 347139 -0.0147207901 0.5 p-1 -1049591 403
152 88 m2 362138 -0.00932966452 0.5 p-1 -53472 47
232 89 m2 362593 -0.000935114687 0.5 p-1 -86989 6
15 91 m2 371952 -0.000385965395 0.5 p-1 -3037302 1827
94 93 m2 373780 -0.000516252127 0.5 p-1 -169707 250
140 94 m2 375787 -0.00656421063 0.5 p-1 -55232 32
122 95 m2 376171 -0.00595017755 0.5 p-1 -795201 196
16 96 m2 377060 -1.75139905e-06 0.5 p-1 -2716187 1082
95 97 m2 377831 -0.00334587321 0.5 p-1 -1759363 937
155 98 m2 380391 -0.00911491644 0.5 p-1 -558681 112
76 100 m2 383324 -0.00794204231 0.5 p-1 -1805465 663
126 101 m2 385248 -0.00277530216 0.5 p-1 -87156 50
221 102 m2 385431 -0.00215537404 0.5 p-1 -9119 8
204 103 m2 389525 -0.00334588834 0.5 p-1 -35850 9
228 104 m2 399535 -0.000220095084 0.5 p-1 -72945 7
63 105 m2 399771 -0.00981114805 0.5 p-1 -863716 1261
277 106 m2 403726 -0.00470152125 0.5 p-1 -8647 27
127 107 m2 407794 -0.000879035622 0.5 p-1 -471025 269
178 110 m2 416518 -0.00280939415 0.5 p-1 -179110 20
205 111 m2 419867 -0.0131861353 0.5 p-1 -55164 45
123 112 m2 422557 -0.038424816 0.5 p-1 -55909 11
247 113 m2 425834 -0.00280804443 0.5 p-1 -379 12
77 114 m2 427072 -0.0055806688 0.5 p-1 -584180 271
17 115 m2 428755 -4.07709704e-05 0.5 p-1 -4176038 1554
306 118 m2 434137 -0.00320727611 0.5 p-1 -10630 8
159 119 m2 439668 -0.000364996318 0.5 p-1 -1942999 46
18 120 m2 441183 -0.000421424513 0.5 p-1 -1647931 1528
206 122 m2 441505 -0.015098541 0.5 p-1 -39517 13
98 126 m2 453893 -0.000356287987 0.5 p-1 -2984012 874
78 127 m2 456591 -0.0295293331 0.5 p-1 -815750 488
110 129 m2 461286 -0.014305965 0.5 p-1 -12137 7
285 130 m2 467207 -4.38002608e-05 0.5 p-1 -105862 3
229 135 m2 473884 -0.0128863342 0.5 p-1 -13820 31
19 137 m2 481764 -0.000607129652 0.5 p-1 -10022859 623
173 141 m2 497144 -0.004452297 0.5 p-1 -152519 74
153 144 m2 514225 -0.000109218759 0.5 p-1 -25762 7
48 146 m2 516779 -0.000158783689 0.5 p-1 -4970555 1159
20 147 m2 518080 -0.00035692635 0.5 p-1 -7823533 1607
250 148 m2 522536 -1.67541339e-06 0.5 p-1 -143627 24
21 150 m2 534973 -0.01026149 0.5 p-1 -1580339 444
235 152 m2 543431 -0.0064697261 0.5 p-1 -150654 37
99 153 m2 546286 -1.5009663e-05 0.5 p-1 -11349001 206
167 154 m2 546805 -3.58509993e-07 0.5 p-1 -69569 63
281 155 m2 547384 -3.55028824e-05 0.5 p-1 -8499 14
118 156 m2 548259 -0.0140319504 0.5 p-1 -328685 27
49 157 m2 549898 -0.000162076452 0.5 p-1 -133159 38
81 158 m2 551435 -0.000803822826 0.5 p-1 -532932 124
184 159 m2 561704 -0.0104260109 0.5 p-1 -1178978 82
187 160 m2 568493 -0.00111810374 0.5 p-1 -161830 102
22 161 m2 574120 -0.000321769359 0.5 p-1 -1453222 144
156 162 m2 576773 -0.00116277277 0.5 p-1 -717626 395
50 163 m2 583495 -0.0126133515 0.5 p-1 -4875153 805
82 164 m2 593929 -3.09516366e-07 0.5 p-1 -3146937 154
130 166 m2 597683 -0.00817408599 0.5 p-1 -2274770 205
259 167 m2 598633 -1.72276771e-06 0.5 p-1 -220674 28
51 168 m2 599241 -2.68532058e-05 0.5 p-1 -5997133 753
133 169 m2 602092 -0.00313061243 0.5 p-1 -468245 73
52 170 m2 602586 -0.00739395432 0.5 p-1 -822646 384
23 171 m2 605987 -0.00314184348 0.5 p-1 -3074296 906
179 172 m2 609232 -0.0387260206 0.5 p-1 -950634 180
24 173 m2 614579 -4.15332543e-05 0.5 p-1 -2562000 1869
216 174 m2 616974 -0.0338809565 0.5 p-1 -150358 38
260 175 m2 617493 -8.15663148e-10 0.5 p-1 -103377 18
255 176 m2 618010 -0.0206666794 0.5 p-1 -435826 13
134 177 m2 619175 -0.00998421758 0.5 p-1 -372525 294
225 178 m2 627846 -0.00035045165 0.5 p-1 -94265 18
53 179 m2 628472 -1.03559205e-06 0.5 p-1 -6568440 283
160 182 m2 631795 -0.0276766177 0.5 p-1 -425844 129
154 183 m2 641157 -0.000453850866 0.5 p-1 -1568426 116
197 184 m2 646401 -2.51133588e-06 0.5 p-1 -122357 122
213 185 m2 649687 -0.0078490125 0.5 p-1 -3542 8
25 186 m2 654643 -0.00163796591 0.5 p-1 -6667951 1111
54 188 m2 657376 -0.00918995962 0.5 p-1 -251664 102
135 189 m2 670204 -0.0286339633 0.5 p-1 -56201 21
251 190 m2 670822 -0.00417643832 0.5 p-1 -28334 4
149 191 m2 672591 -0.00748723792 0.5 p-1 -272665 68
66 193 m2 676620 -0.012213924 0.5 p-1 -5752896 878
100 194 m2 678521 -0.0191249102 0.5 p-1 -4775135 158
327 195 m2 681619 -0.000113693372 0.5 p-1 -253 1
101 196 m2 684793 -0.00366736832 0.5 p-1 -369627 121
26 197 m2 707560 -8.42116879e-06 0.5 p-1 -709663 433
131 198 m2 707572 -0.00224570208 0.5 p-1 -848312 331
263 200 m2 708246 -0.0106704151 0.5 p-1 -223573 20
150 201 m2 720452 -0.000200828566 0.5 p-1 -368163 104
119 202 m2 723054 -1.79408325e-05 0.5 p-1 -559303 56
84 203 m2 724802 -2.8249784e-05 0.5 p-1 -180081 146
278 204 m2 725024 -0.00560441799 0.5 p-1 -16543 21
85 205 m2 727257 -0.000156660666 0.5 p-1 -837772 80
102 206 m2 732004 -0.000428253232 0.5 p-1 -237433 71
28 207 m2 735632 -0.00223238836 0.5 p-1 -12896577 1405
198 208 m2 735679 -0.000664080435 0.5 p-1 -856971 193
318 209 m2 738984 -0.00632123929 0.5 p-1 -223 1
29 210 m2 740382 -0.0227164309 0.5 p-1 -5441852 1960
292 211 m2 744043 -0.0019133247 0.5 p-1 -9854 10
222 212 m2 748265 -0.00816754997 0.5 p-1 -43471 14
103 213 m2 748618 -0.00473759091 0.5 p-1 -2781833 293
30 214 m2 750107 -0.00107977877 0.5 p-1 -2201742 1019
55 215 m2 759791 -0.000496900757 0.5 p-1 -2328005 436
293 216 m2 762762 -0.0181647819 0.5 p-1 -62900 2
104 217 m2 765626 -1.62656252e-05 0.5 p-1 -1428508 90
307 218 m2 765979 -0.000627384114 0.5 p-1 -16283 7
185 221 m2 772872 -0.0170404594 0.5 p-1 -1800282 202
67 222 m2 778292 -0.00816320814 0.5 p-1 -237154 106
87 224 m2 790316 -0.000435334427 0.5 p-1 -963845 906
31 225 m2 792446 -0.00307976943 0.5 p-1 -3642919 1196
191 226 m2 794817 -0.00529503124 0.5 p-1 -215551 47
317 227 m2 796378 -7.78286121e-05 0.5 p-1 -65186 2
200 228 m2 797506 -0.000309090712 0.5 p-1 -440130 97
105 230 m2 798708 -0.00107720715 0.5 p-1 -3091014 389
32 231 m2 799496 -0.00918782689 0.5 p-1 -4374263 1134
112 232 m2 803740 -0.00978168659 0.5 p-1 -3758530 95
280 233 m2 806539 -0.0160222743 0.5 p-1 -256817 9
192 235 m2 813330 -3.77394933e-08 0.5 p-1 -211537 97
208 236 m2 823903 -0.00445837248 0.5 p-1 -1675374 82
113 237 m2 831542 -0.00241104397 0.5 p-1 -827327 164
33 238 m2 837520 -0.0274343882 0.5 p-1 -6486641 1418
244 240 m2 840630 -0.0109181255 0.5 p-1 -31932 47
34 241 m2 841645 -7.26674261e-05 0.5 p-1 -3213178 1269
253 242 m2 845988 -0.000387060601 0.5 p-1 -37257 10
106 243 m2 846021 -1.81045809e-08 0.5 p-1 -391647 306
325 244 m2 847583 -0.00107225578 0.5 p-1 -102041 1
300 245 m2 853617 -1.46160306e-11 0.5 p-1 -19478 1
290 246 m2 853699 -0.000176574089 0.5 p-1 -234929 1
301 247 m2 854024 -4.43649988e-05 0.5 p-1 -3405 2
161 248 m2 854155 -0.00859897863 0.5 p-1 -343798 27
289 249 m2 854688 -0.00572087429 0.5 p-1 -28359 10
291 251 m2 856011 -0.000947779743 0.5 p-1 -69368 1
265 253 m2 858615 -0.00382782123 0.5 p-1 -56788 11
294 254 m2 864161 -0.086551927 0.5 p-1 -7904 2
217 255 m2 864193 -0.00244759 0.5 p-1 -9368 9
36 256 m2 867671 -0.00870218594 0.5 p-1 -9193941 85
224 257 m2 877265 -0.000432808243 0.5 p-1 -704123 14
88 258 m2 879102 -0.00487086317 0.5 p-1 -2698566 779
162 259 m2 879184 -0.0407457426 0.5 p-1 -112588 92
136 260 m2 884155 -0.00135928451 0.5 p-1 -1727260 276
168 261 m2 886464 -0.0707808658 0.5 p-1 -622324 106
286 262 m2 886621 -0.000280112872 0.5 p-1 -6110 10
262 263 m2 887824 -0.0290576126 0.5 p-1 -136584 42
151 264 m2 890690 -0.00197028951 0.5 p-1 -21330 21
212 266 m2 895876 -0.0220501572 0.5 p-1 -883597 59
181 267 m2 897426 -0.0200714413 0.5 p-1 -218782 72
89 268 m2 899825 -0.0186455082 0.5 p-1 -359597 302
68 269 m2 900641 -0.0567586906 0.5 p-1 -2285746 899
233 270 m2 902109 -0.00205965666 0.5 p-1 -865596 19
38 271 m2 907913 -0.00133091537 0.5 p-1 -777318 597
209 275 m2 917721 -0.0222473033 0.5 p-1 -165985 119
114 276 m2 919285 -0.00653648842 0.5 p-1 -660277 546
108 277 m2 922895 -3.18569801e-05 0.5 p-1 -995805 374
90 279 m2 927116 -0.0824819282 0.5 p-1 -1588458 555
109 280 m2 927677 -2.71250665e-05 0.5 p-1 -4920454 217
245 281 m2 941472 -0.00844884105 0.5 p-1 -321550 16
201 282 m2 960779 -0.0294002499 0.5 p-1 -1602898 111
180 283 m2 962365 -0.00229941402 0.5 p-1 -558329 195
176 284 m2 969634 -4.75663692e-05 0.5 p-1 -841246 64
195 285 m2 970921 -0.00251782732 0.5 p-1 -155875 34
163 286 m2 976321 -0.00757070538 0.5 p-1 -314110 163
132 287 m2 980846 -0.0101347361 0.5 p-1 -795705 125
91 288 m2 981164 -0.00750922598 0.5 p-1 -247126 136
40 289 m2 981352 -0.00920283515 0.5 p-1 -1943629 1882
182 291 m2 995110 -9.64383216e-05 0.5 p-1 -303163 62
164 293 m2 128728 -0.01849043 0.5 p0 2 5
270 296 m2 996417 -0.00220612832 0.5 p0 2 3
177 298 m2 316127 -0.00805205386 0.5 p0 2 2
273 300 m2 729473 -0.00418602908 0.5 p0 2 2
319 305 m2 721843 -0.00869578589 0.5 p0 2 2
257 311 m2 776072 -0.000317948958 0.5 p0 2 1
314 314 m2 105830 -0.00500395661 0.5 p0 2 1
310 315 m2 374435 -0.00281773671 0.5 p0 2 2
238 320 m2 896902 -0.000413362577 0.5 p0 2 3
311 321 m2 81032 -0.00181907869 0.5 p0 2 3
243 322 m2 648187 -0.000837209634 0.5 p0 2 2
330 323 m2 968189 -0.00334686902 0.5 p0 2 1
321 324 m2 506613 -0.0259082075 0.5 p0 2 1
296 325 m2 228673 -0.00812323391 0.5 p0 2 3
252 330 m2 826778 -0.00586144021 0.5 p0 2 3
272 334 m2 337576 -0.00474627037 0.5 p0 2 4
323 335 m2 561709 -0.000176368951 0.5 p0 2 1
320 338 m2 242891 -0.000298278348 0.5 p0 2 2
308 345 m2 498337 -0.00788801257 0.5 p0 2 1
258 347 m2 239942 -1.99985043e-05 0.5 p0 2 2
0 348 m1 966 0 0.5 p-1 -5620549 1923
56 349 m1 1936 0 0.5 p-1 -2488059 456
266 350 m1 7038 0 0.5 p-1 -17957 6
231 351 m1 7512 0 0.5 p-1 -41041 10
241 352 m1 12999 0 0.5 p-1 -73184 54
271 353 m1 37840 0 0.5 p-1 -4824 4
92 354 m1 48819 0 0.5 p-1 -1395944 200
57 355 m1 56854 0 0.5 p-1 -1468017 535
196 356 m1 64703 0 0.5 p-1 -24300 10
246 357 m1 67286 0 0.5 p-1 -14706 21
190 358 m1 67822 0 0.5 p-1 -503590 76
279 359 m1 72558 0 0.5 p-1 -179053 13
282 360 m1 82751 0 0.5 p-1 -10221 1
199 361 m1 87414 0 0.5 p-1 -75626 46
214 362 m1 95934 0 0.5 p-1 -86174 23
4 364 m1 124341 0 0.5 p-1 -1714179 1139
298 365 m1 133787 0 0.5 p-1 -33060 4
220 366 m1 138621 0 0.5 p-1 -257921 30
210 367 m1 139804 0 0.5 p-1 -249004 57
268 369 m1 143477 0 0.5 p-1 -93750 9
305 372 m1 169509 0 0.5 p-1 -30276 3
138 373 m1 190730 0 0.5 p-1 -291462 339
6 374 m1 196053 0 0.5 p-1 -3387696 1786
43 375 m1 197000 0 0.5 p-1 -2270150 512
302 377 m1 217559 0 0.5 p-1 -8755 2
9 378 m1 224036 0 0.5 p-1 -7046401 311
10 379 m1 228161 0 0.5 p-1 -7583973 1176
115 380 m1 230122 0 0.5 p-1 -250657 66
11 381 m1 247079 0 0.5 p-1 -10949917 1773
12 382 m1 262201 0 0.5 p-1 -8240516 612
157 384 m1 299385 0 0.5 p-1 -135948 112
283 385 m1 332957 0 0.5 p-1 -73508 15
256 386 m1 338594 0 0.5 p-1 -81683 34
145 387 m1 339915 0 0.5 p-1 -122217 191
46 388 m1 343237 0 0.5 p-1 -8763724 1372
223 389 m1 346175 0 0.5 p-1 -758 4
227 390 m1 346720 0 0.5 p-1 -7613 5
240 391 m1 347582 0 0.5 p-1 -134482 27
75 392 m1 372634 0 0.5 p-1 -2936999 179
96 394 m1 385740 0 0.5 p-1 -383835 194
97 395 m1 401977 0 0.5 p-1 -305042 84
146 396 m1 410719 0 0.5 p-1 -327550 171
267 397 m1 412138 0 0.5 p-1 -6450 9
64 399 m1 425833 0 0.5 p-1 -2602429 246
147 400 m1 426777 0 0.5 p-1 -229258 101
148 401 m1 431831 0 0.5 p-1 -74250 6
312 402 m1 433992 0 0.5 p-1 -272 1
65 403 m1 435742 0 0.5 p-1 -9724325 289
194 404 m1 436659 0 0.5 p-1 -2055817 184
79 407 m1 464308 0 0.5 p-1 -3284889 225
328 408 m1 489285 0 0.5 p-1 -24685 1
316 410 m1 501443 0 0.5 p-1 -11589 2
297 411 m1 503834 0 0.5 p-1 -540 3
80 413 m1 508874 0 0.5 p-1 -947246 281
284 414 m1 532890 0 0.5 p-1 -4458 5
128 415 m1 540781 0 0.5 p-1 -3459758 85
236 417 m1 563055 0 0.5 p-1 -143420 23
129 418 m1 580344 0 0.5 p-1 -566308 271
203 419 m1 591373 0 0.5 p-1 -1205058 193
111 420 m1 596357 0 0.5 p-1 -982817 275
83 421 m1 599064 0 0.5 p-1 -524676 371
141 422 m1 599164 0 0.5 p-1 -513926 82
254 423 m1 599386 0 0.5 p-1 -11069 19
248 424 m1 603436 0 0.5 p-1 -511611 39
188 425 m1 611020 0 0.5 p-1 -221864 90
169 426 m1 618097 0 0.5 p-1 -53287 75
124 428 m1 681501 0 0.5 p-1 -699586 248
329 430 m1 704618 0 0.5 p-1 -4110 1
27 432 m1 719214 0 0.5 p-1 -1855563 746
86 434 m1 778993 0 0.5 p-1 -7733964 1066
274 436 m1 800593 0 0.5 p-1 -200 3
207 438 m1 831315 0 0.5 p-1 -39746 3
237 439 m1 836487 0 0.5 p-1 -12481 28
107 441 m1 854390 0 0.5 p-1 -54346 38
35 442 m1 855823 0 0.5 p-1 -3707116 958
37 444 m1 882759 0 0.5 p-1 -11117448 1516
142 445 m1 883773 0 0.5 p-1 -92290 79
120 446 m1 893419 0 0.5 p-1 -337485 105
261 447 m1 896226 0 0.5 p-1 -30813 9
249 449 m1 937379 0 0.5 p-1 -17316 6
39 450 m1 944763 0 0.5 p-1 -6555081 1639
69 451 m1 955223 0 0.5 p-1 -3397902 182
125 452 m1 958095 0 0.5 p-1 -1281634 234
171 453 m1 989172 0 0.5 p-1 -121421 57
Individuals:
