Mutations:
81 1 m2 16554 -0.00313826581 0.5 p-1 -1313535 671
245 2 m2 19401 -0.000410136563 0.5 p-1 -12825 2
133 3 m2 19847 -0.0108166905 0.5 p-1 -717724 274
1 4 m2 20730 -0.0238812771 0.5 p-1 -2271922 309
267 5 m2 26405 -0.00454898644 0.5 p-1 -32639 20
197 6 m2 33189 -4.30005429e-07 0.5 p-1 -296377 68
258 7 m2 40781 -0.00642583426 0.5 p-1 -18372 3
2 8 m2 41179 -0.00100680941 0.5 p-1 -391442 245
226 10 m2 45572 -0.0127473045 0.5 p-1 -161885 28
339 12 m2 49091 -5.66231211e-06 0.5 p-1 -1919 6
222 14 m2 60434 -0.00121575303 0.5 p-1 -184725 49
227 15 m2 63501 -4.19048229e-05 0.5 p-1 -50940 25
40 16 m2 73395 -0.00260783895 0.5 p-1 -2240757 1071
4 17 m2 73418 -0.0114805996 0.5 p-1 -2879818 750
107 20 m2 78780 -0.0197269693 0.5 p-1 -7881331 483
225 21 m2 87571 -0.00211810996 0.5 p-1 -436958 59
116 23 m2 89731 -0.00297558797 0.5 p-1 -512186 408
104 24 m2 92431 -0.00103566167 0.5 p-1 -5435484 421
277 25 m2 93462 -0.0301100034 0.5 p-1 -54958 26
139 27 m2 108493 -0.0255723726 0.5 p-1 -3581672 372
105 29 m2 110611 -0.0105602136 0.5 p-1 -527177 268
5 30 m2 112709 -0.0430609696 0.5 p-1 -3078411 518
317 32 m2 119843 -0.000746310106 0.5 p-1 -1636 1
160 33 m2 131486 -0.0358099155 0.5 p-1 -693172 113
146 34 m2 133119 -1.37915622e-05 0.5 p-1 -511751 40
6 35 m2 133407 -0.00558173098 0.5 p-1 -7397563 1490
108 36 m2 139767 -0.000111773108 0.5 p-1 -3624043 69
198 39 m2 146452 -0.00733464165 0.5 p-1 -830936 33
82 40 m2 146548 -1.70340518e-05 0.5 p-1 -799948 274
269 41 m2 146747 -0.0112787588 0.5 p-1 -36579 8
191 42 m2 155035 -4.61927073e-07 0.5 p-1 -99726 15
318 43 m2 156577 -0.0349771157 0.5 p-1 -12037 2
161 44 m2 164567 -0.00557445409 0.5 p-1 -5331 2
265 45 m2 169604 -3.24031644e-05 0.5 p-1 -4506 3
83 46 m2 170759 -1.53031121e-09 0.5 p-1 -1306369 384
311 47 m2 174968 -0.020224439 0.5 p-1 -1863 2
183 49 m2 184404 -0.0124820285 0.5 p-1 -5147734 145
261 50 m2 185645 -0.00494311471 0.5 p-1 -459992 22
204 51 m2 186234 -1.32128353e-05 0.5 p-1 -136587 15
7 52 m2 192218 -0.000278888299 0.5 p-1 -3740197 983
126 53 m2 205200 -0.000226225253 0.5 p-1 -159872 45
97 54 m2 209825 -0.00638206117 0.5 p-1 -1476563 343
213 55 m2 212738 -3.24607099e-05 0.5 p-1 -886641 53
309 56 m2 214183 -0.000650374859 0.5 p-1 -8667 2
9 59 m2 221911 -0.059087906 0.5 p-1 -2153875 938
43 60 m2 223157 -0.0210617427 0.5 p-1 -404092 307
188 61 m2 232665 -0.000189518905 0.5 p-1 -121387 70
46 63 m2 267270 -0.000152234905 0.5 p-1 -3116606 871
47 64 m2 274859 -0.00287505635 0.5 p-1 -1045108 163
69 65 m2 275275 -0.000285964168 0.5 p-1 -1372769 957
48 66 m2 279904 -0.00285008689 0.5 p-1 -4270426 770
214 67 m2 283514 -0.0375057086 0.5 p-1 -465219 453
178 68 m2 284598 -0.0453892723 0.5 p-1 -63220 29
272 69 m2 284703 -0.0023969966 0.5 p-1 -38803 24
157 70 m2 290972 -9.69056657e-08 0.5 p-1 -126779 36
210 71 m2 295560 -6.03207839e-09 0.5 p-1 -345893 74
170 72 m2 297265 -0.00262585096 0.5 p-1 -154925 53
180 74 m2 298864 -0.0116248317 0.5 p-1 -100785 71
11 75 m2 308581 -3.26737936e-05 0.5 p-1 -3526374 1813
84 76 m2 309020 -3.7939426e-06 0.5 p-1 -3808227 834
118 77 m2 316684 -0.00242034369 0.5 p-1 -223510 121
292 79 m2 321014 -0.0298515093 0.5 p-1 -1151 3
209 80 m2 326770 -5.49988499e-07 0.5 p-1 -16870 4
70 81 m2 327310 -0.054058671 0.5 p-1 -19789856 711
127 82 m2 332030 -0.000173198699 0.5 p-1 -17406 28
241 83 m2 335455 -2.13396197e-06 0.5 p-1 -25567 9
289 85 m2 344138 -7.70208717e-05 0.5 p-1 -1453 6
327 86 m2 344358 -0.00442016823 0.5 p-1 -10223 1
85 87 m2 347139 -0.0147207901 0.5 p-1 -1049591 485
86 88 m2 362138 -0.00932966452 0.5 p-1 -53472 51
256 89 m2 362593 -0.000935114687 0.5 p-1 -86989 5
356 90 m2 366757 -0.000340193044 0.5 p-1 -4320 1
13 91 m2 371952 -0.000385965395 0.5 p-1 -3037302 1805
87 93 m2 373780 -0.000516252127 0.5 p-1 -169707 207
242 94 m2 375787 -0.00656421063 0.5 p-1 -55232 16
163 95 m2 376171 -0.00595017755 0.5 p-1 -795201 175
88 96 m2 377060 -1.75139905e-06 0.5 p-1 -2716187 1050
89 97 m2 377831 -0.00334587321 0.5 p-1 -1759363 841
196 98 m2 380391 -0.00911491644 0.5 p-1 -558681 86
14 100 m2 383324 -0.00794204231 0.5 p-1 -1805465 634
194 101 m2 385248 -0.00277530216 0.5 p-1 -87156 58
304 102 m2 385431 -0.00215537404 0.5 p-1 -9119 4
257 103 m2 389525 -0.00334588834 0.5 p-1 -35850 16
314 104 m2 399535 -0.000220095084 0.5 p-1 -72945 5
15 105 m2 399771 -0.00981114805 0.5 p-1 -863716 1260
235 106 m2 403726 -0.00470152125 0.5 p-1 -8647 11
49 107 m2 407794 -0.000879035622 0.5 p-1 -471025 305
343 108 m2 410795 -0.000456432143 0.5 p-1 -5073 1
224 110 m2 416518 -0.00280939415 0.5 p-1 -179110 19
238 111 m2 419867 -0.0131861353 0.5 p-1 -55164 33
301 112 m2 422557 -0.038424816 0.5 p-1 -55909 9
340 113 m2 425834 -0.00280804443 0.5 p-1 -379 2
72 114 m2 427072 -0.0055806688 0.5 p-1 -584180 305
16 115 m2 428755 -4.07709704e-05 0.5 p-1 -4176038 1463
263 118 m2 434137 -0.00320727611 0.5 p-1 -10630 22
218 119 m2 439668 -0.000364996318 0.5 p-1 -1942999 54
17 120 m2 441183 -0.000421424513 0.5 p-1 -1647931 1523
287 122 m2 441505 -0.015098541 0.5 p-1 -39517 5
52 126 m2 453893 -0.000356287987 0.5 p-1 -2984012 906
53 127 m2 456591 -0.0295293331 0.5 p-1 -815750 560
303 129 m2 461286 -0.014305965 0.5 p-1 -12137 7
54 130 m2 467207 -4.38002608e-05 0.5 p-1 -105862 15
315 134 m2 473154 -0.00101820857 0.5 p-1 -12662 1
232 135 m2 473884 -0.0128863342 0.5 p-1 -13820 22
290 136 m2 480003 -0.0134336771 0.5 p-1 -42846 1
55 137 m2 481764 -0.000607129652 0.5 p-1 -10022859 624
364 139 m2 492391 -2.27636137e-05 0.5 p-1 -544 1
207 141 m2 497144 -0.004452297 0.5 p-1 -152519 72
296 144 m2 514225 -0.000109218759 0.5 p-1 -25762 7
18 146 m2 516779 -0.000158783689 0.5 p-1 -4970555 1169
19 147 m2 518080 -0.00035692635 0.5 p-1 -7823533 1625
262 148 m2 522536 -1.67541339e-06 0.5 p-1 -143627 29
56 150 m2 534973 -0.01026149 0.5 p-1 -1580339 487
355 151 m2 537335 -0.0356577188 0.5 p-1 -12462 2
229 152 m2 543431 -0.0064697261 0.5 p-1 -150654 30
149 153 m2 546286 -1.5009663e-05 0.5 p-1 -11349001 198
221 154 m2 546805 -3.58509993e-07 0.5 p-1 -69569 43
259 155 m2 547384 -3.55028824e-05 0.5 p-1 -8499 9
215 156 m2 548259 -0.0140319504 0.5 p-1 -328685 17
271 157 m2 549898 -0.000162076452 0.5 p-1 -133159 39
152 158 m2 551435 -0.000803822826 0.5 p-1 -532932 132
223 159 m2 561704 -0.0104260109 0.5 p-1 -1178978 66
173 160 m2 568493 -0.00111810374 0.5 p-1 -161830 107
141 161 m2 574120 -0.000321769359 0.5 p-1 -1453222 114
20 162 m2 576773 -0.00116277277 0.5 p-1 -717626 368
57 163 m2 583495 -0.0126133515 0.5 p-1 -4875153 850
195 164 m2 593929 -3.09516366e-07 0.5 p-1 -3146937 164
21 166 m2 597683 -0.00817408599 0.5 p-1 -2274770 188
275 167 m2 598633 -1.72276771e-06 0.5 p-1 -220674 19
22 168 m2 599241 -2.68532058e-05 0.5 p-1 -5997133 772
233 169 m2 602092 -0.00313061243 0.5 p-1 -468245 85
166 170 m2 602586 -0.00739395432 0.5 p-1 -822646 382
58 171 m2 605987 -0.00314184348 0.5 p-1 -3074296 897
100 172 m2 609232 -0.0387260206 0.5 p-1 -950634 166
23 173 m2 614579 -4.15332543e-05 0.5 p-1 -2562000 1877
246 174 m2 616974 -0.0338809565 0.5 p-1 -150358 41
276 175 m2 617493 -8.15663148e-10 0.5 p-1 -103377 17
243 176 m2 618010 -0.0206666794 0.5 p-1 -435826 20
91 177 m2 619175 -0.00998421758 0.5 p-1 -372525 290
24 178 m2 627846 -0.00035045165 0.5 p-1 -94265 17
25 179 m2 628472 -1.03559205e-06 0.5 p-1 -6568440 351
216 182 m2 631795 -0.0276766177 0.5 p-1 -425844 97
205 183 m2 641157 -0.000453850866 0.5 p-1 -1568426 96
123 184 m2 646401 -2.51133588e-06 0.5 p-1 -122357 98
74 185 m2 649687 -0.0078490125 0.5 p-1 -3542 5
59 186 m2 654643 -0.00163796591 0.5 p-1 -6667951 1136
92 188 m2 657376 -0.00918995962 0.5 p-1 -251664 104
211 189 m2 670204 -0.0286339633 0.5 p-1 -56201 16
237 190 m2 670822 -0.00417643832 0.5 p-1 -28334 5
168 191 m2 672591 -0.00748723792 0.5 p-1 -272665 85
26 193 m2 676620 -0.012213924 0.5 p-1 -5752896 929
153 194 m2 678521 -0.0191249102 0.5 p-1 -4775135 166
329 195 m2 681619 -0.000113693372 0.5 p-1 -253 1
75 196 m2 684793 -0.00366736832 0.5 p-1 -369627 89
112 197 m2 707560 -8.42116879e-06 0.5 p-1 -709663 402
27 198 m2 707572 -0.00224570208 0.5 p-1 -848312 341
278 200 m2 708246 -0.0106704151 0.5 p-1 -223573 13
176 201 m2 720452 -0.000200828566 0.5 p-1 -368163 98
190 202 m2 723054 -1.79408325e-05 0.5 p-1 -559303 40
142 203 m2 724802 -2.8249784e-05 0.5 p-1 -180081 148
164 204 m2 725024 -0.00560441799 0.5 p-1 -16543 35
143 205 m2 727257 -0.000156660666 0.5 p-1 -837772 115
255 206 m2 732004 -0.000428253232 0.5 p-1 -237433 58
28 207 m2 735632 -0.00223238836 0.5 p-1 -12896577 1372
77 208 m2 735679 -0.000664080435 0.5 p-1 -856971 244
352 209 m2 738984 -0.00632123929 0.5 p-1 -223 1
29 210 m2 740382 -0.0227164309 0.5 p-1 -5441852 1921
250 211 m2 744043 -0.0019133247 0.5 p-1 -9854 8
234 212 m2 748265 -0.00816754997 0.5 p-1 -43471 12
144 213 m2 748618 -0.00473759091 0.5 p-1 -2781833 313
30 214 m2 750107 -0.00107977877 0.5 p-1 -2201742 1034
78 215 m2 759791 -0.000496900757 0.5 p-1 -2328005 504
338 216 m2 762762 -0.0181647819 0.5 p-1 -62900 1
60 217 m2 765626 -1.62656252e-05 0.5 p-1 -1428508 89
252 218 m2 765979 -0.000627384114 0.5 p-1 -16283 8
129 221 m2 772872 -0.0170404594 0.5 p-1 -1800282 212
156 222 m2 778292 -0.00816320814 0.5 p-1 -237154 132
291 223 m2 782987 -0.0084320195 0.5 p-1 -52280 3
31 224 m2 790316 -0.000435334427 0.5 p-1 -963845 883
32 225 m2 792446 -0.00307976943 0.5 p-1 -3642919 1163
177 226 m2 794817 -0.00529503124 0.5 p-1 -215551 43
283 227 m2 796378 -7.78286121e-05 0.5 p-1 -65186 6
187 228 m2 797506 -0.000309090712 0.5 p-1 -440130 107
93 230 m2 798708 -0.00107720715 0.5 p-1 -3091014 413
33 231 m2 799496 -0.00918782689 0.5 p-1 -4374263 1154
135 232 m2 803740 -0.00978168659 0.5 p-1 -3758530 86
212 233 m2 806539 -0.0160222743 0.5 p-1 -256817 8
247 235 m2 813330 -3.77394933e-08 0.5 p-1 -211537 93
171 236 m2 823903 -0.00445837248 0.5 p-1 -1675374 102
102 237 m2 831542 -0.00241104397 0.5 p-1 -827327 140
34 238 m2 837520 -0.0274343882 0.5 p-1 -6486641 1387
282 240 m2 840630 -0.0109181255 0.5 p-1 -31932 21
79 241 m2 841645 -7.26674261e-05 0.5 p-1 -3213178 1278
208 242 m2 845988 -0.000387060601 0.5 p-1 -37257 5
61 243 m2 846021 -1.81045809e-08 0.5 p-1 -391647 303
62 244 m2 847583 -0.00107225578 0.5 p-1 -102041 3
279 245 m2 853617 -1.46160306e-11 0.5 p-1 -19478 8
336 246 m2 853699 -0.000176574089 0.5 p-1 -234929 7
203 247 m2 854024 -4.43649988e-05 0.5 p-1 -3405 3
80 248 m2 854155 -0.00859897863 0.5 p-1 -343798 42
344 249 m2 854688 -0.00572087429 0.5 p-1 -28359 2
219 251 m2 856011 -0.000947779743 0.5 p-1 -69368 14
182 253 m2 858615 -0.00382782123 0.5 p-1 -56788 15
253 254 m2 864161 -0.086551927 0.5 p-1 -7904 3
268 255 m2 864193 -0.00244759 0.5 p-1 -9368 5
150 256 m2 867671 -0.00870218594 0.5 p-1 -9193941 92
103 257 m2 877265 -0.000432808243 0.5 p-1 -704123 15
64 258 m2 879102 -0.00487086317 0.5 p-1 -2698566 739
151 259 m2 879184 -0.0407457426 0.5 p-1 -112588 99
36 260 m2 884155 -0.00135928451 0.5 p-1 -1727260 280
130 261 m2 886464 -0.0707808658 0.5 p-1 -622324 106
169 262 m2 886621 -0.000280112872 0.5 p-1 -6110 10
193 263 m2 887824 -0.0290576126 0.5 p-1 -136584 43
285 264 m2 890690 -0.00197028951 0.5 p-1 -21330 23
131 266 m2 895876 -0.0220501572 0.5 p-1 -883597 42
136 267 m2 897426 -0.0200714413 0.5 p-1 -218782 90
113 268 m2 899825 -0.0186455082 0.5 p-1 -359597 289
94 269 m2 900641 -0.0567586906 0.5 p-1 -2285746 986
189 270 m2 902109 -0.00205965666 0.5 p-1 -865596 30
65 271 m2 907913 -0.00133091537 0.5 p-1 -777318 618
346 273 m2 916041 -2.09030622e-05 0.5 p-1 -471 2
274 274 m2 916462 -0.0146191362 0.5 p-1 -5941 2
114 275 m2 917721 -0.0222473033 0.5 p-1 -165985 104
66 276 m2 919285 -0.00653648842 0.5 p-1 -660277 528
67 277 m2 922895 -3.18569801e-05 0.5 p-1 -995805 420
37 279 m2 927116 -0.0824819282 0.5 p-1 -1588458 510
132 280 m2 927677 -2.71250665e-05 0.5 p-1 -4920454 261
295 281 m2 941472 -0.00844884105 0.5 p-1 -321550 9
159 282 m2 960779 -0.0294002499 0.5 p-1 -1602898 131
95 283 m2 962365 -0.00229941402 0.5 p-1 -558329 168
201 284 m2 969634 -4.75663692e-05 0.5 p-1 -841246 55
115 285 m2 970921 -0.00251782732 0.5 p-1 -155875 55
68 286 m2 976321 -0.00757070538 0.5 p-1 -314110 152
106 287 m2 980846 -0.0101347361 0.5 p-1 -795705 156
137 288 m2 981164 -0.00750922598 0.5 p-1 -247126 114
39 289 m2 981352 -0.00920283515 0.5 p-1 -1943629 1896
125 291 m2 995110 -9.64383216e-05 0.5 p-1 -303163 43
333 292 m2 161462 -0.0184203573 0.5 p0 2 2
293 295 m2 267042 -8.02710565e-06 0.5 p0 2 1
341 296 m2 996417 -0.00220612832 0.5 p0 2 1
366 297 m2 169316 -0.0426971018 0.5 p0 2 1
299 300 m2 729473 -0.00418602908 0.5 p0 2 1
324 301 m2 368866 -9.77539239e-05 0.5 p0 2 1
167 302 m2 341014 -0.000590078649 0.5 p0 2 2
330 303 m2 857759 -0.00015741169 0.5 p0 2 1
367 304 m2 904510 -0.00336909178 0.5 p0 2 1
240 305 m2 721843 -0.00869578589 0.5 p0 2 2
359 306 m2 756244 -0.00419776933 0.5 p0 2 2
254 310 m2 906961 -0.0312693156 0.5 p0 2 1
307 312 m2 553643 -1.57478989e-05 0.5 p0 2 1
347 315 m2 374435 -0.00281773671 0.5 p0 2 2
345 316 m2 988521 -0.00282152207 0.5 p0 2 2
306 317 m2 400672 -6.06612457e-06 0.5 p0 2 2
342 319 m2 910534 -3.68721085e-05 0.5 p0 2 1
281 320 m2 896902 -0.000413362577 0.5 p0 2 2
325 321 m2 81032 -0.00181907869 0.5 p0 2 1
312 323 m2 968189 -0.00334686902 0.5 p0 2 1
244 325 m2 228673 -0.00812323391 0.5 p0 2 1
353 326 m2 648494 -0.00226419 0.5 p0 2 2
351 327 m2 976437 -0.00210344605 0.5 p0 2 1
298 328 m2 490183 -0.0013500402 0.5 p0 2 1
349 330 m2 826778 -0.00586144021 0.5 p0 2 1
326 331 m2 205381 -0.0151678491 0.5 p0 2 1
305 332 m2 682722 -0.0173320416 0.5 p0 2 3
302 333 m2 84080 -0.00010040131 0.5 p0 2 3
323 335 m2 561709 -0.000176368951 0.5 p0 2 1
284 337 m2 555618 -0.023272343 0.5 p0 2 4
322 338 m2 242891 -0.000298278348 0.5 p0 2 2
362 339 m2 581083 -0.000159746836 0.5 p0 2 2
358 340 m2 701811 -0.00984495226 0.5 p0 2 1
360 341 m2 160194 -0.000445368671 0.5 p0 2 1
332 342 m2 472255 -0.000476012356 0.5 p0 2 1
320 343 m2 468706 -0.00446862215 0.5 p0 2 1
348 344 m2 170161 -3.22460473e-05 0.5 p0 2 1
328 345 m2 498337 -0.00788801257 0.5 p0 2 1
260 346 m2 477415 -0.000169994441 0.5 p0 2 3
316 347 m2 239942 -1.99985043e-05 0.5 p0 2 2
0 348 m1 966 0 0.5 p-1 -5620549 1906
96 349 m1 1936 0 0.5 p-1 -2488059 435
308 350 m1 7038 0 0.5 p-1 -17957 3
174 351 m1 7512 0 0.5 p-1 -41041 16
236 352 m1 12999 0 0.5 p-1 -73184 56
331 353 m1 37840 0 0.5 p-1 -4824 1
138 354 m1 48819 0 0.5 p-1 -1395944 219
3 355 m1 56854 0 0.5 p-1 -1468017 492
251 356 m1 64703 0 0.5 p-1 -24300 8
200 357 m1 67286 0 0.5 p-1 -14706 9
154 358 m1 67822 0 0.5 p-1 -503590 91
172 359 m1 72558 0 0.5 p-1 -179053 12
273 360 m1 82751 0 0.5 p-1 -10221 7
155 361 m1 87414 0 0.5 p-1 -75626 72
239 362 m1 95934 0 0.5 p-1 -86174 28
41 364 m1 124341 0 0.5 p-1 -1714179 1089
363 365 m1 133787 0 0.5 p-1 -33060 1
147 366 m1 138621 0 0.5 p-1 -257921 39
117 367 m1 139804 0 0.5 p-1 -249004 69
270 369 m1 143477 0 0.5 p-1 -93750 8
294 372 m1 169509 0 0.5 p-1 -30276 2
109 373 m1 190730 0 0.5 p-1 -291462 304
8 374 m1 196053 0 0.5 p-1 -3387696 1847
42 375 m1 197000 0 0.5 p-1 -2270150 469
334 376 m1 199844 0 0.5 p-1 -6049 5
297 377 m1 217559 0 0.5 p-1 -8755 11
98 378 m1 224036 0 0.5 p-1 -7046401 340
44 379 m1 228161 0 0.5 p-1 -7583973 1178
185 380 m1 230122 0 0.5 p-1 -250657 64
10 381 m1 247079 0 0.5 p-1 -10949917 1749
45 382 m1 262201 0 0.5 p-1 -8240516 551
148 384 m1 299385 0 0.5 p-1 -135948 97
249 385 m1 332957 0 0.5 p-1 -73508 31
206 386 m1 338594 0 0.5 p-1 -81683 13
162 387 m1 339915 0 0.5 p-1 -122217 182
12 388 m1 343237 0 0.5 p-1 -8763724 1409
313 390 m1 346720 0 0.5 p-1 -7613 2
158 391 m1 347582 0 0.5 p-1 -134482 41
134 392 m1 372634 0 0.5 p-1 -2936999 183
361 393 m1 384398 0 0.5 p-1 -7365 1
119 394 m1 385740 0 0.5 p-1 -383835 164
217 395 m1 401977 0 0.5 p-1 -305042 71
71 396 m1 410719 0 0.5 p-1 -327550 175
288 397 m1 412138 0 0.5 p-1 -6450 2
310 398 m1 419028 0 0.5 p-1 -691517 2
50 399 m1 425833 0 0.5 p-1 -2602429 275
175 400 m1 426777 0 0.5 p-1 -229258 125
186 401 m1 431831 0 0.5 p-1 -74250 6
51 403 m1 435742 0 0.5 p-1 -9724325 325
73 404 m1 436659 0 0.5 p-1 -2055817 176
184 407 m1 464308 0 0.5 p-1 -3284889 204
354 408 m1 489285 0 0.5 p-1 -24685 1
335 409 m1 497868 0 0.5 p-1 -2798 1
228 410 m1 501443 0 0.5 p-1 -11589 4
337 411 m1 503834 0 0.5 p-1 -540 1
248 412 m1 508633 0 0.5 p-1 -24905 5
128 413 m1 508874 0 0.5 p-1 -947246 276
286 414 m1 532890 0 0.5 p-1 -4458 5
99 415 m1 540781 0 0.5 p-1 -3459758 83
264 416 m1 541055 0 0.5 p-1 -7267 4
230 417 m1 563055 0 0.5 p-1 -143420 17
120 418 m1 580344 0 0.5 p-1 -566308 272
110 419 m1 591373 0 0.5 p-1 -1205058 219
121 420 m1 596357 0 0.5 p-1 -982817 290
122 421 m1 599064 0 0.5 p-1 -524676 401
90 422 m1 599164 0 0.5 p-1 -513926 120
231 423 m1 599386 0 0.5 p-1 -11069 8
266 424 m1 603436 0 0.5 p-1 -511611 36
199 425 m1 611020 0 0.5 p-1 -221864 71
111 426 m1 618097 0 0.5 p-1 -53287 62
181 428 m1 681501 0 0.5 p-1 -699586 230
319 430 m1 704618 0 0.5 p-1 -4110 2
350 431 m1 712162 0 0.5 p-1 -231 1
76 432 m1 719214 0 0.5 p-1 -1855563 802
101 434 m1 778993 0 0.5 p-1 -7733964 1099
357 436 m1 800593 0 0.5 p-1 -200 1
365 438 m1 831315 0 0.5 p-1 -39746 1
202 439 m1 836487 0 0.5 p-1 -12481 18
145 441 m1 854390 0 0.5 p-1 -54346 51
63 442 m1 855823 0 0.5 p-1 -3707116 980
280 443 m1 877600 0 0.5 p-1 -15465 1
35 444 m1 882759 0 0.5 p-1 -11117448 1478
192 445 m1 883773 0 0.5 p-1 -92290 102
140 446 m1 893419 0 0.5 p-1 -337485 142
321 447 m1 896226 0 0.5 p-1 -30813 1
165 448 m1 923841 0 0.5 p-1 -3694 2
300 449 m1 937379 0 0.5 p-1 -17316 10
38 450 m1 944763 0 0.5 p-1 -6555081 1700
179 451 m1 955223 0 0.5 p-1 -3397902 241
124 452 m1 958095 0 0.5 p-1 -1281634 197
220 453 m1 989172 0 0.5 p-1 -121421 88
Individuals:
