Mutations:
39 1 m2 16554 -0.00313826581 0.5 p-1 -1313535 713
201 2 m2 19401 -0.000410136563 0.5 p-1 -12825 9
103 3 m2 19847 -0.0108166905 0.5 p-1 -717724 230
104 4 m2 20730 -0.0238812771 0.5 p-1 -2271922 258
243 5 m2 26405 -0.00454898644 0.5 p-1 -32639 57
118 6 m2 33189 -4.30005429e-07 0.5 p-1 -296377 82
40 8 m2 41179 -0.00100680941 0.5 p-1 -391442 283
280 10 m2 45572 -0.0127473045 0.5 p-1 -161885 19
1 14 m2 60434 -0.00121575303 0.5 p-1 -184725 65
262 15 m2 63501 -4.19048229e-05 0.5 p-1 -50940 9
41 16 m2 73395 -0.00260783895 0.5 p-1 -2240757 1041
2 17 m2 73418 -0.0114805996 0.5 p-1 -2879818 660
42 20 m2 78780 -0.0197269693 0.5 p-1 -7881331 463
119 21 m2 87571 -0.00211810996 0.5 p-1 -436958 99
125 23 m2 89731 -0.00297558797 0.5 p-1 -512186 405
3 24 m2 92431 -0.00103566167 0.5 p-1 -5435484 315
261 25 m2 93462 -0.0301100034 0.5 p-1 -54958 7
66 27 m2 108493 -0.0255723726 0.5 p-1 -3581672 328
269 28 m2 110514 -0.00615238352 0.5 p-1 -5619 2
120 29 m2 110611 -0.0105602136 0.5 p-1 -527177 289
67 30 m2 112709 -0.0430609696 0.5 p-1 -3078411 493
43 33 m2 131486 -0.0358099155 0.5 p-1 -693172 100
192 34 m2 133119 -1.37915622e-05 0.5 p-1 -511751 12
68 35 m2 133407 -0.00558173098 0.5 p-1 -7397563 1513
212 36 m2 139767 -0.000111773108 0.5 p-1 -3624043 49
254 39 m2 146452 -0.00733464165 0.5 p-1 -830936 6
132 40 m2 146548 -1.70340518e-05 0.5 p-1 -799948 263
278 41 m2 146747 -0.0112787588 0.5 p-1 -36579 2
264 42 m2 155035 -4.61927073e-07 0.5 p-1 -99726 17
288 44 m2 164567 -0.00557445409 0.5 p-1 -5331 2
5 46 m2 170759 -1.53031121e-09 0.5 p-1 -1306369 450
141 49 m2 184404 -0.0124820285 0.5 p-1 -5147734 214
142 50 m2 185645 -0.00494311471 0.5 p-1 -459992 11
246 51 m2 186234 -1.32128353e-05 0.5 p-1 -136587 6
6 52 m2 192218 -0.000278888299 0.5 p-1 -3740197 976
226 53 m2 205200 -0.000226225253 0.5 p-1 -159872 56
161 54 m2 209825 -0.00638206117 0.5 p-1 -1476563 371
126 55 m2 212738 -3.24607099e-05 0.5 p-1 -886641 40
8 59 m2 221911 -0.059087906 0.5 p-1 -2153875 808
106 60 m2 223157 -0.0210617427 0.5 p-1 -404092 286
143 61 m2 232665 -0.000189518905 0.5 p-1 -121387 61
45 63 m2 267270 -0.000152234905 0.5 p-1 -3116606 878
173 64 m2 274859 -0.00287505635 0.5 p-1 -1045108 119
46 65 m2 275275 -0.000285964168 0.5 p-1 -1372769 1056
47 66 m2 279904 -0.00285008689 0.5 p-1 -4270426 728
11 67 m2 283514 -0.0375057086 0.5 p-1 -465219 589
121 68 m2 284598 -0.0453892723 0.5 p-1 -63220 16
240 69 m2 284703 -0.0023969966 0.5 p-1 -38803 21
238 70 m2 290972 -9.69056657e-08 0.5 p-1 -126779 14
185 71 m2 295560 -6.03207839e-09 0.5 p-1 -345893 41
206 72 m2 297265 -0.00262585096 0.5 p-1 -154925 32
184 74 m2 298864 -0.0116248317 0.5 p-1 -100785 62
48 75 m2 308581 -3.26737936e-05 0.5 p-1 -3526374 1817
49 76 m2 309020 -3.7939426e-06 0.5 p-1 -3808227 729
12 77 m2 316684 -0.00242034369 0.5 p-1 -223510 87
197 79 m2 321014 -0.0298515093 0.5 p-1 -1151 22
275 80 m2 326770 -5.49988499e-07 0.5 p-1 -16870 2
50 81 m2 327310 -0.054058671 0.5 p-1 -19789856 559
111 82 m2 332030 -0.000173198699 0.5 p-1 -17406 32
259 83 m2 335455 -2.13396197e-06 0.5 p-1 -25567 5
285 85 m2 344138 -7.70208717e-05 0.5 p-1 -1453 4
127 86 m2 344358 -0.00442016823 0.5 p-1 -10223 24
14 87 m2 347139 -0.0147207901 0.5 p-1 -1049591 443
112 88 m2 362138 -0.00932966452 0.5 p-1 -53472 54
274 89 m2 362593 -0.000935114687 0.5 p-1 -86989 3
281 90 m2 366757 -0.000340193044 0.5 p-1 -4320 3
15 91 m2 371952 -0.000385965395 0.5 p-1 -3037302 1760
16 93 m2 373780 -0.000516252127 0.5 p-1 -169707 215
232 94 m2 375787 -0.00656421063 0.5 p-1 -55232 17
128 95 m2 376171 -0.00595017755 0.5 p-1 -795201 119
17 96 m2 377060 -1.75139905e-06 0.5 p-1 -2716187 1066
71 97 m2 377831 -0.00334587321 0.5 p-1 -1759363 788
107 98 m2 380391 -0.00911491644 0.5 p-1 -558681 94
51 100 m2 383324 -0.00794204231 0.5 p-1 -1805465 724
96 101 m2 385248 -0.00277530216 0.5 p-1 -87156 43
272 102 m2 385431 -0.00215537404 0.5 p-1 -9119 3
166 103 m2 389525 -0.00334588834 0.5 p-1 -35850 6
250 104 m2 399535 -0.000220095084 0.5 p-1 -72945 31
52 105 m2 399771 -0.00981114805 0.5 p-1 -863716 1229
202 106 m2 403726 -0.00470152125 0.5 p-1 -8647 21
72 107 m2 407794 -0.000879035622 0.5 p-1 -471025 332
291 108 m2 410795 -0.000456432143 0.5 p-1 -5073 2
167 110 m2 416518 -0.00280939415 0.5 p-1 -179110 11
205 111 m2 419867 -0.0131861353 0.5 p-1 -55164 52
289 112 m2 422557 -0.038424816 0.5 p-1 -55909 10
81 114 m2 427072 -0.0055806688 0.5 p-1 -584180 324
18 115 m2 428755 -4.07709704e-05 0.5 p-1 -4176038 1509
196 118 m2 434137 -0.00320727611 0.5 p-1 -10630 12
207 119 m2 439668 -0.000364996318 0.5 p-1 -1942999 56
19 120 m2 441183 -0.000421424513 0.5 p-1 -1647931 1558
176 122 m2 441505 -0.015098541 0.5 p-1 -39517 15
82 126 m2 453893 -0.000356287987 0.5 p-1 -2984012 914
83 127 m2 456591 -0.0295293331 0.5 p-1 -815750 448
222 129 m2 461286 -0.014305965 0.5 p-1 -12137 6
159 130 m2 467207 -4.38002608e-05 0.5 p-1 -105862 10
198 135 m2 473884 -0.0128863342 0.5 p-1 -13820 42
84 137 m2 481764 -0.000607129652 0.5 p-1 -10022859 602
134 141 m2 497144 -0.004452297 0.5 p-1 -152519 70
20 146 m2 516779 -0.000158783689 0.5 p-1 -4970555 1179
21 147 m2 518080 -0.00035692635 0.5 p-1 -7823533 1648
241 148 m2 522536 -1.67541339e-06 0.5 p-1 -143627 16
73 150 m2 534973 -0.01026149 0.5 p-1 -1580339 414
97 152 m2 543431 -0.0064697261 0.5 p-1 -150654 19
113 153 m2 546286 -1.5009663e-05 0.5 p-1 -11349001 246
135 154 m2 546805 -3.58509993e-07 0.5 p-1 -69569 67
214 155 m2 547384 -3.55028824e-05 0.5 p-1 -8499 29
267 156 m2 548259 -0.0140319504 0.5 p-1 -328685 22
155 157 m2 549898 -0.000162076452 0.5 p-1 -133159 36
199 158 m2 551435 -0.000803822826 0.5 p-1 -532932 132
208 159 m2 561704 -0.0104260109 0.5 p-1 -1178978 65
174 160 m2 568493 -0.00111810374 0.5 p-1 -161830 114
200 161 m2 574120 -0.000321769359 0.5 p-1 -1453222 114
22 162 m2 576773 -0.00116277277 0.5 p-1 -717626 338
55 163 m2 583495 -0.0126133515 0.5 p-1 -4875153 823
152 164 m2 593929 -3.09516366e-07 0.5 p-1 -3146937 118
160 166 m2 597683 -0.00817408599 0.5 p-1 -2274770 91
233 167 m2 598633 -1.72276771e-06 0.5 p-1 -220674 24
85 168 m2 599241 -2.68532058e-05 0.5 p-1 -5997133 628
56 169 m2 602092 -0.00313061243 0.5 p-1 -468245 107
108 170 m2 602586 -0.00739395432 0.5 p-1 -822646 370
57 171 m2 605987 -0.00314184348 0.5 p-1 -3074296 1022
182 172 m2 609232 -0.0387260206 0.5 p-1 -950634 186
23 173 m2 614579 -4.15332543e-05 0.5 p-1 -2562000 1918
186 174 m2 616974 -0.0338809565 0.5 p-1 -150358 69
279 175 m2 617493 -8.15663148e-10 0.5 p-1 -103377 1
248 176 m2 618010 -0.0206666794 0.5 p-1 -435826 6
58 177 m2 619175 -0.00998421758 0.5 p-1 -372525 283
273 178 m2 627846 -0.00035045165 0.5 p-1 -94265 8
59 179 m2 628472 -1.03559205e-06 0.5 p-1 -6568440 453
163 182 m2 631795 -0.0276766177 0.5 p-1 -425844 151
153 183 m2 641157 -0.000453850866 0.5 p-1 -1568426 81
231 184 m2 646401 -2.51133588e-06 0.5 p-1 -122357 60
299 185 m2 649687 -0.0078490125 0.5 p-1 -3542 2
86 186 m2 654643 -0.00163796591 0.5 p-1 -6667951 1174
87 188 m2 657376 -0.00918995962 0.5 p-1 -251664 68
60 189 m2 670204 -0.0286339633 0.5 p-1 -56201 33
295 190 m2 670822 -0.00417643832 0.5 p-1 -28334 1
181 191 m2 672591 -0.00748723792 0.5 p-1 -272665 46
24 193 m2 676620 -0.012213924 0.5 p-1 -5752896 953
150 194 m2 678521 -0.0191249102 0.5 p-1 -4775135 182
137 196 m2 684793 -0.00366736832 0.5 p-1 -369627 93
88 197 m2 707560 -8.42116879e-06 0.5 p-1 -709663 474
25 198 m2 707572 -0.00224570208 0.5 p-1 -848312 324
253 200 m2 708246 -0.0106704151 0.5 p-1 -223573 19
26 201 m2 720452 -0.000200828566 0.5 p-1 -368163 99
221 202 m2 723054 -1.79408325e-05 0.5 p-1 -559303 37
76 203 m2 724802 -2.8249784e-05 0.5 p-1 -180081 169
230 204 m2 725024 -0.00560441799 0.5 p-1 -16543 38
109 205 m2 727257 -0.000156660666 0.5 p-1 -837772 164
256 206 m2 732004 -0.000428253232 0.5 p-1 -237433 39
27 207 m2 735632 -0.00223238836 0.5 p-1 -12896577 1426
115 208 m2 735679 -0.000664080435 0.5 p-1 -856971 283
28 210 m2 740382 -0.0227164309 0.5 p-1 -5441852 1910
257 211 m2 744043 -0.0019133247 0.5 p-1 -9854 3
194 212 m2 748265 -0.00816754997 0.5 p-1 -43471 10
29 213 m2 748618 -0.00473759091 0.5 p-1 -2781833 452
30 214 m2 750107 -0.00107977877 0.5 p-1 -2201742 1120
31 215 m2 759791 -0.000496900757 0.5 p-1 -2328005 489
239 216 m2 762762 -0.0181647819 0.5 p-1 -62900 4
170 217 m2 765626 -1.62656252e-05 0.5 p-1 -1428508 104
260 218 m2 765979 -0.000627384114 0.5 p-1 -16283 12
124 221 m2 772872 -0.0170404594 0.5 p-1 -1800282 192
89 222 m2 778292 -0.00816320814 0.5 p-1 -237154 132
138 224 m2 790316 -0.000435334427 0.5 p-1 -963845 918
32 225 m2 792446 -0.00307976943 0.5 p-1 -3642919 1208
164 226 m2 794817 -0.00529503124 0.5 p-1 -215551 33
290 227 m2 796378 -7.78286121e-05 0.5 p-1 -65186 1
218 228 m2 797506 -0.000309090712 0.5 p-1 -440130 98
99 230 m2 798708 -0.00107720715 0.5 p-1 -3091014 408
100 231 m2 799496 -0.00918782689 0.5 p-1 -4374263 1232
189 232 m2 803740 -0.00978168659 0.5 p-1 -3758530 103
252 233 m2 806539 -0.0160222743 0.5 p-1 -256817 3
165 235 m2 813330 -3.77394933e-08 0.5 p-1 -211537 127
33 236 m2 823903 -0.00445837248 0.5 p-1 -1675374 127
171 237 m2 831542 -0.00241104397 0.5 p-1 -827327 134
61 238 m2 837520 -0.0274343882 0.5 p-1 -6486641 1469
263 240 m2 840630 -0.0109181255 0.5 p-1 -31932 4
34 241 m2 841645 -7.26674261e-05 0.5 p-1 -3213178 1288
268 242 m2 845988 -0.000387060601 0.5 p-1 -37257 20
110 243 m2 846021 -1.81045809e-08 0.5 p-1 -391647 291
204 244 m2 847583 -0.00107225578 0.5 p-1 -102041 20
187 246 m2 853699 -0.000176574089 0.5 p-1 -234929 21
191 247 m2 854024 -4.43649988e-05 0.5 p-1 -3405 18
228 248 m2 854155 -0.00859897863 0.5 p-1 -343798 53
235 251 m2 856011 -0.000947779743 0.5 p-1 -69368 15
255 253 m2 858615 -0.00382782123 0.5 p-1 -56788 8
276 254 m2 864161 -0.086551927 0.5 p-1 -7904 6
301 255 m2 864193 -0.00244759 0.5 p-1 -9368 1
244 256 m2 867671 -0.00870218594 0.5 p-1 -9193941 47
216 257 m2 877265 -0.000432808243 0.5 p-1 -704123 6
78 258 m2 879102 -0.00487086317 0.5 p-1 -2698566 745
219 259 m2 879184 -0.0407457426 0.5 p-1 -112588 55
117 260 m2 884155 -0.00135928451 0.5 p-1 -1727260 313
210 261 m2 886464 -0.0707808658 0.5 p-1 -622324 73
175 262 m2 886621 -0.000280112872 0.5 p-1 -6110 14
195 263 m2 887824 -0.0290576126 0.5 p-1 -136584 53
287 264 m2 890690 -0.00197028951 0.5 p-1 -21330 11
211 266 m2 895876 -0.0220501572 0.5 p-1 -883597 42
90 267 m2 897426 -0.0200714413 0.5 p-1 -218782 87
157 268 m2 899825 -0.0186455082 0.5 p-1 -359597 245
79 269 m2 900641 -0.0567586906 0.5 p-1 -2285746 874
236 270 m2 902109 -0.00205965666 0.5 p-1 -865596 10
35 271 m2 907913 -0.00133091537 0.5 p-1 -777318 596
130 275 m2 917721 -0.0222473033 0.5 p-1 -165985 73
36 276 m2 919285 -0.00653648842 0.5 p-1 -660277 464
91 277 m2 922895 -3.18569801e-05 0.5 p-1 -995805 420
63 279 m2 927116 -0.0824819282 0.5 p-1 -1588458 338
178 280 m2 927677 -2.71250665e-05 0.5 p-1 -4920454 251
224 281 m2 941472 -0.00844884105 0.5 p-1 -321550 23
92 282 m2 960779 -0.0294002499 0.5 p-1 -1602898 140
179 283 m2 962365 -0.00229941402 0.5 p-1 -558329 198
102 284 m2 969634 -4.75663692e-05 0.5 p-1 -841246 80
151 285 m2 970921 -0.00251782732 0.5 p-1 -155875 19
64 286 m2 976321 -0.00757070538 0.5 p-1 -314110 196
139 287 m2 980846 -0.0101347361 0.5 p-1 -795705 96
93 288 m2 981164 -0.00750922598 0.5 p-1 -247126 113
38 289 m2 981352 -0.00920283515 0.5 p-1 -1943629 1942
237 291 m2 995110 -9.64383216e-05 0.5 p-1 -303163 65
302 297 m2 169316 -0.0426971018 0.5 p0 2 1
298 303 m2 857759 -0.00015741169 0.5 p0 2 3
140 308 m2 108216 -0.000276356237 0.5 p0 2 4
282 309 m2 769657 -0.000280896726 0.5 p0 2 4
277 310 m2 906961 -0.0312693156 0.5 p0 2 6
293 313 m2 150747 -0.0046556443 0.5 p0 2 1
283 322 m2 648187 -0.000837209634 0.5 p0 2 3
294 325 m2 228673 -0.00812323391 0.5 p0 2 1
258 326 m2 648494 -0.00226419 0.5 p0 2 4
284 343 m2 468706 -0.00446862215 0.5 p0 2 4
303 345 m2 498337 -0.00788801257 0.5 p0 2 1
215 346 m2 477415 -0.000169994441 0.5 p0 2 3
0 348 m1 966 0 0.5 p-1 -5620549 1913
65 349 m1 1936 0 0.5 p-1 -2488059 470
292 350 m1 7038 0 0.5 p-1 -17957 2
180 352 m1 12999 0 0.5 p-1 -73184 48
162 354 m1 48819 0 0.5 p-1 -1395944 190
80 355 m1 56854 0 0.5 p-1 -1468017 577
203 356 m1 64703 0 0.5 p-1 -24300 4
229 357 m1 67286 0 0.5 p-1 -14706 7
94 358 m1 67822 0 0.5 p-1 -503590 100
242 359 m1 72558 0 0.5 p-1 -179053 4
296 360 m1 82751 0 0.5 p-1 -10221 2
213 361 m1 87414 0 0.5 p-1 -75626 35
154 362 m1 95934 0 0.5 p-1 -86174 61
4 364 m1 124341 0 0.5 p-1 -1714179 1147
297 365 m1 133787 0 0.5 p-1 -33060 2
265 366 m1 138621 0 0.5 p-1 -257921 8
158 367 m1 139804 0 0.5 p-1 -249004 72
266 369 m1 143477 0 0.5 p-1 -93750 2
234 372 m1 169509 0 0.5 p-1 -30276 8
69 373 m1 190730 0 0.5 p-1 -291462 318
7 374 m1 196053 0 0.5 p-1 -3387696 1781
105 375 m1 197000 0 0.5 p-1 -2270150 521
217 376 m1 199844 0 0.5 p-1 -6049 2
286 377 m1 217559 0 0.5 p-1 -8755 1
95 378 m1 224036 0 0.5 p-1 -7046401 310
44 379 m1 228161 0 0.5 p-1 -7583973 1156
168 380 m1 230122 0 0.5 p-1 -250657 33
9 381 m1 247079 0 0.5 p-1 -10949917 1721
10 382 m1 262201 0 0.5 p-1 -8240516 474
225 384 m1 299385 0 0.5 p-1 -135948 88
245 385 m1 332957 0 0.5 p-1 -73508 34
227 386 m1 338594 0 0.5 p-1 -81683 30
133 387 m1 339915 0 0.5 p-1 -122217 185
13 388 m1 343237 0 0.5 p-1 -8763724 1347
249 391 m1 347582 0 0.5 p-1 -134482 35
70 392 m1 372634 0 0.5 p-1 -2936999 237
188 394 m1 385740 0 0.5 p-1 -383835 104
209 395 m1 401977 0 0.5 p-1 -305042 85
144 396 m1 410719 0 0.5 p-1 -327550 127
53 399 m1 425833 0 0.5 p-1 -2602429 276
145 400 m1 426777 0 0.5 p-1 -229258 77
146 401 m1 431831 0 0.5 p-1 -74250 9
147 403 m1 435742 0 0.5 p-1 -9724325 291
129 404 m1 436659 0 0.5 p-1 -2055817 206
54 407 m1 464308 0 0.5 p-1 -3284889 247
122 413 m1 508874 0 0.5 p-1 -947246 264
300 414 m1 532890 0 0.5 p-1 -4458 1
193 415 m1 540781 0 0.5 p-1 -3459758 61
98 417 m1 563055 0 0.5 p-1 -143420 58
156 418 m1 580344 0 0.5 p-1 -566308 261
136 419 m1 591373 0 0.5 p-1 -1205058 320
148 420 m1 596357 0 0.5 p-1 -982817 330
149 421 m1 599064 0 0.5 p-1 -524676 408
169 422 m1 599164 0 0.5 p-1 -513926 78
271 423 m1 599386 0 0.5 p-1 -11069 9
247 424 m1 603436 0 0.5 p-1 -511611 19
114 425 m1 611020 0 0.5 p-1 -221864 137
123 426 m1 618097 0 0.5 p-1 -53287 75
74 428 m1 681501 0 0.5 p-1 -699586 209
270 430 m1 704618 0 0.5 p-1 -4110 2
75 432 m1 719214 0 0.5 p-1 -1855563 753
77 434 m1 778993 0 0.5 p-1 -7733964 1205
190 439 m1 836487 0 0.5 p-1 -12481 42
223 441 m1 854390 0 0.5 p-1 -54346 32
116 442 m1 855823 0 0.5 p-1 -3707116 1014
62 444 m1 882759 0 0.5 p-1 -11117448 1491
177 445 m1 883773 0 0.5 p-1 -92290 153
101 446 m1 893419 0 0.5 p-1 -337485 153
251 447 m1 896226 0 0.5 p-1 -30813 8
220 449 m1 937379 0 0.5 p-1 -17316 15
37 450 m1 944763 0 0.5 p-1 -6555081 1660
131 451 m1 955223 0 0.5 p-1 -3397902 231
172 452 m1 958095 0 0.5 p-1 -1281634 190
183 453 m1 989172 0 0.5 p-1 -121421 99
Individuals:
