Mutations:
2 1 m2 16554 -0.00313826581 0.5 p-1 -1313535 647
3 3 m2 19847 -0.0108166905 0.5 p-1 -717724 311
4 4 m2 20730 -0.0238812771 0.5 p-1 -2271922 285
249 5 m2 26405 -0.00454898644 0.5 p-1 -32639 19
181 6 m2 33189 -4.30005429e-07 0.5 p-1 -296377 103
183 7 m2 40781 -0.00642583426 0.5 p-1 -18372 11
5 8 m2 41179 -0.00100680941 0.5 p-1 -391442 297
157 10 m2 45572 -0.0127473045 0.5 p-1 -161885 36
294 12 m2 49091 -5.66231211e-06 0.5 p-1 -1919 1
312 13 m2 53874 -0.0106307669 0.5 p-1 -1451 1
136 14 m2 60434 -0.00121575303 0.5 p-1 -184725 63
303 15 m2 63501 -4.19048229e-05 0.5 p-1 -50940 2
7 16 m2 73395 -0.00260783895 0.5 p-1 -2240757 1106
45 17 m2 73418 -0.0114805996 0.5 p-1 -2879818 706
73 20 m2 78780 -0.0197269693 0.5 p-1 -7881331 483
206 21 m2 87571 -0.00211810996 0.5 p-1 -436958 79
9 23 m2 89731 -0.00297558797 0.5 p-1 -512186 371
51 24 m2 92431 -0.00103566167 0.5 p-1 -5435484 408
248 25 m2 93462 -0.0301100034 0.5 p-1 -54958 25
46 27 m2 108493 -0.0255723726 0.5 p-1 -3581672 400
121 29 m2 110611 -0.0105602136 0.5 p-1 -527177 302
10 30 m2 112709 -0.0430609696 0.5 p-1 -3078411 491
247 32 m2 119843 -0.000746310106 0.5 p-1 -1636 11
48 33 m2 131486 -0.0358099155 0.5 p-1 -693172 99
137 34 m2 133119 -1.37915622e-05 0.5 p-1 -511751 87
11 35 m2 133407 -0.00558173098 0.5 p-1 -7397563 1585
93 36 m2 139767 -0.000111773108 0.5 p-1 -3624043 59
243 38 m2 140079 -1.23992772e-08 0.5 p-1 -743 7
217 39 m2 146452 -0.00733464165 0.5 p-1 -830936 11
52 40 m2 146548 -1.70340518e-05 0.5 p-1 -799948 295
218 41 m2 146747 -0.0112787588 0.5 p-1 -36579 2
278 42 m2 155035 -4.61927073e-07 0.5 p-1 -99726 10
148 46 m2 170759 -1.53031121e-09 0.5 p-1 -1306369 367
296 47 m2 174968 -0.020224439 0.5 p-1 -1863 5
131 49 m2 184404 -0.0124820285 0.5 p-1 -5147734 161
212 50 m2 185645 -0.00494311471 0.5 p-1 -459992 25
246 51 m2 186234 -1.32128353e-05 0.5 p-1 -136587 13
54 52 m2 192218 -0.000278888299 0.5 p-1 -3740197 929
223 53 m2 205200 -0.000226225253 0.5 p-1 -159872 25
13 54 m2 209825 -0.00638206117 0.5 p-1 -1476563 328
153 55 m2 212738 -3.24607099e-05 0.5 p-1 -886641 67
291 56 m2 214183 -0.000650374859 0.5 p-1 -8667 5
74 59 m2 221911 -0.059087906 0.5 p-1 -2153875 873
163 60 m2 223157 -0.0210617427 0.5 p-1 -404092 305
221 61 m2 232665 -0.000189518905 0.5 p-1 -121387 58
15 63 m2 267270 -0.000152234905 0.5 p-1 -3116606 941
16 64 m2 274859 -0.00287505635 0.5 p-1 -1045108 168
95 65 m2 275275 -0.000285964168 0.5 p-1 -1372769 1019
76 66 m2 279904 -0.00285008689 0.5 p-1 -4270426 676
56 67 m2 283514 -0.0375057086 0.5 p-1 -465219 439
197 68 m2 284598 -0.0453892723 0.5 p-1 -63220 47
226 69 m2 284703 -0.0023969966 0.5 p-1 -38803 10
256 70 m2 290972 -9.69056657e-08 0.5 p-1 -126779 34
144 71 m2 295560 -6.03207839e-09 0.5 p-1 -345893 33
245 72 m2 297265 -0.00262585096 0.5 p-1 -154925 20
209 74 m2 298864 -0.0116248317 0.5 p-1 -100785 47
17 75 m2 308581 -3.26737936e-05 0.5 p-1 -3526374 1833
18 76 m2 309020 -3.7939426e-06 0.5 p-1 -3808227 844
19 77 m2 316684 -0.00242034369 0.5 p-1 -223510 197
160 79 m2 321014 -0.0298515093 0.5 p-1 -1151 9
257 80 m2 326770 -5.49988499e-07 0.5 p-1 -16870 6
109 81 m2 327310 -0.054058671 0.5 p-1 -19789856 637
227 82 m2 332030 -0.000173198699 0.5 p-1 -17406 5
230 83 m2 335455 -2.13396197e-06 0.5 p-1 -25567 11
200 85 m2 344138 -7.70208717e-05 0.5 p-1 -1453 10
290 86 m2 344358 -0.00442016823 0.5 p-1 -10223 2
164 87 m2 347139 -0.0147207901 0.5 p-1 -1049591 431
253 88 m2 362138 -0.00932966452 0.5 p-1 -53472 14
174 89 m2 362593 -0.000935114687 0.5 p-1 -86989 5
21 91 m2 371952 -0.000385965395 0.5 p-1 -3037302 1797
57 93 m2 373780 -0.000516252127 0.5 p-1 -169707 183
202 94 m2 375787 -0.00656421063 0.5 p-1 -55232 30
101 95 m2 376171 -0.00595017755 0.5 p-1 -795201 151
22 96 m2 377060 -1.75139905e-06 0.5 p-1 -2716187 1097
102 97 m2 377831 -0.00334587321 0.5 p-1 -1759363 806
193 98 m2 380391 -0.00911491644 0.5 p-1 -558681 75
103 100 m2 383324 -0.00794204231 0.5 p-1 -1805465 535
58 101 m2 385248 -0.00277530216 0.5 p-1 -87156 42
231 103 m2 389525 -0.00334588834 0.5 p-1 -35850 1
222 104 m2 399535 -0.000220095084 0.5 p-1 -72945 27
24 105 m2 399771 -0.00981114805 0.5 p-1 -863716 1161
259 106 m2 403726 -0.00470152125 0.5 p-1 -8647 23
86 107 m2 407794 -0.000879035622 0.5 p-1 -471025 337
302 110 m2 416518 -0.00280939415 0.5 p-1 -179110 1
235 111 m2 419867 -0.0131861353 0.5 p-1 -55164 23
258 112 m2 422557 -0.038424816 0.5 p-1 -55909 3
111 114 m2 427072 -0.0055806688 0.5 p-1 -584180 269
59 115 m2 428755 -4.07709704e-05 0.5 p-1 -4176038 1525
301 118 m2 434137 -0.00320727611 0.5 p-1 -10630 6
122 119 m2 439668 -0.000364996318 0.5 p-1 -1942999 59
25 120 m2 441183 -0.000421424513 0.5 p-1 -1647931 1556
277 122 m2 441505 -0.015098541 0.5 p-1 -39517 4
269 124 m2 443654 -5.64147813e-05 0.5 p-1 -3342 1
88 126 m2 453893 -0.000356287987 0.5 p-1 -2984012 870
60 127 m2 456591 -0.0295293331 0.5 p-1 -815750 554
261 129 m2 461286 -0.014305965 0.5 p-1 -12137 4
236 130 m2 467207 -4.38002608e-05 0.5 p-1 -105862 15
264 135 m2 473884 -0.0128863342 0.5 p-1 -13820 7
240 136 m2 480003 -0.0134336771 0.5 p-1 -42846 1
150 137 m2 481764 -0.000607129652 0.5 p-1 -10022859 609
188 141 m2 497144 -0.004452297 0.5 p-1 -152519 52
61 146 m2 516779 -0.000158783689 0.5 p-1 -4970555 1217
26 147 m2 518080 -0.00035692635 0.5 p-1 -7823533 1623
175 148 m2 522536 -1.67541339e-06 0.5 p-1 -143627 25
27 150 m2 534973 -0.01026149 0.5 p-1 -1580339 482
112 152 m2 543431 -0.0064697261 0.5 p-1 -150654 12
123 153 m2 546286 -1.5009663e-05 0.5 p-1 -11349001 131
184 154 m2 546805 -3.58509993e-07 0.5 p-1 -69569 79
273 155 m2 547384 -3.55028824e-05 0.5 p-1 -8499 8
140 156 m2 548259 -0.0140319504 0.5 p-1 -328685 24
105 157 m2 549898 -0.000162076452 0.5 p-1 -133159 22
189 158 m2 551435 -0.000803822826 0.5 p-1 -532932 118
203 159 m2 561704 -0.0104260109 0.5 p-1 -1178978 60
62 160 m2 568493 -0.00111810374 0.5 p-1 -161830 113
165 161 m2 574120 -0.000321769359 0.5 p-1 -1453222 62
124 162 m2 576773 -0.00116277277 0.5 p-1 -717626 379
28 163 m2 583495 -0.0126133515 0.5 p-1 -4875153 834
78 164 m2 593929 -3.09516366e-07 0.5 p-1 -3146937 173
161 166 m2 597683 -0.00817408599 0.5 p-1 -2274770 147
220 167 m2 598633 -1.72276771e-06 0.5 p-1 -220674 12
125 168 m2 599241 -2.68532058e-05 0.5 p-1 -5997133 654
219 169 m2 602092 -0.00313061243 0.5 p-1 -468245 103
114 170 m2 602586 -0.00739395432 0.5 p-1 -822646 336
79 171 m2 605987 -0.00314184348 0.5 p-1 -3074296 927
149 172 m2 609232 -0.0387260206 0.5 p-1 -950634 205
30 173 m2 614579 -4.15332543e-05 0.5 p-1 -2562000 1903
106 174 m2 616974 -0.0338809565 0.5 p-1 -150358 64
295 175 m2 617493 -8.15663148e-10 0.5 p-1 -103377 6
262 176 m2 618010 -0.0206666794 0.5 p-1 -435826 8
80 177 m2 619175 -0.00998421758 0.5 p-1 -372525 276
298 178 m2 627846 -0.00035045165 0.5 p-1 -94265 5
63 179 m2 628472 -1.03559205e-06 0.5 p-1 -6568440 375
194 182 m2 631795 -0.0276766177 0.5 p-1 -425844 98
141 183 m2 641157 -0.000453850866 0.5 p-1 -1568426 87
90 184 m2 646401 -2.51133588e-06 0.5 p-1 -122357 102
170 185 m2 649687 -0.0078490125 0.5 p-1 -3542 15
31 186 m2 654643 -0.00163796591 0.5 p-1 -6667951 1228
192 188 m2 657376 -0.00918995962 0.5 p-1 -251664 116
263 189 m2 670204 -0.0286339633 0.5 p-1 -56201 18
146 191 m2 672591 -0.00748723792 0.5 p-1 -272665 79
81 193 m2 676620 -0.012213924 0.5 p-1 -5752896 894
155 194 m2 678521 -0.0191249102 0.5 p-1 -4775135 121
187 196 m2 684793 -0.00366736832 0.5 p-1 -369627 76
127 197 m2 707560 -8.42116879e-06 0.5 p-1 -709663 415
91 198 m2 707572 -0.00224570208 0.5 p-1 -848312 371
190 200 m2 708246 -0.0106704151 0.5 p-1 -223573 22
166 201 m2 720452 -0.000200828566 0.5 p-1 -368163 151
147 202 m2 723054 -1.79408325e-05 0.5 p-1 -559303 52
158 203 m2 724802 -2.8249784e-05 0.5 p-1 -180081 170
169 204 m2 725024 -0.00560441799 0.5 p-1 -16543 55
116 205 m2 727257 -0.000156660666 0.5 p-1 -837772 104
96 206 m2 732004 -0.000428253232 0.5 p-1 -237433 82
33 207 m2 735632 -0.00223238836 0.5 p-1 -12896577 1359
134 208 m2 735679 -0.000664080435 0.5 p-1 -856971 205
34 210 m2 740382 -0.0227164309 0.5 p-1 -5441852 1951
177 211 m2 744043 -0.0019133247 0.5 p-1 -9854 12
162 212 m2 748265 -0.00816754997 0.5 p-1 -43471 22
128 213 m2 748618 -0.00473759091 0.5 p-1 -2781833 296
35 214 m2 750107 -0.00107977877 0.5 p-1 -2201742 1074
64 215 m2 759791 -0.000496900757 0.5 p-1 -2328005 548
308 216 m2 762762 -0.0181647819 0.5 p-1 -62900 1
201 217 m2 765626 -1.62656252e-05 0.5 p-1 -1428508 85
242 218 m2 765979 -0.000627384114 0.5 p-1 -16283 1
152 221 m2 772872 -0.0170404594 0.5 p-1 -1800282 236
142 222 m2 778292 -0.00816320814 0.5 p-1 -237154 113
37 224 m2 790316 -0.000435334427 0.5 p-1 -963845 982
38 225 m2 792446 -0.00307976943 0.5 p-1 -3642919 1170
117 226 m2 794817 -0.00529503124 0.5 p-1 -215551 43
254 227 m2 796378 -7.78286121e-05 0.5 p-1 -65186 3
118 228 m2 797506 -0.000309090712 0.5 p-1 -440130 62
65 230 m2 798708 -0.00107720715 0.5 p-1 -3091014 383
66 231 m2 799496 -0.00918782689 0.5 p-1 -4374263 1179
159 232 m2 803740 -0.00978168659 0.5 p-1 -3758530 102
275 233 m2 806539 -0.0160222743 0.5 p-1 -256817 9
180 235 m2 813330 -3.77394933e-08 0.5 p-1 -211537 120
67 236 m2 823903 -0.00445837248 0.5 p-1 -1675374 74
224 237 m2 831542 -0.00241104397 0.5 p-1 -827327 120
68 238 m2 837520 -0.0274343882 0.5 p-1 -6486641 1308
205 240 m2 840630 -0.0109181255 0.5 p-1 -31932 29
39 241 m2 841645 -7.26674261e-05 0.5 p-1 -3213178 1329
129 243 m2 846021 -1.81045809e-08 0.5 p-1 -391647 332
311 244 m2 847583 -0.00107225578 0.5 p-1 -102041 1
280 245 m2 853617 -1.46160306e-11 0.5 p-1 -19478 7
310 246 m2 853699 -0.000176574089 0.5 p-1 -234929 1
239 247 m2 854024 -4.43649988e-05 0.5 p-1 -3405 24
195 248 m2 854155 -0.00859897863 0.5 p-1 -343798 65
267 249 m2 854688 -0.00572087429 0.5 p-1 -28359 3
232 251 m2 856011 -0.000947779743 0.5 p-1 -69368 22
268 253 m2 858615 -0.00382782123 0.5 p-1 -56788 12
244 254 m2 864161 -0.086551927 0.5 p-1 -7904 5
266 255 m2 864193 -0.00244759 0.5 p-1 -9368 4
260 256 m2 867671 -0.00870218594 0.5 p-1 -9193941 53
237 257 m2 877265 -0.000432808243 0.5 p-1 -704123 13
40 258 m2 879102 -0.00487086317 0.5 p-1 -2698566 728
196 259 m2 879184 -0.0407457426 0.5 p-1 -112588 49
82 260 m2 884155 -0.00135928451 0.5 p-1 -1727260 227
98 261 m2 886464 -0.0707808658 0.5 p-1 -622324 138
281 262 m2 886621 -0.000280112872 0.5 p-1 -6110 1
92 263 m2 887824 -0.0290576126 0.5 p-1 -136584 65
182 264 m2 890690 -0.00197028951 0.5 p-1 -21330 33
99 266 m2 895876 -0.0220501572 0.5 p-1 -883597 84
178 267 m2 897426 -0.0200714413 0.5 p-1 -218782 103
119 268 m2 899825 -0.0186455082 0.5 p-1 -359597 300
70 269 m2 900641 -0.0567586906 0.5 p-1 -2285746 952
167 270 m2 902109 -0.00205965666 0.5 p-1 -865596 24
83 271 m2 907913 -0.00133091537 0.5 p-1 -777318 505
233 275 m2 917721 -0.0222473033 0.5 p-1 -165985 37
143 276 m2 919285 -0.00653648842 0.5 p-1 -660277 514
84 277 m2 922895 -3.18569801e-05 0.5 p-1 -995805 450
42 279 m2 927116 -0.0824819282 0.5 p-1 -1588458 468
71 280 m2 927677 -2.71250665e-05 0.5 p-1 -4920454 235
272 281 m2 941472 -0.00844884105 0.5 p-1 -321550 9
191 282 m2 960779 -0.0294002499 0.5 p-1 -1602898 112
120 283 m2 962365 -0.00229941402 0.5 p-1 -558329 183
72 284 m2 969634 -4.75663692e-05 0.5 p-1 -841246 32
214 285 m2 970921 -0.00251782732 0.5 p-1 -155875 52
156 286 m2 976321 -0.00757070538 0.5 p-1 -314110 165
107 287 m2 980846 -0.0101347361 0.5 p-1 -795705 169
198 288 m2 981164 -0.00750922598 0.5 p-1 -247126 132
44 289 m2 981352 -0.00920283515 0.5 p-1 -1943629 1910
173 291 m2 995110 -9.64383216e-05 0.5 p-1 -303163 62
252 293 m2 128728 -0.01849043 0.5 p0 2 4
282 294 m2 542339 -0.0328598842 0.5 p0 2 6
288 299 m2 935310 -0.0118758399 0.5 p0 2 3
285 303 m2 857759 -0.00015741169 0.5 p0 2 6
293 308 m2 108216 -0.000276356237 0.5 p0 2 1
225 314 m2 105830 -0.00500395661 0.5 p0 2 2
292 319 m2 910534 -3.68721085e-05 0.5 p0 2 2
229 322 m2 648187 -0.000837209634 0.5 p0 2 1
279 324 m2 506613 -0.0259082075 0.5 p0 2 4
309 334 m2 337576 -0.00474627037 0.5 p0 2 2
304 336 m2 940085 -0.000833839644 0.5 p0 2 6
289 341 m2 160194 -0.000445368671 0.5 p0 2 4
274 342 m2 472255 -0.000476012356 0.5 p0 2 6
313 345 m2 498337 -0.00788801257 0.5 p0 2 1
0 348 m1 966 0 0.5 p-1 -5620549 1931
1 349 m1 1936 0 0.5 p-1 -2488059 443
199 350 m1 7038 0 0.5 p-1 -17957 14
255 351 m1 7512 0 0.5 p-1 -41041 11
108 352 m1 12999 0 0.5 p-1 -73184 41
6 354 m1 48819 0 0.5 p-1 -1395944 272
50 355 m1 56854 0 0.5 p-1 -1468017 451
241 356 m1 64703 0 0.5 p-1 -24300 4
271 357 m1 67286 0 0.5 p-1 -14706 13
168 358 m1 67822 0 0.5 p-1 -503590 128
286 359 m1 72558 0 0.5 p-1 -179053 7
8 360 m1 82751 0 0.5 p-1 -10221 17
228 361 m1 87414 0 0.5 p-1 -75626 39
215 362 m1 95934 0 0.5 p-1 -86174 14
47 364 m1 124341 0 0.5 p-1 -1714179 1092
287 365 m1 133787 0 0.5 p-1 -33060 3
138 366 m1 138621 0 0.5 p-1 -257921 83
211 367 m1 139804 0 0.5 p-1 -249004 47
85 369 m1 143477 0 0.5 p-1 -93750 25
306 371 m1 163502 0 0.5 p-1 -2882 3
49 372 m1 169509 0 0.5 p-1 -30276 12
53 373 m1 190730 0 0.5 p-1 -291462 351
12 374 m1 196053 0 0.5 p-1 -3387696 1860
139 375 m1 197000 0 0.5 p-1 -2270150 453
300 376 m1 199844 0 0.5 p-1 -6049 2
284 377 m1 217559 0 0.5 p-1 -8755 7
94 378 m1 224036 0 0.5 p-1 -7046401 324
55 379 m1 228161 0 0.5 p-1 -7583973 1097
234 380 m1 230122 0 0.5 p-1 -250657 22
14 381 m1 247079 0 0.5 p-1 -10949917 1705
75 382 m1 262201 0 0.5 p-1 -8240516 632
204 384 m1 299385 0 0.5 p-1 -135948 85
251 385 m1 332957 0 0.5 p-1 -73508 10
250 386 m1 338594 0 0.5 p-1 -81683 23
154 387 m1 339915 0 0.5 p-1 -122217 164
20 388 m1 343237 0 0.5 p-1 -8763724 1375
276 391 m1 347582 0 0.5 p-1 -134482 15
145 392 m1 372634 0 0.5 p-1 -2936999 157
207 393 m1 384398 0 0.5 p-1 -7365 1
23 394 m1 385740 0 0.5 p-1 -383835 167
186 395 m1 401977 0 0.5 p-1 -305042 71
110 396 m1 410719 0 0.5 p-1 -327550 129
179 399 m1 425833 0 0.5 p-1 -2602429 186
104 400 m1 426777 0 0.5 p-1 -229258 109
297 401 m1 431831 0 0.5 p-1 -74250 5
77 403 m1 435742 0 0.5 p-1 -9724325 394
87 404 m1 436659 0 0.5 p-1 -2055817 149
132 407 m1 464308 0 0.5 p-1 -3284889 325
299 410 m1 501443 0 0.5 p-1 -11589 3
172 413 m1 508874 0 0.5 p-1 -947246 301
133 415 m1 540781 0 0.5 p-1 -3459758 79
305 416 m1 541055 0 0.5 p-1 -7267 4
270 417 m1 563055 0 0.5 p-1 -143420 18
113 418 m1 580344 0 0.5 p-1 -566308 263
176 419 m1 591373 0 0.5 p-1 -1205058 180
89 420 m1 596357 0 0.5 p-1 -982817 291
29 421 m1 599064 0 0.5 p-1 -524676 388
151 422 m1 599164 0 0.5 p-1 -513926 131
265 423 m1 599386 0 0.5 p-1 -11069 7
213 424 m1 603436 0 0.5 p-1 -511611 21
185 425 m1 611020 0 0.5 p-1 -221864 72
115 426 m1 618097 0 0.5 p-1 -53287 58
126 428 m1 681501 0 0.5 p-1 -699586 204
32 432 m1 719214 0 0.5 p-1 -1855563 792
36 434 m1 778993 0 0.5 p-1 -7733964 1117
307 438 m1 831315 0 0.5 p-1 -39746 2
238 439 m1 836487 0 0.5 p-1 -12481 33
130 441 m1 854390 0 0.5 p-1 -54346 36
97 442 m1 855823 0 0.5 p-1 -3707116 944
41 444 m1 882759 0 0.5 p-1 -11117448 1562
69 445 m1 883773 0 0.5 p-1 -92290 94
210 446 m1 893419 0 0.5 p-1 -337485 126
216 447 m1 896226 0 0.5 p-1 -30813 10
208 448 m1 923841 0 0.5 p-1 -3694 2
283 449 m1 937379 0 0.5 p-1 -17316 24
43 450 m1 944763 0 0.5 p-1 -6555081 1735
100 451 m1 955223 0 0.5 p-1 -3397902 252
135 452 m1 958095 0 0.5 p-1 -1281634 187
171 453 m1 989172 0 0.5 p-1 -121421 69
Individuals:
