Mutations:
0 0 m2 1231 -0.00080172898 0.5 p-1 -7645466 1377
41 1 m2 3175 -0.0148668271 0.5 p-1 -1214930 1000
42 2 m2 8961 -7.37684168e-05 0.5 p-1 -1951837 1200
43 3 m2 10089 -2.4919631e-05 0.5 p-1 -4794337 999
238 4 m2 11808 -1.27802823e-05 0.5 p-1 -613610 3
1 6 m2 14084 -0.00248933421 0.5 p-1 -263978 267
2 7 m2 19688 -0.00944394246 0.5 p-1 -4600892 1779
191 8 m2 24497 -0.000130752596 0.5 p-1 -184253 30
104 10 m2 34500 -0.0241124891 0.5 p-1 -235014 134
162 12 m2 48140 -0.0047394447 0.5 p-1 -398981 125
4 14 m2 60013 -0.132834598 0.5 p-1 -1830123 181
192 15 m2 60362 -0.00320520392 0.5 p-1 -25488 16
5 16 m2 62904 -0.000243768853 0.5 p-1 -5892079 1894
108 17 m2 68667 -0.0116940103 0.5 p-1 -35721 35
156 18 m2 71912 -4.07834023e-06 0.5 p-1 -63906 20
122 19 m2 79140 -0.00460541435 0.5 p-1 -2153139 442
6 20 m2 79863 -0.00197226251 0.5 p-1 -793918 178
62 21 m2 89770 -0.00231631682 0.5 p-1 -6703037 137
63 24 m2 103434 -3.07754308e-05 0.5 p-1 -5212896 383
7 27 m2 116362 -0.0755829588 0.5 p-1 -1648693 742
8 28 m2 118289 -0.00385948573 0.5 p-1 -4115779 992
229 29 m2 119316 -0.000200187293 0.5 p-1 -24577 7
159 33 m2 154373 -0.00249115587 0.5 p-1 -3517 14
207 35 m2 158712 -0.0031094139 0.5 p-1 -1737 4
94 36 m2 160869 -0.00572789786 0.5 p-1 -84204 23
88 39 m2 176281 -0.00240853522 0.5 p-1 -2039494 660
248 40 m2 184367 -0.00845448021 0.5 p-1 -238403 2
77 41 m2 188615 -0.013154177 0.5 p-1 -314722 169
214 42 m2 207142 -0.000537022832 0.5 p-1 -29624 10
157 43 m2 213671 -0.00488863653 0.5 p-1 -132681 35
215 44 m2 214776 -0.00444340101 0.5 p-1 -985 8
123 46 m2 216559 -0.00452958466 0.5 p-1 -73680 46
249 49 m2 229301 -0.000128364598 0.5 p-1 -61065 1
160 51 m2 251557 -0.00892417133 0.5 p-1 -1087270 209
89 52 m2 251725 -0.00664976332 0.5 p-1 -4705947 841
168 55 m2 262163 -0.0064827092 0.5 p-1 -19464 7
64 56 m2 262521 -1.11346199e-09 0.5 p-1 -707143 267
143 59 m2 267651 -0.0162247028 0.5 p-1 -352555 58
116 61 m2 276516 -0.00622100616 0.5 p-1 -236841 36
44 63 m2 279766 -0.000441381766 0.5 p-1 -775010 726
147 64 m2 292709 -0.00147994992 0.5 p-1 -2419734 56
10 66 m2 298727 -0.00208796421 0.5 p-1 -670846 136
11 67 m2 301747 -0.00294766156 0.5 p-1 -2700600 1503
144 68 m2 302879 -0.000287182571 0.5 p-1 -80104 165
189 69 m2 305043 -0.00801861659 0.5 p-1 -289741 32
210 71 m2 314691 -0.000269928656 0.5 p-1 -48272 10
45 72 m2 315503 -0.000693023379 0.5 p-1 -4444904 402
65 73 m2 316176 -0.00198813621 0.5 p-1 -954116 221
90 74 m2 316906 -1.74336346e-05 0.5 p-1 -1033517 257
12 75 m2 317166 -0.00101102761 0.5 p-1 -4385029 1312
110 76 m2 317366 -0.0155752646 0.5 p-1 -588191 138
91 78 m2 323333 -0.000133807014 0.5 p-1 -228177 67
161 79 m2 324055 -0.0258740243 0.5 p-1 -98144 7
125 80 m2 325745 -0.000327431335 0.5 p-1 -296458 15
66 81 m2 331445 -0.00947157759 0.5 p-1 -1271778 497
96 82 m2 331810 -1.41491082e-05 0.5 p-1 -7618 2
148 84 m2 335142 -0.000756009656 0.5 p-1 -279581 23
67 85 m2 339122 -0.00112968031 0.5 p-1 -708600 538
199 86 m2 340689 -1.40473694e-05 0.5 p-1 -17599 40
117 87 m2 343196 -0.00255585299 0.5 p-1 -191277 66
235 88 m2 344144 -0.00128823158 0.5 p-1 -23647 9
118 89 m2 346140 -0.00029374435 0.5 p-1 -344953 247
15 90 m2 353029 -0.0208291709 0.5 p-1 -2989572 1959
181 92 m2 358283 -0.00041189816 0.5 p-1 -12225 18
170 93 m2 361375 -0.00745160319 0.5 p-1 -268271 91
47 94 m2 363965 -0.00113458862 0.5 p-1 -5127309 36
233 96 m2 371880 -0.0012454621 0.5 p-1 -37218 10
16 97 m2 380015 -0.000712774927 0.5 p-1 -560686 332
81 98 m2 382997 -0.00743887294 0.5 p-1 -5327129 473
198 99 m2 389870 -0.0115532726 0.5 p-1 -140935 26
17 100 m2 392734 -6.70690497e-05 0.5 p-1 -3120220 293
111 102 m2 398468 -0.00267570745 0.5 p-1 -3315971 442
231 103 m2 403454 -0.00532808155 0.5 p-1 -37104 13
131 104 m2 403780 -6.36830737e-05 0.5 p-1 -30759 28
167 105 m2 408748 -0.0134795206 0.5 p-1 -524905 238
169 108 m2 410981 -0.00362602295 0.5 p-1 -305254 60
19 109 m2 418279 -2.34172276e-07 0.5 p-1 -2145648 1060
136 110 m2 420774 -6.58647477e-05 0.5 p-1 -222182 254
257 111 m2 422701 -0.00286685419 0.5 p-1 -10120 1
145 112 m2 425137 -1.67564838e-06 0.5 p-1 -1045169 122
139 114 m2 428205 -0.000630817143 0.5 p-1 -1375 19
20 115 m2 435577 -0.0109603042 0.5 p-1 -8274047 1999
97 116 m2 443441 -0.00133170863 0.5 p-1 -1145925 415
185 117 m2 453609 -0.0101756779 0.5 p-1 -25205 14
70 118 m2 459911 -0.00120039377 0.5 p-1 -2910997 1088
179 121 m2 469087 -0.00658264803 0.5 p-1 -111617 16
216 122 m2 469391 -0.0253741685 0.5 p-1 -16274 28
242 123 m2 469787 -0.014729741 0.5 p-1 -38068 5
98 125 m2 470430 -0.000782476156 0.5 p-1 -389120 134
21 126 m2 476509 -0.0372714512 0.5 p-1 -4228614 1125
22 127 m2 484732 -0.121992543 0.5 p-1 -461403 315
23 129 m2 485511 -0.0229887161 0.5 p-1 -3431673 1973
173 130 m2 487768 -0.00994762033 0.5 p-1 -217951 186
78 131 m2 495006 -0.00936124846 0.5 p-1 -165162 63
154 132 m2 498509 -0.0233227462 0.5 p-1 -3029 20
150 134 m2 510649 -0.00606248155 0.5 p-1 -10567 14
24 136 m2 521143 -0.0420481339 0.5 p-1 -4361471 449
211 137 m2 522624 -0.0811717361 0.5 p-1 -34898 15
25 138 m2 523844 -0.00100599614 0.5 p-1 -2708401 1535
26 139 m2 523901 -4.40707436e-06 0.5 p-1 -1201152 1227
92 140 m2 527159 -0.00126458553 0.5 p-1 -27407 43
234 141 m2 534084 -0.000564648537 0.5 p-1 -23820 24
171 142 m2 536768 -0.0137637947 0.5 p-1 -488210 37
195 144 m2 551086 -5.94153535e-05 0.5 p-1 -107066 8
113 147 m2 568007 -0.00943254493 0.5 p-1 -227305 50
83 148 m2 570078 -0.00617748452 0.5 p-1 -1000334 288
50 150 m2 577675 -0.00632537249 0.5 p-1 -7293467 415
176 151 m2 578807 -0.0605977699 0.5 p-1 -3599794 45
243 152 m2 585047 -0.00033918058 0.5 p-1 -17351 4
71 153 m2 590599 -0.00253749778 0.5 p-1 -18389 34
72 154 m2 594034 -0.0272596721 0.5 p-1 -5790507 1128
28 155 m2 594308 -0.0174575318 0.5 p-1 -1771925 924
182 156 m2 598152 -0.00111067109 0.5 p-1 -32966 22
146 157 m2 602177 -0.0202868786 0.5 p-1 -294624 239
204 158 m2 605448 -0.0518630035 0.5 p-1 -17311 21
114 159 m2 608072 -0.00410630461 0.5 p-1 -126922 12
183 160 m2 610681 -0.00116612553 0.5 p-1 -705900 31
51 163 m2 629399 -0.000889164919 0.5 p-1 -5560897 553
253 165 m2 632618 -0.000803245697 0.5 p-1 -2428 1
187 168 m2 638688 -0.00064148003 0.5 p-1 -64159 72
246 169 m2 639663 -0.000166122234 0.5 p-1 -194989 3
29 170 m2 647860 -0.00135216571 0.5 p-1 -5409471 1868
245 171 m2 648197 -0.0131080169 0.5 p-1 -4880 2
201 173 m2 649855 -4.28618796e-06 0.5 p-1 -101374 22
106 174 m2 651760 -0.00224380218 0.5 p-1 -2416069 120
30 175 m2 653201 -0.0334673673 0.5 p-1 -3914361 977
52 176 m2 668144 -0.0116785169 0.5 p-1 -1551525 940
190 179 m2 679145 -1.47776857e-08 0.5 p-1 -23393 13
31 180 m2 681439 -0.00615669927 0.5 p-1 -1828518 1999
84 181 m2 683186 -4.01723355e-06 0.5 p-1 -5976789 155
115 182 m2 685652 -0.000282613066 0.5 p-1 -732976 142
129 183 m2 689325 -3.94434646e-05 0.5 p-1 -899619 198
141 184 m2 694315 -0.012321867 0.5 p-1 -45326 14
101 185 m2 703694 -0.0229058284 0.5 p-1 -817230 352
32 186 m2 704651 -0.00048502846 0.5 p-1 -2505901 507
54 187 m2 707851 -0.00486115366 0.5 p-1 -1904329 434
218 188 m2 710107 -0.0119945975 0.5 p-1 -4029 6
206 189 m2 712137 -0.00834114105 0.5 p-1 -199915 9
226 190 m2 712250 -0.00593736069 0.5 p-1 -28776 23
130 191 m2 718437 -0.00159772276 0.5 p-1 -151636 50
133 192 m2 718644 -0.000761255214 0.5 p-1 -195314 142
55 194 m2 751107 -0.00866438169 0.5 p-1 -345843 241
102 195 m2 752782 -0.00130927493 0.5 p-1 -303359 248
120 197 m2 759881 -0.00914826337 0.5 p-1 -413700 115
137 199 m2 773199 -0.0220429935 0.5 p-1 -957400 110
151 200 m2 773498 -0.0138456021 0.5 p-1 -289513 244
33 201 m2 785428 -0.000780942675 0.5 p-1 -1842829 1122
127 203 m2 788296 -0.000188388818 0.5 p-1 -995901 129
128 204 m2 788822 -0.00121564791 0.5 p-1 -208023 60
164 205 m2 789295 -0.0126096345 0.5 p-1 -221755 106
155 206 m2 792020 -0.00748058083 0.5 p-1 -50815 69
34 207 m2 798158 -0.0145086236 0.5 p-1 -11463924 300
35 208 m2 799415 -0.000773972948 0.5 p-1 -2498066 1335
237 209 m2 801281 -0.000798758119 0.5 p-1 -50764 5
79 210 m2 801928 -0.00214487803 0.5 p-1 -1409166 264
57 212 m2 808490 -1.5967079e-07 0.5 p-1 -1824368 589
73 213 m2 809817 -0.0083765192 0.5 p-1 -807089 170
58 214 m2 810926 -0.00780294742 0.5 p-1 -1452237 276
180 215 m2 810975 -2.93583253e-05 0.5 p-1 -61089 57
74 218 m2 815885 -0.0291205272 0.5 p-1 -9698714 1110
85 221 m2 824595 -0.000272970821 0.5 p-1 -1082739 988
223 223 m2 841944 -0.00163522421 0.5 p-1 -2355 4
36 224 m2 850814 -0.0256395899 0.5 p-1 -1305357 1366
174 225 m2 854990 -0.00183345063 0.5 p-1 -33878 22
227 226 m2 861350 -0.00317994924 0.5 p-1 -174937 29
138 227 m2 870091 -0.000725123915 0.5 p-1 -307834 52
75 229 m2 887736 -7.64440992e-05 0.5 p-1 -5576 24
37 231 m2 896357 -0.0239208341 0.5 p-1 -1938196 371
59 233 m2 902849 -1.47731407e-06 0.5 p-1 -2105904 1098
202 234 m2 908467 -0.0673262551 0.5 p-1 -144834 21
38 238 m2 918893 -8.08182358e-06 0.5 p-1 -3955777 710
177 242 m2 932234 -2.35157017e-06 0.5 p-1 -63198 18
39 244 m2 941069 -0.00761090824 0.5 p-1 -1845652 236
236 245 m2 947828 -0.0455232635 0.5 p-1 -17709 3
196 246 m2 950619 -0.00319999177 0.5 p-1 -16802 25
175 247 m2 953249 -1.62115384e-06 0.5 p-1 -25763 29
209 248 m2 957412 -0.0028325317 0.5 p-1 -39671 11
76 249 m2 958602 -0.000479366397 0.5 p-1 -137971 283
193 250 m2 961558 -0.0281888731 0.5 p-1 -15033 1
197 251 m2 965484 -0.00159551541 0.5 p-1 -737659 35
40 253 m2 971463 -0.000734146044 0.5 p-1 -78719 67
87 254 m2 975580 -3.58453963e-06 0.5 p-1 -208714 94
203 255 m2 987025 -0.0407646745 0.5 p-1 -212065 21
121 256 m2 987260 -0.00225311029 0.5 p-1 -124545 84
213 257 m2 994287 -0.000821921567 0.5 p-1 -13364 6
152 259 m2 328978 -0.0202935971 0.5 p0 2 7
217 269 m2 655542 -0.000470969157 0.5 p0 2 2
256 270 m2 383125 -6.44937827e-05 0.5 p0 2 1
228 277 m2 6669 -0.00195120112 0.5 p0 2 3
194 279 m2 481984 -0.0256004296 0.5 p0 2 2
219 290 m2 576656 -0.0359075516 0.5 p0 2 9
255 292 m2 69472 -0.00752434367 0.5 p0 2 1
232 294 m2 341964 -0.000124308397 0.5 p0 2 6
230 296 m2 925752 -5.34768842e-05 0.5 p0 2 2
103 299 m2 892669 -0.0205632709 0.5 p0 2 4
105 302 m2 293203 -7.93698916e-07 0.5 p0 2 7
252 303 m2 379807 -3.81253049e-05 0.5 p0 2 1
244 306 m2 424135 -0.00100769615 0.5 p0 2 2
240 308 m2 289788 -0.00843631569 0.5 p0 2 1
107 312 m1 632 0 0.5 p-1 -3558721 585
3 316 m1 21084 0 0.5 p-1 -10098016 1948
247 318 m1 97612 0 0.5 p-1 -65794 2
220 319 m1 111569 0 0.5 p-1 -32084 12
135 322 m1 137396 0 0.5 p-1 -257323 100
172 326 m1 200629 0 0.5 p-1 -322 24
9 327 m1 218281 0 0.5 p-1 -4692176 1682
109 328 m1 222540 0 0.5 p-1 -714297 43
124 329 m1 229906 0 0.5 p-1 -4359635 194
95 330 m1 230467 0 0.5 p-1 -1739072 736
188 331 m1 242369 0 0.5 p-1 -662 2
208 332 m1 253785 0 0.5 p-1 -148129 4
224 333 m1 272740 0 0.5 p-1 -618 1
13 336 m1 337284 0 0.5 p-1 -2489836 891
46 337 m1 348392 0 0.5 p-1 -230505 231
14 338 m1 351916 0 0.5 p-1 -1546318 597
166 339 m1 360936 0 0.5 p-1 -35271 42
158 340 m1 362671 0 0.5 p-1 -498809 121
205 341 m1 384295 0 0.5 p-1 -15836 12
149 342 m1 391918 0 0.5 p-1 -172584 65
18 343 m1 402253 0 0.5 p-1 -14414488 1177
119 345 m1 432730 0 0.5 p-1 -574110 381
112 346 m1 452140 0 0.5 p-1 -3673662 41
68 347 m1 455823 0 0.5 p-1 -1999114 371
69 348 m1 459694 0 0.5 p-1 -1462404 542
186 349 m1 460088 0 0.5 p-1 -15255 8
82 350 m1 460737 0 0.5 p-1 -316849 357
48 351 m1 462595 0 0.5 p-1 -3625836 1454
132 355 m1 494651 0 0.5 p-1 -905758 118
251 357 m1 517187 0 0.5 p-1 -32413 1
27 358 m1 526437 0 0.5 p-1 -10080710 782
163 361 m1 547791 0 0.5 p-1 -24100 41
49 362 m1 553456 0 0.5 p-1 -1404416 424
134 363 m1 575321 0 0.5 p-1 -48837 55
200 364 m1 588128 0 0.5 p-1 -102655 20
99 365 m1 591069 0 0.5 p-1 -1227909 309
222 366 m1 594548 0 0.5 p-1 -49584 11
239 367 m1 608059 0 0.5 p-1 -30599 5
184 369 m1 624720 0 0.5 p-1 -69472 47
100 372 m1 647948 0 0.5 p-1 -3335238 325
53 373 m1 690100 0 0.5 p-1 -3988591 198
225 374 m1 704594 0 0.5 p-1 -269447 19
126 376 m1 745377 0 0.5 p-1 -2006200 171
56 377 m1 782496 0 0.5 p-1 -521223 188
165 379 m1 802376 0 0.5 p-1 -105768 19
93 380 m1 808927 0 0.5 p-1 -155526 53
178 381 m1 813261 0 0.5 p-1 -28666 26
153 383 m1 849537 0 0.5 p-1 -95569 13
80 384 m1 851205 0 0.5 p-1 -216786 13
212 386 m1 854562 0 0.5 p-1 -57890 9
86 388 m1 889132 0 0.5 p-1 -2518753 816
60 389 m1 919912 0 0.5 p-1 -1365202 518
61 390 m1 921996 0 0.5 p-1 -973328 685
142 392 m1 941261 0 0.5 p-1 -736858 35
241 393 m1 941626 0 0.5 p-1 -115109 3
140 394 m1 943045 0 0.5 p-1 -212978 14
221 395 m1 958447 0 0.5 p-1 -59315 15
250 396 m1 976001 0 0.5 p-1 -89773 1
254 397 m1 978124 0 0.5 p-1 -656 2
Individuals:
