Mutations:
0 0 m2 1231 -0.00080172898 0.5 p-1 -7645466 1452
1 1 m2 3175 -0.0148668271 0.5 p-1 -1214930 968
2 2 m2 8961 -7.37684168e-05 0.5 p-1 -1951837 1187
3 3 m2 10089 -2.4919631e-05 0.5 p-1 -4794337 982
208 4 m2 11808 -1.27802823e-05 0.5 p-1 -613610 21
82 6 m2 14084 -0.00248933421 0.5 p-1 -263978 284
4 7 m2 19688 -0.00944394246 0.5 p-1 -4600892 1842
237 8 m2 24497 -0.000130752596 0.5 p-1 -184253 12
295 9 m2 25267 -0.0188488718 0.5 p-1 -7639 2
93 10 m2 34500 -0.0241124891 0.5 p-1 -235014 164
128 12 m2 48140 -0.0047394447 0.5 p-1 -398981 86
83 14 m2 60013 -0.132834598 0.5 p-1 -1830123 230
223 15 m2 60362 -0.00320520392 0.5 p-1 -25488 12
6 16 m2 62904 -0.000243768853 0.5 p-1 -5892079 1913
154 17 m2 68667 -0.0116940103 0.5 p-1 -35721 60
199 18 m2 71912 -4.07834023e-06 0.5 p-1 -63906 15
113 19 m2 79140 -0.00460541435 0.5 p-1 -2153139 417
84 20 m2 79863 -0.00197226251 0.5 p-1 -793918 250
120 21 m2 89770 -0.00231631682 0.5 p-1 -6703037 128
54 24 m2 103434 -3.07754308e-05 0.5 p-1 -5212896 301
289 26 m2 112476 -1.87674541e-05 0.5 p-1 -8277929 2
7 27 m2 116362 -0.0755829588 0.5 p-1 -1648693 762
8 28 m2 118289 -0.00385948573 0.5 p-1 -4115779 911
194 29 m2 119316 -0.000200187293 0.5 p-1 -24577 14
190 31 m2 134912 -0.00161913899 0.5 p-1 -2105 1
235 32 m2 138896 -0.0317417979 0.5 p-1 -138221 5
246 33 m2 154373 -0.00249115587 0.5 p-1 -3517 4
129 36 m2 160869 -0.00572789786 0.5 p-1 -84204 30
254 37 m2 165958 -0.0404112116 0.5 p-1 -5857 3
9 39 m2 176281 -0.00240853522 0.5 p-1 -2039494 665
178 40 m2 184367 -0.00845448021 0.5 p-1 -238403 12
95 41 m2 188615 -0.013154177 0.5 p-1 -314722 314
55 42 m2 207142 -0.000537022832 0.5 p-1 -29624 9
180 43 m2 213671 -0.00488863653 0.5 p-1 -132681 46
230 44 m2 214776 -0.00444340101 0.5 p-1 -985 3
187 45 m2 214928 -0.00155167736 0.5 p-1 -29125 5
156 46 m2 216559 -0.00452958466 0.5 p-1 -73680 24
221 48 m2 225088 -0.0640553012 0.5 p-1 -115 2
181 49 m2 229301 -0.000128364598 0.5 p-1 -61065 8
11 51 m2 251557 -0.00892417133 0.5 p-1 -1087270 173
12 52 m2 251725 -0.00664976332 0.5 p-1 -4705947 826
232 55 m2 262163 -0.0064827092 0.5 p-1 -19464 18
150 56 m2 262521 -1.11346199e-09 0.5 p-1 -707143 314
143 59 m2 267651 -0.0162247028 0.5 p-1 -352555 77
13 61 m2 276516 -0.00622100616 0.5 p-1 -236841 30
251 62 m2 276991 -0.00436046999 0.5 p-1 -10008 2
72 63 m2 279766 -0.000441381766 0.5 p-1 -775010 603
137 64 m2 292709 -0.00147994992 0.5 p-1 -2419734 61
252 65 m2 297547 -0.000335963123 0.5 p-1 -13690 2
39 66 m2 298727 -0.00208796421 0.5 p-1 -670846 157
14 67 m2 301747 -0.00294766156 0.5 p-1 -2700600 1524
125 68 m2 302879 -0.000287182571 0.5 p-1 -80104 143
184 69 m2 305043 -0.00801861659 0.5 p-1 -289741 50
168 71 m2 314691 -0.000269928656 0.5 p-1 -48272 17
57 72 m2 315503 -0.000693023379 0.5 p-1 -4444904 284
40 73 m2 316176 -0.00198813621 0.5 p-1 -954116 317
94 74 m2 316906 -1.74336346e-05 0.5 p-1 -1033517 180
15 75 m2 317166 -0.00101102761 0.5 p-1 -4385029 1455
58 76 m2 317366 -0.0155752646 0.5 p-1 -588191 97
227 77 m2 318466 -0.000144946142 0.5 p-1 -4199 7
172 78 m2 323333 -0.000133807014 0.5 p-1 -228177 36
207 79 m2 324055 -0.0258740243 0.5 p-1 -98144 13
192 80 m2 325745 -0.000327431335 0.5 p-1 -296458 18
59 81 m2 331445 -0.00947157759 0.5 p-1 -1271778 505
269 82 m2 331810 -1.41491082e-05 0.5 p-1 -7618 3
193 84 m2 335142 -0.000756009656 0.5 p-1 -279581 11
116 85 m2 339122 -0.00112968031 0.5 p-1 -708600 432
165 86 m2 340689 -1.40473694e-05 0.5 p-1 -17599 16
185 87 m2 343196 -0.00255585299 0.5 p-1 -191277 56
100 88 m2 344144 -0.00128823158 0.5 p-1 -23647 11
101 89 m2 346140 -0.00029374435 0.5 p-1 -344953 218
16 90 m2 353029 -0.0208291709 0.5 p-1 -2989572 1962
210 92 m2 358283 -0.00041189816 0.5 p-1 -12225 10
102 93 m2 361375 -0.00745160319 0.5 p-1 -268271 126
114 94 m2 363965 -0.00113458862 0.5 p-1 -5127309 13
147 95 m2 364124 -0.0196263809 0.5 p-1 -34325 6
169 96 m2 371880 -0.0012454621 0.5 p-1 -37218 7
73 97 m2 380015 -0.000712774927 0.5 p-1 -560686 352
17 98 m2 382997 -0.00743887294 0.5 p-1 -5327129 435
157 99 m2 389870 -0.0115532726 0.5 p-1 -140935 41
121 100 m2 392734 -6.70690497e-05 0.5 p-1 -3120220 296
42 102 m2 398468 -0.00267570745 0.5 p-1 -3315971 441
197 103 m2 403454 -0.00532808155 0.5 p-1 -37104 5
167 104 m2 403780 -6.36830737e-05 0.5 p-1 -30759 13
62 105 m2 408748 -0.0134795206 0.5 p-1 -524905 245
160 108 m2 410981 -0.00362602295 0.5 p-1 -305254 54
19 109 m2 418279 -2.34172276e-07 0.5 p-1 -2145648 999
43 110 m2 420774 -6.58647477e-05 0.5 p-1 -222182 256
188 111 m2 422701 -0.00286685419 0.5 p-1 -10120 11
151 112 m2 425137 -1.67564838e-06 0.5 p-1 -1045169 128
275 113 m2 427793 -0.0471000448 0.5 p-1 -7558 2
130 114 m2 428205 -0.000630817143 0.5 p-1 -1375 6
20 115 m2 435577 -0.0109603042 0.5 p-1 -8274047 1991
21 116 m2 443441 -0.00133170863 0.5 p-1 -1145925 365
145 117 m2 453609 -0.0101756779 0.5 p-1 -25205 34
22 118 m2 459911 -0.00120039377 0.5 p-1 -2910997 1048
148 121 m2 469087 -0.00658264803 0.5 p-1 -111617 19
179 122 m2 469391 -0.0253741685 0.5 p-1 -16274 21
225 123 m2 469787 -0.014729741 0.5 p-1 -38068 12
272 124 m2 470271 -0.0132572558 0.5 p-1 -1271 2
141 125 m2 470430 -0.000782476156 0.5 p-1 -389120 81
23 126 m2 476509 -0.0372714512 0.5 p-1 -4228614 1080
46 127 m2 484732 -0.121992543 0.5 p-1 -461403 370
270 128 m2 485489 -0.00488575594 0.5 p-1 -9603 2
24 129 m2 485511 -0.0229887161 0.5 p-1 -3431673 1959
47 130 m2 487768 -0.00994762033 0.5 p-1 -217951 186
161 131 m2 495006 -0.00936124846 0.5 p-1 -165162 64
158 134 m2 510649 -0.00606248155 0.5 p-1 -10567 5
48 136 m2 521143 -0.0420481339 0.5 p-1 -4361471 439
205 137 m2 522624 -0.0811717361 0.5 p-1 -34898 8
85 138 m2 523844 -0.00100599614 0.5 p-1 -2708401 1377
86 139 m2 523901 -4.40707436e-06 0.5 p-1 -1201152 1072
233 140 m2 527159 -0.00126458553 0.5 p-1 -27407 7
195 141 m2 534084 -0.000564648537 0.5 p-1 -23820 30
96 142 m2 536768 -0.0137637947 0.5 p-1 -488210 35
239 144 m2 551086 -5.94153535e-05 0.5 p-1 -107066 18
89 147 m2 568007 -0.00943254493 0.5 p-1 -227305 88
25 148 m2 570078 -0.00617748452 0.5 p-1 -1000334 277
49 150 m2 577675 -0.00632537249 0.5 p-1 -7293467 366
111 151 m2 578807 -0.0605977699 0.5 p-1 -3599794 38
118 152 m2 585047 -0.00033918058 0.5 p-1 -17351 4
222 153 m2 590599 -0.00253749778 0.5 p-1 -18389 15
64 154 m2 594034 -0.0272596721 0.5 p-1 -5790507 1224
65 155 m2 594308 -0.0174575318 0.5 p-1 -1771925 1032
276 156 m2 598152 -0.00111067109 0.5 p-1 -32966 3
108 157 m2 602177 -0.0202868786 0.5 p-1 -294624 275
257 158 m2 605448 -0.0518630035 0.5 p-1 -17311 11
242 159 m2 608072 -0.00410630461 0.5 p-1 -126922 9
206 160 m2 610681 -0.00116612553 0.5 p-1 -705900 35
218 162 m2 624661 -0.0156570021 0.5 p-1 -9433 3
66 163 m2 629399 -0.000889164919 0.5 p-1 -5560897 517
224 165 m2 632618 -0.000803245697 0.5 p-1 -2428 1
204 166 m2 633209 -0.00919276942 0.5 p-1 -318540 15
26 168 m2 638688 -0.00064148003 0.5 p-1 -64159 115
278 169 m2 639663 -0.000166122234 0.5 p-1 -194989 3
27 170 m2 647860 -0.00135216571 0.5 p-1 -5409471 1847
268 171 m2 648197 -0.0131080169 0.5 p-1 -4880 2
112 172 m2 648617 -8.28960474e-05 0.5 p-1 -47 1
131 173 m2 649855 -4.28618796e-06 0.5 p-1 -101374 21
28 174 m2 651760 -0.00224380218 0.5 p-1 -2416069 178
29 175 m2 653201 -0.0334673673 0.5 p-1 -3914361 905
30 176 m2 668144 -0.0116785169 0.5 p-1 -1551525 882
255 178 m2 676387 -0.00400361745 0.5 p-1 -22144 2
243 179 m2 679145 -1.47776857e-08 0.5 p-1 -23393 9
119 181 m2 683186 -4.01723355e-06 0.5 p-1 -5976789 173
78 182 m2 685652 -0.000282613066 0.5 p-1 -732976 98
50 183 m2 689325 -3.94434646e-05 0.5 p-1 -899619 172
162 184 m2 694315 -0.012321867 0.5 p-1 -45326 36
122 185 m2 703694 -0.0229058284 0.5 p-1 -817230 397
31 186 m2 704651 -0.00048502846 0.5 p-1 -2505901 535
67 187 m2 707851 -0.00486115366 0.5 p-1 -1904329 449
308 188 m2 710107 -0.0119945975 0.5 p-1 -4029 1
241 189 m2 712137 -0.00834114105 0.5 p-1 -199915 6
213 190 m2 712250 -0.00593736069 0.5 p-1 -28776 15
90 191 m2 718437 -0.00159772276 0.5 p-1 -151636 84
104 192 m2 718644 -0.000761255214 0.5 p-1 -195314 151
88 194 m2 751107 -0.00866438169 0.5 p-1 -345843 172
32 195 m2 752782 -0.00130927493 0.5 p-1 -303359 220
91 197 m2 759881 -0.00914826337 0.5 p-1 -413700 129
146 199 m2 773199 -0.0220429935 0.5 p-1 -957400 168
33 200 m2 773498 -0.0138456021 0.5 p-1 -289513 273
34 201 m2 785428 -0.000780942675 0.5 p-1 -1842829 1112
175 203 m2 788296 -0.000188388818 0.5 p-1 -995901 134
176 204 m2 788822 -0.00121564791 0.5 p-1 -208023 93
171 205 m2 789295 -0.0126096345 0.5 p-1 -221755 82
186 206 m2 792020 -0.00748058083 0.5 p-1 -50815 32
115 207 m2 798158 -0.0145086236 0.5 p-1 -11463924 300
35 208 m2 799415 -0.000773972948 0.5 p-1 -2498066 1306
215 209 m2 801281 -0.000798758119 0.5 p-1 -50764 16
106 210 m2 801928 -0.00214487803 0.5 p-1 -1409166 333
79 212 m2 808490 -1.5967079e-07 0.5 p-1 -1824368 481
98 213 m2 809817 -0.0083765192 0.5 p-1 -807089 183
109 214 m2 810926 -0.00780294742 0.5 p-1 -1452237 366
135 215 m2 810975 -2.93583253e-05 0.5 p-1 -61089 91
245 217 m2 815206 -0.0153097259 0.5 p-1 -7915 5
36 218 m2 815885 -0.0291205272 0.5 p-1 -9698714 1146
304 220 m2 820807 -0.0381030776 0.5 p-1 -9922 1
69 221 m2 824595 -0.000272970821 0.5 p-1 -1082739 898
302 222 m2 839074 -0.00900359638 0.5 p-1 -10511 2
281 223 m2 841944 -0.00163522421 0.5 p-1 -2355 1
70 224 m2 850814 -0.0256395899 0.5 p-1 -1305357 1306
189 225 m2 854990 -0.00183345063 0.5 p-1 -33878 15
177 226 m2 861350 -0.00317994924 0.5 p-1 -174937 30
170 227 m2 870091 -0.000725123915 0.5 p-1 -307834 25
261 228 m2 878630 -1.07939322e-05 0.5 p-1 -38603 4
217 229 m2 887736 -7.64440992e-05 0.5 p-1 -5576 6
279 230 m2 895705 -0.0018519311 0.5 p-1 -9603 1
107 231 m2 896357 -0.0239208341 0.5 p-1 -1938196 400
260 232 m2 898981 -0.0275425259 0.5 p-1 -27889 4
52 233 m2 902849 -1.47731407e-06 0.5 p-1 -2105904 1106
136 234 m2 908467 -0.0673262551 0.5 p-1 -144834 41
296 237 m2 915536 -0.0010019138 0.5 p-1 -9320 1
80 238 m2 918893 -8.08182358e-06 0.5 p-1 -3955777 753
286 240 m2 923343 -0.00456575071 0.5 p-1 -397 3
127 242 m2 932234 -2.35157017e-06 0.5 p-1 -63198 27
283 243 m2 935282 -0.0325468592 0.5 p-1 -7375 1
81 244 m2 941069 -0.00761090824 0.5 p-1 -1845652 268
271 245 m2 947828 -0.0455232635 0.5 p-1 -17709 6
262 246 m2 950619 -0.00319999177 0.5 p-1 -16802 7
248 247 m2 953249 -1.62115384e-06 0.5 p-1 -25763 12
299 248 m2 957412 -0.0028325317 0.5 p-1 -39671 3
53 249 m2 958602 -0.000479366397 0.5 p-1 -137971 182
293 250 m2 961558 -0.0281888731 0.5 p-1 -15033 2
132 251 m2 965484 -0.00159551541 0.5 p-1 -737659 44
183 253 m2 971463 -0.000734146044 0.5 p-1 -78719 47
138 254 m2 975580 -3.58453963e-06 0.5 p-1 -208714 65
182 255 m2 987025 -0.0407646745 0.5 p-1 -212065 25
173 256 m2 987260 -0.00225311029 0.5 p-1 -124545 68
209 257 m2 994287 -0.000821921567 0.5 p-1 -13364 12
298 259 m2 328978 -0.0202935971 0.5 p0 2 2
263 260 m2 313203 -0.000421840523 0.5 p0 2 1
200 261 m2 460866 -0.000178388858 0.5 p0 2 2
301 263 m2 218287 -0.000996529474 0.5 p0 2 1
265 264 m2 300724 -6.80028779e-06 0.5 p0 2 2
244 265 m2 740040 -0.0183521844 0.5 p0 2 1
285 266 m2 360039 -0.00262433919 0.5 p0 2 2
238 267 m2 56749 -0.000387499982 0.5 p0 2 1
219 268 m2 945635 -0.00411916059 0.5 p0 2 1
259 271 m2 743853 -6.03589842e-06 0.5 p0 2 1
198 272 m2 249999 -0.0259753484 0.5 p0 2 2
288 273 m2 967672 -0.0139055829 0.5 p0 2 1
191 274 m2 395316 -0.0165097918 0.5 p0 2 2
310 275 m2 320961 -0.000327110145 0.5 p0 2 1
300 276 m2 906254 -0.0102806147 0.5 p0 2 1
274 277 m2 6669 -0.00195120112 0.5 p0 2 2
287 278 m2 226333 -0.00460074097 0.5 p0 2 1
234 279 m2 481984 -0.0256004296 0.5 p0 2 2
291 280 m2 511270 -0.00014035833 0.5 p0 2 1
229 283 m2 640098 -0.0132629192 0.5 p0 2 2
266 284 m2 362111 -0.0186116993 0.5 p0 2 1
309 290 m2 576656 -0.0359075516 0.5 p0 2 1
240 293 m2 669393 -0.000413267466 0.5 p0 2 2
294 294 m2 341964 -0.000124308397 0.5 p0 2 2
273 295 m2 44438 -1.7006043e-05 0.5 p0 2 3
280 300 m2 405246 -5.40345081e-06 0.5 p0 2 3
282 301 m2 197162 -0.00113087904 0.5 p0 2 1
284 303 m2 379807 -3.81253049e-05 0.5 p0 2 1
258 304 m2 155970 -7.46184887e-05 0.5 p0 2 1
306 305 m2 702983 -0.023210559 0.5 p0 2 1
264 306 m2 424135 -0.00100769615 0.5 p0 2 1
305 308 m2 289788 -0.00843631569 0.5 p0 2 1
214 309 m2 731246 -1.5104913e-06 0.5 p0 2 3
303 311 m2 618794 -0.00866353046 0.5 p0 2 1
71 312 m1 632 0 0.5 p-1 -3558721 634
133 315 m1 19496 0 0.5 p-1 -8214 3
5 316 m1 21084 0 0.5 p-1 -10098016 1950
249 317 m1 87471 0 0.5 p-1 -88659 2
139 318 m1 97612 0 0.5 p-1 -65794 9
159 319 m1 111569 0 0.5 p-1 -32084 24
134 320 m1 124205 0 0.5 p-1 -21866 2
99 322 m1 137396 0 0.5 p-1 -257323 117
211 324 m1 187799 0 0.5 p-1 -17054 1
290 325 m1 190140 0 0.5 p-1 -2248 1
277 326 m1 200629 0 0.5 p-1 -322 7
10 327 m1 218281 0 0.5 p-1 -4692176 1682
123 328 m1 222540 0 0.5 p-1 -714297 57
56 329 m1 229906 0 0.5 p-1 -4359635 263
38 330 m1 230467 0 0.5 p-1 -1739072 806
307 331 m1 242369 0 0.5 p-1 -662 1
256 332 m1 253785 0 0.5 p-1 -148129 7
124 333 m1 272740 0 0.5 p-1 -618 4
253 334 m1 312798 0 0.5 p-1 -90357 3
60 336 m1 337284 0 0.5 p-1 -2489836 818
41 337 m1 348392 0 0.5 p-1 -230505 209
61 338 m1 351916 0 0.5 p-1 -1546318 631
174 339 m1 360936 0 0.5 p-1 -35271 25
103 340 m1 362671 0 0.5 p-1 -498809 147
216 341 m1 384295 0 0.5 p-1 -15836 5
144 342 m1 391918 0 0.5 p-1 -172584 70
18 343 m1 402253 0 0.5 p-1 -14414488 1207
74 345 m1 432730 0 0.5 p-1 -574110 380
117 346 m1 452140 0 0.5 p-1 -3673662 66
75 347 m1 455823 0 0.5 p-1 -1999114 332
76 348 m1 459694 0 0.5 p-1 -1462404 495
196 349 m1 460088 0 0.5 p-1 -15255 4
44 350 m1 460737 0 0.5 p-1 -316849 341
45 351 m1 462595 0 0.5 p-1 -3625836 1467
292 353 m1 469764 0 0.5 p-1 -10180 2
140 355 m1 494651 0 0.5 p-1 -905758 101
202 357 m1 517187 0 0.5 p-1 -32413 29
87 358 m1 526437 0 0.5 p-1 -10080710 766
149 361 m1 547791 0 0.5 p-1 -24100 19
63 362 m1 553456 0 0.5 p-1 -1404416 398
155 363 m1 575321 0 0.5 p-1 -48837 72
236 364 m1 588128 0 0.5 p-1 -102655 12
126 365 m1 591069 0 0.5 p-1 -1227909 257
250 366 m1 594548 0 0.5 p-1 -49584 3
226 367 m1 608059 0 0.5 p-1 -30599 3
297 368 m1 608068 0 0.5 p-1 -1281 2
152 369 m1 624720 0 0.5 p-1 -69472 13
77 372 m1 647948 0 0.5 p-1 -3335238 289
97 373 m1 690100 0 0.5 p-1 -3988591 229
212 374 m1 704594 0 0.5 p-1 -269447 14
68 376 m1 745377 0 0.5 p-1 -2006200 240
105 377 m1 782496 0 0.5 p-1 -521223 229
247 379 m1 802376 0 0.5 p-1 -105768 15
163 380 m1 808927 0 0.5 p-1 -155526 52
220 381 m1 813261 0 0.5 p-1 -28666 14
231 382 m1 842801 0 0.5 p-1 -9077 2
153 383 m1 849537 0 0.5 p-1 -95569 36
166 384 m1 851205 0 0.5 p-1 -216786 21
110 386 m1 854562 0 0.5 p-1 -57890 12
51 388 m1 889132 0 0.5 p-1 -2518753 751
37 389 m1 919912 0 0.5 p-1 -1365202 561
92 390 m1 921996 0 0.5 p-1 -973328 564
201 392 m1 941261 0 0.5 p-1 -736858 47
203 393 m1 941626 0 0.5 p-1 -115109 11
142 394 m1 943045 0 0.5 p-1 -212978 29
228 395 m1 958447 0 0.5 p-1 -59315 21
164 396 m1 976001 0 0.5 p-1 -89773 16
267 397 m1 978124 0 0.5 p-1 -656 4
Individuals:
