Mutations:
2 1 m2 16554 -0.00313826581 0.5 p-1 -1313535 698
288 2 m2 19401 -0.000410136563 0.5 p-1 -12825 6
141 3 m2 19847 -0.0108166905 0.5 p-1 -717724 263
142 4 m2 20730 -0.0238812771 0.5 p-1 -2271922 304
216 5 m2 26405 -0.00454898644 0.5 p-1 -32639 20
159 6 m2 33189 -4.30005429e-07 0.5 p-1 -296377 96
277 7 m2 40781 -0.00642583426 0.5 p-1 -18372 5
132 8 m2 41179 -0.00100680941 0.5 p-1 -391442 246
269 10 m2 45572 -0.0127473045 0.5 p-1 -161885 13
196 12 m2 49091 -5.66231211e-06 0.5 p-1 -1919 16
236 14 m2 60434 -0.00121575303 0.5 p-1 -184725 57
220 15 m2 63501 -4.19048229e-05 0.5 p-1 -50940 43
5 16 m2 73395 -0.00260783895 0.5 p-1 -2240757 1096
117 17 m2 73418 -0.0114805996 0.5 p-1 -2879818 783
149 20 m2 78780 -0.0197269693 0.5 p-1 -7881331 463
190 21 m2 87571 -0.00211810996 0.5 p-1 -436958 54
41 23 m2 89731 -0.00297558797 0.5 p-1 -512186 365
77 24 m2 92431 -0.00103566167 0.5 p-1 -5435484 366
56 25 m2 93462 -0.0301100034 0.5 p-1 -54958 37
137 27 m2 108493 -0.0255723726 0.5 p-1 -3581672 301
290 28 m2 110514 -0.00615238352 0.5 p-1 -5619 1
126 29 m2 110611 -0.0105602136 0.5 p-1 -527177 287
6 30 m2 112709 -0.0430609696 0.5 p-1 -3078411 482
263 31 m2 114272 -0.0116069289 0.5 p-1 -17389 6
248 32 m2 119843 -0.000746310106 0.5 p-1 -1636 2
78 33 m2 131486 -0.0358099155 0.5 p-1 -693172 98
205 34 m2 133119 -1.37915622e-05 0.5 p-1 -511751 37
8 35 m2 133407 -0.00558173098 0.5 p-1 -7397563 1478
211 36 m2 139767 -0.000111773108 0.5 p-1 -3624043 72
88 39 m2 146452 -0.00733464165 0.5 p-1 -830936 39
57 40 m2 146548 -1.70340518e-05 0.5 p-1 -799948 205
226 42 m2 155035 -4.61927073e-07 0.5 p-1 -99726 35
170 46 m2 170759 -1.53031121e-09 0.5 p-1 -1306369 377
172 49 m2 184404 -0.0124820285 0.5 p-1 -5147734 175
201 50 m2 185645 -0.00494311471 0.5 p-1 -459992 19
304 51 m2 186234 -1.32128353e-05 0.5 p-1 -136587 2
9 52 m2 192218 -0.000278888299 0.5 p-1 -3740197 1000
212 53 m2 205200 -0.000226225253 0.5 p-1 -159872 38
79 54 m2 209825 -0.00638206117 0.5 p-1 -1476563 316
89 55 m2 212738 -3.24607099e-05 0.5 p-1 -886641 40
260 56 m2 214183 -0.000650374859 0.5 p-1 -8667 10
108 59 m2 221911 -0.059087906 0.5 p-1 -2153875 835
58 60 m2 223157 -0.0210617427 0.5 p-1 -404092 299
90 61 m2 232665 -0.000189518905 0.5 p-1 -121387 54
60 63 m2 267270 -0.000152234905 0.5 p-1 -3116606 941
61 64 m2 274859 -0.00287505635 0.5 p-1 -1045108 195
91 65 m2 275275 -0.000285964168 0.5 p-1 -1372769 958
62 66 m2 279904 -0.00285008689 0.5 p-1 -4270426 806
44 67 m2 283514 -0.0375057086 0.5 p-1 -465219 525
243 68 m2 284598 -0.0453892723 0.5 p-1 -63220 8
267 69 m2 284703 -0.0023969966 0.5 p-1 -38803 22
134 70 m2 290972 -9.69056657e-08 0.5 p-1 -126779 10
63 71 m2 295560 -6.03207839e-09 0.5 p-1 -345893 86
183 72 m2 297265 -0.00262585096 0.5 p-1 -154925 21
12 74 m2 298864 -0.0116248317 0.5 p-1 -100785 73
13 75 m2 308581 -3.26737936e-05 0.5 p-1 -3526374 1803
14 76 m2 309020 -3.7939426e-06 0.5 p-1 -3808227 870
129 77 m2 316684 -0.00242034369 0.5 p-1 -223510 102
314 79 m2 321014 -0.0298515093 0.5 p-1 -1151 1
268 80 m2 326770 -5.49988499e-07 0.5 p-1 -16870 4
80 81 m2 327310 -0.054058671 0.5 p-1 -19789856 638
186 82 m2 332030 -0.000173198699 0.5 p-1 -17406 28
244 83 m2 335455 -2.13396197e-06 0.5 p-1 -25567 9
225 85 m2 344138 -7.70208717e-05 0.5 p-1 -1453 2
165 87 m2 347139 -0.0147207901 0.5 p-1 -1049591 360
109 88 m2 362138 -0.00932966452 0.5 p-1 -53472 56
316 89 m2 362593 -0.000935114687 0.5 p-1 -86989 1
16 91 m2 371952 -0.000385965395 0.5 p-1 -3037302 1827
161 93 m2 373780 -0.000516252127 0.5 p-1 -169707 356
239 94 m2 375787 -0.00656421063 0.5 p-1 -55232 24
65 95 m2 376171 -0.00595017755 0.5 p-1 -795201 179
17 96 m2 377060 -1.75139905e-06 0.5 p-1 -2716187 1074
45 97 m2 377831 -0.00334587321 0.5 p-1 -1759363 874
127 98 m2 380391 -0.00911491644 0.5 p-1 -558681 145
66 100 m2 383324 -0.00794204231 0.5 p-1 -1805465 659
162 101 m2 385248 -0.00277530216 0.5 p-1 -87156 102
279 102 m2 385431 -0.00215537404 0.5 p-1 -9119 8
258 103 m2 389525 -0.00334588834 0.5 p-1 -35850 4
82 104 m2 399535 -0.000220095084 0.5 p-1 -72945 7
46 105 m2 399771 -0.00981114805 0.5 p-1 -863716 1231
249 106 m2 403726 -0.00470152125 0.5 p-1 -8647 7
130 107 m2 407794 -0.000879035622 0.5 p-1 -471025 243
318 108 m2 410795 -0.000456432143 0.5 p-1 -5073 1
287 110 m2 416518 -0.00280939415 0.5 p-1 -179110 6
166 111 m2 419867 -0.0131861353 0.5 p-1 -55164 45
153 112 m2 422557 -0.038424816 0.5 p-1 -55909 9
167 114 m2 427072 -0.0055806688 0.5 p-1 -584180 311
47 115 m2 428755 -4.07709704e-05 0.5 p-1 -4176038 1476
252 118 m2 434137 -0.00320727611 0.5 p-1 -10630 7
110 119 m2 439668 -0.000364996318 0.5 p-1 -1942999 46
49 120 m2 441183 -0.000421424513 0.5 p-1 -1647931 1542
241 121 m2 441417 -0.00145345263 0.5 p-1 -48209 1
254 122 m2 441505 -0.015098541 0.5 p-1 -39517 10
150 124 m2 443654 -5.64147813e-05 0.5 p-1 -3342 6
242 125 m2 448043 -0.00165496441 0.5 p-1 -19444 1
121 126 m2 453893 -0.000356287987 0.5 p-1 -2984012 802
83 127 m2 456591 -0.0295293331 0.5 p-1 -815750 528
297 129 m2 461286 -0.014305965 0.5 p-1 -12137 6
261 130 m2 467207 -4.38002608e-05 0.5 p-1 -105862 17
320 134 m2 473154 -0.00101820857 0.5 p-1 -12662 1
147 135 m2 473884 -0.0128863342 0.5 p-1 -13820 14
94 137 m2 481764 -0.000607129652 0.5 p-1 -10022859 679
184 141 m2 497144 -0.004452297 0.5 p-1 -152519 49
179 144 m2 514225 -0.000109218759 0.5 p-1 -25762 7
273 145 m2 515232 -0.00524655636 0.5 p-1 -1221 1
20 146 m2 516779 -0.000158783689 0.5 p-1 -4970555 1189
50 147 m2 518080 -0.00035692635 0.5 p-1 -7823533 1622
21 148 m2 522536 -1.67541339e-06 0.5 p-1 -143627 43
111 150 m2 534973 -0.01026149 0.5 p-1 -1580339 437
247 152 m2 543431 -0.0064697261 0.5 p-1 -150654 20
95 153 m2 546286 -1.5009663e-05 0.5 p-1 -11349001 210
208 154 m2 546805 -3.58509993e-07 0.5 p-1 -69569 50
173 155 m2 547384 -3.55028824e-05 0.5 p-1 -8499 32
281 156 m2 548259 -0.0140319504 0.5 p-1 -328685 8
180 157 m2 549898 -0.000162076452 0.5 p-1 -133159 43
69 158 m2 551435 -0.000803822826 0.5 p-1 -532932 158
206 159 m2 561704 -0.0104260109 0.5 p-1 -1178978 29
151 160 m2 568493 -0.00111810374 0.5 p-1 -161830 106
185 161 m2 574120 -0.000321769359 0.5 p-1 -1453222 94
191 162 m2 576773 -0.00116277277 0.5 p-1 -717626 381
22 163 m2 583495 -0.0126133515 0.5 p-1 -4875153 964
192 164 m2 593929 -3.09516366e-07 0.5 p-1 -3146937 115
51 166 m2 597683 -0.00817408599 0.5 p-1 -2274770 214
309 167 m2 598633 -1.72276771e-06 0.5 p-1 -220674 2
23 168 m2 599241 -2.68532058e-05 0.5 p-1 -5997133 787
152 169 m2 602092 -0.00313061243 0.5 p-1 -468245 66
70 170 m2 602586 -0.00739395432 0.5 p-1 -822646 420
122 171 m2 605987 -0.00314184348 0.5 p-1 -3074296 874
175 172 m2 609232 -0.0387260206 0.5 p-1 -950634 133
24 173 m2 614579 -4.15332543e-05 0.5 p-1 -2562000 1905
214 174 m2 616974 -0.0338809565 0.5 p-1 -150358 58
282 175 m2 617493 -8.15663148e-10 0.5 p-1 -103377 6
238 176 m2 618010 -0.0206666794 0.5 p-1 -435826 8
131 177 m2 619175 -0.00998421758 0.5 p-1 -372525 260
215 178 m2 627846 -0.00035045165 0.5 p-1 -94265 19
84 179 m2 628472 -1.03559205e-06 0.5 p-1 -6568440 390
25 182 m2 631795 -0.0276766177 0.5 p-1 -425844 125
203 183 m2 641157 -0.000453850866 0.5 p-1 -1568426 52
145 184 m2 646401 -2.51133588e-06 0.5 p-1 -122357 116
26 186 m2 654643 -0.00163796591 0.5 p-1 -6667951 1116
178 188 m2 657376 -0.00918995962 0.5 p-1 -251664 98
253 189 m2 670204 -0.0286339633 0.5 p-1 -56201 15
157 191 m2 672591 -0.00748723792 0.5 p-1 -272665 76
52 193 m2 676620 -0.012213924 0.5 p-1 -5752896 955
160 194 m2 678521 -0.0191249102 0.5 p-1 -4775135 158
27 196 m2 684793 -0.00366736832 0.5 p-1 -369627 103
28 197 m2 707560 -8.42116879e-06 0.5 p-1 -709663 344
138 198 m2 707572 -0.00224570208 0.5 p-1 -848312 362
232 200 m2 708246 -0.0106704151 0.5 p-1 -223573 18
189 201 m2 720452 -0.000200828566 0.5 p-1 -368163 117
128 202 m2 723054 -1.79408325e-05 0.5 p-1 -559303 81
148 203 m2 724802 -2.8249784e-05 0.5 p-1 -180081 163
231 204 m2 725024 -0.00560441799 0.5 p-1 -16543 22
146 205 m2 727257 -0.000156660666 0.5 p-1 -837772 128
197 206 m2 732004 -0.000428253232 0.5 p-1 -237433 85
71 207 m2 735632 -0.00223238836 0.5 p-1 -12896577 1499
99 208 m2 735679 -0.000664080435 0.5 p-1 -856971 227
317 209 m2 738984 -0.00632123929 0.5 p-1 -223 1
30 210 m2 740382 -0.0227164309 0.5 p-1 -5441852 1908
209 211 m2 744043 -0.0019133247 0.5 p-1 -9854 23
218 212 m2 748265 -0.00816754997 0.5 p-1 -43471 26
100 213 m2 748618 -0.00473759091 0.5 p-1 -2781833 333
101 214 m2 750107 -0.00107977877 0.5 p-1 -2201742 1022
85 215 m2 759791 -0.000496900757 0.5 p-1 -2328005 520
300 216 m2 762762 -0.0181647819 0.5 p-1 -62900 3
223 217 m2 765626 -1.62656252e-05 0.5 p-1 -1428508 59
193 221 m2 772872 -0.0170404594 0.5 p-1 -1800282 178
102 222 m2 778292 -0.00816320814 0.5 p-1 -237154 101
257 223 m2 782987 -0.0084320195 0.5 p-1 -52280 5
73 224 m2 790316 -0.000435334427 0.5 p-1 -963845 844
74 225 m2 792446 -0.00307976943 0.5 p-1 -3642919 1163
204 226 m2 794817 -0.00529503124 0.5 p-1 -215551 63
264 227 m2 796378 -7.78286121e-05 0.5 p-1 -65186 4
124 228 m2 797506 -0.000309090712 0.5 p-1 -440130 183
75 230 m2 798708 -0.00107720715 0.5 p-1 -3091014 395
31 231 m2 799496 -0.00918782689 0.5 p-1 -4374263 1093
114 232 m2 803740 -0.00978168659 0.5 p-1 -3758530 104
291 233 m2 806539 -0.0160222743 0.5 p-1 -256817 1
32 235 m2 813330 -3.77394933e-08 0.5 p-1 -211537 105
169 236 m2 823903 -0.00445837248 0.5 p-1 -1675374 88
115 237 m2 831542 -0.00241104397 0.5 p-1 -827327 116
33 238 m2 837520 -0.0274343882 0.5 p-1 -6486641 1403
255 240 m2 840630 -0.0109181255 0.5 p-1 -31932 24
34 241 m2 841645 -7.26674261e-05 0.5 p-1 -3213178 1219
103 243 m2 846021 -1.81045809e-08 0.5 p-1 -391647 386
262 244 m2 847583 -0.00107225578 0.5 p-1 -102041 2
289 245 m2 853617 -1.46160306e-11 0.5 p-1 -19478 6
200 248 m2 854155 -0.00859897863 0.5 p-1 -343798 55
274 249 m2 854688 -0.00572087429 0.5 p-1 -28359 2
235 251 m2 856011 -0.000947779743 0.5 p-1 -69368 10
230 253 m2 858615 -0.00382782123 0.5 p-1 -56788 14
271 254 m2 864161 -0.086551927 0.5 p-1 -7904 2
139 256 m2 867671 -0.00870218594 0.5 p-1 -9193941 119
194 257 m2 877265 -0.000432808243 0.5 p-1 -704123 13
36 258 m2 879102 -0.00487086317 0.5 p-1 -2698566 775
158 259 m2 879184 -0.0407457426 0.5 p-1 -112588 83
135 260 m2 884155 -0.00135928451 0.5 p-1 -1727260 315
181 261 m2 886464 -0.0707808658 0.5 p-1 -622324 104
307 262 m2 886621 -0.000280112872 0.5 p-1 -6110 4
222 263 m2 887824 -0.0290576126 0.5 p-1 -136584 51
266 264 m2 890690 -0.00197028951 0.5 p-1 -21330 5
188 266 m2 895876 -0.0220501572 0.5 p-1 -883597 27
104 267 m2 897426 -0.0200714413 0.5 p-1 -218782 114
156 268 m2 899825 -0.0186455082 0.5 p-1 -359597 263
86 269 m2 900641 -0.0567586906 0.5 p-1 -2285746 887
270 270 m2 902109 -0.00205965666 0.5 p-1 -865596 16
105 271 m2 907913 -0.00133091537 0.5 p-1 -777318 577
213 275 m2 917721 -0.0222473033 0.5 p-1 -165985 83
116 276 m2 919285 -0.00653648842 0.5 p-1 -660277 581
38 277 m2 922895 -3.18569801e-05 0.5 p-1 -995805 412
87 279 m2 927116 -0.0824819282 0.5 p-1 -1588458 438
39 280 m2 927677 -2.71250665e-05 0.5 p-1 -4920454 228
246 281 m2 941472 -0.00844884105 0.5 p-1 -321550 23
164 282 m2 960779 -0.0294002499 0.5 p-1 -1602898 128
125 283 m2 962365 -0.00229941402 0.5 p-1 -558329 174
54 284 m2 969634 -4.75663692e-05 0.5 p-1 -841246 109
227 285 m2 970921 -0.00251782732 0.5 p-1 -155875 76
106 286 m2 976321 -0.00757070538 0.5 p-1 -314110 200
136 287 m2 980846 -0.0101347361 0.5 p-1 -795705 167
199 288 m2 981164 -0.00750922598 0.5 p-1 -247126 141
55 289 m2 981352 -0.00920283515 0.5 p-1 -1943629 1895
224 291 m2 995110 -9.64383216e-05 0.5 p-1 -303163 52
299 298 m2 316127 -0.00805205386 0.5 p0 2 2
296 299 m2 935310 -0.0118758399 0.5 p0 2 4
286 301 m2 368866 -9.77539239e-05 0.5 p0 2 3
321 302 m2 341014 -0.000590078649 0.5 p0 2 1
265 308 m2 108216 -0.000276356237 0.5 p0 2 3
272 310 m2 906961 -0.0312693156 0.5 p0 2 2
278 321 m2 81032 -0.00181907869 0.5 p0 2 6
256 323 m2 968189 -0.00334686902 0.5 p0 2 1
283 327 m2 976437 -0.00210344605 0.5 p0 2 1
280 328 m2 490183 -0.0013500402 0.5 p0 2 2
306 333 m2 84080 -0.00010040131 0.5 p0 2 4
301 334 m2 337576 -0.00474627037 0.5 p0 2 1
315 335 m2 561709 -0.000176368951 0.5 p0 2 2
292 336 m2 940085 -0.000833839644 0.5 p0 2 1
319 337 m2 555618 -0.023272343 0.5 p0 2 1
276 341 m2 160194 -0.000445368671 0.5 p0 2 1
240 345 m2 498337 -0.00788801257 0.5 p0 2 10
303 347 m2 239942 -1.99985043e-05 0.5 p0 2 4
0 348 m1 966 0 0.5 p-1 -5620549 1940
1 349 m1 1936 0 0.5 p-1 -2488059 489
245 350 m1 7038 0 0.5 p-1 -17957 3
195 351 m1 7512 0 0.5 p-1 -41041 28
202 352 m1 12999 0 0.5 p-1 -73184 51
3 354 m1 48819 0 0.5 p-1 -1395944 182
40 355 m1 56854 0 0.5 p-1 -1468017 523
76 357 m1 67286 0 0.5 p-1 -14706 16
171 358 m1 67822 0 0.5 p-1 -503590 94
4 359 m1 72558 0 0.5 p-1 -179053 26
143 360 m1 82751 0 0.5 p-1 -10221 1
217 361 m1 87414 0 0.5 p-1 -75626 94
259 362 m1 95934 0 0.5 p-1 -86174 15
294 363 m1 104365 0 0.5 p-1 -10767 1
7 364 m1 124341 0 0.5 p-1 -1714179 1128
237 366 m1 138621 0 0.5 p-1 -257921 39
133 367 m1 139804 0 0.5 p-1 -249004 76
285 369 m1 143477 0 0.5 p-1 -93750 2
305 372 m1 169509 0 0.5 p-1 -30276 3
107 373 m1 190730 0 0.5 p-1 -291462 291
42 374 m1 196053 0 0.5 p-1 -3387696 1849
10 375 m1 197000 0 0.5 p-1 -2270150 458
295 377 m1 217559 0 0.5 p-1 -8755 3
118 378 m1 224036 0 0.5 p-1 -7046401 299
11 379 m1 228161 0 0.5 p-1 -7583973 1192
210 380 m1 230122 0 0.5 p-1 -250657 70
43 381 m1 247079 0 0.5 p-1 -10949917 1712
59 382 m1 262201 0 0.5 p-1 -8240516 540
221 384 m1 299385 0 0.5 p-1 -135948 83
219 385 m1 332957 0 0.5 p-1 -73508 42
233 386 m1 338594 0 0.5 p-1 -81683 26
64 387 m1 339915 0 0.5 p-1 -122217 160
15 388 m1 343237 0 0.5 p-1 -8763724 1381
234 391 m1 347582 0 0.5 p-1 -134482 46
81 392 m1 372634 0 0.5 p-1 -2936999 226
308 393 m1 384398 0 0.5 p-1 -7365 3
92 394 m1 385740 0 0.5 p-1 -383835 128
119 395 m1 401977 0 0.5 p-1 -305042 58
93 396 m1 410719 0 0.5 p-1 -327550 174
312 397 m1 412138 0 0.5 p-1 -6450 1
67 399 m1 425833 0 0.5 p-1 -2602429 264
18 400 m1 426777 0 0.5 p-1 -229258 135
275 401 m1 431831 0 0.5 p-1 -74250 13
48 403 m1 435742 0 0.5 p-1 -9724325 335
120 404 m1 436659 0 0.5 p-1 -2055817 229
68 407 m1 464308 0 0.5 p-1 -3284889 184
311 408 m1 489285 0 0.5 p-1 -24685 1
228 409 m1 497868 0 0.5 p-1 -2798 1
284 410 m1 501443 0 0.5 p-1 -11589 4
250 411 m1 503834 0 0.5 p-1 -540 6
155 412 m1 508633 0 0.5 p-1 -24905 1
19 413 m1 508874 0 0.5 p-1 -947246 251
198 415 m1 540781 0 0.5 p-1 -3459758 99
313 416 m1 541055 0 0.5 p-1 -7267 3
174 417 m1 563055 0 0.5 p-1 -143420 41
96 418 m1 580344 0 0.5 p-1 -566308 243
97 419 m1 591373 0 0.5 p-1 -1205058 210
112 420 m1 596357 0 0.5 p-1 -982817 272
113 421 m1 599064 0 0.5 p-1 -524676 419
154 422 m1 599164 0 0.5 p-1 -513926 116
207 423 m1 599386 0 0.5 p-1 -11069 10
187 424 m1 603436 0 0.5 p-1 -511611 37
98 425 m1 611020 0 0.5 p-1 -221864 108
144 426 m1 618097 0 0.5 p-1 -53287 41
123 428 m1 681501 0 0.5 p-1 -699586 252
293 431 m1 712162 0 0.5 p-1 -231 1
29 432 m1 719214 0 0.5 p-1 -1855563 807
72 434 m1 778993 0 0.5 p-1 -7733964 1215
229 436 m1 800593 0 0.5 p-1 -200 6
298 438 m1 831315 0 0.5 p-1 -39746 2
302 439 m1 836487 0 0.5 p-1 -12481 11
182 441 m1 854390 0 0.5 p-1 -54346 43
35 442 m1 855823 0 0.5 p-1 -3707116 1010
37 444 m1 882759 0 0.5 p-1 -11117448 1410
163 445 m1 883773 0 0.5 p-1 -92290 118
168 446 m1 893419 0 0.5 p-1 -337485 101
251 447 m1 896226 0 0.5 p-1 -30813 3
310 449 m1 937379 0 0.5 p-1 -17316 1
53 450 m1 944763 0 0.5 p-1 -6555081 1702
176 451 m1 955223 0 0.5 p-1 -3397902 221
140 452 m1 958095 0 0.5 p-1 -1281634 216
177 453 m1 989172 0 0.5 p-1 -121421 101
Individuals:
