Mutations:
45 1 m2 16554 -0.00313826581 0.5 p-1 -1313535 643
306 2 m2 19401 -0.000410136563 0.5 p-1 -12825 4
46 3 m2 19847 -0.0108166905 0.5 p-1 -717724 312
132 4 m2 20730 -0.0238812771 0.5 p-1 -2271922 305
257 5 m2 26405 -0.00454898644 0.5 p-1 -32639 19
83 6 m2 33189 -4.30005429e-07 0.5 p-1 -296377 66
302 7 m2 40781 -0.00642583426 0.5 p-1 -18372 5
149 8 m2 41179 -0.00100680941 0.5 p-1 -391442 269
231 10 m2 45572 -0.0127473045 0.5 p-1 -161885 18
161 12 m2 49091 -5.66231211e-06 0.5 p-1 -1919 5
84 14 m2 60434 -0.00121575303 0.5 p-1 -184725 53
150 15 m2 63501 -4.19048229e-05 0.5 p-1 -50940 37
1 16 m2 73395 -0.00260783895 0.5 p-1 -2240757 1055
47 17 m2 73418 -0.0114805996 0.5 p-1 -2879818 749
2 20 m2 78780 -0.0197269693 0.5 p-1 -7881331 530
203 21 m2 87571 -0.00211810996 0.5 p-1 -436958 52
70 23 m2 89731 -0.00297558797 0.5 p-1 -512186 427
85 24 m2 92431 -0.00103566167 0.5 p-1 -5435484 396
141 25 m2 93462 -0.0301100034 0.5 p-1 -54958 24
86 27 m2 108493 -0.0255723726 0.5 p-1 -3581672 395
103 29 m2 110611 -0.0105602136 0.5 p-1 -527177 265
71 30 m2 112709 -0.0430609696 0.5 p-1 -3078411 510
345 31 m2 114272 -0.0116069289 0.5 p-1 -17389 1
119 33 m2 131486 -0.0358099155 0.5 p-1 -693172 115
229 34 m2 133119 -1.37915622e-05 0.5 p-1 -511751 37
49 35 m2 133407 -0.00558173098 0.5 p-1 -7397563 1492
177 36 m2 139767 -0.000111773108 0.5 p-1 -3624043 54
322 38 m2 140079 -1.23992772e-08 0.5 p-1 -743 1
151 39 m2 146452 -0.00733464165 0.5 p-1 -830936 38
3 40 m2 146548 -1.70340518e-05 0.5 p-1 -799948 243
259 41 m2 146747 -0.0112787588 0.5 p-1 -36579 13
330 42 m2 155035 -4.61927073e-07 0.5 p-1 -99726 5
255 43 m2 156577 -0.0349771157 0.5 p-1 -12037 2
334 44 m2 164567 -0.00557445409 0.5 p-1 -5331 2
320 45 m2 169604 -3.24031644e-05 0.5 p-1 -4506 1
95 46 m2 170759 -1.53031121e-09 0.5 p-1 -1306369 372
338 47 m2 174968 -0.020224439 0.5 p-1 -1863 3
136 49 m2 184404 -0.0124820285 0.5 p-1 -5147734 151
112 50 m2 185645 -0.00494311471 0.5 p-1 -459992 21
295 51 m2 186234 -1.32128353e-05 0.5 p-1 -136587 8
73 52 m2 192218 -0.000278888299 0.5 p-1 -3740197 952
210 53 m2 205200 -0.000226225253 0.5 p-1 -159872 35
113 54 m2 209825 -0.00638206117 0.5 p-1 -1476563 299
193 55 m2 212738 -3.24607099e-05 0.5 p-1 -886641 44
281 56 m2 214183 -0.000650374859 0.5 p-1 -8667 2
50 59 m2 221911 -0.059087906 0.5 p-1 -2153875 965
121 60 m2 223157 -0.0210617427 0.5 p-1 -404092 303
234 61 m2 232665 -0.000189518905 0.5 p-1 -121387 52
8 63 m2 267270 -0.000152234905 0.5 p-1 -3116606 882
165 64 m2 274859 -0.00287505635 0.5 p-1 -1045108 159
9 65 m2 275275 -0.000285964168 0.5 p-1 -1372769 980
10 66 m2 279904 -0.00285008689 0.5 p-1 -4270426 745
52 67 m2 283514 -0.0375057086 0.5 p-1 -465219 447
182 68 m2 284598 -0.0453892723 0.5 p-1 -63220 35
166 69 m2 284703 -0.0023969966 0.5 p-1 -38803 22
186 70 m2 290972 -9.69056657e-08 0.5 p-1 -126779 32
170 71 m2 295560 -6.03207839e-09 0.5 p-1 -345893 64
260 72 m2 297265 -0.00262585096 0.5 p-1 -154925 43
248 74 m2 298864 -0.0116248317 0.5 p-1 -100785 60
11 75 m2 308581 -3.26737936e-05 0.5 p-1 -3526374 1817
53 76 m2 309020 -3.7939426e-06 0.5 p-1 -3808227 838
96 77 m2 316684 -0.00242034369 0.5 p-1 -223510 137
356 78 m2 318523 -0.0313937403 0.5 p-1 -248 1
258 79 m2 321014 -0.0298515093 0.5 p-1 -1151 3
264 80 m2 326770 -5.49988499e-07 0.5 p-1 -16870 7
75 81 m2 327310 -0.054058671 0.5 p-1 -19789856 685
296 82 m2 332030 -0.000173198699 0.5 p-1 -17406 19
266 83 m2 335455 -2.13396197e-06 0.5 p-1 -25567 8
274 85 m2 344138 -7.70208717e-05 0.5 p-1 -1453 6
317 86 m2 344358 -0.00442016823 0.5 p-1 -10223 4
122 87 m2 347139 -0.0147207901 0.5 p-1 -1049591 446
249 88 m2 362138 -0.00932966452 0.5 p-1 -53472 43
168 89 m2 362593 -0.000935114687 0.5 p-1 -86989 9
331 90 m2 366757 -0.000340193044 0.5 p-1 -4320 1
13 91 m2 371952 -0.000385965395 0.5 p-1 -3037302 1814
76 93 m2 373780 -0.000516252127 0.5 p-1 -169707 211
262 94 m2 375787 -0.00656421063 0.5 p-1 -55232 19
133 95 m2 376171 -0.00595017755 0.5 p-1 -795201 187
14 96 m2 377060 -1.75139905e-06 0.5 p-1 -2716187 1055
15 97 m2 377831 -0.00334587321 0.5 p-1 -1759363 864
145 98 m2 380391 -0.00911491644 0.5 p-1 -558681 95
87 100 m2 383324 -0.00794204231 0.5 p-1 -1805465 664
215 101 m2 385248 -0.00277530216 0.5 p-1 -87156 49
319 102 m2 385431 -0.00215537404 0.5 p-1 -9119 6
250 103 m2 389525 -0.00334588834 0.5 p-1 -35850 10
228 104 m2 399535 -0.000220095084 0.5 p-1 -72945 16
16 105 m2 399771 -0.00981114805 0.5 p-1 -863716 1201
244 106 m2 403726 -0.00470152125 0.5 p-1 -8647 15
124 107 m2 407794 -0.000879035622 0.5 p-1 -471025 275
270 108 m2 410795 -0.000456432143 0.5 p-1 -5073 2
134 110 m2 416518 -0.00280939415 0.5 p-1 -179110 19
220 111 m2 419867 -0.0131861353 0.5 p-1 -55164 38
142 112 m2 422557 -0.038424816 0.5 p-1 -55909 10
335 113 m2 425834 -0.00280804443 0.5 p-1 -379 1
77 114 m2 427072 -0.0055806688 0.5 p-1 -584180 266
55 115 m2 428755 -4.07709704e-05 0.5 p-1 -4176038 1524
286 118 m2 434137 -0.00320727611 0.5 p-1 -10630 17
221 119 m2 439668 -0.000364996318 0.5 p-1 -1942999 49
19 120 m2 441183 -0.000421424513 0.5 p-1 -1647931 1530
222 122 m2 441505 -0.015098541 0.5 p-1 -39517 6
88 126 m2 453893 -0.000356287987 0.5 p-1 -2984012 906
20 127 m2 456591 -0.0295293331 0.5 p-1 -815750 565
288 129 m2 461286 -0.014305965 0.5 p-1 -12137 4
126 130 m2 467207 -4.38002608e-05 0.5 p-1 -105862 11
353 131 m2 468349 -9.40392783e-06 0.5 p-1 -24967 1
223 135 m2 473884 -0.0128863342 0.5 p-1 -13820 27
207 136 m2 480003 -0.0134336771 0.5 p-1 -42846 2
101 137 m2 481764 -0.000607129652 0.5 p-1 -10022859 648
56 141 m2 497144 -0.004452297 0.5 p-1 -152519 79
354 142 m2 497804 -3.87511463e-05 0.5 p-1 -103 1
254 144 m2 514225 -0.000109218759 0.5 p-1 -25762 4
90 146 m2 516779 -0.000158783689 0.5 p-1 -4970555 1183
57 147 m2 518080 -0.00035692635 0.5 p-1 -7823533 1634
174 148 m2 522536 -1.67541339e-06 0.5 p-1 -143627 27
58 150 m2 534973 -0.01026149 0.5 p-1 -1580339 477
275 151 m2 537335 -0.0356577188 0.5 p-1 -12462 1
272 152 m2 543431 -0.0064697261 0.5 p-1 -150654 40
59 153 m2 546286 -1.5009663e-05 0.5 p-1 -11349001 187
156 154 m2 546805 -3.58509993e-07 0.5 p-1 -69569 44
287 155 m2 547384 -3.55028824e-05 0.5 p-1 -8499 11
184 156 m2 548259 -0.0140319504 0.5 p-1 -328685 31
265 157 m2 549898 -0.000162076452 0.5 p-1 -133159 43
22 158 m2 551435 -0.000803822826 0.5 p-1 -532932 132
201 159 m2 561704 -0.0104260109 0.5 p-1 -1178978 88
143 160 m2 568493 -0.00111810374 0.5 p-1 -161830 119
146 161 m2 574120 -0.000321769359 0.5 p-1 -1453222 118
23 162 m2 576773 -0.00116277277 0.5 p-1 -717626 388
24 163 m2 583495 -0.0126133515 0.5 p-1 -4875153 859
127 164 m2 593929 -3.09516366e-07 0.5 p-1 -3146937 159
154 166 m2 597683 -0.00817408599 0.5 p-1 -2274770 184
208 167 m2 598633 -1.72276771e-06 0.5 p-1 -220674 17
62 168 m2 599241 -2.68532058e-05 0.5 p-1 -5997133 779
171 169 m2 602092 -0.00313061243 0.5 p-1 -468245 90
104 170 m2 602586 -0.00739395432 0.5 p-1 -822646 385
26 171 m2 605987 -0.00314184348 0.5 p-1 -3074296 889
175 172 m2 609232 -0.0387260206 0.5 p-1 -950634 179
27 173 m2 614579 -4.15332543e-05 0.5 p-1 -2562000 1874
196 174 m2 616974 -0.0338809565 0.5 p-1 -150358 44
263 175 m2 617493 -8.15663148e-10 0.5 p-1 -103377 13
28 176 m2 618010 -0.0206666794 0.5 p-1 -435826 21
29 177 m2 619175 -0.00998421758 0.5 p-1 -372525 311
278 178 m2 627846 -0.00035045165 0.5 p-1 -94265 15
97 179 m2 628472 -1.03559205e-06 0.5 p-1 -6568440 328
224 182 m2 631795 -0.0276766177 0.5 p-1 -425844 101
114 183 m2 641157 -0.000453850866 0.5 p-1 -1568426 104
181 184 m2 646401 -2.51133588e-06 0.5 p-1 -122357 96
305 185 m2 649687 -0.0078490125 0.5 p-1 -3542 7
30 186 m2 654643 -0.00163796591 0.5 p-1 -6667951 1141
197 188 m2 657376 -0.00918995962 0.5 p-1 -251664 98
167 189 m2 670204 -0.0286339633 0.5 p-1 -56201 20
246 190 m2 670822 -0.00417643832 0.5 p-1 -28334 5
155 191 m2 672591 -0.00748723792 0.5 p-1 -272665 75
106 193 m2 676620 -0.012213924 0.5 p-1 -5752896 916
63 194 m2 678521 -0.0191249102 0.5 p-1 -4775135 182
350 195 m2 681619 -0.000113693372 0.5 p-1 -253 1
138 196 m2 684793 -0.00366736832 0.5 p-1 -369627 89
91 197 m2 707560 -8.42116879e-06 0.5 p-1 -709663 399
107 198 m2 707572 -0.00224570208 0.5 p-1 -848312 326
218 200 m2 708246 -0.0106704151 0.5 p-1 -223573 31
185 201 m2 720452 -0.000200828566 0.5 p-1 -368163 92
169 202 m2 723054 -1.79408325e-05 0.5 p-1 -559303 51
198 203 m2 724802 -2.8249784e-05 0.5 p-1 -180081 147
247 204 m2 725024 -0.00560441799 0.5 p-1 -16543 27
64 205 m2 727257 -0.000156660666 0.5 p-1 -837772 117
195 206 m2 732004 -0.000428253232 0.5 p-1 -237433 59
32 207 m2 735632 -0.00223238836 0.5 p-1 -12896577 1410
172 208 m2 735679 -0.000664080435 0.5 p-1 -856971 222
348 209 m2 738984 -0.00632123929 0.5 p-1 -223 1
33 210 m2 740382 -0.0227164309 0.5 p-1 -5441852 1951
206 211 m2 744043 -0.0019133247 0.5 p-1 -9854 14
273 212 m2 748265 -0.00816754997 0.5 p-1 -43471 19
79 213 m2 748618 -0.00473759091 0.5 p-1 -2781833 336
34 214 m2 750107 -0.00107977877 0.5 p-1 -2201742 1051
92 215 m2 759791 -0.000496900757 0.5 p-1 -2328005 493
279 216 m2 762762 -0.0181647819 0.5 p-1 -62900 1
158 217 m2 765626 -1.62656252e-05 0.5 p-1 -1428508 85
237 218 m2 765979 -0.000627384114 0.5 p-1 -16283 9
144 221 m2 772872 -0.0170404594 0.5 p-1 -1800282 188
108 222 m2 778292 -0.00816320814 0.5 p-1 -237154 108
35 224 m2 790316 -0.000435334427 0.5 p-1 -963845 893
36 225 m2 792446 -0.00307976943 0.5 p-1 -3642919 1170
268 226 m2 794817 -0.00529503124 0.5 p-1 -215551 33
311 227 m2 796378 -7.78286121e-05 0.5 p-1 -65186 2
187 228 m2 797506 -0.000309090712 0.5 p-1 -440130 98
37 230 m2 798708 -0.00107720715 0.5 p-1 -3091014 412
38 231 m2 799496 -0.00918782689 0.5 p-1 -4374263 1148
191 232 m2 803740 -0.00978168659 0.5 p-1 -3758530 80
251 233 m2 806539 -0.0160222743 0.5 p-1 -256817 11
233 235 m2 813330 -3.77394933e-08 0.5 p-1 -211537 90
214 236 m2 823903 -0.00445837248 0.5 p-1 -1675374 90
39 237 m2 831542 -0.00241104397 0.5 p-1 -827327 138
65 238 m2 837520 -0.0274343882 0.5 p-1 -6486641 1403
226 240 m2 840630 -0.0109181255 0.5 p-1 -31932 24
40 241 m2 841645 -7.26674261e-05 0.5 p-1 -3213178 1229
178 242 m2 845988 -0.000387060601 0.5 p-1 -37257 11
80 243 m2 846021 -1.81045809e-08 0.5 p-1 -391647 342
314 244 m2 847583 -0.00107225578 0.5 p-1 -102041 2
285 245 m2 853617 -1.46160306e-11 0.5 p-1 -19478 6
276 246 m2 853699 -0.000176574089 0.5 p-1 -234929 5
301 247 m2 854024 -4.43649988e-05 0.5 p-1 -3405 2
159 248 m2 854155 -0.00859897863 0.5 p-1 -343798 31
297 249 m2 854688 -0.00572087429 0.5 p-1 -28359 4
267 251 m2 856011 -0.000947779743 0.5 p-1 -69368 5
261 253 m2 858615 -0.00382782123 0.5 p-1 -56788 13
200 254 m2 864161 -0.086551927 0.5 p-1 -7904 3
240 255 m2 864193 -0.00244759 0.5 p-1 -9368 7
116 256 m2 867671 -0.00870218594 0.5 p-1 -9193941 77
252 257 m2 877265 -0.000432808243 0.5 p-1 -704123 14
67 258 m2 879102 -0.00487086317 0.5 p-1 -2698566 757
190 259 m2 879184 -0.0407457426 0.5 p-1 -112588 85
163 260 m2 884155 -0.00135928451 0.5 p-1 -1727260 289
147 261 m2 886464 -0.0707808658 0.5 p-1 -622324 93
139 262 m2 886621 -0.000280112872 0.5 p-1 -6110 13
232 263 m2 887824 -0.0290576126 0.5 p-1 -136584 54
152 264 m2 890690 -0.00197028951 0.5 p-1 -21330 17
148 266 m2 895876 -0.0220501572 0.5 p-1 -883597 46
164 267 m2 897426 -0.0200714413 0.5 p-1 -218782 82
81 268 m2 899825 -0.0186455082 0.5 p-1 -359597 282
82 269 m2 900641 -0.0567586906 0.5 p-1 -2285746 940
192 270 m2 902109 -0.00205965666 0.5 p-1 -865596 41
117 271 m2 907913 -0.00133091537 0.5 p-1 -777318 645
359 273 m2 916041 -2.09030622e-05 0.5 p-1 -471 1
98 275 m2 917721 -0.0222473033 0.5 p-1 -165985 101
41 276 m2 919285 -0.00653648842 0.5 p-1 -660277 554
110 277 m2 922895 -3.18569801e-05 0.5 p-1 -995805 403
316 278 m2 926407 -2.77401178e-08 0.5 p-1 -7473 2
130 279 m2 927116 -0.0824819282 0.5 p-1 -1588458 504
111 280 m2 927677 -2.71250665e-05 0.5 p-1 -4920454 238
290 281 m2 941472 -0.00844884105 0.5 p-1 -321550 7
219 282 m2 960779 -0.0294002499 0.5 p-1 -1602898 112
140 283 m2 962365 -0.00229941402 0.5 p-1 -558329 160
216 284 m2 969634 -4.75663692e-05 0.5 p-1 -841246 57
179 285 m2 970921 -0.00251782732 0.5 p-1 -155875 57
131 286 m2 976321 -0.00757070538 0.5 p-1 -314110 193
211 287 m2 980846 -0.0101347361 0.5 p-1 -795705 121
43 288 m2 981164 -0.00750922598 0.5 p-1 -247126 129
44 289 m2 981352 -0.00920283515 0.5 p-1 -1943629 1869
243 291 m2 995110 -9.64383216e-05 0.5 p-1 -303163 46
339 293 m2 128728 -0.01849043 0.5 p0 2 4
310 296 m2 996417 -0.00220612832 0.5 p0 2 3
315 298 m2 316127 -0.00805205386 0.5 p0 2 2
340 300 m2 729473 -0.00418602908 0.5 p0 2 2
333 301 m2 368866 -9.77539239e-05 0.5 p0 2 1
269 304 m2 904510 -0.00336909178 0.5 p0 2 1
337 305 m2 721843 -0.00869578589 0.5 p0 2 2
329 306 m2 756244 -0.00419776933 0.5 p0 2 1
341 311 m2 776072 -0.000317948958 0.5 p0 2 1
342 312 m2 553643 -1.57478989e-05 0.5 p0 2 1
349 314 m2 105830 -0.00500395661 0.5 p0 2 2
280 315 m2 374435 -0.00281773671 0.5 p0 2 3
298 320 m2 896902 -0.000413362577 0.5 p0 2 3
344 321 m2 81032 -0.00181907869 0.5 p0 2 2
321 322 m2 648187 -0.000837209634 0.5 p0 2 1
328 323 m2 968189 -0.00334686902 0.5 p0 2 2
325 324 m2 506613 -0.0259082075 0.5 p0 2 1
292 325 m2 228673 -0.00812323391 0.5 p0 2 3
343 326 m2 648494 -0.00226419 0.5 p0 2 1
351 329 m2 484028 -0.0134607814 0.5 p0 2 1
304 330 m2 826778 -0.00586144021 0.5 p0 2 2
313 332 m2 682722 -0.0173320416 0.5 p0 2 1
307 334 m2 337576 -0.00474627037 0.5 p0 2 3
358 335 m2 561709 -0.000176368951 0.5 p0 2 1
300 336 m2 940085 -0.000833839644 0.5 p0 2 1
346 337 m2 555618 -0.023272343 0.5 p0 2 1
347 338 m2 242891 -0.000298278348 0.5 p0 2 1
324 339 m2 581083 -0.000159746836 0.5 p0 2 1
213 340 m2 701811 -0.00984495226 0.5 p0 2 1
336 341 m2 160194 -0.000445368671 0.5 p0 2 1
235 343 m2 468706 -0.00446862215 0.5 p0 2 1
299 345 m2 498337 -0.00788801257 0.5 p0 2 1
326 346 m2 477415 -0.000169994441 0.5 p0 2 1
294 347 m2 239942 -1.99985043e-05 0.5 p0 2 3
0 348 m1 966 0 0.5 p-1 -5620549 1908
99 349 m1 1936 0 0.5 p-1 -2488059 452
173 350 m1 7038 0 0.5 p-1 -17957 10
160 351 m1 7512 0 0.5 p-1 -41041 12
230 352 m1 12999 0 0.5 p-1 -73184 61
308 353 m1 37840 0 0.5 p-1 -4824 1
176 354 m1 48819 0 0.5 p-1 -1395944 204
69 355 m1 56854 0 0.5 p-1 -1468017 510
236 356 m1 64703 0 0.5 p-1 -24300 4
227 357 m1 67286 0 0.5 p-1 -14706 21
162 358 m1 67822 0 0.5 p-1 -503590 92
212 359 m1 72558 0 0.5 p-1 -179053 15
238 360 m1 82751 0 0.5 p-1 -10221 6
241 361 m1 87414 0 0.5 p-1 -75626 46
253 362 m1 95934 0 0.5 p-1 -86174 22
48 364 m1 124341 0 0.5 p-1 -1714179 1110
289 365 m1 133787 0 0.5 p-1 -33060 4
225 366 m1 138621 0 0.5 p-1 -257921 41
120 367 m1 139804 0 0.5 p-1 -249004 66
209 369 m1 143477 0 0.5 p-1 -93750 5
318 372 m1 169509 0 0.5 p-1 -30276 5
72 373 m1 190730 0 0.5 p-1 -291462 322
74 374 m1 196053 0 0.5 p-1 -3387696 1778
4 375 m1 197000 0 0.5 p-1 -2270150 524
283 376 m1 199844 0 0.5 p-1 -6049 3
357 377 m1 217559 0 0.5 p-1 -8755 1
5 378 m1 224036 0 0.5 p-1 -7046401 318
6 379 m1 228161 0 0.5 p-1 -7583973 1158
188 380 m1 230122 0 0.5 p-1 -250657 63
7 381 m1 247079 0 0.5 p-1 -10949917 1763
51 382 m1 262201 0 0.5 p-1 -8240516 597
100 384 m1 299385 0 0.5 p-1 -135948 114
205 385 m1 332957 0 0.5 p-1 -73508 26
242 386 m1 338594 0 0.5 p-1 -81683 14
54 387 m1 339915 0 0.5 p-1 -122217 175
12 388 m1 343237 0 0.5 p-1 -8763724 1431
323 389 m1 346175 0 0.5 p-1 -758 1
303 390 m1 346720 0 0.5 p-1 -7613 4
123 391 m1 347582 0 0.5 p-1 -134482 31
137 392 m1 372634 0 0.5 p-1 -2936999 193
183 394 m1 385740 0 0.5 p-1 -383835 184
129 395 m1 401977 0 0.5 p-1 -305042 67
180 396 m1 410719 0 0.5 p-1 -327550 173
277 397 m1 412138 0 0.5 p-1 -6450 3
125 399 m1 425833 0 0.5 p-1 -2602429 261
135 400 m1 426777 0 0.5 p-1 -229258 111
189 401 m1 431831 0 0.5 p-1 -74250 5
327 402 m1 433992 0 0.5 p-1 -272 1
17 403 m1 435742 0 0.5 p-1 -9724325 282
18 404 m1 436659 0 0.5 p-1 -2055817 189
21 407 m1 464308 0 0.5 p-1 -3284889 215
355 408 m1 489285 0 0.5 p-1 -24685 1
291 410 m1 501443 0 0.5 p-1 -11589 8
312 411 m1 503834 0 0.5 p-1 -540 3
217 412 m1 508633 0 0.5 p-1 -24905 1
89 413 m1 508874 0 0.5 p-1 -947246 294
78 414 m1 532890 0 0.5 p-1 -4458 5
153 415 m1 540781 0 0.5 p-1 -3459758 87
352 416 m1 541055 0 0.5 p-1 -7267 1
256 417 m1 563055 0 0.5 p-1 -143420 29
60 418 m1 580344 0 0.5 p-1 -566308 265
25 419 m1 591373 0 0.5 p-1 -1205058 188
61 420 m1 596357 0 0.5 p-1 -982817 270
128 421 m1 599064 0 0.5 p-1 -524676 380
194 422 m1 599164 0 0.5 p-1 -513926 108
239 423 m1 599386 0 0.5 p-1 -11069 13
245 424 m1 603436 0 0.5 p-1 -511611 36
105 425 m1 611020 0 0.5 p-1 -221864 99
157 426 m1 618097 0 0.5 p-1 -53287 57
115 428 m1 681501 0 0.5 p-1 -699586 252
282 430 m1 704618 0 0.5 p-1 -4110 4
31 432 m1 719214 0 0.5 p-1 -1855563 749
93 434 m1 778993 0 0.5 p-1 -7733964 1109
332 436 m1 800593 0 0.5 p-1 -200 1
293 438 m1 831315 0 0.5 p-1 -39746 4
204 439 m1 836487 0 0.5 p-1 -12481 15
202 441 m1 854390 0 0.5 p-1 -54346 49
66 442 m1 855823 0 0.5 p-1 -3707116 929
68 444 m1 882759 0 0.5 p-1 -11117448 1479
109 445 m1 883773 0 0.5 p-1 -92290 85
102 446 m1 893419 0 0.5 p-1 -337485 135
309 447 m1 896226 0 0.5 p-1 -30813 5
271 448 m1 923841 0 0.5 p-1 -3694 4
284 449 m1 937379 0 0.5 p-1 -17316 7
42 450 m1 944763 0 0.5 p-1 -6555081 1645
118 451 m1 955223 0 0.5 p-1 -3397902 225
94 452 m1 958095 0 0.5 p-1 -1281634 210
199 453 m1 989172 0 0.5 p-1 -121421 67
Individuals:
