Mutations:
37 0 m2 1231 -0.00080172898 0.5 p-1 -7645466 1441
64 1 m2 3175 -0.0148668271 0.5 p-1 -1214930 852
50 2 m2 8961 -7.37684168e-05 0.5 p-1 -1951837 1251
1 3 m2 10089 -2.4919631e-05 0.5 p-1 -4794337 999
135 4 m2 11808 -1.27802823e-05 0.5 p-1 -613610 27
80 6 m2 14084 -0.00248933421 0.5 p-1 -263978 267
2 7 m2 19688 -0.00944394246 0.5 p-1 -4600892 1862
161 8 m2 24497 -0.000130752596 0.5 p-1 -184253 13
249 9 m2 25267 -0.0188488718 0.5 p-1 -7639 2
81 10 m2 34500 -0.0241124891 0.5 p-1 -235014 209
129 12 m2 48140 -0.0047394447 0.5 p-1 -398981 73
125 14 m2 60013 -0.132834598 0.5 p-1 -1830123 185
219 15 m2 60362 -0.00320520392 0.5 p-1 -25488 10
4 16 m2 62904 -0.000243768853 0.5 p-1 -5892079 1924
130 17 m2 68667 -0.0116940103 0.5 p-1 -35721 79
213 18 m2 71912 -4.07834023e-06 0.5 p-1 -63906 18
87 19 m2 79140 -0.00460541435 0.5 p-1 -2153139 479
38 20 m2 79863 -0.00197226251 0.5 p-1 -793918 232
95 21 m2 89770 -0.00231631682 0.5 p-1 -6703037 125
5 24 m2 103434 -3.07754308e-05 0.5 p-1 -5212896 328
6 27 m2 116362 -0.0755829588 0.5 p-1 -1648693 726
7 28 m2 118289 -0.00385948573 0.5 p-1 -4115779 869
173 29 m2 119316 -0.000200187293 0.5 p-1 -24577 14
207 32 m2 138896 -0.0317417979 0.5 p-1 -138221 6
265 33 m2 154373 -0.00249115587 0.5 p-1 -3517 1
194 36 m2 160869 -0.00572789786 0.5 p-1 -84204 17
262 37 m2 165958 -0.0404112116 0.5 p-1 -5857 1
51 39 m2 176281 -0.00240853522 0.5 p-1 -2039494 651
202 40 m2 184367 -0.00845448021 0.5 p-1 -238403 13
8 41 m2 188615 -0.013154177 0.5 p-1 -314722 317
236 42 m2 207142 -0.000537022832 0.5 p-1 -29624 4
124 43 m2 213671 -0.00488863653 0.5 p-1 -132681 46
179 45 m2 214928 -0.00155167736 0.5 p-1 -29125 21
150 46 m2 216559 -0.00452958466 0.5 p-1 -73680 27
233 48 m2 225088 -0.0640553012 0.5 p-1 -115 1
259 49 m2 229301 -0.000128364598 0.5 p-1 -61065 2
52 51 m2 251557 -0.00892417133 0.5 p-1 -1087270 160
40 52 m2 251725 -0.00664976332 0.5 p-1 -4705947 846
199 55 m2 262163 -0.0064827092 0.5 p-1 -19464 6
106 56 m2 262521 -1.11346199e-09 0.5 p-1 -707143 294
82 59 m2 267651 -0.0162247028 0.5 p-1 -352555 90
136 61 m2 276516 -0.00622100616 0.5 p-1 -236841 42
253 62 m2 276991 -0.00436046999 0.5 p-1 -10008 3
53 63 m2 279766 -0.000441381766 0.5 p-1 -775010 607
151 64 m2 292709 -0.00147994992 0.5 p-1 -2419734 32
254 65 m2 297547 -0.000335963123 0.5 p-1 -13690 3
140 66 m2 298727 -0.00208796421 0.5 p-1 -670846 123
41 67 m2 301747 -0.00294766156 0.5 p-1 -2700600 1508
165 68 m2 302879 -0.000287182571 0.5 p-1 -80104 137
191 69 m2 305043 -0.00801861659 0.5 p-1 -289741 48
148 71 m2 314691 -0.000269928656 0.5 p-1 -48272 24
66 72 m2 315503 -0.000693023379 0.5 p-1 -4444904 285
116 73 m2 316176 -0.00198813621 0.5 p-1 -954116 255
67 74 m2 316906 -1.74336346e-05 0.5 p-1 -1033517 171
42 75 m2 317166 -0.00101102761 0.5 p-1 -4385029 1433
185 76 m2 317366 -0.0155752646 0.5 p-1 -588191 72
168 78 m2 323333 -0.000133807014 0.5 p-1 -228177 33
198 79 m2 324055 -0.0258740243 0.5 p-1 -98144 12
169 80 m2 325745 -0.000327431335 0.5 p-1 -296458 21
10 81 m2 331445 -0.00947157759 0.5 p-1 -1271778 586
201 82 m2 331810 -1.41491082e-05 0.5 p-1 -7618 24
180 84 m2 335142 -0.000756009656 0.5 p-1 -279581 37
96 85 m2 339122 -0.00112968031 0.5 p-1 -708600 539
156 86 m2 340689 -1.40473694e-05 0.5 p-1 -17599 22
69 87 m2 343196 -0.00255585299 0.5 p-1 -191277 41
157 88 m2 344144 -0.00128823158 0.5 p-1 -23647 9
70 89 m2 346140 -0.00029374435 0.5 p-1 -344953 211
11 90 m2 353029 -0.0208291709 0.5 p-1 -2989572 1966
182 92 m2 358283 -0.00041189816 0.5 p-1 -12225 18
131 93 m2 361375 -0.00745160319 0.5 p-1 -268271 149
89 94 m2 363965 -0.00113458862 0.5 p-1 -5127309 9
210 95 m2 364124 -0.0196263809 0.5 p-1 -34325 3
149 96 m2 371880 -0.0012454621 0.5 p-1 -37218 22
110 97 m2 380015 -0.000712774927 0.5 p-1 -560686 340
54 98 m2 382997 -0.00743887294 0.5 p-1 -5327129 511
127 99 m2 389870 -0.0115532726 0.5 p-1 -140935 31
128 100 m2 392734 -6.70690497e-05 0.5 p-1 -3120220 284
55 102 m2 398468 -0.00267570745 0.5 p-1 -3315971 404
195 103 m2 403454 -0.00532808155 0.5 p-1 -37104 8
152 104 m2 403780 -6.36830737e-05 0.5 p-1 -30759 22
90 105 m2 408748 -0.0134795206 0.5 p-1 -524905 280
162 108 m2 410981 -0.00362602295 0.5 p-1 -305254 80
72 109 m2 418279 -2.34172276e-07 0.5 p-1 -2145648 970
56 110 m2 420774 -6.58647477e-05 0.5 p-1 -222182 265
222 111 m2 422701 -0.00286685419 0.5 p-1 -10120 22
133 112 m2 425137 -1.67564838e-06 0.5 p-1 -1045169 123
248 113 m2 427793 -0.0471000448 0.5 p-1 -7558 1
246 114 m2 428205 -0.000630817143 0.5 p-1 -1375 1
14 115 m2 435577 -0.0109603042 0.5 p-1 -8274047 1998
73 116 m2 443441 -0.00133170863 0.5 p-1 -1145925 444
238 117 m2 453609 -0.0101756779 0.5 p-1 -25205 15
16 118 m2 459911 -0.00120039377 0.5 p-1 -2910997 997
211 121 m2 469087 -0.00658264803 0.5 p-1 -111617 22
163 122 m2 469391 -0.0253741685 0.5 p-1 -16274 36
121 123 m2 469787 -0.014729741 0.5 p-1 -38068 12
257 124 m2 470271 -0.0132572558 0.5 p-1 -1271 1
181 125 m2 470430 -0.000782476156 0.5 p-1 -389120 74
44 126 m2 476509 -0.0372714512 0.5 p-1 -4228614 1062
18 127 m2 484732 -0.121992543 0.5 p-1 -461403 282
256 128 m2 485489 -0.00488575594 0.5 p-1 -9603 1
19 129 m2 485511 -0.0229887161 0.5 p-1 -3431673 1957
75 130 m2 487768 -0.00994762033 0.5 p-1 -217951 169
197 131 m2 495006 -0.00936124846 0.5 p-1 -165162 74
260 134 m2 510649 -0.00606248155 0.5 p-1 -10567 2
76 136 m2 521143 -0.0420481339 0.5 p-1 -4361471 474
218 137 m2 522624 -0.0811717361 0.5 p-1 -34898 4
20 138 m2 523844 -0.00100599614 0.5 p-1 -2708401 1349
21 139 m2 523901 -4.40707436e-06 0.5 p-1 -1201152 1026
138 140 m2 527159 -0.00126458553 0.5 p-1 -27407 15
158 141 m2 534084 -0.000564648537 0.5 p-1 -23820 21
45 142 m2 536768 -0.0137637947 0.5 p-1 -488210 39
57 144 m2 551086 -5.94153535e-05 0.5 p-1 -107066 26
153 147 m2 568007 -0.00943254493 0.5 p-1 -227305 110
99 148 m2 570078 -0.00617748452 0.5 p-1 -1000334 330
100 150 m2 577675 -0.00632537249 0.5 p-1 -7293467 359
212 151 m2 578807 -0.0605977699 0.5 p-1 -3599794 20
235 153 m2 590599 -0.00253749778 0.5 p-1 -18389 7
58 154 m2 594034 -0.0272596721 0.5 p-1 -5790507 1263
59 155 m2 594308 -0.0174575318 0.5 p-1 -1771925 1024
252 156 m2 598152 -0.00111067109 0.5 p-1 -32966 2
107 157 m2 602177 -0.0202868786 0.5 p-1 -294624 301
166 158 m2 605448 -0.0518630035 0.5 p-1 -17311 32
154 159 m2 608072 -0.00410630461 0.5 p-1 -126922 17
205 160 m2 610681 -0.00116612553 0.5 p-1 -705900 21
93 163 m2 629399 -0.000889164919 0.5 p-1 -5560897 523
196 166 m2 633209 -0.00919276942 0.5 p-1 -318540 7
22 168 m2 638688 -0.00064148003 0.5 p-1 -64159 144
23 170 m2 647860 -0.00135216571 0.5 p-1 -5409471 1860
243 171 m2 648197 -0.0131080169 0.5 p-1 -4880 2
230 172 m2 648617 -8.28960474e-05 0.5 p-1 -47 2
178 173 m2 649855 -4.28618796e-06 0.5 p-1 -101374 28
113 174 m2 651760 -0.00224380218 0.5 p-1 -2416069 203
24 175 m2 653201 -0.0334673673 0.5 p-1 -3914361 902
25 176 m2 668144 -0.0116785169 0.5 p-1 -1551525 978
264 178 m2 676387 -0.00400361745 0.5 p-1 -22144 1
192 179 m2 679145 -1.47776857e-08 0.5 p-1 -23393 4
26 181 m2 683186 -4.01723355e-06 0.5 p-1 -5976789 197
177 182 m2 685652 -0.000282613066 0.5 p-1 -732976 85
77 183 m2 689325 -3.94434646e-05 0.5 p-1 -899619 173
142 184 m2 694315 -0.012321867 0.5 p-1 -45326 16
46 185 m2 703694 -0.0229058284 0.5 p-1 -817230 315
27 186 m2 704651 -0.00048502846 0.5 p-1 -2505901 510
85 187 m2 707851 -0.00486115366 0.5 p-1 -1904329 417
115 189 m2 712137 -0.00834114105 0.5 p-1 -199915 8
204 190 m2 712250 -0.00593736069 0.5 p-1 -28776 32
117 191 m2 718437 -0.00159772276 0.5 p-1 -151636 55
28 192 m2 718644 -0.000761255214 0.5 p-1 -195314 139
105 194 m2 751107 -0.00866438169 0.5 p-1 -345843 165
114 195 m2 752782 -0.00130927493 0.5 p-1 -303359 210
183 197 m2 759881 -0.00914826337 0.5 p-1 -413700 91
60 199 m2 773199 -0.0220429935 0.5 p-1 -957400 219
47 200 m2 773498 -0.0138456021 0.5 p-1 -289513 318
61 201 m2 785428 -0.000780942675 0.5 p-1 -1842829 1120
29 203 m2 788296 -0.000188388818 0.5 p-1 -995901 132
30 204 m2 788822 -0.00121564791 0.5 p-1 -208023 105
159 205 m2 789295 -0.0126096345 0.5 p-1 -221755 56
190 206 m2 792020 -0.00748058083 0.5 p-1 -50815 27
48 207 m2 798158 -0.0145086236 0.5 p-1 -11463924 343
31 208 m2 799415 -0.000773972948 0.5 p-1 -2498066 1323
225 209 m2 801281 -0.000798758119 0.5 p-1 -50764 12
78 210 m2 801928 -0.00214487803 0.5 p-1 -1409166 305
102 212 m2 808490 -1.5967079e-07 0.5 p-1 -1824368 428
103 213 m2 809817 -0.0083765192 0.5 p-1 -807089 155
62 214 m2 810926 -0.00780294742 0.5 p-1 -1452237 369
118 215 m2 810975 -2.93583253e-05 0.5 p-1 -61089 89
32 218 m2 815885 -0.0291205272 0.5 p-1 -9698714 1133
79 221 m2 824595 -0.000272970821 0.5 p-1 -1082739 912
229 222 m2 839074 -0.00900359638 0.5 p-1 -10511 1
33 224 m2 850814 -0.0256395899 0.5 p-1 -1305357 1309
176 225 m2 854990 -0.00183345063 0.5 p-1 -33878 21
187 226 m2 861350 -0.00317994924 0.5 p-1 -174937 21
155 227 m2 870091 -0.000725123915 0.5 p-1 -307834 25
242 228 m2 878630 -1.07939322e-05 0.5 p-1 -38603 4
245 229 m2 887736 -7.64440992e-05 0.5 p-1 -5576 2
244 230 m2 895705 -0.0018519311 0.5 p-1 -9603 2
94 231 m2 896357 -0.0239208341 0.5 p-1 -1938196 357
214 232 m2 898981 -0.0275425259 0.5 p-1 -27889 12
63 233 m2 902849 -1.47731407e-06 0.5 p-1 -2105904 1079
111 234 m2 908467 -0.0673262551 0.5 p-1 -144834 33
35 238 m2 918893 -8.08182358e-06 0.5 p-1 -3955777 647
258 240 m2 923343 -0.00456575071 0.5 p-1 -397 5
200 242 m2 932234 -2.35157017e-06 0.5 p-1 -63198 15
237 243 m2 935282 -0.0325468592 0.5 p-1 -7375 5
108 244 m2 941069 -0.00761090824 0.5 p-1 -1845652 289
263 245 m2 947828 -0.0455232635 0.5 p-1 -17709 1
134 246 m2 950619 -0.00319999177 0.5 p-1 -16802 13
227 247 m2 953249 -1.62115384e-06 0.5 p-1 -25763 10
160 249 m2 958602 -0.000479366397 0.5 p-1 -137971 156
220 250 m2 961558 -0.0281888731 0.5 p-1 -15033 2
145 251 m2 965484 -0.00159551541 0.5 p-1 -737659 39
208 253 m2 971463 -0.000734146044 0.5 p-1 -78719 32
120 254 m2 975580 -3.58453963e-06 0.5 p-1 -208714 75
167 255 m2 987025 -0.0407646745 0.5 p-1 -212065 35
164 256 m2 987260 -0.00225311029 0.5 p-1 -124545 59
146 257 m2 994287 -0.000821921567 0.5 p-1 -13364 15
170 259 m2 328978 -0.0202935971 0.5 p0 2 11
247 261 m2 460866 -0.000178388858 0.5 p0 2 1
188 263 m2 218287 -0.000996529474 0.5 p0 2 1
266 264 m2 300724 -6.80028779e-06 0.5 p0 2 1
250 266 m2 360039 -0.00262433919 0.5 p0 2 2
217 277 m2 6669 -0.00195120112 0.5 p0 2 7
91 279 m2 481984 -0.0256004296 0.5 p0 2 2
223 283 m2 640098 -0.0132629192 0.5 p0 2 8
221 294 m2 341964 -0.000124308397 0.5 p0 2 6
240 295 m2 44438 -1.7006043e-05 0.5 p0 2 1
206 300 m2 405246 -5.40345081e-06 0.5 p0 2 12
224 309 m2 731246 -1.5104913e-06 0.5 p0 2 3
0 312 m1 632 0 0.5 p-1 -3558721 662
3 316 m1 21084 0 0.5 p-1 -10098016 1973
234 318 m1 97612 0 0.5 p-1 -65794 5
104 319 m1 111569 0 0.5 p-1 -32084 26
126 322 m1 137396 0 0.5 p-1 -257323 129
261 326 m1 200629 0 0.5 p-1 -322 2
9 327 m1 218281 0 0.5 p-1 -4692176 1712
147 328 m1 222540 0 0.5 p-1 -714297 36
65 329 m1 229906 0 0.5 p-1 -4359635 277
39 330 m1 230467 0 0.5 p-1 -1739072 864
143 332 m1 253785 0 0.5 p-1 -148129 14
172 333 m1 272740 0 0.5 p-1 -618 3
255 334 m1 312798 0 0.5 p-1 -90357 3
68 336 m1 337284 0 0.5 p-1 -2489836 757
88 337 m1 348392 0 0.5 p-1 -230505 207
71 338 m1 351916 0 0.5 p-1 -1546318 634
174 339 m1 360936 0 0.5 p-1 -35271 18
132 340 m1 362671 0 0.5 p-1 -498809 149
241 341 m1 384295 0 0.5 p-1 -15836 2
112 342 m1 391918 0 0.5 p-1 -172584 40
12 343 m1 402253 0 0.5 p-1 -14414488 1147
13 345 m1 432730 0 0.5 p-1 -574110 331
43 346 m1 452140 0 0.5 p-1 -3673662 68
15 347 m1 455823 0 0.5 p-1 -1999114 336
74 348 m1 459694 0 0.5 p-1 -1462404 514
251 349 m1 460088 0 0.5 p-1 -15255 1
97 350 m1 460737 0 0.5 p-1 -316849 342
17 351 m1 462595 0 0.5 p-1 -3625836 1453
232 353 m1 469764 0 0.5 p-1 -10180 2
193 355 m1 494651 0 0.5 p-1 -905758 81
144 357 m1 517187 0 0.5 p-1 -32413 21
92 358 m1 526437 0 0.5 p-1 -10080710 675
98 361 m1 547791 0 0.5 p-1 -24100 30
83 362 m1 553456 0 0.5 p-1 -1404416 384
119 363 m1 575321 0 0.5 p-1 -48837 48
226 364 m1 588128 0 0.5 p-1 -102655 6
101 365 m1 591069 0 0.5 p-1 -1227909 238
228 366 m1 594548 0 0.5 p-1 -49584 11
231 367 m1 608059 0 0.5 p-1 -30599 1
189 369 m1 624720 0 0.5 p-1 -69472 25
84 372 m1 647948 0 0.5 p-1 -3335238 241
122 373 m1 690100 0 0.5 p-1 -3988591 175
203 374 m1 704594 0 0.5 p-1 -269447 31
86 376 m1 745377 0 0.5 p-1 -2006200 279
123 377 m1 782496 0 0.5 p-1 -521223 162
171 379 m1 802376 0 0.5 p-1 -105768 8
175 380 m1 808927 0 0.5 p-1 -155526 46
141 381 m1 813261 0 0.5 p-1 -28666 36
137 383 m1 849537 0 0.5 p-1 -95569 64
216 384 m1 851205 0 0.5 p-1 -216786 20
186 386 m1 854562 0 0.5 p-1 -57890 16
34 388 m1 889132 0 0.5 p-1 -2518753 752
36 389 m1 919912 0 0.5 p-1 -1365202 633
49 390 m1 921996 0 0.5 p-1 -973328 502
109 392 m1 941261 0 0.5 p-1 -736858 72
239 393 m1 941626 0 0.5 p-1 -115109 5
184 394 m1 943045 0 0.5 p-1 -212978 15
209 395 m1 958447 0 0.5 p-1 -59315 16
215 396 m1 976001 0 0.5 p-1 -89773 11
139 397 m1 978124 0 0.5 p-1 -656 8
Individuals:
