Mutations:
120 1 m2 16554 -0.00313826581 0.5 p-1 -1313535 648
314 2 m2 19401 -0.000410136563 0.5 p-1 -12825 2
70 3 m2 19847 -0.0108166905 0.5 p-1 -717724 317
71 4 m2 20730 -0.0238812771 0.5 p-1 -2271922 329
222 5 m2 26405 -0.00454898644 0.5 p-1 -32639 17
167 6 m2 33189 -4.30005429e-07 0.5 p-1 -296377 97
311 7 m2 40781 -0.00642583426 0.5 p-1 -18372 4
1 8 m2 41179 -0.00100680941 0.5 p-1 -391442 237
281 10 m2 45572 -0.0127473045 0.5 p-1 -161885 15
204 12 m2 49091 -5.66231211e-06 0.5 p-1 -1919 12
259 14 m2 60434 -0.00121575303 0.5 p-1 -184725 41
236 15 m2 63501 -4.19048229e-05 0.5 p-1 -50940 44
45 16 m2 73395 -0.00260783895 0.5 p-1 -2240757 1062
3 17 m2 73418 -0.0114805996 0.5 p-1 -2879818 764
156 20 m2 78780 -0.0197269693 0.5 p-1 -7881331 513
189 21 m2 87571 -0.00211810996 0.5 p-1 -436958 61
288 22 m2 88990 -0.0424577594 0.5 p-1 -5736 2
92 23 m2 89731 -0.00297558797 0.5 p-1 -512186 360
127 24 m2 92431 -0.00103566167 0.5 p-1 -5435484 409
176 25 m2 93462 -0.0301100034 0.5 p-1 -54958 17
46 27 m2 108493 -0.0255723726 0.5 p-1 -3581672 393
4 29 m2 110611 -0.0105602136 0.5 p-1 -527177 302
153 30 m2 112709 -0.0430609696 0.5 p-1 -3078411 421
285 32 m2 119843 -0.000746310106 0.5 p-1 -1636 1
164 33 m2 131486 -0.0358099155 0.5 p-1 -693172 123
232 34 m2 133119 -1.37915622e-05 0.5 p-1 -511751 29
93 35 m2 133407 -0.00558173098 0.5 p-1 -7397563 1458
72 36 m2 139767 -0.000111773108 0.5 p-1 -3624043 74
6 39 m2 146452 -0.00733464165 0.5 p-1 -830936 25
47 40 m2 146548 -1.70340518e-05 0.5 p-1 -799948 220
317 41 m2 146747 -0.0112787588 0.5 p-1 -36579 2
272 42 m2 155035 -4.61927073e-07 0.5 p-1 -99726 6
280 43 m2 156577 -0.0349771157 0.5 p-1 -12037 4
73 46 m2 170759 -1.53031121e-09 0.5 p-1 -1306369 366
74 47 m2 174968 -0.020224439 0.5 p-1 -1863 1
133 49 m2 184404 -0.0124820285 0.5 p-1 -5147734 157
190 50 m2 185645 -0.00494311471 0.5 p-1 -459992 18
293 51 m2 186234 -1.32128353e-05 0.5 p-1 -136587 7
7 52 m2 192218 -0.000278888299 0.5 p-1 -3740197 923
212 53 m2 205200 -0.000226225253 0.5 p-1 -159872 47
9 54 m2 209825 -0.00638206117 0.5 p-1 -1476563 399
201 55 m2 212738 -3.24607099e-05 0.5 p-1 -886641 50
294 56 m2 214183 -0.000650374859 0.5 p-1 -8667 3
75 59 m2 221911 -0.059087906 0.5 p-1 -2153875 878
95 60 m2 223157 -0.0210617427 0.5 p-1 -404092 256
182 61 m2 232665 -0.000189518905 0.5 p-1 -121387 53
49 63 m2 267270 -0.000152234905 0.5 p-1 -3116606 808
50 64 m2 274859 -0.00287505635 0.5 p-1 -1045108 175
76 65 m2 275275 -0.000285964168 0.5 p-1 -1372769 958
14 66 m2 279904 -0.00285008689 0.5 p-1 -4270426 740
77 67 m2 283514 -0.0375057086 0.5 p-1 -465219 452
252 68 m2 284598 -0.0453892723 0.5 p-1 -63220 23
173 69 m2 284703 -0.0023969966 0.5 p-1 -38803 21
263 70 m2 290972 -9.69056657e-08 0.5 p-1 -126779 28
243 71 m2 295560 -6.03207839e-09 0.5 p-1 -345893 48
154 72 m2 297265 -0.00262585096 0.5 p-1 -154925 33
192 74 m2 298864 -0.0116248317 0.5 p-1 -100785 72
15 75 m2 308581 -3.26737936e-05 0.5 p-1 -3526374 1845
107 76 m2 309020 -3.7939426e-06 0.5 p-1 -3808227 765
165 77 m2 316684 -0.00242034369 0.5 p-1 -223510 92
331 78 m2 318523 -0.0313937403 0.5 p-1 -248 1
233 80 m2 326770 -5.49988499e-07 0.5 p-1 -16870 11
16 81 m2 327310 -0.054058671 0.5 p-1 -19789856 670
198 82 m2 332030 -0.000173198699 0.5 p-1 -17406 32
303 83 m2 335455 -2.13396197e-06 0.5 p-1 -25567 5
299 85 m2 344138 -7.70208717e-05 0.5 p-1 -1453 6
300 86 m2 344358 -0.00442016823 0.5 p-1 -10223 1
96 87 m2 347139 -0.0147207901 0.5 p-1 -1049591 511
199 88 m2 362138 -0.00932966452 0.5 p-1 -53472 58
250 89 m2 362593 -0.000935114687 0.5 p-1 -86989 11
17 91 m2 371952 -0.000385965395 0.5 p-1 -3037302 1806
97 93 m2 373780 -0.000516252127 0.5 p-1 -169707 302
268 94 m2 375787 -0.00656421063 0.5 p-1 -55232 10
52 95 m2 376171 -0.00595017755 0.5 p-1 -795201 138
18 96 m2 377060 -1.75139905e-06 0.5 p-1 -2716187 1083
53 97 m2 377831 -0.00334587321 0.5 p-1 -1759363 833
19 98 m2 380391 -0.00911491644 0.5 p-1 -558681 84
54 100 m2 383324 -0.00794204231 0.5 p-1 -1805465 695
213 101 m2 385248 -0.00277530216 0.5 p-1 -87156 59
275 102 m2 385431 -0.00215537404 0.5 p-1 -9119 13
279 103 m2 389525 -0.00334588834 0.5 p-1 -35850 3
277 104 m2 399535 -0.000220095084 0.5 p-1 -72945 11
55 105 m2 399771 -0.00981114805 0.5 p-1 -863716 1224
226 106 m2 403726 -0.00470152125 0.5 p-1 -8647 19
56 107 m2 407794 -0.000879035622 0.5 p-1 -471025 291
320 108 m2 410795 -0.000456432143 0.5 p-1 -5073 2
238 110 m2 416518 -0.00280939415 0.5 p-1 -179110 12
214 111 m2 419867 -0.0131861353 0.5 p-1 -55164 31
187 112 m2 422557 -0.038424816 0.5 p-1 -55909 10
121 114 m2 427072 -0.0055806688 0.5 p-1 -584180 302
20 115 m2 428755 -4.07709704e-05 0.5 p-1 -4176038 1539
231 118 m2 434137 -0.00320727611 0.5 p-1 -10630 9
217 119 m2 439668 -0.000364996318 0.5 p-1 -1942999 39
23 120 m2 441183 -0.000421424513 0.5 p-1 -1647931 1569
234 124 m2 443654 -5.64147813e-05 0.5 p-1 -3342 4
58 126 m2 453893 -0.000356287987 0.5 p-1 -2984012 934
59 127 m2 456591 -0.0295293331 0.5 p-1 -815750 571
274 129 m2 461286 -0.014305965 0.5 p-1 -12137 1
99 130 m2 467207 -4.38002608e-05 0.5 p-1 -105862 10
327 134 m2 473154 -0.00101820857 0.5 p-1 -12662 1
114 135 m2 473884 -0.0128863342 0.5 p-1 -13820 22
322 136 m2 480003 -0.0134336771 0.5 p-1 -42846 1
108 137 m2 481764 -0.000607129652 0.5 p-1 -10022859 655
218 139 m2 492391 -2.27636137e-05 0.5 p-1 -544 7
180 141 m2 497144 -0.004452297 0.5 p-1 -152519 61
302 142 m2 497804 -3.87511463e-05 0.5 p-1 -103 4
319 144 m2 514225 -0.000109218759 0.5 p-1 -25762 1
24 146 m2 516779 -0.000158783689 0.5 p-1 -4970555 1071
25 147 m2 518080 -0.00035692635 0.5 p-1 -7823533 1679
258 148 m2 522536 -1.67541339e-06 0.5 p-1 -143627 24
60 150 m2 534973 -0.01026149 0.5 p-1 -1580339 496
249 151 m2 537335 -0.0356577188 0.5 p-1 -12462 13
202 152 m2 543431 -0.0064697261 0.5 p-1 -150654 31
185 153 m2 546286 -1.5009663e-05 0.5 p-1 -11349001 192
159 154 m2 546805 -3.58509993e-07 0.5 p-1 -69569 26
240 155 m2 547384 -3.55028824e-05 0.5 p-1 -8499 13
123 156 m2 548259 -0.0140319504 0.5 p-1 -328685 35
78 157 m2 549898 -0.000162076452 0.5 p-1 -133159 35
181 158 m2 551435 -0.000803822826 0.5 p-1 -532932 137
177 159 m2 561704 -0.0104260109 0.5 p-1 -1178978 71
144 160 m2 568493 -0.00111810374 0.5 p-1 -161830 96
79 161 m2 574120 -0.000321769359 0.5 p-1 -1453222 95
61 162 m2 576773 -0.00116277277 0.5 p-1 -717626 439
26 163 m2 583495 -0.0126133515 0.5 p-1 -4875153 873
195 164 m2 593929 -3.09516366e-07 0.5 p-1 -3146937 137
125 166 m2 597683 -0.00817408599 0.5 p-1 -2274770 177
101 167 m2 598633 -1.72276771e-06 0.5 p-1 -220674 28
27 168 m2 599241 -2.68532058e-05 0.5 p-1 -5997133 766
175 169 m2 602092 -0.00313061243 0.5 p-1 -468245 92
28 170 m2 602586 -0.00739395432 0.5 p-1 -822646 395
29 171 m2 605987 -0.00314184348 0.5 p-1 -3074296 846
81 172 m2 609232 -0.0387260206 0.5 p-1 -950634 201
31 173 m2 614579 -4.15332543e-05 0.5 p-1 -2562000 1926
255 174 m2 616974 -0.0338809565 0.5 p-1 -150358 24
296 175 m2 617493 -8.15663148e-10 0.5 p-1 -103377 26
229 176 m2 618010 -0.0206666794 0.5 p-1 -435826 21
102 177 m2 619175 -0.00998421758 0.5 p-1 -372525 285
196 178 m2 627846 -0.00035045165 0.5 p-1 -94265 15
103 179 m2 628472 -1.03559205e-06 0.5 p-1 -6568440 340
224 182 m2 631795 -0.0276766177 0.5 p-1 -425844 99
188 183 m2 641157 -0.000453850866 0.5 p-1 -1568426 107
116 184 m2 646401 -2.51133588e-06 0.5 p-1 -122357 68
215 185 m2 649687 -0.0078490125 0.5 p-1 -3542 5
32 186 m2 654643 -0.00163796591 0.5 p-1 -6667951 1212
178 188 m2 657376 -0.00918995962 0.5 p-1 -251664 79
284 189 m2 670204 -0.0286339633 0.5 p-1 -56201 10
325 190 m2 670822 -0.00417643832 0.5 p-1 -28334 1
149 191 m2 672591 -0.00748723792 0.5 p-1 -272665 87
62 193 m2 676620 -0.012213924 0.5 p-1 -5752896 948
162 194 m2 678521 -0.0191249102 0.5 p-1 -4775135 162
235 195 m2 681619 -0.000113693372 0.5 p-1 -253 3
33 196 m2 684793 -0.00366736832 0.5 p-1 -369627 92
63 197 m2 707560 -8.42116879e-06 0.5 p-1 -709663 390
109 198 m2 707572 -0.00224570208 0.5 p-1 -848312 314
227 200 m2 708246 -0.0106704151 0.5 p-1 -223573 29
191 201 m2 720452 -0.000200828566 0.5 p-1 -368163 90
34 202 m2 723054 -1.79408325e-05 0.5 p-1 -559303 38
131 203 m2 724802 -2.8249784e-05 0.5 p-1 -180081 166
223 204 m2 725024 -0.00560441799 0.5 p-1 -16543 20
135 205 m2 727257 -0.000156660666 0.5 p-1 -837772 110
193 206 m2 732004 -0.000428253232 0.5 p-1 -237433 90
35 207 m2 735632 -0.00223238836 0.5 p-1 -12896577 1407
84 208 m2 735679 -0.000664080435 0.5 p-1 -856971 265
36 210 m2 740382 -0.0227164309 0.5 p-1 -5441852 1920
251 211 m2 744043 -0.0019133247 0.5 p-1 -9854 13
260 212 m2 748265 -0.00816754997 0.5 p-1 -43471 12
85 213 m2 748618 -0.00473759091 0.5 p-1 -2781833 336
37 214 m2 750107 -0.00107977877 0.5 p-1 -2201742 1039
86 215 m2 759791 -0.000496900757 0.5 p-1 -2328005 565
298 216 m2 762762 -0.0181647819 0.5 p-1 -62900 5
194 217 m2 765626 -1.62656252e-05 0.5 p-1 -1428508 86
254 218 m2 765979 -0.000627384114 0.5 p-1 -16283 5
207 221 m2 772872 -0.0170404594 0.5 p-1 -1800282 185
117 222 m2 778292 -0.00816320814 0.5 p-1 -237154 99
118 224 m2 790316 -0.000435334427 0.5 p-1 -963845 814
64 225 m2 792446 -0.00307976943 0.5 p-1 -3642919 1073
208 226 m2 794817 -0.00529503124 0.5 p-1 -215551 31
104 228 m2 797506 -0.000309090712 0.5 p-1 -440130 118
87 230 m2 798708 -0.00107720715 0.5 p-1 -3091014 454
88 231 m2 799496 -0.00918782689 0.5 p-1 -4374263 1146
136 232 m2 803740 -0.00978168659 0.5 p-1 -3758530 79
261 233 m2 806539 -0.0160222743 0.5 p-1 -256817 5
132 235 m2 813330 -3.77394933e-08 0.5 p-1 -211537 103
137 236 m2 823903 -0.00445837248 0.5 p-1 -1675374 134
170 237 m2 831542 -0.00241104397 0.5 p-1 -827327 112
39 238 m2 837520 -0.0274343882 0.5 p-1 -6486641 1362
200 240 m2 840630 -0.0109181255 0.5 p-1 -31932 16
40 241 m2 841645 -7.26674261e-05 0.5 p-1 -3213178 1259
126 242 m2 845988 -0.000387060601 0.5 p-1 -37257 21
65 243 m2 846021 -1.81045809e-08 0.5 p-1 -391647 270
257 244 m2 847583 -0.00107225578 0.5 p-1 -102041 5
304 245 m2 853617 -1.46160306e-11 0.5 p-1 -19478 4
328 246 m2 853699 -0.000176574089 0.5 p-1 -234929 2
138 248 m2 854155 -0.00859897863 0.5 p-1 -343798 37
242 249 m2 854688 -0.00572087429 0.5 p-1 -28359 2
266 251 m2 856011 -0.000947779743 0.5 p-1 -69368 5
230 253 m2 858615 -0.00382782123 0.5 p-1 -56788 20
239 254 m2 864161 -0.086551927 0.5 p-1 -7904 11
216 255 m2 864193 -0.00244759 0.5 p-1 -9368 9
168 256 m2 867671 -0.00870218594 0.5 p-1 -9193941 94
210 257 m2 877265 -0.000432808243 0.5 p-1 -704123 19
41 258 m2 879102 -0.00487086317 0.5 p-1 -2698566 821
110 259 m2 879184 -0.0407457426 0.5 p-1 -112588 79
106 260 m2 884155 -0.00135928451 0.5 p-1 -1727260 317
150 261 m2 886464 -0.0707808658 0.5 p-1 -622324 118
297 262 m2 886621 -0.000280112872 0.5 p-1 -6110 11
179 263 m2 887824 -0.0290576126 0.5 p-1 -136584 53
246 264 m2 890690 -0.00197028951 0.5 p-1 -21330 17
206 266 m2 895876 -0.0220501572 0.5 p-1 -883597 63
197 267 m2 897426 -0.0200714413 0.5 p-1 -218782 98
139 268 m2 899825 -0.0186455082 0.5 p-1 -359597 280
66 269 m2 900641 -0.0567586906 0.5 p-1 -2285746 884
186 270 m2 902109 -0.00205965666 0.5 p-1 -865596 23
67 271 m2 907913 -0.00133091537 0.5 p-1 -777318 591
111 275 m2 917721 -0.0222473033 0.5 p-1 -165985 88
112 276 m2 919285 -0.00653648842 0.5 p-1 -660277 483
89 277 m2 922895 -3.18569801e-05 0.5 p-1 -995805 389
307 278 m2 926407 -2.77401178e-08 0.5 p-1 -7473 1
43 279 m2 927116 -0.0824819282 0.5 p-1 -1588458 464
90 280 m2 927677 -2.71250665e-05 0.5 p-1 -4920454 272
151 281 m2 941472 -0.00844884105 0.5 p-1 -321550 16
171 282 m2 960779 -0.0294002499 0.5 p-1 -1602898 114
141 283 m2 962365 -0.00229941402 0.5 p-1 -558329 160
203 284 m2 969634 -4.75663692e-05 0.5 p-1 -841246 66
244 285 m2 970921 -0.00251782732 0.5 p-1 -155875 69
184 286 m2 976321 -0.00757070538 0.5 p-1 -314110 183
142 287 m2 980846 -0.0101347361 0.5 p-1 -795705 124
146 288 m2 981164 -0.00750922598 0.5 p-1 -247126 132
44 289 m2 981352 -0.00920283515 0.5 p-1 -1943629 1896
69 291 m2 995110 -9.64383216e-05 0.5 p-1 -303163 53
290 292 m2 161462 -0.0184203573 0.5 p0 2 3
321 297 m2 169316 -0.0426971018 0.5 p0 2 1
312 299 m2 935310 -0.0118758399 0.5 p0 2 1
310 301 m2 368866 -9.77539239e-05 0.5 p0 2 4
276 304 m2 904510 -0.00336909178 0.5 p0 2 9
269 307 m2 470547 -0.0111373691 0.5 p0 2 11
289 308 m2 108216 -0.000276356237 0.5 p0 2 2
278 310 m2 906961 -0.0312693156 0.5 p0 2 1
256 315 m2 374435 -0.00281773671 0.5 p0 2 1
329 316 m2 988521 -0.00282152207 0.5 p0 2 1
324 319 m2 910534 -3.68721085e-05 0.5 p0 2 1
323 321 m2 81032 -0.00181907869 0.5 p0 2 1
228 322 m2 648187 -0.000837209634 0.5 p0 2 1
301 323 m2 968189 -0.00334686902 0.5 p0 2 3
291 325 m2 228673 -0.00812323391 0.5 p0 2 2
308 328 m2 490183 -0.0013500402 0.5 p0 2 4
183 332 m2 682722 -0.0173320416 0.5 p0 2 4
283 335 m2 561709 -0.000176368951 0.5 p0 2 7
313 340 m2 701811 -0.00984495226 0.5 p0 2 3
295 341 m2 160194 -0.000445368671 0.5 p0 2 3
271 346 m2 477415 -0.000169994441 0.5 p0 2 1
0 348 m1 966 0 0.5 p-1 -5620549 1933
91 349 m1 1936 0 0.5 p-1 -2488059 423
292 350 m1 7038 0 0.5 p-1 -17957 3
245 351 m1 7512 0 0.5 p-1 -41041 19
286 352 m1 12999 0 0.5 p-1 -73184 29
172 354 m1 48819 0 0.5 p-1 -1395944 197
2 355 m1 56854 0 0.5 p-1 -1468017 550
309 356 m1 64703 0 0.5 p-1 -24300 3
248 357 m1 67286 0 0.5 p-1 -14706 27
148 358 m1 67822 0 0.5 p-1 -503590 113
220 359 m1 72558 0 0.5 p-1 -179053 17
332 360 m1 82751 0 0.5 p-1 -10221 1
211 361 m1 87414 0 0.5 p-1 -75626 47
152 362 m1 95934 0 0.5 p-1 -86174 12
316 363 m1 104365 0 0.5 p-1 -10767 2
5 364 m1 124341 0 0.5 p-1 -1714179 1195
253 366 m1 138621 0 0.5 p-1 -257921 27
205 367 m1 139804 0 0.5 p-1 -249004 73
282 369 m1 143477 0 0.5 p-1 -93750 14
241 371 m1 163502 0 0.5 p-1 -2882 2
264 372 m1 169509 0 0.5 p-1 -30276 2
128 373 m1 190730 0 0.5 p-1 -291462 305
8 374 m1 196053 0 0.5 p-1 -3387696 1768
94 375 m1 197000 0 0.5 p-1 -2270150 541
273 376 m1 199844 0 0.5 p-1 -6049 1
247 377 m1 217559 0 0.5 p-1 -8755 9
10 378 m1 224036 0 0.5 p-1 -7046401 343
11 379 m1 228161 0 0.5 p-1 -7583973 1202
48 380 m1 230122 0 0.5 p-1 -250657 51
12 381 m1 247079 0 0.5 p-1 -10949917 1730
13 382 m1 262201 0 0.5 p-1 -8240516 564
157 384 m1 299385 0 0.5 p-1 -135948 90
174 385 m1 332957 0 0.5 p-1 -73508 48
270 386 m1 338594 0 0.5 p-1 -81683 28
134 387 m1 339915 0 0.5 p-1 -122217 206
51 388 m1 343237 0 0.5 p-1 -8763724 1444
163 391 m1 347582 0 0.5 p-1 -134482 39
143 392 m1 372634 0 0.5 p-1 -2936999 167
333 393 m1 384398 0 0.5 p-1 -7365 1
98 394 m1 385740 0 0.5 p-1 -383835 149
129 395 m1 401977 0 0.5 p-1 -305042 61
155 396 m1 410719 0 0.5 p-1 -327550 195
326 397 m1 412138 0 0.5 p-1 -6450 1
57 399 m1 425833 0 0.5 p-1 -2602429 297
130 400 m1 426777 0 0.5 p-1 -229258 118
262 401 m1 431831 0 0.5 p-1 -74250 9
318 402 m1 433992 0 0.5 p-1 -272 1
21 403 m1 435742 0 0.5 p-1 -9724325 331
22 404 m1 436659 0 0.5 p-1 -2055817 172
158 407 m1 464308 0 0.5 p-1 -3284889 279
305 408 m1 489285 0 0.5 p-1 -24685 7
335 410 m1 501443 0 0.5 p-1 -11589 1
315 412 m1 508633 0 0.5 p-1 -24905 4
122 413 m1 508874 0 0.5 p-1 -947246 268
334 414 m1 532890 0 0.5 p-1 -4458 1
115 415 m1 540781 0 0.5 p-1 -3459758 76
287 416 m1 541055 0 0.5 p-1 -7267 2
124 417 m1 563055 0 0.5 p-1 -143420 36
160 418 m1 580344 0 0.5 p-1 -566308 220
100 419 m1 591373 0 0.5 p-1 -1205058 218
161 420 m1 596357 0 0.5 p-1 -982817 293
145 421 m1 599064 0 0.5 p-1 -524676 376
80 422 m1 599164 0 0.5 p-1 -513926 139
267 423 m1 599386 0 0.5 p-1 -11069 3
221 424 m1 603436 0 0.5 p-1 -511611 28
30 425 m1 611020 0 0.5 p-1 -221864 90
166 426 m1 618097 0 0.5 p-1 -53287 72
82 428 m1 681501 0 0.5 p-1 -699586 204
306 430 m1 704618 0 0.5 p-1 -4110 5
83 432 m1 719214 0 0.5 p-1 -1855563 873
38 434 m1 778993 0 0.5 p-1 -7733964 1107
237 438 m1 831315 0 0.5 p-1 -39746 7
265 439 m1 836487 0 0.5 p-1 -12481 7
219 441 m1 854390 0 0.5 p-1 -54346 57
105 442 m1 855823 0 0.5 p-1 -3707116 909
42 444 m1 882759 0 0.5 p-1 -11117448 1484
119 445 m1 883773 0 0.5 p-1 -92290 131
169 446 m1 893419 0 0.5 p-1 -337485 106
209 447 m1 896226 0 0.5 p-1 -30813 5
330 448 m1 923841 0 0.5 p-1 -3694 1
225 449 m1 937379 0 0.5 p-1 -17316 15
68 450 m1 944763 0 0.5 p-1 -6555081 1685
113 451 m1 955223 0 0.5 p-1 -3397902 239
140 452 m1 958095 0 0.5 p-1 -1281634 198
147 453 m1 989172 0 0.5 p-1 -121421 88
Individuals:
