Mutations:
42 0 m2 1231 -0.00080172898 0.5 p-1 -7645466 1378
73 1 m2 3175 -0.0148668271 0.5 p-1 -1214930 987
0 2 m2 8961 -7.37684168e-05 0.5 p-1 -1951837 1211
1 3 m2 10089 -2.4919631e-05 0.5 p-1 -4794337 864
258 4 m2 11808 -1.27802823e-05 0.5 p-1 -613610 1
118 6 m2 14084 -0.00248933421 0.5 p-1 -263978 257
2 7 m2 19688 -0.00944394246 0.5 p-1 -4600892 1860
184 8 m2 24497 -0.000130752596 0.5 p-1 -184253 25
43 10 m2 34500 -0.0241124891 0.5 p-1 -235014 96
113 12 m2 48140 -0.0047394447 0.5 p-1 -398981 78
124 14 m2 60013 -0.132834598 0.5 p-1 -1830123 124
229 15 m2 60362 -0.00320520392 0.5 p-1 -25488 6
4 16 m2 62904 -0.000243768853 0.5 p-1 -5892079 1928
5 17 m2 68667 -0.0116940103 0.5 p-1 -35721 48
237 18 m2 71912 -4.07834023e-06 0.5 p-1 -63906 4
103 19 m2 79140 -0.00460541435 0.5 p-1 -2153139 533
97 20 m2 79863 -0.00197226251 0.5 p-1 -793918 218
129 21 m2 89770 -0.00231631682 0.5 p-1 -6703037 103
114 24 m2 103434 -3.07754308e-05 0.5 p-1 -5212896 397
61 27 m2 116362 -0.0755829588 0.5 p-1 -1648693 588
6 28 m2 118289 -0.00385948573 0.5 p-1 -4115779 824
154 29 m2 119316 -0.000200187293 0.5 p-1 -24577 8
233 32 m2 138896 -0.0317417979 0.5 p-1 -138221 6
189 36 m2 160869 -0.00572789786 0.5 p-1 -84204 28
7 39 m2 176281 -0.00240853522 0.5 p-1 -2039494 605
218 40 m2 184367 -0.00845448021 0.5 p-1 -238403 7
93 41 m2 188615 -0.013154177 0.5 p-1 -314722 300
260 42 m2 207142 -0.000537022832 0.5 p-1 -29624 1
196 43 m2 213671 -0.00488863653 0.5 p-1 -132681 17
177 45 m2 214928 -0.00155167736 0.5 p-1 -29125 13
44 46 m2 216559 -0.00452958466 0.5 p-1 -73680 41
255 49 m2 229301 -0.000128364598 0.5 p-1 -61065 3
89 51 m2 251557 -0.00892417133 0.5 p-1 -1087270 167
45 52 m2 251725 -0.00664976332 0.5 p-1 -4705947 804
165 55 m2 262163 -0.0064827092 0.5 p-1 -19464 19
104 56 m2 262521 -1.11346199e-09 0.5 p-1 -707143 325
137 59 m2 267651 -0.0162247028 0.5 p-1 -352555 86
178 61 m2 276516 -0.00622100616 0.5 p-1 -236841 14
46 63 m2 279766 -0.000441381766 0.5 p-1 -775010 679
119 64 m2 292709 -0.00147994992 0.5 p-1 -2419734 53
143 66 m2 298727 -0.00208796421 0.5 p-1 -670846 137
47 67 m2 301747 -0.00294766156 0.5 p-1 -2700600 1501
148 68 m2 302879 -0.000287182571 0.5 p-1 -80104 150
157 69 m2 305043 -0.00801861659 0.5 p-1 -289741 39
161 71 m2 314691 -0.000269928656 0.5 p-1 -48272 8
90 72 m2 315503 -0.000693023379 0.5 p-1 -4444904 342
85 73 m2 316176 -0.00198813621 0.5 p-1 -954116 321
105 74 m2 316906 -1.74336346e-05 0.5 p-1 -1033517 161
10 75 m2 317166 -0.00101102761 0.5 p-1 -4385029 1512
48 76 m2 317366 -0.0155752646 0.5 p-1 -588191 123
63 78 m2 323333 -0.000133807014 0.5 p-1 -228177 98
185 79 m2 324055 -0.0258740243 0.5 p-1 -98144 22
198 80 m2 325745 -0.000327431335 0.5 p-1 -296458 9
74 81 m2 331445 -0.00947157759 0.5 p-1 -1271778 515
181 82 m2 331810 -1.41491082e-05 0.5 p-1 -7618 15
211 84 m2 335142 -0.000756009656 0.5 p-1 -279581 22
49 85 m2 339122 -0.00112968031 0.5 p-1 -708600 494
192 86 m2 340689 -1.40473694e-05 0.5 p-1 -17599 18
106 87 m2 343196 -0.00255585299 0.5 p-1 -191277 46
251 88 m2 344144 -0.00128823158 0.5 p-1 -23647 1
107 89 m2 346140 -0.00029374435 0.5 p-1 -344953 267
13 90 m2 353029 -0.0208291709 0.5 p-1 -2989572 1979
98 93 m2 361375 -0.00745160319 0.5 p-1 -268271 88
144 94 m2 363965 -0.00113458862 0.5 p-1 -5127309 12
201 95 m2 364124 -0.0196263809 0.5 p-1 -34325 9
227 96 m2 371880 -0.0012454621 0.5 p-1 -37218 7
14 97 m2 380015 -0.000712774927 0.5 p-1 -560686 299
15 98 m2 382997 -0.00743887294 0.5 p-1 -5327129 492
140 99 m2 389870 -0.0115532726 0.5 p-1 -140935 60
76 100 m2 392734 -6.70690497e-05 0.5 p-1 -3120220 393
135 102 m2 398468 -0.00267570745 0.5 p-1 -3315971 381
213 103 m2 403454 -0.00532808155 0.5 p-1 -37104 3
219 104 m2 403780 -6.36830737e-05 0.5 p-1 -30759 1
77 105 m2 408748 -0.0134795206 0.5 p-1 -524905 280
214 108 m2 410981 -0.00362602295 0.5 p-1 -305254 41
17 109 m2 418279 -2.34172276e-07 0.5 p-1 -2145648 900
120 110 m2 420774 -6.58647477e-05 0.5 p-1 -222182 215
138 111 m2 422701 -0.00286685419 0.5 p-1 -10120 30
116 112 m2 425137 -1.67564838e-06 0.5 p-1 -1045169 104
223 114 m2 428205 -0.000630817143 0.5 p-1 -1375 3
19 115 m2 435577 -0.0109603042 0.5 p-1 -8274047 1998
108 116 m2 443441 -0.00133170863 0.5 p-1 -1145925 374
86 117 m2 453609 -0.0101756779 0.5 p-1 -25205 51
22 118 m2 459911 -0.00120039377 0.5 p-1 -2910997 1192
202 121 m2 469087 -0.00658264803 0.5 p-1 -111617 44
246 122 m2 469391 -0.0253741685 0.5 p-1 -16274 2
225 123 m2 469787 -0.014729741 0.5 p-1 -38068 9
152 125 m2 470430 -0.000782476156 0.5 p-1 -389120 38
23 126 m2 476509 -0.0372714512 0.5 p-1 -4228614 1092
51 127 m2 484732 -0.121992543 0.5 p-1 -461403 258
24 129 m2 485511 -0.0229887161 0.5 p-1 -3431673 1978
52 130 m2 487768 -0.00994762033 0.5 p-1 -217951 126
131 131 m2 495006 -0.00936124846 0.5 p-1 -165162 55
183 134 m2 510649 -0.00606248155 0.5 p-1 -10567 4
64 136 m2 521143 -0.0420481339 0.5 p-1 -4361471 403
149 137 m2 522624 -0.0811717361 0.5 p-1 -34898 12
25 138 m2 523844 -0.00100599614 0.5 p-1 -2708401 1329
26 139 m2 523901 -4.40707436e-06 0.5 p-1 -1201152 978
87 140 m2 527159 -0.00126458553 0.5 p-1 -27407 34
187 141 m2 534084 -0.000564648537 0.5 p-1 -23820 27
142 142 m2 536768 -0.0137637947 0.5 p-1 -488210 31
117 144 m2 551086 -5.94153535e-05 0.5 p-1 -107066 38
100 147 m2 568007 -0.00943254493 0.5 p-1 -227305 62
27 148 m2 570078 -0.00617748452 0.5 p-1 -1000334 308
109 150 m2 577675 -0.00632537249 0.5 p-1 -7293467 366
80 151 m2 578807 -0.0605977699 0.5 p-1 -3599794 34
228 152 m2 585047 -0.00033918058 0.5 p-1 -17351 15
247 153 m2 590599 -0.00253749778 0.5 p-1 -18389 2
54 154 m2 594034 -0.0272596721 0.5 p-1 -5790507 1032
29 155 m2 594308 -0.0174575318 0.5 p-1 -1771925 936
30 157 m2 602177 -0.0202868786 0.5 p-1 -294624 261
209 158 m2 605448 -0.0518630035 0.5 p-1 -17311 19
176 159 m2 608072 -0.00410630461 0.5 p-1 -126922 10
150 160 m2 610681 -0.00116612553 0.5 p-1 -705900 37
253 162 m2 624661 -0.0156570021 0.5 p-1 -9433 2
65 163 m2 629399 -0.000889164919 0.5 p-1 -5560897 503
221 166 m2 633209 -0.00919276942 0.5 p-1 -318540 8
158 168 m2 638688 -0.00064148003 0.5 p-1 -64159 85
122 169 m2 639663 -0.000166122234 0.5 p-1 -194989 10
31 170 m2 647860 -0.00135216571 0.5 p-1 -5409471 1903
191 173 m2 649855 -4.28618796e-06 0.5 p-1 -101374 10
66 174 m2 651760 -0.00224380218 0.5 p-1 -2416069 158
55 175 m2 653201 -0.0334673673 0.5 p-1 -3914361 977
67 176 m2 668144 -0.0116785169 0.5 p-1 -1551525 985
179 179 m2 679145 -1.47776857e-08 0.5 p-1 -23393 7
68 181 m2 683186 -4.01723355e-06 0.5 p-1 -5976789 191
88 182 m2 685652 -0.000282613066 0.5 p-1 -732976 159
110 183 m2 689325 -3.94434646e-05 0.5 p-1 -899619 203
136 184 m2 694315 -0.012321867 0.5 p-1 -45326 69
56 185 m2 703694 -0.0229058284 0.5 p-1 -817230 289
94 186 m2 704651 -0.00048502846 0.5 p-1 -2505901 645
69 187 m2 707851 -0.00486115366 0.5 p-1 -1904329 395
245 188 m2 710107 -0.0119945975 0.5 p-1 -4029 5
239 190 m2 712250 -0.00593736069 0.5 p-1 -28776 5
182 191 m2 718437 -0.00159772276 0.5 p-1 -151636 95
112 192 m2 718644 -0.000761255214 0.5 p-1 -195314 107
132 194 m2 751107 -0.00866438169 0.5 p-1 -345843 220
166 195 m2 752782 -0.00130927493 0.5 p-1 -303359 185
81 197 m2 759881 -0.00914826337 0.5 p-1 -413700 138
82 199 m2 773199 -0.0220429935 0.5 p-1 -957400 172
130 200 m2 773498 -0.0138456021 0.5 p-1 -289513 196
33 201 m2 785428 -0.000780942675 0.5 p-1 -1842829 1298
91 203 m2 788296 -0.000188388818 0.5 p-1 -995901 232
92 204 m2 788822 -0.00121564791 0.5 p-1 -208023 131
123 205 m2 789295 -0.0126096345 0.5 p-1 -221755 133
171 206 m2 792020 -0.00748058083 0.5 p-1 -50815 35
134 207 m2 798158 -0.0145086236 0.5 p-1 -11463924 216
34 208 m2 799415 -0.000773972948 0.5 p-1 -2498066 1310
126 209 m2 801281 -0.000798758119 0.5 p-1 -50764 61
57 210 m2 801928 -0.00214487803 0.5 p-1 -1409166 368
35 212 m2 808490 -1.5967079e-07 0.5 p-1 -1824368 547
84 213 m2 809817 -0.0083765192 0.5 p-1 -807089 179
95 214 m2 810926 -0.00780294742 0.5 p-1 -1452237 372
70 215 m2 810975 -2.93583253e-05 0.5 p-1 -61089 48
58 218 m2 815885 -0.0291205272 0.5 p-1 -9698714 1163
249 220 m2 820807 -0.0381030776 0.5 p-1 -9922 3
71 221 m2 824595 -0.000272970821 0.5 p-1 -1082739 936
204 222 m2 839074 -0.00900359638 0.5 p-1 -10511 9
72 224 m2 850814 -0.0256395899 0.5 p-1 -1305357 1342
252 225 m2 854990 -0.00183345063 0.5 p-1 -33878 6
159 226 m2 861350 -0.00317994924 0.5 p-1 -174937 14
200 227 m2 870091 -0.000725123915 0.5 p-1 -307834 27
59 231 m2 896357 -0.0239208341 0.5 p-1 -1938196 492
222 232 m2 898981 -0.0275425259 0.5 p-1 -27889 3
38 233 m2 902849 -1.47731407e-06 0.5 p-1 -2105904 1061
146 234 m2 908467 -0.0673262551 0.5 p-1 -144834 33
60 238 m2 918893 -8.08182358e-06 0.5 p-1 -3955777 753
190 242 m2 932234 -2.35157017e-06 0.5 p-1 -63198 6
167 244 m2 941069 -0.00761090824 0.5 p-1 -1845652 234
199 245 m2 947828 -0.0455232635 0.5 p-1 -17709 3
220 246 m2 950619 -0.00319999177 0.5 p-1 -16802 3
127 247 m2 953249 -1.62115384e-06 0.5 p-1 -25763 70
226 248 m2 957412 -0.0028325317 0.5 p-1 -39671 1
173 249 m2 958602 -0.000479366397 0.5 p-1 -137971 162
186 250 m2 961558 -0.0281888731 0.5 p-1 -15033 7
163 251 m2 965484 -0.00159551541 0.5 p-1 -737659 74
156 253 m2 971463 -0.000734146044 0.5 p-1 -78719 58
151 254 m2 975580 -3.58453963e-06 0.5 p-1 -208714 92
216 255 m2 987025 -0.0407646745 0.5 p-1 -212065 6
40 256 m2 987260 -0.00225311029 0.5 p-1 -124545 105
208 257 m2 994287 -0.000821921567 0.5 p-1 -13364 19
212 263 m2 218287 -0.000996529474 0.5 p0 2 2
261 265 m2 740040 -0.0183521844 0.5 p0 2 1
175 267 m2 56749 -0.000387499982 0.5 p0 2 2
242 274 m2 395316 -0.0165097918 0.5 p0 2 1
153 277 m2 6669 -0.00195120112 0.5 p0 2 7
128 281 m2 436002 -0.0615603961 0.5 p0 2 10
256 283 m2 640098 -0.0132629192 0.5 p0 2 2
164 285 m2 993470 -0.0029851296 0.5 p0 2 32
262 290 m2 576656 -0.0359075516 0.5 p0 2 1
231 292 m2 69472 -0.00752434367 0.5 p0 2 5
259 293 m2 669393 -0.000413267466 0.5 p0 2 3
147 294 m2 341964 -0.000124308397 0.5 p0 2 5
257 297 m2 778473 -0.0113776177 0.5 p0 2 2
243 300 m2 405246 -5.40345081e-06 0.5 p0 2 2
224 305 m2 702983 -0.023210559 0.5 p0 2 9
195 306 m2 424135 -0.00100769615 0.5 p0 2 11
111 307 m2 710060 -0.000199299335 0.5 p0 2 4
41 312 m1 632 0 0.5 p-1 -3558721 670
254 315 m1 19496 0 0.5 p-1 -8214 1
3 316 m1 21084 0 0.5 p-1 -10098016 1947
207 317 m1 87471 0 0.5 p-1 -88659 6
210 318 m1 97612 0 0.5 p-1 -65794 13
169 319 m1 111569 0 0.5 p-1 -32084 26
133 320 m1 124205 0 0.5 p-1 -21866 7
115 322 m1 137396 0 0.5 p-1 -257323 128
205 324 m1 187799 0 0.5 p-1 -17054 1
174 326 m1 200629 0 0.5 p-1 -322 12
8 327 m1 218281 0 0.5 p-1 -4692176 1698
206 328 m1 222540 0 0.5 p-1 -714297 29
9 329 m1 229906 0 0.5 p-1 -4359635 224
62 330 m1 230467 0 0.5 p-1 -1739072 966
194 331 m1 242369 0 0.5 p-1 -662 22
234 332 m1 253785 0 0.5 p-1 -148129 9
240 333 m1 272740 0 0.5 p-1 -618 12
230 334 m1 312798 0 0.5 p-1 -90357 1
11 336 m1 337284 0 0.5 p-1 -2489836 822
75 337 m1 348392 0 0.5 p-1 -230505 231
12 338 m1 351916 0 0.5 p-1 -1546318 622
248 339 m1 360936 0 0.5 p-1 -35271 2
99 340 m1 362671 0 0.5 p-1 -498809 128
203 341 m1 384295 0 0.5 p-1 -15836 2
145 342 m1 391918 0 0.5 p-1 -172584 62
16 343 m1 402253 0 0.5 p-1 -14414488 1262
18 345 m1 432730 0 0.5 p-1 -574110 362
50 346 m1 452140 0 0.5 p-1 -3673662 50
20 347 m1 455823 0 0.5 p-1 -1999114 300
21 348 m1 459694 0 0.5 p-1 -1462404 583
236 349 m1 460088 0 0.5 p-1 -15255 18
121 350 m1 460737 0 0.5 p-1 -316849 364
78 351 m1 462595 0 0.5 p-1 -3625836 1365
160 355 m1 494651 0 0.5 p-1 -905758 138
235 357 m1 517187 0 0.5 p-1 -32413 8
53 358 m1 526437 0 0.5 p-1 -10080710 794
139 361 m1 547791 0 0.5 p-1 -24100 44
79 362 m1 553456 0 0.5 p-1 -1404416 397
193 363 m1 575321 0 0.5 p-1 -48837 53
244 364 m1 588128 0 0.5 p-1 -102655 4
28 365 m1 591069 0 0.5 p-1 -1227909 186
215 366 m1 594548 0 0.5 p-1 -49584 3
155 367 m1 608059 0 0.5 p-1 -30599 24
250 368 m1 608068 0 0.5 p-1 -1281 2
141 369 m1 624720 0 0.5 p-1 -69472 14
32 372 m1 647948 0 0.5 p-1 -3335238 207
101 373 m1 690100 0 0.5 p-1 -3988591 246
238 374 m1 704594 0 0.5 p-1 -269447 5
102 376 m1 745377 0 0.5 p-1 -2006200 243
83 377 m1 782496 0 0.5 p-1 -521223 217
232 379 m1 802376 0 0.5 p-1 -105768 19
162 380 m1 808927 0 0.5 p-1 -155526 84
36 381 m1 813261 0 0.5 p-1 -28666 17
241 382 m1 842801 0 0.5 p-1 -9077 4
125 383 m1 849537 0 0.5 p-1 -95569 16
217 384 m1 851205 0 0.5 p-1 -216786 18
197 386 m1 854562 0 0.5 p-1 -57890 18
37 388 m1 889132 0 0.5 p-1 -2518753 678
96 389 m1 919912 0 0.5 p-1 -1365202 574
39 390 m1 921996 0 0.5 p-1 -973328 617
168 392 m1 941261 0 0.5 p-1 -736858 67
170 393 m1 941626 0 0.5 p-1 -115109 34
180 394 m1 943045 0 0.5 p-1 -212978 18
188 395 m1 958447 0 0.5 p-1 -59315 11
172 396 m1 976001 0 0.5 p-1 -89773 8
Individuals:
