Mutations:
0 0 m2 1231 -0.00080172898 0.5 p-1 -7645466 1359
41 1 m2 3175 -0.0148668271 0.5 p-1 -1214930 852
1 2 m2 8961 -7.37684168e-05 0.5 p-1 -1951837 1250
2 3 m2 10089 -2.4919631e-05 0.5 p-1 -4794337 1013
159 4 m2 11808 -1.27802823e-05 0.5 p-1 -613610 29
99 6 m2 14084 -0.00248933421 0.5 p-1 -263978 262
3 7 m2 19688 -0.00944394246 0.5 p-1 -4600892 1879
205 8 m2 24497 -0.000130752596 0.5 p-1 -184253 23
61 10 m2 34500 -0.0241124891 0.5 p-1 -235014 241
148 12 m2 48140 -0.0047394447 0.5 p-1 -398981 96
114 14 m2 60013 -0.132834598 0.5 p-1 -1830123 119
206 15 m2 60362 -0.00320520392 0.5 p-1 -25488 19
5 16 m2 62904 -0.000243768853 0.5 p-1 -5892079 1912
204 17 m2 68667 -0.0116940103 0.5 p-1 -35721 66
214 18 m2 71912 -4.07834023e-06 0.5 p-1 -63906 17
6 19 m2 79140 -0.00460541435 0.5 p-1 -2153139 433
136 20 m2 79863 -0.00197226251 0.5 p-1 -793918 225
81 21 m2 89770 -0.00231631682 0.5 p-1 -6703037 125
87 24 m2 103434 -3.07754308e-05 0.5 p-1 -5212896 386
7 27 m2 116362 -0.0755829588 0.5 p-1 -1648693 661
8 28 m2 118289 -0.00385948573 0.5 p-1 -4115779 935
125 29 m2 119316 -0.000200187293 0.5 p-1 -24577 16
235 33 m2 154373 -0.00249115587 0.5 p-1 -3517 4
234 35 m2 158712 -0.0031094139 0.5 p-1 -1737 2
142 36 m2 160869 -0.00572789786 0.5 p-1 -84204 30
154 37 m2 165958 -0.0404112116 0.5 p-1 -5857 8
82 39 m2 176281 -0.00240853522 0.5 p-1 -2039494 706
209 40 m2 184367 -0.00845448021 0.5 p-1 -238403 2
126 41 m2 188615 -0.013154177 0.5 p-1 -314722 247
169 43 m2 213671 -0.00488863653 0.5 p-1 -132681 37
238 46 m2 216559 -0.00452958466 0.5 p-1 -73680 6
225 49 m2 229301 -0.000128364598 0.5 p-1 -61065 8
103 51 m2 251557 -0.00892417133 0.5 p-1 -1087270 211
104 52 m2 251725 -0.00664976332 0.5 p-1 -4705947 669
198 55 m2 262163 -0.0064827092 0.5 p-1 -19464 22
71 56 m2 262521 -1.11346199e-09 0.5 p-1 -707143 314
134 59 m2 267651 -0.0162247028 0.5 p-1 -352555 51
137 61 m2 276516 -0.00622100616 0.5 p-1 -236841 15
11 63 m2 279766 -0.000441381766 0.5 p-1 -775010 535
62 64 m2 292709 -0.00147994992 0.5 p-1 -2419734 62
88 66 m2 298727 -0.00208796421 0.5 p-1 -670846 221
43 67 m2 301747 -0.00294766156 0.5 p-1 -2700600 1547
119 68 m2 302879 -0.000287182571 0.5 p-1 -80104 130
189 69 m2 305043 -0.00801861659 0.5 p-1 -289741 24
246 71 m2 314691 -0.000269928656 0.5 p-1 -48272 3
143 72 m2 315503 -0.000693023379 0.5 p-1 -4444904 249
63 73 m2 316176 -0.00198813621 0.5 p-1 -954116 317
138 74 m2 316906 -1.74336346e-05 0.5 p-1 -1033517 131
12 75 m2 317166 -0.00101102761 0.5 p-1 -4385029 1476
149 76 m2 317366 -0.0155752646 0.5 p-1 -588191 84
196 77 m2 318466 -0.000144946142 0.5 p-1 -4199 2
139 78 m2 323333 -0.000133807014 0.5 p-1 -228177 54
215 79 m2 324055 -0.0258740243 0.5 p-1 -98144 15
213 80 m2 325745 -0.000327431335 0.5 p-1 -296458 14
13 81 m2 331445 -0.00947157759 0.5 p-1 -1271778 483
210 84 m2 335142 -0.000756009656 0.5 p-1 -279581 22
83 85 m2 339122 -0.00112968031 0.5 p-1 -708600 533
115 86 m2 340689 -1.40473694e-05 0.5 p-1 -17599 11
153 87 m2 343196 -0.00255585299 0.5 p-1 -191277 49
101 89 m2 346140 -0.00029374435 0.5 p-1 -344953 284
14 90 m2 353029 -0.0208291709 0.5 p-1 -2989572 1963
211 92 m2 358283 -0.00041189816 0.5 p-1 -12225 15
89 93 m2 361375 -0.00745160319 0.5 p-1 -268271 107
157 94 m2 363965 -0.00113458862 0.5 p-1 -5127309 38
252 95 m2 364124 -0.0196263809 0.5 p-1 -34325 1
171 96 m2 371880 -0.0012454621 0.5 p-1 -37218 22
45 97 m2 380015 -0.000712774927 0.5 p-1 -560686 343
46 98 m2 382997 -0.00743887294 0.5 p-1 -5327129 443
200 99 m2 389870 -0.0115532726 0.5 p-1 -140935 33
15 100 m2 392734 -6.70690497e-05 0.5 p-1 -3120220 243
47 102 m2 398468 -0.00267570745 0.5 p-1 -3315971 403
219 104 m2 403780 -6.36830737e-05 0.5 p-1 -30759 15
127 105 m2 408748 -0.0134795206 0.5 p-1 -524905 247
108 108 m2 410981 -0.00362602295 0.5 p-1 -305254 61
16 109 m2 418279 -2.34172276e-07 0.5 p-1 -2145648 952
72 110 m2 420774 -6.58647477e-05 0.5 p-1 -222182 308
170 111 m2 422701 -0.00286685419 0.5 p-1 -10120 3
73 112 m2 425137 -1.67564838e-06 0.5 p-1 -1045169 98
194 114 m2 428205 -0.000630817143 0.5 p-1 -1375 1
18 115 m2 435577 -0.0109603042 0.5 p-1 -8274047 1993
74 116 m2 443441 -0.00133170863 0.5 p-1 -1145925 340
232 117 m2 453609 -0.0101756779 0.5 p-1 -25205 5
20 118 m2 459911 -0.00120039377 0.5 p-1 -2910997 1039
222 121 m2 469087 -0.00658264803 0.5 p-1 -111617 31
178 122 m2 469391 -0.0253741685 0.5 p-1 -16274 30
164 124 m2 470271 -0.0132572558 0.5 p-1 -1271 3
155 125 m2 470430 -0.000782476156 0.5 p-1 -389120 121
102 126 m2 476509 -0.0372714512 0.5 p-1 -4228614 1072
49 127 m2 484732 -0.121992543 0.5 p-1 -461403 328
22 129 m2 485511 -0.0229887161 0.5 p-1 -3431673 1921
135 130 m2 487768 -0.00994762033 0.5 p-1 -217951 96
152 131 m2 495006 -0.00936124846 0.5 p-1 -165162 111
144 132 m2 498509 -0.0233227462 0.5 p-1 -3029 2
191 134 m2 510649 -0.00606248155 0.5 p-1 -10567 13
24 136 m2 521143 -0.0420481339 0.5 p-1 -4361471 263
247 137 m2 522624 -0.0811717361 0.5 p-1 -34898 2
25 138 m2 523844 -0.00100599614 0.5 p-1 -2708401 1288
26 139 m2 523901 -4.40707436e-06 0.5 p-1 -1201152 1009
185 140 m2 527159 -0.00126458553 0.5 p-1 -27407 22
179 141 m2 534084 -0.000564648537 0.5 p-1 -23820 31
91 142 m2 536768 -0.0137637947 0.5 p-1 -488210 40
197 144 m2 551086 -5.94153535e-05 0.5 p-1 -107066 20
77 147 m2 568007 -0.00943254493 0.5 p-1 -227305 53
131 148 m2 570078 -0.00617748452 0.5 p-1 -1000334 328
50 150 m2 577675 -0.00632537249 0.5 p-1 -7293467 314
162 151 m2 578807 -0.0605977699 0.5 p-1 -3599794 23
228 152 m2 585047 -0.00033918058 0.5 p-1 -17351 9
202 153 m2 590599 -0.00253749778 0.5 p-1 -18389 28
66 154 m2 594034 -0.0272596721 0.5 p-1 -5790507 1177
27 155 m2 594308 -0.0174575318 0.5 p-1 -1771925 1062
51 157 m2 602177 -0.0202868786 0.5 p-1 -294624 290
146 158 m2 605448 -0.0518630035 0.5 p-1 -17311 13
165 159 m2 608072 -0.00410630461 0.5 p-1 -126922 2
199 160 m2 610681 -0.00116612553 0.5 p-1 -705900 9
141 162 m2 624661 -0.0156570021 0.5 p-1 -9433 6
28 163 m2 629399 -0.000889164919 0.5 p-1 -5560897 517
250 165 m2 632618 -0.000803245697 0.5 p-1 -2428 1
216 166 m2 633209 -0.00919276942 0.5 p-1 -318540 11
92 168 m2 638688 -0.00064148003 0.5 p-1 -64159 94
158 169 m2 639663 -0.000166122234 0.5 p-1 -194989 5
29 170 m2 647860 -0.00135216571 0.5 p-1 -5409471 1899
231 171 m2 648197 -0.0131080169 0.5 p-1 -4880 6
176 173 m2 649855 -4.28618796e-06 0.5 p-1 -101374 44
109 174 m2 651760 -0.00224380218 0.5 p-1 -2416069 173
30 175 m2 653201 -0.0334673673 0.5 p-1 -3914361 792
52 176 m2 668144 -0.0116785169 0.5 p-1 -1551525 993
53 179 m2 679145 -1.47776857e-08 0.5 p-1 -23393 6
31 180 m2 681439 -0.00615669927 0.5 p-1 -1828518 1998
110 181 m2 683186 -4.01723355e-06 0.5 p-1 -5976789 197
156 182 m2 685652 -0.000282613066 0.5 p-1 -732976 102
32 183 m2 689325 -3.94434646e-05 0.5 p-1 -899619 230
172 184 m2 694315 -0.012321867 0.5 p-1 -45326 21
54 185 m2 703694 -0.0229058284 0.5 p-1 -817230 356
84 186 m2 704651 -0.00048502846 0.5 p-1 -2505901 527
78 187 m2 707851 -0.00486115366 0.5 p-1 -1904329 431
244 188 m2 710107 -0.0119945975 0.5 p-1 -4029 1
218 189 m2 712137 -0.00834114105 0.5 p-1 -199915 14
167 190 m2 712250 -0.00593736069 0.5 p-1 -28776 12
180 191 m2 718437 -0.00159772276 0.5 p-1 -151636 105
121 192 m2 718644 -0.000761255214 0.5 p-1 -195314 136
33 194 m2 751107 -0.00866438169 0.5 p-1 -345843 150
111 195 m2 752782 -0.00130927493 0.5 p-1 -303359 247
112 197 m2 759881 -0.00914826337 0.5 p-1 -413700 109
85 199 m2 773199 -0.0220429935 0.5 p-1 -957400 205
55 200 m2 773498 -0.0138456021 0.5 p-1 -289513 262
93 201 m2 785428 -0.000780942675 0.5 p-1 -1842829 1064
56 203 m2 788296 -0.000188388818 0.5 p-1 -995901 121
57 204 m2 788822 -0.00121564791 0.5 p-1 -208023 90
147 205 m2 789295 -0.0126096345 0.5 p-1 -221755 68
117 206 m2 792020 -0.00748058083 0.5 p-1 -50815 27
113 207 m2 798158 -0.0145086236 0.5 p-1 -11463924 370
34 208 m2 799415 -0.000773972948 0.5 p-1 -2498066 1350
160 209 m2 801281 -0.000798758119 0.5 p-1 -50764 16
122 210 m2 801928 -0.00214487803 0.5 p-1 -1409166 378
107 212 m2 808490 -1.5967079e-07 0.5 p-1 -1824368 556
129 213 m2 809817 -0.0083765192 0.5 p-1 -807089 117
67 214 m2 810926 -0.00780294742 0.5 p-1 -1452237 321
128 215 m2 810975 -2.93583253e-05 0.5 p-1 -61089 101
184 217 m2 815206 -0.0153097259 0.5 p-1 -7915 4
35 218 m2 815885 -0.0291205272 0.5 p-1 -9698714 1055
36 221 m2 824595 -0.000272970821 0.5 p-1 -1082739 933
58 224 m2 850814 -0.0256395899 0.5 p-1 -1305357 1277
175 225 m2 854990 -0.00183345063 0.5 p-1 -33878 22
173 226 m2 861350 -0.00317994924 0.5 p-1 -174937 47
181 227 m2 870091 -0.000725123915 0.5 p-1 -307834 31
242 229 m2 887736 -7.64440992e-05 0.5 p-1 -5576 2
68 231 m2 896357 -0.0239208341 0.5 p-1 -1938196 384
37 232 m2 898981 -0.0275425259 0.5 p-1 -27889 12
38 233 m2 902849 -1.47731407e-06 0.5 p-1 -2105904 1162
168 234 m2 908467 -0.0673262551 0.5 p-1 -144834 32
80 238 m2 918893 -8.08182358e-06 0.5 p-1 -3955777 711
118 242 m2 932234 -2.35157017e-06 0.5 p-1 -63198 6
69 244 m2 941069 -0.00761090824 0.5 p-1 -1845652 216
217 245 m2 947828 -0.0455232635 0.5 p-1 -17709 8
95 246 m2 950619 -0.00319999177 0.5 p-1 -16802 18
60 247 m2 953249 -1.62115384e-06 0.5 p-1 -25763 47
239 248 m2 957412 -0.0028325317 0.5 p-1 -39671 2
123 249 m2 958602 -0.000479366397 0.5 p-1 -137971 209
145 250 m2 961558 -0.0281888731 0.5 p-1 -15033 11
98 251 m2 965484 -0.00159551541 0.5 p-1 -737659 41
124 253 m2 971463 -0.000734146044 0.5 p-1 -78719 76
70 254 m2 975580 -3.58453963e-06 0.5 p-1 -208714 63
163 255 m2 987025 -0.0407646745 0.5 p-1 -212065 15
133 256 m2 987260 -0.00225311029 0.5 p-1 -124545 60
226 257 m2 994287 -0.000821921567 0.5 p-1 -13364 3
233 262 m2 714313 -9.61067371e-07 0.5 p0 2 4
243 267 m2 56749 -0.000387499982 0.5 p0 2 3
203 272 m2 249999 -0.0259753484 0.5 p0 2 18
224 276 m2 906254 -0.0102806147 0.5 p0 2 5
230 289 m2 112693 -0.00151419558 0.5 p0 2 2
177 290 m2 576656 -0.0359075516 0.5 p0 2 4
236 293 m2 669393 -0.000413267466 0.5 p0 2 2
223 296 m2 925752 -5.34768842e-05 0.5 p0 2 9
40 312 m1 632 0 0.5 p-1 -3558721 655
4 316 m1 21084 0 0.5 p-1 -10098016 1973
251 318 m1 97612 0 0.5 p-1 -65794 1
174 319 m1 111569 0 0.5 p-1 -32084 22
183 320 m1 124205 0 0.5 p-1 -21866 6
42 322 m1 137396 0 0.5 p-1 -257323 76
245 326 m1 200629 0 0.5 p-1 -322 1
9 327 m1 218281 0 0.5 p-1 -4692176 1725
195 328 m1 222540 0 0.5 p-1 -714297 53
100 329 m1 229906 0 0.5 p-1 -4359635 183
10 330 m1 230467 0 0.5 p-1 -1739072 926
249 331 m1 242369 0 0.5 p-1 -662 1
241 333 m1 272740 0 0.5 p-1 -618 2
64 336 m1 337284 0 0.5 p-1 -2489836 886
150 337 m1 348392 0 0.5 p-1 -230505 237
44 338 m1 351916 0 0.5 p-1 -1546318 603
192 339 m1 360936 0 0.5 p-1 -35271 24
90 340 m1 362671 0 0.5 p-1 -498809 168
229 341 m1 384295 0 0.5 p-1 -15836 2
193 342 m1 391918 0 0.5 p-1 -172584 40
65 343 m1 402253 0 0.5 p-1 -14414488 1169
17 345 m1 432730 0 0.5 p-1 -574110 444
201 346 m1 452140 0 0.5 p-1 -3673662 44
48 347 m1 455823 0 0.5 p-1 -1999114 434
19 348 m1 459694 0 0.5 p-1 -1462404 567
237 349 m1 460088 0 0.5 p-1 -15255 1
96 350 m1 460737 0 0.5 p-1 -316849 227
21 351 m1 462595 0 0.5 p-1 -3625836 1448
221 353 m1 469764 0 0.5 p-1 -10180 2
23 355 m1 494651 0 0.5 p-1 -905758 62
212 357 m1 517187 0 0.5 p-1 -32413 9
75 358 m1 526437 0 0.5 p-1 -10080710 825
105 361 m1 547791 0 0.5 p-1 -24100 24
76 362 m1 553456 0 0.5 p-1 -1404416 344
97 363 m1 575321 0 0.5 p-1 -48837 37
248 364 m1 588128 0 0.5 p-1 -102655 1
116 365 m1 591069 0 0.5 p-1 -1227909 227
240 366 m1 594548 0 0.5 p-1 -49584 1
208 367 m1 608059 0 0.5 p-1 -30599 4
120 369 m1 624720 0 0.5 p-1 -69472 35
106 372 m1 647948 0 0.5 p-1 -3335238 244
132 373 m1 690100 0 0.5 p-1 -3988591 236
166 374 m1 704594 0 0.5 p-1 -269447 19
79 376 m1 745377 0 0.5 p-1 -2006200 281
86 377 m1 782496 0 0.5 p-1 -521223 270
140 379 m1 802376 0 0.5 p-1 -105768 37
188 380 m1 808927 0 0.5 p-1 -155526 27
207 381 m1 813261 0 0.5 p-1 -28666 18
186 383 m1 849537 0 0.5 p-1 -95569 9
130 384 m1 851205 0 0.5 p-1 -216786 4
151 386 m1 854562 0 0.5 p-1 -57890 17
59 388 m1 889132 0 0.5 p-1 -2518753 845
94 389 m1 919912 0 0.5 p-1 -1365202 510
39 390 m1 921996 0 0.5 p-1 -973328 623
161 392 m1 941261 0 0.5 p-1 -736858 51
182 393 m1 941626 0 0.5 p-1 -115109 15
190 394 m1 943045 0 0.5 p-1 -212978 11
187 395 m1 958447 0 0.5 p-1 -59315 10
220 396 m1 976001 0 0.5 p-1 -89773 17
227 397 m1 978124 0 0.5 p-1 -656 4
Individuals:
