Mutations:
45 1 m2 16554 -0.00313826581 0.5 p-1 -1313535 685
298 2 m2 19401 -0.000410136563 0.5 p-1 -12825 1
159 3 m2 19847 -0.0108166905 0.5 p-1 -717724 264
81 4 m2 20730 -0.0238812771 0.5 p-1 -2271922 259
207 5 m2 26405 -0.00454898644 0.5 p-1 -32639 9
189 6 m2 33189 -4.30005429e-07 0.5 p-1 -296377 39
268 7 m2 40781 -0.00642583426 0.5 p-1 -18372 7
156 8 m2 41179 -0.00100680941 0.5 p-1 -391442 367
240 10 m2 45572 -0.0127473045 0.5 p-1 -161885 26
184 12 m2 49091 -5.66231211e-06 0.5 p-1 -1919 10
134 14 m2 60434 -0.00121575303 0.5 p-1 -184725 38
218 15 m2 63501 -4.19048229e-05 0.5 p-1 -50940 32
67 16 m2 73395 -0.00260783895 0.5 p-1 -2240757 990
3 17 m2 73418 -0.0114805996 0.5 p-1 -2879818 668
119 20 m2 78780 -0.0197269693 0.5 p-1 -7881331 487
211 21 m2 87571 -0.00211810996 0.5 p-1 -436958 41
68 23 m2 89731 -0.00297558797 0.5 p-1 -512186 389
4 24 m2 92431 -0.00103566167 0.5 p-1 -5435484 362
150 25 m2 93462 -0.0301100034 0.5 p-1 -54958 7
6 27 m2 108493 -0.0255723726 0.5 p-1 -3581672 386
105 29 m2 110611 -0.0105602136 0.5 p-1 -527177 241
47 30 m2 112709 -0.0430609696 0.5 p-1 -3078411 436
201 33 m2 131486 -0.0358099155 0.5 p-1 -693172 107
187 34 m2 133119 -1.37915622e-05 0.5 p-1 -511751 44
8 35 m2 133407 -0.00558173098 0.5 p-1 -7397563 1511
239 36 m2 139767 -0.000111773108 0.5 p-1 -3624043 105
106 39 m2 146452 -0.00733464165 0.5 p-1 -830936 15
135 40 m2 146548 -1.70340518e-05 0.5 p-1 -799948 246
305 41 m2 146747 -0.0112787588 0.5 p-1 -36579 2
297 42 m2 155035 -4.61927073e-07 0.5 p-1 -99726 1
92 46 m2 170759 -1.53031121e-09 0.5 p-1 -1306369 323
181 49 m2 184404 -0.0124820285 0.5 p-1 -5147734 188
285 50 m2 185645 -0.00494311471 0.5 p-1 -459992 7
195 51 m2 186234 -1.32128353e-05 0.5 p-1 -136587 22
48 52 m2 192218 -0.000278888299 0.5 p-1 -3740197 1115
166 53 m2 205200 -0.000226225253 0.5 p-1 -159872 41
160 54 m2 209825 -0.00638206117 0.5 p-1 -1476563 405
262 55 m2 212738 -3.24607099e-05 0.5 p-1 -886641 4
281 56 m2 214183 -0.000650374859 0.5 p-1 -8667 3
10 59 m2 221911 -0.059087906 0.5 p-1 -2153875 713
153 60 m2 223157 -0.0210617427 0.5 p-1 -404092 345
186 61 m2 232665 -0.000189518905 0.5 p-1 -121387 47
13 63 m2 267270 -0.000152234905 0.5 p-1 -3116606 870
84 64 m2 274859 -0.00287505635 0.5 p-1 -1045108 130
49 65 m2 275275 -0.000285964168 0.5 p-1 -1372769 1011
50 66 m2 279904 -0.00285008689 0.5 p-1 -4270426 686
14 67 m2 283514 -0.0375057086 0.5 p-1 -465219 413
255 68 m2 284598 -0.0453892723 0.5 p-1 -63220 20
120 69 m2 284703 -0.0023969966 0.5 p-1 -38803 12
192 70 m2 290972 -9.69056657e-08 0.5 p-1 -126779 34
198 71 m2 295560 -6.03207839e-09 0.5 p-1 -345893 54
171 72 m2 297265 -0.00262585096 0.5 p-1 -154925 43
145 74 m2 298864 -0.0116248317 0.5 p-1 -100785 83
15 75 m2 308581 -3.26737936e-05 0.5 p-1 -3526374 1868
16 76 m2 309020 -3.7939426e-06 0.5 p-1 -3808227 891
172 77 m2 316684 -0.00242034369 0.5 p-1 -223510 198
93 80 m2 326770 -5.49988499e-07 0.5 p-1 -16870 7
140 81 m2 327310 -0.054058671 0.5 p-1 -19789856 551
271 82 m2 332030 -0.000173198699 0.5 p-1 -17406 18
278 83 m2 335455 -2.13396197e-06 0.5 p-1 -25567 5
283 86 m2 344358 -0.00442016823 0.5 p-1 -10223 2
52 87 m2 347139 -0.0147207901 0.5 p-1 -1049591 453
256 88 m2 362138 -0.00932966452 0.5 p-1 -53472 61
258 89 m2 362593 -0.000935114687 0.5 p-1 -86989 10
18 91 m2 371952 -0.000385965395 0.5 p-1 -3037302 1810
212 93 m2 373780 -0.000516252127 0.5 p-1 -169707 202
173 94 m2 375787 -0.00656421063 0.5 p-1 -55232 18
151 95 m2 376171 -0.00595017755 0.5 p-1 -795201 190
19 96 m2 377060 -1.75139905e-06 0.5 p-1 -2716187 1074
71 97 m2 377831 -0.00334587321 0.5 p-1 -1759363 845
108 98 m2 380391 -0.00911491644 0.5 p-1 -558681 151
20 100 m2 383324 -0.00794204231 0.5 p-1 -1805465 657
202 101 m2 385248 -0.00277530216 0.5 p-1 -87156 122
267 102 m2 385431 -0.00215537404 0.5 p-1 -9119 2
301 103 m2 389525 -0.00334588834 0.5 p-1 -35850 1
221 104 m2 399535 -0.000220095084 0.5 p-1 -72945 19
21 105 m2 399771 -0.00981114805 0.5 p-1 -863716 1173
266 106 m2 403726 -0.00470152125 0.5 p-1 -8647 10
22 107 m2 407794 -0.000879035622 0.5 p-1 -471025 323
196 110 m2 416518 -0.00280939415 0.5 p-1 -179110 7
246 111 m2 419867 -0.0131861353 0.5 p-1 -55164 46
197 112 m2 422557 -0.038424816 0.5 p-1 -55909 11
85 114 m2 427072 -0.0055806688 0.5 p-1 -584180 310
23 115 m2 428755 -4.07709704e-05 0.5 p-1 -4176038 1501
259 118 m2 434137 -0.00320727611 0.5 p-1 -10630 2
147 119 m2 439668 -0.000364996318 0.5 p-1 -1942999 41
24 120 m2 441183 -0.000421424513 0.5 p-1 -1647931 1425
223 122 m2 441505 -0.015098541 0.5 p-1 -39517 12
25 126 m2 453893 -0.000356287987 0.5 p-1 -2984012 919
53 127 m2 456591 -0.0295293331 0.5 p-1 -815750 628
199 129 m2 461286 -0.014305965 0.5 p-1 -12137 23
288 130 m2 467207 -4.38002608e-05 0.5 p-1 -105862 6
169 131 m2 468349 -9.40392783e-06 0.5 p-1 -24967 1
280 134 m2 473154 -0.00101820857 0.5 p-1 -12662 1
161 135 m2 473884 -0.0128863342 0.5 p-1 -13820 32
306 136 m2 480003 -0.0134336771 0.5 p-1 -42846 1
121 137 m2 481764 -0.000607129652 0.5 p-1 -10022859 753
224 141 m2 497144 -0.004452297 0.5 p-1 -152519 78
247 144 m2 514225 -0.000109218759 0.5 p-1 -25762 3
54 146 m2 516779 -0.000158783689 0.5 p-1 -4970555 1318
26 147 m2 518080 -0.00035692635 0.5 p-1 -7823533 1646
263 148 m2 522536 -1.67541339e-06 0.5 p-1 -143627 17
74 150 m2 534973 -0.01026149 0.5 p-1 -1580339 464
296 151 m2 537335 -0.0356577188 0.5 p-1 -12462 2
96 152 m2 543431 -0.0064697261 0.5 p-1 -150654 67
109 153 m2 546286 -1.5009663e-05 0.5 p-1 -11349001 164
209 154 m2 546805 -3.58509993e-07 0.5 p-1 -69569 29
242 155 m2 547384 -3.55028824e-05 0.5 p-1 -8499 7
261 156 m2 548259 -0.0140319504 0.5 p-1 -328685 15
252 157 m2 549898 -0.000162076452 0.5 p-1 -133159 17
142 158 m2 551435 -0.000803822826 0.5 p-1 -532932 124
148 159 m2 561704 -0.0104260109 0.5 p-1 -1178978 43
110 160 m2 568493 -0.00111810374 0.5 p-1 -161830 88
174 161 m2 574120 -0.000321769359 0.5 p-1 -1453222 114
86 162 m2 576773 -0.00116277277 0.5 p-1 -717626 316
27 163 m2 583495 -0.0126133515 0.5 p-1 -4875153 956
28 164 m2 593929 -3.09516366e-07 0.5 p-1 -3146937 212
112 166 m2 597683 -0.00817408599 0.5 p-1 -2274770 158
215 167 m2 598633 -1.72276771e-06 0.5 p-1 -220674 8
29 168 m2 599241 -2.68532058e-05 0.5 p-1 -5997133 805
179 169 m2 602092 -0.00313061243 0.5 p-1 -468245 95
56 170 m2 602586 -0.00739395432 0.5 p-1 -822646 368
88 171 m2 605987 -0.00314184348 0.5 p-1 -3074296 920
138 172 m2 609232 -0.0387260206 0.5 p-1 -950634 178
30 173 m2 614579 -4.15332543e-05 0.5 p-1 -2562000 1852
157 174 m2 616974 -0.0338809565 0.5 p-1 -150358 53
216 175 m2 617493 -8.15663148e-10 0.5 p-1 -103377 13
229 176 m2 618010 -0.0206666794 0.5 p-1 -435826 46
31 177 m2 619175 -0.00998421758 0.5 p-1 -372525 298
279 178 m2 627846 -0.00035045165 0.5 p-1 -94265 5
97 179 m2 628472 -1.03559205e-06 0.5 p-1 -6568440 319
114 182 m2 631795 -0.0276766177 0.5 p-1 -425844 75
123 183 m2 641157 -0.000453850866 0.5 p-1 -1568426 101
129 184 m2 646401 -2.51133588e-06 0.5 p-1 -122357 153
231 185 m2 649687 -0.0078490125 0.5 p-1 -3542 1
57 186 m2 654643 -0.00163796591 0.5 p-1 -6667951 1007
130 188 m2 657376 -0.00918995962 0.5 p-1 -251664 85
204 189 m2 670204 -0.0286339633 0.5 p-1 -56201 23
175 191 m2 672591 -0.00748723792 0.5 p-1 -272665 69
58 193 m2 676620 -0.012213924 0.5 p-1 -5752896 912
89 194 m2 678521 -0.0191249102 0.5 p-1 -4775135 188
170 196 m2 684793 -0.00366736832 0.5 p-1 -369627 138
115 197 m2 707560 -8.42116879e-06 0.5 p-1 -709663 388
132 198 m2 707572 -0.00224570208 0.5 p-1 -848312 380
124 200 m2 708246 -0.0106704151 0.5 p-1 -223573 37
206 201 m2 720452 -0.000200828566 0.5 p-1 -368163 98
125 202 m2 723054 -1.79408325e-05 0.5 p-1 -559303 44
98 203 m2 724802 -2.8249784e-05 0.5 p-1 -180081 194
200 204 m2 725024 -0.00560441799 0.5 p-1 -16543 9
77 205 m2 727257 -0.000156660666 0.5 p-1 -837772 98
222 206 m2 732004 -0.000428253232 0.5 p-1 -237433 32
59 207 m2 735632 -0.00223238836 0.5 p-1 -12896577 1453
158 208 m2 735679 -0.000664080435 0.5 p-1 -856971 268
32 210 m2 740382 -0.0227164309 0.5 p-1 -5441852 1891
191 211 m2 744043 -0.0019133247 0.5 p-1 -9854 63
227 212 m2 748265 -0.00816754997 0.5 p-1 -43471 7
116 213 m2 748618 -0.00473759091 0.5 p-1 -2781833 335
60 214 m2 750107 -0.00107977877 0.5 p-1 -2201742 1019
61 215 m2 759791 -0.000496900757 0.5 p-1 -2328005 525
275 216 m2 762762 -0.0181647819 0.5 p-1 -62900 1
219 217 m2 765626 -1.62656252e-05 0.5 p-1 -1428508 69
282 218 m2 765979 -0.000627384114 0.5 p-1 -16283 1
190 221 m2 772872 -0.0170404594 0.5 p-1 -1800282 166
163 222 m2 778292 -0.00816320814 0.5 p-1 -237154 131
34 224 m2 790316 -0.000435334427 0.5 p-1 -963845 878
78 225 m2 792446 -0.00307976943 0.5 p-1 -3642919 1042
238 226 m2 794817 -0.00529503124 0.5 p-1 -215551 66
139 227 m2 796378 -7.78286121e-05 0.5 p-1 -65186 3
144 228 m2 797506 -0.000309090712 0.5 p-1 -440130 103
62 230 m2 798708 -0.00107720715 0.5 p-1 -3091014 402
35 231 m2 799496 -0.00918782689 0.5 p-1 -4374263 1117
220 232 m2 803740 -0.00978168659 0.5 p-1 -3758530 78
152 233 m2 806539 -0.0160222743 0.5 p-1 -256817 29
164 235 m2 813330 -3.77394933e-08 0.5 p-1 -211537 102
233 236 m2 823903 -0.00445837248 0.5 p-1 -1675374 57
213 237 m2 831542 -0.00241104397 0.5 p-1 -827327 112
36 238 m2 837520 -0.0274343882 0.5 p-1 -6486641 1374
235 240 m2 840630 -0.0109181255 0.5 p-1 -31932 11
37 241 m2 841645 -7.26674261e-05 0.5 p-1 -3213178 1347
284 242 m2 845988 -0.000387060601 0.5 p-1 -37257 2
63 243 m2 846021 -1.81045809e-08 0.5 p-1 -391647 288
248 246 m2 853699 -0.000176574089 0.5 p-1 -234929 3
253 247 m2 854024 -4.43649988e-05 0.5 p-1 -3405 8
176 248 m2 854155 -0.00859897863 0.5 p-1 -343798 76
236 249 m2 854688 -0.00572087429 0.5 p-1 -28359 4
177 251 m2 856011 -0.000947779743 0.5 p-1 -69368 33
143 253 m2 858615 -0.00382782123 0.5 p-1 -56788 20
290 254 m2 864161 -0.086551927 0.5 p-1 -7904 1
232 255 m2 864193 -0.00244759 0.5 p-1 -9368 3
234 256 m2 867671 -0.00870218594 0.5 p-1 -9193941 49
126 257 m2 877265 -0.000432808243 0.5 p-1 -704123 29
117 258 m2 879102 -0.00487086317 0.5 p-1 -2698566 662
180 259 m2 879184 -0.0407457426 0.5 p-1 -112588 112
64 260 m2 884155 -0.00135928451 0.5 p-1 -1727260 249
99 261 m2 886464 -0.0707808658 0.5 p-1 -622324 91
244 262 m2 886621 -0.000280112872 0.5 p-1 -6110 16
226 263 m2 887824 -0.0290576126 0.5 p-1 -136584 104
79 264 m2 890690 -0.00197028951 0.5 p-1 -21330 26
250 266 m2 895876 -0.0220501572 0.5 p-1 -883597 22
100 267 m2 897426 -0.0200714413 0.5 p-1 -218782 60
127 268 m2 899825 -0.0186455082 0.5 p-1 -359597 275
40 269 m2 900641 -0.0567586906 0.5 p-1 -2285746 925
210 270 m2 902109 -0.00205965666 0.5 p-1 -865596 54
41 271 m2 907913 -0.00133091537 0.5 p-1 -777318 601
292 274 m2 916462 -0.0146191362 0.5 p-1 -5941 6
128 275 m2 917721 -0.0222473033 0.5 p-1 -165985 97
65 276 m2 919285 -0.00653648842 0.5 p-1 -660277 523
90 277 m2 922895 -3.18569801e-05 0.5 p-1 -995805 375
101 279 m2 927116 -0.0824819282 0.5 p-1 -1588458 385
91 280 m2 927677 -2.71250665e-05 0.5 p-1 -4920454 384
241 281 m2 941472 -0.00844884105 0.5 p-1 -321550 4
182 282 m2 960779 -0.0294002499 0.5 p-1 -1602898 114
103 283 m2 962365 -0.00229941402 0.5 p-1 -558329 133
118 284 m2 969634 -4.75663692e-05 0.5 p-1 -841246 49
270 285 m2 970921 -0.00251782732 0.5 p-1 -155875 50
43 286 m2 976321 -0.00757070538 0.5 p-1 -314110 145
162 287 m2 980846 -0.0101347361 0.5 p-1 -795705 167
165 288 m2 981164 -0.00750922598 0.5 p-1 -247126 177
44 289 m2 981352 -0.00920283515 0.5 p-1 -1943629 1864
230 291 m2 995110 -9.64383216e-05 0.5 p-1 -303163 19
136 298 m2 316127 -0.00805205386 0.5 p0 2 3
273 300 m2 729473 -0.00418602908 0.5 p0 2 11
300 303 m2 857759 -0.00015741169 0.5 p0 2 2
272 305 m2 721843 -0.00869578589 0.5 p0 2 5
304 307 m2 470547 -0.0111373691 0.5 p0 2 1
214 308 m2 108216 -0.000276356237 0.5 p0 2 7
287 317 m2 400672 -6.06612457e-06 0.5 p0 2 1
269 321 m2 81032 -0.00181907869 0.5 p0 2 6
228 323 m2 968189 -0.00334686902 0.5 p0 2 6
289 326 m2 648494 -0.00226419 0.5 p0 2 3
286 331 m2 205381 -0.0151678491 0.5 p0 2 1
307 335 m2 561709 -0.000176368951 0.5 p0 2 1
293 336 m2 940085 -0.000833839644 0.5 p0 2 1
299 338 m2 242891 -0.000298278348 0.5 p0 2 1
303 347 m2 239942 -1.99985043e-05 0.5 p0 2 2
0 348 m1 966 0 0.5 p-1 -5620549 1921
1 349 m1 1936 0 0.5 p-1 -2488059 376
245 350 m1 7038 0 0.5 p-1 -17957 22
183 351 m1 7512 0 0.5 p-1 -41041 31
66 352 m1 12999 0 0.5 p-1 -73184 53
104 354 m1 48819 0 0.5 p-1 -1395944 162
46 355 m1 56854 0 0.5 p-1 -1468017 697
249 356 m1 64703 0 0.5 p-1 -24300 23
265 357 m1 67286 0 0.5 p-1 -14706 20
2 358 m1 67822 0 0.5 p-1 -503590 128
251 359 m1 72558 0 0.5 p-1 -179053 11
237 360 m1 82751 0 0.5 p-1 -10221 4
260 361 m1 87414 0 0.5 p-1 -75626 42
5 362 m1 95934 0 0.5 p-1 -86174 20
7 364 m1 124341 0 0.5 p-1 -1714179 1300
188 366 m1 138621 0 0.5 p-1 -257921 38
185 367 m1 139804 0 0.5 p-1 -249004 93
276 369 m1 143477 0 0.5 p-1 -93750 23
302 372 m1 169509 0 0.5 p-1 -30276 3
82 373 m1 190730 0 0.5 p-1 -291462 354
9 374 m1 196053 0 0.5 p-1 -3387696 1814
69 375 m1 197000 0 0.5 p-1 -2270150 479
295 376 m1 199844 0 0.5 p-1 -6049 2
70 378 m1 224036 0 0.5 p-1 -7046401 311
11 379 m1 228161 0 0.5 p-1 -7583973 1077
208 380 m1 230122 0 0.5 p-1 -250657 83
12 381 m1 247079 0 0.5 p-1 -10949917 1804
83 382 m1 262201 0 0.5 p-1 -8240516 575
51 384 m1 299385 0 0.5 p-1 -135948 106
205 385 m1 332957 0 0.5 p-1 -73508 51
274 386 m1 338594 0 0.5 p-1 -81683 8
107 387 m1 339915 0 0.5 p-1 -122217 156
17 388 m1 343237 0 0.5 p-1 -8763724 1355
294 391 m1 347582 0 0.5 p-1 -134482 6
193 392 m1 372634 0 0.5 p-1 -2936999 239
146 394 m1 385740 0 0.5 p-1 -383835 189
94 395 m1 401977 0 0.5 p-1 -305042 133
72 396 m1 410719 0 0.5 p-1 -327550 180
95 399 m1 425833 0 0.5 p-1 -2602429 249
194 400 m1 426777 0 0.5 p-1 -229258 110
291 401 m1 431831 0 0.5 p-1 -74250 5
168 403 m1 435742 0 0.5 p-1 -9724325 254
73 404 m1 436659 0 0.5 p-1 -2055817 204
141 407 m1 464308 0 0.5 p-1 -3284889 172
257 410 m1 501443 0 0.5 p-1 -11589 10
154 413 m1 508874 0 0.5 p-1 -947246 255
55 415 m1 540781 0 0.5 p-1 -3459758 46
167 417 m1 563055 0 0.5 p-1 -143420 54
111 418 m1 580344 0 0.5 p-1 -566308 297
87 419 m1 591373 0 0.5 p-1 -1205058 197
137 420 m1 596357 0 0.5 p-1 -982817 221
75 421 m1 599064 0 0.5 p-1 -524676 324
155 422 m1 599164 0 0.5 p-1 -513926 165
113 423 m1 599386 0 0.5 p-1 -11069 7
264 424 m1 603436 0 0.5 p-1 -511611 9
122 425 m1 611020 0 0.5 p-1 -221864 71
243 426 m1 618097 0 0.5 p-1 -53287 82
131 428 m1 681501 0 0.5 p-1 -699586 263
254 430 m1 704618 0 0.5 p-1 -4110 9
76 432 m1 719214 0 0.5 p-1 -1855563 738
33 434 m1 778993 0 0.5 p-1 -7733964 1171
149 439 m1 836487 0 0.5 p-1 -12481 11
133 441 m1 854390 0 0.5 p-1 -54346 36
38 442 m1 855823 0 0.5 p-1 -3707116 956
39 444 m1 882759 0 0.5 p-1 -11117448 1468
225 445 m1 883773 0 0.5 p-1 -92290 66
178 446 m1 893419 0 0.5 p-1 -337485 251
217 447 m1 896226 0 0.5 p-1 -30813 11
277 449 m1 937379 0 0.5 p-1 -17316 11
42 450 m1 944763 0 0.5 p-1 -6555081 1698
80 451 m1 955223 0 0.5 p-1 -3397902 268
102 452 m1 958095 0 0.5 p-1 -1281634 126
203 453 m1 989172 0 0.5 p-1 -121421 90
Individuals:
