Mutations:
76 1 m2 16554 -0.00313826581 0.5 p-1 -1313535 647
304 2 m2 19401 -0.000410136563 0.5 p-1 -12825 5
65 3 m2 19847 -0.0108166905 0.5 p-1 -717724 291
152 4 m2 20730 -0.0238812771 0.5 p-1 -2271922 272
240 5 m2 26405 -0.00454898644 0.5 p-1 -32639 12
138 6 m2 33189 -4.30005429e-07 0.5 p-1 -296377 60
325 7 m2 40781 -0.00642583426 0.5 p-1 -18372 1
173 8 m2 41179 -0.00100680941 0.5 p-1 -391442 312
226 10 m2 45572 -0.0127473045 0.5 p-1 -161885 25
301 12 m2 49091 -5.66231211e-06 0.5 p-1 -1919 8
183 14 m2 60434 -0.00121575303 0.5 p-1 -184725 33
217 15 m2 63501 -4.19048229e-05 0.5 p-1 -50940 47
1 16 m2 73395 -0.00260783895 0.5 p-1 -2240757 1010
41 17 m2 73418 -0.0114805996 0.5 p-1 -2879818 738
67 20 m2 78780 -0.0197269693 0.5 p-1 -7881331 468
241 21 m2 87571 -0.00211810996 0.5 p-1 -436958 50
326 22 m2 88990 -0.0424577594 0.5 p-1 -5736 1
105 23 m2 89731 -0.00297558797 0.5 p-1 -512186 490
91 24 m2 92431 -0.00103566167 0.5 p-1 -5435484 367
250 25 m2 93462 -0.0301100034 0.5 p-1 -54958 25
92 27 m2 108493 -0.0255723726 0.5 p-1 -3581672 393
93 29 m2 110611 -0.0105602136 0.5 p-1 -527177 251
77 30 m2 112709 -0.0430609696 0.5 p-1 -3078411 478
143 33 m2 131486 -0.0358099155 0.5 p-1 -693172 74
255 34 m2 133119 -1.37915622e-05 0.5 p-1 -511751 43
2 35 m2 133407 -0.00558173098 0.5 p-1 -7397563 1503
123 36 m2 139767 -0.000111773108 0.5 p-1 -3624043 74
117 39 m2 146452 -0.00733464165 0.5 p-1 -830936 21
162 40 m2 146548 -1.70340518e-05 0.5 p-1 -799948 274
231 41 m2 146747 -0.0112787588 0.5 p-1 -36579 6
302 42 m2 155035 -4.61927073e-07 0.5 p-1 -99726 4
315 44 m2 164567 -0.00557445409 0.5 p-1 -5331 2
94 46 m2 170759 -1.53031121e-09 0.5 p-1 -1306369 369
3 49 m2 184404 -0.0124820285 0.5 p-1 -5147734 143
260 50 m2 185645 -0.00494311471 0.5 p-1 -459992 17
189 51 m2 186234 -1.32128353e-05 0.5 p-1 -136587 34
44 52 m2 192218 -0.000278888299 0.5 p-1 -3740197 1069
199 53 m2 205200 -0.000226225253 0.5 p-1 -159872 48
95 54 m2 209825 -0.00638206117 0.5 p-1 -1476563 328
244 55 m2 212738 -3.24607099e-05 0.5 p-1 -886641 21
297 56 m2 214183 -0.000650374859 0.5 p-1 -8667 3
5 59 m2 221911 -0.059087906 0.5 p-1 -2153875 906
124 60 m2 223157 -0.0210617427 0.5 p-1 -404092 341
245 61 m2 232665 -0.000189518905 0.5 p-1 -121387 50
69 63 m2 267270 -0.000152234905 0.5 p-1 -3116606 886
153 64 m2 274859 -0.00287505635 0.5 p-1 -1045108 149
106 65 m2 275275 -0.000285964168 0.5 p-1 -1372769 1002
70 66 m2 279904 -0.00285008689 0.5 p-1 -4270426 704
9 67 m2 283514 -0.0375057086 0.5 p-1 -465219 466
190 68 m2 284598 -0.0453892723 0.5 p-1 -63220 39
252 69 m2 284703 -0.0023969966 0.5 p-1 -38803 19
248 70 m2 290972 -9.69056657e-08 0.5 p-1 -126779 44
218 71 m2 295560 -6.03207839e-09 0.5 p-1 -345893 59
79 72 m2 297265 -0.00262585096 0.5 p-1 -154925 55
119 74 m2 298864 -0.0116248317 0.5 p-1 -100785 75
10 75 m2 308581 -3.26737936e-05 0.5 p-1 -3526374 1827
11 76 m2 309020 -3.7939426e-06 0.5 p-1 -3808227 830
80 77 m2 316684 -0.00242034369 0.5 p-1 -223510 151
324 79 m2 321014 -0.0298515093 0.5 p-1 -1151 1
229 80 m2 326770 -5.49988499e-07 0.5 p-1 -16870 14
96 81 m2 327310 -0.054058671 0.5 p-1 -19789856 648
259 82 m2 332030 -0.000173198699 0.5 p-1 -17406 12
220 83 m2 335455 -2.13396197e-06 0.5 p-1 -25567 3
274 85 m2 344138 -7.70208717e-05 0.5 p-1 -1453 3
300 86 m2 344358 -0.00442016823 0.5 p-1 -10223 3
81 87 m2 347139 -0.0147207901 0.5 p-1 -1049591 454
219 88 m2 362138 -0.00932966452 0.5 p-1 -53472 45
238 89 m2 362593 -0.000935114687 0.5 p-1 -86989 20
12 91 m2 371952 -0.000385965395 0.5 p-1 -3037302 1795
157 93 m2 373780 -0.000516252127 0.5 p-1 -169707 202
222 94 m2 375787 -0.00656421063 0.5 p-1 -55232 9
132 95 m2 376171 -0.00595017755 0.5 p-1 -795201 198
14 96 m2 377060 -1.75139905e-06 0.5 p-1 -2716187 1068
97 97 m2 377831 -0.00334587321 0.5 p-1 -1759363 852
112 98 m2 380391 -0.00911491644 0.5 p-1 -558681 121
48 100 m2 383324 -0.00794204231 0.5 p-1 -1805465 621
215 101 m2 385248 -0.00277530216 0.5 p-1 -87156 95
232 102 m2 385431 -0.00215537404 0.5 p-1 -9119 4
145 103 m2 389525 -0.00334588834 0.5 p-1 -35850 5
271 104 m2 399535 -0.000220095084 0.5 p-1 -72945 11
15 105 m2 399771 -0.00981114805 0.5 p-1 -863716 1207
276 106 m2 403726 -0.00470152125 0.5 p-1 -8647 10
121 107 m2 407794 -0.000879035622 0.5 p-1 -471025 260
320 108 m2 410795 -0.000456432143 0.5 p-1 -5073 1
243 110 m2 416518 -0.00280939415 0.5 p-1 -179110 17
158 111 m2 419867 -0.0131861353 0.5 p-1 -55164 41
275 112 m2 422557 -0.038424816 0.5 p-1 -55909 14
321 113 m2 425834 -0.00280804443 0.5 p-1 -379 1
98 114 m2 427072 -0.0055806688 0.5 p-1 -584180 299
50 115 m2 428755 -4.07709704e-05 0.5 p-1 -4176038 1508
267 118 m2 434137 -0.00320727611 0.5 p-1 -10630 6
191 119 m2 439668 -0.000364996318 0.5 p-1 -1942999 48
71 120 m2 441183 -0.000421424513 0.5 p-1 -1647931 1517
317 121 m2 441417 -0.00145345263 0.5 p-1 -48209 1
293 122 m2 441505 -0.015098541 0.5 p-1 -39517 4
318 125 m2 448043 -0.00165496441 0.5 p-1 -19444 1
83 126 m2 453893 -0.000356287987 0.5 p-1 -2984012 967
133 127 m2 456591 -0.0295293331 0.5 p-1 -815750 571
242 129 m2 461286 -0.014305965 0.5 p-1 -12137 12
265 130 m2 467207 -4.38002608e-05 0.5 p-1 -105862 6
308 131 m2 468349 -9.40392783e-06 0.5 p-1 -24967 1
263 134 m2 473154 -0.00101820857 0.5 p-1 -12662 5
277 135 m2 473884 -0.0128863342 0.5 p-1 -13820 37
303 136 m2 480003 -0.0134336771 0.5 p-1 -42846 3
16 137 m2 481764 -0.000607129652 0.5 p-1 -10022859 699
230 141 m2 497144 -0.004452297 0.5 p-1 -152519 51
328 144 m2 514225 -0.000109218759 0.5 p-1 -25762 2
17 146 m2 516779 -0.000158783689 0.5 p-1 -4970555 1236
18 147 m2 518080 -0.00035692635 0.5 p-1 -7823533 1659
163 148 m2 522536 -1.67541339e-06 0.5 p-1 -143627 21
113 150 m2 534973 -0.01026149 0.5 p-1 -1580339 496
291 151 m2 537335 -0.0356577188 0.5 p-1 -12462 5
247 152 m2 543431 -0.0064697261 0.5 p-1 -150654 44
195 153 m2 546286 -1.5009663e-05 0.5 p-1 -11349001 187
204 154 m2 546805 -3.58509993e-07 0.5 p-1 -69569 37
292 155 m2 547384 -3.55028824e-05 0.5 p-1 -8499 8
186 156 m2 548259 -0.0140319504 0.5 p-1 -328685 24
221 157 m2 549898 -0.000162076452 0.5 p-1 -133159 27
180 158 m2 551435 -0.000803822826 0.5 p-1 -532932 146
84 159 m2 561704 -0.0104260109 0.5 p-1 -1178978 56
167 160 m2 568493 -0.00111810374 0.5 p-1 -161830 78
139 161 m2 574120 -0.000321769359 0.5 p-1 -1453222 113
85 162 m2 576773 -0.00116277277 0.5 p-1 -717626 322
19 163 m2 583495 -0.0126133515 0.5 p-1 -4875153 886
147 164 m2 593929 -3.09516366e-07 0.5 p-1 -3146937 178
109 166 m2 597683 -0.00817408599 0.5 p-1 -2274770 196
197 167 m2 598633 -1.72276771e-06 0.5 p-1 -220674 12
20 168 m2 599241 -2.68532058e-05 0.5 p-1 -5997133 767
170 169 m2 602092 -0.00313061243 0.5 p-1 -468245 117
21 170 m2 602586 -0.00739395432 0.5 p-1 -822646 334
73 171 m2 605987 -0.00314184348 0.5 p-1 -3074296 940
126 172 m2 609232 -0.0387260206 0.5 p-1 -950634 195
22 173 m2 614579 -4.15332543e-05 0.5 p-1 -2562000 1877
182 174 m2 616974 -0.0338809565 0.5 p-1 -150358 35
198 175 m2 617493 -8.15663148e-10 0.5 p-1 -103377 13
227 176 m2 618010 -0.0206666794 0.5 p-1 -435826 35
74 177 m2 619175 -0.00998421758 0.5 p-1 -372525 298
251 178 m2 627846 -0.00035045165 0.5 p-1 -94265 15
52 179 m2 628472 -1.03559205e-06 0.5 p-1 -6568440 357
166 182 m2 631795 -0.0276766177 0.5 p-1 -425844 82
134 183 m2 641157 -0.000453850866 0.5 p-1 -1568426 93
159 184 m2 646401 -2.51133588e-06 0.5 p-1 -122357 118
322 185 m2 649687 -0.0078490125 0.5 p-1 -3542 1
23 186 m2 654643 -0.00163796591 0.5 p-1 -6667951 1038
24 188 m2 657376 -0.00918995962 0.5 p-1 -251664 106
135 189 m2 670204 -0.0286339633 0.5 p-1 -56201 21
223 191 m2 672591 -0.00748723792 0.5 p-1 -272665 62
25 193 m2 676620 -0.012213924 0.5 p-1 -5752896 983
99 194 m2 678521 -0.0191249102 0.5 p-1 -4775135 156
100 196 m2 684793 -0.00366736832 0.5 p-1 -369627 90
53 197 m2 707560 -8.42116879e-06 0.5 p-1 -709663 424
151 198 m2 707572 -0.00224570208 0.5 p-1 -848312 344
228 200 m2 708246 -0.0106704151 0.5 p-1 -223573 27
174 201 m2 720452 -0.000200828566 0.5 p-1 -368163 71
233 202 m2 723054 -1.79408325e-05 0.5 p-1 -559303 57
101 203 m2 724802 -2.8249784e-05 0.5 p-1 -180081 192
213 204 m2 725024 -0.00560441799 0.5 p-1 -16543 30
192 205 m2 727257 -0.000156660666 0.5 p-1 -837772 117
114 206 m2 732004 -0.000428253232 0.5 p-1 -237433 60
27 207 m2 735632 -0.00223238836 0.5 p-1 -12896577 1393
160 208 m2 735679 -0.000664080435 0.5 p-1 -856971 203
28 210 m2 740382 -0.0227164309 0.5 p-1 -5441852 1887
236 211 m2 744043 -0.0019133247 0.5 p-1 -9854 14
281 212 m2 748265 -0.00816754997 0.5 p-1 -43471 8
110 213 m2 748618 -0.00473759091 0.5 p-1 -2781833 367
54 214 m2 750107 -0.00107977877 0.5 p-1 -2201742 1079
86 215 m2 759791 -0.000496900757 0.5 p-1 -2328005 457
256 216 m2 762762 -0.0181647819 0.5 p-1 -62900 5
168 217 m2 765626 -1.62656252e-05 0.5 p-1 -1428508 110
278 218 m2 765979 -0.000627384114 0.5 p-1 -16283 3
161 221 m2 772872 -0.0170404594 0.5 p-1 -1800282 189
55 222 m2 778292 -0.00816320814 0.5 p-1 -237154 126
30 224 m2 790316 -0.000435334427 0.5 p-1 -963845 902
56 225 m2 792446 -0.00307976943 0.5 p-1 -3642919 1160
207 226 m2 794817 -0.00529503124 0.5 p-1 -215551 38
200 227 m2 796378 -7.78286121e-05 0.5 p-1 -65186 4
127 228 m2 797506 -0.000309090712 0.5 p-1 -440130 123
31 230 m2 798708 -0.00107720715 0.5 p-1 -3091014 370
57 231 m2 799496 -0.00918782689 0.5 p-1 -4374263 1119
175 232 m2 803740 -0.00978168659 0.5 p-1 -3758530 65
136 233 m2 806539 -0.0160222743 0.5 p-1 -256817 32
169 235 m2 813330 -3.77394933e-08 0.5 p-1 -211537 109
156 236 m2 823903 -0.00445837248 0.5 p-1 -1675374 84
184 237 m2 831542 -0.00241104397 0.5 p-1 -827327 136
32 238 m2 837520 -0.0274343882 0.5 p-1 -6486641 1411
33 240 m2 840630 -0.0109181255 0.5 p-1 -31932 19
58 241 m2 841645 -7.26674261e-05 0.5 p-1 -3213178 1290
187 242 m2 845988 -0.000387060601 0.5 p-1 -37257 8
75 243 m2 846021 -1.81045809e-08 0.5 p-1 -391647 305
311 245 m2 853617 -1.46160306e-11 0.5 p-1 -19478 2
216 246 m2 853699 -0.000176574089 0.5 p-1 -234929 9
284 247 m2 854024 -4.43649988e-05 0.5 p-1 -3405 4
171 248 m2 854155 -0.00859897863 0.5 p-1 -343798 60
34 249 m2 854688 -0.00572087429 0.5 p-1 -28359 2
172 251 m2 856011 -0.000947779743 0.5 p-1 -69368 32
298 253 m2 858615 -0.00382782123 0.5 p-1 -56788 9
266 254 m2 864161 -0.086551927 0.5 p-1 -7904 8
285 255 m2 864193 -0.00244759 0.5 p-1 -9368 4
128 256 m2 867671 -0.00870218594 0.5 p-1 -9193941 74
211 257 m2 877265 -0.000432808243 0.5 p-1 -704123 27
35 258 m2 879102 -0.00487086317 0.5 p-1 -2698566 629
237 259 m2 879184 -0.0407457426 0.5 p-1 -112588 82
149 260 m2 884155 -0.00135928451 0.5 p-1 -1727260 261
87 261 m2 886464 -0.0707808658 0.5 p-1 -622324 91
181 262 m2 886621 -0.000280112872 0.5 p-1 -6110 25
176 263 m2 887824 -0.0290576126 0.5 p-1 -136584 57
253 264 m2 890690 -0.00197028951 0.5 p-1 -21330 26
88 266 m2 895876 -0.0220501572 0.5 p-1 -883597 28
102 267 m2 897426 -0.0200714413 0.5 p-1 -218782 102
60 268 m2 899825 -0.0186455082 0.5 p-1 -359597 279
61 269 m2 900641 -0.0567586906 0.5 p-1 -2285746 944
201 270 m2 902109 -0.00205965666 0.5 p-1 -865596 38
62 271 m2 907913 -0.00133091537 0.5 p-1 -777318 634
279 274 m2 916462 -0.0146191362 0.5 p-1 -5941 4
178 275 m2 917721 -0.0222473033 0.5 p-1 -165985 87
63 276 m2 919285 -0.00653648842 0.5 p-1 -660277 568
89 277 m2 922895 -3.18569801e-05 0.5 p-1 -995805 375
323 278 m2 926407 -2.77401178e-08 0.5 p-1 -7473 1
37 279 m2 927116 -0.0824819282 0.5 p-1 -1588458 463
111 280 m2 927677 -2.71250665e-05 0.5 p-1 -4920454 258
283 281 m2 941472 -0.00844884105 0.5 p-1 -321550 3
137 282 m2 960779 -0.0294002499 0.5 p-1 -1602898 126
104 283 m2 962365 -0.00229941402 0.5 p-1 -558329 162
129 284 m2 969634 -4.75663692e-05 0.5 p-1 -841246 66
177 285 m2 970921 -0.00251782732 0.5 p-1 -155875 63
130 286 m2 976321 -0.00757070538 0.5 p-1 -314110 133
39 287 m2 980846 -0.0101347361 0.5 p-1 -795705 181
150 288 m2 981164 -0.00750922598 0.5 p-1 -247126 122
40 289 m2 981352 -0.00920283515 0.5 p-1 -1943629 1884
234 291 m2 995110 -9.64383216e-05 0.5 p-1 -303163 28
270 294 m2 542339 -0.0328598842 0.5 p0 2 3
316 298 m2 316127 -0.00805205386 0.5 p0 2 4
310 300 m2 729473 -0.00418602908 0.5 p0 2 6
305 302 m2 341014 -0.000590078649 0.5 p0 2 1
288 303 m2 857759 -0.00015741169 0.5 p0 2 3
164 305 m2 721843 -0.00869578589 0.5 p0 2 3
294 307 m2 470547 -0.0111373691 0.5 p0 2 1
257 308 m2 108216 -0.000276356237 0.5 p0 2 4
296 317 m2 400672 -6.06612457e-06 0.5 p0 2 3
306 321 m2 81032 -0.00181907869 0.5 p0 2 4
295 323 m2 968189 -0.00334686902 0.5 p0 2 5
194 326 m2 648494 -0.00226419 0.5 p0 2 2
235 330 m2 826778 -0.00586144021 0.5 p0 2 1
246 331 m2 205381 -0.0151678491 0.5 p0 2 1
307 335 m2 561709 -0.000176368951 0.5 p0 2 2
319 336 m2 940085 -0.000833839644 0.5 p0 2 1
280 338 m2 242891 -0.000298278348 0.5 p0 2 2
196 347 m2 239942 -1.99985043e-05 0.5 p0 2 1
0 348 m1 966 0 0.5 p-1 -5620549 1926
116 349 m1 1936 0 0.5 p-1 -2488059 388
261 350 m1 7038 0 0.5 p-1 -17957 5
268 351 m1 7512 0 0.5 p-1 -41041 20
225 352 m1 12999 0 0.5 p-1 -73184 57
122 354 m1 48819 0 0.5 p-1 -1395944 214
131 355 m1 56854 0 0.5 p-1 -1468017 554
264 356 m1 64703 0 0.5 p-1 -24300 8
202 357 m1 67286 0 0.5 p-1 -14706 14
66 358 m1 67822 0 0.5 p-1 -503590 86
208 359 m1 72558 0 0.5 p-1 -179053 23
262 360 m1 82751 0 0.5 p-1 -10221 4
42 361 m1 87414 0 0.5 p-1 -75626 54
282 362 m1 95934 0 0.5 p-1 -86174 14
312 363 m1 104365 0 0.5 p-1 -10767 2
43 364 m1 124341 0 0.5 p-1 -1714179 1197
209 365 m1 133787 0 0.5 p-1 -33060 6
249 366 m1 138621 0 0.5 p-1 -257921 22
188 367 m1 139804 0 0.5 p-1 -249004 50
179 369 m1 143477 0 0.5 p-1 -93750 19
144 372 m1 169509 0 0.5 p-1 -30276 5
118 373 m1 190730 0 0.5 p-1 -291462 290
45 374 m1 196053 0 0.5 p-1 -3387696 1825
4 375 m1 197000 0 0.5 p-1 -2270150 470
165 376 m1 199844 0 0.5 p-1 -6049 5
313 377 m1 217559 0 0.5 p-1 -8755 3
68 378 m1 224036 0 0.5 p-1 -7046401 328
6 379 m1 228161 0 0.5 p-1 -7583973 1115
78 380 m1 230122 0 0.5 p-1 -250657 80
7 381 m1 247079 0 0.5 p-1 -10949917 1780
8 382 m1 262201 0 0.5 p-1 -8240516 564
185 384 m1 299385 0 0.5 p-1 -135948 116
214 385 m1 332957 0 0.5 p-1 -73508 33
290 386 m1 338594 0 0.5 p-1 -81683 10
46 387 m1 339915 0 0.5 p-1 -122217 161
47 388 m1 343237 0 0.5 p-1 -8763724 1374
254 391 m1 347582 0 0.5 p-1 -134482 12
13 392 m1 372634 0 0.5 p-1 -2936999 190
120 394 m1 385740 0 0.5 p-1 -383835 180
210 395 m1 401977 0 0.5 p-1 -305042 94
154 396 m1 410719 0 0.5 p-1 -327550 186
49 399 m1 425833 0 0.5 p-1 -2602429 249
146 400 m1 426777 0 0.5 p-1 -229258 115
258 401 m1 431831 0 0.5 p-1 -74250 10
314 402 m1 433992 0 0.5 p-1 -272 1
51 403 m1 435742 0 0.5 p-1 -9724325 261
82 404 m1 436659 0 0.5 p-1 -2055817 155
107 407 m1 464308 0 0.5 p-1 -3284889 186
327 408 m1 489285 0 0.5 p-1 -24685 1
272 410 m1 501443 0 0.5 p-1 -11589 12
108 413 m1 508874 0 0.5 p-1 -947246 260
212 415 m1 540781 0 0.5 p-1 -3459758 53
287 416 m1 541055 0 0.5 p-1 -7267 2
125 417 m1 563055 0 0.5 p-1 -143420 36
140 418 m1 580344 0 0.5 p-1 -566308 240
72 419 m1 591373 0 0.5 p-1 -1205058 164
155 420 m1 596357 0 0.5 p-1 -982817 267
148 421 m1 599064 0 0.5 p-1 -524676 396
193 422 m1 599164 0 0.5 p-1 -513926 145
273 423 m1 599386 0 0.5 p-1 -11069 11
269 424 m1 603436 0 0.5 p-1 -511611 31
141 425 m1 611020 0 0.5 p-1 -221864 70
206 426 m1 618097 0 0.5 p-1 -53287 77
142 428 m1 681501 0 0.5 p-1 -699586 242
299 430 m1 704618 0 0.5 p-1 -4110 8
309 431 m1 712162 0 0.5 p-1 -231 4
26 432 m1 719214 0 0.5 p-1 -1855563 780
29 434 m1 778993 0 0.5 p-1 -7733964 1098
286 438 m1 831315 0 0.5 p-1 -39746 1
224 439 m1 836487 0 0.5 p-1 -12481 13
203 441 m1 854390 0 0.5 p-1 -54346 49
59 442 m1 855823 0 0.5 p-1 -3707116 891
36 444 m1 882759 0 0.5 p-1 -11117448 1404
205 445 m1 883773 0 0.5 p-1 -92290 69
115 446 m1 893419 0 0.5 p-1 -337485 185
289 447 m1 896226 0 0.5 p-1 -30813 5
239 449 m1 937379 0 0.5 p-1 -17316 14
38 450 m1 944763 0 0.5 p-1 -6555081 1706
90 451 m1 955223 0 0.5 p-1 -3397902 244
103 452 m1 958095 0 0.5 p-1 -1281634 193
64 453 m1 989172 0 0.5 p-1 -121421 89
Individuals:
