Mutations:
43 1 m2 16554 -0.00313826581 0.5 p-1 -1313535 550
254 2 m2 19401 -0.000410136563 0.5 p-1 -12825 12
159 3 m2 19847 -0.0108166905 0.5 p-1 -717724 294
164 4 m2 20730 -0.0238812771 0.5 p-1 -2271922 227
230 5 m2 26405 -0.00454898644 0.5 p-1 -32639 6
223 6 m2 33189 -4.30005429e-07 0.5 p-1 -296377 56
305 7 m2 40781 -0.00642583426 0.5 p-1 -18372 3
132 8 m2 41179 -0.00100680941 0.5 p-1 -391442 203
205 10 m2 45572 -0.0127473045 0.5 p-1 -161885 20
133 14 m2 60434 -0.00121575303 0.5 p-1 -184725 37
165 15 m2 63501 -4.19048229e-05 0.5 p-1 -50940 62
2 16 m2 73395 -0.00260783895 0.5 p-1 -2240757 1126
61 17 m2 73418 -0.0114805996 0.5 p-1 -2879818 732
87 20 m2 78780 -0.0197269693 0.5 p-1 -7881331 539
264 21 m2 87571 -0.00211810996 0.5 p-1 -436958 31
62 23 m2 89731 -0.00297558797 0.5 p-1 -512186 353
88 24 m2 92431 -0.00103566167 0.5 p-1 -5435484 434
217 25 m2 93462 -0.0301100034 0.5 p-1 -54958 28
89 27 m2 108493 -0.0255723726 0.5 p-1 -3581672 421
160 29 m2 110611 -0.0105602136 0.5 p-1 -527177 307
44 30 m2 112709 -0.0430609696 0.5 p-1 -3078411 493
243 33 m2 131486 -0.0358099155 0.5 p-1 -693172 101
108 34 m2 133119 -1.37915622e-05 0.5 p-1 -511751 44
4 35 m2 133407 -0.00558173098 0.5 p-1 -7397563 1558
198 36 m2 139767 -0.000111773108 0.5 p-1 -3624043 40
90 38 m2 140079 -1.23992772e-08 0.5 p-1 -743 5
180 39 m2 146452 -0.00733464165 0.5 p-1 -830936 78
74 40 m2 146548 -1.70340518e-05 0.5 p-1 -799948 209
185 41 m2 146747 -0.0112787588 0.5 p-1 -36579 22
242 42 m2 155035 -4.61927073e-07 0.5 p-1 -99726 7
291 44 m2 164567 -0.00557445409 0.5 p-1 -5331 5
45 46 m2 170759 -1.53031121e-09 0.5 p-1 -1306369 404
290 47 m2 174968 -0.020224439 0.5 p-1 -1863 2
126 49 m2 184404 -0.0124820285 0.5 p-1 -5147734 163
91 50 m2 185645 -0.00494311471 0.5 p-1 -459992 13
269 51 m2 186234 -1.32128353e-05 0.5 p-1 -136587 5
128 52 m2 192218 -0.000278888299 0.5 p-1 -3740197 932
183 53 m2 205200 -0.000226225253 0.5 p-1 -159872 56
92 54 m2 209825 -0.00638206117 0.5 p-1 -1476563 311
212 55 m2 212738 -3.24607099e-05 0.5 p-1 -886641 45
63 59 m2 221911 -0.059087906 0.5 p-1 -2153875 884
116 60 m2 223157 -0.0210617427 0.5 p-1 -404092 267
166 61 m2 232665 -0.000189518905 0.5 p-1 -121387 33
8 63 m2 267270 -0.000152234905 0.5 p-1 -3116606 916
118 64 m2 274859 -0.00287505635 0.5 p-1 -1045108 139
9 65 m2 275275 -0.000285964168 0.5 p-1 -1372769 930
10 66 m2 279904 -0.00285008689 0.5 p-1 -4270426 720
76 67 m2 283514 -0.0375057086 0.5 p-1 -465219 426
214 68 m2 284598 -0.0453892723 0.5 p-1 -63220 34
141 69 m2 284703 -0.0023969966 0.5 p-1 -38803 23
267 70 m2 290972 -9.69056657e-08 0.5 p-1 -126779 14
47 71 m2 295560 -6.03207839e-09 0.5 p-1 -345893 71
186 72 m2 297265 -0.00262585096 0.5 p-1 -154925 37
170 74 m2 298864 -0.0116248317 0.5 p-1 -100785 39
11 75 m2 308581 -3.26737936e-05 0.5 p-1 -3526374 1857
105 76 m2 309020 -3.7939426e-06 0.5 p-1 -3808227 822
93 77 m2 316684 -0.00242034369 0.5 p-1 -223510 119
306 79 m2 321014 -0.0298515093 0.5 p-1 -1151 1
310 80 m2 326770 -5.49988499e-07 0.5 p-1 -16870 1
48 81 m2 327310 -0.054058671 0.5 p-1 -19789856 628
234 82 m2 332030 -0.000173198699 0.5 p-1 -17406 21
280 83 m2 335455 -2.13396197e-06 0.5 p-1 -25567 20
275 86 m2 344358 -0.00442016823 0.5 p-1 -10223 6
12 87 m2 347139 -0.0147207901 0.5 p-1 -1049591 427
225 88 m2 362138 -0.00932966452 0.5 p-1 -53472 60
292 89 m2 362593 -0.000935114687 0.5 p-1 -86989 7
13 91 m2 371952 -0.000385965395 0.5 p-1 -3037302 1848
64 93 m2 373780 -0.000516252127 0.5 p-1 -169707 259
284 94 m2 375787 -0.00656421063 0.5 p-1 -55232 27
95 95 m2 376171 -0.00595017755 0.5 p-1 -795201 180
14 96 m2 377060 -1.75139905e-06 0.5 p-1 -2716187 1072
15 97 m2 377831 -0.00334587321 0.5 p-1 -1759363 971
154 98 m2 380391 -0.00911491644 0.5 p-1 -558681 121
77 100 m2 383324 -0.00794204231 0.5 p-1 -1805465 645
151 101 m2 385248 -0.00277530216 0.5 p-1 -87156 62
262 102 m2 385431 -0.00215537404 0.5 p-1 -9119 11
208 103 m2 389525 -0.00334588834 0.5 p-1 -35850 8
277 104 m2 399535 -0.000220095084 0.5 p-1 -72945 11
16 105 m2 399771 -0.00981114805 0.5 p-1 -863716 1197
204 106 m2 403726 -0.00470152125 0.5 p-1 -8647 29
96 107 m2 407794 -0.000879035622 0.5 p-1 -471025 237
209 110 m2 416518 -0.00280939415 0.5 p-1 -179110 25
50 111 m2 419867 -0.0131861353 0.5 p-1 -55164 38
261 112 m2 422557 -0.038424816 0.5 p-1 -55909 12
244 113 m2 425834 -0.00280804443 0.5 p-1 -379 8
111 114 m2 427072 -0.0055806688 0.5 p-1 -584180 259
17 115 m2 428755 -4.07709704e-05 0.5 p-1 -4176038 1585
237 118 m2 434137 -0.00320727611 0.5 p-1 -10630 8
226 119 m2 439668 -0.000364996318 0.5 p-1 -1942999 38
18 120 m2 441183 -0.000421424513 0.5 p-1 -1647931 1579
299 122 m2 441505 -0.015098541 0.5 p-1 -39517 10
112 126 m2 453893 -0.000356287987 0.5 p-1 -2984012 891
51 127 m2 456591 -0.0295293331 0.5 p-1 -815750 451
219 129 m2 461286 -0.014305965 0.5 p-1 -12137 6
245 130 m2 467207 -4.38002608e-05 0.5 p-1 -105862 3
161 135 m2 473884 -0.0128863342 0.5 p-1 -13820 45
19 137 m2 481764 -0.000607129652 0.5 p-1 -10022859 614
187 141 m2 497144 -0.004452297 0.5 p-1 -152519 82
270 144 m2 514225 -0.000109218759 0.5 p-1 -25762 16
21 146 m2 516779 -0.000158783689 0.5 p-1 -4970555 1153
22 147 m2 518080 -0.00035692635 0.5 p-1 -7823533 1642
255 148 m2 522536 -1.67541339e-06 0.5 p-1 -143627 20
81 150 m2 534973 -0.01026149 0.5 p-1 -1580339 493
202 152 m2 543431 -0.0064697261 0.5 p-1 -150654 33
175 153 m2 546286 -1.5009663e-05 0.5 p-1 -11349001 181
218 154 m2 546805 -3.58509993e-07 0.5 p-1 -69569 57
259 155 m2 547384 -3.55028824e-05 0.5 p-1 -8499 18
227 156 m2 548259 -0.0140319504 0.5 p-1 -328685 23
184 157 m2 549898 -0.000162076452 0.5 p-1 -133159 56
130 158 m2 551435 -0.000803822826 0.5 p-1 -532932 128
23 159 m2 561704 -0.0104260109 0.5 p-1 -1178978 82
195 160 m2 568493 -0.00111810374 0.5 p-1 -161830 111
97 161 m2 574120 -0.000321769359 0.5 p-1 -1453222 160
52 162 m2 576773 -0.00116277277 0.5 p-1 -717626 415
24 163 m2 583495 -0.0126133515 0.5 p-1 -4875153 816
25 164 m2 593929 -3.09516366e-07 0.5 p-1 -3146937 116
178 166 m2 597683 -0.00817408599 0.5 p-1 -2274770 234
235 167 m2 598633 -1.72276771e-06 0.5 p-1 -220674 32
26 168 m2 599241 -2.68532058e-05 0.5 p-1 -5997133 776
167 169 m2 602092 -0.00313061243 0.5 p-1 -468245 115
55 170 m2 602586 -0.00739395432 0.5 p-1 -822646 362
27 171 m2 605987 -0.00314184348 0.5 p-1 -3074296 975
163 172 m2 609232 -0.0387260206 0.5 p-1 -950634 209
28 173 m2 614579 -4.15332543e-05 0.5 p-1 -2562000 1845
232 174 m2 616974 -0.0338809565 0.5 p-1 -150358 40
236 175 m2 617493 -8.15663148e-10 0.5 p-1 -103377 18
268 176 m2 618010 -0.0206666794 0.5 p-1 -435826 8
148 177 m2 619175 -0.00998421758 0.5 p-1 -372525 340
238 178 m2 627846 -0.00035045165 0.5 p-1 -94265 21
29 179 m2 628472 -1.03559205e-06 0.5 p-1 -6568440 308
196 182 m2 631795 -0.0276766177 0.5 p-1 -425844 134
98 183 m2 641157 -0.000453850866 0.5 p-1 -1568426 127
113 184 m2 646401 -2.51133588e-06 0.5 p-1 -122357 100
249 185 m2 649687 -0.0078490125 0.5 p-1 -3542 14
56 186 m2 654643 -0.00163796591 0.5 p-1 -6667951 1134
179 188 m2 657376 -0.00918995962 0.5 p-1 -251664 93
247 189 m2 670204 -0.0286339633 0.5 p-1 -56201 27
265 190 m2 670822 -0.00417643832 0.5 p-1 -28334 4
188 191 m2 672591 -0.00748723792 0.5 p-1 -272665 71
30 193 m2 676620 -0.012213924 0.5 p-1 -5752896 843
134 194 m2 678521 -0.0191249102 0.5 p-1 -4775135 150
83 196 m2 684793 -0.00366736832 0.5 p-1 -369627 122
31 197 m2 707560 -8.42116879e-06 0.5 p-1 -709663 454
100 198 m2 707572 -0.00224570208 0.5 p-1 -848312 379
181 200 m2 708246 -0.0106704151 0.5 p-1 -223573 17
143 201 m2 720452 -0.000200828566 0.5 p-1 -368163 103
149 202 m2 723054 -1.79408325e-05 0.5 p-1 -559303 65
194 203 m2 724802 -2.8249784e-05 0.5 p-1 -180081 126
251 204 m2 725024 -0.00560441799 0.5 p-1 -16543 23
182 205 m2 727257 -0.000156660666 0.5 p-1 -837772 93
199 206 m2 732004 -0.000428253232 0.5 p-1 -237433 69
102 207 m2 735632 -0.00223238836 0.5 p-1 -12896577 1381
103 208 m2 735679 -0.000664080435 0.5 p-1 -856971 165
285 209 m2 738984 -0.00632123929 0.5 p-1 -223 2
32 210 m2 740382 -0.0227164309 0.5 p-1 -5441852 1981
233 211 m2 744043 -0.0019133247 0.5 p-1 -9854 11
271 212 m2 748265 -0.00816754997 0.5 p-1 -43471 5
67 213 m2 748618 -0.00473759091 0.5 p-1 -2781833 250
33 214 m2 750107 -0.00107977877 0.5 p-1 -2201742 979
135 215 m2 759791 -0.000496900757 0.5 p-1 -2328005 470
253 216 m2 762762 -0.0181647819 0.5 p-1 -62900 5
106 217 m2 765626 -1.62656252e-05 0.5 p-1 -1428508 99
304 218 m2 765979 -0.000627384114 0.5 p-1 -16283 6
144 221 m2 772872 -0.0170404594 0.5 p-1 -1800282 201
121 222 m2 778292 -0.00816320814 0.5 p-1 -237154 122
84 224 m2 790316 -0.000435334427 0.5 p-1 -963845 908
35 225 m2 792446 -0.00307976943 0.5 p-1 -3642919 1212
150 226 m2 794817 -0.00529503124 0.5 p-1 -215551 67
286 227 m2 796378 -7.78286121e-05 0.5 p-1 -65186 2
172 228 m2 797506 -0.000309090712 0.5 p-1 -440130 98
107 230 m2 798708 -0.00107720715 0.5 p-1 -3091014 385
68 231 m2 799496 -0.00918782689 0.5 p-1 -4374263 1143
190 232 m2 803740 -0.00978168659 0.5 p-1 -3758530 84
231 233 m2 806539 -0.0160222743 0.5 p-1 -256817 4
145 235 m2 813330 -3.77394933e-08 0.5 p-1 -211537 111
173 236 m2 823903 -0.00445837248 0.5 p-1 -1675374 71
136 237 m2 831542 -0.00241104397 0.5 p-1 -827327 161
36 238 m2 837520 -0.0274343882 0.5 p-1 -6486641 1435
152 240 m2 840630 -0.0109181255 0.5 p-1 -31932 46
37 241 m2 841645 -7.26674261e-05 0.5 p-1 -3213178 1308
303 242 m2 845988 -0.000387060601 0.5 p-1 -37257 3
57 243 m2 846021 -1.81045809e-08 0.5 p-1 -391647 284
312 244 m2 847583 -0.00107225578 0.5 p-1 -102041 2
282 246 m2 853699 -0.000176574089 0.5 p-1 -234929 2
298 247 m2 854024 -4.43649988e-05 0.5 p-1 -3405 3
193 248 m2 854155 -0.00859897863 0.5 p-1 -343798 17
153 249 m2 854688 -0.00572087429 0.5 p-1 -28359 11
206 253 m2 858615 -0.00382782123 0.5 p-1 -56788 12
122 254 m2 864161 -0.086551927 0.5 p-1 -7904 3
296 255 m2 864193 -0.00244759 0.5 p-1 -9368 10
69 256 m2 867671 -0.00870218594 0.5 p-1 -9193941 85
241 257 m2 877265 -0.000432808243 0.5 p-1 -704123 13
137 258 m2 879102 -0.00487086317 0.5 p-1 -2698566 816
229 259 m2 879184 -0.0407457426 0.5 p-1 -112588 86
176 260 m2 884155 -0.00135928451 0.5 p-1 -1727260 262
168 261 m2 886464 -0.0707808658 0.5 p-1 -622324 101
252 262 m2 886621 -0.000280112872 0.5 p-1 -6110 5
139 263 m2 887824 -0.0290576126 0.5 p-1 -136584 35
191 264 m2 890690 -0.00197028951 0.5 p-1 -21330 22
169 266 m2 895876 -0.0220501572 0.5 p-1 -883597 56
216 267 m2 897426 -0.0200714413 0.5 p-1 -218782 65
201 268 m2 899825 -0.0186455082 0.5 p-1 -359597 277
58 269 m2 900641 -0.0567586906 0.5 p-1 -2285746 863
104 270 m2 902109 -0.00205965666 0.5 p-1 -865596 19
59 271 m2 907913 -0.00133091537 0.5 p-1 -777318 629
123 275 m2 917721 -0.0222473033 0.5 p-1 -165985 131
70 276 m2 919285 -0.00653648842 0.5 p-1 -660277 494
146 277 m2 922895 -3.18569801e-05 0.5 p-1 -995805 424
85 279 m2 927116 -0.0824819282 0.5 p-1 -1588458 529
155 280 m2 927677 -2.71250665e-05 0.5 p-1 -4920454 210
263 281 m2 941472 -0.00844884105 0.5 p-1 -321550 13
224 282 m2 960779 -0.0294002499 0.5 p-1 -1602898 103
71 283 m2 962365 -0.00229941402 0.5 p-1 -558329 200
177 284 m2 969634 -4.75663692e-05 0.5 p-1 -841246 60
140 285 m2 970921 -0.00251782732 0.5 p-1 -155875 31
174 286 m2 976321 -0.00757070538 0.5 p-1 -314110 157
72 287 m2 980846 -0.0101347361 0.5 p-1 -795705 118
213 288 m2 981164 -0.00750922598 0.5 p-1 -247126 112
42 289 m2 981352 -0.00920283515 0.5 p-1 -1943629 1905
60 291 m2 995110 -9.64383216e-05 0.5 p-1 -303163 53
274 293 m2 128728 -0.01849043 0.5 p0 2 6
257 296 m2 996417 -0.00220612832 0.5 p0 2 4
260 298 m2 316127 -0.00805205386 0.5 p0 2 8
207 300 m2 729473 -0.00418602908 0.5 p0 2 2
297 305 m2 721843 -0.00869578589 0.5 p0 2 2
307 314 m2 105830 -0.00500395661 0.5 p0 2 1
256 315 m2 374435 -0.00281773671 0.5 p0 2 1
278 320 m2 896902 -0.000413362577 0.5 p0 2 3
315 324 m2 506613 -0.0259082075 0.5 p0 2 1
295 325 m2 228673 -0.00812323391 0.5 p0 2 2
266 330 m2 826778 -0.00586144021 0.5 p0 2 1
283 334 m2 337576 -0.00474627037 0.5 p0 2 6
288 335 m2 561709 -0.000176368951 0.5 p0 2 1
293 338 m2 242891 -0.000298278348 0.5 p0 2 4
302 345 m2 498337 -0.00788801257 0.5 p0 2 4
0 348 m1 966 0 0.5 p-1 -5620549 1913
86 349 m1 1936 0 0.5 p-1 -2488059 412
313 350 m1 7038 0 0.5 p-1 -17957 1
197 351 m1 7512 0 0.5 p-1 -41041 16
240 352 m1 12999 0 0.5 p-1 -73184 57
246 353 m1 37840 0 0.5 p-1 -4824 7
124 354 m1 48819 0 0.5 p-1 -1395944 233
73 355 m1 56854 0 0.5 p-1 -1468017 510
125 356 m1 64703 0 0.5 p-1 -24300 32
1 357 m1 67286 0 0.5 p-1 -14706 19
115 358 m1 67822 0 0.5 p-1 -503590 66
273 359 m1 72558 0 0.5 p-1 -179053 8
222 361 m1 87414 0 0.5 p-1 -75626 39
248 362 m1 95934 0 0.5 p-1 -86174 20
3 364 m1 124341 0 0.5 p-1 -1714179 1140
220 365 m1 133787 0 0.5 p-1 -33060 7
171 366 m1 138621 0 0.5 p-1 -257921 53
215 367 m1 139804 0 0.5 p-1 -249004 58
287 369 m1 143477 0 0.5 p-1 -93750 6
279 372 m1 169509 0 0.5 p-1 -30276 3
127 373 m1 190730 0 0.5 p-1 -291462 413
5 374 m1 196053 0 0.5 p-1 -3387696 1807
75 375 m1 197000 0 0.5 p-1 -2270150 516
294 377 m1 217559 0 0.5 p-1 -8755 1
117 378 m1 224036 0 0.5 p-1 -7046401 320
46 379 m1 228161 0 0.5 p-1 -7583973 1199
203 380 m1 230122 0 0.5 p-1 -250657 90
6 381 m1 247079 0 0.5 p-1 -10949917 1784
7 382 m1 262201 0 0.5 p-1 -8240516 586
158 384 m1 299385 0 0.5 p-1 -135948 115
142 385 m1 332957 0 0.5 p-1 -73508 21
221 386 m1 338594 0 0.5 p-1 -81683 29
109 387 m1 339915 0 0.5 p-1 -122217 196
49 388 m1 343237 0 0.5 p-1 -8763724 1423
94 389 m1 346175 0 0.5 p-1 -758 6
276 390 m1 346720 0 0.5 p-1 -7613 8
189 391 m1 347582 0 0.5 p-1 -134482 26
129 392 m1 372634 0 0.5 p-1 -2936999 201
65 394 m1 385740 0 0.5 p-1 -383835 188
110 395 m1 401977 0 0.5 p-1 -305042 97
78 396 m1 410719 0 0.5 p-1 -327550 180
192 397 m1 412138 0 0.5 p-1 -6450 24
79 399 m1 425833 0 0.5 p-1 -2602429 224
210 400 m1 426777 0 0.5 p-1 -229258 94
258 401 m1 431831 0 0.5 p-1 -74250 9
314 402 m1 433992 0 0.5 p-1 -272 1
119 403 m1 435742 0 0.5 p-1 -9724325 298
80 404 m1 436659 0 0.5 p-1 -2055817 231
120 407 m1 464308 0 0.5 p-1 -3284889 238
309 410 m1 501443 0 0.5 p-1 -11589 2
308 411 m1 503834 0 0.5 p-1 -540 1
20 413 m1 508874 0 0.5 p-1 -947246 289
300 414 m1 532890 0 0.5 p-1 -4458 2
156 415 m1 540781 0 0.5 p-1 -3459758 91
281 417 m1 563055 0 0.5 p-1 -143420 19
53 418 m1 580344 0 0.5 p-1 -566308 281
54 419 m1 591373 0 0.5 p-1 -1205058 183
66 420 m1 596357 0 0.5 p-1 -982817 256
131 421 m1 599064 0 0.5 p-1 -524676 344
162 422 m1 599164 0 0.5 p-1 -513926 93
250 423 m1 599386 0 0.5 p-1 -11069 26
147 424 m1 603436 0 0.5 p-1 -511611 46
239 425 m1 611020 0 0.5 p-1 -221864 86
82 426 m1 618097 0 0.5 p-1 -53287 79
99 428 m1 681501 0 0.5 p-1 -699586 265
101 432 m1 719214 0 0.5 p-1 -1855563 716
34 434 m1 778993 0 0.5 p-1 -7733964 1073
311 436 m1 800593 0 0.5 p-1 -200 2
301 438 m1 831315 0 0.5 p-1 -39746 1
228 439 m1 836487 0 0.5 p-1 -12481 23
200 441 m1 854390 0 0.5 p-1 -54346 40
38 442 m1 855823 0 0.5 p-1 -3707116 975
39 444 m1 882759 0 0.5 p-1 -11117448 1504
138 445 m1 883773 0 0.5 p-1 -92290 54
157 446 m1 893419 0 0.5 p-1 -337485 90
272 447 m1 896226 0 0.5 p-1 -30813 4
289 449 m1 937379 0 0.5 p-1 -17316 5
40 450 m1 944763 0 0.5 p-1 -6555081 1599
114 451 m1 955223 0 0.5 p-1 -3397902 204
41 452 m1 958095 0 0.5 p-1 -1281634 242
211 453 m1 989172 0 0.5 p-1 -121421 72
Individuals:
