Mutations:
46 0 m2 1231 -0.00080172898 0.5 p-1 -7645466 1447
47 1 m2 3175 -0.0148668271 0.5 p-1 -1214930 989
0 2 m2 8961 -7.37684168e-05 0.5 p-1 -1951837 1142
1 3 m2 10089 -2.4919631e-05 0.5 p-1 -4794337 984
129 4 m2 11808 -1.27802823e-05 0.5 p-1 -613610 16
100 6 m2 14084 -0.00248933421 0.5 p-1 -263978 272
2 7 m2 19688 -0.00944394246 0.5 p-1 -4600892 1859
193 8 m2 24497 -0.000130752596 0.5 p-1 -184253 19
148 10 m2 34500 -0.0241124891 0.5 p-1 -235014 156
139 12 m2 48140 -0.0047394447 0.5 p-1 -398981 92
73 14 m2 60013 -0.132834598 0.5 p-1 -1830123 205
175 15 m2 60362 -0.00320520392 0.5 p-1 -25488 21
4 16 m2 62904 -0.000243768853 0.5 p-1 -5892079 1892
192 17 m2 68667 -0.0116940103 0.5 p-1 -35721 52
250 18 m2 71912 -4.07834023e-06 0.5 p-1 -63906 15
5 19 m2 79140 -0.00460541435 0.5 p-1 -2153139 383
107 20 m2 79863 -0.00197226251 0.5 p-1 -793918 247
93 21 m2 89770 -0.00231631682 0.5 p-1 -6703037 119
102 24 m2 103434 -3.07754308e-05 0.5 p-1 -5212896 299
242 26 m2 112476 -1.87674541e-05 0.5 p-1 -8277929 5
6 27 m2 116362 -0.0755829588 0.5 p-1 -1648693 761
7 28 m2 118289 -0.00385948573 0.5 p-1 -4115779 950
230 29 m2 119316 -0.000200187293 0.5 p-1 -24577 14
218 32 m2 138896 -0.0317417979 0.5 p-1 -138221 9
267 33 m2 154373 -0.00249115587 0.5 p-1 -3517 3
260 35 m2 158712 -0.0031094139 0.5 p-1 -1737 1
165 36 m2 160869 -0.00572789786 0.5 p-1 -84204 28
228 37 m2 165958 -0.0404112116 0.5 p-1 -5857 5
48 39 m2 176281 -0.00240853522 0.5 p-1 -2039494 653
103 40 m2 184367 -0.00845448021 0.5 p-1 -238403 21
8 41 m2 188615 -0.013154177 0.5 p-1 -314722 300
226 42 m2 207142 -0.000537022832 0.5 p-1 -29624 4
166 43 m2 213671 -0.00488863653 0.5 p-1 -132681 52
232 45 m2 214928 -0.00155167736 0.5 p-1 -29125 4
201 46 m2 216559 -0.00452958466 0.5 p-1 -73680 23
253 49 m2 229301 -0.000128364598 0.5 p-1 -61065 8
293 50 m2 244859 -0.000293761725 0.5 p-1 -4351 1
50 51 m2 251557 -0.00892417133 0.5 p-1 -1087270 167
51 52 m2 251725 -0.00664976332 0.5 p-1 -4705947 835
135 55 m2 262163 -0.0064827092 0.5 p-1 -19464 22
52 56 m2 262521 -1.11346199e-09 0.5 p-1 -707143 333
160 59 m2 267651 -0.0162247028 0.5 p-1 -352555 86
243 61 m2 276516 -0.00622100616 0.5 p-1 -236841 26
10 63 m2 279766 -0.000441381766 0.5 p-1 -775010 593
156 64 m2 292709 -0.00147994992 0.5 p-1 -2419734 56
11 66 m2 298727 -0.00208796421 0.5 p-1 -670846 150
12 67 m2 301747 -0.00294766156 0.5 p-1 -2700600 1495
146 68 m2 302879 -0.000287182571 0.5 p-1 -80104 141
185 69 m2 305043 -0.00801861659 0.5 p-1 -289741 40
104 71 m2 314691 -0.000269928656 0.5 p-1 -48272 18
137 72 m2 315503 -0.000693023379 0.5 p-1 -4444904 291
75 73 m2 316176 -0.00198813621 0.5 p-1 -954116 330
163 74 m2 316906 -1.74336346e-05 0.5 p-1 -1033517 153
13 75 m2 317166 -0.00101102761 0.5 p-1 -4385029 1486
130 76 m2 317366 -0.0155752646 0.5 p-1 -588191 109
268 77 m2 318466 -0.000144946142 0.5 p-1 -4199 6
196 78 m2 323333 -0.000133807014 0.5 p-1 -228177 36
236 79 m2 324055 -0.0258740243 0.5 p-1 -98144 14
96 80 m2 325745 -0.000327431335 0.5 p-1 -296458 20
14 81 m2 331445 -0.00947157759 0.5 p-1 -1271778 526
233 82 m2 331810 -1.41491082e-05 0.5 p-1 -7618 2
131 84 m2 335142 -0.000756009656 0.5 p-1 -279581 17
53 85 m2 339122 -0.00112968031 0.5 p-1 -708600 440
124 86 m2 340689 -1.40473694e-05 0.5 p-1 -17599 13
108 87 m2 343196 -0.00255585299 0.5 p-1 -191277 62
115 88 m2 344144 -0.00128823158 0.5 p-1 -23647 10
54 89 m2 346140 -0.00029374435 0.5 p-1 -344953 249
17 90 m2 353029 -0.0208291709 0.5 p-1 -2989572 1967
126 92 m2 358283 -0.00041189816 0.5 p-1 -12225 9
116 93 m2 361375 -0.00745160319 0.5 p-1 -268271 137
237 94 m2 363965 -0.00113458862 0.5 p-1 -5127309 8
264 95 m2 364124 -0.0196263809 0.5 p-1 -34325 7
171 96 m2 371880 -0.0012454621 0.5 p-1 -37218 9
97 97 m2 380015 -0.000712774927 0.5 p-1 -560686 322
18 98 m2 382997 -0.00743887294 0.5 p-1 -5327129 409
110 99 m2 389870 -0.0115532726 0.5 p-1 -140935 51
20 100 m2 392734 -6.70690497e-05 0.5 p-1 -3120220 313
21 102 m2 398468 -0.00267570745 0.5 p-1 -3315971 408
203 103 m2 403454 -0.00532808155 0.5 p-1 -37104 11
164 104 m2 403780 -6.36830737e-05 0.5 p-1 -30759 17
23 105 m2 408748 -0.0134795206 0.5 p-1 -524905 276
136 108 m2 410981 -0.00362602295 0.5 p-1 -305254 49
55 109 m2 418279 -2.34172276e-07 0.5 p-1 -2145648 968
98 110 m2 420774 -6.58647477e-05 0.5 p-1 -222182 262
221 111 m2 422701 -0.00286685419 0.5 p-1 -10120 9
127 112 m2 425137 -1.67564838e-06 0.5 p-1 -1045169 143
300 113 m2 427793 -0.0471000448 0.5 p-1 -7558 1
254 114 m2 428205 -0.000630817143 0.5 p-1 -1375 2
24 115 m2 435577 -0.0109603042 0.5 p-1 -8274047 1986
56 116 m2 443441 -0.00133170863 0.5 p-1 -1145925 319
172 117 m2 453609 -0.0101756779 0.5 p-1 -25205 37
26 118 m2 459911 -0.00120039377 0.5 p-1 -2910997 1060
161 121 m2 469087 -0.00658264803 0.5 p-1 -111617 34
211 122 m2 469391 -0.0253741685 0.5 p-1 -16274 16
206 123 m2 469787 -0.014729741 0.5 p-1 -38068 10
216 124 m2 470271 -0.0132572558 0.5 p-1 -1271 1
179 125 m2 470430 -0.000782476156 0.5 p-1 -389120 83
27 126 m2 476509 -0.0372714512 0.5 p-1 -4228614 1085
76 127 m2 484732 -0.121992543 0.5 p-1 -461403 348
28 129 m2 485511 -0.0229887161 0.5 p-1 -3431673 1967
128 130 m2 487768 -0.00994762033 0.5 p-1 -217951 156
57 131 m2 495006 -0.00936124846 0.5 p-1 -165162 78
276 132 m2 498509 -0.0233227462 0.5 p-1 -3029 3
207 134 m2 510649 -0.00606248155 0.5 p-1 -10567 6
29 136 m2 521143 -0.0420481339 0.5 p-1 -4361471 452
251 137 m2 522624 -0.0811717361 0.5 p-1 -34898 7
30 138 m2 523844 -0.00100599614 0.5 p-1 -2708401 1343
31 139 m2 523901 -4.40707436e-06 0.5 p-1 -1201152 1038
265 140 m2 527159 -0.00126458553 0.5 p-1 -27407 13
132 141 m2 534084 -0.000564648537 0.5 p-1 -23820 23
150 142 m2 536768 -0.0137637947 0.5 p-1 -488210 41
241 144 m2 551086 -5.94153535e-05 0.5 p-1 -107066 15
142 147 m2 568007 -0.00943254493 0.5 p-1 -227305 79
89 148 m2 570078 -0.00617748452 0.5 p-1 -1000334 273
32 150 m2 577675 -0.00632537249 0.5 p-1 -7293467 422
181 151 m2 578807 -0.0605977699 0.5 p-1 -3599794 41
208 152 m2 585047 -0.00033918058 0.5 p-1 -17351 3
227 153 m2 590599 -0.00253749778 0.5 p-1 -18389 20
33 154 m2 594034 -0.0272596721 0.5 p-1 -5790507 1170
34 155 m2 594308 -0.0174575318 0.5 p-1 -1771925 1008
286 156 m2 598152 -0.00111067109 0.5 p-1 -32966 2
109 157 m2 602177 -0.0202868786 0.5 p-1 -294624 255
244 158 m2 605448 -0.0518630035 0.5 p-1 -17311 14
223 159 m2 608072 -0.00410630461 0.5 p-1 -126922 19
178 160 m2 610681 -0.00116612553 0.5 p-1 -705900 29
245 162 m2 624661 -0.0156570021 0.5 p-1 -9433 3
67 163 m2 629399 -0.000889164919 0.5 p-1 -5560897 564
240 165 m2 632618 -0.000803245697 0.5 p-1 -2428 1
205 166 m2 633209 -0.00919276942 0.5 p-1 -318540 17
167 168 m2 638688 -0.00064148003 0.5 p-1 -64159 113
235 169 m2 639663 -0.000166122234 0.5 p-1 -194989 8
35 170 m2 647860 -0.00135216571 0.5 p-1 -5409471 1849
269 172 m2 648617 -8.28960474e-05 0.5 p-1 -47 1
239 173 m2 649855 -4.28618796e-06 0.5 p-1 -101374 27
86 174 m2 651760 -0.00224380218 0.5 p-1 -2416069 186
58 175 m2 653201 -0.0334673673 0.5 p-1 -3914361 871
59 176 m2 668144 -0.0116785169 0.5 p-1 -1551525 928
222 178 m2 676387 -0.00400361745 0.5 p-1 -22144 4
153 179 m2 679145 -1.47776857e-08 0.5 p-1 -23393 16
36 180 m2 681439 -0.00615669927 0.5 p-1 -1828518 1996
37 181 m2 683186 -4.01723355e-06 0.5 p-1 -5976789 163
147 182 m2 685652 -0.000282613066 0.5 p-1 -732976 96
90 183 m2 689325 -3.94434646e-05 0.5 p-1 -899619 181
121 184 m2 694315 -0.012321867 0.5 p-1 -45326 35
87 185 m2 703694 -0.0229058284 0.5 p-1 -817230 408
60 186 m2 704651 -0.00048502846 0.5 p-1 -2505901 524
114 187 m2 707851 -0.00486115366 0.5 p-1 -1904329 460
210 189 m2 712137 -0.00834114105 0.5 p-1 -199915 5
225 190 m2 712250 -0.00593736069 0.5 p-1 -28776 17
112 191 m2 718437 -0.00159772276 0.5 p-1 -151636 71
101 192 m2 718644 -0.000761255214 0.5 p-1 -195314 129
38 194 m2 751107 -0.00866438169 0.5 p-1 -345843 169
122 195 m2 752782 -0.00130927493 0.5 p-1 -303359 228
261 196 m2 759767 -0.016184248 0.5 p-1 -4935 2
145 197 m2 759881 -0.00914826337 0.5 p-1 -413700 140
138 199 m2 773199 -0.0220429935 0.5 p-1 -957400 182
79 200 m2 773498 -0.0138456021 0.5 p-1 -289513 274
69 201 m2 785428 -0.000780942675 0.5 p-1 -1842829 1080
298 202 m2 785772 -1.95319062e-05 0.5 p-1 -353 1
154 203 m2 788296 -0.000188388818 0.5 p-1 -995901 138
155 204 m2 788822 -0.00121564791 0.5 p-1 -208023 80
125 205 m2 789295 -0.0126096345 0.5 p-1 -221755 103
195 206 m2 792020 -0.00748058083 0.5 p-1 -50815 27
81 207 m2 798158 -0.0145086236 0.5 p-1 -11463924 320
91 208 m2 799415 -0.000773972948 0.5 p-1 -2498066 1318
180 209 m2 801281 -0.000798758119 0.5 p-1 -50764 10
39 210 m2 801928 -0.00214487803 0.5 p-1 -1409166 334
40 212 m2 808490 -1.5967079e-07 0.5 p-1 -1824368 490
113 213 m2 809817 -0.0083765192 0.5 p-1 -807089 162
82 214 m2 810926 -0.00780294742 0.5 p-1 -1452237 354
118 215 m2 810975 -2.93583253e-05 0.5 p-1 -61089 75
270 217 m2 815206 -0.0153097259 0.5 p-1 -7915 2
41 218 m2 815885 -0.0291205272 0.5 p-1 -9698714 1146
284 220 m2 820807 -0.0381030776 0.5 p-1 -9922 2
70 221 m2 824595 -0.000272970821 0.5 p-1 -1082739 868
296 223 m2 841944 -0.00163522421 0.5 p-1 -2355 1
42 224 m2 850814 -0.0256395899 0.5 p-1 -1305357 1319
184 225 m2 854990 -0.00183345063 0.5 p-1 -33878 18
106 226 m2 861350 -0.00317994924 0.5 p-1 -174937 28
173 227 m2 870091 -0.000725123915 0.5 p-1 -307834 24
214 230 m2 895705 -0.0018519311 0.5 p-1 -9603 2
99 231 m2 896357 -0.0239208341 0.5 p-1 -1938196 393
257 232 m2 898981 -0.0275425259 0.5 p-1 -27889 6
71 233 m2 902849 -1.47731407e-06 0.5 p-1 -2105904 1086
119 234 m2 908467 -0.0673262551 0.5 p-1 -144834 52
248 237 m2 915536 -0.0010019138 0.5 p-1 -9320 2
44 238 m2 918893 -8.08182358e-06 0.5 p-1 -3955777 748
275 239 m2 923005 -6.74021949e-09 0.5 p-1 -1164 1
262 240 m2 923343 -0.00456575071 0.5 p-1 -397 2
162 242 m2 932234 -2.35157017e-06 0.5 p-1 -63198 34
291 243 m2 935282 -0.0325468592 0.5 p-1 -7375 2
72 244 m2 941069 -0.00761090824 0.5 p-1 -1845652 283
252 245 m2 947828 -0.0455232635 0.5 p-1 -17709 9
263 246 m2 950619 -0.00319999177 0.5 p-1 -16802 3
231 247 m2 953249 -1.62115384e-06 0.5 p-1 -25763 18
219 248 m2 957412 -0.0028325317 0.5 p-1 -39671 5
62 249 m2 958602 -0.000479366397 0.5 p-1 -137971 186
220 250 m2 961558 -0.0281888731 0.5 p-1 -15033 7
141 251 m2 965484 -0.00159551541 0.5 p-1 -737659 56
176 253 m2 971463 -0.000734146044 0.5 p-1 -78719 37
133 254 m2 975580 -3.58453963e-06 0.5 p-1 -208714 56
174 255 m2 987025 -0.0407646745 0.5 p-1 -212065 15
88 256 m2 987260 -0.00225311029 0.5 p-1 -124545 64
209 257 m2 994287 -0.000821921567 0.5 p-1 -13364 14
302 258 m2 370817 -0.000509924197 0.5 p0 2 1
149 259 m2 328978 -0.0202935971 0.5 p0 2 2
304 261 m2 460866 -0.000178388858 0.5 p0 2 1
256 263 m2 218287 -0.000996529474 0.5 p0 2 3
266 265 m2 740040 -0.0183521844 0.5 p0 2 2
285 266 m2 360039 -0.00262433919 0.5 p0 2 1
301 268 m2 945635 -0.00411916059 0.5 p0 2 1
143 270 m2 383125 -6.44937827e-05 0.5 p0 2 1
294 271 m2 743853 -6.03589842e-06 0.5 p0 2 1
279 272 m2 249999 -0.0259753484 0.5 p0 2 1
247 273 m2 967672 -0.0139055829 0.5 p0 2 2
287 274 m2 395316 -0.0165097918 0.5 p0 2 1
259 275 m2 320961 -0.000327110145 0.5 p0 2 1
295 277 m2 6669 -0.00195120112 0.5 p0 2 1
303 278 m2 226333 -0.00460074097 0.5 p0 2 1
238 279 m2 481984 -0.0256004296 0.5 p0 2 2
274 280 m2 511270 -0.00014035833 0.5 p0 2 1
290 282 m2 457692 -0.00501698302 0.5 p0 2 2
277 287 m2 672238 -0.00215210672 0.5 p0 2 1
217 289 m2 112693 -0.00151419558 0.5 p0 2 1
249 291 m2 296228 -0.0080305906 0.5 p0 2 2
272 294 m2 341964 -0.000124308397 0.5 p0 2 4
280 296 m2 925752 -5.34768842e-05 0.5 p0 2 2
234 299 m2 892669 -0.0205632709 0.5 p0 2 1
282 300 m2 405246 -5.40345081e-06 0.5 p0 2 2
292 301 m2 197162 -0.00113087904 0.5 p0 2 1
194 305 m2 702983 -0.023210559 0.5 p0 2 1
289 306 m2 424135 -0.00100769615 0.5 p0 2 1
215 307 m2 710060 -0.000199299335 0.5 p0 2 1
281 308 m2 289788 -0.00843631569 0.5 p0 2 1
140 310 m2 458505 -0.00678623794 0.5 p0 2 1
271 311 m2 618794 -0.00866353046 0.5 p0 2 1
63 312 m1 632 0 0.5 p-1 -3558721 654
288 315 m1 19496 0 0.5 p-1 -8214 1
3 316 m1 21084 0 0.5 p-1 -10098016 1948
94 318 m1 97612 0 0.5 p-1 -65794 18
74 319 m1 111569 0 0.5 p-1 -32084 17
246 320 m1 124205 0 0.5 p-1 -21866 2
123 322 m1 137396 0 0.5 p-1 -257323 114
297 324 m1 187799 0 0.5 p-1 -17054 1
273 325 m1 190140 0 0.5 p-1 -2248 5
189 326 m1 200629 0 0.5 p-1 -322 2
9 327 m1 218281 0 0.5 p-1 -4692176 1675
170 328 m1 222540 0 0.5 p-1 -714297 47
95 329 m1 229906 0 0.5 p-1 -4359635 274
49 330 m1 230467 0 0.5 p-1 -1739072 813
198 331 m1 242369 0 0.5 p-1 -662 5
188 332 m1 253785 0 0.5 p-1 -148129 7
200 333 m1 272740 0 0.5 p-1 -618 4
255 334 m1 312798 0 0.5 p-1 -90357 1
299 335 m1 328002 0 0.5 p-1 -4578 1
15 336 m1 337284 0 0.5 p-1 -2489836 887
64 337 m1 348392 0 0.5 p-1 -230505 184
16 338 m1 351916 0 0.5 p-1 -1546318 677
158 339 m1 360936 0 0.5 p-1 -35271 27
117 340 m1 362671 0 0.5 p-1 -498809 157
190 341 m1 384295 0 0.5 p-1 -15836 8
19 342 m1 391918 0 0.5 p-1 -172584 66
22 343 m1 402253 0 0.5 p-1 -14414488 1239
65 345 m1 432730 0 0.5 p-1 -574110 369
144 346 m1 452140 0 0.5 p-1 -3673662 73
120 347 m1 455823 0 0.5 p-1 -1999114 347
25 348 m1 459694 0 0.5 p-1 -1462404 521
186 349 m1 460088 0 0.5 p-1 -15255 8
83 350 m1 460737 0 0.5 p-1 -316849 310
66 351 m1 462595 0 0.5 p-1 -3625836 1411
182 353 m1 469764 0 0.5 p-1 -10180 3
84 355 m1 494651 0 0.5 p-1 -905758 117
187 356 m1 503477 0 0.5 p-1 -19559 1
134 357 m1 517187 0 0.5 p-1 -32413 19
77 358 m1 526437 0 0.5 p-1 -10080710 789
204 361 m1 547791 0 0.5 p-1 -24100 18
111 362 m1 553456 0 0.5 p-1 -1404416 373
105 363 m1 575321 0 0.5 p-1 -48837 77
152 364 m1 588128 0 0.5 p-1 -102655 15
85 365 m1 591069 0 0.5 p-1 -1227909 265
258 366 m1 594548 0 0.5 p-1 -49584 5
183 367 m1 608059 0 0.5 p-1 -30599 7
278 368 m1 608068 0 0.5 p-1 -1281 1
169 369 m1 624720 0 0.5 p-1 -69472 29
78 372 m1 647948 0 0.5 p-1 -3335238 290
68 373 m1 690100 0 0.5 p-1 -3988591 199
224 374 m1 704594 0 0.5 p-1 -269447 20
61 376 m1 745377 0 0.5 p-1 -2006200 227
80 377 m1 782496 0 0.5 p-1 -521223 247
212 379 m1 802376 0 0.5 p-1 -105768 14
157 380 m1 808927 0 0.5 p-1 -155526 48
159 381 m1 813261 0 0.5 p-1 -28666 18
213 382 m1 842801 0 0.5 p-1 -9077 4
151 383 m1 849537 0 0.5 p-1 -95569 30
168 384 m1 851205 0 0.5 p-1 -216786 28
191 386 m1 854562 0 0.5 p-1 -57890 14
43 388 m1 889132 0 0.5 p-1 -2518753 742
92 389 m1 919912 0 0.5 p-1 -1365202 549
45 390 m1 921996 0 0.5 p-1 -973328 613
177 392 m1 941261 0 0.5 p-1 -736858 47
202 393 m1 941626 0 0.5 p-1 -115109 17
197 394 m1 943045 0 0.5 p-1 -212978 27
229 395 m1 958447 0 0.5 p-1 -59315 12
199 396 m1 976001 0 0.5 p-1 -89773 15
283 397 m1 978124 0 0.5 p-1 -656 5
Individuals:
