Mutations:
101 1 m2 16554 -0.00313826581 0.5 p-1 -1313535 638
327 2 m2 19401 -0.000410136563 0.5 p-1 -12825 1
112 3 m2 19847 -0.0108166905 0.5 p-1 -717724 296
85 4 m2 20730 -0.0238812771 0.5 p-1 -2271922 330
238 5 m2 26405 -0.00454898644 0.5 p-1 -32639 19
211 6 m2 33189 -4.30005429e-07 0.5 p-1 -296377 57
296 7 m2 40781 -0.00642583426 0.5 p-1 -18372 3
102 8 m2 41179 -0.00100680941 0.5 p-1 -391442 264
208 10 m2 45572 -0.0127473045 0.5 p-1 -161885 17
318 12 m2 49091 -5.66231211e-06 0.5 p-1 -1919 3
218 14 m2 60434 -0.00121575303 0.5 p-1 -184725 35
190 15 m2 63501 -4.19048229e-05 0.5 p-1 -50940 38
2 16 m2 73395 -0.00260783895 0.5 p-1 -2240757 1124
68 17 m2 73418 -0.0114805996 0.5 p-1 -2879818 689
100 20 m2 78780 -0.0197269693 0.5 p-1 -7881331 458
161 21 m2 87571 -0.00211810996 0.5 p-1 -436958 51
86 22 m2 88990 -0.0424577594 0.5 p-1 -5736 3
69 23 m2 89731 -0.00297558797 0.5 p-1 -512186 415
87 24 m2 92431 -0.00103566167 0.5 p-1 -5435484 386
272 25 m2 93462 -0.0301100034 0.5 p-1 -54958 19
3 27 m2 108493 -0.0255723726 0.5 p-1 -3581672 329
164 29 m2 110611 -0.0105602136 0.5 p-1 -527177 263
4 30 m2 112709 -0.0430609696 0.5 p-1 -3078411 525
213 31 m2 114272 -0.0116069289 0.5 p-1 -17389 2
171 33 m2 131486 -0.0358099155 0.5 p-1 -693172 108
113 34 m2 133119 -1.37915622e-05 0.5 p-1 -511751 37
5 35 m2 133407 -0.00558173098 0.5 p-1 -7397563 1460
229 36 m2 139767 -0.000111773108 0.5 p-1 -3624043 64
234 39 m2 146452 -0.00733464165 0.5 p-1 -830936 40
78 40 m2 146548 -1.70340518e-05 0.5 p-1 -799948 251
252 41 m2 146747 -0.0112787588 0.5 p-1 -36579 9
241 42 m2 155035 -4.61927073e-07 0.5 p-1 -99726 9
290 43 m2 156577 -0.0349771157 0.5 p-1 -12037 1
307 44 m2 164567 -0.00557445409 0.5 p-1 -5331 3
291 45 m2 169604 -3.24031644e-05 0.5 p-1 -4506 2
123 46 m2 170759 -1.53031121e-09 0.5 p-1 -1306369 352
297 47 m2 174968 -0.020224439 0.5 p-1 -1863 1
103 49 m2 184404 -0.0124820285 0.5 p-1 -5147734 128
189 50 m2 185645 -0.00494311471 0.5 p-1 -459992 24
209 51 m2 186234 -1.32128353e-05 0.5 p-1 -136587 10
6 52 m2 192218 -0.000278888299 0.5 p-1 -3740197 993
114 53 m2 205200 -0.000226225253 0.5 p-1 -159872 33
8 54 m2 209825 -0.00638206117 0.5 p-1 -1476563 288
202 55 m2 212738 -3.24607099e-05 0.5 p-1 -886641 51
71 59 m2 221911 -0.059087906 0.5 p-1 -2153875 955
131 60 m2 223157 -0.0210617427 0.5 p-1 -404092 310
173 61 m2 232665 -0.000189518905 0.5 p-1 -121387 70
11 63 m2 267270 -0.000152234905 0.5 p-1 -3116606 911
115 64 m2 274859 -0.00287505635 0.5 p-1 -1045108 160
12 65 m2 275275 -0.000285964168 0.5 p-1 -1372769 947
54 66 m2 279904 -0.00285008689 0.5 p-1 -4270426 762
167 67 m2 283514 -0.0375057086 0.5 p-1 -465219 457
283 68 m2 284598 -0.0453892723 0.5 p-1 -63220 16
150 69 m2 284703 -0.0023969966 0.5 p-1 -38803 25
262 70 m2 290972 -9.69056657e-08 0.5 p-1 -126779 29
253 71 m2 295560 -6.03207839e-09 0.5 p-1 -345893 65
13 72 m2 297265 -0.00262585096 0.5 p-1 -154925 24
89 74 m2 298864 -0.0116248317 0.5 p-1 -100785 71
14 75 m2 308581 -3.26737936e-05 0.5 p-1 -3526374 1825
15 76 m2 309020 -3.7939426e-06 0.5 p-1 -3808227 842
146 77 m2 316684 -0.00242034369 0.5 p-1 -223510 130
314 78 m2 318523 -0.0313937403 0.5 p-1 -248 1
270 79 m2 321014 -0.0298515093 0.5 p-1 -1151 3
313 80 m2 326770 -5.49988499e-07 0.5 p-1 -16870 3
16 81 m2 327310 -0.054058671 0.5 p-1 -19789856 651
204 82 m2 332030 -0.000173198699 0.5 p-1 -17406 23
285 83 m2 335455 -2.13396197e-06 0.5 p-1 -25567 11
293 85 m2 344138 -7.70208717e-05 0.5 p-1 -1453 6
79 87 m2 347139 -0.0147207901 0.5 p-1 -1049591 430
231 88 m2 362138 -0.00932966452 0.5 p-1 -53472 33
295 89 m2 362593 -0.000935114687 0.5 p-1 -86989 9
17 91 m2 371952 -0.000385965395 0.5 p-1 -3037302 1758
124 93 m2 373780 -0.000516252127 0.5 p-1 -169707 245
162 94 m2 375787 -0.00656421063 0.5 p-1 -55232 8
182 95 m2 376171 -0.00595017755 0.5 p-1 -795201 181
18 96 m2 377060 -1.75139905e-06 0.5 p-1 -2716187 1089
72 97 m2 377831 -0.00334587321 0.5 p-1 -1759363 799
174 98 m2 380391 -0.00911491644 0.5 p-1 -558681 106
92 100 m2 383324 -0.00794204231 0.5 p-1 -1805465 648
185 101 m2 385248 -0.00277530216 0.5 p-1 -87156 49
257 102 m2 385431 -0.00215537404 0.5 p-1 -9119 10
212 103 m2 389525 -0.00334588834 0.5 p-1 -35850 29
247 104 m2 399535 -0.000220095084 0.5 p-1 -72945 15
19 105 m2 399771 -0.00981114805 0.5 p-1 -863716 1265
172 106 m2 403726 -0.00470152125 0.5 p-1 -8647 7
56 107 m2 407794 -0.000879035622 0.5 p-1 -471025 338
228 110 m2 416518 -0.00280939415 0.5 p-1 -179110 33
175 111 m2 419867 -0.0131861353 0.5 p-1 -55164 36
281 112 m2 422557 -0.038424816 0.5 p-1 -55909 4
152 114 m2 427072 -0.0055806688 0.5 p-1 -584180 342
20 115 m2 428755 -4.07709704e-05 0.5 p-1 -4176038 1409
198 118 m2 434137 -0.00320727611 0.5 p-1 -10630 14
165 119 m2 439668 -0.000364996318 0.5 p-1 -1942999 46
23 120 m2 441183 -0.000421424513 0.5 p-1 -1647931 1528
287 121 m2 441417 -0.00145345263 0.5 p-1 -48209 4
259 122 m2 441505 -0.015098541 0.5 p-1 -39517 5
288 125 m2 448043 -0.00165496441 0.5 p-1 -19444 4
24 126 m2 453893 -0.000356287987 0.5 p-1 -2984012 948
93 127 m2 456591 -0.0295293331 0.5 p-1 -815750 548
294 129 m2 461286 -0.014305965 0.5 p-1 -12137 6
267 130 m2 467207 -4.38002608e-05 0.5 p-1 -105862 4
292 134 m2 473154 -0.00101820857 0.5 p-1 -12662 4
157 135 m2 473884 -0.0128863342 0.5 p-1 -13820 18
25 137 m2 481764 -0.000607129652 0.5 p-1 -10022859 608
191 141 m2 497144 -0.004452297 0.5 p-1 -152519 64
300 144 m2 514225 -0.000109218759 0.5 p-1 -25762 3
27 146 m2 516779 -0.000158783689 0.5 p-1 -4970555 1065
28 147 m2 518080 -0.00035692635 0.5 p-1 -7823533 1634
232 148 m2 522536 -1.67541339e-06 0.5 p-1 -143627 40
94 150 m2 534973 -0.01026149 0.5 p-1 -1580339 491
227 151 m2 537335 -0.0356577188 0.5 p-1 -12462 3
29 152 m2 543431 -0.0064697261 0.5 p-1 -150654 25
158 153 m2 546286 -1.5009663e-05 0.5 p-1 -11349001 182
155 154 m2 546805 -3.58509993e-07 0.5 p-1 -69569 30
273 155 m2 547384 -3.55028824e-05 0.5 p-1 -8499 5
219 156 m2 548259 -0.0140319504 0.5 p-1 -328685 19
125 157 m2 549898 -0.000162076452 0.5 p-1 -133159 27
105 158 m2 551435 -0.000803822826 0.5 p-1 -532932 162
179 159 m2 561704 -0.0104260109 0.5 p-1 -1178978 55
126 160 m2 568493 -0.00111810374 0.5 p-1 -161830 97
30 161 m2 574120 -0.000321769359 0.5 p-1 -1453222 128
81 162 m2 576773 -0.00116277277 0.5 p-1 -717626 413
57 163 m2 583495 -0.0126133515 0.5 p-1 -4875153 885
205 164 m2 593929 -3.09516366e-07 0.5 p-1 -3146937 125
58 166 m2 597683 -0.00817408599 0.5 p-1 -2274770 195
168 167 m2 598633 -1.72276771e-06 0.5 p-1 -220674 4
59 168 m2 599241 -2.68532058e-05 0.5 p-1 -5997133 847
239 169 m2 602092 -0.00313061243 0.5 p-1 -468245 80
96 170 m2 602586 -0.00739395432 0.5 p-1 -822646 389
31 171 m2 605987 -0.00314184348 0.5 p-1 -3074296 924
32 172 m2 609232 -0.0387260206 0.5 p-1 -950634 173
33 173 m2 614579 -4.15332543e-05 0.5 p-1 -2562000 1904
199 174 m2 616974 -0.0338809565 0.5 p-1 -150358 30
169 175 m2 617493 -8.15663148e-10 0.5 p-1 -103377 6
215 176 m2 618010 -0.0206666794 0.5 p-1 -435826 14
127 177 m2 619175 -0.00998421758 0.5 p-1 -372525 299
266 178 m2 627846 -0.00035045165 0.5 p-1 -94265 13
118 179 m2 628472 -1.03559205e-06 0.5 p-1 -6568440 359
166 182 m2 631795 -0.0276766177 0.5 p-1 -425844 124
180 183 m2 641157 -0.000453850866 0.5 p-1 -1568426 128
201 184 m2 646401 -2.51133588e-06 0.5 p-1 -122357 92
306 185 m2 649687 -0.0078490125 0.5 p-1 -3542 3
34 186 m2 654643 -0.00163796591 0.5 p-1 -6667951 1161
195 188 m2 657376 -0.00918995962 0.5 p-1 -251664 87
187 189 m2 670204 -0.0286339633 0.5 p-1 -56201 40
274 190 m2 670822 -0.00417643832 0.5 p-1 -28334 3
60 191 m2 672591 -0.00748723792 0.5 p-1 -272665 93
108 193 m2 676620 -0.012213924 0.5 p-1 -5752896 949
138 194 m2 678521 -0.0191249102 0.5 p-1 -4775135 216
156 196 m2 684793 -0.00366736832 0.5 p-1 -369627 113
35 197 m2 707560 -8.42116879e-06 0.5 p-1 -709663 393
109 198 m2 707572 -0.00224570208 0.5 p-1 -848312 334
269 200 m2 708246 -0.0106704151 0.5 p-1 -223573 21
184 201 m2 720452 -0.000200828566 0.5 p-1 -368163 76
236 202 m2 723054 -1.79408325e-05 0.5 p-1 -559303 40
177 203 m2 724802 -2.8249784e-05 0.5 p-1 -180081 114
233 204 m2 725024 -0.00560441799 0.5 p-1 -16543 27
128 205 m2 727257 -0.000156660666 0.5 p-1 -837772 95
139 206 m2 732004 -0.000428253232 0.5 p-1 -237433 84
37 207 m2 735632 -0.00223238836 0.5 p-1 -12896577 1276
178 208 m2 735679 -0.000664080435 0.5 p-1 -856971 217
38 210 m2 740382 -0.0227164309 0.5 p-1 -5441852 1913
311 211 m2 744043 -0.0019133247 0.5 p-1 -9854 2
258 212 m2 748265 -0.00816754997 0.5 p-1 -43471 18
61 213 m2 748618 -0.00473759091 0.5 p-1 -2781833 360
62 214 m2 750107 -0.00107977877 0.5 p-1 -2201742 1093
119 215 m2 759791 -0.000496900757 0.5 p-1 -2328005 475
277 216 m2 762762 -0.0181647819 0.5 p-1 -62900 1
203 217 m2 765626 -1.62656252e-05 0.5 p-1 -1428508 82
159 218 m2 765979 -0.000627384114 0.5 p-1 -16283 9
39 221 m2 772872 -0.0170404594 0.5 p-1 -1800282 180
194 222 m2 778292 -0.00816320814 0.5 p-1 -237154 116
271 223 m2 782987 -0.0084320195 0.5 p-1 -52280 2
41 224 m2 790316 -0.000435334427 0.5 p-1 -963845 893
63 225 m2 792446 -0.00307976943 0.5 p-1 -3642919 1188
222 226 m2 794817 -0.00529503124 0.5 p-1 -215551 31
324 227 m2 796378 -7.78286121e-05 0.5 p-1 -65186 1
110 228 m2 797506 -0.000309090712 0.5 p-1 -440130 113
140 230 m2 798708 -0.00107720715 0.5 p-1 -3091014 442
42 231 m2 799496 -0.00918782689 0.5 p-1 -4374263 1232
153 232 m2 803740 -0.00978168659 0.5 p-1 -3758530 94
316 233 m2 806539 -0.0160222743 0.5 p-1 -256817 4
97 235 m2 813330 -3.77394933e-08 0.5 p-1 -211537 99
120 236 m2 823903 -0.00445837248 0.5 p-1 -1675374 97
43 237 m2 831542 -0.00241104397 0.5 p-1 -827327 172
74 238 m2 837520 -0.0274343882 0.5 p-1 -6486641 1425
251 240 m2 840630 -0.0109181255 0.5 p-1 -31932 21
44 241 m2 841645 -7.26674261e-05 0.5 p-1 -3213178 1245
319 242 m2 845988 -0.000387060601 0.5 p-1 -37257 4
64 243 m2 846021 -1.81045809e-08 0.5 p-1 -391647 303
325 244 m2 847583 -0.00107225578 0.5 p-1 -102041 1
255 245 m2 853617 -1.46160306e-11 0.5 p-1 -19478 6
264 246 m2 853699 -0.000176574089 0.5 p-1 -234929 5
148 248 m2 854155 -0.00859897863 0.5 p-1 -343798 48
302 249 m2 854688 -0.00572087429 0.5 p-1 -28359 2
276 251 m2 856011 -0.000947779743 0.5 p-1 -69368 25
244 253 m2 858615 -0.00382782123 0.5 p-1 -56788 14
214 256 m2 867671 -0.00870218594 0.5 p-1 -9193941 60
279 257 m2 877265 -0.000432808243 0.5 p-1 -704123 11
65 258 m2 879102 -0.00487086317 0.5 p-1 -2698566 752
149 259 m2 879184 -0.0407457426 0.5 p-1 -112588 43
163 260 m2 884155 -0.00135928451 0.5 p-1 -1727260 321
111 261 m2 886464 -0.0707808658 0.5 p-1 -622324 103
263 262 m2 886621 -0.000280112872 0.5 p-1 -6110 19
193 263 m2 887824 -0.0290576126 0.5 p-1 -136584 45
217 264 m2 890690 -0.00197028951 0.5 p-1 -21330 35
82 266 m2 895876 -0.0220501572 0.5 p-1 -883597 54
196 267 m2 897426 -0.0200714413 0.5 p-1 -218782 82
75 268 m2 899825 -0.0186455082 0.5 p-1 -359597 288
76 269 m2 900641 -0.0567586906 0.5 p-1 -2285746 869
216 270 m2 902109 -0.00205965666 0.5 p-1 -865596 31
47 271 m2 907913 -0.00133091537 0.5 p-1 -777318 632
330 274 m2 916462 -0.0146191362 0.5 p-1 -5941 1
170 275 m2 917721 -0.0222473033 0.5 p-1 -165985 87
135 276 m2 919285 -0.00653648842 0.5 p-1 -660277 519
48 277 m2 922895 -3.18569801e-05 0.5 p-1 -995805 475
240 278 m2 926407 -2.77401178e-08 0.5 p-1 -7473 3
66 279 m2 927116 -0.0824819282 0.5 p-1 -1588458 463
49 280 m2 927677 -2.71250665e-05 0.5 p-1 -4920454 251
250 281 m2 941472 -0.00844884105 0.5 p-1 -321550 2
130 282 m2 960779 -0.0294002499 0.5 p-1 -1602898 151
98 283 m2 962365 -0.00229941402 0.5 p-1 -558329 212
200 284 m2 969634 -4.75663692e-05 0.5 p-1 -841246 64
121 285 m2 970921 -0.00251782732 0.5 p-1 -155875 59
83 286 m2 976321 -0.00757070538 0.5 p-1 -314110 142
122 287 m2 980846 -0.0101347361 0.5 p-1 -795705 149
99 288 m2 981164 -0.00750922598 0.5 p-1 -247126 75
51 289 m2 981352 -0.00920283515 0.5 p-1 -1943629 1872
206 291 m2 995110 -9.64383216e-05 0.5 p-1 -303163 70
305 299 m2 935310 -0.0118758399 0.5 p0 2 2
322 300 m2 729473 -0.00418602908 0.5 p0 2 1
323 301 m2 368866 -9.77539239e-05 0.5 p0 2 1
55 302 m2 341014 -0.000590078649 0.5 p0 2 9
309 306 m2 756244 -0.00419776933 0.5 p0 2 2
284 309 m2 769657 -0.000280896726 0.5 p0 2 1
328 311 m2 776072 -0.000317948958 0.5 p0 2 1
331 314 m2 105830 -0.00500395661 0.5 p0 2 1
326 315 m2 374435 -0.00281773671 0.5 p0 2 1
317 318 m2 396270 -2.94336623e-05 0.5 p0 2 3
298 323 m2 968189 -0.00334686902 0.5 p0 2 1
321 324 m2 506613 -0.0259082075 0.5 p0 2 4
275 330 m2 826778 -0.00586144021 0.5 p0 2 2
197 331 m2 205381 -0.0151678491 0.5 p0 2 2
242 333 m2 84080 -0.00010040131 0.5 p0 2 3
310 335 m2 561709 -0.000176368951 0.5 p0 2 2
221 336 m2 940085 -0.000833839644 0.5 p0 2 4
312 338 m2 242891 -0.000298278348 0.5 p0 2 2
249 339 m2 581083 -0.000159746836 0.5 p0 2 6
335 341 m2 160194 -0.000445368671 0.5 p0 2 1
329 344 m2 170161 -3.22460473e-05 0.5 p0 2 1
278 346 m2 477415 -0.000169994441 0.5 p0 2 2
0 348 m1 966 0 0.5 p-1 -5620549 1931
84 349 m1 1936 0 0.5 p-1 -2488059 422
265 351 m1 7512 0 0.5 p-1 -41041 13
207 352 m1 12999 0 0.5 p-1 -73184 47
160 354 m1 48819 0 0.5 p-1 -1395944 292
1 355 m1 56854 0 0.5 p-1 -1468017 548
254 356 m1 64703 0 0.5 p-1 -24300 12
226 357 m1 67286 0 0.5 p-1 -14706 22
224 358 m1 67822 0 0.5 p-1 -503590 83
260 359 m1 72558 0 0.5 p-1 -179053 15
301 360 m1 82751 0 0.5 p-1 -10221 5
186 361 m1 87414 0 0.5 p-1 -75626 86
136 362 m1 95934 0 0.5 p-1 -86174 37
77 364 m1 124341 0 0.5 p-1 -1714179 1087
333 365 m1 133787 0 0.5 p-1 -33060 1
280 366 m1 138621 0 0.5 p-1 -257921 14
70 367 m1 139804 0 0.5 p-1 -249004 72
320 371 m1 163502 0 0.5 p-1 -2882 4
268 372 m1 169509 0 0.5 p-1 -30276 2
88 373 m1 190730 0 0.5 p-1 -291462 336
7 374 m1 196053 0 0.5 p-1 -3387696 1813
52 375 m1 197000 0 0.5 p-1 -2270150 514
261 376 m1 199844 0 0.5 p-1 -6049 1
286 377 m1 217559 0 0.5 p-1 -8755 10
141 378 m1 224036 0 0.5 p-1 -7046401 315
9 379 m1 228161 0 0.5 p-1 -7583973 1188
243 380 m1 230122 0 0.5 p-1 -250657 51
10 381 m1 247079 0 0.5 p-1 -10949917 1794
53 382 m1 262201 0 0.5 p-1 -8240516 550
181 384 m1 299385 0 0.5 p-1 -135948 123
151 385 m1 332957 0 0.5 p-1 -73508 22
116 386 m1 338594 0 0.5 p-1 -81683 13
132 387 m1 339915 0 0.5 p-1 -122217 162
90 388 m1 343237 0 0.5 p-1 -8763724 1395
246 390 m1 346720 0 0.5 p-1 -7613 4
154 391 m1 347582 0 0.5 p-1 -134482 33
91 392 m1 372634 0 0.5 p-1 -2936999 184
248 393 m1 384398 0 0.5 p-1 -7365 6
144 394 m1 385740 0 0.5 p-1 -383835 168
230 395 m1 401977 0 0.5 p-1 -305042 71
137 396 m1 410719 0 0.5 p-1 -327550 223
332 397 m1 412138 0 0.5 p-1 -6450 1
183 399 m1 425833 0 0.5 p-1 -2602429 206
80 400 m1 426777 0 0.5 p-1 -229258 139
245 401 m1 431831 0 0.5 p-1 -74250 12
21 403 m1 435742 0 0.5 p-1 -9724325 324
22 404 m1 436659 0 0.5 p-1 -2055817 176
104 407 m1 464308 0 0.5 p-1 -3284889 189
304 408 m1 489285 0 0.5 p-1 -24685 3
26 410 m1 501443 0 0.5 p-1 -11589 5
308 411 m1 503834 0 0.5 p-1 -540 2
334 412 m1 508633 0 0.5 p-1 -24905 1
176 413 m1 508874 0 0.5 p-1 -947246 262
223 415 m1 540781 0 0.5 p-1 -3459758 78
303 416 m1 541055 0 0.5 p-1 -7267 3
220 417 m1 563055 0 0.5 p-1 -143420 12
95 418 m1 580344 0 0.5 p-1 -566308 259
106 419 m1 591373 0 0.5 p-1 -1205058 214
147 420 m1 596357 0 0.5 p-1 -982817 319
73 421 m1 599064 0 0.5 p-1 -524676 366
117 422 m1 599164 0 0.5 p-1 -513926 77
237 423 m1 599386 0 0.5 p-1 -11069 4
235 424 m1 603436 0 0.5 p-1 -511611 48
107 425 m1 611020 0 0.5 p-1 -221864 100
142 426 m1 618097 0 0.5 p-1 -53287 54
133 428 m1 681501 0 0.5 p-1 -699586 192
315 431 m1 712162 0 0.5 p-1 -231 2
36 432 m1 719214 0 0.5 p-1 -1855563 763
40 434 m1 778993 0 0.5 p-1 -7733964 1081
143 435 m1 795236 0 0.5 p-1 -536 12
282 436 m1 800593 0 0.5 p-1 -200 5
188 438 m1 831315 0 0.5 p-1 -39746 33
256 439 m1 836487 0 0.5 p-1 -12481 16
129 441 m1 854390 0 0.5 p-1 -54346 34
45 442 m1 855823 0 0.5 p-1 -3707116 947
299 443 m1 877600 0 0.5 p-1 -15465 7
46 444 m1 882759 0 0.5 p-1 -11117448 1410
192 445 m1 883773 0 0.5 p-1 -92290 93
134 446 m1 893419 0 0.5 p-1 -337485 94
225 447 m1 896226 0 0.5 p-1 -30813 5
289 449 m1 937379 0 0.5 p-1 -17316 3
50 450 m1 944763 0 0.5 p-1 -6555081 1684
67 451 m1 955223 0 0.5 p-1 -3397902 276
210 452 m1 958095 0 0.5 p-1 -1281634 147
145 453 m1 989172 0 0.5 p-1 -121421 59
Individuals:
