Mutations:
1 0 m2 1231 -0.00080172898 0.5 p-1 -7645466 1422
2 1 m2 3175 -0.0148668271 0.5 p-1 -1214930 969
45 2 m2 8961 -7.37684168e-05 0.5 p-1 -1951837 1229
3 3 m2 10089 -2.4919631e-05 0.5 p-1 -4794337 934
84 4 m2 11808 -1.27802823e-05 0.5 p-1 -613610 8
137 6 m2 14084 -0.00248933421 0.5 p-1 -263978 252
4 7 m2 19688 -0.00944394246 0.5 p-1 -4600892 1861
183 8 m2 24497 -0.000130752596 0.5 p-1 -184253 22
245 9 m2 25267 -0.0188488718 0.5 p-1 -7639 3
46 10 m2 34500 -0.0241124891 0.5 p-1 -235014 66
188 12 m2 48140 -0.0047394447 0.5 p-1 -398981 62
138 14 m2 60013 -0.132834598 0.5 p-1 -1830123 190
139 15 m2 60362 -0.00320520392 0.5 p-1 -25488 20
31 16 m2 62904 -0.000243768853 0.5 p-1 -5892079 1924
68 17 m2 68667 -0.0116940103 0.5 p-1 -35721 34
190 18 m2 71912 -4.07834023e-06 0.5 p-1 -63906 16
6 19 m2 79140 -0.00460541435 0.5 p-1 -2153139 394
90 20 m2 79863 -0.00197226251 0.5 p-1 -793918 312
47 21 m2 89770 -0.00231631682 0.5 p-1 -6703037 139
48 24 m2 103434 -3.07754308e-05 0.5 p-1 -5212896 355
162 26 m2 112476 -1.87674541e-05 0.5 p-1 -8277929 9
32 27 m2 116362 -0.0755829588 0.5 p-1 -1648693 638
49 28 m2 118289 -0.00385948573 0.5 p-1 -4115779 947
114 29 m2 119316 -0.000200187293 0.5 p-1 -24577 15
195 36 m2 160869 -0.00572789786 0.5 p-1 -84204 32
199 37 m2 165958 -0.0404112116 0.5 p-1 -5857 10
50 39 m2 176281 -0.00240853522 0.5 p-1 -2039494 696
189 40 m2 184367 -0.00845448021 0.5 p-1 -238403 24
51 41 m2 188615 -0.013154177 0.5 p-1 -314722 388
264 42 m2 207142 -0.000537022832 0.5 p-1 -29624 1
163 43 m2 213671 -0.00488863653 0.5 p-1 -132681 54
243 45 m2 214928 -0.00155167736 0.5 p-1 -29125 1
170 46 m2 216559 -0.00452958466 0.5 p-1 -73680 12
260 48 m2 225088 -0.0640553012 0.5 p-1 -115 1
149 49 m2 229301 -0.000128364598 0.5 p-1 -61065 5
157 51 m2 251557 -0.00892417133 0.5 p-1 -1087270 164
34 52 m2 251725 -0.00664976332 0.5 p-1 -4705947 847
123 55 m2 262163 -0.0064827092 0.5 p-1 -19464 43
8 56 m2 262521 -1.11346199e-09 0.5 p-1 -707143 264
126 59 m2 267651 -0.0162247028 0.5 p-1 -352555 64
220 61 m2 276516 -0.00622100616 0.5 p-1 -236841 13
9 63 m2 279766 -0.000441381766 0.5 p-1 -775010 567
178 64 m2 292709 -0.00147994992 0.5 p-1 -2419734 51
115 66 m2 298727 -0.00208796421 0.5 p-1 -670846 164
10 67 m2 301747 -0.00294766156 0.5 p-1 -2700600 1483
53 68 m2 302879 -0.000287182571 0.5 p-1 -80104 153
142 69 m2 305043 -0.00801861659 0.5 p-1 -289741 45
191 71 m2 314691 -0.000269928656 0.5 p-1 -48272 18
11 72 m2 315503 -0.000693023379 0.5 p-1 -4444904 334
97 73 m2 316176 -0.00198813621 0.5 p-1 -954116 261
105 74 m2 316906 -1.74336346e-05 0.5 p-1 -1033517 160
54 75 m2 317166 -0.00101102761 0.5 p-1 -4385029 1426
69 76 m2 317366 -0.0155752646 0.5 p-1 -588191 137
237 77 m2 318466 -0.000144946142 0.5 p-1 -4199 1
106 78 m2 323333 -0.000133807014 0.5 p-1 -228177 63
140 79 m2 324055 -0.0258740243 0.5 p-1 -98144 10
179 80 m2 325745 -0.000327431335 0.5 p-1 -296458 39
55 81 m2 331445 -0.00947157759 0.5 p-1 -1271778 465
231 84 m2 335142 -0.000756009656 0.5 p-1 -279581 6
35 85 m2 339122 -0.00112968031 0.5 p-1 -708600 410
177 86 m2 340689 -1.40473694e-05 0.5 p-1 -17599 30
204 87 m2 343196 -0.00255585299 0.5 p-1 -191277 100
185 88 m2 344144 -0.00128823158 0.5 p-1 -23647 10
57 89 m2 346140 -0.00029374435 0.5 p-1 -344953 260
13 90 m2 353029 -0.0208291709 0.5 p-1 -2989572 1958
238 92 m2 358283 -0.00041189816 0.5 p-1 -12225 9
127 93 m2 361375 -0.00745160319 0.5 p-1 -268271 96
232 94 m2 363965 -0.00113458862 0.5 p-1 -5127309 5
249 95 m2 364124 -0.0196263809 0.5 p-1 -34325 2
236 96 m2 371880 -0.0012454621 0.5 p-1 -37218 6
110 97 m2 380015 -0.000712774927 0.5 p-1 -560686 425
70 98 m2 382997 -0.00743887294 0.5 p-1 -5327129 388
172 99 m2 389870 -0.0115532726 0.5 p-1 -140935 46
145 100 m2 392734 -6.70690497e-05 0.5 p-1 -3120220 362
71 102 m2 398468 -0.00267570745 0.5 p-1 -3315971 419
197 103 m2 403454 -0.00532808155 0.5 p-1 -37104 6
148 104 m2 403780 -6.36830737e-05 0.5 p-1 -30759 16
59 105 m2 408748 -0.0134795206 0.5 p-1 -524905 334
129 108 m2 410981 -0.00362602295 0.5 p-1 -305254 62
85 109 m2 418279 -2.34172276e-07 0.5 p-1 -2145648 981
91 110 m2 420774 -6.58647477e-05 0.5 p-1 -222182 310
218 111 m2 422701 -0.00286685419 0.5 p-1 -10120 10
167 112 m2 425137 -1.67564838e-06 0.5 p-1 -1045169 88
256 113 m2 427793 -0.0471000448 0.5 p-1 -7558 1
255 114 m2 428205 -0.000630817143 0.5 p-1 -1375 1
15 115 m2 435577 -0.0109603042 0.5 p-1 -8274047 1988
131 116 m2 443441 -0.00133170863 0.5 p-1 -1145925 347
150 117 m2 453609 -0.0101756779 0.5 p-1 -25205 39
61 118 m2 459911 -0.00120039377 0.5 p-1 -2910997 1079
210 121 m2 469087 -0.00658264803 0.5 p-1 -111617 25
124 122 m2 469391 -0.0253741685 0.5 p-1 -16274 21
192 123 m2 469787 -0.014729741 0.5 p-1 -38068 11
209 124 m2 470271 -0.0132572558 0.5 p-1 -1271 2
174 125 m2 470430 -0.000782476156 0.5 p-1 -389120 100
17 126 m2 476509 -0.0372714512 0.5 p-1 -4228614 1048
86 127 m2 484732 -0.121992543 0.5 p-1 -461403 267
18 129 m2 485511 -0.0229887161 0.5 p-1 -3431673 1977
107 130 m2 487768 -0.00994762033 0.5 p-1 -217951 141
171 131 m2 495006 -0.00936124846 0.5 p-1 -165162 50
159 134 m2 510649 -0.00606248155 0.5 p-1 -10567 23
134 136 m2 521143 -0.0420481339 0.5 p-1 -4361471 399
205 137 m2 522624 -0.0811717361 0.5 p-1 -34898 3
39 138 m2 523844 -0.00100599614 0.5 p-1 -2708401 1310
72 139 m2 523901 -4.40707436e-06 0.5 p-1 -1201152 1017
203 140 m2 527159 -0.00126458553 0.5 p-1 -27407 21
234 141 m2 534084 -0.000564648537 0.5 p-1 -23820 15
155 142 m2 536768 -0.0137637947 0.5 p-1 -488210 30
156 144 m2 551086 -5.94153535e-05 0.5 p-1 -107066 8
73 147 m2 568007 -0.00943254493 0.5 p-1 -227305 58
62 148 m2 570078 -0.00617748452 0.5 p-1 -1000334 354
63 150 m2 577675 -0.00632537249 0.5 p-1 -7293467 338
181 151 m2 578807 -0.0605977699 0.5 p-1 -3599794 42
222 153 m2 590599 -0.00253749778 0.5 p-1 -18389 6
20 154 m2 594034 -0.0272596721 0.5 p-1 -5790507 1195
40 155 m2 594308 -0.0174575318 0.5 p-1 -1771925 1022
233 156 m2 598152 -0.00111067109 0.5 p-1 -32966 3
117 157 m2 602177 -0.0202868786 0.5 p-1 -294624 224
227 158 m2 605448 -0.0518630035 0.5 p-1 -17311 13
74 159 m2 608072 -0.00410630461 0.5 p-1 -126922 12
208 160 m2 610681 -0.00116612553 0.5 p-1 -705900 16
241 162 m2 624661 -0.0156570021 0.5 p-1 -9433 1
98 163 m2 629399 -0.000889164919 0.5 p-1 -5560897 574
198 165 m2 632618 -0.000803245697 0.5 p-1 -2428 9
111 166 m2 633209 -0.00919276942 0.5 p-1 -318540 12
118 168 m2 638688 -0.00064148003 0.5 p-1 -64159 113
240 169 m2 639663 -0.000166122234 0.5 p-1 -194989 2
21 170 m2 647860 -0.00135216571 0.5 p-1 -5409471 1910
160 173 m2 649855 -4.28618796e-06 0.5 p-1 -101374 31
152 174 m2 651760 -0.00224380218 0.5 p-1 -2416069 164
22 175 m2 653201 -0.0334673673 0.5 p-1 -3914361 770
23 176 m2 668144 -0.0116785169 0.5 p-1 -1551525 886
164 179 m2 679145 -1.47776857e-08 0.5 p-1 -23393 13
24 180 m2 681439 -0.00615669927 0.5 p-1 -1828518 1998
99 181 m2 683186 -4.01723355e-06 0.5 p-1 -5976789 139
136 182 m2 685652 -0.000282613066 0.5 p-1 -732976 132
95 183 m2 689325 -3.94434646e-05 0.5 p-1 -899619 200
168 184 m2 694315 -0.012321867 0.5 p-1 -45326 44
25 185 m2 703694 -0.0229058284 0.5 p-1 -817230 367
64 186 m2 704651 -0.00048502846 0.5 p-1 -2505901 568
96 187 m2 707851 -0.00486115366 0.5 p-1 -1904329 446
242 188 m2 710107 -0.0119945975 0.5 p-1 -4029 6
176 189 m2 712137 -0.00834114105 0.5 p-1 -199915 9
76 190 m2 712250 -0.00593736069 0.5 p-1 -28776 32
88 191 m2 718437 -0.00159772276 0.5 p-1 -151636 56
26 192 m2 718644 -0.000761255214 0.5 p-1 -195314 130
121 194 m2 751107 -0.00866438169 0.5 p-1 -345843 144
65 195 m2 752782 -0.00130927493 0.5 p-1 -303359 205
153 197 m2 759881 -0.00914826337 0.5 p-1 -413700 134
135 199 m2 773199 -0.0220429935 0.5 p-1 -957400 123
66 200 m2 773498 -0.0138456021 0.5 p-1 -289513 199
67 201 m2 785428 -0.000780942675 0.5 p-1 -1842829 1114
77 203 m2 788296 -0.000188388818 0.5 p-1 -995901 140
78 204 m2 788822 -0.00121564791 0.5 p-1 -208023 80
161 205 m2 789295 -0.0126096345 0.5 p-1 -221755 111
230 206 m2 792020 -0.00748058083 0.5 p-1 -50815 8
108 207 m2 798158 -0.0145086236 0.5 p-1 -11463924 283
41 208 m2 799415 -0.000773972948 0.5 p-1 -2498066 1279
79 209 m2 801281 -0.000798758119 0.5 p-1 -50764 36
80 210 m2 801928 -0.00214487803 0.5 p-1 -1409166 342
104 212 m2 808490 -1.5967079e-07 0.5 p-1 -1824368 398
165 213 m2 809817 -0.0083765192 0.5 p-1 -807089 111
100 214 m2 810926 -0.00780294742 0.5 p-1 -1452237 352
184 215 m2 810975 -2.93583253e-05 0.5 p-1 -61089 94
200 217 m2 815206 -0.0153097259 0.5 p-1 -7915 2
27 218 m2 815885 -0.0291205272 0.5 p-1 -9698714 1125
42 221 m2 824595 -0.000272970821 0.5 p-1 -1082739 798
252 222 m2 839074 -0.00900359638 0.5 p-1 -10511 2
248 223 m2 841944 -0.00163522421 0.5 p-1 -2355 3
43 224 m2 850814 -0.0256395899 0.5 p-1 -1305357 1317
206 225 m2 854990 -0.00183345063 0.5 p-1 -33878 5
187 226 m2 861350 -0.00317994924 0.5 p-1 -174937 16
202 227 m2 870091 -0.000725123915 0.5 p-1 -307834 12
246 228 m2 878630 -1.07939322e-05 0.5 p-1 -38603 1
235 229 m2 887736 -7.64440992e-05 0.5 p-1 -5576 4
221 230 m2 895705 -0.0018519311 0.5 p-1 -9603 2
28 231 m2 896357 -0.0239208341 0.5 p-1 -1938196 369
158 232 m2 898981 -0.0275425259 0.5 p-1 -27889 4
29 233 m2 902849 -1.47731407e-06 0.5 p-1 -2105904 1113
201 234 m2 908467 -0.0673262551 0.5 p-1 -144834 35
211 237 m2 915536 -0.0010019138 0.5 p-1 -9320 4
130 238 m2 918893 -8.08182358e-06 0.5 p-1 -3955777 802
132 242 m2 932234 -2.35157017e-06 0.5 p-1 -63198 43
83 244 m2 941069 -0.00761090824 0.5 p-1 -1845652 237
207 245 m2 947828 -0.0455232635 0.5 p-1 -17709 26
263 246 m2 950619 -0.00319999177 0.5 p-1 -16802 1
182 247 m2 953249 -1.62115384e-06 0.5 p-1 -25763 5
265 248 m2 957412 -0.0028325317 0.5 p-1 -39671 1
125 249 m2 958602 -0.000479366397 0.5 p-1 -137971 225
216 250 m2 961558 -0.0281888731 0.5 p-1 -15033 6
89 251 m2 965484 -0.00159551541 0.5 p-1 -737659 55
44 253 m2 971463 -0.000734146044 0.5 p-1 -78719 61
120 254 m2 975580 -3.58453963e-06 0.5 p-1 -208714 73
166 255 m2 987025 -0.0407646745 0.5 p-1 -212065 10
30 256 m2 987260 -0.00225311029 0.5 p-1 -124545 58
147 257 m2 994287 -0.000821921567 0.5 p-1 -13364 46
251 259 m2 328978 -0.0202935971 0.5 p0 2 3
214 260 m2 313203 -0.000421840523 0.5 p0 2 1
253 263 m2 218287 -0.000996529474 0.5 p0 2 1
212 264 m2 300724 -6.80028779e-06 0.5 p0 2 7
225 270 m2 383125 -6.44937827e-05 0.5 p0 2 1
113 277 m2 6669 -0.00195120112 0.5 p0 2 3
250 288 m2 532599 -0.00259954832 0.5 p0 2 2
239 294 m2 341964 -0.000124308397 0.5 p0 2 6
229 297 m2 778473 -0.0113776177 0.5 p0 2 1
261 304 m2 155970 -7.46184887e-05 0.5 p0 2 1
254 310 m2 458505 -0.00678623794 0.5 p0 2 1
244 311 m2 618794 -0.00866353046 0.5 p0 2 2
0 312 m1 632 0 0.5 p-1 -3558721 625
5 316 m1 21084 0 0.5 p-1 -10098016 1959
193 319 m1 111569 0 0.5 p-1 -32084 15
143 322 m1 137396 0 0.5 p-1 -257323 92
133 324 m1 187799 0 0.5 p-1 -17054 8
217 326 m1 200629 0 0.5 p-1 -322 4
7 327 m1 218281 0 0.5 p-1 -4692176 1667
122 328 m1 222540 0 0.5 p-1 -714297 48
52 329 m1 229906 0 0.5 p-1 -4359635 284
33 330 m1 230467 0 0.5 p-1 -1739072 780
262 331 m1 242369 0 0.5 p-1 -662 1
258 332 m1 253785 0 0.5 p-1 -148129 1
141 333 m1 272740 0 0.5 p-1 -618 5
56 336 m1 337284 0 0.5 p-1 -2489836 889
58 337 m1 348392 0 0.5 p-1 -230505 183
12 338 m1 351916 0 0.5 p-1 -1546318 662
173 339 m1 360936 0 0.5 p-1 -35271 29
128 340 m1 362671 0 0.5 p-1 -498809 120
257 341 m1 384295 0 0.5 p-1 -15836 2
144 342 m1 391918 0 0.5 p-1 -172584 48
14 343 m1 402253 0 0.5 p-1 -14414488 1266
92 345 m1 432730 0 0.5 p-1 -574110 376
36 346 m1 452140 0 0.5 p-1 -3673662 53
37 347 m1 455823 0 0.5 p-1 -1999114 365
60 348 m1 459694 0 0.5 p-1 -1462404 530
151 349 m1 460088 0 0.5 p-1 -15255 9
38 350 m1 460737 0 0.5 p-1 -316849 272
16 351 m1 462595 0 0.5 p-1 -3625836 1493
194 355 m1 494651 0 0.5 p-1 -905758 126
224 356 m1 503477 0 0.5 p-1 -19559 6
93 357 m1 517187 0 0.5 p-1 -32413 49
19 358 m1 526437 0 0.5 p-1 -10080710 699
213 361 m1 547791 0 0.5 p-1 -24100 12
87 362 m1 553456 0 0.5 p-1 -1404416 406
116 363 m1 575321 0 0.5 p-1 -48837 47
215 364 m1 588128 0 0.5 p-1 -102655 10
146 365 m1 591069 0 0.5 p-1 -1227909 224
228 366 m1 594548 0 0.5 p-1 -49584 6
223 369 m1 624720 0 0.5 p-1 -69472 11
94 372 m1 647948 0 0.5 p-1 -3335238 295
103 373 m1 690100 0 0.5 p-1 -3988591 162
75 374 m1 704594 0 0.5 p-1 -269447 34
112 376 m1 745377 0 0.5 p-1 -2006200 246
119 377 m1 782496 0 0.5 p-1 -521223 211
169 379 m1 802376 0 0.5 p-1 -105768 22
226 380 m1 808927 0 0.5 p-1 -155526 22
175 381 m1 813261 0 0.5 p-1 -28666 14
180 383 m1 849537 0 0.5 p-1 -95569 13
186 384 m1 851205 0 0.5 p-1 -216786 12
101 386 m1 854562 0 0.5 p-1 -57890 34
81 388 m1 889132 0 0.5 p-1 -2518753 778
82 389 m1 919912 0 0.5 p-1 -1365202 537
102 390 m1 921996 0 0.5 p-1 -973328 597
154 392 m1 941261 0 0.5 p-1 -736858 67
219 393 m1 941626 0 0.5 p-1 -115109 12
196 394 m1 943045 0 0.5 p-1 -212978 47
247 395 m1 958447 0 0.5 p-1 -59315 2
109 396 m1 976001 0 0.5 p-1 -89773 39
259 397 m1 978124 0 0.5 p-1 -656 1
Individuals:
