Mutations:
0 0 m2 1231 -0.00080172898 0.5 p-1 -7645466 1493
52 1 m2 3175 -0.0148668271 0.5 p-1 -1214930 961
1 2 m2 8961 -7.37684168e-05 0.5 p-1 -1951837 1144
35 3 m2 10089 -2.4919631e-05 0.5 p-1 -4794337 958
203 4 m2 11808 -1.27802823e-05 0.5 p-1 -613610 21
121 6 m2 14084 -0.00248933421 0.5 p-1 -263978 274
36 7 m2 19688 -0.00944394246 0.5 p-1 -4600892 1811
206 8 m2 24497 -0.000130752596 0.5 p-1 -184253 6
73 10 m2 34500 -0.0241124891 0.5 p-1 -235014 105
142 12 m2 48140 -0.0047394447 0.5 p-1 -398981 89
134 14 m2 60013 -0.132834598 0.5 p-1 -1830123 155
207 15 m2 60362 -0.00320520392 0.5 p-1 -25488 7
3 16 m2 62904 -0.000243768853 0.5 p-1 -5892079 1906
131 17 m2 68667 -0.0116940103 0.5 p-1 -35721 58
163 18 m2 71912 -4.07834023e-06 0.5 p-1 -63906 5
87 19 m2 79140 -0.00460541435 0.5 p-1 -2153139 433
101 20 m2 79863 -0.00197226251 0.5 p-1 -793918 262
102 21 m2 89770 -0.00231631682 0.5 p-1 -6703037 107
66 24 m2 103434 -3.07754308e-05 0.5 p-1 -5212896 248
243 26 m2 112476 -1.87674541e-05 0.5 p-1 -8277929 3
53 27 m2 116362 -0.0755829588 0.5 p-1 -1648693 620
54 28 m2 118289 -0.00385948573 0.5 p-1 -4115779 938
250 29 m2 119316 -0.000200187293 0.5 p-1 -24577 7
218 32 m2 138896 -0.0317417979 0.5 p-1 -138221 2
246 33 m2 154373 -0.00249115587 0.5 p-1 -3517 3
160 36 m2 160869 -0.00572789786 0.5 p-1 -84204 31
4 39 m2 176281 -0.00240853522 0.5 p-1 -2039494 653
147 40 m2 184367 -0.00845448021 0.5 p-1 -238403 21
5 41 m2 188615 -0.013154177 0.5 p-1 -314722 222
247 42 m2 207142 -0.000537022832 0.5 p-1 -29624 4
55 43 m2 213671 -0.00488863653 0.5 p-1 -132681 23
241 45 m2 214928 -0.00155167736 0.5 p-1 -29125 8
197 46 m2 216559 -0.00452958466 0.5 p-1 -73680 45
200 49 m2 229301 -0.000128364598 0.5 p-1 -61065 6
111 51 m2 251557 -0.00892417133 0.5 p-1 -1087270 169
37 52 m2 251725 -0.00664976332 0.5 p-1 -4705947 947
190 55 m2 262163 -0.0064827092 0.5 p-1 -19464 12
67 56 m2 262521 -1.11346199e-09 0.5 p-1 -707143 321
201 59 m2 267651 -0.0162247028 0.5 p-1 -352555 60
213 61 m2 276516 -0.00622100616 0.5 p-1 -236841 5
82 63 m2 279766 -0.000441381766 0.5 p-1 -775010 587
178 64 m2 292709 -0.00147994992 0.5 p-1 -2419734 44
68 66 m2 298727 -0.00208796421 0.5 p-1 -670846 153
38 67 m2 301747 -0.00294766156 0.5 p-1 -2700600 1463
112 68 m2 302879 -0.000287182571 0.5 p-1 -80104 156
57 69 m2 305043 -0.00801861659 0.5 p-1 -289741 28
185 71 m2 314691 -0.000269928656 0.5 p-1 -48272 30
58 72 m2 315503 -0.000693023379 0.5 p-1 -4444904 249
92 73 m2 316176 -0.00198813621 0.5 p-1 -954116 319
75 74 m2 316906 -1.74336346e-05 0.5 p-1 -1033517 118
8 75 m2 317166 -0.00101102761 0.5 p-1 -4385029 1474
123 76 m2 317366 -0.0155752646 0.5 p-1 -588191 99
223 77 m2 318466 -0.000144946142 0.5 p-1 -4199 14
145 78 m2 323333 -0.000133807014 0.5 p-1 -228177 55
216 79 m2 324055 -0.0258740243 0.5 p-1 -98144 17
156 80 m2 325745 -0.000327431335 0.5 p-1 -296458 33
59 81 m2 331445 -0.00947157759 0.5 p-1 -1271778 486
113 84 m2 335142 -0.000756009656 0.5 p-1 -279581 32
88 85 m2 339122 -0.00112968031 0.5 p-1 -708600 400
188 86 m2 340689 -1.40473694e-05 0.5 p-1 -17599 36
128 87 m2 343196 -0.00255585299 0.5 p-1 -191277 26
215 88 m2 344144 -0.00128823158 0.5 p-1 -23647 13
83 89 m2 346140 -0.00029374435 0.5 p-1 -344953 210
10 90 m2 353029 -0.0208291709 0.5 p-1 -2989572 1949
173 92 m2 358283 -0.00041189816 0.5 p-1 -12225 21
103 93 m2 361375 -0.00745160319 0.5 p-1 -268271 95
212 94 m2 363965 -0.00113458862 0.5 p-1 -5127309 6
186 96 m2 371880 -0.0012454621 0.5 p-1 -37218 32
98 97 m2 380015 -0.000712774927 0.5 p-1 -560686 369
60 98 m2 382997 -0.00743887294 0.5 p-1 -5327129 413
148 99 m2 389870 -0.0115532726 0.5 p-1 -140935 34
11 100 m2 392734 -6.70690497e-05 0.5 p-1 -3120220 273
40 102 m2 398468 -0.00267570745 0.5 p-1 -3315971 405
135 103 m2 403454 -0.00532808155 0.5 p-1 -37104 16
118 104 m2 403780 -6.36830737e-05 0.5 p-1 -30759 8
105 105 m2 408748 -0.0134795206 0.5 p-1 -524905 237
136 108 m2 410981 -0.00362602295 0.5 p-1 -305254 70
41 109 m2 418279 -2.34172276e-07 0.5 p-1 -2145648 960
12 110 m2 420774 -6.58647477e-05 0.5 p-1 -222182 252
146 111 m2 422701 -0.00286685419 0.5 p-1 -10120 6
125 112 m2 425137 -1.67564838e-06 0.5 p-1 -1045169 194
231 114 m2 428205 -0.000630817143 0.5 p-1 -1375 7
13 115 m2 435577 -0.0109603042 0.5 p-1 -8274047 1984
14 116 m2 443441 -0.00133170863 0.5 p-1 -1145925 381
179 117 m2 453609 -0.0101756779 0.5 p-1 -25205 50
16 118 m2 459911 -0.00120039377 0.5 p-1 -2910997 1147
238 121 m2 469087 -0.00658264803 0.5 p-1 -111617 2
199 122 m2 469391 -0.0253741685 0.5 p-1 -16274 16
228 123 m2 469787 -0.014729741 0.5 p-1 -38068 9
114 125 m2 470430 -0.000782476156 0.5 p-1 -389120 125
17 126 m2 476509 -0.0372714512 0.5 p-1 -4228614 1057
90 127 m2 484732 -0.121992543 0.5 p-1 -461403 262
182 128 m2 485489 -0.00488575594 0.5 p-1 -9603 6
18 129 m2 485511 -0.0229887161 0.5 p-1 -3431673 1939
132 130 m2 487768 -0.00994762033 0.5 p-1 -217951 110
19 131 m2 495006 -0.00936124846 0.5 p-1 -165162 70
227 134 m2 510649 -0.00606248155 0.5 p-1 -10567 17
91 136 m2 521143 -0.0420481339 0.5 p-1 -4361471 431
196 137 m2 522624 -0.0811717361 0.5 p-1 -34898 5
20 138 m2 523844 -0.00100599614 0.5 p-1 -2708401 1361
21 139 m2 523901 -4.40707436e-06 0.5 p-1 -1201152 1077
234 140 m2 527159 -0.00126458553 0.5 p-1 -27407 7
133 141 m2 534084 -0.000564648537 0.5 p-1 -23820 41
116 142 m2 536768 -0.0137637947 0.5 p-1 -488210 42
236 144 m2 551086 -5.94153535e-05 0.5 p-1 -107066 11
129 147 m2 568007 -0.00943254493 0.5 p-1 -227305 99
62 148 m2 570078 -0.00617748452 0.5 p-1 -1000334 303
46 150 m2 577675 -0.00632537249 0.5 p-1 -7293467 365
169 151 m2 578807 -0.0605977699 0.5 p-1 -3599794 41
192 153 m2 590599 -0.00253749778 0.5 p-1 -18389 12
22 154 m2 594034 -0.0272596721 0.5 p-1 -5790507 1112
23 155 m2 594308 -0.0174575318 0.5 p-1 -1771925 1008
226 156 m2 598152 -0.00111067109 0.5 p-1 -32966 1
108 157 m2 602177 -0.0202868786 0.5 p-1 -294624 243
137 158 m2 605448 -0.0518630035 0.5 p-1 -17311 15
208 159 m2 608072 -0.00410630461 0.5 p-1 -126922 11
152 160 m2 610681 -0.00116612553 0.5 p-1 -705900 48
47 163 m2 629399 -0.000889164919 0.5 p-1 -5560897 527
244 165 m2 632618 -0.000803245697 0.5 p-1 -2428 5
165 166 m2 633209 -0.00919276942 0.5 p-1 -318540 19
106 168 m2 638688 -0.00064148003 0.5 p-1 -64159 110
138 169 m2 639663 -0.000166122234 0.5 p-1 -194989 6
24 170 m2 647860 -0.00135216571 0.5 p-1 -5409471 1916
220 173 m2 649855 -4.28618796e-06 0.5 p-1 -101374 11
70 174 m2 651760 -0.00224380218 0.5 p-1 -2416069 189
48 175 m2 653201 -0.0334673673 0.5 p-1 -3914361 776
71 176 m2 668144 -0.0116785169 0.5 p-1 -1551525 881
242 178 m2 676387 -0.00400361745 0.5 p-1 -22144 4
198 179 m2 679145 -1.47776857e-08 0.5 p-1 -23393 2
93 181 m2 683186 -4.01723355e-06 0.5 p-1 -5976789 181
77 182 m2 685652 -0.000282613066 0.5 p-1 -732976 95
25 183 m2 689325 -3.94434646e-05 0.5 p-1 -899619 174
166 184 m2 694315 -0.012321867 0.5 p-1 -45326 41
63 185 m2 703694 -0.0229058284 0.5 p-1 -817230 377
94 186 m2 704651 -0.00048502846 0.5 p-1 -2505901 551
26 187 m2 707851 -0.00486115366 0.5 p-1 -1904329 423
176 190 m2 712250 -0.00593736069 0.5 p-1 -28776 26
184 191 m2 718437 -0.00159772276 0.5 p-1 -151636 49
158 192 m2 718644 -0.000761255214 0.5 p-1 -195314 140
97 194 m2 751107 -0.00866438169 0.5 p-1 -345843 159
109 195 m2 752782 -0.00130927493 0.5 p-1 -303359 247
257 196 m2 759767 -0.016184248 0.5 p-1 -4935 1
99 197 m2 759881 -0.00914826337 0.5 p-1 -413700 152
149 199 m2 773199 -0.0220429935 0.5 p-1 -957400 107
78 200 m2 773498 -0.0138456021 0.5 p-1 -289513 206
64 201 m2 785428 -0.000780942675 0.5 p-1 -1842829 1061
27 203 m2 788296 -0.000188388818 0.5 p-1 -995901 171
28 204 m2 788822 -0.00121564791 0.5 p-1 -208023 110
86 205 m2 789295 -0.0126096345 0.5 p-1 -221755 111
127 206 m2 792020 -0.00748058083 0.5 p-1 -50815 56
72 207 m2 798158 -0.0145086236 0.5 p-1 -11463924 267
29 208 m2 799415 -0.000773972948 0.5 p-1 -2498066 1284
209 209 m2 801281 -0.000798758119 0.5 p-1 -50764 14
30 210 m2 801928 -0.00214487803 0.5 p-1 -1409166 265
95 212 m2 808490 -1.5967079e-07 0.5 p-1 -1824368 561
150 213 m2 809817 -0.0083765192 0.5 p-1 -807089 173
107 214 m2 810926 -0.00780294742 0.5 p-1 -1452237 397
170 215 m2 810975 -2.93583253e-05 0.5 p-1 -61089 70
254 217 m2 815206 -0.0153097259 0.5 p-1 -7915 1
79 218 m2 815885 -0.0291205272 0.5 p-1 -9698714 1092
31 221 m2 824595 -0.000272970821 0.5 p-1 -1082739 852
120 223 m2 841944 -0.00163522421 0.5 p-1 -2355 4
32 224 m2 850814 -0.0256395899 0.5 p-1 -1305357 1326
139 225 m2 854990 -0.00183345063 0.5 p-1 -33878 25
171 226 m2 861350 -0.00317994924 0.5 p-1 -174937 55
144 227 m2 870091 -0.000725123915 0.5 p-1 -307834 34
115 231 m2 896357 -0.0239208341 0.5 p-1 -1938196 311
140 232 m2 898981 -0.0275425259 0.5 p-1 -27889 12
50 233 m2 902849 -1.47731407e-06 0.5 p-1 -2105904 1166
162 234 m2 908467 -0.0673262551 0.5 p-1 -144834 44
34 238 m2 918893 -8.08182358e-06 0.5 p-1 -3955777 712
239 239 m2 923005 -6.74021949e-09 0.5 p-1 -1164 6
248 240 m2 923343 -0.00456575071 0.5 p-1 -397 2
177 242 m2 932234 -2.35157017e-06 0.5 p-1 -63198 53
100 244 m2 941069 -0.00761090824 0.5 p-1 -1845652 284
193 245 m2 947828 -0.0455232635 0.5 p-1 -17709 3
210 246 m2 950619 -0.00319999177 0.5 p-1 -16802 12
245 247 m2 953249 -1.62115384e-06 0.5 p-1 -25763 8
222 248 m2 957412 -0.0028325317 0.5 p-1 -39671 4
81 249 m2 958602 -0.000479366397 0.5 p-1 -137971 209
253 250 m2 961558 -0.0281888731 0.5 p-1 -15033 2
183 251 m2 965484 -0.00159551541 0.5 p-1 -737659 44
155 253 m2 971463 -0.000734146044 0.5 p-1 -78719 48
180 254 m2 975580 -3.58453963e-06 0.5 p-1 -208714 53
110 255 m2 987025 -0.0407646745 0.5 p-1 -212065 15
174 256 m2 987260 -0.00225311029 0.5 p-1 -124545 60
195 257 m2 994287 -0.000821921567 0.5 p-1 -13364 20
259 259 m2 328978 -0.0202935971 0.5 p0 2 1
262 262 m2 714313 -9.61067371e-07 0.5 p0 2 2
7 263 m2 218287 -0.000996529474 0.5 p0 2 3
256 266 m2 360039 -0.00262433919 0.5 p0 2 1
260 267 m2 56749 -0.000387499982 0.5 p0 2 1
249 273 m2 967672 -0.0139055829 0.5 p0 2 1
230 281 m2 436002 -0.0615603961 0.5 p0 2 7
261 282 m2 457692 -0.00501698302 0.5 p0 2 1
258 284 m2 362111 -0.0186116993 0.5 p0 2 1
225 285 m2 993470 -0.0029851296 0.5 p0 2 3
232 305 m2 702983 -0.023210559 0.5 p0 2 4
229 307 m2 710060 -0.000199299335 0.5 p0 2 3
65 312 m1 632 0 0.5 p-1 -3558721 650
2 316 m1 21084 0 0.5 p-1 -10098016 1948
153 318 m1 97612 0 0.5 p-1 -65794 24
172 319 m1 111569 0 0.5 p-1 -32084 8
255 320 m1 124205 0 0.5 p-1 -21866 1
187 322 m1 137396 0 0.5 p-1 -257323 85
237 324 m1 187799 0 0.5 p-1 -17054 4
233 326 m1 200629 0 0.5 p-1 -322 4
6 327 m1 218281 0 0.5 p-1 -4692176 1732
74 328 m1 222540 0 0.5 p-1 -714297 52
56 329 m1 229906 0 0.5 p-1 -4359635 252
122 330 m1 230467 0 0.5 p-1 -1739072 802
240 331 m1 242369 0 0.5 p-1 -662 4
251 332 m1 253785 0 0.5 p-1 -148129 5
214 333 m1 272740 0 0.5 p-1 -618 2
9 336 m1 337284 0 0.5 p-1 -2489836 850
141 337 m1 348392 0 0.5 p-1 -230505 250
39 338 m1 351916 0 0.5 p-1 -1546318 619
143 339 m1 360936 0 0.5 p-1 -35271 23
104 340 m1 362671 0 0.5 p-1 -498809 109
151 341 m1 384295 0 0.5 p-1 -15836 4
181 342 m1 391918 0 0.5 p-1 -172584 53
61 343 m1 402253 0 0.5 p-1 -14414488 1193
42 345 m1 432730 0 0.5 p-1 -574110 412
84 346 m1 452140 0 0.5 p-1 -3673662 90
85 347 m1 455823 0 0.5 p-1 -1999114 380
15 348 m1 459694 0 0.5 p-1 -1462404 545
194 349 m1 460088 0 0.5 p-1 -15255 8
89 350 m1 460737 0 0.5 p-1 -316849 307
43 351 m1 462595 0 0.5 p-1 -3625836 1421
205 353 m1 469764 0 0.5 p-1 -10180 3
119 355 m1 494651 0 0.5 p-1 -905758 105
154 356 m1 503477 0 0.5 p-1 -19559 10
161 357 m1 517187 0 0.5 p-1 -32413 39
44 358 m1 526437 0 0.5 p-1 -10080710 807
189 361 m1 547791 0 0.5 p-1 -24100 16
45 362 m1 553456 0 0.5 p-1 -1404416 362
69 363 m1 575321 0 0.5 p-1 -48837 51
204 364 m1 588128 0 0.5 p-1 -102655 17
76 365 m1 591069 0 0.5 p-1 -1227909 295
224 366 m1 594548 0 0.5 p-1 -49584 9
191 367 m1 608059 0 0.5 p-1 -30599 9
252 368 m1 608068 0 0.5 p-1 -1281 1
126 369 m1 624720 0 0.5 p-1 -69472 45
96 372 m1 647948 0 0.5 p-1 -3335238 247
49 373 m1 690100 0 0.5 p-1 -3988591 142
175 374 m1 704594 0 0.5 p-1 -269447 29
159 376 m1 745377 0 0.5 p-1 -2006200 234
124 377 m1 782496 0 0.5 p-1 -521223 219
167 379 m1 802376 0 0.5 p-1 -105768 37
157 380 m1 808927 0 0.5 p-1 -155526 46
202 381 m1 813261 0 0.5 p-1 -28666 10
168 383 m1 849537 0 0.5 p-1 -95569 52
235 384 m1 851205 0 0.5 p-1 -216786 20
221 386 m1 854562 0 0.5 p-1 -57890 15
33 388 m1 889132 0 0.5 p-1 -2518753 729
51 389 m1 919912 0 0.5 p-1 -1365202 571
80 390 m1 921996 0 0.5 p-1 -973328 570
164 392 m1 941261 0 0.5 p-1 -736858 28
217 393 m1 941626 0 0.5 p-1 -115109 18
130 394 m1 943045 0 0.5 p-1 -212978 22
117 395 m1 958447 0 0.5 p-1 -59315 16
219 396 m1 976001 0 0.5 p-1 -89773 9
211 397 m1 978124 0 0.5 p-1 -656 4
Individuals:
