Mutations:
88 1 m2 16554 -0.00313826581 0.5 p-1 -1313535 643
275 2 m2 19401 -0.000410136563 0.5 p-1 -12825 4
89 3 m2 19847 -0.0108166905 0.5 p-1 -717724 257
67 4 m2 20730 -0.0238812771 0.5 p-1 -2271922 306
280 5 m2 26405 -0.00454898644 0.5 p-1 -32639 9
204 6 m2 33189 -4.30005429e-07 0.5 p-1 -296377 55
205 7 m2 40781 -0.00642583426 0.5 p-1 -18372 4
68 8 m2 41179 -0.00100680941 0.5 p-1 -391442 364
90 10 m2 45572 -0.0127473045 0.5 p-1 -161885 21
224 12 m2 49091 -5.66231211e-06 0.5 p-1 -1919 12
101 14 m2 60434 -0.00121575303 0.5 p-1 -184725 41
131 15 m2 63501 -4.19048229e-05 0.5 p-1 -50940 53
44 16 m2 73395 -0.00260783895 0.5 p-1 -2240757 1044
91 17 m2 73418 -0.0114805996 0.5 p-1 -2879818 662
1 20 m2 78780 -0.0197269693 0.5 p-1 -7881331 514
158 21 m2 87571 -0.00211810996 0.5 p-1 -436958 50
70 23 m2 89731 -0.00297558797 0.5 p-1 -512186 466
92 24 m2 92431 -0.00103566167 0.5 p-1 -5435484 372
249 25 m2 93462 -0.0301100034 0.5 p-1 -54958 13
71 27 m2 108493 -0.0255723726 0.5 p-1 -3581672 373
2 29 m2 110611 -0.0105602136 0.5 p-1 -527177 229
102 30 m2 112709 -0.0430609696 0.5 p-1 -3078411 476
140 33 m2 131486 -0.0358099155 0.5 p-1 -693172 90
240 34 m2 133119 -1.37915622e-05 0.5 p-1 -511751 40
46 35 m2 133407 -0.00558173098 0.5 p-1 -7397563 1522
151 36 m2 139767 -0.000111773108 0.5 p-1 -3624043 101
209 39 m2 146452 -0.00733464165 0.5 p-1 -830936 19
3 40 m2 146548 -1.70340518e-05 0.5 p-1 -799948 294
231 41 m2 146747 -0.0112787588 0.5 p-1 -36579 4
155 42 m2 155035 -4.61927073e-07 0.5 p-1 -99726 3
132 46 m2 170759 -1.53031121e-09 0.5 p-1 -1306369 328
182 49 m2 184404 -0.0124820285 0.5 p-1 -5147734 171
288 50 m2 185645 -0.00494311471 0.5 p-1 -459992 13
228 51 m2 186234 -1.32128353e-05 0.5 p-1 -136587 24
4 52 m2 192218 -0.000278888299 0.5 p-1 -3740197 1107
245 53 m2 205200 -0.000226225253 0.5 p-1 -159872 45
103 54 m2 209825 -0.00638206117 0.5 p-1 -1476563 424
173 55 m2 212738 -3.24607099e-05 0.5 p-1 -886641 6
246 56 m2 214183 -0.000650374859 0.5 p-1 -8667 4
6 59 m2 221911 -0.059087906 0.5 p-1 -2153875 794
73 60 m2 223157 -0.0210617427 0.5 p-1 -404092 355
206 61 m2 232665 -0.000189518905 0.5 p-1 -121387 51
74 63 m2 267270 -0.000152234905 0.5 p-1 -3116606 864
75 64 m2 274859 -0.00287505635 0.5 p-1 -1045108 129
9 65 m2 275275 -0.000285964168 0.5 p-1 -1372769 980
113 66 m2 279904 -0.00285008689 0.5 p-1 -4270426 683
10 67 m2 283514 -0.0375057086 0.5 p-1 -465219 454
176 68 m2 284598 -0.0453892723 0.5 p-1 -63220 35
250 69 m2 284703 -0.0023969966 0.5 p-1 -38803 19
189 70 m2 290972 -9.69056657e-08 0.5 p-1 -126779 35
48 71 m2 295560 -6.03207839e-09 0.5 p-1 -345893 61
187 72 m2 297265 -0.00262585096 0.5 p-1 -154925 50
193 74 m2 298864 -0.0116248317 0.5 p-1 -100785 70
11 75 m2 308581 -3.26737936e-05 0.5 p-1 -3526374 1839
76 76 m2 309020 -3.7939426e-06 0.5 p-1 -3808227 861
119 77 m2 316684 -0.00242034369 0.5 p-1 -223510 180
237 80 m2 326770 -5.49988499e-07 0.5 p-1 -16870 12
12 81 m2 327310 -0.054058671 0.5 p-1 -19789856 611
254 82 m2 332030 -0.000173198699 0.5 p-1 -17406 21
310 83 m2 335455 -2.13396197e-06 0.5 p-1 -25567 2
268 86 m2 344358 -0.00442016823 0.5 p-1 -10223 4
125 87 m2 347139 -0.0147207901 0.5 p-1 -1049591 441
225 88 m2 362138 -0.00932966452 0.5 p-1 -53472 58
242 89 m2 362593 -0.000935114687 0.5 p-1 -86989 9
13 91 m2 371952 -0.000385965395 0.5 p-1 -3037302 1797
78 93 m2 373780 -0.000516252127 0.5 p-1 -169707 188
270 94 m2 375787 -0.00656421063 0.5 p-1 -55232 9
133 95 m2 376171 -0.00595017755 0.5 p-1 -795201 182
79 96 m2 377060 -1.75139905e-06 0.5 p-1 -2716187 1062
14 97 m2 377831 -0.00334587321 0.5 p-1 -1759363 861
183 98 m2 380391 -0.00911491644 0.5 p-1 -558681 139
15 100 m2 383324 -0.00794204231 0.5 p-1 -1805465 645
201 101 m2 385248 -0.00277530216 0.5 p-1 -87156 77
252 102 m2 385431 -0.00215537404 0.5 p-1 -9119 4
291 103 m2 389525 -0.00334588834 0.5 p-1 -35850 2
169 104 m2 399535 -0.000220095084 0.5 p-1 -72945 20
50 105 m2 399771 -0.00981114805 0.5 p-1 -863716 1144
264 106 m2 403726 -0.00470152125 0.5 p-1 -8647 7
16 107 m2 407794 -0.000879035622 0.5 p-1 -471025 301
294 108 m2 410795 -0.000456432143 0.5 p-1 -5073 1
292 110 m2 416518 -0.00280939415 0.5 p-1 -179110 9
184 111 m2 419867 -0.0131861353 0.5 p-1 -55164 47
210 112 m2 422557 -0.038424816 0.5 p-1 -55909 16
80 114 m2 427072 -0.0055806688 0.5 p-1 -584180 324
17 115 m2 428755 -4.07709704e-05 0.5 p-1 -4176038 1506
212 118 m2 434137 -0.00320727611 0.5 p-1 -10630 8
213 119 m2 439668 -0.000364996318 0.5 p-1 -1942999 34
18 120 m2 441183 -0.000421424513 0.5 p-1 -1647931 1486
214 122 m2 441505 -0.015098541 0.5 p-1 -39517 3
81 126 m2 453893 -0.000356287987 0.5 p-1 -2984012 968
19 127 m2 456591 -0.0295293331 0.5 p-1 -815750 570
94 129 m2 461286 -0.014305965 0.5 p-1 -12137 13
256 130 m2 467207 -4.38002608e-05 0.5 p-1 -105862 5
305 131 m2 468349 -9.40392783e-06 0.5 p-1 -24967 1
289 134 m2 473154 -0.00101820857 0.5 p-1 -12662 5
198 135 m2 473884 -0.0128863342 0.5 p-1 -13820 35
152 136 m2 480003 -0.0134336771 0.5 p-1 -42846 2
104 137 m2 481764 -0.000607129652 0.5 p-1 -10022859 752
215 141 m2 497144 -0.004452297 0.5 p-1 -152519 59
283 144 m2 514225 -0.000109218759 0.5 p-1 -25762 3
53 146 m2 516779 -0.000158783689 0.5 p-1 -4970555 1288
20 147 m2 518080 -0.00035692635 0.5 p-1 -7823533 1651
265 148 m2 522536 -1.67541339e-06 0.5 p-1 -143627 20
21 150 m2 534973 -0.01026149 0.5 p-1 -1580339 479
311 151 m2 537335 -0.0356577188 0.5 p-1 -12462 3
203 152 m2 543431 -0.0064697261 0.5 p-1 -150654 43
161 153 m2 546286 -1.5009663e-05 0.5 p-1 -11349001 191
191 154 m2 546805 -3.58509993e-07 0.5 p-1 -69569 45
298 155 m2 547384 -3.55028824e-05 0.5 p-1 -8499 5
255 156 m2 548259 -0.0140319504 0.5 p-1 -328685 18
262 157 m2 549898 -0.000162076452 0.5 p-1 -133159 18
142 158 m2 551435 -0.000803822826 0.5 p-1 -532932 143
156 159 m2 561704 -0.0104260109 0.5 p-1 -1178978 33
22 160 m2 568493 -0.00111810374 0.5 p-1 -161830 70
143 161 m2 574120 -0.000321769359 0.5 p-1 -1453222 122
95 162 m2 576773 -0.00116277277 0.5 p-1 -717626 319
96 163 m2 583495 -0.0126133515 0.5 p-1 -4875153 976
190 164 m2 593929 -3.09516366e-07 0.5 p-1 -3146937 169
239 166 m2 597683 -0.00817408599 0.5 p-1 -2274770 153
278 167 m2 598633 -1.72276771e-06 0.5 p-1 -220674 6
23 168 m2 599241 -2.68532058e-05 0.5 p-1 -5997133 772
163 169 m2 602092 -0.00313061243 0.5 p-1 -468245 111
24 170 m2 602586 -0.00739395432 0.5 p-1 -822646 363
83 171 m2 605987 -0.00314184348 0.5 p-1 -3074296 972
149 172 m2 609232 -0.0387260206 0.5 p-1 -950634 172
25 173 m2 614579 -4.15332543e-05 0.5 p-1 -2562000 1874
26 174 m2 616974 -0.0338809565 0.5 p-1 -150358 49
218 175 m2 617493 -8.15663148e-10 0.5 p-1 -103377 12
248 176 m2 618010 -0.0206666794 0.5 p-1 -435826 28
106 177 m2 619175 -0.00998421758 0.5 p-1 -372525 274
287 178 m2 627846 -0.00035045165 0.5 p-1 -94265 7
27 179 m2 628472 -1.03559205e-06 0.5 p-1 -6568440 349
186 182 m2 631795 -0.0276766177 0.5 p-1 -425844 59
54 183 m2 641157 -0.000453850866 0.5 p-1 -1568426 108
177 184 m2 646401 -2.51133588e-06 0.5 p-1 -122357 119
297 185 m2 649687 -0.0078490125 0.5 p-1 -3542 1
28 186 m2 654643 -0.00163796591 0.5 p-1 -6667951 992
178 188 m2 657376 -0.00918995962 0.5 p-1 -251664 82
55 189 m2 670204 -0.0286339633 0.5 p-1 -56201 18
207 191 m2 672591 -0.00748723792 0.5 p-1 -272665 67
29 193 m2 676620 -0.012213924 0.5 p-1 -5752896 995
159 194 m2 678521 -0.0191249102 0.5 p-1 -4775135 178
195 196 m2 684793 -0.00366736832 0.5 p-1 -369627 117
97 197 m2 707560 -8.42116879e-06 0.5 p-1 -709663 390
85 198 m2 707572 -0.00224570208 0.5 p-1 -848312 339
251 200 m2 708246 -0.0106704151 0.5 p-1 -223573 25
115 201 m2 720452 -0.000200828566 0.5 p-1 -368163 92
181 202 m2 723054 -1.79408325e-05 0.5 p-1 -559303 48
122 203 m2 724802 -2.8249784e-05 0.5 p-1 -180081 199
238 204 m2 725024 -0.00560441799 0.5 p-1 -16543 21
164 205 m2 727257 -0.000156660666 0.5 p-1 -837772 131
157 206 m2 732004 -0.000428253232 0.5 p-1 -237433 52
56 207 m2 735632 -0.00223238836 0.5 p-1 -12896577 1377
86 208 m2 735679 -0.000664080435 0.5 p-1 -856971 279
31 210 m2 740382 -0.0227164309 0.5 p-1 -5441852 1889
220 211 m2 744043 -0.0019133247 0.5 p-1 -9854 36
300 212 m2 748265 -0.00816754997 0.5 p-1 -43471 3
32 213 m2 748618 -0.00473759091 0.5 p-1 -2781833 321
57 214 m2 750107 -0.00107977877 0.5 p-1 -2201742 1018
123 215 m2 759791 -0.000496900757 0.5 p-1 -2328005 493
261 216 m2 762762 -0.0181647819 0.5 p-1 -62900 1
98 217 m2 765626 -1.62656252e-05 0.5 p-1 -1428508 89
274 218 m2 765979 -0.000627384114 0.5 p-1 -16283 1
87 221 m2 772872 -0.0170404594 0.5 p-1 -1800282 188
162 222 m2 778292 -0.00816320814 0.5 p-1 -237154 112
58 224 m2 790316 -0.000435334427 0.5 p-1 -963845 944
34 225 m2 792446 -0.00307976943 0.5 p-1 -3642919 1073
211 226 m2 794817 -0.00529503124 0.5 p-1 -215551 52
285 227 m2 796378 -7.78286121e-05 0.5 p-1 -65186 3
35 228 m2 797506 -0.000309090712 0.5 p-1 -440130 101
59 230 m2 798708 -0.00107720715 0.5 p-1 -3091014 422
60 231 m2 799496 -0.00918782689 0.5 p-1 -4374263 1122
99 232 m2 803740 -0.00978168659 0.5 p-1 -3758530 77
61 233 m2 806539 -0.0160222743 0.5 p-1 -256817 30
199 235 m2 813330 -3.77394933e-08 0.5 p-1 -211537 84
202 236 m2 823903 -0.00445837248 0.5 p-1 -1675374 72
100 237 m2 831542 -0.00241104397 0.5 p-1 -827327 139
62 238 m2 837520 -0.0274343882 0.5 p-1 -6486641 1394
260 240 m2 840630 -0.0109181255 0.5 p-1 -31932 14
36 241 m2 841645 -7.26674261e-05 0.5 p-1 -3213178 1344
286 242 m2 845988 -0.000387060601 0.5 p-1 -37257 2
137 243 m2 846021 -1.81045809e-08 0.5 p-1 -391647 346
175 245 m2 853617 -1.46160306e-11 0.5 p-1 -19478 5
284 246 m2 853699 -0.000176574089 0.5 p-1 -234929 3
233 247 m2 854024 -4.43649988e-05 0.5 p-1 -3405 7
179 248 m2 854155 -0.00859897863 0.5 p-1 -343798 75
302 249 m2 854688 -0.00572087429 0.5 p-1 -28359 4
180 251 m2 856011 -0.000947779743 0.5 p-1 -69368 34
243 253 m2 858615 -0.00382782123 0.5 p-1 -56788 17
304 254 m2 864161 -0.086551927 0.5 p-1 -7904 1
269 255 m2 864193 -0.00244759 0.5 p-1 -9368 4
236 256 m2 867671 -0.00870218594 0.5 p-1 -9193941 64
128 257 m2 877265 -0.000432808243 0.5 p-1 -704123 33
37 258 m2 879102 -0.00487086317 0.5 p-1 -2698566 628
38 259 m2 879184 -0.0407457426 0.5 p-1 -112588 91
166 260 m2 884155 -0.00135928451 0.5 p-1 -1727260 266
145 261 m2 886464 -0.0707808658 0.5 p-1 -622324 81
263 262 m2 886621 -0.000280112872 0.5 p-1 -6110 15
138 263 m2 887824 -0.0290576126 0.5 p-1 -136584 75
219 264 m2 890690 -0.00197028951 0.5 p-1 -21330 28
171 266 m2 895876 -0.0220501572 0.5 p-1 -883597 14
146 267 m2 897426 -0.0200714413 0.5 p-1 -218782 82
129 268 m2 899825 -0.0186455082 0.5 p-1 -359597 300
107 269 m2 900641 -0.0567586906 0.5 p-1 -2285746 922
217 270 m2 902109 -0.00205965666 0.5 p-1 -865596 58
40 271 m2 907913 -0.00133091537 0.5 p-1 -777318 615
276 274 m2 916462 -0.0146191362 0.5 p-1 -5941 6
230 275 m2 917721 -0.0222473033 0.5 p-1 -165985 59
64 276 m2 919285 -0.00653648842 0.5 p-1 -660277 550
108 277 m2 922895 -3.18569801e-05 0.5 p-1 -995805 336
295 278 m2 926407 -2.77401178e-08 0.5 p-1 -7473 1
144 279 m2 927116 -0.0824819282 0.5 p-1 -1588458 408
109 280 m2 927677 -2.71250665e-05 0.5 p-1 -4920454 341
259 281 m2 941472 -0.00844884105 0.5 p-1 -321550 4
110 282 m2 960779 -0.0294002499 0.5 p-1 -1602898 156
42 283 m2 962365 -0.00229941402 0.5 p-1 -558329 164
160 284 m2 969634 -4.75663692e-05 0.5 p-1 -841246 60
185 285 m2 970921 -0.00251782732 0.5 p-1 -155875 61
116 286 m2 976321 -0.00757070538 0.5 p-1 -314110 119
65 287 m2 980846 -0.0101347361 0.5 p-1 -795705 181
111 288 m2 981164 -0.00750922598 0.5 p-1 -247126 154
43 289 m2 981352 -0.00920283515 0.5 p-1 -1943629 1887
153 291 m2 995110 -9.64383216e-05 0.5 p-1 -303163 28
301 294 m2 542339 -0.0328598842 0.5 p0 2 1
273 298 m2 316127 -0.00805205386 0.5 p0 2 6
266 300 m2 729473 -0.00418602908 0.5 p0 2 5
235 303 m2 857759 -0.00015741169 0.5 p0 2 4
271 305 m2 721843 -0.00869578589 0.5 p0 2 1
314 307 m2 470547 -0.0111373691 0.5 p0 2 2
277 308 m2 108216 -0.000276356237 0.5 p0 2 6
312 317 m2 400672 -6.06612457e-06 0.5 p0 2 1
293 321 m2 81032 -0.00181907869 0.5 p0 2 1
221 323 m2 968189 -0.00334686902 0.5 p0 2 3
257 326 m2 648494 -0.00226419 0.5 p0 2 3
296 331 m2 205381 -0.0151678491 0.5 p0 2 1
281 335 m2 561709 -0.000176368951 0.5 p0 2 1
309 336 m2 940085 -0.000833839644 0.5 p0 2 1
308 338 m2 242891 -0.000298278348 0.5 p0 2 1
315 347 m2 239942 -1.99985043e-05 0.5 p0 2 1
0 348 m1 966 0 0.5 p-1 -5620549 1939
66 349 m1 1936 0 0.5 p-1 -2488059 401
258 350 m1 7038 0 0.5 p-1 -17957 5
223 351 m1 7512 0 0.5 p-1 -41041 29
165 352 m1 12999 0 0.5 p-1 -73184 52
147 354 m1 48819 0 0.5 p-1 -1395944 195
69 355 m1 56854 0 0.5 p-1 -1468017 637
172 356 m1 64703 0 0.5 p-1 -24300 8
241 357 m1 67286 0 0.5 p-1 -14706 14
192 358 m1 67822 0 0.5 p-1 -503590 141
194 359 m1 72558 0 0.5 p-1 -179053 24
307 360 m1 82751 0 0.5 p-1 -10221 4
148 361 m1 87414 0 0.5 p-1 -75626 52
196 362 m1 95934 0 0.5 p-1 -86174 26
45 364 m1 124341 0 0.5 p-1 -1714179 1261
313 365 m1 133787 0 0.5 p-1 -33060 3
154 366 m1 138621 0 0.5 p-1 -257921 21
72 367 m1 139804 0 0.5 p-1 -249004 71
200 369 m1 143477 0 0.5 p-1 -93750 24
290 372 m1 169509 0 0.5 p-1 -30276 3
112 373 m1 190730 0 0.5 p-1 -291462 304
5 374 m1 196053 0 0.5 p-1 -3387696 1815
117 375 m1 197000 0 0.5 p-1 -2270150 470
234 376 m1 199844 0 0.5 p-1 -6049 3
118 378 m1 224036 0 0.5 p-1 -7046401 337
7 379 m1 228161 0 0.5 p-1 -7583973 1092
197 380 m1 230122 0 0.5 p-1 -250657 79
8 381 m1 247079 0 0.5 p-1 -10949917 1816
47 382 m1 262201 0 0.5 p-1 -8240516 593
124 384 m1 299385 0 0.5 p-1 -135948 117
244 385 m1 332957 0 0.5 p-1 -73508 39
279 386 m1 338594 0 0.5 p-1 -81683 6
188 387 m1 339915 0 0.5 p-1 -122217 152
77 388 m1 343237 0 0.5 p-1 -8763724 1360
227 391 m1 347582 0 0.5 p-1 -134482 10
168 392 m1 372634 0 0.5 p-1 -2936999 194
49 394 m1 385740 0 0.5 p-1 -383835 200
126 395 m1 401977 0 0.5 p-1 -305042 106
51 396 m1 410719 0 0.5 p-1 -327550 172
114 399 m1 425833 0 0.5 p-1 -2602429 255
134 400 m1 426777 0 0.5 p-1 -229258 103
135 401 m1 431831 0 0.5 p-1 -74250 11
299 402 m1 433992 0 0.5 p-1 -272 1
93 403 m1 435742 0 0.5 p-1 -9724325 259
170 404 m1 436659 0 0.5 p-1 -2055817 167
141 407 m1 464308 0 0.5 p-1 -3284889 182
272 410 m1 501443 0 0.5 p-1 -11589 11
52 413 m1 508874 0 0.5 p-1 -947246 262
127 415 m1 540781 0 0.5 p-1 -3459758 48
222 417 m1 563055 0 0.5 p-1 -143420 39
82 418 m1 580344 0 0.5 p-1 -566308 290
105 419 m1 591373 0 0.5 p-1 -1205058 165
174 420 m1 596357 0 0.5 p-1 -982817 233
120 421 m1 599064 0 0.5 p-1 -524676 326
136 422 m1 599164 0 0.5 p-1 -513926 173
267 423 m1 599386 0 0.5 p-1 -11069 8
247 424 m1 603436 0 0.5 p-1 -511611 23
229 425 m1 611020 0 0.5 p-1 -221864 61
121 426 m1 618097 0 0.5 p-1 -53287 73
84 428 m1 681501 0 0.5 p-1 -699586 194
282 430 m1 704618 0 0.5 p-1 -4110 8
306 431 m1 712162 0 0.5 p-1 -231 1
30 432 m1 719214 0 0.5 p-1 -1855563 774
33 434 m1 778993 0 0.5 p-1 -7733964 1165
303 438 m1 831315 0 0.5 p-1 -39746 1
232 439 m1 836487 0 0.5 p-1 -12481 14
226 441 m1 854390 0 0.5 p-1 -54346 34
63 442 m1 855823 0 0.5 p-1 -3707116 967
39 444 m1 882759 0 0.5 p-1 -11117448 1404
216 445 m1 883773 0 0.5 p-1 -92290 64
139 446 m1 893419 0 0.5 p-1 -337485 194
208 447 m1 896226 0 0.5 p-1 -30813 7
253 449 m1 937379 0 0.5 p-1 -17316 13
41 450 m1 944763 0 0.5 p-1 -6555081 1701
167 451 m1 955223 0 0.5 p-1 -3397902 265
130 452 m1 958095 0 0.5 p-1 -1281634 135
150 453 m1 989172 0 0.5 p-1 -121421 92
Individuals:
