Mutations:
80 1 m2 16554 -0.00313826581 0.5 p-1 -1313535 669
98 3 m2 19847 -0.0108166905 0.5 p-1 -717724 212
115 4 m2 20730 -0.0238812771 0.5 p-1 -2271922 275
276 5 m2 26405 -0.00454898644 0.5 p-1 -32639 17
202 6 m2 33189 -4.30005429e-07 0.5 p-1 -296377 60
275 7 m2 40781 -0.00642583426 0.5 p-1 -18372 3
142 8 m2 41179 -0.00100680941 0.5 p-1 -391442 188
261 10 m2 45572 -0.0127473045 0.5 p-1 -161885 41
279 12 m2 49091 -5.66231211e-06 0.5 p-1 -1919 12
161 14 m2 60434 -0.00121575303 0.5 p-1 -184725 73
188 15 m2 63501 -4.19048229e-05 0.5 p-1 -50940 28
44 16 m2 73395 -0.00260783895 0.5 p-1 -2240757 1067
1 17 m2 73418 -0.0114805996 0.5 p-1 -2879818 744
81 20 m2 78780 -0.0197269693 0.5 p-1 -7881331 459
255 21 m2 87571 -0.00211810996 0.5 p-1 -436958 46
45 23 m2 89731 -0.00297558797 0.5 p-1 -512186 408
82 24 m2 92431 -0.00103566167 0.5 p-1 -5435484 397
91 25 m2 93462 -0.0301100034 0.5 p-1 -54958 27
2 27 m2 108493 -0.0255723726 0.5 p-1 -3581672 346
3 29 m2 110611 -0.0105602136 0.5 p-1 -527177 260
46 30 m2 112709 -0.0430609696 0.5 p-1 -3078411 501
83 33 m2 131486 -0.0358099155 0.5 p-1 -693172 109
186 34 m2 133119 -1.37915622e-05 0.5 p-1 -511751 37
5 35 m2 133407 -0.00558173098 0.5 p-1 -7397563 1499
126 36 m2 139767 -0.000111773108 0.5 p-1 -3624043 72
234 39 m2 146452 -0.00733464165 0.5 p-1 -830936 31
99 40 m2 146548 -1.70340518e-05 0.5 p-1 -799948 307
235 41 m2 146747 -0.0112787588 0.5 p-1 -36579 16
290 42 m2 155035 -4.61927073e-07 0.5 p-1 -99726 11
268 43 m2 156577 -0.0349771157 0.5 p-1 -12037 2
327 44 m2 164567 -0.00557445409 0.5 p-1 -5331 1
285 45 m2 169604 -3.24031644e-05 0.5 p-1 -4506 3
144 46 m2 170759 -1.53031121e-09 0.5 p-1 -1306369 359
288 47 m2 174968 -0.020224439 0.5 p-1 -1863 3
175 49 m2 184404 -0.0124820285 0.5 p-1 -5147734 174
132 50 m2 185645 -0.00494311471 0.5 p-1 -459992 31
207 51 m2 186234 -1.32128353e-05 0.5 p-1 -136587 18
48 52 m2 192218 -0.000278888299 0.5 p-1 -3740197 1001
256 53 m2 205200 -0.000226225253 0.5 p-1 -159872 36
7 54 m2 209825 -0.00638206117 0.5 p-1 -1476563 355
123 55 m2 212738 -3.24607099e-05 0.5 p-1 -886641 61
49 59 m2 221911 -0.059087906 0.5 p-1 -2153875 900
117 60 m2 223157 -0.0210617427 0.5 p-1 -404092 336
109 61 m2 232665 -0.000189518905 0.5 p-1 -121387 61
50 63 m2 267270 -0.000152234905 0.5 p-1 -3116606 804
134 64 m2 274859 -0.00287505635 0.5 p-1 -1045108 170
70 65 m2 275275 -0.000285964168 0.5 p-1 -1372769 974
10 66 m2 279904 -0.00285008689 0.5 p-1 -4270426 813
11 67 m2 283514 -0.0375057086 0.5 p-1 -465219 455
263 68 m2 284598 -0.0453892723 0.5 p-1 -63220 42
145 69 m2 284703 -0.0023969966 0.5 p-1 -38803 44
229 70 m2 290972 -9.69056657e-08 0.5 p-1 -126779 42
100 71 m2 295560 -6.03207839e-09 0.5 p-1 -345893 63
193 72 m2 297265 -0.00262585096 0.5 p-1 -154925 52
221 74 m2 298864 -0.0116248317 0.5 p-1 -100785 55
12 75 m2 308581 -3.26737936e-05 0.5 p-1 -3526374 1832
71 76 m2 309020 -3.7939426e-06 0.5 p-1 -3808227 765
150 77 m2 316684 -0.00242034369 0.5 p-1 -223510 117
13 81 m2 327310 -0.054058671 0.5 p-1 -19789856 655
14 82 m2 332030 -0.000173198699 0.5 p-1 -17406 15
162 83 m2 335455 -2.13396197e-06 0.5 p-1 -25567 9
249 85 m2 344138 -7.70208717e-05 0.5 p-1 -1453 4
282 86 m2 344358 -0.00442016823 0.5 p-1 -10223 5
84 87 m2 347139 -0.0147207901 0.5 p-1 -1049591 538
16 88 m2 362138 -0.00932966452 0.5 p-1 -53472 41
314 89 m2 362593 -0.000935114687 0.5 p-1 -86989 5
17 91 m2 371952 -0.000385965395 0.5 p-1 -3037302 1836
136 93 m2 373780 -0.000516252127 0.5 p-1 -169707 205
163 94 m2 375787 -0.00656421063 0.5 p-1 -55232 14
110 95 m2 376171 -0.00595017755 0.5 p-1 -795201 171
101 96 m2 377060 -1.75139905e-06 0.5 p-1 -2716187 1081
51 97 m2 377831 -0.00334587321 0.5 p-1 -1759363 859
119 98 m2 380391 -0.00911491644 0.5 p-1 -558681 71
18 100 m2 383324 -0.00794204231 0.5 p-1 -1805465 620
151 101 m2 385248 -0.00277530216 0.5 p-1 -87156 86
310 102 m2 385431 -0.00215537404 0.5 p-1 -9119 1
222 103 m2 389525 -0.00334588834 0.5 p-1 -35850 10
258 104 m2 399535 -0.000220095084 0.5 p-1 -72945 4
52 105 m2 399771 -0.00981114805 0.5 p-1 -863716 1265
211 106 m2 403726 -0.00470152125 0.5 p-1 -8647 16
111 107 m2 407794 -0.000879035622 0.5 p-1 -471025 286
245 110 m2 416518 -0.00280939415 0.5 p-1 -179110 23
203 111 m2 419867 -0.0131861353 0.5 p-1 -55164 35
244 112 m2 422557 -0.038424816 0.5 p-1 -55909 6
316 113 m2 425834 -0.00280804443 0.5 p-1 -379 1
179 114 m2 427072 -0.0055806688 0.5 p-1 -584180 318
20 115 m2 428755 -4.07709704e-05 0.5 p-1 -4176038 1466
180 118 m2 434137 -0.00320727611 0.5 p-1 -10630 22
208 119 m2 439668 -0.000364996318 0.5 p-1 -1942999 58
21 120 m2 441183 -0.000421424513 0.5 p-1 -1647931 1522
259 122 m2 441505 -0.015098541 0.5 p-1 -39517 9
22 126 m2 453893 -0.000356287987 0.5 p-1 -2984012 885
72 127 m2 456591 -0.0295293331 0.5 p-1 -815750 552
197 129 m2 461286 -0.014305965 0.5 p-1 -12137 7
138 130 m2 467207 -4.38002608e-05 0.5 p-1 -105862 17
247 135 m2 473884 -0.0128863342 0.5 p-1 -13820 16
236 136 m2 480003 -0.0134336771 0.5 p-1 -42846 2
94 137 m2 481764 -0.000607129652 0.5 p-1 -10022859 621
323 139 m2 492391 -2.27636137e-05 0.5 p-1 -544 1
170 141 m2 497144 -0.004452297 0.5 p-1 -152519 73
295 144 m2 514225 -0.000109218759 0.5 p-1 -25762 9
23 146 m2 516779 -0.000158783689 0.5 p-1 -4970555 1131
24 147 m2 518080 -0.00035692635 0.5 p-1 -7823533 1609
205 148 m2 522536 -1.67541339e-06 0.5 p-1 -143627 52
53 150 m2 534973 -0.01026149 0.5 p-1 -1580339 526
322 151 m2 537335 -0.0356577188 0.5 p-1 -12462 2
248 152 m2 543431 -0.0064697261 0.5 p-1 -150654 13
164 153 m2 546286 -1.5009663e-05 0.5 p-1 -11349001 179
223 154 m2 546805 -3.58509993e-07 0.5 p-1 -69569 32
291 155 m2 547384 -3.55028824e-05 0.5 p-1 -8499 4
238 156 m2 548259 -0.0140319504 0.5 p-1 -328685 10
273 157 m2 549898 -0.000162076452 0.5 p-1 -133159 50
124 158 m2 551435 -0.000803822826 0.5 p-1 -532932 164
181 159 m2 561704 -0.0104260109 0.5 p-1 -1178978 80
182 160 m2 568493 -0.00111810374 0.5 p-1 -161830 120
146 161 m2 574120 -0.000321769359 0.5 p-1 -1453222 150
112 162 m2 576773 -0.00116277277 0.5 p-1 -717626 349
25 163 m2 583495 -0.0126133515 0.5 p-1 -4875153 829
26 164 m2 593929 -3.09516366e-07 0.5 p-1 -3146937 196
190 166 m2 597683 -0.00817408599 0.5 p-1 -2274770 179
237 167 m2 598633 -1.72276771e-06 0.5 p-1 -220674 20
73 168 m2 599241 -2.68532058e-05 0.5 p-1 -5997133 745
54 169 m2 602092 -0.00313061243 0.5 p-1 -468245 95
27 170 m2 602586 -0.00739395432 0.5 p-1 -822646 399
55 171 m2 605987 -0.00314184348 0.5 p-1 -3074296 930
95 172 m2 609232 -0.0387260206 0.5 p-1 -950634 169
28 173 m2 614579 -4.15332543e-05 0.5 p-1 -2562000 1852
159 174 m2 616974 -0.0338809565 0.5 p-1 -150358 52
242 175 m2 617493 -8.15663148e-10 0.5 p-1 -103377 18
269 176 m2 618010 -0.0206666794 0.5 p-1 -435826 21
56 177 m2 619175 -0.00998421758 0.5 p-1 -372525 282
251 178 m2 627846 -0.00035045165 0.5 p-1 -94265 17
57 179 m2 628472 -1.03559205e-06 0.5 p-1 -6568440 353
105 182 m2 631795 -0.0276766177 0.5 p-1 -425844 107
147 183 m2 641157 -0.000453850866 0.5 p-1 -1568426 106
89 184 m2 646401 -2.51133588e-06 0.5 p-1 -122357 111
230 185 m2 649687 -0.0078490125 0.5 p-1 -3542 8
29 186 m2 654643 -0.00163796591 0.5 p-1 -6667951 1172
215 188 m2 657376 -0.00918995962 0.5 p-1 -251664 116
240 189 m2 670204 -0.0286339633 0.5 p-1 -56201 9
308 190 m2 670822 -0.00417643832 0.5 p-1 -28334 2
227 191 m2 672591 -0.00748723792 0.5 p-1 -272665 60
58 193 m2 676620 -0.012213924 0.5 p-1 -5752896 912
127 194 m2 678521 -0.0191249102 0.5 p-1 -4775135 200
319 195 m2 681619 -0.000113693372 0.5 p-1 -253 2
210 196 m2 684793 -0.00366736832 0.5 p-1 -369627 96
106 197 m2 707560 -8.42116879e-06 0.5 p-1 -709663 385
59 198 m2 707572 -0.00224570208 0.5 p-1 -848312 341
218 200 m2 708246 -0.0106704151 0.5 p-1 -223573 8
194 201 m2 720452 -0.000200828566 0.5 p-1 -368163 122
225 202 m2 723054 -1.79408325e-05 0.5 p-1 -559303 53
75 203 m2 724802 -2.8249784e-05 0.5 p-1 -180081 145
125 204 m2 725024 -0.00560441799 0.5 p-1 -16543 34
191 205 m2 727257 -0.000156660666 0.5 p-1 -837772 99
183 206 m2 732004 -0.000428253232 0.5 p-1 -237433 58
76 207 m2 735632 -0.00223238836 0.5 p-1 -12896577 1323
165 208 m2 735679 -0.000664080435 0.5 p-1 -856971 211
30 210 m2 740382 -0.0227164309 0.5 p-1 -5441852 1921
160 211 m2 744043 -0.0019133247 0.5 p-1 -9854 27
298 212 m2 748265 -0.00816754997 0.5 p-1 -43471 12
107 213 m2 748618 -0.00473759091 0.5 p-1 -2781833 299
61 214 m2 750107 -0.00107977877 0.5 p-1 -2201742 983
31 215 m2 759791 -0.000496900757 0.5 p-1 -2328005 488
169 217 m2 765626 -1.62656252e-05 0.5 p-1 -1428508 103
270 218 m2 765979 -0.000627384114 0.5 p-1 -16283 3
128 221 m2 772872 -0.0170404594 0.5 p-1 -1800282 194
62 222 m2 778292 -0.00816320814 0.5 p-1 -237154 141
318 223 m2 782987 -0.0084320195 0.5 p-1 -52280 3
32 224 m2 790316 -0.000435334427 0.5 p-1 -963845 903
64 225 m2 792446 -0.00307976943 0.5 p-1 -3642919 1155
148 226 m2 794817 -0.00529503124 0.5 p-1 -215551 49
140 227 m2 796378 -7.78286121e-05 0.5 p-1 -65186 7
171 228 m2 797506 -0.000309090712 0.5 p-1 -440130 89
108 230 m2 798708 -0.00107720715 0.5 p-1 -3091014 449
33 231 m2 799496 -0.00918782689 0.5 p-1 -4374263 1131
166 232 m2 803740 -0.00978168659 0.5 p-1 -3758530 66
232 233 m2 806539 -0.0160222743 0.5 p-1 -256817 17
77 235 m2 813330 -3.77394933e-08 0.5 p-1 -211537 72
195 236 m2 823903 -0.00445837248 0.5 p-1 -1675374 93
34 237 m2 831542 -0.00241104397 0.5 p-1 -827327 119
36 238 m2 837520 -0.0274343882 0.5 p-1 -6486641 1377
216 240 m2 840630 -0.0109181255 0.5 p-1 -31932 26
37 241 m2 841645 -7.26674261e-05 0.5 p-1 -3213178 1290
305 242 m2 845988 -0.000387060601 0.5 p-1 -37257 6
167 243 m2 846021 -1.81045809e-08 0.5 p-1 -391647 327
262 244 m2 847583 -0.00107225578 0.5 p-1 -102041 11
300 245 m2 853617 -1.46160306e-11 0.5 p-1 -19478 3
296 246 m2 853699 -0.000176574089 0.5 p-1 -234929 6
309 247 m2 854024 -4.43649988e-05 0.5 p-1 -3405 1
213 248 m2 854155 -0.00859897863 0.5 p-1 -343798 40
301 249 m2 854688 -0.00572087429 0.5 p-1 -28359 2
214 251 m2 856011 -0.000947779743 0.5 p-1 -69368 16
219 253 m2 858615 -0.00382782123 0.5 p-1 -56788 21
281 255 m2 864193 -0.00244759 0.5 p-1 -9368 4
198 256 m2 867671 -0.00870218594 0.5 p-1 -9193941 77
204 257 m2 877265 -0.000432808243 0.5 p-1 -704123 13
38 258 m2 879102 -0.00487086317 0.5 p-1 -2698566 759
172 259 m2 879184 -0.0407457426 0.5 p-1 -112588 92
39 260 m2 884155 -0.00135928451 0.5 p-1 -1727260 255
129 261 m2 886464 -0.0707808658 0.5 p-1 -622324 118
209 262 m2 886621 -0.000280112872 0.5 p-1 -6110 9
96 263 m2 887824 -0.0290576126 0.5 p-1 -136584 37
241 264 m2 890690 -0.00197028951 0.5 p-1 -21330 29
233 266 m2 895876 -0.0220501572 0.5 p-1 -883597 50
120 267 m2 897426 -0.0200714413 0.5 p-1 -218782 100
113 268 m2 899825 -0.0186455082 0.5 p-1 -359597 245
40 269 m2 900641 -0.0567586906 0.5 p-1 -2285746 947
239 270 m2 902109 -0.00205965666 0.5 p-1 -865596 28
67 271 m2 907913 -0.00133091537 0.5 p-1 -777318 615
325 273 m2 916041 -2.09030622e-05 0.5 p-1 -471 1
184 275 m2 917721 -0.0222473033 0.5 p-1 -165985 88
68 276 m2 919285 -0.00653648842 0.5 p-1 -660277 504
78 277 m2 922895 -3.18569801e-05 0.5 p-1 -995805 379
41 279 m2 927116 -0.0824819282 0.5 p-1 -1588458 445
141 280 m2 927677 -2.71250665e-05 0.5 p-1 -4920454 243
252 281 m2 941472 -0.00844884105 0.5 p-1 -321550 9
173 282 m2 960779 -0.0294002499 0.5 p-1 -1602898 110
79 283 m2 962365 -0.00229941402 0.5 p-1 -558329 192
212 284 m2 969634 -4.75663692e-05 0.5 p-1 -841246 58
196 285 m2 970921 -0.00251782732 0.5 p-1 -155875 72
121 286 m2 976321 -0.00757070538 0.5 p-1 -314110 169
69 287 m2 980846 -0.0101347361 0.5 p-1 -795705 190
156 288 m2 981164 -0.00750922598 0.5 p-1 -247126 127
43 289 m2 981352 -0.00920283515 0.5 p-1 -1943629 1893
192 291 m2 995110 -9.64383216e-05 0.5 p-1 -303163 39
311 292 m2 161462 -0.0184203573 0.5 p0 2 2
324 295 m2 267042 -8.02710565e-06 0.5 p0 2 1
312 297 m2 169316 -0.0426971018 0.5 p0 2 1
226 302 m2 341014 -0.000590078649 0.5 p0 2 7
220 306 m2 756244 -0.00419776933 0.5 p0 2 2
274 316 m2 988521 -0.00282152207 0.5 p0 2 4
284 317 m2 400672 -6.06612457e-06 0.5 p0 2 4
266 320 m2 896902 -0.000413362577 0.5 p0 2 1
254 321 m2 81032 -0.00181907869 0.5 p0 2 9
253 323 m2 968189 -0.00334686902 0.5 p0 2 1
306 325 m2 228673 -0.00812323391 0.5 p0 2 5
289 326 m2 648494 -0.00226419 0.5 p0 2 1
267 327 m2 976437 -0.00210344605 0.5 p0 2 1
328 330 m2 826778 -0.00586144021 0.5 p0 2 1
326 332 m2 682722 -0.0173320416 0.5 p0 2 1
206 337 m2 555618 -0.023272343 0.5 p0 2 7
304 338 m2 242891 -0.000298278348 0.5 p0 2 4
293 339 m2 581083 -0.000159746836 0.5 p0 2 3
313 343 m2 468706 -0.00446862215 0.5 p0 2 1
329 345 m2 498337 -0.00788801257 0.5 p0 2 1
302 346 m2 477415 -0.000169994441 0.5 p0 2 2
0 348 m1 966 0 0.5 p-1 -5620549 1888
114 349 m1 1936 0 0.5 p-1 -2488059 408
131 350 m1 7038 0 0.5 p-1 -17957 7
278 351 m1 7512 0 0.5 p-1 -41041 24
246 352 m1 12999 0 0.5 p-1 -73184 63
90 354 m1 48819 0 0.5 p-1 -1395944 176
122 355 m1 56854 0 0.5 p-1 -1468017 512
178 356 m1 64703 0 0.5 p-1 -24300 5
250 357 m1 67286 0 0.5 p-1 -14706 10
143 358 m1 67822 0 0.5 p-1 -503590 91
265 359 m1 72558 0 0.5 p-1 -179053 7
116 360 m1 82751 0 0.5 p-1 -10221 12
174 361 m1 87414 0 0.5 p-1 -75626 56
157 362 m1 95934 0 0.5 p-1 -86174 26
4 364 m1 124341 0 0.5 p-1 -1714179 1127
217 366 m1 138621 0 0.5 p-1 -257921 37
228 367 m1 139804 0 0.5 p-1 -249004 74
277 369 m1 143477 0 0.5 p-1 -93750 9
47 373 m1 190730 0 0.5 p-1 -291462 332
6 374 m1 196053 0 0.5 p-1 -3387696 1862
133 375 m1 197000 0 0.5 p-1 -2270150 473
287 376 m1 199844 0 0.5 p-1 -6049 7
231 377 m1 217559 0 0.5 p-1 -8755 10
118 378 m1 224036 0 0.5 p-1 -7046401 341
8 379 m1 228161 0 0.5 p-1 -7583973 1165
243 380 m1 230122 0 0.5 p-1 -250657 57
9 381 m1 247079 0 0.5 p-1 -10949917 1760
92 382 m1 262201 0 0.5 p-1 -8240516 517
149 384 m1 299385 0 0.5 p-1 -135948 111
187 385 m1 332957 0 0.5 p-1 -73508 42
224 386 m1 338594 0 0.5 p-1 -81683 16
135 387 m1 339915 0 0.5 p-1 -122217 181
15 388 m1 343237 0 0.5 p-1 -8763724 1361
257 390 m1 346720 0 0.5 p-1 -7613 1
85 391 m1 347582 0 0.5 p-1 -134482 49
168 392 m1 372634 0 0.5 p-1 -2936999 164
292 393 m1 384398 0 0.5 p-1 -7365 2
137 394 m1 385740 0 0.5 p-1 -383835 155
200 395 m1 401977 0 0.5 p-1 -305042 84
176 396 m1 410719 0 0.5 p-1 -327550 153
264 397 m1 412138 0 0.5 p-1 -6450 4
286 398 m1 419028 0 0.5 p-1 -691517 4
19 399 m1 425833 0 0.5 p-1 -2602429 273
189 400 m1 426777 0 0.5 p-1 -229258 149
260 401 m1 431831 0 0.5 p-1 -74250 6
102 403 m1 435742 0 0.5 p-1 -9724325 298
93 404 m1 436659 0 0.5 p-1 -2055817 206
152 407 m1 464308 0 0.5 p-1 -3284889 195
299 410 m1 501443 0 0.5 p-1 -11589 3
320 411 m1 503834 0 0.5 p-1 -540 1
315 412 m1 508633 0 0.5 p-1 -24905 6
103 413 m1 508874 0 0.5 p-1 -947246 292
307 414 m1 532890 0 0.5 p-1 -4458 4
153 415 m1 540781 0 0.5 p-1 -3459758 70
294 416 m1 541055 0 0.5 p-1 -7267 3
297 417 m1 563055 0 0.5 p-1 -143420 9
86 418 m1 580344 0 0.5 p-1 -566308 269
154 419 m1 591373 0 0.5 p-1 -1205058 215
87 420 m1 596357 0 0.5 p-1 -982817 315
88 421 m1 599064 0 0.5 p-1 -524676 428
158 422 m1 599164 0 0.5 p-1 -513926 107
280 423 m1 599386 0 0.5 p-1 -11069 6
139 424 m1 603436 0 0.5 p-1 -511611 34
104 425 m1 611020 0 0.5 p-1 -221864 72
155 426 m1 618097 0 0.5 p-1 -53287 52
74 428 m1 681501 0 0.5 p-1 -699586 248
303 430 m1 704618 0 0.5 p-1 -4110 2
317 431 m1 712162 0 0.5 p-1 -231 1
60 432 m1 719214 0 0.5 p-1 -1855563 828
63 434 m1 778993 0 0.5 p-1 -7733964 1121
283 436 m1 800593 0 0.5 p-1 -200 6
35 439 m1 836487 0 0.5 p-1 -12481 20
199 441 m1 854390 0 0.5 p-1 -54346 47
65 442 m1 855823 0 0.5 p-1 -3707116 975
66 444 m1 882759 0 0.5 p-1 -11117448 1506
201 445 m1 883773 0 0.5 p-1 -92290 87
97 446 m1 893419 0 0.5 p-1 -337485 139
271 447 m1 896226 0 0.5 p-1 -30813 2
321 448 m1 923841 0 0.5 p-1 -3694 1
272 449 m1 937379 0 0.5 p-1 -17316 12
42 450 m1 944763 0 0.5 p-1 -6555081 1722
185 451 m1 955223 0 0.5 p-1 -3397902 234
130 452 m1 958095 0 0.5 p-1 -1281634 205
177 453 m1 989172 0 0.5 p-1 -121421 61
Individuals:
