Mutations:
37 1 m2 16554 -0.00313826581 0.5 p-1 -1313535 598
256 2 m2 19401 -0.000410136563 0.5 p-1 -12825 22
60 3 m2 19847 -0.0108166905 0.5 p-1 -717724 328
76 4 m2 20730 -0.0238812771 0.5 p-1 -2271922 212
229 5 m2 26405 -0.00454898644 0.5 p-1 -32639 10
196 6 m2 33189 -4.30005429e-07 0.5 p-1 -296377 57
197 7 m2 40781 -0.00642583426 0.5 p-1 -18372 6
200 8 m2 41179 -0.00100680941 0.5 p-1 -391442 153
193 10 m2 45572 -0.0127473045 0.5 p-1 -161885 19
126 14 m2 60434 -0.00121575303 0.5 p-1 -184725 31
135 15 m2 63501 -4.19048229e-05 0.5 p-1 -50940 50
91 16 m2 73395 -0.00260783895 0.5 p-1 -2240757 1154
2 17 m2 73418 -0.0114805996 0.5 p-1 -2879818 667
62 20 m2 78780 -0.0197269693 0.5 p-1 -7881331 561
175 21 m2 87571 -0.00211810996 0.5 p-1 -436958 39
77 23 m2 89731 -0.00297558797 0.5 p-1 -512186 328
151 24 m2 92431 -0.00103566167 0.5 p-1 -5435484 478
239 25 m2 93462 -0.0301100034 0.5 p-1 -54958 10
39 27 m2 108493 -0.0255723726 0.5 p-1 -3581672 394
92 29 m2 110611 -0.0105602136 0.5 p-1 -527177 276
78 30 m2 112709 -0.0430609696 0.5 p-1 -3078411 425
203 33 m2 131486 -0.0358099155 0.5 p-1 -693172 67
40 34 m2 133119 -1.37915622e-05 0.5 p-1 -511751 58
4 35 m2 133407 -0.00558173098 0.5 p-1 -7397563 1588
262 36 m2 139767 -0.000111773108 0.5 p-1 -3624043 37
287 38 m2 140079 -1.23992772e-08 0.5 p-1 -743 2
177 39 m2 146452 -0.00733464165 0.5 p-1 -830936 114
106 40 m2 146548 -1.70340518e-05 0.5 p-1 -799948 168
258 41 m2 146747 -0.0112787588 0.5 p-1 -36579 27
278 42 m2 155035 -4.61927073e-07 0.5 p-1 -99726 8
280 44 m2 164567 -0.00557445409 0.5 p-1 -5331 3
120 46 m2 170759 -1.53031121e-09 0.5 p-1 -1306369 354
163 49 m2 184404 -0.0124820285 0.5 p-1 -5147734 199
93 50 m2 185645 -0.00494311471 0.5 p-1 -459992 19
201 51 m2 186234 -1.32128353e-05 0.5 p-1 -136587 6
63 52 m2 192218 -0.000278888299 0.5 p-1 -3740197 906
205 53 m2 205200 -0.000226225253 0.5 p-1 -159872 33
95 54 m2 209825 -0.00638206117 0.5 p-1 -1476563 239
155 55 m2 212738 -3.24607099e-05 0.5 p-1 -886641 58
41 59 m2 221911 -0.059087906 0.5 p-1 -2153875 837
79 60 m2 223157 -0.0210617427 0.5 p-1 -404092 286
254 61 m2 232665 -0.000189518905 0.5 p-1 -121387 46
43 63 m2 267270 -0.000152234905 0.5 p-1 -3116606 947
44 64 m2 274859 -0.00287505635 0.5 p-1 -1045108 144
65 65 m2 275275 -0.000285964168 0.5 p-1 -1372769 919
45 66 m2 279904 -0.00285008689 0.5 p-1 -4270426 738
114 67 m2 283514 -0.0375057086 0.5 p-1 -465219 460
250 68 m2 284598 -0.0453892723 0.5 p-1 -63220 22
271 69 m2 284703 -0.0023969966 0.5 p-1 -38803 10
263 70 m2 290972 -9.69056657e-08 0.5 p-1 -126779 14
147 71 m2 295560 -6.03207839e-09 0.5 p-1 -345893 89
202 72 m2 297265 -0.00262585096 0.5 p-1 -154925 45
128 74 m2 298864 -0.0116248317 0.5 p-1 -100785 31
7 75 m2 308581 -3.26737936e-05 0.5 p-1 -3526374 1854
8 76 m2 309020 -3.7939426e-06 0.5 p-1 -3808227 853
66 77 m2 316684 -0.00242034369 0.5 p-1 -223510 99
284 79 m2 321014 -0.0298515093 0.5 p-1 -1151 4
298 80 m2 326770 -5.49988499e-07 0.5 p-1 -16870 1
67 81 m2 327310 -0.054058671 0.5 p-1 -19789856 659
243 82 m2 332030 -0.000173198699 0.5 p-1 -17406 8
251 83 m2 335455 -2.13396197e-06 0.5 p-1 -25567 28
281 86 m2 344358 -0.00442016823 0.5 p-1 -10223 8
9 87 m2 347139 -0.0147207901 0.5 p-1 -1049591 415
208 88 m2 362138 -0.00932966452 0.5 p-1 -53472 35
274 89 m2 362593 -0.000935114687 0.5 p-1 -86989 7
10 91 m2 371952 -0.000385965395 0.5 p-1 -3037302 1857
80 93 m2 373780 -0.000516252127 0.5 p-1 -169707 276
220 94 m2 375787 -0.00656421063 0.5 p-1 -55232 27
140 95 m2 376171 -0.00595017755 0.5 p-1 -795201 189
68 96 m2 377060 -1.75139905e-06 0.5 p-1 -2716187 1067
96 97 m2 377831 -0.00334587321 0.5 p-1 -1759363 941
186 98 m2 380391 -0.00911491644 0.5 p-1 -558681 124
81 100 m2 383324 -0.00794204231 0.5 p-1 -1805465 587
172 101 m2 385248 -0.00277530216 0.5 p-1 -87156 100
259 102 m2 385431 -0.00215537404 0.5 p-1 -9119 15
285 103 m2 389525 -0.00334588834 0.5 p-1 -35850 5
212 104 m2 399535 -0.000220095084 0.5 p-1 -72945 12
11 105 m2 399771 -0.00981114805 0.5 p-1 -863716 1197
237 106 m2 403726 -0.00470152125 0.5 p-1 -8647 39
160 107 m2 407794 -0.000879035622 0.5 p-1 -471025 286
247 110 m2 416518 -0.00280939415 0.5 p-1 -179110 27
136 111 m2 419867 -0.0131861353 0.5 p-1 -55164 31
248 112 m2 422557 -0.038424816 0.5 p-1 -55909 14
141 113 m2 425834 -0.00280804443 0.5 p-1 -379 9
97 114 m2 427072 -0.0055806688 0.5 p-1 -584180 216
13 115 m2 428755 -4.07709704e-05 0.5 p-1 -4176038 1627
297 118 m2 434137 -0.00320727611 0.5 p-1 -10630 1
230 119 m2 439668 -0.000364996318 0.5 p-1 -1942999 34
14 120 m2 441183 -0.000421424513 0.5 p-1 -1647931 1537
231 122 m2 441505 -0.015098541 0.5 p-1 -39517 6
15 126 m2 453893 -0.000356287987 0.5 p-1 -2984012 856
16 127 m2 456591 -0.0295293331 0.5 p-1 -815750 417
295 129 m2 461286 -0.014305965 0.5 p-1 -12137 3
302 130 m2 467207 -4.38002608e-05 0.5 p-1 -105862 1
142 135 m2 473884 -0.0128863342 0.5 p-1 -13820 40
17 137 m2 481764 -0.000607129652 0.5 p-1 -10022859 574
194 141 m2 497144 -0.004452297 0.5 p-1 -152519 73
265 144 m2 514225 -0.000109218759 0.5 p-1 -25762 17
47 146 m2 516779 -0.000158783689 0.5 p-1 -4970555 1135
18 147 m2 518080 -0.00035692635 0.5 p-1 -7823533 1676
228 148 m2 522536 -1.67541339e-06 0.5 p-1 -143627 18
48 150 m2 534973 -0.01026149 0.5 p-1 -1580339 448
277 152 m2 543431 -0.0064697261 0.5 p-1 -150654 22
132 153 m2 546286 -1.5009663e-05 0.5 p-1 -11349001 182
217 154 m2 546805 -3.58509993e-07 0.5 p-1 -69569 53
266 155 m2 547384 -3.55028824e-05 0.5 p-1 -8499 12
221 156 m2 548259 -0.0140319504 0.5 p-1 -328685 22
149 157 m2 549898 -0.000162076452 0.5 p-1 -133159 64
189 158 m2 551435 -0.000803822826 0.5 p-1 -532932 104
174 159 m2 561704 -0.0104260109 0.5 p-1 -1178978 69
49 160 m2 568493 -0.00111810374 0.5 p-1 -161830 108
84 161 m2 574120 -0.000321769359 0.5 p-1 -1453222 143
70 162 m2 576773 -0.00116277277 0.5 p-1 -717626 399
108 163 m2 583495 -0.0126133515 0.5 p-1 -4875153 778
98 164 m2 593929 -3.09516366e-07 0.5 p-1 -3146937 138
71 166 m2 597683 -0.00817408599 0.5 p-1 -2274770 244
234 167 m2 598633 -1.72276771e-06 0.5 p-1 -220674 32
50 168 m2 599241 -2.68532058e-05 0.5 p-1 -5997133 776
226 169 m2 602092 -0.00313061243 0.5 p-1 -468245 93
51 170 m2 602586 -0.00739395432 0.5 p-1 -822646 338
86 171 m2 605987 -0.00314184348 0.5 p-1 -3074296 935
87 172 m2 609232 -0.0387260206 0.5 p-1 -950634 218
21 173 m2 614579 -4.15332543e-05 0.5 p-1 -2562000 1850
52 174 m2 616974 -0.0338809565 0.5 p-1 -150358 45
249 175 m2 617493 -8.15663148e-10 0.5 p-1 -103377 22
219 176 m2 618010 -0.0206666794 0.5 p-1 -435826 9
145 177 m2 619175 -0.00998421758 0.5 p-1 -372525 263
116 178 m2 627846 -0.00035045165 0.5 p-1 -94265 28
129 179 m2 628472 -1.03559205e-06 0.5 p-1 -6568440 346
191 182 m2 631795 -0.0276766177 0.5 p-1 -425844 126
121 183 m2 641157 -0.000453850866 0.5 p-1 -1568426 106
187 184 m2 646401 -2.51133588e-06 0.5 p-1 -122357 95
209 185 m2 649687 -0.0078490125 0.5 p-1 -3542 13
53 186 m2 654643 -0.00163796591 0.5 p-1 -6667951 1126
100 188 m2 657376 -0.00918995962 0.5 p-1 -251664 100
232 189 m2 670204 -0.0286339633 0.5 p-1 -56201 24
293 190 m2 670822 -0.00417643832 0.5 p-1 -28334 2
169 191 m2 672591 -0.00748723792 0.5 p-1 -272665 116
101 193 m2 676620 -0.012213924 0.5 p-1 -5752896 780
102 194 m2 678521 -0.0191249102 0.5 p-1 -4775135 141
117 196 m2 684793 -0.00366736832 0.5 p-1 -369627 136
143 197 m2 707560 -8.42116879e-06 0.5 p-1 -709663 419
54 198 m2 707572 -0.00224570208 0.5 p-1 -848312 441
260 200 m2 708246 -0.0106704151 0.5 p-1 -223573 17
133 201 m2 720452 -0.000200828566 0.5 p-1 -368163 95
22 202 m2 723054 -1.79408325e-05 0.5 p-1 -559303 71
103 203 m2 724802 -2.8249784e-05 0.5 p-1 -180081 118
170 204 m2 725024 -0.00560441799 0.5 p-1 -16543 17
118 205 m2 727257 -0.000156660666 0.5 p-1 -837772 64
138 206 m2 732004 -0.000428253232 0.5 p-1 -237433 77
23 207 m2 735632 -0.00223238836 0.5 p-1 -12896577 1318
123 208 m2 735679 -0.000664080435 0.5 p-1 -856971 189
24 210 m2 740382 -0.0227164309 0.5 p-1 -5441852 1988
255 211 m2 744043 -0.0019133247 0.5 p-1 -9854 6
289 212 m2 748265 -0.00816754997 0.5 p-1 -43471 2
55 213 m2 748618 -0.00473759091 0.5 p-1 -2781833 281
56 214 m2 750107 -0.00107977877 0.5 p-1 -2201742 916
57 215 m2 759791 -0.000496900757 0.5 p-1 -2328005 493
215 216 m2 762762 -0.0181647819 0.5 p-1 -62900 12
185 217 m2 765626 -1.62656252e-05 0.5 p-1 -1428508 102
130 221 m2 772872 -0.0170404594 0.5 p-1 -1800282 180
88 222 m2 778292 -0.00816320814 0.5 p-1 -237154 96
26 224 m2 790316 -0.000435334427 0.5 p-1 -963845 897
27 225 m2 792446 -0.00307976943 0.5 p-1 -3642919 1262
28 226 m2 794817 -0.00529503124 0.5 p-1 -215551 61
134 228 m2 797506 -0.000309090712 0.5 p-1 -440130 111
157 230 m2 798708 -0.00107720715 0.5 p-1 -3091014 402
73 231 m2 799496 -0.00918782689 0.5 p-1 -4374263 1154
109 232 m2 803740 -0.00978168659 0.5 p-1 -3758530 85
165 233 m2 806539 -0.0160222743 0.5 p-1 -256817 6
195 235 m2 813330 -3.77394933e-08 0.5 p-1 -211537 102
261 236 m2 823903 -0.00445837248 0.5 p-1 -1675374 56
131 237 m2 831542 -0.00241104397 0.5 p-1 -827327 150
29 238 m2 837520 -0.0274343882 0.5 p-1 -6486641 1376
158 240 m2 840630 -0.0109181255 0.5 p-1 -31932 70
30 241 m2 841645 -7.26674261e-05 0.5 p-1 -3213178 1348
223 242 m2 845988 -0.000387060601 0.5 p-1 -37257 6
58 243 m2 846021 -1.81045809e-08 0.5 p-1 -391647 334
296 244 m2 847583 -0.00107225578 0.5 p-1 -102041 1
283 247 m2 854024 -4.43649988e-05 0.5 p-1 -3405 7
245 248 m2 854155 -0.00859897863 0.5 p-1 -343798 10
159 249 m2 854688 -0.00572087429 0.5 p-1 -28359 16
244 253 m2 858615 -0.00382782123 0.5 p-1 -56788 21
216 254 m2 864161 -0.086551927 0.5 p-1 -7904 3
192 255 m2 864193 -0.00244759 0.5 p-1 -9368 8
180 256 m2 867671 -0.00870218594 0.5 p-1 -9193941 88
146 257 m2 877265 -0.000432808243 0.5 p-1 -704123 6
32 258 m2 879102 -0.00487086317 0.5 p-1 -2698566 833
181 259 m2 879184 -0.0407457426 0.5 p-1 -112588 73
74 260 m2 884155 -0.00135928451 0.5 p-1 -1727260 243
214 261 m2 886464 -0.0707808658 0.5 p-1 -622324 89
276 262 m2 886621 -0.000280112872 0.5 p-1 -6110 2
236 263 m2 887824 -0.0290576126 0.5 p-1 -136584 37
210 264 m2 890690 -0.00197028951 0.5 p-1 -21330 24
183 266 m2 895876 -0.0220501572 0.5 p-1 -883597 38
188 267 m2 897426 -0.0200714413 0.5 p-1 -218782 51
110 268 m2 899825 -0.0186455082 0.5 p-1 -359597 260
111 269 m2 900641 -0.0567586906 0.5 p-1 -2285746 869
124 270 m2 902109 -0.00205965666 0.5 p-1 -865596 10
34 271 m2 907913 -0.00133091537 0.5 p-1 -777318 633
59 275 m2 917721 -0.0222473033 0.5 p-1 -165985 125
125 276 m2 919285 -0.00653648842 0.5 p-1 -660277 438
89 277 m2 922895 -3.18569801e-05 0.5 p-1 -995805 406
75 279 m2 927116 -0.0824819282 0.5 p-1 -1588458 487
90 280 m2 927677 -2.71250665e-05 0.5 p-1 -4920454 224
270 281 m2 941472 -0.00844884105 0.5 p-1 -321550 18
171 282 m2 960779 -0.0294002499 0.5 p-1 -1602898 99
119 283 m2 962365 -0.00229941402 0.5 p-1 -558329 173
227 284 m2 969634 -4.75663692e-05 0.5 p-1 -841246 55
233 285 m2 970921 -0.00251782732 0.5 p-1 -155875 14
182 286 m2 976321 -0.00757070538 0.5 p-1 -314110 124
178 287 m2 980846 -0.0101347361 0.5 p-1 -795705 112
112 288 m2 981164 -0.00750922598 0.5 p-1 -247126 97
36 289 m2 981352 -0.00920283515 0.5 p-1 -1943629 1901
206 291 m2 995110 -9.64383216e-05 0.5 p-1 -303163 48
275 293 m2 128728 -0.01849043 0.5 p0 2 5
286 296 m2 996417 -0.00220612832 0.5 p0 2 2
246 298 m2 316127 -0.00805205386 0.5 p0 2 10
304 300 m2 729473 -0.00418602908 0.5 p0 2 1
240 305 m2 721843 -0.00869578589 0.5 p0 2 7
294 314 m2 105830 -0.00500395661 0.5 p0 2 1
272 320 m2 896902 -0.000413362577 0.5 p0 2 6
292 325 m2 228673 -0.00812323391 0.5 p0 2 2
300 330 m2 826778 -0.00586144021 0.5 p0 2 1
273 334 m2 337576 -0.00474627037 0.5 p0 2 16
303 345 m2 498337 -0.00788801257 0.5 p0 2 2
0 348 m1 966 0 0.5 p-1 -5620549 1907
1 349 m1 1936 0 0.5 p-1 -2488059 378
279 350 m1 7038 0 0.5 p-1 -17957 7
241 351 m1 7512 0 0.5 p-1 -41041 17
218 352 m1 12999 0 0.5 p-1 -73184 58
156 353 m1 37840 0 0.5 p-1 -4824 10
61 354 m1 48819 0 0.5 p-1 -1395944 282
38 355 m1 56854 0 0.5 p-1 -1468017 447
173 356 m1 64703 0 0.5 p-1 -24300 34
207 357 m1 67286 0 0.5 p-1 -14706 19
154 358 m1 67822 0 0.5 p-1 -503590 42
104 359 m1 72558 0 0.5 p-1 -179053 7
267 361 m1 87414 0 0.5 p-1 -75626 33
225 362 m1 95934 0 0.5 p-1 -86174 12
3 364 m1 124341 0 0.5 p-1 -1714179 1143
105 365 m1 133787 0 0.5 p-1 -33060 3
176 366 m1 138621 0 0.5 p-1 -257921 60
224 367 m1 139804 0 0.5 p-1 -249004 61
204 369 m1 143477 0 0.5 p-1 -93750 3
290 372 m1 169509 0 0.5 p-1 -30276 3
113 373 m1 190730 0 0.5 p-1 -291462 384
5 374 m1 196053 0 0.5 p-1 -3387696 1824
94 375 m1 197000 0 0.5 p-1 -2270150 498
127 378 m1 224036 0 0.5 p-1 -7046401 280
64 379 m1 228161 0 0.5 p-1 -7583973 1147
198 380 m1 230122 0 0.5 p-1 -250657 97
6 381 m1 247079 0 0.5 p-1 -10949917 1805
42 382 m1 262201 0 0.5 p-1 -8240516 601
139 384 m1 299385 0 0.5 p-1 -135948 100
242 385 m1 332957 0 0.5 p-1 -73508 8
253 386 m1 338594 0 0.5 p-1 -81683 17
168 387 m1 339915 0 0.5 p-1 -122217 246
46 388 m1 343237 0 0.5 p-1 -8763724 1444
288 389 m1 346175 0 0.5 p-1 -758 2
257 390 m1 346720 0 0.5 p-1 -7613 9
235 391 m1 347582 0 0.5 p-1 -134482 30
184 392 m1 372634 0 0.5 p-1 -2936999 177
115 394 m1 385740 0 0.5 p-1 -383835 160
148 395 m1 401977 0 0.5 p-1 -305042 104
82 396 m1 410719 0 0.5 p-1 -327550 121
264 397 m1 412138 0 0.5 p-1 -6450 28
12 399 m1 425833 0 0.5 p-1 -2602429 233
69 400 m1 426777 0 0.5 p-1 -229258 94
213 401 m1 431831 0 0.5 p-1 -74250 12
291 402 m1 433992 0 0.5 p-1 -272 2
161 403 m1 435742 0 0.5 p-1 -9724325 268
83 404 m1 436659 0 0.5 p-1 -2055817 207
162 407 m1 464308 0 0.5 p-1 -3284889 253
299 410 m1 501443 0 0.5 p-1 -11589 1
301 411 m1 503834 0 0.5 p-1 -540 1
107 413 m1 508874 0 0.5 p-1 -947246 297
252 414 m1 532890 0 0.5 p-1 -4458 4
179 415 m1 540781 0 0.5 p-1 -3459758 135
222 417 m1 563055 0 0.5 p-1 -143420 23
152 418 m1 580344 0 0.5 p-1 -566308 308
85 419 m1 591373 0 0.5 p-1 -1205058 227
19 420 m1 596357 0 0.5 p-1 -982817 238
20 421 m1 599064 0 0.5 p-1 -524676 322
199 422 m1 599164 0 0.5 p-1 -513926 83
190 423 m1 599386 0 0.5 p-1 -11069 25
238 424 m1 603436 0 0.5 p-1 -511611 38
137 425 m1 611020 0 0.5 p-1 -221864 114
99 426 m1 618097 0 0.5 p-1 -53287 104
122 428 m1 681501 0 0.5 p-1 -699586 331
72 432 m1 719214 0 0.5 p-1 -1855563 795
25 434 m1 778993 0 0.5 p-1 -7733964 1152
268 436 m1 800593 0 0.5 p-1 -200 7
305 438 m1 831315 0 0.5 p-1 -39746 1
269 439 m1 836487 0 0.5 p-1 -12481 32
211 441 m1 854390 0 0.5 p-1 -54346 32
31 442 m1 855823 0 0.5 p-1 -3707116 889
33 444 m1 882759 0 0.5 p-1 -11117448 1492
153 445 m1 883773 0 0.5 p-1 -92290 49
166 446 m1 893419 0 0.5 p-1 -337485 83
282 447 m1 896226 0 0.5 p-1 -30813 4
144 449 m1 937379 0 0.5 p-1 -17316 3
35 450 m1 944763 0 0.5 p-1 -6555081 1620
150 451 m1 955223 0 0.5 p-1 -3397902 210
167 452 m1 958095 0 0.5 p-1 -1281634 229
164 453 m1 989172 0 0.5 p-1 -121421 55
Individuals:
