Mutations:
34 0 m2 1231 -0.00080172898 0.5 p-1 -7645466 1503
35 1 m2 3175 -0.0148668271 0.5 p-1 -1214930 1012
0 2 m2 8961 -7.37684168e-05 0.5 p-1 -1951837 1224
1 3 m2 10089 -2.4919631e-05 0.5 p-1 -4794337 970
138 4 m2 11808 -1.27802823e-05 0.5 p-1 -613610 23
139 6 m2 14084 -0.00248933421 0.5 p-1 -263978 302
2 7 m2 19688 -0.00944394246 0.5 p-1 -4600892 1797
190 8 m2 24497 -0.000130752596 0.5 p-1 -184253 19
123 10 m2 34500 -0.0241124891 0.5 p-1 -235014 135
162 12 m2 48140 -0.0047394447 0.5 p-1 -398981 95
109 14 m2 60013 -0.132834598 0.5 p-1 -1830123 201
192 15 m2 60362 -0.00320520392 0.5 p-1 -25488 23
4 16 m2 62904 -0.000243768853 0.5 p-1 -5892079 1922
5 17 m2 68667 -0.0116940103 0.5 p-1 -35721 75
208 18 m2 71912 -4.07834023e-06 0.5 p-1 -63906 7
6 19 m2 79140 -0.00460541435 0.5 p-1 -2153139 430
81 20 m2 79863 -0.00197226251 0.5 p-1 -793918 209
164 21 m2 89770 -0.00231631682 0.5 p-1 -6703037 150
82 24 m2 103434 -3.07754308e-05 0.5 p-1 -5212896 334
217 26 m2 112476 -1.87674541e-05 0.5 p-1 -8277929 12
36 27 m2 116362 -0.0755829588 0.5 p-1 -1648693 727
37 28 m2 118289 -0.00385948573 0.5 p-1 -4115779 933
152 29 m2 119316 -0.000200187293 0.5 p-1 -24577 19
248 31 m2 134912 -0.00161913899 0.5 p-1 -2105 1
245 32 m2 138896 -0.0317417979 0.5 p-1 -138221 3
214 33 m2 154373 -0.00249115587 0.5 p-1 -3517 2
177 36 m2 160869 -0.00572789786 0.5 p-1 -84204 19
225 37 m2 165958 -0.0404112116 0.5 p-1 -5857 10
38 39 m2 176281 -0.00240853522 0.5 p-1 -2039494 647
202 40 m2 184367 -0.00845448021 0.5 p-1 -238403 8
110 41 m2 188615 -0.013154177 0.5 p-1 -314722 308
247 42 m2 207142 -0.000537022832 0.5 p-1 -29624 4
184 43 m2 213671 -0.00488863653 0.5 p-1 -132681 52
261 45 m2 214928 -0.00155167736 0.5 p-1 -29125 2
167 46 m2 216559 -0.00452958466 0.5 p-1 -73680 28
205 49 m2 229301 -0.000128364598 0.5 p-1 -61065 13
147 51 m2 251557 -0.00892417133 0.5 p-1 -1087270 157
8 52 m2 251725 -0.00664976332 0.5 p-1 -4705947 834
176 55 m2 262163 -0.0064827092 0.5 p-1 -19464 22
72 56 m2 262521 -1.11346199e-09 0.5 p-1 -707143 323
144 59 m2 267651 -0.0162247028 0.5 p-1 -352555 82
183 61 m2 276516 -0.00622100616 0.5 p-1 -236841 32
285 62 m2 276991 -0.00436046999 0.5 p-1 -10008 1
130 63 m2 279766 -0.000441381766 0.5 p-1 -775010 549
111 64 m2 292709 -0.00147994992 0.5 p-1 -2419734 60
241 65 m2 297547 -0.000335963123 0.5 p-1 -13690 2
103 66 m2 298727 -0.00208796421 0.5 p-1 -670846 176
39 67 m2 301747 -0.00294766156 0.5 p-1 -2700600 1471
92 68 m2 302879 -0.000287182571 0.5 p-1 -80104 143
211 69 m2 305043 -0.00801861659 0.5 p-1 -289741 29
104 71 m2 314691 -0.000269928656 0.5 p-1 -48272 17
40 72 m2 315503 -0.000693023379 0.5 p-1 -4444904 321
9 73 m2 316176 -0.00198813621 0.5 p-1 -954116 290
140 74 m2 316906 -1.74336346e-05 0.5 p-1 -1033517 193
10 75 m2 317166 -0.00101102761 0.5 p-1 -4385029 1456
112 76 m2 317366 -0.0155752646 0.5 p-1 -588191 171
125 77 m2 318466 -0.000144946142 0.5 p-1 -4199 5
193 78 m2 323333 -0.000133807014 0.5 p-1 -228177 50
150 79 m2 324055 -0.0258740243 0.5 p-1 -98144 15
83 80 m2 325745 -0.000327431335 0.5 p-1 -296458 27
11 81 m2 331445 -0.00947157759 0.5 p-1 -1271778 452
220 84 m2 335142 -0.000756009656 0.5 p-1 -279581 13
57 85 m2 339122 -0.00112968031 0.5 p-1 -708600 485
243 86 m2 340689 -1.40473694e-05 0.5 p-1 -17599 14
186 87 m2 343196 -0.00255585299 0.5 p-1 -191277 86
198 88 m2 344144 -0.00128823158 0.5 p-1 -23647 8
88 89 m2 346140 -0.00029374435 0.5 p-1 -344953 253
12 90 m2 353029 -0.0208291709 0.5 p-1 -2989572 1975
223 92 m2 358283 -0.00041189816 0.5 p-1 -12225 6
142 93 m2 361375 -0.00745160319 0.5 p-1 -268271 138
222 94 m2 363965 -0.00113458862 0.5 p-1 -5127309 10
226 95 m2 364124 -0.0196263809 0.5 p-1 -34325 14
246 96 m2 371880 -0.0012454621 0.5 p-1 -37218 6
74 97 m2 380015 -0.000712774927 0.5 p-1 -560686 371
58 98 m2 382997 -0.00743887294 0.5 p-1 -5327129 405
148 99 m2 389870 -0.0115532726 0.5 p-1 -140935 36
75 100 m2 392734 -6.70690497e-05 0.5 p-1 -3120220 368
76 102 m2 398468 -0.00267570745 0.5 p-1 -3315971 394
165 103 m2 403454 -0.00532808155 0.5 p-1 -37104 10
218 104 m2 403780 -6.36830737e-05 0.5 p-1 -30759 5
43 105 m2 408748 -0.0134795206 0.5 p-1 -524905 202
105 108 m2 410981 -0.00362602295 0.5 p-1 -305254 63
13 109 m2 418279 -2.34172276e-07 0.5 p-1 -2145648 1053
44 110 m2 420774 -6.58647477e-05 0.5 p-1 -222182 253
204 111 m2 422701 -0.00286685419 0.5 p-1 -10120 3
59 112 m2 425137 -1.67564838e-06 0.5 p-1 -1045169 105
209 113 m2 427793 -0.0471000448 0.5 p-1 -7558 2
156 114 m2 428205 -0.000630817143 0.5 p-1 -1375 15
14 115 m2 435577 -0.0109603042 0.5 p-1 -8274047 1994
133 116 m2 443441 -0.00133170863 0.5 p-1 -1145925 335
157 117 m2 453609 -0.0101756779 0.5 p-1 -25205 26
61 118 m2 459911 -0.00120039377 0.5 p-1 -2910997 1083
141 121 m2 469087 -0.00658264803 0.5 p-1 -111617 41
207 122 m2 469391 -0.0253741685 0.5 p-1 -16274 7
45 123 m2 469787 -0.014729741 0.5 p-1 -38068 9
233 124 m2 470271 -0.0132572558 0.5 p-1 -1271 3
145 125 m2 470430 -0.000782476156 0.5 p-1 -389120 71
16 126 m2 476509 -0.0372714512 0.5 p-1 -4228614 1077
93 127 m2 484732 -0.121992543 0.5 p-1 -461403 363
17 129 m2 485511 -0.0229887161 0.5 p-1 -3431673 1960
62 130 m2 487768 -0.00994762033 0.5 p-1 -217951 161
188 131 m2 495006 -0.00936124846 0.5 p-1 -165162 56
281 132 m2 498509 -0.0233227462 0.5 p-1 -3029 1
137 134 m2 510649 -0.00606248155 0.5 p-1 -10567 6
89 136 m2 521143 -0.0420481339 0.5 p-1 -4361471 444
221 137 m2 522624 -0.0811717361 0.5 p-1 -34898 4
18 138 m2 523844 -0.00100599614 0.5 p-1 -2708401 1395
63 139 m2 523901 -4.40707436e-06 0.5 p-1 -1201152 1092
199 140 m2 527159 -0.00126458553 0.5 p-1 -27407 18
196 141 m2 534084 -0.000564648537 0.5 p-1 -23820 18
90 142 m2 536768 -0.0137637947 0.5 p-1 -488210 32
64 144 m2 551086 -5.94153535e-05 0.5 p-1 -107066 26
46 147 m2 568007 -0.00943254493 0.5 p-1 -227305 113
98 148 m2 570078 -0.00617748452 0.5 p-1 -1000334 283
94 150 m2 577675 -0.00632537249 0.5 p-1 -7293467 387
118 151 m2 578807 -0.0605977699 0.5 p-1 -3599794 46
203 152 m2 585047 -0.00033918058 0.5 p-1 -17351 15
232 153 m2 590599 -0.00253749778 0.5 p-1 -18389 8
21 154 m2 594034 -0.0272596721 0.5 p-1 -5790507 1190
47 155 m2 594308 -0.0174575318 0.5 p-1 -1771925 980
238 156 m2 598152 -0.00111067109 0.5 p-1 -32966 1
65 157 m2 602177 -0.0202868786 0.5 p-1 -294624 262
160 158 m2 605448 -0.0518630035 0.5 p-1 -17311 26
163 159 m2 608072 -0.00410630461 0.5 p-1 -126922 15
158 160 m2 610681 -0.00116612553 0.5 p-1 -705900 29
239 162 m2 624661 -0.0156570021 0.5 p-1 -9433 3
84 163 m2 629399 -0.000889164919 0.5 p-1 -5560897 551
170 166 m2 633209 -0.00919276942 0.5 p-1 -318540 9
85 168 m2 638688 -0.00064148003 0.5 p-1 -64159 94
240 169 m2 639663 -0.000166122234 0.5 p-1 -194989 2
22 170 m2 647860 -0.00135216571 0.5 p-1 -5409471 1793
262 171 m2 648197 -0.0131080169 0.5 p-1 -4880 1
48 173 m2 649855 -4.28618796e-06 0.5 p-1 -101374 40
106 174 m2 651760 -0.00224380218 0.5 p-1 -2416069 148
49 175 m2 653201 -0.0334673673 0.5 p-1 -3914361 928
23 176 m2 668144 -0.0116785169 0.5 p-1 -1551525 865
228 178 m2 676387 -0.00400361745 0.5 p-1 -22144 3
229 179 m2 679145 -1.47776857e-08 0.5 p-1 -23393 25
102 181 m2 683186 -4.01723355e-06 0.5 p-1 -5976789 143
86 182 m2 685652 -0.000282613066 0.5 p-1 -732976 146
66 183 m2 689325 -3.94434646e-05 0.5 p-1 -899619 200
189 184 m2 694315 -0.012321867 0.5 p-1 -45326 39
115 185 m2 703694 -0.0229058284 0.5 p-1 -817230 371
24 186 m2 704651 -0.00048502846 0.5 p-1 -2505901 520
100 187 m2 707851 -0.00486115366 0.5 p-1 -1904329 450
264 188 m2 710107 -0.0119945975 0.5 p-1 -4029 2
231 189 m2 712137 -0.00834114105 0.5 p-1 -199915 8
129 190 m2 712250 -0.00593736069 0.5 p-1 -28776 17
143 191 m2 718437 -0.00159772276 0.5 p-1 -151636 95
25 192 m2 718644 -0.000761255214 0.5 p-1 -195314 115
87 194 m2 751107 -0.00866438169 0.5 p-1 -345843 159
67 195 m2 752782 -0.00130927493 0.5 p-1 -303359 210
101 197 m2 759881 -0.00914826337 0.5 p-1 -413700 107
95 199 m2 773199 -0.0220429935 0.5 p-1 -957400 192
68 200 m2 773498 -0.0138456021 0.5 p-1 -289513 244
27 201 m2 785428 -0.000780942675 0.5 p-1 -1842829 1083
259 202 m2 785772 -1.95319062e-05 0.5 p-1 -353 3
50 203 m2 788296 -0.000188388818 0.5 p-1 -995901 127
51 204 m2 788822 -0.00121564791 0.5 p-1 -208023 79
119 205 m2 789295 -0.0126096345 0.5 p-1 -221755 112
178 206 m2 792020 -0.00748058083 0.5 p-1 -50815 14
117 207 m2 798158 -0.0145086236 0.5 p-1 -11463924 278
77 208 m2 799415 -0.000773972948 0.5 p-1 -2498066 1318
216 209 m2 801281 -0.000798758119 0.5 p-1 -50764 4
78 210 m2 801928 -0.00214487803 0.5 p-1 -1409166 314
28 212 m2 808490 -1.5967079e-07 0.5 p-1 -1824368 536
124 213 m2 809817 -0.0083765192 0.5 p-1 -807089 179
30 214 m2 810926 -0.00780294742 0.5 p-1 -1452237 383
154 215 m2 810975 -2.93583253e-05 0.5 p-1 -61089 71
31 218 m2 815885 -0.0291205272 0.5 p-1 -9698714 1097
32 221 m2 824595 -0.000272970821 0.5 p-1 -1082739 973
260 223 m2 841944 -0.00163522421 0.5 p-1 -2355 2
69 224 m2 850814 -0.0256395899 0.5 p-1 -1305357 1342
175 225 m2 854990 -0.00183345063 0.5 p-1 -33878 7
79 226 m2 861350 -0.00317994924 0.5 p-1 -174937 28
96 227 m2 870091 -0.000725123915 0.5 p-1 -307834 43
159 228 m2 878630 -1.07939322e-05 0.5 p-1 -38603 5
80 231 m2 896357 -0.0239208341 0.5 p-1 -1938196 337
266 232 m2 898981 -0.0275425259 0.5 p-1 -27889 2
53 233 m2 902849 -1.47731407e-06 0.5 p-1 -2105904 1134
131 234 m2 908467 -0.0673262551 0.5 p-1 -144834 53
277 237 m2 915536 -0.0010019138 0.5 p-1 -9320 1
70 238 m2 918893 -8.08182358e-06 0.5 p-1 -3955777 752
219 240 m2 923343 -0.00456575071 0.5 p-1 -397 1
179 242 m2 932234 -2.35157017e-06 0.5 p-1 -63198 13
108 244 m2 941069 -0.00761090824 0.5 p-1 -1845652 251
271 245 m2 947828 -0.0455232635 0.5 p-1 -17709 4
153 246 m2 950619 -0.00319999177 0.5 p-1 -16802 5
135 247 m2 953249 -1.62115384e-06 0.5 p-1 -25763 20
169 248 m2 957412 -0.0028325317 0.5 p-1 -39671 13
54 249 m2 958602 -0.000479366397 0.5 p-1 -137971 185
275 250 m2 961558 -0.0281888731 0.5 p-1 -15033 1
146 251 m2 965484 -0.00159551541 0.5 p-1 -737659 57
212 253 m2 971463 -0.000734146044 0.5 p-1 -78719 24
180 254 m2 975580 -3.58453963e-06 0.5 p-1 -208714 73
230 255 m2 987025 -0.0407646745 0.5 p-1 -212065 11
182 256 m2 987260 -0.00225311029 0.5 p-1 -124545 35
210 257 m2 994287 -0.000821921567 0.5 p-1 -13364 25
235 258 m2 370817 -0.000509924197 0.5 p0 2 5
253 261 m2 460866 -0.000178388858 0.5 p0 2 2
278 262 m2 714313 -9.61067371e-07 0.5 p0 2 1
200 263 m2 218287 -0.000996529474 0.5 p0 2 2
265 264 m2 300724 -6.80028779e-06 0.5 p0 2 1
251 265 m2 740040 -0.0183521844 0.5 p0 2 1
258 266 m2 360039 -0.00262433919 0.5 p0 2 1
274 267 m2 56749 -0.000387499982 0.5 p0 2 1
282 270 m2 383125 -6.44937827e-05 0.5 p0 2 1
256 273 m2 967672 -0.0139055829 0.5 p0 2 2
254 274 m2 395316 -0.0165097918 0.5 p0 2 2
252 276 m2 906254 -0.0102806147 0.5 p0 2 1
151 277 m2 6669 -0.00195120112 0.5 p0 2 7
181 281 m2 436002 -0.0615603961 0.5 p0 2 1
286 282 m2 457692 -0.00501698302 0.5 p0 2 1
206 288 m2 532599 -0.00259954832 0.5 p0 2 15
280 289 m2 112693 -0.00151419558 0.5 p0 2 1
279 291 m2 296228 -0.0080305906 0.5 p0 2 1
270 292 m2 69472 -0.00752434367 0.5 p0 2 1
237 293 m2 669393 -0.000413267466 0.5 p0 2 6
284 299 m2 892669 -0.0205632709 0.5 p0 2 1
197 302 m2 293203 -7.93698916e-07 0.5 p0 2 2
250 306 m2 424135 -0.00100769615 0.5 p0 2 3
269 307 m2 710060 -0.000199299335 0.5 p0 2 1
234 308 m2 289788 -0.00843631569 0.5 p0 2 4
71 312 m1 632 0 0.5 p-1 -3558721 605
268 315 m1 19496 0 0.5 p-1 -8214 1
3 316 m1 21084 0 0.5 p-1 -10098016 1931
276 317 m1 87471 0 0.5 p-1 -88659 1
224 318 m1 97612 0 0.5 p-1 -65794 17
249 319 m1 111569 0 0.5 p-1 -32084 4
194 320 m1 124205 0 0.5 p-1 -21866 7
55 322 m1 137396 0 0.5 p-1 -257323 136
257 324 m1 187799 0 0.5 p-1 -17054 2
7 327 m1 218281 0 0.5 p-1 -4692176 1668
120 328 m1 222540 0 0.5 p-1 -714297 42
91 329 m1 229906 0 0.5 p-1 -4359635 306
56 330 m1 230467 0 0.5 p-1 -1739072 774
201 331 m1 242369 0 0.5 p-1 -662 2
227 332 m1 253785 0 0.5 p-1 -148129 4
195 333 m1 272740 0 0.5 p-1 -618 18
242 334 m1 312798 0 0.5 p-1 -90357 4
41 336 m1 337284 0 0.5 p-1 -2489836 901
126 337 m1 348392 0 0.5 p-1 -230505 195
73 338 m1 351916 0 0.5 p-1 -1546318 584
168 339 m1 360936 0 0.5 p-1 -35271 24
185 340 m1 362671 0 0.5 p-1 -498809 117
273 341 m1 384295 0 0.5 p-1 -15836 1
127 342 m1 391918 0 0.5 p-1 -172584 61
42 343 m1 402253 0 0.5 p-1 -14414488 1179
136 345 m1 432730 0 0.5 p-1 -574110 390
113 346 m1 452140 0 0.5 p-1 -3673662 47
121 347 m1 455823 0 0.5 p-1 -1999114 273
60 348 m1 459694 0 0.5 p-1 -1462404 511
255 349 m1 460088 0 0.5 p-1 -15255 2
116 350 m1 460737 0 0.5 p-1 -316849 332
15 351 m1 462595 0 0.5 p-1 -3625836 1504
161 355 m1 494651 0 0.5 p-1 -905758 94
134 357 m1 517187 0 0.5 p-1 -32413 26
19 358 m1 526437 0 0.5 p-1 -10080710 757
166 361 m1 547791 0 0.5 p-1 -24100 20
20 362 m1 553456 0 0.5 p-1 -1404416 321
172 363 m1 575321 0 0.5 p-1 -48837 56
244 364 m1 588128 0 0.5 p-1 -102655 9
114 365 m1 591069 0 0.5 p-1 -1227909 240
267 366 m1 594548 0 0.5 p-1 -49584 3
272 367 m1 608059 0 0.5 p-1 -30599 1
215 369 m1 624720 0 0.5 p-1 -69472 10
99 372 m1 647948 0 0.5 p-1 -3335238 354
155 373 m1 690100 0 0.5 p-1 -3988591 187
128 374 m1 704594 0 0.5 p-1 -269447 15
26 376 m1 745377 0 0.5 p-1 -2006200 238
107 377 m1 782496 0 0.5 p-1 -521223 292
174 379 m1 802376 0 0.5 p-1 -105768 44
29 380 m1 808927 0 0.5 p-1 -155526 70
187 381 m1 813261 0 0.5 p-1 -28666 20
263 382 m1 842801 0 0.5 p-1 -9077 1
122 383 m1 849537 0 0.5 p-1 -95569 24
191 384 m1 851205 0 0.5 p-1 -216786 24
236 386 m1 854562 0 0.5 p-1 -57890 14
52 388 m1 889132 0 0.5 p-1 -2518753 764
33 389 m1 919912 0 0.5 p-1 -1365202 635
97 390 m1 921996 0 0.5 p-1 -973328 522
149 392 m1 941261 0 0.5 p-1 -736858 64
213 393 m1 941626 0 0.5 p-1 -115109 20
173 394 m1 943045 0 0.5 p-1 -212978 23
171 395 m1 958447 0 0.5 p-1 -59315 12
132 396 m1 976001 0 0.5 p-1 -89773 14
283 397 m1 978124 0 0.5 p-1 -656 2
Individuals:
