Mutations:
85 1 m2 16554 -0.00313826581 0.5 p-1 -1313535 672
317 2 m2 19401 -0.000410136563 0.5 p-1 -12825 1
1 3 m2 19847 -0.0108166905 0.5 p-1 -717724 302
151 4 m2 20730 -0.0238812771 0.5 p-1 -2271922 348
177 5 m2 26405 -0.00454898644 0.5 p-1 -32639 24
162 6 m2 33189 -4.30005429e-07 0.5 p-1 -296377 68
278 7 m2 40781 -0.00642583426 0.5 p-1 -18372 4
123 8 m2 41179 -0.00100680941 0.5 p-1 -391442 269
267 10 m2 45572 -0.0127473045 0.5 p-1 -161885 31
350 12 m2 49091 -5.66231211e-06 0.5 p-1 -1919 2
303 13 m2 53874 -0.0106307669 0.5 p-1 -1451 2
87 14 m2 60434 -0.00121575303 0.5 p-1 -184725 36
157 15 m2 63501 -4.19048229e-05 0.5 p-1 -50940 27
3 16 m2 73395 -0.00260783895 0.5 p-1 -2240757 1074
50 17 m2 73418 -0.0114805996 0.5 p-1 -2879818 726
4 20 m2 78780 -0.0197269693 0.5 p-1 -7881331 469
139 21 m2 87571 -0.00211810996 0.5 p-1 -436958 64
249 22 m2 88990 -0.0424577594 0.5 p-1 -5736 3
111 23 m2 89731 -0.00297558797 0.5 p-1 -512186 432
70 24 m2 92431 -0.00103566167 0.5 p-1 -5435484 399
237 25 m2 93462 -0.0301100034 0.5 p-1 -54958 19
88 27 m2 108493 -0.0255723726 0.5 p-1 -3581672 376
5 29 m2 110611 -0.0105602136 0.5 p-1 -527177 268
89 30 m2 112709 -0.0430609696 0.5 p-1 -3078411 523
288 32 m2 119843 -0.000746310106 0.5 p-1 -1636 2
140 33 m2 131486 -0.0358099155 0.5 p-1 -693172 102
233 34 m2 133119 -1.37915622e-05 0.5 p-1 -511751 45
7 35 m2 133407 -0.00558173098 0.5 p-1 -7397563 1518
143 36 m2 139767 -0.000111773108 0.5 p-1 -3624043 64
262 38 m2 140079 -1.23992772e-08 0.5 p-1 -743 2
160 39 m2 146452 -0.00733464165 0.5 p-1 -830936 18
71 40 m2 146548 -1.70340518e-05 0.5 p-1 -799948 249
276 41 m2 146747 -0.0112787588 0.5 p-1 -36579 5
294 42 m2 155035 -4.61927073e-07 0.5 p-1 -99726 10
336 44 m2 164567 -0.00557445409 0.5 p-1 -5331 1
319 45 m2 169604 -3.24031644e-05 0.5 p-1 -4506 1
101 46 m2 170759 -1.53031121e-09 0.5 p-1 -1306369 404
318 47 m2 174968 -0.020224439 0.5 p-1 -1863 2
163 49 m2 184404 -0.0124820285 0.5 p-1 -5147734 160
213 50 m2 185645 -0.00494311471 0.5 p-1 -459992 26
261 51 m2 186234 -1.32128353e-05 0.5 p-1 -136587 16
90 52 m2 192218 -0.000278888299 0.5 p-1 -3740197 988
196 53 m2 205200 -0.000226225253 0.5 p-1 -159872 36
9 54 m2 209825 -0.00638206117 0.5 p-1 -1476563 314
227 55 m2 212738 -3.24607099e-05 0.5 p-1 -886641 58
305 56 m2 214183 -0.000650374859 0.5 p-1 -8667 5
72 59 m2 221911 -0.059087906 0.5 p-1 -2153875 936
125 60 m2 223157 -0.0210617427 0.5 p-1 -404092 285
126 61 m2 232665 -0.000189518905 0.5 p-1 -121387 63
91 63 m2 267270 -0.000152234905 0.5 p-1 -3116606 893
92 64 m2 274859 -0.00287505635 0.5 p-1 -1045108 168
12 65 m2 275275 -0.000285964168 0.5 p-1 -1372769 985
52 66 m2 279904 -0.00285008689 0.5 p-1 -4270426 752
118 67 m2 283514 -0.0375057086 0.5 p-1 -465219 444
173 68 m2 284598 -0.0453892723 0.5 p-1 -63220 38
202 69 m2 284703 -0.0023969966 0.5 p-1 -38803 27
212 70 m2 290972 -9.69056657e-08 0.5 p-1 -126779 30
103 71 m2 295560 -6.03207839e-09 0.5 p-1 -345893 59
148 72 m2 297265 -0.00262585096 0.5 p-1 -154925 39
53 74 m2 298864 -0.0116248317 0.5 p-1 -100785 66
13 75 m2 308581 -3.26737936e-05 0.5 p-1 -3526374 1821
14 76 m2 309020 -3.7939426e-06 0.5 p-1 -3808227 804
15 77 m2 316684 -0.00242034369 0.5 p-1 -223510 112
256 79 m2 321014 -0.0298515093 0.5 p-1 -1151 8
188 80 m2 326770 -5.49988499e-07 0.5 p-1 -16870 7
16 81 m2 327310 -0.054058671 0.5 p-1 -19789856 684
206 82 m2 332030 -0.000173198699 0.5 p-1 -17406 20
229 83 m2 335455 -2.13396197e-06 0.5 p-1 -25567 9
185 85 m2 344138 -7.70208717e-05 0.5 p-1 -1453 5
297 86 m2 344358 -0.00442016823 0.5 p-1 -10223 4
73 87 m2 347139 -0.0147207901 0.5 p-1 -1049591 447
218 88 m2 362138 -0.00932966452 0.5 p-1 -53472 38
300 89 m2 362593 -0.000935114687 0.5 p-1 -86989 12
344 90 m2 366757 -0.000340193044 0.5 p-1 -4320 1
18 91 m2 371952 -0.000385965395 0.5 p-1 -3037302 1784
180 93 m2 373780 -0.000516252127 0.5 p-1 -169707 187
179 94 m2 375787 -0.00656421063 0.5 p-1 -55232 23
153 95 m2 376171 -0.00595017755 0.5 p-1 -795201 197
19 96 m2 377060 -1.75139905e-06 0.5 p-1 -2716187 1086
93 97 m2 377831 -0.00334587321 0.5 p-1 -1759363 841
200 98 m2 380391 -0.00911491644 0.5 p-1 -558681 88
127 100 m2 383324 -0.00794204231 0.5 p-1 -1805465 631
198 101 m2 385248 -0.00277530216 0.5 p-1 -87156 71
314 102 m2 385431 -0.00215537404 0.5 p-1 -9119 4
128 103 m2 389525 -0.00334588834 0.5 p-1 -35850 9
164 104 m2 399535 -0.000220095084 0.5 p-1 -72945 19
20 105 m2 399771 -0.00981114805 0.5 p-1 -863716 1242
230 106 m2 403726 -0.00470152125 0.5 p-1 -8647 13
145 107 m2 407794 -0.000879035622 0.5 p-1 -471025 282
295 110 m2 416518 -0.00280939415 0.5 p-1 -179110 10
201 111 m2 419867 -0.0131861353 0.5 p-1 -55164 41
244 112 m2 422557 -0.038424816 0.5 p-1 -55909 9
315 113 m2 425834 -0.00280804443 0.5 p-1 -379 1
135 114 m2 427072 -0.0055806688 0.5 p-1 -584180 275
21 115 m2 428755 -4.07709704e-05 0.5 p-1 -4176038 1536
258 118 m2 434137 -0.00320727611 0.5 p-1 -10630 9
149 119 m2 439668 -0.000364996318 0.5 p-1 -1942999 75
55 120 m2 441183 -0.000421424513 0.5 p-1 -1647931 1534
225 122 m2 441505 -0.015098541 0.5 p-1 -39517 7
341 124 m2 443654 -5.64147813e-05 0.5 p-1 -3342 1
76 126 m2 453893 -0.000356287987 0.5 p-1 -2984012 887
56 127 m2 456591 -0.0295293331 0.5 p-1 -815750 581
291 129 m2 461286 -0.014305965 0.5 p-1 -12137 4
252 130 m2 467207 -4.38002608e-05 0.5 p-1 -105862 17
352 134 m2 473154 -0.00101820857 0.5 p-1 -12662 2
257 135 m2 473884 -0.0128863342 0.5 p-1 -13820 17
274 136 m2 480003 -0.0134336771 0.5 p-1 -42846 2
136 137 m2 481764 -0.000607129652 0.5 p-1 -10022859 585
130 141 m2 497144 -0.004452297 0.5 p-1 -152519 54
263 142 m2 497804 -3.87511463e-05 0.5 p-1 -103 1
304 144 m2 514225 -0.000109218759 0.5 p-1 -25762 1
23 146 m2 516779 -0.000158783689 0.5 p-1 -4970555 1179
24 147 m2 518080 -0.00035692635 0.5 p-1 -7823533 1643
255 148 m2 522536 -1.67541339e-06 0.5 p-1 -143627 29
113 150 m2 534973 -0.01026149 0.5 p-1 -1580339 501
325 151 m2 537335 -0.0356577188 0.5 p-1 -12462 2
220 152 m2 543431 -0.0064697261 0.5 p-1 -150654 23
94 153 m2 546286 -1.5009663e-05 0.5 p-1 -11349001 189
131 154 m2 546805 -3.58509993e-07 0.5 p-1 -69569 46
234 155 m2 547384 -3.55028824e-05 0.5 p-1 -8499 9
174 156 m2 548259 -0.0140319504 0.5 p-1 -328685 34
181 157 m2 549898 -0.000162076452 0.5 p-1 -133159 34
132 158 m2 551435 -0.000803822826 0.5 p-1 -532932 151
207 159 m2 561704 -0.0104260109 0.5 p-1 -1178978 71
119 160 m2 568493 -0.00111810374 0.5 p-1 -161830 102
155 161 m2 574120 -0.000321769359 0.5 p-1 -1453222 111
57 162 m2 576773 -0.00116277277 0.5 p-1 -717626 381
26 163 m2 583495 -0.0126133515 0.5 p-1 -4875153 872
105 164 m2 593929 -3.09516366e-07 0.5 p-1 -3146937 162
137 166 m2 597683 -0.00817408599 0.5 p-1 -2274770 192
270 167 m2 598633 -1.72276771e-06 0.5 p-1 -220674 18
95 168 m2 599241 -2.68532058e-05 0.5 p-1 -5997133 725
182 169 m2 602092 -0.00313061243 0.5 p-1 -468245 95
78 170 m2 602586 -0.00739395432 0.5 p-1 -822646 352
27 171 m2 605987 -0.00314184348 0.5 p-1 -3074296 883
146 172 m2 609232 -0.0387260206 0.5 p-1 -950634 202
28 173 m2 614579 -4.15332543e-05 0.5 p-1 -2562000 1882
222 174 m2 616974 -0.0338809565 0.5 p-1 -150358 43
271 175 m2 617493 -8.15663148e-10 0.5 p-1 -103377 9
259 176 m2 618010 -0.0206666794 0.5 p-1 -435826 23
97 177 m2 619175 -0.00998421758 0.5 p-1 -372525 302
205 178 m2 627846 -0.00035045165 0.5 p-1 -94265 19
29 179 m2 628472 -1.03559205e-06 0.5 p-1 -6568440 350
189 182 m2 631795 -0.0276766177 0.5 p-1 -425844 99
114 183 m2 641157 -0.000453850866 0.5 p-1 -1568426 104
235 184 m2 646401 -2.51133588e-06 0.5 p-1 -122357 93
254 185 m2 649687 -0.0078490125 0.5 p-1 -3542 8
30 186 m2 654643 -0.00163796591 0.5 p-1 -6667951 1194
190 188 m2 657376 -0.00918995962 0.5 p-1 -251664 82
204 189 m2 670204 -0.0286339633 0.5 p-1 -56201 17
298 190 m2 670822 -0.00417643832 0.5 p-1 -28334 2
161 191 m2 672591 -0.00748723792 0.5 p-1 -272665 83
31 193 m2 676620 -0.012213924 0.5 p-1 -5752896 914
60 194 m2 678521 -0.0191249102 0.5 p-1 -4775135 153
335 195 m2 681619 -0.000113693372 0.5 p-1 -253 1
219 196 m2 684793 -0.00366736832 0.5 p-1 -369627 84
98 197 m2 707560 -8.42116879e-06 0.5 p-1 -709663 422
61 198 m2 707572 -0.00224570208 0.5 p-1 -848312 343
150 200 m2 708246 -0.0106704151 0.5 p-1 -223573 27
134 201 m2 720452 -0.000200828566 0.5 p-1 -368163 118
245 202 m2 723054 -1.79408325e-05 0.5 p-1 -559303 44
62 203 m2 724802 -2.8249784e-05 0.5 p-1 -180081 155
240 204 m2 725024 -0.00560441799 0.5 p-1 -16543 39
115 205 m2 727257 -0.000156660666 0.5 p-1 -837772 123
221 206 m2 732004 -0.000428253232 0.5 p-1 -237433 69
63 207 m2 735632 -0.00223238836 0.5 p-1 -12896577 1351
64 208 m2 735679 -0.000664080435 0.5 p-1 -856971 218
33 210 m2 740382 -0.0227164309 0.5 p-1 -5441852 1923
223 211 m2 744043 -0.0019133247 0.5 p-1 -9854 7
246 212 m2 748265 -0.00816754997 0.5 p-1 -43471 23
65 213 m2 748618 -0.00473759091 0.5 p-1 -2781833 320
34 214 m2 750107 -0.00107977877 0.5 p-1 -2201742 1053
35 215 m2 759791 -0.000496900757 0.5 p-1 -2328005 512
308 216 m2 762762 -0.0181647819 0.5 p-1 -62900 5
79 217 m2 765626 -1.62656252e-05 0.5 p-1 -1428508 86
260 218 m2 765979 -0.000627384114 0.5 p-1 -16283 4
311 220 m2 772817 -1.00283905e-05 0.5 p-1 -5724 1
116 221 m2 772872 -0.0170404594 0.5 p-1 -1800282 229
186 222 m2 778292 -0.00816320814 0.5 p-1 -237154 126
312 223 m2 782987 -0.0084320195 0.5 p-1 -52280 1
37 224 m2 790316 -0.000435334427 0.5 p-1 -963845 903
38 225 m2 792446 -0.00307976943 0.5 p-1 -3642919 1162
217 226 m2 794817 -0.00529503124 0.5 p-1 -215551 47
272 227 m2 796378 -7.78286121e-05 0.5 p-1 -65186 5
99 228 m2 797506 -0.000309090712 0.5 p-1 -440130 107
66 230 m2 798708 -0.00107720715 0.5 p-1 -3091014 397
39 231 m2 799496 -0.00918782689 0.5 p-1 -4374263 1164
40 232 m2 803740 -0.00978168659 0.5 p-1 -3758530 85
275 233 m2 806539 -0.0160222743 0.5 p-1 -256817 8
165 235 m2 813330 -3.77394933e-08 0.5 p-1 -211537 104
184 236 m2 823903 -0.00445837248 0.5 p-1 -1675374 90
67 237 m2 831542 -0.00241104397 0.5 p-1 -827327 149
80 238 m2 837520 -0.0274343882 0.5 p-1 -6486641 1372
269 240 m2 840630 -0.0109181255 0.5 p-1 -31932 19
41 241 m2 841645 -7.26674261e-05 0.5 p-1 -3213178 1258
248 242 m2 845988 -0.000387060601 0.5 p-1 -37257 8
81 243 m2 846021 -1.81045809e-08 0.5 p-1 -391647 311
313 244 m2 847583 -0.00107225578 0.5 p-1 -102041 2
191 245 m2 853617 -1.46160306e-11 0.5 p-1 -19478 10
348 246 m2 853699 -0.000176574089 0.5 p-1 -234929 2
232 247 m2 854024 -4.43649988e-05 0.5 p-1 -3405 5
236 248 m2 854155 -0.00859897863 0.5 p-1 -343798 45
273 249 m2 854688 -0.00572087429 0.5 p-1 -28359 1
251 251 m2 856011 -0.000947779743 0.5 p-1 -69368 13
216 253 m2 858615 -0.00382782123 0.5 p-1 -56788 10
250 254 m2 864161 -0.086551927 0.5 p-1 -7904 10
328 255 m2 864193 -0.00244759 0.5 p-1 -9368 5
199 256 m2 867671 -0.00870218594 0.5 p-1 -9193941 82
210 257 m2 877265 -0.000432808243 0.5 p-1 -704123 17
42 258 m2 879102 -0.00487086317 0.5 p-1 -2698566 735
172 259 m2 879184 -0.0407457426 0.5 p-1 -112588 76
158 260 m2 884155 -0.00135928451 0.5 p-1 -1727260 276
156 261 m2 886464 -0.0707808658 0.5 p-1 -622324 102
214 262 m2 886621 -0.000280112872 0.5 p-1 -6110 9
192 263 m2 887824 -0.0290576126 0.5 p-1 -136584 51
266 264 m2 890690 -0.00197028951 0.5 p-1 -21330 26
211 266 m2 895876 -0.0220501572 0.5 p-1 -883597 40
44 267 m2 897426 -0.0200714413 0.5 p-1 -218782 92
142 268 m2 899825 -0.0186455082 0.5 p-1 -359597 307
45 269 m2 900641 -0.0567586906 0.5 p-1 -2285746 988
231 270 m2 902109 -0.00205965666 0.5 p-1 -865596 32
46 271 m2 907913 -0.00133091537 0.5 p-1 -777318 589
147 275 m2 917721 -0.0222473033 0.5 p-1 -165985 80
117 276 m2 919285 -0.00653648842 0.5 p-1 -660277 539
108 277 m2 922895 -3.18569801e-05 0.5 p-1 -995805 389
121 279 m2 927116 -0.0824819282 0.5 p-1 -1588458 508
69 280 m2 927677 -2.71250665e-05 0.5 p-1 -4920454 220
306 281 m2 941472 -0.00844884105 0.5 p-1 -321550 6
159 282 m2 960779 -0.0294002499 0.5 p-1 -1602898 132
175 283 m2 962365 -0.00229941402 0.5 p-1 -558329 170
167 284 m2 969634 -4.75663692e-05 0.5 p-1 -841246 49
100 285 m2 970921 -0.00251782732 0.5 p-1 -155875 52
122 286 m2 976321 -0.00757070538 0.5 p-1 -314110 186
138 287 m2 980846 -0.0101347361 0.5 p-1 -795705 131
48 288 m2 981164 -0.00750922598 0.5 p-1 -247126 121
49 289 m2 981352 -0.00920283515 0.5 p-1 -1943629 1885
84 291 m2 995110 -9.64383216e-05 0.5 p-1 -303163 58
268 293 m2 128728 -0.01849043 0.5 p0 2 2
280 294 m2 542339 -0.0328598842 0.5 p0 2 2
359 298 m2 316127 -0.00805205386 0.5 p0 2 1
307 299 m2 935310 -0.0118758399 0.5 p0 2 2
346 300 m2 729473 -0.00418602908 0.5 p0 2 1
333 302 m2 341014 -0.000590078649 0.5 p0 2 1
282 303 m2 857759 -0.00015741169 0.5 p0 2 2
289 304 m2 904510 -0.00336909178 0.5 p0 2 1
353 305 m2 721843 -0.00869578589 0.5 p0 2 1
339 307 m2 470547 -0.0111373691 0.5 p0 2 1
287 308 m2 108216 -0.000276356237 0.5 p0 2 2
296 309 m2 769657 -0.000280896726 0.5 p0 2 3
309 310 m2 906961 -0.0312693156 0.5 p0 2 1
356 311 m2 776072 -0.000317948958 0.5 p0 2 1
355 313 m2 150747 -0.0046556443 0.5 p0 2 1
358 314 m2 105830 -0.00500395661 0.5 p0 2 1
324 315 m2 374435 -0.00281773671 0.5 p0 2 2
340 316 m2 988521 -0.00282152207 0.5 p0 2 2
279 319 m2 910534 -3.68721085e-05 0.5 p0 2 2
334 320 m2 896902 -0.000413362577 0.5 p0 2 1
337 321 m2 81032 -0.00181907869 0.5 p0 2 1
183 322 m2 648187 -0.000837209634 0.5 p0 2 2
253 323 m2 968189 -0.00334686902 0.5 p0 2 1
330 324 m2 506613 -0.0259082075 0.5 p0 2 3
357 325 m2 228673 -0.00812323391 0.5 p0 2 1
343 326 m2 648494 -0.00226419 0.5 p0 2 2
299 330 m2 826778 -0.00586144021 0.5 p0 2 1
321 333 m2 84080 -0.00010040131 0.5 p0 2 2
320 334 m2 337576 -0.00474627037 0.5 p0 2 3
349 336 m2 940085 -0.000833839644 0.5 p0 2 1
327 337 m2 555618 -0.023272343 0.5 p0 2 1
351 338 m2 242891 -0.000298278348 0.5 p0 2 1
239 341 m2 160194 -0.000445368671 0.5 p0 2 2
332 342 m2 472255 -0.000476012356 0.5 p0 2 2
345 343 m2 468706 -0.00446862215 0.5 p0 2 1
342 345 m2 498337 -0.00788801257 0.5 p0 2 1
0 348 m1 966 0 0.5 p-1 -5620549 1905
110 349 m1 1936 0 0.5 p-1 -2488059 450
290 350 m1 7038 0 0.5 p-1 -17957 5
168 351 m1 7512 0 0.5 p-1 -41041 14
170 352 m1 12999 0 0.5 p-1 -73184 55
354 353 m1 37840 0 0.5 p-1 -4824 1
86 354 m1 48819 0 0.5 p-1 -1395944 228
2 355 m1 56854 0 0.5 p-1 -1468017 492
302 356 m1 64703 0 0.5 p-1 -24300 4
224 357 m1 67286 0 0.5 p-1 -14706 11
124 358 m1 67822 0 0.5 p-1 -503590 92
208 359 m1 72558 0 0.5 p-1 -179053 10
284 360 m1 82751 0 0.5 p-1 -10221 9
178 361 m1 87414 0 0.5 p-1 -75626 69
238 362 m1 95934 0 0.5 p-1 -86174 15
6 364 m1 124341 0 0.5 p-1 -1714179 1116
209 365 m1 133787 0 0.5 p-1 -33060 4
176 366 m1 138621 0 0.5 p-1 -257921 44
112 367 m1 139804 0 0.5 p-1 -249004 56
277 369 m1 143477 0 0.5 p-1 -93750 6
329 371 m1 163502 0 0.5 p-1 -2882 2
283 372 m1 169509 0 0.5 p-1 -30276 1
102 373 m1 190730 0 0.5 p-1 -291462 300
8 374 m1 196053 0 0.5 p-1 -3387696 1811
144 375 m1 197000 0 0.5 p-1 -2270150 487
281 376 m1 199844 0 0.5 p-1 -6049 2
310 377 m1 217559 0 0.5 p-1 -8755 5
152 378 m1 224036 0 0.5 p-1 -7046401 323
51 379 m1 228161 0 0.5 p-1 -7583973 1180
187 380 m1 230122 0 0.5 p-1 -250657 59
10 381 m1 247079 0 0.5 p-1 -10949917 1746
11 382 m1 262201 0 0.5 p-1 -8240516 631
197 384 m1 299385 0 0.5 p-1 -135948 98
203 385 m1 332957 0 0.5 p-1 -73508 29
264 386 m1 338594 0 0.5 p-1 -81683 16
193 387 m1 339915 0 0.5 p-1 -122217 174
17 388 m1 343237 0 0.5 p-1 -8763724 1421
347 389 m1 346175 0 0.5 p-1 -758 1
242 391 m1 347582 0 0.5 p-1 -134482 28
195 392 m1 372634 0 0.5 p-1 -2936999 191
169 393 m1 384398 0 0.5 p-1 -7365 1
54 394 m1 385740 0 0.5 p-1 -383835 172
104 395 m1 401977 0 0.5 p-1 -305042 76
141 396 m1 410719 0 0.5 p-1 -327550 165
74 399 m1 425833 0 0.5 p-1 -2602429 281
129 400 m1 426777 0 0.5 p-1 -229258 113
265 401 m1 431831 0 0.5 p-1 -74250 8
331 402 m1 433992 0 0.5 p-1 -272 1
75 403 m1 435742 0 0.5 p-1 -9724325 312
154 404 m1 436659 0 0.5 p-1 -2055817 156
22 407 m1 464308 0 0.5 p-1 -3284889 237
316 409 m1 497868 0 0.5 p-1 -2798 3
301 410 m1 501443 0 0.5 p-1 -11589 2
292 411 m1 503834 0 0.5 p-1 -540 2
293 412 m1 508633 0 0.5 p-1 -24905 3
77 413 m1 508874 0 0.5 p-1 -947246 293
323 414 m1 532890 0 0.5 p-1 -4458 2
25 415 m1 540781 0 0.5 p-1 -3459758 96
243 416 m1 541055 0 0.5 p-1 -7267 1
247 417 m1 563055 0 0.5 p-1 -143420 22
58 418 m1 580344 0 0.5 p-1 -566308 259
120 419 m1 591373 0 0.5 p-1 -1205058 177
59 420 m1 596357 0 0.5 p-1 -982817 260
106 421 m1 599064 0 0.5 p-1 -524676 388
194 422 m1 599164 0 0.5 p-1 -513926 105
326 423 m1 599386 0 0.5 p-1 -11069 9
226 424 m1 603436 0 0.5 p-1 -511611 30
96 425 m1 611020 0 0.5 p-1 -221864 91
133 426 m1 618097 0 0.5 p-1 -53287 45
107 428 m1 681501 0 0.5 p-1 -699586 240
338 431 m1 712162 0 0.5 p-1 -231 2
32 432 m1 719214 0 0.5 p-1 -1855563 779
36 434 m1 778993 0 0.5 p-1 -7733964 1111
241 438 m1 831315 0 0.5 p-1 -39746 5
171 439 m1 836487 0 0.5 p-1 -12481 23
228 441 m1 854390 0 0.5 p-1 -54346 42
68 442 m1 855823 0 0.5 p-1 -3707116 944
43 444 m1 882759 0 0.5 p-1 -11117448 1485
166 445 m1 883773 0 0.5 p-1 -92290 114
215 446 m1 893419 0 0.5 p-1 -337485 120
322 447 m1 896226 0 0.5 p-1 -30813 5
286 448 m1 923841 0 0.5 p-1 -3694 4
285 449 m1 937379 0 0.5 p-1 -17316 11
47 450 m1 944763 0 0.5 p-1 -6555081 1696
82 451 m1 955223 0 0.5 p-1 -3397902 219
109 452 m1 958095 0 0.5 p-1 -1281634 217
83 453 m1 989172 0 0.5 p-1 -121421 81
Individuals:
