Mutations:
112 1 m2 16554 -0.00313826581 0.5 p-1 -1313535 687
142 3 m2 19847 -0.0108166905 0.5 p-1 -717724 349
48 4 m2 20730 -0.0238812771 0.5 p-1 -2271922 308
113 5 m2 26405 -0.00454898644 0.5 p-1 -32639 27
197 6 m2 33189 -4.30005429e-07 0.5 p-1 -296377 96
302 7 m2 40781 -0.00642583426 0.5 p-1 -18372 7
114 8 m2 41179 -0.00100680941 0.5 p-1 -391442 293
125 10 m2 45572 -0.0127473045 0.5 p-1 -161885 34
318 12 m2 49091 -5.66231211e-06 0.5 p-1 -1919 1
292 13 m2 53874 -0.0106307669 0.5 p-1 -1451 2
177 14 m2 60434 -0.00121575303 0.5 p-1 -184725 46
250 15 m2 63501 -4.19048229e-05 0.5 p-1 -50940 13
52 16 m2 73395 -0.00260783895 0.5 p-1 -2240757 1087
1 17 m2 73418 -0.0114805996 0.5 p-1 -2879818 729
77 20 m2 78780 -0.0197269693 0.5 p-1 -7881331 526
189 21 m2 87571 -0.00211810996 0.5 p-1 -436958 65
332 22 m2 88990 -0.0424577594 0.5 p-1 -5736 1
2 23 m2 89731 -0.00297558797 0.5 p-1 -512186 417
53 24 m2 92431 -0.00103566167 0.5 p-1 -5435484 425
154 25 m2 93462 -0.0301100034 0.5 p-1 -54958 25
143 27 m2 108493 -0.0255723726 0.5 p-1 -3581672 340
54 29 m2 110611 -0.0105602136 0.5 p-1 -527177 274
78 30 m2 112709 -0.0430609696 0.5 p-1 -3078411 498
298 32 m2 119843 -0.000746310106 0.5 p-1 -1636 3
138 33 m2 131486 -0.0358099155 0.5 p-1 -693172 111
178 34 m2 133119 -1.37915622e-05 0.5 p-1 -511751 80
4 35 m2 133407 -0.00558173098 0.5 p-1 -7397563 1550
249 36 m2 139767 -0.000111773108 0.5 p-1 -3624043 67
315 38 m2 140079 -1.23992772e-08 0.5 p-1 -743 2
198 39 m2 146452 -0.00733464165 0.5 p-1 -830936 16
5 40 m2 146548 -1.70340518e-05 0.5 p-1 -799948 268
286 41 m2 146747 -0.0112787588 0.5 p-1 -36579 1
229 42 m2 155035 -4.61927073e-07 0.5 p-1 -99726 10
309 44 m2 164567 -0.00557445409 0.5 p-1 -5331 1
284 45 m2 169604 -3.24031644e-05 0.5 p-1 -4506 2
89 46 m2 170759 -1.53031121e-09 0.5 p-1 -1306369 367
277 47 m2 174968 -0.020224439 0.5 p-1 -1863 6
161 49 m2 184404 -0.0124820285 0.5 p-1 -5147734 169
245 50 m2 185645 -0.00494311471 0.5 p-1 -459992 31
254 51 m2 186234 -1.32128353e-05 0.5 p-1 -136587 13
90 52 m2 192218 -0.000278888299 0.5 p-1 -3740197 965
8 53 m2 205200 -0.000226225253 0.5 p-1 -159872 32
9 54 m2 209825 -0.00638206117 0.5 p-1 -1476563 286
232 55 m2 212738 -3.24607099e-05 0.5 p-1 -886641 64
221 56 m2 214183 -0.000650374859 0.5 p-1 -8667 6
10 59 m2 221911 -0.059087906 0.5 p-1 -2153875 934
81 60 m2 223157 -0.0210617427 0.5 p-1 -404092 283
172 61 m2 232665 -0.000189518905 0.5 p-1 -121387 66
57 63 m2 267270 -0.000152234905 0.5 p-1 -3116606 897
193 64 m2 274859 -0.00287505635 0.5 p-1 -1045108 146
82 65 m2 275275 -0.000285964168 0.5 p-1 -1372769 1005
115 66 m2 279904 -0.00285008689 0.5 p-1 -4270426 677
92 67 m2 283514 -0.0375057086 0.5 p-1 -465219 458
235 68 m2 284598 -0.0453892723 0.5 p-1 -63220 45
244 69 m2 284703 -0.0023969966 0.5 p-1 -38803 21
162 70 m2 290972 -9.69056657e-08 0.5 p-1 -126779 38
231 71 m2 295560 -6.03207839e-09 0.5 p-1 -345893 35
233 72 m2 297265 -0.00262585096 0.5 p-1 -154925 21
152 74 m2 298864 -0.0116248317 0.5 p-1 -100785 56
13 75 m2 308581 -3.26737936e-05 0.5 p-1 -3526374 1808
14 76 m2 309020 -3.7939426e-06 0.5 p-1 -3808227 804
15 77 m2 316684 -0.00242034369 0.5 p-1 -223510 158
116 79 m2 321014 -0.0298515093 0.5 p-1 -1151 10
266 80 m2 326770 -5.49988499e-07 0.5 p-1 -16870 8
58 81 m2 327310 -0.054058671 0.5 p-1 -19789856 635
265 82 m2 332030 -0.000173198699 0.5 p-1 -17406 12
202 83 m2 335455 -2.13396197e-06 0.5 p-1 -25567 7
260 85 m2 344138 -7.70208717e-05 0.5 p-1 -1453 3
225 86 m2 344358 -0.00442016823 0.5 p-1 -10223 4
16 87 m2 347139 -0.0147207901 0.5 p-1 -1049591 472
222 88 m2 362138 -0.00932966452 0.5 p-1 -53472 28
278 89 m2 362593 -0.000935114687 0.5 p-1 -86989 9
320 90 m2 366757 -0.000340193044 0.5 p-1 -4320 1
17 91 m2 371952 -0.000385965395 0.5 p-1 -3037302 1799
170 93 m2 373780 -0.000516252127 0.5 p-1 -169707 216
203 94 m2 375787 -0.00656421063 0.5 p-1 -55232 25
156 95 m2 376171 -0.00595017755 0.5 p-1 -795201 148
18 96 m2 377060 -1.75139905e-06 0.5 p-1 -2716187 1118
19 97 m2 377831 -0.00334587321 0.5 p-1 -1759363 844
157 98 m2 380391 -0.00911491644 0.5 p-1 -558681 88
163 100 m2 383324 -0.00794204231 0.5 p-1 -1805465 605
20 101 m2 385248 -0.00277530216 0.5 p-1 -87156 66
273 102 m2 385431 -0.00215537404 0.5 p-1 -9119 3
287 103 m2 389525 -0.00334588834 0.5 p-1 -35850 5
253 104 m2 399535 -0.000220095084 0.5 p-1 -72945 12
60 105 m2 399771 -0.00981114805 0.5 p-1 -863716 1235
230 106 m2 403726 -0.00470152125 0.5 p-1 -8647 18
165 107 m2 407794 -0.000879035622 0.5 p-1 -471025 289
281 110 m2 416518 -0.00280939415 0.5 p-1 -179110 4
139 111 m2 419867 -0.0131861353 0.5 p-1 -55164 41
276 112 m2 422557 -0.038424816 0.5 p-1 -55909 3
21 114 m2 427072 -0.0055806688 0.5 p-1 -584180 270
22 115 m2 428755 -4.07709704e-05 0.5 p-1 -4176038 1556
263 118 m2 434137 -0.00320727611 0.5 p-1 -10630 7
236 119 m2 439668 -0.000364996318 0.5 p-1 -1942999 66
23 120 m2 441183 -0.000421424513 0.5 p-1 -1647931 1598
237 122 m2 441505 -0.015098541 0.5 p-1 -39517 7
296 124 m2 443654 -5.64147813e-05 0.5 p-1 -3342 1
24 126 m2 453893 -0.000356287987 0.5 p-1 -2984012 907
83 127 m2 456591 -0.0295293331 0.5 p-1 -815750 564
294 129 m2 461286 -0.014305965 0.5 p-1 -12137 6
195 130 m2 467207 -4.38002608e-05 0.5 p-1 -105862 21
330 134 m2 473154 -0.00101820857 0.5 p-1 -12662 1
304 135 m2 473884 -0.0128863342 0.5 p-1 -13820 7
326 136 m2 480003 -0.0134336771 0.5 p-1 -42846 2
94 137 m2 481764 -0.000607129652 0.5 p-1 -10022859 599
187 141 m2 497144 -0.004452297 0.5 p-1 -152519 40
324 142 m2 497804 -3.87511463e-05 0.5 p-1 -103 1
63 146 m2 516779 -0.000158783689 0.5 p-1 -4970555 1179
25 147 m2 518080 -0.00035692635 0.5 p-1 -7823533 1625
242 148 m2 522536 -1.67541339e-06 0.5 p-1 -143627 24
106 150 m2 534973 -0.01026149 0.5 p-1 -1580339 483
210 152 m2 543431 -0.0064697261 0.5 p-1 -150654 15
153 153 m2 546286 -1.5009663e-05 0.5 p-1 -11349001 158
117 154 m2 546805 -3.58509993e-07 0.5 p-1 -69569 63
226 155 m2 547384 -3.55028824e-05 0.5 p-1 -8499 8
180 156 m2 548259 -0.0140319504 0.5 p-1 -328685 35
191 157 m2 549898 -0.000162076452 0.5 p-1 -133159 24
158 158 m2 551435 -0.000803822826 0.5 p-1 -532932 141
145 159 m2 561704 -0.0104260109 0.5 p-1 -1178978 65
192 160 m2 568493 -0.00111810374 0.5 p-1 -161830 97
184 161 m2 574120 -0.000321769359 0.5 p-1 -1453222 95
149 162 m2 576773 -0.00116277277 0.5 p-1 -717626 392
64 163 m2 583495 -0.0126133515 0.5 p-1 -4875153 853
95 164 m2 593929 -3.09516366e-07 0.5 p-1 -3146937 143
85 166 m2 597683 -0.00817408599 0.5 p-1 -2274770 164
214 167 m2 598633 -1.72276771e-06 0.5 p-1 -220674 17
66 168 m2 599241 -2.68532058e-05 0.5 p-1 -5997133 699
186 169 m2 602092 -0.00313061243 0.5 p-1 -468245 109
181 170 m2 602586 -0.00739395432 0.5 p-1 -822646 312
27 171 m2 605987 -0.00314184348 0.5 p-1 -3074296 893
108 172 m2 609232 -0.0387260206 0.5 p-1 -950634 207
29 173 m2 614579 -4.15332543e-05 0.5 p-1 -2562000 1908
96 174 m2 616974 -0.0338809565 0.5 p-1 -150358 59
228 175 m2 617493 -8.15663148e-10 0.5 p-1 -103377 8
295 176 m2 618010 -0.0206666794 0.5 p-1 -435826 17
30 177 m2 619175 -0.00998421758 0.5 p-1 -372525 275
208 178 m2 627846 -0.00035045165 0.5 p-1 -94265 13
97 179 m2 628472 -1.03559205e-06 0.5 p-1 -6568440 344
31 182 m2 631795 -0.0276766177 0.5 p-1 -425844 101
182 183 m2 641157 -0.000453850866 0.5 p-1 -1568426 88
127 184 m2 646401 -2.51133588e-06 0.5 p-1 -122357 84
234 185 m2 649687 -0.0078490125 0.5 p-1 -3542 13
32 186 m2 654643 -0.00163796591 0.5 p-1 -6667951 1185
134 188 m2 657376 -0.00918995962 0.5 p-1 -251664 106
204 189 m2 670204 -0.0286339633 0.5 p-1 -56201 19
206 191 m2 672591 -0.00748723792 0.5 p-1 -272665 84
67 193 m2 676620 -0.012213924 0.5 p-1 -5752896 909
98 194 m2 678521 -0.0191249102 0.5 p-1 -4775135 116
188 196 m2 684793 -0.00366736832 0.5 p-1 -369627 74
99 197 m2 707560 -8.42116879e-06 0.5 p-1 -709663 480
128 198 m2 707572 -0.00224570208 0.5 p-1 -848312 343
274 200 m2 708246 -0.0106704151 0.5 p-1 -223573 17
34 201 m2 720452 -0.000200828566 0.5 p-1 -368163 160
256 202 m2 723054 -1.79408325e-05 0.5 p-1 -559303 39
150 203 m2 724802 -2.8249784e-05 0.5 p-1 -180081 150
167 204 m2 725024 -0.00560441799 0.5 p-1 -16543 62
211 205 m2 727257 -0.000156660666 0.5 p-1 -837772 86
68 206 m2 732004 -0.000428253232 0.5 p-1 -237433 74
69 207 m2 735632 -0.00223238836 0.5 p-1 -12896577 1335
118 208 m2 735679 -0.000664080435 0.5 p-1 -856971 240
35 210 m2 740382 -0.0227164309 0.5 p-1 -5441852 1932
217 211 m2 744043 -0.0019133247 0.5 p-1 -9854 8
166 212 m2 748265 -0.00816754997 0.5 p-1 -43471 22
36 213 m2 748618 -0.00473759091 0.5 p-1 -2781833 302
70 214 m2 750107 -0.00107977877 0.5 p-1 -2201742 1082
100 215 m2 759791 -0.000496900757 0.5 p-1 -2328005 514
293 216 m2 762762 -0.0181647819 0.5 p-1 -62900 3
101 217 m2 765626 -1.62656252e-05 0.5 p-1 -1428508 87
307 218 m2 765979 -0.000627384114 0.5 p-1 -16283 1
331 220 m2 772817 -1.00283905e-05 0.5 p-1 -5724 1
119 221 m2 772872 -0.0170404594 0.5 p-1 -1800282 247
168 222 m2 778292 -0.00816320814 0.5 p-1 -237154 111
38 224 m2 790316 -0.000435334427 0.5 p-1 -963845 956
71 225 m2 792446 -0.00307976943 0.5 p-1 -3642919 1149
120 226 m2 794817 -0.00529503124 0.5 p-1 -215551 45
252 227 m2 796378 -7.78286121e-05 0.5 p-1 -65186 3
174 228 m2 797506 -0.000309090712 0.5 p-1 -440130 84
39 230 m2 798708 -0.00107720715 0.5 p-1 -3091014 399
40 231 m2 799496 -0.00918782689 0.5 p-1 -4374263 1164
102 232 m2 803740 -0.00978168659 0.5 p-1 -3758530 94
220 233 m2 806539 -0.0160222743 0.5 p-1 -256817 8
146 235 m2 813330 -3.77394933e-08 0.5 p-1 -211537 120
175 236 m2 823903 -0.00445837248 0.5 p-1 -1675374 106
72 237 m2 831542 -0.00241104397 0.5 p-1 -827327 120
41 238 m2 837520 -0.0274343882 0.5 p-1 -6486641 1382
200 240 m2 840630 -0.0109181255 0.5 p-1 -31932 14
42 241 m2 841645 -7.26674261e-05 0.5 p-1 -3213178 1352
280 242 m2 845988 -0.000387060601 0.5 p-1 -37257 4
88 243 m2 846021 -1.81045809e-08 0.5 p-1 -391647 364
239 244 m2 847583 -0.00107225578 0.5 p-1 -102041 4
155 245 m2 853617 -1.46160306e-11 0.5 p-1 -19478 10
308 246 m2 853699 -0.000176574089 0.5 p-1 -234929 2
104 247 m2 854024 -4.43649988e-05 0.5 p-1 -3405 9
240 248 m2 854155 -0.00859897863 0.5 p-1 -343798 77
262 249 m2 854688 -0.00572087429 0.5 p-1 -28359 3
241 251 m2 856011 -0.000947779743 0.5 p-1 -69368 26
261 253 m2 858615 -0.00382782123 0.5 p-1 -56788 9
176 254 m2 864161 -0.086551927 0.5 p-1 -7904 10
329 255 m2 864193 -0.00244759 0.5 p-1 -9368 2
135 256 m2 867671 -0.00870218594 0.5 p-1 -9193941 90
268 257 m2 877265 -0.000432808243 0.5 p-1 -704123 18
73 258 m2 879102 -0.00487086317 0.5 p-1 -2698566 673
74 259 m2 879184 -0.0407457426 0.5 p-1 -112588 70
121 260 m2 884155 -0.00135928451 0.5 p-1 -1727260 219
136 261 m2 886464 -0.0707808658 0.5 p-1 -622324 115
283 262 m2 886621 -0.000280112872 0.5 p-1 -6110 3
130 263 m2 887824 -0.0290576126 0.5 p-1 -136584 60
159 264 m2 890690 -0.00197028951 0.5 p-1 -21330 35
238 266 m2 895876 -0.0220501572 0.5 p-1 -883597 72
109 267 m2 897426 -0.0200714413 0.5 p-1 -218782 90
123 268 m2 899825 -0.0186455082 0.5 p-1 -359597 297
75 269 m2 900641 -0.0567586906 0.5 p-1 -2285746 989
171 270 m2 902109 -0.00205965666 0.5 p-1 -865596 30
45 271 m2 907913 -0.00133091537 0.5 p-1 -777318 557
215 275 m2 917721 -0.0222473033 0.5 p-1 -165985 55
140 276 m2 919285 -0.00653648842 0.5 p-1 -660277 509
131 277 m2 922895 -3.18569801e-05 0.5 p-1 -995805 396
76 279 m2 927116 -0.0824819282 0.5 p-1 -1588458 470
132 280 m2 927677 -2.71250665e-05 0.5 p-1 -4920454 206
297 281 m2 941472 -0.00844884105 0.5 p-1 -321550 6
169 282 m2 960779 -0.0294002499 0.5 p-1 -1602898 101
137 283 m2 962365 -0.00229941402 0.5 p-1 -558329 165
124 284 m2 969634 -4.75663692e-05 0.5 p-1 -841246 53
218 285 m2 970921 -0.00251782732 0.5 p-1 -155875 44
110 286 m2 976321 -0.00757070538 0.5 p-1 -314110 172
160 287 m2 980846 -0.0101347361 0.5 p-1 -795705 140
151 288 m2 981164 -0.00750922598 0.5 p-1 -247126 119
47 289 m2 981352 -0.00920283515 0.5 p-1 -1943629 1912
148 291 m2 995110 -9.64383216e-05 0.5 p-1 -303163 71
213 293 m2 128728 -0.01849043 0.5 p0 2 11
246 294 m2 542339 -0.0328598842 0.5 p0 2 4
288 299 m2 935310 -0.0118758399 0.5 p0 2 3
328 303 m2 857759 -0.00015741169 0.5 p0 2 2
289 304 m2 904510 -0.00336909178 0.5 p0 2 1
306 308 m2 108216 -0.000276356237 0.5 p0 2 1
291 314 m2 105830 -0.00500395661 0.5 p0 2 1
325 315 m2 374435 -0.00281773671 0.5 p0 2 1
316 316 m2 988521 -0.00282152207 0.5 p0 2 1
270 319 m2 910534 -3.68721085e-05 0.5 p0 2 1
258 320 m2 896902 -0.000413362577 0.5 p0 2 2
314 322 m2 648187 -0.000837209634 0.5 p0 2 1
301 323 m2 968189 -0.00334686902 0.5 p0 2 1
271 324 m2 506613 -0.0259082075 0.5 p0 2 4
312 333 m2 84080 -0.00010040131 0.5 p0 2 1
299 334 m2 337576 -0.00474627037 0.5 p0 2 1
300 336 m2 940085 -0.000833839644 0.5 p0 2 1
248 341 m2 160194 -0.000445368671 0.5 p0 2 6
313 342 m2 472255 -0.000476012356 0.5 p0 2 3
321 345 m2 498337 -0.00788801257 0.5 p0 2 1
0 348 m1 966 0 0.5 p-1 -5620549 1926
111 349 m1 1936 0 0.5 p-1 -2488059 448
259 350 m1 7038 0 0.5 p-1 -17957 6
183 351 m1 7512 0 0.5 p-1 -41041 12
223 352 m1 12999 0 0.5 p-1 -73184 51
49 354 m1 48819 0 0.5 p-1 -1395944 242
50 355 m1 56854 0 0.5 p-1 -1468017 433
51 356 m1 64703 0 0.5 p-1 -24300 6
212 357 m1 67286 0 0.5 p-1 -14706 18
201 358 m1 67822 0 0.5 p-1 -503590 117
255 359 m1 72558 0 0.5 p-1 -179053 5
269 360 m1 82751 0 0.5 p-1 -10221 6
216 361 m1 87414 0 0.5 p-1 -75626 54
224 362 m1 95934 0 0.5 p-1 -86174 16
3 364 m1 124341 0 0.5 p-1 -1714179 1111
267 365 m1 133787 0 0.5 p-1 -33060 3
179 366 m1 138621 0 0.5 p-1 -257921 64
79 367 m1 139804 0 0.5 p-1 -249004 60
257 369 m1 143477 0 0.5 p-1 -93750 13
317 371 m1 163502 0 0.5 p-1 -2882 3
322 372 m1 169509 0 0.5 p-1 -30276 2
80 373 m1 190730 0 0.5 p-1 -291462 321
6 374 m1 196053 0 0.5 p-1 -3387696 1824
7 375 m1 197000 0 0.5 p-1 -2270150 483
272 376 m1 199844 0 0.5 p-1 -6049 2
310 377 m1 217559 0 0.5 p-1 -8755 4
55 378 m1 224036 0 0.5 p-1 -7046401 298
91 379 m1 228161 0 0.5 p-1 -7583973 1128
196 380 m1 230122 0 0.5 p-1 -250657 34
11 381 m1 247079 0 0.5 p-1 -10949917 1690
56 382 m1 262201 0 0.5 p-1 -8240516 637
12 384 m1 299385 0 0.5 p-1 -135948 110
264 385 m1 332957 0 0.5 p-1 -73508 12
243 386 m1 338594 0 0.5 p-1 -81683 23
194 387 m1 339915 0 0.5 p-1 -122217 156
59 388 m1 343237 0 0.5 p-1 -8763724 1380
323 389 m1 346175 0 0.5 p-1 -758 1
219 391 m1 347582 0 0.5 p-1 -134482 26
199 392 m1 372634 0 0.5 p-1 -2936999 192
275 393 m1 384398 0 0.5 p-1 -7365 2
144 394 m1 385740 0 0.5 p-1 -383835 176
93 395 m1 401977 0 0.5 p-1 -305042 72
105 396 m1 410719 0 0.5 p-1 -327550 164
133 399 m1 425833 0 0.5 p-1 -2602429 212
190 400 m1 426777 0 0.5 p-1 -229258 91
227 401 m1 431831 0 0.5 p-1 -74250 5
61 403 m1 435742 0 0.5 p-1 -9724325 366
126 404 m1 436659 0 0.5 p-1 -2055817 140
62 407 m1 464308 0 0.5 p-1 -3284889 270
303 409 m1 497868 0 0.5 p-1 -2798 3
327 410 m1 501443 0 0.5 p-1 -11589 1
305 412 m1 508633 0 0.5 p-1 -24905 1
84 413 m1 508874 0 0.5 p-1 -947246 282
207 415 m1 540781 0 0.5 p-1 -3459758 90
319 416 m1 541055 0 0.5 p-1 -7267 1
279 417 m1 563055 0 0.5 p-1 -143420 16
26 418 m1 580344 0 0.5 p-1 -566308 237
164 419 m1 591373 0 0.5 p-1 -1205058 169
65 420 m1 596357 0 0.5 p-1 -982817 317
107 421 m1 599064 0 0.5 p-1 -524676 387
185 422 m1 599164 0 0.5 p-1 -513926 123
311 423 m1 599386 0 0.5 p-1 -11069 5
86 424 m1 603436 0 0.5 p-1 -511611 28
28 425 m1 611020 0 0.5 p-1 -221864 84
173 426 m1 618097 0 0.5 p-1 -53287 69
87 428 m1 681501 0 0.5 p-1 -699586 237
282 431 m1 712162 0 0.5 p-1 -231 1
33 432 m1 719214 0 0.5 p-1 -1855563 742
37 434 m1 778993 0 0.5 p-1 -7733964 1077
285 438 m1 831315 0 0.5 p-1 -39746 1
103 439 m1 836487 0 0.5 p-1 -12481 18
209 441 m1 854390 0 0.5 p-1 -54346 42
43 442 m1 855823 0 0.5 p-1 -3707116 964
44 444 m1 882759 0 0.5 p-1 -11117448 1480
129 445 m1 883773 0 0.5 p-1 -92290 90
122 446 m1 893419 0 0.5 p-1 -337485 119
247 447 m1 896226 0 0.5 p-1 -30813 6
290 448 m1 923841 0 0.5 p-1 -3694 2
251 449 m1 937379 0 0.5 p-1 -17316 22
46 450 m1 944763 0 0.5 p-1 -6555081 1700
141 451 m1 955223 0 0.5 p-1 -3397902 250
147 452 m1 958095 0 0.5 p-1 -1281634 182
205 453 m1 989172 0 0.5 p-1 -121421 66
Individuals:
