Mutations:
0 0 m2 1231 -0.00080172898 0.5 p-1 -7645466 1426
1 1 m2 3175 -0.0148668271 0.5 p-1 -1214930 976
42 2 m2 8961 -7.37684168e-05 0.5 p-1 -1951837 1152
2 3 m2 10089 -2.4919631e-05 0.5 p-1 -4794337 1029
237 4 m2 11808 -1.27802823e-05 0.5 p-1 -613610 10
127 6 m2 14084 -0.00248933421 0.5 p-1 -263978 283
3 7 m2 19688 -0.00944394246 0.5 p-1 -4600892 1803
212 8 m2 24497 -0.000130752596 0.5 p-1 -184253 13
265 9 m2 25267 -0.0188488718 0.5 p-1 -7639 1
128 10 m2 34500 -0.0241124891 0.5 p-1 -235014 158
108 12 m2 48140 -0.0047394447 0.5 p-1 -398981 106
91 14 m2 60013 -0.132834598 0.5 p-1 -1830123 162
217 15 m2 60362 -0.00320520392 0.5 p-1 -25488 12
5 16 m2 62904 -0.000243768853 0.5 p-1 -5892079 1909
190 17 m2 68667 -0.0116940103 0.5 p-1 -35721 53
249 18 m2 71912 -4.07834023e-06 0.5 p-1 -63906 5
43 19 m2 79140 -0.00460541435 0.5 p-1 -2153139 472
70 20 m2 79863 -0.00197226251 0.5 p-1 -793918 260
6 21 m2 89770 -0.00231631682 0.5 p-1 -6703037 137
60 24 m2 103434 -3.07754308e-05 0.5 p-1 -5212896 310
253 26 m2 112476 -1.87674541e-05 0.5 p-1 -8277929 4
80 27 m2 116362 -0.0755829588 0.5 p-1 -1648693 733
44 28 m2 118289 -0.00385948573 0.5 p-1 -4115779 936
222 29 m2 119316 -0.000200187293 0.5 p-1 -24577 10
92 32 m2 138896 -0.0317417979 0.5 p-1 -138221 5
272 33 m2 154373 -0.00249115587 0.5 p-1 -3517 1
269 35 m2 158712 -0.0031094139 0.5 p-1 -1737 1
116 36 m2 160869 -0.00572789786 0.5 p-1 -84204 36
161 37 m2 165958 -0.0404112116 0.5 p-1 -5857 13
62 39 m2 176281 -0.00240853522 0.5 p-1 -2039494 685
137 40 m2 184367 -0.00845448021 0.5 p-1 -238403 8
45 41 m2 188615 -0.013154177 0.5 p-1 -314722 297
180 43 m2 213671 -0.00488863653 0.5 p-1 -132681 59
210 45 m2 214928 -0.00155167736 0.5 p-1 -29125 10
153 46 m2 216559 -0.00452958466 0.5 p-1 -73680 32
264 48 m2 225088 -0.0640553012 0.5 p-1 -115 2
187 49 m2 229301 -0.000128364598 0.5 p-1 -61065 14
72 51 m2 251557 -0.00892417133 0.5 p-1 -1087270 126
8 52 m2 251725 -0.00664976332 0.5 p-1 -4705947 742
204 55 m2 262163 -0.0064827092 0.5 p-1 -19464 7
81 56 m2 262521 -1.11346199e-09 0.5 p-1 -707143 294
147 59 m2 267651 -0.0162247028 0.5 p-1 -352555 58
169 61 m2 276516 -0.00622100616 0.5 p-1 -236841 25
46 63 m2 279766 -0.000441381766 0.5 p-1 -775010 660
162 64 m2 292709 -0.00147994992 0.5 p-1 -2419734 70
82 66 m2 298727 -0.00208796421 0.5 p-1 -670846 171
9 67 m2 301747 -0.00294766156 0.5 p-1 -2700600 1593
73 68 m2 302879 -0.000287182571 0.5 p-1 -80104 130
121 69 m2 305043 -0.00801861659 0.5 p-1 -289741 33
145 71 m2 314691 -0.000269928656 0.5 p-1 -48272 13
100 72 m2 315503 -0.000693023379 0.5 p-1 -4444904 258
122 73 m2 316176 -0.00198813621 0.5 p-1 -954116 291
114 74 m2 316906 -1.74336346e-05 0.5 p-1 -1033517 148
10 75 m2 317166 -0.00101102761 0.5 p-1 -4385029 1507
118 76 m2 317366 -0.0155752646 0.5 p-1 -588191 85
163 77 m2 318466 -0.000144946142 0.5 p-1 -4199 12
94 78 m2 323333 -0.000133807014 0.5 p-1 -228177 49
157 79 m2 324055 -0.0258740243 0.5 p-1 -98144 13
189 80 m2 325745 -0.000327431335 0.5 p-1 -296458 15
47 81 m2 331445 -0.00947157759 0.5 p-1 -1271778 530
211 82 m2 331810 -1.41491082e-05 0.5 p-1 -7618 7
192 84 m2 335142 -0.000756009656 0.5 p-1 -279581 15
74 85 m2 339122 -0.00112968031 0.5 p-1 -708600 481
105 86 m2 340689 -1.40473694e-05 0.5 p-1 -17599 62
12 87 m2 343196 -0.00255585299 0.5 p-1 -191277 64
197 88 m2 344144 -0.00128823158 0.5 p-1 -23647 7
98 89 m2 346140 -0.00029374435 0.5 p-1 -344953 276
13 90 m2 353029 -0.0208291709 0.5 p-1 -2989572 1972
183 92 m2 358283 -0.00041189816 0.5 p-1 -12225 13
136 93 m2 361375 -0.00745160319 0.5 p-1 -268271 142
242 94 m2 363965 -0.00113458862 0.5 p-1 -5127309 11
185 95 m2 364124 -0.0196263809 0.5 p-1 -34325 8
243 96 m2 371880 -0.0012454621 0.5 p-1 -37218 6
76 97 m2 380015 -0.000712774927 0.5 p-1 -560686 383
14 98 m2 382997 -0.00743887294 0.5 p-1 -5327129 402
156 99 m2 389870 -0.0115532726 0.5 p-1 -140935 48
48 100 m2 392734 -6.70690497e-05 0.5 p-1 -3120220 354
15 102 m2 398468 -0.00267570745 0.5 p-1 -3315971 413
203 103 m2 403454 -0.00532808155 0.5 p-1 -37104 6
196 104 m2 403780 -6.36830737e-05 0.5 p-1 -30759 9
134 105 m2 408748 -0.0134795206 0.5 p-1 -524905 232
179 108 m2 410981 -0.00362602295 0.5 p-1 -305254 39
99 109 m2 418279 -2.34172276e-07 0.5 p-1 -2145648 989
95 110 m2 420774 -6.58647477e-05 0.5 p-1 -222182 234
240 111 m2 422701 -0.00286685419 0.5 p-1 -10120 4
119 112 m2 425137 -1.67564838e-06 0.5 p-1 -1045169 113
238 114 m2 428205 -0.000630817143 0.5 p-1 -1375 5
17 115 m2 435577 -0.0109603042 0.5 p-1 -8274047 1986
64 116 m2 443441 -0.00133170863 0.5 p-1 -1145925 343
170 117 m2 453609 -0.0101756779 0.5 p-1 -25205 32
50 118 m2 459911 -0.00120039377 0.5 p-1 -2910997 1009
227 121 m2 469087 -0.00658264803 0.5 p-1 -111617 18
188 122 m2 469391 -0.0253741685 0.5 p-1 -16274 20
182 123 m2 469787 -0.014729741 0.5 p-1 -38068 9
85 125 m2 470430 -0.000782476156 0.5 p-1 -389120 82
18 126 m2 476509 -0.0372714512 0.5 p-1 -4228614 1066
77 127 m2 484732 -0.121992543 0.5 p-1 -461403 349
256 128 m2 485489 -0.00488575594 0.5 p-1 -9603 3
19 129 m2 485511 -0.0229887161 0.5 p-1 -3431673 1962
123 130 m2 487768 -0.00994762033 0.5 p-1 -217951 103
143 131 m2 495006 -0.00936124846 0.5 p-1 -165162 123
257 133 m2 508898 -0.00484401034 0.5 p-1 -982 1
244 134 m2 510649 -0.00606248155 0.5 p-1 -10567 9
86 136 m2 521143 -0.0420481339 0.5 p-1 -4361471 428
171 137 m2 522624 -0.0811717361 0.5 p-1 -34898 4
20 138 m2 523844 -0.00100599614 0.5 p-1 -2708401 1388
21 139 m2 523901 -4.40707436e-06 0.5 p-1 -1201152 1068
206 140 m2 527159 -0.00126458553 0.5 p-1 -27407 29
202 141 m2 534084 -0.000564648537 0.5 p-1 -23820 25
149 142 m2 536768 -0.0137637947 0.5 p-1 -488210 43
224 144 m2 551086 -5.94153535e-05 0.5 p-1 -107066 18
152 147 m2 568007 -0.00943254493 0.5 p-1 -227305 54
135 148 m2 570078 -0.00617748452 0.5 p-1 -1000334 239
88 150 m2 577675 -0.00632537249 0.5 p-1 -7293467 383
150 151 m2 578807 -0.0605977699 0.5 p-1 -3599794 37
112 152 m2 585047 -0.00033918058 0.5 p-1 -17351 9
181 153 m2 590599 -0.00253749778 0.5 p-1 -18389 18
22 154 m2 594034 -0.0272596721 0.5 p-1 -5790507 1171
23 155 m2 594308 -0.0174575318 0.5 p-1 -1771925 967
228 156 m2 598152 -0.00111067109 0.5 p-1 -32966 1
65 157 m2 602177 -0.0202868786 0.5 p-1 -294624 275
172 158 m2 605448 -0.0518630035 0.5 p-1 -17311 9
218 159 m2 608072 -0.00410630461 0.5 p-1 -126922 8
117 160 m2 610681 -0.00116612553 0.5 p-1 -705900 59
236 162 m2 624661 -0.0156570021 0.5 p-1 -9433 3
24 163 m2 629399 -0.000889164919 0.5 p-1 -5560897 597
207 166 m2 633209 -0.00919276942 0.5 p-1 -318540 5
25 168 m2 638688 -0.00064148003 0.5 p-1 -64159 97
166 169 m2 639663 -0.000166122234 0.5 p-1 -194989 4
26 170 m2 647860 -0.00135216571 0.5 p-1 -5409471 1847
194 173 m2 649855 -4.28618796e-06 0.5 p-1 -101374 27
52 174 m2 651760 -0.00224380218 0.5 p-1 -2416069 208
27 175 m2 653201 -0.0334673673 0.5 p-1 -3914361 923
53 176 m2 668144 -0.0116785169 0.5 p-1 -1551525 885
239 178 m2 676387 -0.00400361745 0.5 p-1 -22144 4
226 179 m2 679145 -1.47776857e-08 0.5 p-1 -23393 10
28 180 m2 681439 -0.00615669927 0.5 p-1 -1828518 1994
173 181 m2 683186 -4.01723355e-06 0.5 p-1 -5976789 127
29 182 m2 685652 -0.000282613066 0.5 p-1 -732976 105
144 183 m2 689325 -3.94434646e-05 0.5 p-1 -899619 203
159 184 m2 694315 -0.012321867 0.5 p-1 -45326 25
54 185 m2 703694 -0.0229058284 0.5 p-1 -817230 329
30 186 m2 704651 -0.00048502846 0.5 p-1 -2505901 550
89 187 m2 707851 -0.00486115366 0.5 p-1 -1904329 423
198 189 m2 712137 -0.00834114105 0.5 p-1 -199915 10
234 190 m2 712250 -0.00593736069 0.5 p-1 -28776 4
148 191 m2 718437 -0.00159772276 0.5 p-1 -151636 70
101 192 m2 718644 -0.000761255214 0.5 p-1 -195314 147
31 194 m2 751107 -0.00866438169 0.5 p-1 -345843 181
67 195 m2 752782 -0.00130927493 0.5 p-1 -303359 200
255 196 m2 759767 -0.016184248 0.5 p-1 -4935 4
184 197 m2 759881 -0.00914826337 0.5 p-1 -413700 98
55 199 m2 773199 -0.0220429935 0.5 p-1 -957400 152
102 200 m2 773498 -0.0138456021 0.5 p-1 -289513 259
32 201 m2 785428 -0.000780942675 0.5 p-1 -1842829 1070
164 203 m2 788296 -0.000188388818 0.5 p-1 -995901 128
165 204 m2 788822 -0.00121564791 0.5 p-1 -208023 92
186 205 m2 789295 -0.0126096345 0.5 p-1 -221755 106
200 206 m2 792020 -0.00748058083 0.5 p-1 -50815 32
78 207 m2 798158 -0.0145086236 0.5 p-1 -11463924 328
56 208 m2 799415 -0.000773972948 0.5 p-1 -2498066 1332
232 209 m2 801281 -0.000798758119 0.5 p-1 -50764 9
33 210 m2 801928 -0.00214487803 0.5 p-1 -1409166 396
34 212 m2 808490 -1.5967079e-07 0.5 p-1 -1824368 528
141 213 m2 809817 -0.0083765192 0.5 p-1 -807089 168
125 214 m2 810926 -0.00780294742 0.5 p-1 -1452237 311
132 215 m2 810975 -2.93583253e-05 0.5 p-1 -61089 107
215 217 m2 815206 -0.0153097259 0.5 p-1 -7915 3
36 218 m2 815885 -0.0291205272 0.5 p-1 -9698714 1114
268 220 m2 820807 -0.0381030776 0.5 p-1 -9922 1
68 221 m2 824595 -0.000272970821 0.5 p-1 -1082739 826
139 222 m2 839074 -0.00900359638 0.5 p-1 -10511 4
37 224 m2 850814 -0.0256395899 0.5 p-1 -1305357 1378
103 225 m2 854990 -0.00183345063 0.5 p-1 -33878 17
195 226 m2 861350 -0.00317994924 0.5 p-1 -174937 49
191 227 m2 870091 -0.000725123915 0.5 p-1 -307834 16
276 228 m2 878630 -1.07939322e-05 0.5 p-1 -38603 3
275 229 m2 887736 -7.64440992e-05 0.5 p-1 -5576 1
130 231 m2 896357 -0.0239208341 0.5 p-1 -1938196 326
274 232 m2 898981 -0.0275425259 0.5 p-1 -27889 1
57 233 m2 902849 -1.47731407e-06 0.5 p-1 -2105904 1060
205 234 m2 908467 -0.0673262551 0.5 p-1 -144834 31
39 238 m2 918893 -8.08182358e-06 0.5 p-1 -3955777 804
214 240 m2 923343 -0.00456575071 0.5 p-1 -397 3
178 242 m2 932234 -2.35157017e-06 0.5 p-1 -63198 24
59 244 m2 941069 -0.00761090824 0.5 p-1 -1845652 422
261 245 m2 947828 -0.0455232635 0.5 p-1 -17709 4
223 246 m2 950619 -0.00319999177 0.5 p-1 -16802 6
131 247 m2 953249 -1.62115384e-06 0.5 p-1 -25763 14
168 248 m2 957412 -0.0028325317 0.5 p-1 -39671 14
113 249 m2 958602 -0.000479366397 0.5 p-1 -137971 182
278 250 m2 961558 -0.0281888731 0.5 p-1 -15033 1
155 251 m2 965484 -0.00159551541 0.5 p-1 -737659 56
126 253 m2 971463 -0.000734146044 0.5 p-1 -78719 48
140 254 m2 975580 -3.58453963e-06 0.5 p-1 -208714 66
241 255 m2 987025 -0.0407646745 0.5 p-1 -212065 15
107 256 m2 987260 -0.00225311029 0.5 p-1 -124545 48
201 257 m2 994287 -0.000821921567 0.5 p-1 -13364 19
271 260 m2 313203 -0.000421840523 0.5 p0 2 1
251 263 m2 218287 -0.000996529474 0.5 p0 2 2
248 266 m2 360039 -0.00262433919 0.5 p0 2 4
252 270 m2 383125 -6.44937827e-05 0.5 p0 2 1
266 276 m2 906254 -0.0102806147 0.5 p0 2 1
221 277 m2 6669 -0.00195120112 0.5 p0 2 2
193 280 m2 511270 -0.00014035833 0.5 p0 2 8
262 281 m2 436002 -0.0615603961 0.5 p0 2 1
260 285 m2 993470 -0.0029851296 0.5 p0 2 3
245 287 m2 672238 -0.00215210672 0.5 p0 2 2
277 295 m2 44438 -1.7006043e-05 0.5 p0 2 1
208 303 m2 379807 -3.81253049e-05 0.5 p0 2 1
246 307 m2 710060 -0.000199299335 0.5 p0 2 2
273 311 m2 618794 -0.00866353046 0.5 p0 2 2
41 312 m1 632 0 0.5 p-1 -3558721 618
263 315 m1 19496 0 0.5 p-1 -8214 1
4 316 m1 21084 0 0.5 p-1 -10098016 1951
79 318 m1 97612 0 0.5 p-1 -65794 18
213 319 m1 111569 0 0.5 p-1 -32084 9
250 320 m1 124205 0 0.5 p-1 -21866 5
61 322 m1 137396 0 0.5 p-1 -257323 129
270 324 m1 187799 0 0.5 p-1 -17054 2
220 325 m1 190140 0 0.5 p-1 -2248 4
230 326 m1 200629 0 0.5 p-1 -322 5
7 327 m1 218281 0 0.5 p-1 -4692176 1674
109 328 m1 222540 0 0.5 p-1 -714297 73
71 329 m1 229906 0 0.5 p-1 -4359635 210
104 330 m1 230467 0 0.5 p-1 -1739072 863
225 331 m1 242369 0 0.5 p-1 -662 1
151 332 m1 253785 0 0.5 p-1 -148129 9
93 334 m1 312798 0 0.5 p-1 -90357 16
11 336 m1 337284 0 0.5 p-1 -2489836 881
106 337 m1 348392 0 0.5 p-1 -230505 165
75 338 m1 351916 0 0.5 p-1 -1546318 570
63 339 m1 360936 0 0.5 p-1 -35271 37
142 340 m1 362671 0 0.5 p-1 -498809 177
158 341 m1 384295 0 0.5 p-1 -15836 16
154 342 m1 391918 0 0.5 p-1 -172584 69
83 343 m1 402253 0 0.5 p-1 -14414488 1158
16 345 m1 432730 0 0.5 p-1 -574110 432
111 346 m1 452140 0 0.5 p-1 -3673662 59
49 347 m1 455823 0 0.5 p-1 -1999114 381
84 348 m1 459694 0 0.5 p-1 -1462404 451
216 349 m1 460088 0 0.5 p-1 -15255 8
110 350 m1 460737 0 0.5 p-1 -316849 322
51 351 m1 462595 0 0.5 p-1 -3625836 1496
259 353 m1 469764 0 0.5 p-1 -10180 2
124 355 m1 494651 0 0.5 p-1 -905758 78
258 356 m1 503477 0 0.5 p-1 -19559 1
120 357 m1 517187 0 0.5 p-1 -32413 15
87 358 m1 526437 0 0.5 p-1 -10080710 767
209 361 m1 547791 0 0.5 p-1 -24100 12
96 362 m1 553456 0 0.5 p-1 -1404416 402
146 363 m1 575321 0 0.5 p-1 -48837 49
174 364 m1 588128 0 0.5 p-1 -102655 9
97 365 m1 591069 0 0.5 p-1 -1227909 294
229 366 m1 594548 0 0.5 p-1 -49584 5
138 367 m1 608059 0 0.5 p-1 -30599 9
267 368 m1 608068 0 0.5 p-1 -1281 1
175 369 m1 624720 0 0.5 p-1 -69472 19
66 372 m1 647948 0 0.5 p-1 -3335238 282
115 373 m1 690100 0 0.5 p-1 -3988591 184
219 374 m1 704594 0 0.5 p-1 -269447 6
129 376 m1 745377 0 0.5 p-1 -2006200 271
90 377 m1 782496 0 0.5 p-1 -521223 184
160 379 m1 802376 0 0.5 p-1 -105768 18
35 380 m1 808927 0 0.5 p-1 -155526 53
176 381 m1 813261 0 0.5 p-1 -28666 12
247 382 m1 842801 0 0.5 p-1 -9077 2
69 383 m1 849537 0 0.5 p-1 -95569 50
199 384 m1 851205 0 0.5 p-1 -216786 13
233 386 m1 854562 0 0.5 p-1 -57890 8
38 388 m1 889132 0 0.5 p-1 -2518753 800
40 389 m1 919912 0 0.5 p-1 -1365202 605
58 390 m1 921996 0 0.5 p-1 -973328 639
167 392 m1 941261 0 0.5 p-1 -736858 69
231 393 m1 941626 0 0.5 p-1 -115109 4
235 394 m1 943045 0 0.5 p-1 -212978 11
177 395 m1 958447 0 0.5 p-1 -59315 30
133 396 m1 976001 0 0.5 p-1 -89773 23
254 397 m1 978124 0 0.5 p-1 -656 6
Individuals:
