Mutations:
1 1 m2 16554 -0.00313826581 0.5 p-1 -1313535 605
206 3 m2 19847 -0.0108166905 0.5 p-1 -717724 197
102 4 m2 20730 -0.0238812771 0.5 p-1 -2271922 245
196 5 m2 26405 -0.00454898644 0.5 p-1 -32639 18
202 6 m2 33189 -4.30005429e-07 0.5 p-1 -296377 50
93 8 m2 41179 -0.00100680941 0.5 p-1 -391442 247
188 10 m2 45572 -0.0127473045 0.5 p-1 -161885 44
181 12 m2 49091 -5.66231211e-06 0.5 p-1 -1919 21
211 14 m2 60434 -0.00121575303 0.5 p-1 -184725 46
118 15 m2 63501 -4.19048229e-05 0.5 p-1 -50940 57
2 16 m2 73395 -0.00260783895 0.5 p-1 -2240757 1043
45 17 m2 73418 -0.0114805996 0.5 p-1 -2879818 759
131 20 m2 78780 -0.0197269693 0.5 p-1 -7881331 430
221 21 m2 87571 -0.00211810996 0.5 p-1 -436958 30
94 23 m2 89731 -0.00297558797 0.5 p-1 -512186 516
113 24 m2 92431 -0.00103566167 0.5 p-1 -5435484 408
194 25 m2 93462 -0.0301100034 0.5 p-1 -54958 28
95 27 m2 108493 -0.0255723726 0.5 p-1 -3581672 275
46 29 m2 110611 -0.0105602136 0.5 p-1 -527177 205
138 30 m2 112709 -0.0430609696 0.5 p-1 -3078411 483
154 33 m2 131486 -0.0358099155 0.5 p-1 -693172 123
170 34 m2 133119 -1.37915622e-05 0.5 p-1 -511751 27
4 35 m2 133407 -0.00558173098 0.5 p-1 -7397563 1491
157 36 m2 139767 -0.000111773108 0.5 p-1 -3624043 47
237 39 m2 146452 -0.00733464165 0.5 p-1 -830936 24
155 40 m2 146548 -1.70340518e-05 0.5 p-1 -799948 294
238 41 m2 146747 -0.0112787588 0.5 p-1 -36579 14
146 42 m2 155035 -4.61927073e-07 0.5 p-1 -99726 21
290 45 m2 169604 -3.24031644e-05 0.5 p-1 -4506 1
69 46 m2 170759 -1.53031121e-09 0.5 p-1 -1306369 410
142 49 m2 184404 -0.0124820285 0.5 p-1 -5147734 162
212 50 m2 185645 -0.00494311471 0.5 p-1 -459992 33
250 51 m2 186234 -1.32128353e-05 0.5 p-1 -136587 13
49 52 m2 192218 -0.000278888299 0.5 p-1 -3740197 953
198 53 m2 205200 -0.000226225253 0.5 p-1 -159872 25
70 54 m2 209825 -0.00638206117 0.5 p-1 -1476563 434
224 55 m2 212738 -3.24607099e-05 0.5 p-1 -886641 58
6 59 m2 221911 -0.059087906 0.5 p-1 -2153875 834
80 60 m2 223157 -0.0210617427 0.5 p-1 -404092 333
205 61 m2 232665 -0.000189518905 0.5 p-1 -121387 44
103 63 m2 267270 -0.000152234905 0.5 p-1 -3116606 818
9 64 m2 274859 -0.00287505635 0.5 p-1 -1045108 192
125 65 m2 275275 -0.000285964168 0.5 p-1 -1372769 892
10 66 m2 279904 -0.00285008689 0.5 p-1 -4270426 776
51 67 m2 283514 -0.0375057086 0.5 p-1 -465219 454
81 68 m2 284598 -0.0453892723 0.5 p-1 -63220 34
119 69 m2 284703 -0.0023969966 0.5 p-1 -38803 84
256 70 m2 290972 -9.69056657e-08 0.5 p-1 -126779 23
235 71 m2 295560 -6.03207839e-09 0.5 p-1 -345893 71
216 72 m2 297265 -0.00262585096 0.5 p-1 -154925 59
126 74 m2 298864 -0.0116248317 0.5 p-1 -100785 37
11 75 m2 308581 -3.26737936e-05 0.5 p-1 -3526374 1857
72 76 m2 309020 -3.7939426e-06 0.5 p-1 -3808227 700
166 77 m2 316684 -0.00242034369 0.5 p-1 -223510 129
104 81 m2 327310 -0.054058671 0.5 p-1 -19789856 640
158 82 m2 332030 -0.000173198699 0.5 p-1 -17406 12
270 83 m2 335455 -2.13396197e-06 0.5 p-1 -25567 17
183 86 m2 344358 -0.00442016823 0.5 p-1 -10223 11
97 87 m2 347139 -0.0147207901 0.5 p-1 -1049591 566
159 88 m2 362138 -0.00932966452 0.5 p-1 -53472 42
298 89 m2 362593 -0.000935114687 0.5 p-1 -86989 3
14 91 m2 371952 -0.000385965395 0.5 p-1 -3037302 1821
15 93 m2 373780 -0.000516252127 0.5 p-1 -169707 224
271 94 m2 375787 -0.00656421063 0.5 p-1 -55232 15
105 95 m2 376171 -0.00595017755 0.5 p-1 -795201 198
73 96 m2 377060 -1.75139905e-06 0.5 p-1 -2716187 1045
53 97 m2 377831 -0.00334587321 0.5 p-1 -1759363 937
156 98 m2 380391 -0.00911491644 0.5 p-1 -558681 64
16 100 m2 383324 -0.00794204231 0.5 p-1 -1805465 570
127 101 m2 385248 -0.00277530216 0.5 p-1 -87156 97
284 102 m2 385431 -0.00215537404 0.5 p-1 -9119 2
294 103 m2 389525 -0.00334588834 0.5 p-1 -35850 2
203 104 m2 399535 -0.000220095084 0.5 p-1 -72945 12
17 105 m2 399771 -0.00981114805 0.5 p-1 -863716 1230
267 106 m2 403726 -0.00470152125 0.5 p-1 -8647 5
160 107 m2 407794 -0.000879035622 0.5 p-1 -471025 260
263 110 m2 416518 -0.00280939415 0.5 p-1 -179110 23
226 111 m2 419867 -0.0131861353 0.5 p-1 -55164 33
302 112 m2 422557 -0.038424816 0.5 p-1 -55909 1
18 114 m2 427072 -0.0055806688 0.5 p-1 -584180 264
55 115 m2 428755 -4.07709704e-05 0.5 p-1 -4176038 1562
223 118 m2 434137 -0.00320727611 0.5 p-1 -10630 22
144 119 m2 439668 -0.000364996318 0.5 p-1 -1942999 59
19 120 m2 441183 -0.000421424513 0.5 p-1 -1647931 1517
232 122 m2 441505 -0.015098541 0.5 p-1 -39517 5
20 126 m2 453893 -0.000356287987 0.5 p-1 -2984012 865
107 127 m2 456591 -0.0295293331 0.5 p-1 -815750 541
289 129 m2 461286 -0.014305965 0.5 p-1 -12137 3
259 130 m2 467207 -4.38002608e-05 0.5 p-1 -105862 27
249 135 m2 473884 -0.0128863342 0.5 p-1 -13820 14
108 137 m2 481764 -0.000607129652 0.5 p-1 -10022859 571
197 141 m2 497144 -0.004452297 0.5 p-1 -152519 81
275 144 m2 514225 -0.000109218759 0.5 p-1 -25762 11
57 146 m2 516779 -0.000158783689 0.5 p-1 -4970555 1096
22 147 m2 518080 -0.00035692635 0.5 p-1 -7823533 1600
217 148 m2 522536 -1.67541339e-06 0.5 p-1 -143627 28
88 150 m2 534973 -0.01026149 0.5 p-1 -1580339 594
247 152 m2 543431 -0.0064697261 0.5 p-1 -150654 26
167 153 m2 546286 -1.5009663e-05 0.5 p-1 -11349001 204
215 154 m2 546805 -3.58509993e-07 0.5 p-1 -69569 37
260 155 m2 547384 -3.55028824e-05 0.5 p-1 -8499 1
199 156 m2 548259 -0.0140319504 0.5 p-1 -328685 6
231 157 m2 549898 -0.000162076452 0.5 p-1 -133159 32
82 158 m2 551435 -0.000803822826 0.5 p-1 -532932 157
58 159 m2 561704 -0.0104260109 0.5 p-1 -1178978 82
59 160 m2 568493 -0.00111810374 0.5 p-1 -161830 107
171 161 m2 574120 -0.000321769359 0.5 p-1 -1453222 103
23 162 m2 576773 -0.00116277277 0.5 p-1 -717626 386
114 163 m2 583495 -0.0126133515 0.5 p-1 -4875153 807
60 164 m2 593929 -3.09516366e-07 0.5 p-1 -3146937 252
83 166 m2 597683 -0.00817408599 0.5 p-1 -2274770 195
277 167 m2 598633 -1.72276771e-06 0.5 p-1 -220674 18
89 168 m2 599241 -2.68532058e-05 0.5 p-1 -5997133 643
163 169 m2 602092 -0.00313061243 0.5 p-1 -468245 140
122 170 m2 602586 -0.00739395432 0.5 p-1 -822646 364
25 171 m2 605987 -0.00314184348 0.5 p-1 -3074296 976
26 172 m2 609232 -0.0387260206 0.5 p-1 -950634 165
27 173 m2 614579 -4.15332543e-05 0.5 p-1 -2562000 1841
173 174 m2 616974 -0.0338809565 0.5 p-1 -150358 33
291 175 m2 617493 -8.15663148e-10 0.5 p-1 -103377 15
268 176 m2 618010 -0.0206666794 0.5 p-1 -435826 22
133 177 m2 619175 -0.00998421758 0.5 p-1 -372525 327
234 178 m2 627846 -0.00035045165 0.5 p-1 -94265 16
90 179 m2 628472 -1.03559205e-06 0.5 p-1 -6568440 372
184 182 m2 631795 -0.0276766177 0.5 p-1 -425844 141
147 183 m2 641157 -0.000453850866 0.5 p-1 -1568426 82
139 184 m2 646401 -2.51133588e-06 0.5 p-1 -122357 113
255 185 m2 649687 -0.0078490125 0.5 p-1 -3542 3
28 186 m2 654643 -0.00163796591 0.5 p-1 -6667951 1162
140 188 m2 657376 -0.00918995962 0.5 p-1 -251664 81
280 189 m2 670204 -0.0286339633 0.5 p-1 -56201 2
191 191 m2 672591 -0.00748723792 0.5 p-1 -272665 101
29 193 m2 676620 -0.012213924 0.5 p-1 -5752896 962
30 194 m2 678521 -0.0191249102 0.5 p-1 -4775135 198
278 195 m2 681619 -0.000113693372 0.5 p-1 -253 2
207 196 m2 684793 -0.00366736832 0.5 p-1 -369627 92
123 197 m2 707560 -8.42116879e-06 0.5 p-1 -709663 434
61 198 m2 707572 -0.00224570208 0.5 p-1 -848312 424
168 200 m2 708246 -0.0106704151 0.5 p-1 -223573 15
185 201 m2 720452 -0.000200828566 0.5 p-1 -368163 93
225 202 m2 723054 -1.79408325e-05 0.5 p-1 -559303 48
31 203 m2 724802 -2.8249784e-05 0.5 p-1 -180081 129
74 204 m2 725024 -0.00560441799 0.5 p-1 -16543 17
148 205 m2 727257 -0.000156660666 0.5 p-1 -837772 122
200 206 m2 732004 -0.000428253232 0.5 p-1 -237433 36
32 207 m2 735632 -0.00223238836 0.5 p-1 -12896577 1352
134 208 m2 735679 -0.000664080435 0.5 p-1 -856971 234
33 210 m2 740382 -0.0227164309 0.5 p-1 -5441852 1895
193 211 m2 744043 -0.0019133247 0.5 p-1 -9854 30
281 212 m2 748265 -0.00816754997 0.5 p-1 -43471 5
115 213 m2 748618 -0.00473759091 0.5 p-1 -2781833 300
34 214 m2 750107 -0.00107977877 0.5 p-1 -2201742 1005
84 215 m2 759791 -0.000496900757 0.5 p-1 -2328005 468
201 217 m2 765626 -1.62656252e-05 0.5 p-1 -1428508 80
99 221 m2 772872 -0.0170404594 0.5 p-1 -1800282 193
229 222 m2 778292 -0.00816320814 0.5 p-1 -237154 89
236 223 m2 782987 -0.0084320195 0.5 p-1 -52280 24
62 224 m2 790316 -0.000435334427 0.5 p-1 -963845 939
36 225 m2 792446 -0.00307976943 0.5 p-1 -3642919 1203
129 226 m2 794817 -0.00529503124 0.5 p-1 -215551 47
282 227 m2 796378 -7.78286121e-05 0.5 p-1 -65186 3
195 228 m2 797506 -0.000309090712 0.5 p-1 -440130 84
75 230 m2 798708 -0.00107720715 0.5 p-1 -3091014 473
37 231 m2 799496 -0.00918782689 0.5 p-1 -4374263 1189
186 232 m2 803740 -0.00978168659 0.5 p-1 -3758530 92
63 233 m2 806539 -0.0160222743 0.5 p-1 -256817 25
149 235 m2 813330 -3.77394933e-08 0.5 p-1 -211537 63
135 236 m2 823903 -0.00445837248 0.5 p-1 -1675374 82
76 237 m2 831542 -0.00241104397 0.5 p-1 -827327 119
64 238 m2 837520 -0.0274343882 0.5 p-1 -6486641 1365
245 240 m2 840630 -0.0109181255 0.5 p-1 -31932 14
38 241 m2 841645 -7.26674261e-05 0.5 p-1 -3213178 1258
251 242 m2 845988 -0.000387060601 0.5 p-1 -37257 3
39 243 m2 846021 -1.81045809e-08 0.5 p-1 -391647 390
279 244 m2 847583 -0.00107225578 0.5 p-1 -102041 9
295 245 m2 853617 -1.46160306e-11 0.5 p-1 -19478 1
276 246 m2 853699 -0.000176574089 0.5 p-1 -234929 8
266 247 m2 854024 -4.43649988e-05 0.5 p-1 -3405 3
164 248 m2 854155 -0.00859897863 0.5 p-1 -343798 92
300 249 m2 854688 -0.00572087429 0.5 p-1 -28359 1
165 251 m2 856011 -0.000947779743 0.5 p-1 -69368 30
208 253 m2 858615 -0.00382782123 0.5 p-1 -56788 13
254 255 m2 864193 -0.00244759 0.5 p-1 -9368 9
124 256 m2 867671 -0.00870218594 0.5 p-1 -9193941 87
227 257 m2 877265 -0.000432808243 0.5 p-1 -704123 8
40 258 m2 879102 -0.00487086317 0.5 p-1 -2698566 842
178 259 m2 879184 -0.0407457426 0.5 p-1 -112588 103
151 260 m2 884155 -0.00135928451 0.5 p-1 -1727260 267
110 261 m2 886464 -0.0707808658 0.5 p-1 -622324 96
264 262 m2 886621 -0.000280112872 0.5 p-1 -6110 16
78 263 m2 887824 -0.0290576126 0.5 p-1 -136584 28
91 264 m2 890690 -0.00197028951 0.5 p-1 -21330 13
111 266 m2 895876 -0.0220501572 0.5 p-1 -883597 23
175 267 m2 897426 -0.0200714413 0.5 p-1 -218782 90
179 268 m2 899825 -0.0186455082 0.5 p-1 -359597 233
85 269 m2 900641 -0.0567586906 0.5 p-1 -2285746 962
230 270 m2 902109 -0.00205965666 0.5 p-1 -865596 49
42 271 m2 907913 -0.00133091537 0.5 p-1 -777318 593
286 273 m2 916041 -2.09030622e-05 0.5 p-1 -471 1
100 275 m2 917721 -0.0222473033 0.5 p-1 -165985 63
152 276 m2 919285 -0.00653648842 0.5 p-1 -660277 417
66 277 m2 922895 -3.18569801e-05 0.5 p-1 -995805 442
101 279 m2 927116 -0.0824819282 0.5 p-1 -1588458 289
67 280 m2 927677 -2.71250665e-05 0.5 p-1 -4920454 282
274 281 m2 941472 -0.00844884105 0.5 p-1 -321550 4
204 282 m2 960779 -0.0294002499 0.5 p-1 -1602898 132
117 283 m2 962365 -0.00229941402 0.5 p-1 -558329 223
153 284 m2 969634 -4.75663692e-05 0.5 p-1 -841246 43
150 285 m2 970921 -0.00251782732 0.5 p-1 -155875 47
176 286 m2 976321 -0.00757070538 0.5 p-1 -314110 152
92 287 m2 980846 -0.0101347361 0.5 p-1 -795705 204
136 288 m2 981164 -0.00750922598 0.5 p-1 -247126 141
44 289 m2 981352 -0.00920283515 0.5 p-1 -1943629 1890
130 291 m2 995110 -9.64383216e-05 0.5 p-1 -303163 52
248 292 m2 161462 -0.0184203573 0.5 p0 2 2
292 297 m2 169316 -0.0426971018 0.5 p0 2 1
243 302 m2 341014 -0.000590078649 0.5 p0 2 6
303 306 m2 756244 -0.00419776933 0.5 p0 2 2
283 316 m2 988521 -0.00282152207 0.5 p0 2 3
257 317 m2 400672 -6.06612457e-06 0.5 p0 2 4
273 321 m2 81032 -0.00181907869 0.5 p0 2 11
252 325 m2 228673 -0.00812323391 0.5 p0 2 6
174 326 m2 648494 -0.00226419 0.5 p0 2 3
287 337 m2 555618 -0.023272343 0.5 p0 2 3
222 338 m2 242891 -0.000298278348 0.5 p0 2 17
162 339 m2 581083 -0.000159746836 0.5 p0 2 9
293 346 m2 477415 -0.000169994441 0.5 p0 2 1
0 348 m1 966 0 0.5 p-1 -5620549 1925
79 349 m1 1936 0 0.5 p-1 -2488059 421
296 350 m1 7038 0 0.5 p-1 -17957 3
137 351 m1 7512 0 0.5 p-1 -41041 56
210 352 m1 12999 0 0.5 p-1 -73184 35
68 354 m1 48819 0 0.5 p-1 -1395944 109
86 355 m1 56854 0 0.5 p-1 -1468017 508
301 357 m1 67286 0 0.5 p-1 -14706 1
182 358 m1 67822 0 0.5 p-1 -503590 129
228 359 m1 72558 0 0.5 p-1 -179053 31
285 360 m1 82751 0 0.5 p-1 -10221 3
169 361 m1 87414 0 0.5 p-1 -75626 54
241 362 m1 95934 0 0.5 p-1 -86174 36
3 364 m1 124341 0 0.5 p-1 -1714179 1159
214 366 m1 138621 0 0.5 p-1 -257921 13
47 367 m1 139804 0 0.5 p-1 -249004 67
242 369 m1 143477 0 0.5 p-1 -93750 1
48 373 m1 190730 0 0.5 p-1 -291462 264
5 374 m1 196053 0 0.5 p-1 -3387696 1868
50 375 m1 197000 0 0.5 p-1 -2270150 455
288 376 m1 199844 0 0.5 p-1 -6049 1
246 377 m1 217559 0 0.5 p-1 -8755 8
96 378 m1 224036 0 0.5 p-1 -7046401 295
71 379 m1 228161 0 0.5 p-1 -7583973 1121
192 380 m1 230122 0 0.5 p-1 -250657 58
7 381 m1 247079 0 0.5 p-1 -10949917 1780
8 382 m1 262201 0 0.5 p-1 -8240516 473
120 384 m1 299385 0 0.5 p-1 -135948 95
12 385 m1 332957 0 0.5 p-1 -73508 63
52 386 m1 338594 0 0.5 p-1 -81683 16
177 387 m1 339915 0 0.5 p-1 -122217 164
13 388 m1 343237 0 0.5 p-1 -8763724 1437
219 391 m1 347582 0 0.5 p-1 -134482 49
121 392 m1 372634 0 0.5 p-1 -2936999 199
87 394 m1 385740 0 0.5 p-1 -383835 161
240 395 m1 401977 0 0.5 p-1 -305042 52
54 396 m1 410719 0 0.5 p-1 -327550 149
239 397 m1 412138 0 0.5 p-1 -6450 10
106 399 m1 425833 0 0.5 p-1 -2602429 294
189 400 m1 426777 0 0.5 p-1 -229258 154
190 401 m1 431831 0 0.5 p-1 -74250 39
56 403 m1 435742 0 0.5 p-1 -9724325 310
143 404 m1 436659 0 0.5 p-1 -2055817 216
132 407 m1 464308 0 0.5 p-1 -3284889 196
261 410 m1 501443 0 0.5 p-1 -11589 4
299 411 m1 503834 0 0.5 p-1 -540 1
244 412 m1 508633 0 0.5 p-1 -24905 6
21 413 m1 508874 0 0.5 p-1 -947246 273
269 414 m1 532890 0 0.5 p-1 -4458 6
213 415 m1 540781 0 0.5 p-1 -3459758 75
262 417 m1 563055 0 0.5 p-1 -143420 7
161 418 m1 580344 0 0.5 p-1 -566308 286
24 419 m1 591373 0 0.5 p-1 -1205058 220
109 420 m1 596357 0 0.5 p-1 -982817 352
145 421 m1 599064 0 0.5 p-1 -524676 421
172 422 m1 599164 0 0.5 p-1 -513926 73
258 423 m1 599386 0 0.5 p-1 -11069 17
233 424 m1 603436 0 0.5 p-1 -511611 29
218 425 m1 611020 0 0.5 p-1 -221864 41
220 426 m1 618097 0 0.5 p-1 -53287 48
128 428 m1 681501 0 0.5 p-1 -699586 237
253 430 m1 704618 0 0.5 p-1 -4110 8
98 432 m1 719214 0 0.5 p-1 -1855563 961
35 434 m1 778993 0 0.5 p-1 -7733964 1158
265 436 m1 800593 0 0.5 p-1 -200 4
187 439 m1 836487 0 0.5 p-1 -12481 22
209 441 m1 854390 0 0.5 p-1 -54346 48
65 442 m1 855823 0 0.5 p-1 -3707116 1003
41 444 m1 882759 0 0.5 p-1 -11117448 1531
77 445 m1 883773 0 0.5 p-1 -92290 79
141 446 m1 893419 0 0.5 p-1 -337485 166
297 447 m1 896226 0 0.5 p-1 -30813 1
272 449 m1 937379 0 0.5 p-1 -17316 6
43 450 m1 944763 0 0.5 p-1 -6555081 1736
112 451 m1 955223 0 0.5 p-1 -3397902 227
116 452 m1 958095 0 0.5 p-1 -1281634 183
180 453 m1 989172 0 0.5 p-1 -121421 35
Individuals:
