Mutations:
82 1 m2 16554 -0.00313826581 0.5 p-1 -1313535 730
248 2 m2 19401 -0.000410136563 0.5 p-1 -12825 4
72 3 m2 19847 -0.0108166905 0.5 p-1 -717724 265
73 4 m2 20730 -0.0238812771 0.5 p-1 -2271922 244
272 5 m2 26405 -0.00454898644 0.5 p-1 -32639 9
207 6 m2 33189 -4.30005429e-07 0.5 p-1 -296377 67
254 7 m2 40781 -0.00642583426 0.5 p-1 -18372 13
149 8 m2 41179 -0.00100680941 0.5 p-1 -391442 295
277 10 m2 45572 -0.0127473045 0.5 p-1 -161885 9
200 12 m2 49091 -5.66231211e-06 0.5 p-1 -1919 8
208 14 m2 60434 -0.00121575303 0.5 p-1 -184725 44
100 15 m2 63501 -4.19048229e-05 0.5 p-1 -50940 22
1 16 m2 73395 -0.00260783895 0.5 p-1 -2240757 1013
118 17 m2 73418 -0.0114805996 0.5 p-1 -2879818 790
83 20 m2 78780 -0.0197269693 0.5 p-1 -7881331 512
202 21 m2 87571 -0.00211810996 0.5 p-1 -436958 43
48 23 m2 89731 -0.00297558797 0.5 p-1 -512186 356
101 24 m2 92431 -0.00103566167 0.5 p-1 -5435484 431
209 25 m2 93462 -0.0301100034 0.5 p-1 -54958 1
84 27 m2 108493 -0.0255723726 0.5 p-1 -3581672 379
119 29 m2 110611 -0.0105602136 0.5 p-1 -527177 253
49 30 m2 112709 -0.0430609696 0.5 p-1 -3078411 419
50 33 m2 131486 -0.0358099155 0.5 p-1 -693172 76
264 34 m2 133119 -1.37915622e-05 0.5 p-1 -511751 25
3 35 m2 133407 -0.00558173098 0.5 p-1 -7397563 1539
239 36 m2 139767 -0.000111773108 0.5 p-1 -3624043 86
266 39 m2 146452 -0.00733464165 0.5 p-1 -830936 10
4 40 m2 146548 -1.70340518e-05 0.5 p-1 -799948 314
288 41 m2 146747 -0.0112787588 0.5 p-1 -36579 3
224 42 m2 155035 -4.61927073e-07 0.5 p-1 -99726 27
156 46 m2 170759 -1.53031121e-09 0.5 p-1 -1306369 367
5 49 m2 184404 -0.0124820285 0.5 p-1 -5147734 172
237 50 m2 185645 -0.00494311471 0.5 p-1 -459992 22
293 51 m2 186234 -1.32128353e-05 0.5 p-1 -136587 4
6 52 m2 192218 -0.000278888299 0.5 p-1 -3740197 962
141 53 m2 205200 -0.000226225253 0.5 p-1 -159872 44
94 54 m2 209825 -0.00638206117 0.5 p-1 -1476563 299
131 55 m2 212738 -3.24607099e-05 0.5 p-1 -886641 55
251 56 m2 214183 -0.000650374859 0.5 p-1 -8667 7
8 59 m2 221911 -0.059087906 0.5 p-1 -2153875 869
95 60 m2 223157 -0.0210617427 0.5 p-1 -404092 224
168 61 m2 232665 -0.000189518905 0.5 p-1 -121387 52
10 63 m2 267270 -0.000152234905 0.5 p-1 -3116606 855
11 64 m2 274859 -0.00287505635 0.5 p-1 -1045108 163
53 65 m2 275275 -0.000285964168 0.5 p-1 -1372769 1028
85 66 m2 279904 -0.00285008689 0.5 p-1 -4270426 812
74 67 m2 283514 -0.0375057086 0.5 p-1 -465219 362
221 68 m2 284598 -0.0453892723 0.5 p-1 -63220 37
256 69 m2 284703 -0.0023969966 0.5 p-1 -38803 24
121 70 m2 290972 -9.69056657e-08 0.5 p-1 -126779 58
179 71 m2 295560 -6.03207839e-09 0.5 p-1 -345893 99
226 72 m2 297265 -0.00262585096 0.5 p-1 -154925 44
136 74 m2 298864 -0.0116248317 0.5 p-1 -100785 100
12 75 m2 308581 -3.26737936e-05 0.5 p-1 -3526374 1889
75 76 m2 309020 -3.7939426e-06 0.5 p-1 -3808227 856
188 77 m2 316684 -0.00242034369 0.5 p-1 -223510 229
298 78 m2 318523 -0.0313937403 0.5 p-1 -248 1
286 80 m2 326770 -5.49988499e-07 0.5 p-1 -16870 5
13 81 m2 327310 -0.054058671 0.5 p-1 -19789856 760
186 82 m2 332030 -0.000173198699 0.5 p-1 -17406 16
282 83 m2 335455 -2.13396197e-06 0.5 p-1 -25567 5
128 86 m2 344358 -0.00442016823 0.5 p-1 -10223 17
96 87 m2 347139 -0.0147207901 0.5 p-1 -1049591 437
182 88 m2 362138 -0.00932966452 0.5 p-1 -53472 54
15 91 m2 371952 -0.000385965395 0.5 p-1 -3037302 1787
112 93 m2 373780 -0.000516252127 0.5 p-1 -169707 177
227 94 m2 375787 -0.00656421063 0.5 p-1 -55232 49
113 95 m2 376171 -0.00595017755 0.5 p-1 -795201 196
16 96 m2 377060 -1.75139905e-06 0.5 p-1 -2716187 1178
17 97 m2 377831 -0.00334587321 0.5 p-1 -1759363 909
164 98 m2 380391 -0.00911491644 0.5 p-1 -558681 101
54 100 m2 383324 -0.00794204231 0.5 p-1 -1805465 596
18 101 m2 385248 -0.00277530216 0.5 p-1 -87156 38
234 102 m2 385431 -0.00215537404 0.5 p-1 -9119 15
242 104 m2 399535 -0.000220095084 0.5 p-1 -72945 10
19 105 m2 399771 -0.00981114805 0.5 p-1 -863716 1271
247 106 m2 403726 -0.00470152125 0.5 p-1 -8647 16
175 107 m2 407794 -0.000879035622 0.5 p-1 -471025 275
258 110 m2 416518 -0.00280939415 0.5 p-1 -179110 14
205 111 m2 419867 -0.0131861353 0.5 p-1 -55164 50
284 112 m2 422557 -0.038424816 0.5 p-1 -55909 3
55 114 m2 427072 -0.0055806688 0.5 p-1 -584180 221
20 115 m2 428755 -4.07709704e-05 0.5 p-1 -4176038 1580
295 118 m2 434137 -0.00320727611 0.5 p-1 -10630 1
157 119 m2 439668 -0.000364996318 0.5 p-1 -1942999 65
21 120 m2 441183 -0.000421424513 0.5 p-1 -1647931 1504
158 122 m2 441505 -0.015098541 0.5 p-1 -39517 19
279 124 m2 443654 -5.64147813e-05 0.5 p-1 -3342 7
56 126 m2 453893 -0.000356287987 0.5 p-1 -2984012 965
57 127 m2 456591 -0.0295293331 0.5 p-1 -815750 596
115 130 m2 467207 -4.38002608e-05 0.5 p-1 -105862 9
283 131 m2 468349 -9.40392783e-06 0.5 p-1 -24967 2
229 134 m2 473154 -0.00101820857 0.5 p-1 -12662 18
269 135 m2 473884 -0.0128863342 0.5 p-1 -13820 12
169 136 m2 480003 -0.0134336771 0.5 p-1 -42846 11
87 137 m2 481764 -0.000607129652 0.5 p-1 -10022859 666
183 141 m2 497144 -0.004452297 0.5 p-1 -152519 66
290 144 m2 514225 -0.000109218759 0.5 p-1 -25762 6
59 146 m2 516779 -0.000158783689 0.5 p-1 -4970555 1069
22 147 m2 518080 -0.00035692635 0.5 p-1 -7823533 1714
194 148 m2 522536 -1.67541339e-06 0.5 p-1 -143627 24
60 150 m2 534973 -0.01026149 0.5 p-1 -1580339 519
243 152 m2 543431 -0.0064697261 0.5 p-1 -150654 13
190 153 m2 546286 -1.5009663e-05 0.5 p-1 -11349001 196
159 154 m2 546805 -3.58509993e-07 0.5 p-1 -69569 48
267 155 m2 547384 -3.55028824e-05 0.5 p-1 -8499 9
199 156 m2 548259 -0.0140319504 0.5 p-1 -328685 37
105 157 m2 549898 -0.000162076452 0.5 p-1 -133159 35
215 158 m2 551435 -0.000803822826 0.5 p-1 -532932 136
230 159 m2 561704 -0.0104260109 0.5 p-1 -1178978 69
148 160 m2 568493 -0.00111810374 0.5 p-1 -161830 105
228 161 m2 574120 -0.000321769359 0.5 p-1 -1453222 106
23 162 m2 576773 -0.00116277277 0.5 p-1 -717626 275
25 163 m2 583495 -0.0126133515 0.5 p-1 -4875153 867
151 164 m2 593929 -3.09516366e-07 0.5 p-1 -3146937 156
142 166 m2 597683 -0.00817408599 0.5 p-1 -2274770 127
170 167 m2 598633 -1.72276771e-06 0.5 p-1 -220674 58
88 168 m2 599241 -2.68532058e-05 0.5 p-1 -5997133 857
216 169 m2 602092 -0.00313061243 0.5 p-1 -468245 77
61 170 m2 602586 -0.00739395432 0.5 p-1 -822646 408
26 171 m2 605987 -0.00314184348 0.5 p-1 -3074296 772
138 172 m2 609232 -0.0387260206 0.5 p-1 -950634 209
27 173 m2 614579 -4.15332543e-05 0.5 p-1 -2562000 1822
240 174 m2 616974 -0.0338809565 0.5 p-1 -150358 14
162 175 m2 617493 -8.15663148e-10 0.5 p-1 -103377 42
176 176 m2 618010 -0.0206666794 0.5 p-1 -435826 37
152 177 m2 619175 -0.00998421758 0.5 p-1 -372525 345
153 178 m2 627846 -0.00035045165 0.5 p-1 -94265 13
97 179 m2 628472 -1.03559205e-06 0.5 p-1 -6568440 335
180 182 m2 631795 -0.0276766177 0.5 p-1 -425844 90
106 183 m2 641157 -0.000453850866 0.5 p-1 -1568426 84
154 184 m2 646401 -2.51133588e-06 0.5 p-1 -122357 108
89 186 m2 654643 -0.00163796591 0.5 p-1 -6667951 1198
78 188 m2 657376 -0.00918995962 0.5 p-1 -251664 145
222 189 m2 670204 -0.0286339633 0.5 p-1 -56201 11
231 191 m2 672591 -0.00748723792 0.5 p-1 -272665 88
28 193 m2 676620 -0.012213924 0.5 p-1 -5752896 830
171 194 m2 678521 -0.0191249102 0.5 p-1 -4775135 119
195 196 m2 684793 -0.00366736832 0.5 p-1 -369627 75
90 197 m2 707560 -8.42116879e-06 0.5 p-1 -709663 389
107 198 m2 707572 -0.00224570208 0.5 p-1 -848312 360
261 200 m2 708246 -0.0106704151 0.5 p-1 -223573 12
63 201 m2 720452 -0.000200828566 0.5 p-1 -368163 123
238 202 m2 723054 -1.79408325e-05 0.5 p-1 -559303 50
163 203 m2 724802 -2.8249784e-05 0.5 p-1 -180081 147
155 204 m2 725024 -0.00560441799 0.5 p-1 -16543 24
144 205 m2 727257 -0.000156660666 0.5 p-1 -837772 112
133 206 m2 732004 -0.000428253232 0.5 p-1 -237433 109
30 207 m2 735632 -0.00223238836 0.5 p-1 -12896577 1230
64 208 m2 735679 -0.000664080435 0.5 p-1 -856971 206
31 210 m2 740382 -0.0227164309 0.5 p-1 -5441852 1910
276 211 m2 744043 -0.0019133247 0.5 p-1 -9854 6
262 212 m2 748265 -0.00816754997 0.5 p-1 -43471 8
134 213 m2 748618 -0.00473759091 0.5 p-1 -2781833 406
91 214 m2 750107 -0.00107977877 0.5 p-1 -2201742 1005
32 215 m2 759791 -0.000496900757 0.5 p-1 -2328005 587
108 217 m2 765626 -1.62656252e-05 0.5 p-1 -1428508 120
210 218 m2 765979 -0.000627384114 0.5 p-1 -16283 9
117 221 m2 772872 -0.0170404594 0.5 p-1 -1800282 189
197 222 m2 778292 -0.00816320814 0.5 p-1 -237154 114
33 224 m2 790316 -0.000435334427 0.5 p-1 -963845 1070
34 225 m2 792446 -0.00307976943 0.5 p-1 -3642919 1192
184 226 m2 794817 -0.00529503124 0.5 p-1 -215551 58
304 227 m2 796378 -7.78286121e-05 0.5 p-1 -65186 1
66 228 m2 797506 -0.000309090712 0.5 p-1 -440130 162
35 230 m2 798708 -0.00107720715 0.5 p-1 -3091014 418
79 231 m2 799496 -0.00918782689 0.5 p-1 -4374263 1165
223 232 m2 803740 -0.00978168659 0.5 p-1 -3758530 29
145 233 m2 806539 -0.0160222743 0.5 p-1 -256817 4
192 235 m2 813330 -3.77394933e-08 0.5 p-1 -211537 89
211 236 m2 823903 -0.00445837248 0.5 p-1 -1675374 147
177 237 m2 831542 -0.00241104397 0.5 p-1 -827327 147
80 238 m2 837520 -0.0274343882 0.5 p-1 -6486641 1459
259 240 m2 840630 -0.0109181255 0.5 p-1 -31932 15
36 241 m2 841645 -7.26674261e-05 0.5 p-1 -3213178 1256
257 242 m2 845988 -0.000387060601 0.5 p-1 -37257 9
37 243 m2 846021 -1.81045809e-08 0.5 p-1 -391647 332
268 244 m2 847583 -0.00107225578 0.5 p-1 -102041 2
303 245 m2 853617 -1.46160306e-11 0.5 p-1 -19478 2
302 246 m2 853699 -0.000176574089 0.5 p-1 -234929 4
278 248 m2 854155 -0.00859897863 0.5 p-1 -343798 10
260 249 m2 854688 -0.00572087429 0.5 p-1 -28359 7
300 251 m2 856011 -0.000947779743 0.5 p-1 -69368 4
214 253 m2 858615 -0.00382782123 0.5 p-1 -56788 6
212 254 m2 864161 -0.086551927 0.5 p-1 -7904 13
225 255 m2 864193 -0.00244759 0.5 p-1 -9368 15
206 256 m2 867671 -0.00870218594 0.5 p-1 -9193941 68
196 257 m2 877265 -0.000432808243 0.5 p-1 -704123 12
39 258 m2 879102 -0.00487086317 0.5 p-1 -2698566 703
172 259 m2 879184 -0.0407457426 0.5 p-1 -112588 40
81 260 m2 884155 -0.00135928451 0.5 p-1 -1727260 314
167 261 m2 886464 -0.0707808658 0.5 p-1 -622324 106
250 262 m2 886621 -0.000280112872 0.5 p-1 -6110 12
42 263 m2 887824 -0.0290576126 0.5 p-1 -136584 32
244 264 m2 890690 -0.00197028951 0.5 p-1 -21330 22
181 266 m2 895876 -0.0220501572 0.5 p-1 -883597 36
129 267 m2 897426 -0.0200714413 0.5 p-1 -218782 91
122 268 m2 899825 -0.0186455082 0.5 p-1 -359597 266
67 269 m2 900641 -0.0567586906 0.5 p-1 -2285746 964
126 270 m2 902109 -0.00205965666 0.5 p-1 -865596 56
43 271 m2 907913 -0.00133091537 0.5 p-1 -777318 697
219 275 m2 917721 -0.0222473033 0.5 p-1 -165985 97
123 276 m2 919285 -0.00653648842 0.5 p-1 -660277 498
68 277 m2 922895 -3.18569801e-05 0.5 p-1 -995805 390
69 279 m2 927116 -0.0824819282 0.5 p-1 -1588458 460
146 280 m2 927677 -2.71250665e-05 0.5 p-1 -4920454 155
280 281 m2 941472 -0.00844884105 0.5 p-1 -321550 1
70 282 m2 960779 -0.0294002499 0.5 p-1 -1602898 158
92 283 m2 962365 -0.00229941402 0.5 p-1 -558329 157
139 284 m2 969634 -4.75663692e-05 0.5 p-1 -841246 88
178 285 m2 970921 -0.00251782732 0.5 p-1 -155875 75
174 286 m2 976321 -0.00757070538 0.5 p-1 -314110 168
98 287 m2 980846 -0.0101347361 0.5 p-1 -795705 170
71 288 m2 981164 -0.00750922598 0.5 p-1 -247126 120
47 289 m2 981352 -0.00920283515 0.5 p-1 -1943629 1853
193 291 m2 995110 -9.64383216e-05 0.5 p-1 -303163 75
132 294 m2 542339 -0.0328598842 0.5 p0 2 1
249 302 m2 341014 -0.000590078649 0.5 p0 2 9
281 304 m2 904510 -0.00336909178 0.5 p0 2 2
213 309 m2 769657 -0.000280896726 0.5 p0 2 9
191 311 m2 776072 -0.000317948958 0.5 p0 2 1
301 321 m2 81032 -0.00181907869 0.5 p0 2 1
287 324 m2 506613 -0.0259082075 0.5 p0 2 5
292 327 m2 976437 -0.00210344605 0.5 p0 2 2
291 334 m2 337576 -0.00474627037 0.5 p0 2 4
274 339 m2 581083 -0.000159746836 0.5 p0 2 1
299 341 m2 160194 -0.000445368671 0.5 p0 2 3
0 348 m1 966 0 0.5 p-1 -5620549 1910
140 349 m1 1936 0 0.5 p-1 -2488059 523
135 350 m1 7038 0 0.5 p-1 -17957 17
275 351 m1 7512 0 0.5 p-1 -41041 17
130 352 m1 12999 0 0.5 p-1 -73184 47
93 354 m1 48819 0 0.5 p-1 -1395944 243
99 355 m1 56854 0 0.5 p-1 -1468017 498
289 356 m1 64703 0 0.5 p-1 -24300 3
294 357 m1 67286 0 0.5 p-1 -14706 5
127 358 m1 67822 0 0.5 p-1 -503590 81
201 359 m1 72558 0 0.5 p-1 -179053 19
241 360 m1 82751 0 0.5 p-1 -10221 17
185 361 m1 87414 0 0.5 p-1 -75626 39
253 362 m1 95934 0 0.5 p-1 -86174 22
203 363 m1 104365 0 0.5 p-1 -10767 3
2 364 m1 124341 0 0.5 p-1 -1714179 1144
273 365 m1 133787 0 0.5 p-1 -33060 10
245 366 m1 138621 0 0.5 p-1 -257921 32
102 367 m1 139804 0 0.5 p-1 -249004 64
265 369 m1 143477 0 0.5 p-1 -93750 6
285 372 m1 169509 0 0.5 p-1 -30276 3
109 373 m1 190730 0 0.5 p-1 -291462 292
7 374 m1 196053 0 0.5 p-1 -3387696 1814
110 375 m1 197000 0 0.5 p-1 -2270150 449
252 376 m1 199844 0 0.5 p-1 -6049 8
204 377 m1 217559 0 0.5 p-1 -8755 2
120 378 m1 224036 0 0.5 p-1 -7046401 328
51 379 m1 228161 0 0.5 p-1 -7583973 1099
232 380 m1 230122 0 0.5 p-1 -250657 16
9 381 m1 247079 0 0.5 p-1 -10949917 1619
52 382 m1 262201 0 0.5 p-1 -8240516 580
150 384 m1 299385 0 0.5 p-1 -135948 140
236 385 m1 332957 0 0.5 p-1 -73508 22
218 386 m1 338594 0 0.5 p-1 -81683 26
111 387 m1 339915 0 0.5 p-1 -122217 173
14 388 m1 343237 0 0.5 p-1 -8763724 1444
103 391 m1 347582 0 0.5 p-1 -134482 39
124 392 m1 372634 0 0.5 p-1 -2936999 247
114 394 m1 385740 0 0.5 p-1 -383835 164
161 395 m1 401977 0 0.5 p-1 -305042 61
189 396 m1 410719 0 0.5 p-1 -327550 178
165 399 m1 425833 0 0.5 p-1 -2602429 258
147 400 m1 426777 0 0.5 p-1 -229258 100
86 403 m1 435742 0 0.5 p-1 -9724325 284
166 404 m1 436659 0 0.5 p-1 -2055817 162
58 407 m1 464308 0 0.5 p-1 -3284889 170
270 408 m1 489285 0 0.5 p-1 -24685 2
296 409 m1 497868 0 0.5 p-1 -2798 3
187 412 m1 508633 0 0.5 p-1 -24905 2
104 413 m1 508874 0 0.5 p-1 -947246 253
76 415 m1 540781 0 0.5 p-1 -3459758 59
246 417 m1 563055 0 0.5 p-1 -143420 24
24 418 m1 580344 0 0.5 p-1 -566308 306
137 419 m1 591373 0 0.5 p-1 -1205058 152
125 420 m1 596357 0 0.5 p-1 -982817 285
77 421 m1 599064 0 0.5 p-1 -524676 320
116 422 m1 599164 0 0.5 p-1 -513926 147
271 423 m1 599386 0 0.5 p-1 -11069 10
198 424 m1 603436 0 0.5 p-1 -511611 39
160 425 m1 611020 0 0.5 p-1 -221864 147
143 426 m1 618097 0 0.5 p-1 -53287 15
62 428 m1 681501 0 0.5 p-1 -699586 273
220 430 m1 704618 0 0.5 p-1 -4110 15
29 432 m1 719214 0 0.5 p-1 -1855563 791
65 434 m1 778993 0 0.5 p-1 -7733964 988
255 436 m1 800593 0 0.5 p-1 -200 1
217 439 m1 836487 0 0.5 p-1 -12481 37
233 441 m1 854390 0 0.5 p-1 -54346 48
38 442 m1 855823 0 0.5 p-1 -3707116 891
40 444 m1 882759 0 0.5 p-1 -11117448 1523
41 445 m1 883773 0 0.5 p-1 -92290 114
173 446 m1 893419 0 0.5 p-1 -337485 132
263 447 m1 896226 0 0.5 p-1 -30813 5
297 449 m1 937379 0 0.5 p-1 -17316 4
44 450 m1 944763 0 0.5 p-1 -6555081 1757
45 451 m1 955223 0 0.5 p-1 -3397902 230
46 452 m1 958095 0 0.5 p-1 -1281634 180
235 453 m1 989172 0 0.5 p-1 -121421 61
Individuals:
