Mutations:
45 0 m2 1231 -0.00080172898 0.5 p-1 -7645466 1379
46 1 m2 3175 -0.0148668271 0.5 p-1 -1214930 1001
47 2 m2 8961 -7.37684168e-05 0.5 p-1 -1951837 1122
1 3 m2 10089 -2.4919631e-05 0.5 p-1 -4794337 971
189 4 m2 11808 -1.27802823e-05 0.5 p-1 -613610 8
72 6 m2 14084 -0.00248933421 0.5 p-1 -263978 287
2 7 m2 19688 -0.00944394246 0.5 p-1 -4600892 1828
230 8 m2 24497 -0.000130752596 0.5 p-1 -184253 12
237 9 m2 25267 -0.0188488718 0.5 p-1 -7639 2
97 10 m2 34500 -0.0241124891 0.5 p-1 -235014 162
121 12 m2 48140 -0.0047394447 0.5 p-1 -398981 126
110 14 m2 60013 -0.132834598 0.5 p-1 -1830123 132
196 15 m2 60362 -0.00320520392 0.5 p-1 -25488 13
4 16 m2 62904 -0.000243768853 0.5 p-1 -5892079 1883
175 17 m2 68667 -0.0116940103 0.5 p-1 -35721 47
87 19 m2 79140 -0.00460541435 0.5 p-1 -2153139 514
101 20 m2 79863 -0.00197226251 0.5 p-1 -793918 277
73 21 m2 89770 -0.00231631682 0.5 p-1 -6703037 161
5 24 m2 103434 -3.07754308e-05 0.5 p-1 -5212896 252
48 27 m2 116362 -0.0755829588 0.5 p-1 -1648693 721
49 28 m2 118289 -0.00385948573 0.5 p-1 -4115779 953
169 29 m2 119316 -0.000200187293 0.5 p-1 -24577 14
204 32 m2 138896 -0.0317417979 0.5 p-1 -138221 14
186 36 m2 160869 -0.00572789786 0.5 p-1 -84204 47
222 37 m2 165958 -0.0404112116 0.5 p-1 -5857 10
102 39 m2 176281 -0.00240853522 0.5 p-1 -2039494 613
232 40 m2 184367 -0.00845448021 0.5 p-1 -238403 2
88 41 m2 188615 -0.013154177 0.5 p-1 -314722 359
107 43 m2 213671 -0.00488863653 0.5 p-1 -132681 87
130 45 m2 214928 -0.00155167736 0.5 p-1 -29125 4
155 46 m2 216559 -0.00452958466 0.5 p-1 -73680 43
108 49 m2 229301 -0.000128364598 0.5 p-1 -61065 34
115 51 m2 251557 -0.00892417133 0.5 p-1 -1087270 140
50 52 m2 251725 -0.00664976332 0.5 p-1 -4705947 825
227 55 m2 262163 -0.0064827092 0.5 p-1 -19464 2
8 56 m2 262521 -1.11346199e-09 0.5 p-1 -707143 285
76 59 m2 267651 -0.0162247028 0.5 p-1 -352555 54
122 61 m2 276516 -0.00622100616 0.5 p-1 -236841 15
9 63 m2 279766 -0.000441381766 0.5 p-1 -775010 627
143 64 m2 292709 -0.00147994992 0.5 p-1 -2419734 44
77 66 m2 298727 -0.00208796421 0.5 p-1 -670846 213
10 67 m2 301747 -0.00294766156 0.5 p-1 -2700600 1596
134 68 m2 302879 -0.000287182571 0.5 p-1 -80104 117
111 69 m2 305043 -0.00801861659 0.5 p-1 -289741 68
197 71 m2 314691 -0.000269928656 0.5 p-1 -48272 7
11 72 m2 315503 -0.000693023379 0.5 p-1 -4444904 250
78 73 m2 316176 -0.00198813621 0.5 p-1 -954116 311
12 74 m2 316906 -1.74336346e-05 0.5 p-1 -1033517 134
79 75 m2 317166 -0.00101102761 0.5 p-1 -4385029 1523
51 76 m2 317366 -0.0155752646 0.5 p-1 -588191 83
135 77 m2 318466 -0.000144946142 0.5 p-1 -4199 3
116 78 m2 323333 -0.000133807014 0.5 p-1 -228177 33
195 79 m2 324055 -0.0258740243 0.5 p-1 -98144 30
178 80 m2 325745 -0.000327431335 0.5 p-1 -296458 14
52 81 m2 331445 -0.00947157759 0.5 p-1 -1271778 579
131 82 m2 331810 -1.41491082e-05 0.5 p-1 -7618 2
205 84 m2 335142 -0.000756009656 0.5 p-1 -279581 10
112 85 m2 339122 -0.00112968031 0.5 p-1 -708600 493
139 86 m2 340689 -1.40473694e-05 0.5 p-1 -17599 102
14 87 m2 343196 -0.00255585299 0.5 p-1 -191277 56
216 88 m2 344144 -0.00128823158 0.5 p-1 -23647 11
15 89 m2 346140 -0.00029374435 0.5 p-1 -344953 282
17 90 m2 353029 -0.0208291709 0.5 p-1 -2989572 1981
176 92 m2 358283 -0.00041189816 0.5 p-1 -12225 9
145 93 m2 361375 -0.00745160319 0.5 p-1 -268271 147
177 94 m2 363965 -0.00113458862 0.5 p-1 -5127309 10
243 95 m2 364124 -0.0196263809 0.5 p-1 -34325 2
221 96 m2 371880 -0.0012454621 0.5 p-1 -37218 6
18 97 m2 380015 -0.000712774927 0.5 p-1 -560686 466
89 98 m2 382997 -0.00743887294 0.5 p-1 -5327129 395
187 99 m2 389870 -0.0115532726 0.5 p-1 -140935 35
80 100 m2 392734 -6.70690497e-05 0.5 p-1 -3120220 334
19 102 m2 398468 -0.00267570745 0.5 p-1 -3315971 419
252 103 m2 403454 -0.00532808155 0.5 p-1 -37104 1
217 104 m2 403780 -6.36830737e-05 0.5 p-1 -30759 10
120 105 m2 408748 -0.0134795206 0.5 p-1 -524905 236
149 108 m2 410981 -0.00362602295 0.5 p-1 -305254 7
20 109 m2 418279 -2.34172276e-07 0.5 p-1 -2145648 946
98 110 m2 420774 -6.58647477e-05 0.5 p-1 -222182 269
219 111 m2 422701 -0.00286685419 0.5 p-1 -10120 5
109 112 m2 425137 -1.67564838e-06 0.5 p-1 -1045169 100
22 115 m2 435577 -0.0109603042 0.5 p-1 -8274047 1953
53 116 m2 443441 -0.00133170863 0.5 p-1 -1145925 345
199 117 m2 453609 -0.0101756779 0.5 p-1 -25205 12
25 118 m2 459911 -0.00120039377 0.5 p-1 -2910997 1123
215 121 m2 469087 -0.00658264803 0.5 p-1 -111617 11
208 122 m2 469391 -0.0253741685 0.5 p-1 -16274 11
228 123 m2 469787 -0.014729741 0.5 p-1 -38068 1
117 125 m2 470430 -0.000782476156 0.5 p-1 -389120 97
26 126 m2 476509 -0.0372714512 0.5 p-1 -4228614 1083
56 127 m2 484732 -0.121992543 0.5 p-1 -461403 246
226 128 m2 485489 -0.00488575594 0.5 p-1 -9603 3
27 129 m2 485511 -0.0229887161 0.5 p-1 -3431673 1982
103 130 m2 487768 -0.00994762033 0.5 p-1 -217951 100
144 131 m2 495006 -0.00936124846 0.5 p-1 -165162 128
238 134 m2 510649 -0.00606248155 0.5 p-1 -10567 5
57 136 m2 521143 -0.0420481339 0.5 p-1 -4361471 365
104 137 m2 522624 -0.0811717361 0.5 p-1 -34898 8
58 138 m2 523844 -0.00100599614 0.5 p-1 -2708401 1324
81 139 m2 523901 -4.40707436e-06 0.5 p-1 -1201152 961
99 140 m2 527159 -0.00126458553 0.5 p-1 -27407 46
190 141 m2 534084 -0.000564648537 0.5 p-1 -23820 13
127 142 m2 536768 -0.0137637947 0.5 p-1 -488210 73
100 144 m2 551086 -5.94153535e-05 0.5 p-1 -107066 19
211 147 m2 568007 -0.00943254493 0.5 p-1 -227305 19
29 148 m2 570078 -0.00617748452 0.5 p-1 -1000334 245
60 150 m2 577675 -0.00632537249 0.5 p-1 -7293467 354
192 151 m2 578807 -0.0605977699 0.5 p-1 -3599794 28
239 152 m2 585047 -0.00033918058 0.5 p-1 -17351 4
132 153 m2 590599 -0.00253749778 0.5 p-1 -18389 33
30 154 m2 594034 -0.0272596721 0.5 p-1 -5790507 1148
31 155 m2 594308 -0.0174575318 0.5 p-1 -1771925 924
86 157 m2 602177 -0.0202868786 0.5 p-1 -294624 304
223 158 m2 605448 -0.0518630035 0.5 p-1 -17311 8
231 159 m2 608072 -0.00410630461 0.5 p-1 -126922 5
128 160 m2 610681 -0.00116612553 0.5 p-1 -705900 81
229 162 m2 624661 -0.0156570021 0.5 p-1 -9433 3
32 163 m2 629399 -0.000889164919 0.5 p-1 -5560897 554
153 166 m2 633209 -0.00919276942 0.5 p-1 -318540 7
170 168 m2 638688 -0.00064148003 0.5 p-1 -64159 82
33 170 m2 647860 -0.00135216571 0.5 p-1 -5409471 1885
163 173 m2 649855 -4.28618796e-06 0.5 p-1 -101374 24
82 174 m2 651760 -0.00224380218 0.5 p-1 -2416069 232
62 175 m2 653201 -0.0334673673 0.5 p-1 -3914361 828
34 176 m2 668144 -0.0116785169 0.5 p-1 -1551525 960
248 178 m2 676387 -0.00400361745 0.5 p-1 -22144 2
201 179 m2 679145 -1.47776857e-08 0.5 p-1 -23393 1
35 180 m2 681439 -0.00615669927 0.5 p-1 -1828518 1990
124 181 m2 683186 -4.01723355e-06 0.5 p-1 -5976789 143
113 182 m2 685652 -0.000282613066 0.5 p-1 -732976 136
36 183 m2 689325 -3.94434646e-05 0.5 p-1 -899619 236
136 184 m2 694315 -0.012321867 0.5 p-1 -45326 52
63 185 m2 703694 -0.0229058284 0.5 p-1 -817230 402
37 186 m2 704651 -0.00048502846 0.5 p-1 -2505901 592
64 187 m2 707851 -0.00486115366 0.5 p-1 -1904329 363
213 189 m2 712137 -0.00834114105 0.5 p-1 -199915 18
247 190 m2 712250 -0.00593736069 0.5 p-1 -28776 3
138 191 m2 718437 -0.00159772276 0.5 p-1 -151636 83
90 192 m2 718644 -0.000761255214 0.5 p-1 -195314 170
137 194 m2 751107 -0.00866438169 0.5 p-1 -345843 195
173 195 m2 752782 -0.00130927493 0.5 p-1 -303359 147
156 197 m2 759881 -0.00914826337 0.5 p-1 -413700 100
38 199 m2 773199 -0.0220429935 0.5 p-1 -957400 155
106 200 m2 773498 -0.0138456021 0.5 p-1 -289513 250
39 201 m2 785428 -0.000780942675 0.5 p-1 -1842829 1119
157 203 m2 788296 -0.000188388818 0.5 p-1 -995901 117
158 204 m2 788822 -0.00121564791 0.5 p-1 -208023 94
146 205 m2 789295 -0.0126096345 0.5 p-1 -221755 96
142 206 m2 792020 -0.00748058083 0.5 p-1 -50815 42
40 207 m2 798158 -0.0145086236 0.5 p-1 -11463924 351
65 208 m2 799415 -0.000773972948 0.5 p-1 -2498066 1352
174 209 m2 801281 -0.000798758119 0.5 p-1 -50764 18
91 210 m2 801928 -0.00214487803 0.5 p-1 -1409166 359
92 212 m2 808490 -1.5967079e-07 0.5 p-1 -1824368 517
164 213 m2 809817 -0.0083765192 0.5 p-1 -807089 173
94 214 m2 810926 -0.00780294742 0.5 p-1 -1452237 271
41 215 m2 810975 -2.93583253e-05 0.5 p-1 -61089 105
66 218 m2 815885 -0.0291205272 0.5 p-1 -9698714 1077
95 221 m2 824595 -0.000272970821 0.5 p-1 -1082739 844
242 222 m2 839074 -0.00900359638 0.5 p-1 -10511 1
67 224 m2 850814 -0.0256395899 0.5 p-1 -1305357 1303
210 225 m2 854990 -0.00183345063 0.5 p-1 -33878 14
68 226 m2 861350 -0.00317994924 0.5 p-1 -174937 27
179 227 m2 870091 -0.000725123915 0.5 p-1 -307834 7
234 228 m2 878630 -1.07939322e-05 0.5 p-1 -38603 2
42 231 m2 896357 -0.0239208341 0.5 p-1 -1938196 262
240 232 m2 898981 -0.0275425259 0.5 p-1 -27889 4
83 233 m2 902849 -1.47731407e-06 0.5 p-1 -2105904 1143
84 234 m2 908467 -0.0673262551 0.5 p-1 -144834 39
43 238 m2 918893 -8.08182358e-06 0.5 p-1 -3955777 746
202 240 m2 923343 -0.00456575071 0.5 p-1 -397 15
161 242 m2 932234 -2.35157017e-06 0.5 p-1 -63198 3
125 244 m2 941069 -0.00761090824 0.5 p-1 -1845652 407
191 246 m2 950619 -0.00319999177 0.5 p-1 -16802 8
209 247 m2 953249 -1.62115384e-06 0.5 p-1 -25763 4
203 248 m2 957412 -0.0028325317 0.5 p-1 -39671 3
44 249 m2 958602 -0.000479366397 0.5 p-1 -137971 275
180 251 m2 965484 -0.00159551541 0.5 p-1 -737659 56
154 253 m2 971463 -0.000734146044 0.5 p-1 -78719 35
181 254 m2 975580 -3.58453963e-06 0.5 p-1 -208714 43
214 255 m2 987025 -0.0407646745 0.5 p-1 -212065 7
71 256 m2 987260 -0.00225311029 0.5 p-1 -124545 46
141 257 m2 994287 -0.000821921567 0.5 p-1 -13364 19
249 260 m2 313203 -0.000421840523 0.5 p0 2 2
244 263 m2 218287 -0.000996529474 0.5 p0 2 1
224 266 m2 360039 -0.00262433919 0.5 p0 2 6
198 276 m2 906254 -0.0102806147 0.5 p0 2 4
162 280 m2 511270 -0.00014035833 0.5 p0 2 12
250 281 m2 436002 -0.0615603961 0.5 p0 2 1
233 285 m2 993470 -0.0029851296 0.5 p0 2 4
193 287 m2 672238 -0.00215210672 0.5 p0 2 6
235 307 m2 710060 -0.000199299335 0.5 p0 2 6
0 312 m1 632 0 0.5 p-1 -3558721 634
3 316 m1 21084 0 0.5 p-1 -10098016 1955
220 318 m1 97612 0 0.5 p-1 -65794 14
236 319 m1 111569 0 0.5 p-1 -32084 6
218 320 m1 124205 0 0.5 p-1 -21866 5
74 322 m1 137396 0 0.5 p-1 -257323 140
183 325 m1 190140 0 0.5 p-1 -2248 12
251 326 m1 200629 0 0.5 p-1 -322 1
6 327 m1 218281 0 0.5 p-1 -4692176 1651
172 328 m1 222540 0 0.5 p-1 -714297 55
75 329 m1 229906 0 0.5 p-1 -4359635 214
7 330 m1 230467 0 0.5 p-1 -1739072 760
212 332 m1 253785 0 0.5 p-1 -148129 2
185 334 m1 312798 0 0.5 p-1 -90357 9
13 336 m1 337284 0 0.5 p-1 -2489836 783
123 337 m1 348392 0 0.5 p-1 -230505 143
16 338 m1 351916 0 0.5 p-1 -1546318 591
171 339 m1 360936 0 0.5 p-1 -35271 42
147 340 m1 362671 0 0.5 p-1 -498809 154
182 341 m1 384295 0 0.5 p-1 -15836 29
140 342 m1 391918 0 0.5 p-1 -172584 75
119 343 m1 402253 0 0.5 p-1 -14414488 1134
21 345 m1 432730 0 0.5 p-1 -574110 520
150 346 m1 452140 0 0.5 p-1 -3673662 51
23 347 m1 455823 0 0.5 p-1 -1999114 352
24 348 m1 459694 0 0.5 p-1 -1462404 438
225 349 m1 460088 0 0.5 p-1 -15255 6
54 350 m1 460737 0 0.5 p-1 -316849 285
55 351 m1 462595 0 0.5 p-1 -3625836 1527
151 353 m1 469764 0 0.5 p-1 -10180 1
166 355 m1 494651 0 0.5 p-1 -905758 79
167 357 m1 517187 0 0.5 p-1 -32413 7
59 358 m1 526437 0 0.5 p-1 -10080710 734
85 361 m1 547791 0 0.5 p-1 -24100 25
28 362 m1 553456 0 0.5 p-1 -1404416 367
165 363 m1 575321 0 0.5 p-1 -48837 29
200 364 m1 588128 0 0.5 p-1 -102655 1
118 365 m1 591069 0 0.5 p-1 -1227909 283
245 366 m1 594548 0 0.5 p-1 -49584 1
152 367 m1 608059 0 0.5 p-1 -30599 2
241 368 m1 608068 0 0.5 p-1 -1281 4
206 369 m1 624720 0 0.5 p-1 -69472 13
61 372 m1 647948 0 0.5 p-1 -3335238 250
105 373 m1 690100 0 0.5 p-1 -3988591 166
246 374 m1 704594 0 0.5 p-1 -269447 3
133 376 m1 745377 0 0.5 p-1 -2006200 301
114 377 m1 782496 0 0.5 p-1 -521223 189
207 379 m1 802376 0 0.5 p-1 -105768 10
93 380 m1 808927 0 0.5 p-1 -155526 46
159 381 m1 813261 0 0.5 p-1 -28666 12
168 383 m1 849537 0 0.5 p-1 -95569 40
194 384 m1 851205 0 0.5 p-1 -216786 7
148 386 m1 854562 0 0.5 p-1 -57890 8
96 388 m1 889132 0 0.5 p-1 -2518753 872
69 389 m1 919912 0 0.5 p-1 -1365202 694
70 390 m1 921996 0 0.5 p-1 -973328 629
188 392 m1 941261 0 0.5 p-1 -736858 51
160 394 m1 943045 0 0.5 p-1 -212978 11
129 395 m1 958447 0 0.5 p-1 -59315 22
184 396 m1 976001 0 0.5 p-1 -89773 19
126 397 m1 978124 0 0.5 p-1 -656 6
Individuals:
