Mutations:
0 0 m2 1231 -0.00080172898 0.5 p-1 -7645466 1464
1 1 m2 3175 -0.0148668271 0.5 p-1 -1214930 985
29 2 m2 8961 -7.37684168e-05 0.5 p-1 -1951837 1212
30 3 m2 10089 -2.4919631e-05 0.5 p-1 -4794337 928
187 4 m2 11808 -1.27802823e-05 0.5 p-1 -613610 16
134 6 m2 14084 -0.00248933421 0.5 p-1 -263978 247
2 7 m2 19688 -0.00944394246 0.5 p-1 -4600892 1855
218 8 m2 24497 -0.000130752596 0.5 p-1 -184253 20
223 9 m2 25267 -0.0188488718 0.5 p-1 -7639 8
182 10 m2 34500 -0.0241124891 0.5 p-1 -235014 84
146 12 m2 48140 -0.0047394447 0.5 p-1 -398981 74
52 14 m2 60013 -0.132834598 0.5 p-1 -1830123 194
207 15 m2 60362 -0.00320520392 0.5 p-1 -25488 20
4 16 m2 62904 -0.000243768853 0.5 p-1 -5892079 1905
188 17 m2 68667 -0.0116940103 0.5 p-1 -35721 43
167 18 m2 71912 -4.07834023e-06 0.5 p-1 -63906 9
66 19 m2 79140 -0.00460541435 0.5 p-1 -2153139 390
144 20 m2 79863 -0.00197226251 0.5 p-1 -793918 291
114 21 m2 89770 -0.00231631682 0.5 p-1 -6703037 130
122 24 m2 103434 -3.07754308e-05 0.5 p-1 -5212896 350
208 26 m2 112476 -1.87674541e-05 0.5 p-1 -8277929 11
78 27 m2 116362 -0.0755829588 0.5 p-1 -1648693 687
120 28 m2 118289 -0.00385948573 0.5 p-1 -4115779 919
93 29 m2 119316 -0.000200187293 0.5 p-1 -24577 10
216 32 m2 138896 -0.0317417979 0.5 p-1 -138221 1
135 33 m2 154373 -0.00249115587 0.5 p-1 -3517 9
105 36 m2 160869 -0.00572789786 0.5 p-1 -84204 32
205 37 m2 165958 -0.0404112116 0.5 p-1 -5857 12
5 39 m2 176281 -0.00240853522 0.5 p-1 -2039494 692
6 40 m2 184367 -0.00845448021 0.5 p-1 -238403 15
31 41 m2 188615 -0.013154177 0.5 p-1 -314722 341
253 42 m2 207142 -0.000537022832 0.5 p-1 -29624 8
123 43 m2 213671 -0.00488863653 0.5 p-1 -132681 62
269 44 m2 214776 -0.00444340101 0.5 p-1 -985 2
275 45 m2 214928 -0.00155167736 0.5 p-1 -29125 2
215 46 m2 216559 -0.00452958466 0.5 p-1 -73680 22
259 48 m2 225088 -0.0640553012 0.5 p-1 -115 2
189 49 m2 229301 -0.000128364598 0.5 p-1 -61065 10
106 51 m2 251557 -0.00892417133 0.5 p-1 -1087270 200
33 52 m2 251725 -0.00664976332 0.5 p-1 -4705947 862
86 55 m2 262163 -0.0064827092 0.5 p-1 -19464 35
79 56 m2 262521 -1.11346199e-09 0.5 p-1 -707143 295
131 59 m2 267651 -0.0162247028 0.5 p-1 -352555 63
101 61 m2 276516 -0.00622100616 0.5 p-1 -236841 15
34 63 m2 279766 -0.000441381766 0.5 p-1 -775010 573
35 64 m2 292709 -0.00147994992 0.5 p-1 -2419734 58
179 66 m2 298727 -0.00208796421 0.5 p-1 -670846 169
8 67 m2 301747 -0.00294766156 0.5 p-1 -2700600 1487
124 68 m2 302879 -0.000287182571 0.5 p-1 -80104 151
170 69 m2 305043 -0.00801861659 0.5 p-1 -289741 40
202 71 m2 314691 -0.000269928656 0.5 p-1 -48272 19
87 72 m2 315503 -0.000693023379 0.5 p-1 -4444904 288
94 73 m2 316176 -0.00198813621 0.5 p-1 -954116 310
115 74 m2 316906 -1.74336346e-05 0.5 p-1 -1033517 165
9 75 m2 317166 -0.00101102761 0.5 p-1 -4385029 1469
125 76 m2 317366 -0.0155752646 0.5 p-1 -588191 130
237 77 m2 318466 -0.000144946142 0.5 p-1 -4199 4
158 78 m2 323333 -0.000133807014 0.5 p-1 -228177 58
183 79 m2 324055 -0.0258740243 0.5 p-1 -98144 15
180 80 m2 325745 -0.000327431335 0.5 p-1 -296458 21
67 81 m2 331445 -0.00947157759 0.5 p-1 -1271778 428
276 82 m2 331810 -1.41491082e-05 0.5 p-1 -7618 1
217 84 m2 335142 -0.000756009656 0.5 p-1 -279581 8
36 85 m2 339122 -0.00112968031 0.5 p-1 -708600 439
37 86 m2 340689 -1.40473694e-05 0.5 p-1 -17599 29
116 87 m2 343196 -0.00255585299 0.5 p-1 -191277 91
203 88 m2 344144 -0.00128823158 0.5 p-1 -23647 14
107 89 m2 346140 -0.00029374435 0.5 p-1 -344953 286
10 90 m2 353029 -0.0208291709 0.5 p-1 -2989572 1975
271 92 m2 358283 -0.00041189816 0.5 p-1 -12225 4
68 93 m2 361375 -0.00745160319 0.5 p-1 -268271 132
197 94 m2 363965 -0.00113458862 0.5 p-1 -5127309 5
265 95 m2 364124 -0.0196263809 0.5 p-1 -34325 4
213 96 m2 371880 -0.0012454621 0.5 p-1 -37218 10
70 97 m2 380015 -0.000712774927 0.5 p-1 -560686 365
117 98 m2 382997 -0.00743887294 0.5 p-1 -5327129 427
175 99 m2 389870 -0.0115532726 0.5 p-1 -140935 56
71 100 m2 392734 -6.70690497e-05 0.5 p-1 -3120220 332
11 102 m2 398468 -0.00267570745 0.5 p-1 -3315971 391
139 103 m2 403454 -0.00532808155 0.5 p-1 -37104 5
210 104 m2 403780 -6.36830737e-05 0.5 p-1 -30759 14
53 105 m2 408748 -0.0134795206 0.5 p-1 -524905 262
132 108 m2 410981 -0.00362602295 0.5 p-1 -305254 61
40 109 m2 418279 -2.34172276e-07 0.5 p-1 -2145648 991
12 110 m2 420774 -6.58647477e-05 0.5 p-1 -222182 288
232 111 m2 422701 -0.00286685419 0.5 p-1 -10120 12
54 112 m2 425137 -1.67564838e-06 0.5 p-1 -1045169 104
240 113 m2 427793 -0.0471000448 0.5 p-1 -7558 2
255 114 m2 428205 -0.000630817143 0.5 p-1 -1375 3
13 115 m2 435577 -0.0109603042 0.5 p-1 -8274047 1983
55 116 m2 443441 -0.00133170863 0.5 p-1 -1145925 372
164 117 m2 453609 -0.0101756779 0.5 p-1 -25205 47
14 118 m2 459911 -0.00120039377 0.5 p-1 -2910997 1060
201 121 m2 469087 -0.00658264803 0.5 p-1 -111617 21
162 122 m2 469391 -0.0253741685 0.5 p-1 -16274 27
199 123 m2 469787 -0.014729741 0.5 p-1 -38068 18
227 124 m2 470271 -0.0132572558 0.5 p-1 -1271 4
119 125 m2 470430 -0.000782476156 0.5 p-1 -389120 93
16 126 m2 476509 -0.0372714512 0.5 p-1 -4228614 1073
141 127 m2 484732 -0.121992543 0.5 p-1 -461403 315
17 129 m2 485511 -0.0229887161 0.5 p-1 -3431673 1966
43 130 m2 487768 -0.00994762033 0.5 p-1 -217951 163
165 131 m2 495006 -0.00936124846 0.5 p-1 -165162 59
239 134 m2 510649 -0.00606248155 0.5 p-1 -10567 13
126 136 m2 521143 -0.0420481339 0.5 p-1 -4361471 438
257 137 m2 522624 -0.0811717361 0.5 p-1 -34898 5
57 138 m2 523844 -0.00100599614 0.5 p-1 -2708401 1367
58 139 m2 523901 -4.40707436e-06 0.5 p-1 -1201152 1086
195 140 m2 527159 -0.00126458553 0.5 p-1 -27407 16
184 141 m2 534084 -0.000564648537 0.5 p-1 -23820 22
172 142 m2 536768 -0.0137637947 0.5 p-1 -488210 36
192 144 m2 551086 -5.94153535e-05 0.5 p-1 -107066 10
102 147 m2 568007 -0.00943254493 0.5 p-1 -227305 56
108 148 m2 570078 -0.00617748452 0.5 p-1 -1000334 311
83 150 m2 577675 -0.00632537249 0.5 p-1 -7293467 388
154 151 m2 578807 -0.0605977699 0.5 p-1 -3599794 39
190 153 m2 590599 -0.00253749778 0.5 p-1 -18389 10
20 154 m2 594034 -0.0272596721 0.5 p-1 -5790507 1181
60 155 m2 594308 -0.0174575318 0.5 p-1 -1771925 996
268 156 m2 598152 -0.00111067109 0.5 p-1 -32966 2
44 157 m2 602177 -0.0202868786 0.5 p-1 -294624 277
242 158 m2 605448 -0.0518630035 0.5 p-1 -17311 6
219 159 m2 608072 -0.00410630461 0.5 p-1 -126922 14
160 160 m2 610681 -0.00116612553 0.5 p-1 -705900 23
254 162 m2 624661 -0.0156570021 0.5 p-1 -9433 2
84 163 m2 629399 -0.000889164919 0.5 p-1 -5560897 562
200 165 m2 632618 -0.000803245697 0.5 p-1 -2428 11
214 166 m2 633209 -0.00919276942 0.5 p-1 -318540 16
193 168 m2 638688 -0.00064148003 0.5 p-1 -64159 90
231 169 m2 639663 -0.000166122234 0.5 p-1 -194989 6
21 170 m2 647860 -0.00135216571 0.5 p-1 -5409471 1869
281 171 m2 648197 -0.0131080169 0.5 p-1 -4880 1
222 173 m2 649855 -4.28618796e-06 0.5 p-1 -101374 17
22 174 m2 651760 -0.00224380218 0.5 p-1 -2416069 141
61 175 m2 653201 -0.0334673673 0.5 p-1 -3914361 831
45 176 m2 668144 -0.0116785169 0.5 p-1 -1551525 869
194 179 m2 679145 -1.47776857e-08 0.5 p-1 -23393 14
23 180 m2 681439 -0.00615669927 0.5 p-1 -1828518 1999
136 181 m2 683186 -4.01723355e-06 0.5 p-1 -5976789 150
169 182 m2 685652 -0.000282613066 0.5 p-1 -732976 115
73 183 m2 689325 -3.94434646e-05 0.5 p-1 -899619 193
149 184 m2 694315 -0.012321867 0.5 p-1 -45326 43
24 185 m2 703694 -0.0229058284 0.5 p-1 -817230 361
111 186 m2 704651 -0.00048502846 0.5 p-1 -2505901 553
112 187 m2 707851 -0.00486115366 0.5 p-1 -1904329 440
261 188 m2 710107 -0.0119945975 0.5 p-1 -4029 5
156 189 m2 712137 -0.00834114105 0.5 p-1 -199915 13
128 190 m2 712250 -0.00593736069 0.5 p-1 -28776 32
177 191 m2 718437 -0.00159772276 0.5 p-1 -151636 77
46 192 m2 718644 -0.000761255214 0.5 p-1 -195314 145
113 194 m2 751107 -0.00866438169 0.5 p-1 -345843 154
142 195 m2 752782 -0.00130927493 0.5 p-1 -303359 159
98 197 m2 759881 -0.00914826337 0.5 p-1 -413700 124
181 199 m2 773199 -0.0220429935 0.5 p-1 -957400 136
88 200 m2 773498 -0.0138456021 0.5 p-1 -289513 236
62 201 m2 785428 -0.000780942675 0.5 p-1 -1842829 1067
47 203 m2 788296 -0.000188388818 0.5 p-1 -995901 170
48 204 m2 788822 -0.00121564791 0.5 p-1 -208023 104
99 205 m2 789295 -0.0126096345 0.5 p-1 -221755 106
229 206 m2 792020 -0.00748058083 0.5 p-1 -50815 13
153 207 m2 798158 -0.0145086236 0.5 p-1 -11463924 281
25 208 m2 799415 -0.000773972948 0.5 p-1 -2498066 1345
129 209 m2 801281 -0.000798758119 0.5 p-1 -50764 37
75 210 m2 801928 -0.00214487803 0.5 p-1 -1409166 359
63 212 m2 808490 -1.5967079e-07 0.5 p-1 -1824368 406
103 213 m2 809817 -0.0083765192 0.5 p-1 -807089 133
89 214 m2 810926 -0.00780294742 0.5 p-1 -1452237 374
133 215 m2 810975 -2.93583253e-05 0.5 p-1 -61089 104
267 217 m2 815206 -0.0153097259 0.5 p-1 -7915 3
49 218 m2 815885 -0.0291205272 0.5 p-1 -9698714 1147
100 221 m2 824595 -0.000272970821 0.5 p-1 -1082739 834
159 222 m2 839074 -0.00900359638 0.5 p-1 -10511 4
209 223 m2 841944 -0.00163522421 0.5 p-1 -2355 6
26 224 m2 850814 -0.0256395899 0.5 p-1 -1305357 1333
243 225 m2 854990 -0.00183345063 0.5 p-1 -33878 8
76 226 m2 861350 -0.00317994924 0.5 p-1 -174937 25
110 227 m2 870091 -0.000725123915 0.5 p-1 -307834 20
161 228 m2 878630 -1.07939322e-05 0.5 p-1 -38603 1
212 229 m2 887736 -7.64440992e-05 0.5 p-1 -5576 11
241 230 m2 895705 -0.0018519311 0.5 p-1 -9603 4
91 231 m2 896357 -0.0239208341 0.5 p-1 -1938196 372
245 232 m2 898981 -0.0275425259 0.5 p-1 -27889 6
64 233 m2 902849 -1.47731407e-06 0.5 p-1 -2105904 1081
155 234 m2 908467 -0.0673262551 0.5 p-1 -144834 38
252 237 m2 915536 -0.0010019138 0.5 p-1 -9320 6
51 238 m2 918893 -8.08182358e-06 0.5 p-1 -3955777 823
143 242 m2 932234 -2.35157017e-06 0.5 p-1 -63198 29
283 243 m2 935282 -0.0325468592 0.5 p-1 -7375 2
77 244 m2 941069 -0.00761090824 0.5 p-1 -1845652 268
238 245 m2 947828 -0.0455232635 0.5 p-1 -17709 12
185 246 m2 950619 -0.00319999177 0.5 p-1 -16802 3
246 247 m2 953249 -1.62115384e-06 0.5 p-1 -25763 5
226 248 m2 957412 -0.0028325317 0.5 p-1 -39671 2
151 249 m2 958602 -0.000479366397 0.5 p-1 -137971 184
148 250 m2 961558 -0.0281888731 0.5 p-1 -15033 8
137 251 m2 965484 -0.00159551541 0.5 p-1 -737659 56
173 253 m2 971463 -0.000734146044 0.5 p-1 -78719 38
145 254 m2 975580 -3.58453963e-06 0.5 p-1 -208714 76
220 255 m2 987025 -0.0407646745 0.5 p-1 -212065 14
92 256 m2 987260 -0.00225311029 0.5 p-1 -124545 65
196 257 m2 994287 -0.000821921567 0.5 p-1 -13364 19
211 259 m2 328978 -0.0202935971 0.5 p0 2 1
282 260 m2 313203 -0.000421840523 0.5 p0 2 1
138 263 m2 218287 -0.000996529474 0.5 p0 2 2
150 264 m2 300724 -6.80028779e-06 0.5 p0 2 3
280 266 m2 360039 -0.00262433919 0.5 p0 2 1
285 267 m2 56749 -0.000387499982 0.5 p0 2 1
274 270 m2 383125 -6.44937827e-05 0.5 p0 2 2
286 271 m2 743853 -6.03589842e-06 0.5 p0 2 1
273 276 m2 906254 -0.0102806147 0.5 p0 2 2
279 277 m2 6669 -0.00195120112 0.5 p0 2 1
256 278 m2 226333 -0.00460074097 0.5 p0 2 2
270 279 m2 481984 -0.0256004296 0.5 p0 2 3
278 282 m2 457692 -0.00501698302 0.5 p0 2 1
262 283 m2 640098 -0.0132629192 0.5 p0 2 1
264 284 m2 362111 -0.0186116993 0.5 p0 2 2
263 288 m2 532599 -0.00259954832 0.5 p0 2 1
251 289 m2 112693 -0.00151419558 0.5 p0 2 1
228 291 m2 296228 -0.0080305906 0.5 p0 2 1
250 294 m2 341964 -0.000124308397 0.5 p0 2 4
287 296 m2 925752 -5.34768842e-05 0.5 p0 2 1
266 297 m2 778473 -0.0113776177 0.5 p0 2 3
258 304 m2 155970 -7.46184887e-05 0.5 p0 2 3
247 310 m2 458505 -0.00678623794 0.5 p0 2 3
260 311 m2 618794 -0.00866353046 0.5 p0 2 1
65 312 m1 632 0 0.5 p-1 -3558721 613
3 316 m1 21084 0 0.5 p-1 -10098016 1955
230 318 m1 97612 0 0.5 p-1 -65794 3
206 319 m1 111569 0 0.5 p-1 -32084 17
244 320 m1 124205 0 0.5 p-1 -21866 1
118 322 m1 137396 0 0.5 p-1 -257323 129
186 324 m1 187799 0 0.5 p-1 -17054 7
277 326 m1 200629 0 0.5 p-1 -322 2
32 327 m1 218281 0 0.5 p-1 -4692176 1689
157 328 m1 222540 0 0.5 p-1 -714297 55
109 329 m1 229906 0 0.5 p-1 -4359635 261
7 330 m1 230467 0 0.5 p-1 -1739072 787
174 331 m1 242369 0 0.5 p-1 -662 1
248 332 m1 253785 0 0.5 p-1 -148129 3
225 333 m1 272740 0 0.5 p-1 -618 4
80 336 m1 337284 0 0.5 p-1 -2489836 869
38 337 m1 348392 0 0.5 p-1 -230505 192
81 338 m1 351916 0 0.5 p-1 -1546318 626
147 339 m1 360936 0 0.5 p-1 -35271 18
69 340 m1 362671 0 0.5 p-1 -498809 147
82 341 m1 384295 0 0.5 p-1 -15836 6
163 342 m1 391918 0 0.5 p-1 -172584 41
39 343 m1 402253 0 0.5 p-1 -14414488 1307
41 345 m1 432730 0 0.5 p-1 -574110 392
140 346 m1 452140 0 0.5 p-1 -3673662 46
56 347 m1 455823 0 0.5 p-1 -1999114 377
42 348 m1 459694 0 0.5 p-1 -1462404 532
204 349 m1 460088 0 0.5 p-1 -15255 12
95 350 m1 460737 0 0.5 p-1 -316849 265
15 351 m1 462595 0 0.5 p-1 -3625836 1464
96 355 m1 494651 0 0.5 p-1 -905758 131
171 356 m1 503477 0 0.5 p-1 -19559 7
121 357 m1 517187 0 0.5 p-1 -32413 30
59 358 m1 526437 0 0.5 p-1 -10080710 710
233 361 m1 547791 0 0.5 p-1 -24100 12
18 362 m1 553456 0 0.5 p-1 -1404416 406
152 363 m1 575321 0 0.5 p-1 -48837 43
234 364 m1 588128 0 0.5 p-1 -102655 10
19 365 m1 591069 0 0.5 p-1 -1227909 192
236 366 m1 594548 0 0.5 p-1 -49584 4
284 367 m1 608059 0 0.5 p-1 -30599 1
168 369 m1 624720 0 0.5 p-1 -69472 13
72 372 m1 647948 0 0.5 p-1 -3335238 298
85 373 m1 690100 0 0.5 p-1 -3988591 178
127 374 m1 704594 0 0.5 p-1 -269447 33
97 376 m1 745377 0 0.5 p-1 -2006200 250
74 377 m1 782496 0 0.5 p-1 -521223 219
176 379 m1 802376 0 0.5 p-1 -105768 24
191 380 m1 808927 0 0.5 p-1 -155526 30
221 381 m1 813261 0 0.5 p-1 -28666 20
249 382 m1 842801 0 0.5 p-1 -9077 1
224 383 m1 849537 0 0.5 p-1 -95569 17
198 384 m1 851205 0 0.5 p-1 -216786 8
90 386 m1 854562 0 0.5 p-1 -57890 32
50 388 m1 889132 0 0.5 p-1 -2518753 789
27 389 m1 919912 0 0.5 p-1 -1365202 509
28 390 m1 921996 0 0.5 p-1 -973328 604
130 392 m1 941261 0 0.5 p-1 -736858 56
178 393 m1 941626 0 0.5 p-1 -115109 17
166 394 m1 943045 0 0.5 p-1 -212978 30
104 395 m1 958447 0 0.5 p-1 -59315 11
235 396 m1 976001 0 0.5 p-1 -89773 29
272 397 m1 978124 0 0.5 p-1 -656 2
Individuals:
