Mutations:
1 1 m2 16554 -0.00313826581 0.5 p-1 -1313535 691
2 3 m2 19847 -0.0108166905 0.5 p-1 -717724 325
3 4 m2 20730 -0.0238812771 0.5 p-1 -2271922 297
208 5 m2 26405 -0.00454898644 0.5 p-1 -32639 80
209 6 m2 33189 -4.30005429e-07 0.5 p-1 -296377 88
210 7 m2 40781 -0.00642583426 0.5 p-1 -18372 5
4 8 m2 41179 -0.00100680941 0.5 p-1 -391442 378
178 10 m2 45572 -0.0127473045 0.5 p-1 -161885 55
280 12 m2 49091 -5.66231211e-06 0.5 p-1 -1919 1
214 14 m2 60434 -0.00121575303 0.5 p-1 -184725 49
276 15 m2 63501 -4.19048229e-05 0.5 p-1 -50940 2
73 16 m2 73395 -0.00260783895 0.5 p-1 -2240757 1136
46 17 m2 73418 -0.0114805996 0.5 p-1 -2879818 650
6 20 m2 78780 -0.0197269693 0.5 p-1 -7881331 474
194 21 m2 87571 -0.00211810996 0.5 p-1 -436958 78
125 23 m2 89731 -0.00297558797 0.5 p-1 -512186 354
116 24 m2 92431 -0.00103566167 0.5 p-1 -5435484 404
186 25 m2 93462 -0.0301100034 0.5 p-1 -54958 25
7 27 m2 108493 -0.0255723726 0.5 p-1 -3581672 390
48 29 m2 110611 -0.0105602136 0.5 p-1 -527177 286
74 30 m2 112709 -0.0430609696 0.5 p-1 -3078411 518
271 32 m2 119843 -0.000746310106 0.5 p-1 -1636 9
199 33 m2 131486 -0.0358099155 0.5 p-1 -693172 155
192 34 m2 133119 -1.37915622e-05 0.5 p-1 -511751 67
49 35 m2 133407 -0.00558173098 0.5 p-1 -7397563 1466
117 36 m2 139767 -0.000111773108 0.5 p-1 -3624043 48
269 38 m2 140079 -1.23992772e-08 0.5 p-1 -743 4
215 39 m2 146452 -0.00733464165 0.5 p-1 -830936 7
118 40 m2 146548 -1.70340518e-05 0.5 p-1 -799948 287
216 41 m2 146747 -0.0112787588 0.5 p-1 -36579 3
163 42 m2 155035 -4.61927073e-07 0.5 p-1 -99726 6
9 46 m2 170759 -1.53031121e-09 0.5 p-1 -1306369 459
250 47 m2 174968 -0.020224439 0.5 p-1 -1863 11
135 49 m2 184404 -0.0124820285 0.5 p-1 -5147734 224
167 50 m2 185645 -0.00494311471 0.5 p-1 -459992 37
258 51 m2 186234 -1.32128353e-05 0.5 p-1 -136587 6
10 52 m2 192218 -0.000278888299 0.5 p-1 -3740197 961
229 53 m2 205200 -0.000226225253 0.5 p-1 -159872 33
75 54 m2 209825 -0.00638206117 0.5 p-1 -1476563 364
149 55 m2 212738 -3.24607099e-05 0.5 p-1 -886641 53
284 56 m2 214183 -0.000650374859 0.5 p-1 -8667 4
51 59 m2 221911 -0.059087906 0.5 p-1 -2153875 776
13 60 m2 223157 -0.0210617427 0.5 p-1 -404092 385
93 61 m2 232665 -0.000189518905 0.5 p-1 -121387 64
119 63 m2 267270 -0.000152234905 0.5 p-1 -3116606 1004
183 64 m2 274859 -0.00287505635 0.5 p-1 -1045108 137
76 65 m2 275275 -0.000285964168 0.5 p-1 -1372769 1078
17 66 m2 279904 -0.00285008689 0.5 p-1 -4270426 755
18 67 m2 283514 -0.0375057086 0.5 p-1 -465219 478
187 68 m2 284598 -0.0453892723 0.5 p-1 -63220 49
251 69 m2 284703 -0.0023969966 0.5 p-1 -38803 9
155 70 m2 290972 -9.69056657e-08 0.5 p-1 -126779 21
150 71 m2 295560 -6.03207839e-09 0.5 p-1 -345893 27
240 72 m2 297265 -0.00262585096 0.5 p-1 -154925 24
126 74 m2 298864 -0.0116248317 0.5 p-1 -100785 35
19 75 m2 308581 -3.26737936e-05 0.5 p-1 -3526374 1805
53 76 m2 309020 -3.7939426e-06 0.5 p-1 -3808227 838
203 77 m2 316684 -0.00242034369 0.5 p-1 -223510 164
268 79 m2 321014 -0.0298515093 0.5 p-1 -1151 7
255 80 m2 326770 -5.49988499e-07 0.5 p-1 -16870 12
104 81 m2 327310 -0.054058671 0.5 p-1 -19789856 602
234 82 m2 332030 -0.000173198699 0.5 p-1 -17406 5
239 85 m2 344138 -7.70208717e-05 0.5 p-1 -1453 9
281 86 m2 344358 -0.00442016823 0.5 p-1 -10223 1
20 87 m2 347139 -0.0147207901 0.5 p-1 -1049591 428
78 88 m2 362138 -0.00932966452 0.5 p-1 -53472 16
188 89 m2 362593 -0.000935114687 0.5 p-1 -86989 5
21 91 m2 371952 -0.000385965395 0.5 p-1 -3037302 1749
22 93 m2 373780 -0.000516252127 0.5 p-1 -169707 195
201 94 m2 375787 -0.00656421063 0.5 p-1 -55232 17
137 95 m2 376171 -0.00595017755 0.5 p-1 -795201 187
55 96 m2 377060 -1.75139905e-06 0.5 p-1 -2716187 1079
56 97 m2 377831 -0.00334587321 0.5 p-1 -1759363 843
158 98 m2 380391 -0.00911491644 0.5 p-1 -558681 68
80 100 m2 383324 -0.00794204231 0.5 p-1 -1805465 475
168 101 m2 385248 -0.00277530216 0.5 p-1 -87156 62
267 103 m2 389525 -0.00334588834 0.5 p-1 -35850 2
164 104 m2 399535 -0.000220095084 0.5 p-1 -72945 20
58 105 m2 399771 -0.00981114805 0.5 p-1 -863716 1122
244 106 m2 403726 -0.00470152125 0.5 p-1 -8647 12
189 107 m2 407794 -0.000879035622 0.5 p-1 -471025 306
297 110 m2 416518 -0.00280939415 0.5 p-1 -179110 1
174 111 m2 419867 -0.0131861353 0.5 p-1 -55164 16
279 112 m2 422557 -0.038424816 0.5 p-1 -55909 4
95 114 m2 427072 -0.0055806688 0.5 p-1 -584180 241
23 115 m2 428755 -4.07709704e-05 0.5 p-1 -4176038 1558
274 118 m2 434137 -0.00320727611 0.5 p-1 -10630 6
81 119 m2 439668 -0.000364996318 0.5 p-1 -1942999 70
24 120 m2 441183 -0.000421424513 0.5 p-1 -1647931 1576
265 122 m2 441505 -0.015098541 0.5 p-1 -39517 1
25 126 m2 453893 -0.000356287987 0.5 p-1 -2984012 926
26 127 m2 456591 -0.0295293331 0.5 p-1 -815750 572
242 130 m2 467207 -4.38002608e-05 0.5 p-1 -105862 8
231 135 m2 473884 -0.0128863342 0.5 p-1 -13820 10
289 136 m2 480003 -0.0134336771 0.5 p-1 -42846 1
82 137 m2 481764 -0.000607129652 0.5 p-1 -10022859 585
156 141 m2 497144 -0.004452297 0.5 p-1 -152519 68
59 146 m2 516779 -0.000158783689 0.5 p-1 -4970555 1211
27 147 m2 518080 -0.00035692635 0.5 p-1 -7823533 1557
249 148 m2 522536 -1.67541339e-06 0.5 p-1 -143627 29
84 150 m2 534973 -0.01026149 0.5 p-1 -1580339 398
152 152 m2 543431 -0.0064697261 0.5 p-1 -150654 4
182 153 m2 546286 -1.5009663e-05 0.5 p-1 -11349001 181
193 154 m2 546805 -3.58509993e-07 0.5 p-1 -69569 70
206 155 m2 547384 -3.55028824e-05 0.5 p-1 -8499 11
230 156 m2 548259 -0.0140319504 0.5 p-1 -328685 29
205 157 m2 549898 -0.000162076452 0.5 p-1 -133159 10
106 158 m2 551435 -0.000803822826 0.5 p-1 -532932 114
107 159 m2 561704 -0.0104260109 0.5 p-1 -1178978 55
108 160 m2 568493 -0.00111810374 0.5 p-1 -161830 136
121 161 m2 574120 -0.000321769359 0.5 p-1 -1453222 48
85 162 m2 576773 -0.00116277277 0.5 p-1 -717626 360
28 163 m2 583495 -0.0126133515 0.5 p-1 -4875153 822
153 164 m2 593929 -3.09516366e-07 0.5 p-1 -3146937 224
61 166 m2 597683 -0.00817408599 0.5 p-1 -2274770 155
256 167 m2 598633 -1.72276771e-06 0.5 p-1 -220674 10
29 168 m2 599241 -2.68532058e-05 0.5 p-1 -5997133 741
159 169 m2 602092 -0.00313061243 0.5 p-1 -468245 109
30 170 m2 602586 -0.00739395432 0.5 p-1 -822646 354
62 171 m2 605987 -0.00314184348 0.5 p-1 -3074296 956
129 172 m2 609232 -0.0387260206 0.5 p-1 -950634 187
31 173 m2 614579 -4.15332543e-05 0.5 p-1 -2562000 1912
96 174 m2 616974 -0.0338809565 0.5 p-1 -150358 65
257 175 m2 617493 -8.15663148e-10 0.5 p-1 -103377 4
142 176 m2 618010 -0.0206666794 0.5 p-1 -435826 5
143 177 m2 619175 -0.00998421758 0.5 p-1 -372525 227
290 178 m2 627846 -0.00035045165 0.5 p-1 -94265 2
97 179 m2 628472 -1.03559205e-06 0.5 p-1 -6568440 362
110 182 m2 631795 -0.0276766177 0.5 p-1 -425844 88
86 183 m2 641157 -0.000453850866 0.5 p-1 -1568426 82
141 184 m2 646401 -2.51133588e-06 0.5 p-1 -122357 100
170 185 m2 649687 -0.0078490125 0.5 p-1 -3542 19
32 186 m2 654643 -0.00163796591 0.5 p-1 -6667951 1255
98 188 m2 657376 -0.00918995962 0.5 p-1 -251664 117
87 189 m2 670204 -0.0286339633 0.5 p-1 -56201 9
212 191 m2 672591 -0.00748723792 0.5 p-1 -272665 68
33 193 m2 676620 -0.012213924 0.5 p-1 -5752896 898
145 194 m2 678521 -0.0191249102 0.5 p-1 -4775135 156
161 196 m2 684793 -0.00366736832 0.5 p-1 -369627 68
63 197 m2 707560 -8.42116879e-06 0.5 p-1 -709663 486
99 198 m2 707572 -0.00224570208 0.5 p-1 -848312 370
243 200 m2 708246 -0.0106704151 0.5 p-1 -223573 22
122 201 m2 720452 -0.000200828566 0.5 p-1 -368163 148
133 202 m2 723054 -1.79408325e-05 0.5 p-1 -559303 37
111 203 m2 724802 -2.8249784e-05 0.5 p-1 -180081 129
226 204 m2 725024 -0.00560441799 0.5 p-1 -16543 52
190 205 m2 727257 -0.000156660666 0.5 p-1 -837772 91
222 206 m2 732004 -0.000428253232 0.5 p-1 -237433 61
35 207 m2 735632 -0.00223238836 0.5 p-1 -12896577 1365
36 208 m2 735679 -0.000664080435 0.5 p-1 -856971 255
37 210 m2 740382 -0.0227164309 0.5 p-1 -5441852 1956
217 211 m2 744043 -0.0019133247 0.5 p-1 -9854 24
247 212 m2 748265 -0.00816754997 0.5 p-1 -43471 20
100 213 m2 748618 -0.00473759091 0.5 p-1 -2781833 283
64 214 m2 750107 -0.00107977877 0.5 p-1 -2201742 992
112 215 m2 759791 -0.000496900757 0.5 p-1 -2328005 546
151 217 m2 765626 -1.62656252e-05 0.5 p-1 -1428508 106
123 221 m2 772872 -0.0170404594 0.5 p-1 -1800282 214
173 222 m2 778292 -0.00816320814 0.5 p-1 -237154 117
39 224 m2 790316 -0.000435334427 0.5 p-1 -963845 976
40 225 m2 792446 -0.00307976943 0.5 p-1 -3642919 1157
223 226 m2 794817 -0.00529503124 0.5 p-1 -215551 36
175 228 m2 797506 -0.000309090712 0.5 p-1 -440130 61
88 230 m2 798708 -0.00107720715 0.5 p-1 -3091014 431
65 231 m2 799496 -0.00918782689 0.5 p-1 -4374263 1130
176 232 m2 803740 -0.00978168659 0.5 p-1 -3758530 107
233 233 m2 806539 -0.0160222743 0.5 p-1 -256817 10
130 235 m2 813330 -3.77394933e-08 0.5 p-1 -211537 138
185 236 m2 823903 -0.00445837248 0.5 p-1 -1675374 78
146 237 m2 831542 -0.00241104397 0.5 p-1 -827327 168
41 238 m2 837520 -0.0274343882 0.5 p-1 -6486641 1266
147 240 m2 840630 -0.0109181255 0.5 p-1 -31932 70
42 241 m2 841645 -7.26674261e-05 0.5 p-1 -3213178 1376
66 243 m2 846021 -1.81045809e-08 0.5 p-1 -391647 308
275 244 m2 847583 -0.00107225578 0.5 p-1 -102041 1
278 245 m2 853617 -1.46160306e-11 0.5 p-1 -19478 1
291 246 m2 853699 -0.000176574089 0.5 p-1 -234929 3
273 247 m2 854024 -4.43649988e-05 0.5 p-1 -3405 28
181 248 m2 854155 -0.00859897863 0.5 p-1 -343798 61
270 249 m2 854688 -0.00572087429 0.5 p-1 -28359 2
259 251 m2 856011 -0.000947779743 0.5 p-1 -69368 19
90 253 m2 858615 -0.00382782123 0.5 p-1 -56788 12
225 254 m2 864161 -0.086551927 0.5 p-1 -7904 7
272 255 m2 864193 -0.00244759 0.5 p-1 -9368 4
148 256 m2 867671 -0.00870218594 0.5 p-1 -9193941 101
248 257 m2 877265 -0.000432808243 0.5 p-1 -704123 14
67 258 m2 879102 -0.00487086317 0.5 p-1 -2698566 697
136 259 m2 879184 -0.0407457426 0.5 p-1 -112588 91
134 260 m2 884155 -0.00135928451 0.5 p-1 -1727260 237
177 261 m2 886464 -0.0707808658 0.5 p-1 -622324 138
166 263 m2 887824 -0.0290576126 0.5 p-1 -136584 51
228 264 m2 890690 -0.00197028951 0.5 p-1 -21330 20
191 266 m2 895876 -0.0220501572 0.5 p-1 -883597 73
113 267 m2 897426 -0.0200714413 0.5 p-1 -218782 93
91 268 m2 899825 -0.0186455082 0.5 p-1 -359597 305
70 269 m2 900641 -0.0567586906 0.5 p-1 -2285746 903
207 270 m2 902109 -0.00205965666 0.5 p-1 -865596 20
101 271 m2 907913 -0.00133091537 0.5 p-1 -777318 472
204 275 m2 917721 -0.0222473033 0.5 p-1 -165985 33
89 276 m2 919285 -0.00653648842 0.5 p-1 -660277 494
71 277 m2 922895 -3.18569801e-05 0.5 p-1 -995805 442
102 279 m2 927116 -0.0824819282 0.5 p-1 -1588458 432
92 280 m2 927677 -2.71250665e-05 0.5 p-1 -4920454 184
263 281 m2 941472 -0.00844884105 0.5 p-1 -321550 9
195 282 m2 960779 -0.0294002499 0.5 p-1 -1602898 88
169 283 m2 962365 -0.00229941402 0.5 p-1 -558329 172
224 284 m2 969634 -4.75663692e-05 0.5 p-1 -841246 31
196 285 m2 970921 -0.00251782732 0.5 p-1 -155875 52
114 286 m2 976321 -0.00757070538 0.5 p-1 -314110 140
171 287 m2 980846 -0.0101347361 0.5 p-1 -795705 176
198 288 m2 981164 -0.00750922598 0.5 p-1 -247126 113
45 289 m2 981352 -0.00920283515 0.5 p-1 -1943629 1921
232 291 m2 995110 -9.64383216e-05 0.5 p-1 -303163 67
296 294 m2 542339 -0.0328598842 0.5 p0 2 2
282 299 m2 935310 -0.0118758399 0.5 p0 2 4
261 303 m2 857759 -0.00015741169 0.5 p0 2 16
213 319 m2 910534 -3.68721085e-05 0.5 p0 2 2
287 324 m2 506613 -0.0259082075 0.5 p0 2 3
288 334 m2 337576 -0.00474627037 0.5 p0 2 2
293 336 m2 940085 -0.000833839644 0.5 p0 2 1
277 341 m2 160194 -0.000445368671 0.5 p0 2 7
253 342 m2 472255 -0.000476012356 0.5 p0 2 6
294 345 m2 498337 -0.00788801257 0.5 p0 2 1
0 348 m1 966 0 0.5 p-1 -5620549 1950
103 349 m1 1936 0 0.5 p-1 -2488059 503
238 350 m1 7038 0 0.5 p-1 -17957 16
237 351 m1 7512 0 0.5 p-1 -41041 14
115 352 m1 12999 0 0.5 p-1 -73184 38
5 354 m1 48819 0 0.5 p-1 -1395944 293
72 355 m1 56854 0 0.5 p-1 -1468017 485
254 357 m1 67286 0 0.5 p-1 -14706 13
124 358 m1 67822 0 0.5 p-1 -503590 173
292 359 m1 72558 0 0.5 p-1 -179053 5
262 360 m1 82751 0 0.5 p-1 -10221 9
47 361 m1 87414 0 0.5 p-1 -75626 104
241 362 m1 95934 0 0.5 p-1 -86174 10
8 364 m1 124341 0 0.5 p-1 -1714179 1024
295 365 m1 133787 0 0.5 p-1 -33060 1
162 366 m1 138621 0 0.5 p-1 -257921 71
219 367 m1 139804 0 0.5 p-1 -249004 42
235 369 m1 143477 0 0.5 p-1 -93750 12
286 371 m1 163502 0 0.5 p-1 -2882 4
218 372 m1 169509 0 0.5 p-1 -30276 13
50 373 m1 190730 0 0.5 p-1 -291462 334
11 374 m1 196053 0 0.5 p-1 -3387696 1859
12 375 m1 197000 0 0.5 p-1 -2270150 491
264 377 m1 217559 0 0.5 p-1 -8755 16
52 378 m1 224036 0 0.5 p-1 -7046401 319
14 379 m1 228161 0 0.5 p-1 -7583973 1115
236 380 m1 230122 0 0.5 p-1 -250657 15
15 381 m1 247079 0 0.5 p-1 -10949917 1753
16 382 m1 262201 0 0.5 p-1 -8240516 670
179 384 m1 299385 0 0.5 p-1 -135948 65
184 385 m1 332957 0 0.5 p-1 -73508 8
94 386 m1 338594 0 0.5 p-1 -81683 22
54 387 m1 339915 0 0.5 p-1 -122217 157
77 388 m1 343237 0 0.5 p-1 -8763724 1359
245 391 m1 347582 0 0.5 p-1 -134482 11
79 392 m1 372634 0 0.5 p-1 -2936999 162
57 394 m1 385740 0 0.5 p-1 -383835 134
120 395 m1 401977 0 0.5 p-1 -305042 51
180 396 m1 410719 0 0.5 p-1 -327550 131
127 399 m1 425833 0 0.5 p-1 -2602429 164
138 400 m1 426777 0 0.5 p-1 -229258 104
246 401 m1 431831 0 0.5 p-1 -74250 17
105 403 m1 435742 0 0.5 p-1 -9724325 354
160 404 m1 436659 0 0.5 p-1 -2055817 144
128 407 m1 464308 0 0.5 p-1 -3284889 298
283 410 m1 501443 0 0.5 p-1 -11589 2
83 413 m1 508874 0 0.5 p-1 -947246 282
197 415 m1 540781 0 0.5 p-1 -3459758 74
220 417 m1 563055 0 0.5 p-1 -143420 26
60 418 m1 580344 0 0.5 p-1 -566308 251
139 419 m1 591373 0 0.5 p-1 -1205058 241
165 420 m1 596357 0 0.5 p-1 -982817 240
154 421 m1 599064 0 0.5 p-1 -524676 305
221 422 m1 599164 0 0.5 p-1 -513926 114
109 423 m1 599386 0 0.5 p-1 -11069 8
200 424 m1 603436 0 0.5 p-1 -511611 23
227 425 m1 611020 0 0.5 p-1 -221864 122
140 426 m1 618097 0 0.5 p-1 -53287 67
132 428 m1 681501 0 0.5 p-1 -699586 176
34 432 m1 719214 0 0.5 p-1 -1855563 818
38 434 m1 778993 0 0.5 p-1 -7733964 1166
285 438 m1 831315 0 0.5 p-1 -39746 1
252 439 m1 836487 0 0.5 p-1 -12481 35
211 441 m1 854390 0 0.5 p-1 -54346 25
43 442 m1 855823 0 0.5 p-1 -3707116 986
68 444 m1 882759 0 0.5 p-1 -11117448 1527
69 445 m1 883773 0 0.5 p-1 -92290 73
157 446 m1 893419 0 0.5 p-1 -337485 128
202 447 m1 896226 0 0.5 p-1 -30813 10
260 448 m1 923841 0 0.5 p-1 -3694 3
266 449 m1 937379 0 0.5 p-1 -17316 19
44 450 m1 944763 0 0.5 p-1 -6555081 1774
144 451 m1 955223 0 0.5 p-1 -3397902 239
131 452 m1 958095 0 0.5 p-1 -1281634 235
172 453 m1 989172 0 0.5 p-1 -121421 69
Individuals:
