Mutations:
47 1 m2 16554 -0.00313826581 0.5 p-1 -1313535 648
357 2 m2 19401 -0.000410136563 0.5 p-1 -12825 1
141 3 m2 19847 -0.0108166905 0.5 p-1 -717724 302
99 4 m2 20730 -0.0238812771 0.5 p-1 -2271922 342
264 5 m2 26405 -0.00454898644 0.5 p-1 -32639 17
48 6 m2 33189 -4.30005429e-07 0.5 p-1 -296377 64
344 7 m2 40781 -0.00642583426 0.5 p-1 -18372 4
121 8 m2 41179 -0.00100680941 0.5 p-1 -391442 252
279 10 m2 45572 -0.0127473045 0.5 p-1 -161885 12
266 12 m2 49091 -5.66231211e-06 0.5 p-1 -1919 11
49 14 m2 60434 -0.00121575303 0.5 p-1 -184725 48
241 15 m2 63501 -4.19048229e-05 0.5 p-1 -50940 24
1 16 m2 73395 -0.00260783895 0.5 p-1 -2240757 1087
50 17 m2 73418 -0.0114805996 0.5 p-1 -2879818 724
67 20 m2 78780 -0.0197269693 0.5 p-1 -7881331 516
213 21 m2 87571 -0.00211810996 0.5 p-1 -436958 59
206 22 m2 88990 -0.0424577594 0.5 p-1 -5736 2
2 23 m2 89731 -0.00297558797 0.5 p-1 -512186 401
3 24 m2 92431 -0.00103566167 0.5 p-1 -5435484 387
197 25 m2 93462 -0.0301100034 0.5 p-1 -54958 23
51 27 m2 108493 -0.0255723726 0.5 p-1 -3581672 378
135 29 m2 110611 -0.0105602136 0.5 p-1 -527177 294
5 30 m2 112709 -0.0430609696 0.5 p-1 -3078411 501
247 31 m2 114272 -0.0116069289 0.5 p-1 -17389 4
214 32 m2 119843 -0.000746310106 0.5 p-1 -1636 2
149 33 m2 131486 -0.0358099155 0.5 p-1 -693172 127
145 34 m2 133119 -1.37915622e-05 0.5 p-1 -511751 48
6 35 m2 133407 -0.00558173098 0.5 p-1 -7397563 1472
76 36 m2 139767 -0.000111773108 0.5 p-1 -3624043 67
367 38 m2 140079 -1.23992772e-08 0.5 p-1 -743 1
136 39 m2 146452 -0.00733464165 0.5 p-1 -830936 31
77 40 m2 146548 -1.70340518e-05 0.5 p-1 -799948 226
287 41 m2 146747 -0.0112787588 0.5 p-1 -36579 5
267 42 m2 155035 -4.61927073e-07 0.5 p-1 -99726 7
321 43 m2 156577 -0.0349771157 0.5 p-1 -12037 2
347 45 m2 169604 -3.24031644e-05 0.5 p-1 -4506 1
69 46 m2 170759 -1.53031121e-09 0.5 p-1 -1306369 360
352 47 m2 174968 -0.020224439 0.5 p-1 -1863 1
90 49 m2 184404 -0.0124820285 0.5 p-1 -5147734 150
220 50 m2 185645 -0.00494311471 0.5 p-1 -459992 19
274 51 m2 186234 -1.32128353e-05 0.5 p-1 -136587 10
91 52 m2 192218 -0.000278888299 0.5 p-1 -3740197 965
230 53 m2 205200 -0.000226225253 0.5 p-1 -159872 36
8 54 m2 209825 -0.00638206117 0.5 p-1 -1476563 347
78 55 m2 212738 -3.24607099e-05 0.5 p-1 -886641 44
355 56 m2 214183 -0.000650374859 0.5 p-1 -8667 3
119 59 m2 221911 -0.059087906 0.5 p-1 -2153875 937
127 60 m2 223157 -0.0210617427 0.5 p-1 -404092 285
79 61 m2 232665 -0.000189518905 0.5 p-1 -121387 53
12 63 m2 267270 -0.000152234905 0.5 p-1 -3116606 845
152 64 m2 274859 -0.00287505635 0.5 p-1 -1045108 164
13 65 m2 275275 -0.000285964168 0.5 p-1 -1372769 981
14 66 m2 279904 -0.00285008689 0.5 p-1 -4270426 730
70 67 m2 283514 -0.0375057086 0.5 p-1 -465219 478
187 68 m2 284598 -0.0453892723 0.5 p-1 -63220 27
167 69 m2 284703 -0.0023969966 0.5 p-1 -38803 21
102 70 m2 290972 -9.69056657e-08 0.5 p-1 -126779 30
189 71 m2 295560 -6.03207839e-09 0.5 p-1 -345893 49
233 72 m2 297265 -0.00262585096 0.5 p-1 -154925 57
207 74 m2 298864 -0.0116248317 0.5 p-1 -100785 73
15 75 m2 308581 -3.26737936e-05 0.5 p-1 -3526374 1862
52 76 m2 309020 -3.7939426e-06 0.5 p-1 -3808227 837
103 77 m2 316684 -0.00242034369 0.5 p-1 -223510 135
316 78 m2 318523 -0.0313937403 0.5 p-1 -248 1
265 79 m2 321014 -0.0298515093 0.5 p-1 -1151 5
238 80 m2 326770 -5.49988499e-07 0.5 p-1 -16870 10
92 81 m2 327310 -0.054058671 0.5 p-1 -19789856 696
153 82 m2 332030 -0.000173198699 0.5 p-1 -17406 33
271 83 m2 335455 -2.13396197e-06 0.5 p-1 -25567 11
251 85 m2 344138 -7.70208717e-05 0.5 p-1 -1453 8
318 86 m2 344358 -0.00442016823 0.5 p-1 -10223 3
80 87 m2 347139 -0.0147207901 0.5 p-1 -1049591 489
154 88 m2 362138 -0.00932966452 0.5 p-1 -53472 62
259 89 m2 362593 -0.000935114687 0.5 p-1 -86989 15
17 91 m2 371952 -0.000385965395 0.5 p-1 -3037302 1800
104 93 m2 373780 -0.000516252127 0.5 p-1 -169707 223
272 94 m2 375787 -0.00656421063 0.5 p-1 -55232 27
172 95 m2 376171 -0.00595017755 0.5 p-1 -795201 159
81 96 m2 377060 -1.75139905e-06 0.5 p-1 -2716187 1067
105 97 m2 377831 -0.00334587321 0.5 p-1 -1759363 851
176 98 m2 380391 -0.00911491644 0.5 p-1 -558681 88
18 100 m2 383324 -0.00794204231 0.5 p-1 -1805465 666
181 101 m2 385248 -0.00277530216 0.5 p-1 -87156 55
288 102 m2 385431 -0.00215537404 0.5 p-1 -9119 5
216 103 m2 389525 -0.00334588834 0.5 p-1 -35850 12
150 104 m2 399535 -0.000220095084 0.5 p-1 -72945 12
19 105 m2 399771 -0.00981114805 0.5 p-1 -863716 1213
253 106 m2 403726 -0.00470152125 0.5 p-1 -8647 21
93 107 m2 407794 -0.000879035622 0.5 p-1 -471025 285
302 108 m2 410795 -0.000456432143 0.5 p-1 -5073 2
244 110 m2 416518 -0.00280939415 0.5 p-1 -179110 13
125 111 m2 419867 -0.0131861353 0.5 p-1 -55164 28
280 112 m2 422557 -0.038424816 0.5 p-1 -55909 9
106 114 m2 427072 -0.0055806688 0.5 p-1 -584180 306
22 115 m2 428755 -4.07709704e-05 0.5 p-1 -4176038 1507
232 118 m2 434137 -0.00320727611 0.5 p-1 -10630 13
210 119 m2 439668 -0.000364996318 0.5 p-1 -1942999 56
24 120 m2 441183 -0.000421424513 0.5 p-1 -1647931 1555
275 122 m2 441505 -0.015098541 0.5 p-1 -39517 2
306 124 m2 443654 -5.64147813e-05 0.5 p-1 -3342 5
53 126 m2 453893 -0.000356287987 0.5 p-1 -2984012 931
71 127 m2 456591 -0.0295293331 0.5 p-1 -815750 553
312 129 m2 461286 -0.014305965 0.5 p-1 -12137 3
231 130 m2 467207 -4.38002608e-05 0.5 p-1 -105862 16
322 134 m2 473154 -0.00101820857 0.5 p-1 -12662 4
235 135 m2 473884 -0.0128863342 0.5 p-1 -13820 16
366 136 m2 480003 -0.0134336771 0.5 p-1 -42846 1
25 137 m2 481764 -0.000607129652 0.5 p-1 -10022859 648
255 139 m2 492391 -2.27636137e-05 0.5 p-1 -544 1
192 141 m2 497144 -0.004452297 0.5 p-1 -152519 77
338 142 m2 497804 -3.87511463e-05 0.5 p-1 -103 1
328 144 m2 514225 -0.000109218759 0.5 p-1 -25762 2
313 145 m2 515232 -0.00524655636 0.5 p-1 -1221 1
55 146 m2 516779 -0.000158783689 0.5 p-1 -4970555 1111
26 147 m2 518080 -0.00035692635 0.5 p-1 -7823533 1659
132 148 m2 522536 -1.67541339e-06 0.5 p-1 -143627 24
107 150 m2 534973 -0.01026149 0.5 p-1 -1580339 469
236 151 m2 537335 -0.0356577188 0.5 p-1 -12462 5
228 152 m2 543431 -0.0064697261 0.5 p-1 -150654 32
113 153 m2 546286 -1.5009663e-05 0.5 p-1 -11349001 195
215 154 m2 546805 -3.58509993e-07 0.5 p-1 -69569 45
294 155 m2 547384 -3.55028824e-05 0.5 p-1 -8499 9
222 156 m2 548259 -0.0140319504 0.5 p-1 -328685 28
186 157 m2 549898 -0.000162076452 0.5 p-1 -133159 32
161 158 m2 551435 -0.000803822826 0.5 p-1 -532932 165
203 159 m2 561704 -0.0104260109 0.5 p-1 -1178978 68
162 160 m2 568493 -0.00111810374 0.5 p-1 -161830 106
82 161 m2 574120 -0.000321769359 0.5 p-1 -1453222 129
108 162 m2 576773 -0.00116277277 0.5 p-1 -717626 412
56 163 m2 583495 -0.0126133515 0.5 p-1 -4875153 887
120 164 m2 593929 -3.09516366e-07 0.5 p-1 -3146937 146
72 166 m2 597683 -0.00817408599 0.5 p-1 -2274770 179
239 167 m2 598633 -1.72276771e-06 0.5 p-1 -220674 24
28 168 m2 599241 -2.68532058e-05 0.5 p-1 -5997133 755
191 169 m2 602092 -0.00313061243 0.5 p-1 -468245 84
83 170 m2 602586 -0.00739395432 0.5 p-1 -822646 394
57 171 m2 605987 -0.00314184348 0.5 p-1 -3074296 878
169 172 m2 609232 -0.0387260206 0.5 p-1 -950634 212
29 173 m2 614579 -4.15332543e-05 0.5 p-1 -2562000 1897
128 174 m2 616974 -0.0338809565 0.5 p-1 -150358 40
240 175 m2 617493 -8.15663148e-10 0.5 p-1 -103377 18
194 176 m2 618010 -0.0206666794 0.5 p-1 -435826 22
30 177 m2 619175 -0.00998421758 0.5 p-1 -372525 283
282 178 m2 627846 -0.00035045165 0.5 p-1 -94265 9
95 179 m2 628472 -1.03559205e-06 0.5 p-1 -6568440 313
31 182 m2 631795 -0.0276766177 0.5 p-1 -425844 93
204 183 m2 641157 -0.000453850866 0.5 p-1 -1568426 119
126 184 m2 646401 -2.51133588e-06 0.5 p-1 -122357 91
325 185 m2 649687 -0.0078490125 0.5 p-1 -3542 4
74 186 m2 654643 -0.00163796591 0.5 p-1 -6667951 1180
198 188 m2 657376 -0.00918995962 0.5 p-1 -251664 90
258 189 m2 670204 -0.0286339633 0.5 p-1 -56201 20
329 190 m2 670822 -0.00417643832 0.5 p-1 -28334 2
249 191 m2 672591 -0.00748723792 0.5 p-1 -272665 74
32 193 m2 676620 -0.012213924 0.5 p-1 -5752896 905
179 194 m2 678521 -0.0191249102 0.5 p-1 -4775135 172
319 195 m2 681619 -0.000113693372 0.5 p-1 -253 1
138 196 m2 684793 -0.00366736832 0.5 p-1 -369627 94
58 197 m2 707560 -8.42116879e-06 0.5 p-1 -709663 408
134 198 m2 707572 -0.00224570208 0.5 p-1 -848312 303
254 200 m2 708246 -0.0106704151 0.5 p-1 -223573 28
84 201 m2 720452 -0.000200828566 0.5 p-1 -368163 117
139 202 m2 723054 -1.79408325e-05 0.5 p-1 -559303 46
170 203 m2 724802 -2.8249784e-05 0.5 p-1 -180081 162
208 204 m2 725024 -0.00560441799 0.5 p-1 -16543 23
155 205 m2 727257 -0.000156660666 0.5 p-1 -837772 132
221 206 m2 732004 -0.000428253232 0.5 p-1 -237433 64
33 207 m2 735632 -0.00223238836 0.5 p-1 -12896577 1414
129 208 m2 735679 -0.000664080435 0.5 p-1 -856971 258
34 210 m2 740382 -0.0227164309 0.5 p-1 -5441852 1930
174 211 m2 744043 -0.0019133247 0.5 p-1 -9854 13
171 212 m2 748265 -0.00816754997 0.5 p-1 -43471 21
97 213 m2 748618 -0.00473759091 0.5 p-1 -2781833 311
59 214 m2 750107 -0.00107977877 0.5 p-1 -2201742 1058
35 215 m2 759791 -0.000496900757 0.5 p-1 -2328005 530
291 216 m2 762762 -0.0181647819 0.5 p-1 -62900 5
143 217 m2 765626 -1.62656252e-05 0.5 p-1 -1428508 85
269 218 m2 765979 -0.000627384114 0.5 p-1 -16283 8
304 220 m2 772817 -1.00283905e-05 0.5 p-1 -5724 6
85 221 m2 772872 -0.0170404594 0.5 p-1 -1800282 204
163 222 m2 778292 -0.00816320814 0.5 p-1 -237154 103
296 223 m2 782987 -0.0084320195 0.5 p-1 -52280 2
109 224 m2 790316 -0.000435334427 0.5 p-1 -963845 877
61 225 m2 792446 -0.00307976943 0.5 p-1 -3642919 1125
175 226 m2 794817 -0.00529503124 0.5 p-1 -215551 38
184 228 m2 797506 -0.000309090712 0.5 p-1 -440130 118
36 230 m2 798708 -0.00107720715 0.5 p-1 -3091014 460
37 231 m2 799496 -0.00918782689 0.5 p-1 -4374263 1192
114 232 m2 803740 -0.00978168659 0.5 p-1 -3758530 69
314 233 m2 806539 -0.0160222743 0.5 p-1 -256817 7
202 235 m2 813330 -3.77394933e-08 0.5 p-1 -211537 81
205 236 m2 823903 -0.00445837248 0.5 p-1 -1675374 113
115 237 m2 831542 -0.00241104397 0.5 p-1 -827327 132
62 238 m2 837520 -0.0274343882 0.5 p-1 -6486641 1383
156 240 m2 840630 -0.0109181255 0.5 p-1 -31932 26
38 241 m2 841645 -7.26674261e-05 0.5 p-1 -3213178 1263
276 242 m2 845988 -0.000387060601 0.5 p-1 -37257 9
130 243 m2 846021 -1.81045809e-08 0.5 p-1 -391647 280
315 244 m2 847583 -0.00107225578 0.5 p-1 -102041 2
248 245 m2 853617 -1.46160306e-11 0.5 p-1 -19478 8
305 246 m2 853699 -0.000176574089 0.5 p-1 -234929 3
166 248 m2 854155 -0.00859897863 0.5 p-1 -343798 38
283 249 m2 854688 -0.00572087429 0.5 p-1 -28359 8
246 251 m2 856011 -0.000947779743 0.5 p-1 -69368 7
131 253 m2 858615 -0.00382782123 0.5 p-1 -56788 19
260 254 m2 864161 -0.086551927 0.5 p-1 -7904 4
324 255 m2 864193 -0.00244759 0.5 p-1 -9368 6
164 256 m2 867671 -0.00870218594 0.5 p-1 -9193941 99
224 257 m2 877265 -0.000432808243 0.5 p-1 -704123 17
39 258 m2 879102 -0.00487086317 0.5 p-1 -2698566 748
211 259 m2 879184 -0.0407457426 0.5 p-1 -112588 88
75 260 m2 884155 -0.00135928451 0.5 p-1 -1727260 301
199 261 m2 886464 -0.0707808658 0.5 p-1 -622324 120
278 262 m2 886621 -0.000280112872 0.5 p-1 -6110 8
188 263 m2 887824 -0.0290576126 0.5 p-1 -136584 68
212 264 m2 890690 -0.00197028951 0.5 p-1 -21330 20
237 266 m2 895876 -0.0220501572 0.5 p-1 -883597 57
196 267 m2 897426 -0.0200714413 0.5 p-1 -218782 93
63 268 m2 899825 -0.0186455082 0.5 p-1 -359597 291
41 269 m2 900641 -0.0567586906 0.5 p-1 -2285746 953
88 270 m2 902109 -0.00205965666 0.5 p-1 -865596 49
98 271 m2 907913 -0.00133091537 0.5 p-1 -777318 600
350 273 m2 916041 -2.09030622e-05 0.5 p-1 -471 1
229 274 m2 916462 -0.0146191362 0.5 p-1 -5941 2
180 275 m2 917721 -0.0222473033 0.5 p-1 -165985 102
64 276 m2 919285 -0.00653648842 0.5 p-1 -660277 518
116 277 m2 922895 -3.18569801e-05 0.5 p-1 -995805 394
345 278 m2 926407 -2.77401178e-08 0.5 p-1 -7473 1
42 279 m2 927116 -0.0824819282 0.5 p-1 -1588458 515
117 280 m2 927677 -2.71250665e-05 0.5 p-1 -4920454 242
277 281 m2 941472 -0.00844884105 0.5 p-1 -321550 8
44 282 m2 960779 -0.0294002499 0.5 p-1 -1602898 120
158 283 m2 962365 -0.00229941402 0.5 p-1 -558329 157
66 284 m2 969634 -4.75663692e-05 0.5 p-1 -841246 59
140 285 m2 970921 -0.00251782732 0.5 p-1 -155875 50
45 286 m2 976321 -0.00757070538 0.5 p-1 -314110 174
148 287 m2 980846 -0.0101347361 0.5 p-1 -795705 139
217 288 m2 981164 -0.00750922598 0.5 p-1 -247126 123
46 289 m2 981352 -0.00920283515 0.5 p-1 -1943629 1891
118 291 m2 995110 -9.64383216e-05 0.5 p-1 -303163 50
354 292 m2 161462 -0.0184203573 0.5 p0 2 1
353 295 m2 267042 -8.02710565e-06 0.5 p0 2 1
234 296 m2 996417 -0.00220612832 0.5 p0 2 1
340 297 m2 169316 -0.0426971018 0.5 p0 2 1
349 298 m2 316127 -0.00805205386 0.5 p0 2 1
346 299 m2 935310 -0.0118758399 0.5 p0 2 1
351 300 m2 729473 -0.00418602908 0.5 p0 2 1
252 301 m2 368866 -9.77539239e-05 0.5 p0 2 2
289 302 m2 341014 -0.000590078649 0.5 p0 2 1
330 304 m2 904510 -0.00336909178 0.5 p0 2 3
360 305 m2 721843 -0.00869578589 0.5 p0 2 1
307 306 m2 756244 -0.00419776933 0.5 p0 2 3
348 307 m2 470547 -0.0111373691 0.5 p0 2 2
286 308 m2 108216 -0.000276356237 0.5 p0 2 4
365 309 m2 769657 -0.000280896726 0.5 p0 2 1
261 310 m2 906961 -0.0312693156 0.5 p0 2 2
356 311 m2 776072 -0.000317948958 0.5 p0 2 1
320 315 m2 374435 -0.00281773671 0.5 p0 2 1
268 316 m2 988521 -0.00282152207 0.5 p0 2 1
335 317 m2 400672 -6.06612457e-06 0.5 p0 2 1
273 319 m2 910534 -3.68721085e-05 0.5 p0 2 2
358 320 m2 896902 -0.000413362577 0.5 p0 2 1
334 321 m2 81032 -0.00181907869 0.5 p0 2 1
339 322 m2 648187 -0.000837209634 0.5 p0 2 2
327 323 m2 968189 -0.00334686902 0.5 p0 2 2
333 324 m2 506613 -0.0259082075 0.5 p0 2 2
337 325 m2 228673 -0.00812323391 0.5 p0 2 1
298 328 m2 490183 -0.0013500402 0.5 p0 2 3
361 329 m2 484028 -0.0134607814 0.5 p0 2 1
290 332 m2 682722 -0.0173320416 0.5 p0 2 2
336 335 m2 561709 -0.000176368951 0.5 p0 2 3
295 337 m2 555618 -0.023272343 0.5 p0 2 1
263 339 m2 581083 -0.000159746836 0.5 p0 2 1
309 340 m2 701811 -0.00984495226 0.5 p0 2 3
317 341 m2 160194 -0.000445368671 0.5 p0 2 3
342 344 m2 170161 -3.22460473e-05 0.5 p0 2 1
359 345 m2 498337 -0.00788801257 0.5 p0 2 2
281 346 m2 477415 -0.000169994441 0.5 p0 2 1
0 348 m1 966 0 0.5 p-1 -5620549 1911
89 349 m1 1936 0 0.5 p-1 -2488059 441
299 350 m1 7038 0 0.5 p-1 -17957 10
227 351 m1 7512 0 0.5 p-1 -41041 21
223 352 m1 12999 0 0.5 p-1 -73184 44
144 354 m1 48819 0 0.5 p-1 -1395944 209
111 355 m1 56854 0 0.5 p-1 -1468017 482
303 356 m1 64703 0 0.5 p-1 -24300 4
209 357 m1 67286 0 0.5 p-1 -14706 17
201 358 m1 67822 0 0.5 p-1 -503590 100
256 359 m1 72558 0 0.5 p-1 -179053 15
270 360 m1 82751 0 0.5 p-1 -10221 4
122 361 m1 87414 0 0.5 p-1 -75626 51
4 362 m1 95934 0 0.5 p-1 -86174 23
225 363 m1 104365 0 0.5 p-1 -10767 2
68 364 m1 124341 0 0.5 p-1 -1714179 1127
257 365 m1 133787 0 0.5 p-1 -33060 1
146 366 m1 138621 0 0.5 p-1 -257921 35
250 367 m1 139804 0 0.5 p-1 -249004 72
218 369 m1 143477 0 0.5 p-1 -93750 7
332 371 m1 163502 0 0.5 p-1 -2882 2
300 372 m1 169509 0 0.5 p-1 -30276 5
100 373 m1 190730 0 0.5 p-1 -291462 319
7 374 m1 196053 0 0.5 p-1 -3387696 1777
112 375 m1 197000 0 0.5 p-1 -2270150 537
311 376 m1 199844 0 0.5 p-1 -6049 1
226 377 m1 217559 0 0.5 p-1 -8755 6
123 378 m1 224036 0 0.5 p-1 -7046401 347
9 379 m1 228161 0 0.5 p-1 -7583973 1169
101 380 m1 230122 0 0.5 p-1 -250657 55
10 381 m1 247079 0 0.5 p-1 -10949917 1746
11 382 m1 262201 0 0.5 p-1 -8240516 593
168 384 m1 299385 0 0.5 p-1 -135948 101
195 385 m1 332957 0 0.5 p-1 -73508 28
159 386 m1 338594 0 0.5 p-1 -81683 15
124 387 m1 339915 0 0.5 p-1 -122217 182
16 388 m1 343237 0 0.5 p-1 -8763724 1415
368 389 m1 346175 0 0.5 p-1 -758 1
185 391 m1 347582 0 0.5 p-1 -134482 35
160 392 m1 372634 0 0.5 p-1 -2936999 198
262 393 m1 384398 0 0.5 p-1 -7365 1
173 394 m1 385740 0 0.5 p-1 -383835 173
177 395 m1 401977 0 0.5 p-1 -305042 55
20 396 m1 410719 0 0.5 p-1 -327550 196
142 397 m1 412138 0 0.5 p-1 -6450 2
21 399 m1 425833 0 0.5 p-1 -2602429 286
94 400 m1 426777 0 0.5 p-1 -229258 127
323 401 m1 431831 0 0.5 p-1 -74250 9
308 402 m1 433992 0 0.5 p-1 -272 2
182 403 m1 435742 0 0.5 p-1 -9724325 289
23 404 m1 436659 0 0.5 p-1 -2055817 148
157 407 m1 464308 0 0.5 p-1 -3284889 210
293 408 m1 489285 0 0.5 p-1 -24685 4
341 409 m1 497868 0 0.5 p-1 -2798 1
364 410 m1 501443 0 0.5 p-1 -11589 1
363 411 m1 503834 0 0.5 p-1 -540 1
285 412 m1 508633 0 0.5 p-1 -24905 3
54 413 m1 508874 0 0.5 p-1 -947246 266
362 414 m1 532890 0 0.5 p-1 -4458 1
190 415 m1 540781 0 0.5 p-1 -3459758 86
242 416 m1 541055 0 0.5 p-1 -7267 5
200 417 m1 563055 0 0.5 p-1 -143420 21
151 418 m1 580344 0 0.5 p-1 -566308 278
147 419 m1 591373 0 0.5 p-1 -1205058 209
27 420 m1 596357 0 0.5 p-1 -982817 282
73 421 m1 599064 0 0.5 p-1 -524676 383
165 422 m1 599164 0 0.5 p-1 -513926 115
310 423 m1 599386 0 0.5 p-1 -11069 7
193 424 m1 603436 0 0.5 p-1 -511611 36
137 425 m1 611020 0 0.5 p-1 -221864 101
183 426 m1 618097 0 0.5 p-1 -53287 64
133 428 m1 681501 0 0.5 p-1 -699586 231
297 430 m1 704618 0 0.5 p-1 -4110 3
96 432 m1 719214 0 0.5 p-1 -1855563 824
60 434 m1 778993 0 0.5 p-1 -7733964 1079
292 435 m1 795236 0 0.5 p-1 -536 1
331 436 m1 800593 0 0.5 p-1 -200 1
301 438 m1 831315 0 0.5 p-1 -39746 6
245 439 m1 836487 0 0.5 p-1 -12481 12
219 441 m1 854390 0 0.5 p-1 -54346 56
86 442 m1 855823 0 0.5 p-1 -3707116 975
40 444 m1 882759 0 0.5 p-1 -11117448 1499
87 445 m1 883773 0 0.5 p-1 -92290 118
178 446 m1 893419 0 0.5 p-1 -337485 127
326 447 m1 896226 0 0.5 p-1 -30813 2
343 448 m1 923841 0 0.5 p-1 -3694 2
284 449 m1 937379 0 0.5 p-1 -17316 8
43 450 m1 944763 0 0.5 p-1 -6555081 1662
65 451 m1 955223 0 0.5 p-1 -3397902 255
110 452 m1 958095 0 0.5 p-1 -1281634 217
243 453 m1 989172 0 0.5 p-1 -121421 82
Individuals:
