Mutations:
36 0 m2 1231 -0.00080172898 0.5 p-1 -7645466 1447
37 1 m2 3175 -0.0148668271 0.5 p-1 -1214930 991
38 2 m2 8961 -7.37684168e-05 0.5 p-1 -1951837 1190
39 3 m2 10089 -2.4919631e-05 0.5 p-1 -4794337 967
216 4 m2 11808 -1.27802823e-05 0.5 p-1 -613610 16
1 6 m2 14084 -0.00248933421 0.5 p-1 -263978 286
2 7 m2 19688 -0.00944394246 0.5 p-1 -4600892 1857
237 8 m2 24497 -0.000130752596 0.5 p-1 -184253 11
131 10 m2 34500 -0.0241124891 0.5 p-1 -235014 145
119 12 m2 48140 -0.0047394447 0.5 p-1 -398981 92
4 14 m2 60013 -0.132834598 0.5 p-1 -1830123 263
152 15 m2 60362 -0.00320520392 0.5 p-1 -25488 12
5 16 m2 62904 -0.000243768853 0.5 p-1 -5892079 1915
40 17 m2 68667 -0.0116940103 0.5 p-1 -35721 61
117 18 m2 71912 -4.07834023e-06 0.5 p-1 -63906 15
109 19 m2 79140 -0.00460541435 0.5 p-1 -2153139 368
41 20 m2 79863 -0.00197226251 0.5 p-1 -793918 281
113 21 m2 89770 -0.00231631682 0.5 p-1 -6703037 124
88 24 m2 103434 -3.07754308e-05 0.5 p-1 -5212896 330
250 26 m2 112476 -1.87674541e-05 0.5 p-1 -8277929 6
42 27 m2 116362 -0.0755829588 0.5 p-1 -1648693 721
6 28 m2 118289 -0.00385948573 0.5 p-1 -4115779 931
172 29 m2 119316 -0.000200187293 0.5 p-1 -24577 18
224 31 m2 134912 -0.00161913899 0.5 p-1 -2105 4
177 32 m2 138896 -0.0317417979 0.5 p-1 -138221 6
269 33 m2 154373 -0.00249115587 0.5 p-1 -3517 3
220 36 m2 160869 -0.00572789786 0.5 p-1 -84204 32
223 37 m2 165958 -0.0404112116 0.5 p-1 -5857 4
43 39 m2 176281 -0.00240853522 0.5 p-1 -2039494 619
236 40 m2 184367 -0.00845448021 0.5 p-1 -238403 10
44 41 m2 188615 -0.013154177 0.5 p-1 -314722 291
303 42 m2 207142 -0.000537022832 0.5 p-1 -29624 1
198 43 m2 213671 -0.00488863653 0.5 p-1 -132681 45
133 45 m2 214928 -0.00155167736 0.5 p-1 -29125 4
77 46 m2 216559 -0.00452958466 0.5 p-1 -73680 29
222 49 m2 229301 -0.000128364598 0.5 p-1 -61065 9
270 50 m2 244859 -0.000293761725 0.5 p-1 -4351 1
110 51 m2 251557 -0.00892417133 0.5 p-1 -1087270 180
78 52 m2 251725 -0.00664976332 0.5 p-1 -4705947 836
208 55 m2 262163 -0.0064827092 0.5 p-1 -19464 21
47 56 m2 262521 -1.11346199e-09 0.5 p-1 -707143 299
204 59 m2 267651 -0.0162247028 0.5 p-1 -352555 77
169 61 m2 276516 -0.00622100616 0.5 p-1 -236841 22
183 62 m2 276991 -0.00436046999 0.5 p-1 -10008 1
90 63 m2 279766 -0.000441381766 0.5 p-1 -775010 585
148 64 m2 292709 -0.00147994992 0.5 p-1 -2419734 68
184 65 m2 297547 -0.000335963123 0.5 p-1 -13690 1
7 66 m2 298727 -0.00208796421 0.5 p-1 -670846 149
48 67 m2 301747 -0.00294766156 0.5 p-1 -2700600 1484
96 68 m2 302879 -0.000287182571 0.5 p-1 -80104 142
144 69 m2 305043 -0.00801861659 0.5 p-1 -289741 48
150 71 m2 314691 -0.000269928656 0.5 p-1 -48272 16
71 72 m2 315503 -0.000693023379 0.5 p-1 -4444904 282
49 73 m2 316176 -0.00198813621 0.5 p-1 -954116 288
151 74 m2 316906 -1.74336346e-05 0.5 p-1 -1033517 154
50 75 m2 317166 -0.00101102761 0.5 p-1 -4385029 1438
118 76 m2 317366 -0.0155752646 0.5 p-1 -588191 112
225 77 m2 318466 -0.000144946142 0.5 p-1 -4199 5
59 78 m2 323333 -0.000133807014 0.5 p-1 -228177 48
125 79 m2 324055 -0.0258740243 0.5 p-1 -98144 16
137 80 m2 325745 -0.000327431335 0.5 p-1 -296458 28
8 81 m2 331445 -0.00947157759 0.5 p-1 -1271778 502
106 82 m2 331810 -1.41491082e-05 0.5 p-1 -7618 4
251 84 m2 335142 -0.000756009656 0.5 p-1 -279581 10
83 85 m2 339122 -0.00112968031 0.5 p-1 -708600 402
245 86 m2 340689 -1.40473694e-05 0.5 p-1 -17599 13
178 87 m2 343196 -0.00255585299 0.5 p-1 -191277 67
217 88 m2 344144 -0.00128823158 0.5 p-1 -23647 10
51 89 m2 346140 -0.00029374435 0.5 p-1 -344953 284
10 90 m2 353029 -0.0208291709 0.5 p-1 -2989572 1976
254 92 m2 358283 -0.00041189816 0.5 p-1 -12225 10
101 93 m2 361375 -0.00745160319 0.5 p-1 -268271 141
241 94 m2 363965 -0.00113458862 0.5 p-1 -5127309 21
229 95 m2 364124 -0.0196263809 0.5 p-1 -34325 8
215 96 m2 371880 -0.0012454621 0.5 p-1 -37218 17
84 97 m2 380015 -0.000712774927 0.5 p-1 -560686 350
11 98 m2 382997 -0.00743887294 0.5 p-1 -5327129 421
186 99 m2 389870 -0.0115532726 0.5 p-1 -140935 56
114 100 m2 392734 -6.70690497e-05 0.5 p-1 -3120220 324
97 102 m2 398468 -0.00267570745 0.5 p-1 -3315971 361
213 103 m2 403454 -0.00532808155 0.5 p-1 -37104 9
171 104 m2 403780 -6.36830737e-05 0.5 p-1 -30759 8
121 105 m2 408748 -0.0134795206 0.5 p-1 -524905 256
214 108 m2 410981 -0.00362602295 0.5 p-1 -305254 48
13 109 m2 418279 -2.34172276e-07 0.5 p-1 -2145648 997
14 110 m2 420774 -6.58647477e-05 0.5 p-1 -222182 265
173 111 m2 422701 -0.00286685419 0.5 p-1 -10120 6
15 112 m2 425137 -1.67564838e-06 0.5 p-1 -1045169 132
279 113 m2 427793 -0.0471000448 0.5 p-1 -7558 1
264 114 m2 428205 -0.000630817143 0.5 p-1 -1375 6
16 115 m2 435577 -0.0109603042 0.5 p-1 -8274047 1995
72 116 m2 443441 -0.00133170863 0.5 p-1 -1145925 329
128 117 m2 453609 -0.0101756779 0.5 p-1 -25205 35
17 118 m2 459911 -0.00120039377 0.5 p-1 -2910997 1092
174 121 m2 469087 -0.00658264803 0.5 p-1 -111617 14
160 122 m2 469391 -0.0253741685 0.5 p-1 -16274 21
257 123 m2 469787 -0.014729741 0.5 p-1 -38068 10
297 124 m2 470271 -0.0132572558 0.5 p-1 -1271 1
107 125 m2 470430 -0.000782476156 0.5 p-1 -389120 92
73 126 m2 476509 -0.0372714512 0.5 p-1 -4228614 1098
85 127 m2 484732 -0.121992543 0.5 p-1 -461403 361
20 129 m2 485511 -0.0229887161 0.5 p-1 -3431673 1961
102 130 m2 487768 -0.00994762033 0.5 p-1 -217951 161
159 131 m2 495006 -0.00936124846 0.5 p-1 -165162 74
243 132 m2 498509 -0.0233227462 0.5 p-1 -3029 2
267 134 m2 510649 -0.00606248155 0.5 p-1 -10567 6
61 136 m2 521143 -0.0420481339 0.5 p-1 -4361471 470
230 137 m2 522624 -0.0811717361 0.5 p-1 -34898 12
21 138 m2 523844 -0.00100599614 0.5 p-1 -2708401 1389
22 139 m2 523901 -4.40707436e-06 0.5 p-1 -1201152 1073
141 140 m2 527159 -0.00126458553 0.5 p-1 -27407 18
185 141 m2 534084 -0.000564648537 0.5 p-1 -23820 20
115 142 m2 536768 -0.0137637947 0.5 p-1 -488210 47
126 144 m2 551086 -5.94153535e-05 0.5 p-1 -107066 11
154 147 m2 568007 -0.00943254493 0.5 p-1 -227305 75
74 148 m2 570078 -0.00617748452 0.5 p-1 -1000334 249
62 150 m2 577675 -0.00632537249 0.5 p-1 -7293467 383
212 151 m2 578807 -0.0605977699 0.5 p-1 -3599794 37
165 152 m2 585047 -0.00033918058 0.5 p-1 -17351 11
157 153 m2 590599 -0.00253749778 0.5 p-1 -18389 7
24 154 m2 594034 -0.0272596721 0.5 p-1 -5790507 1182
25 155 m2 594308 -0.0174575318 0.5 p-1 -1771925 999
307 156 m2 598152 -0.00111067109 0.5 p-1 -32966 1
99 157 m2 602177 -0.0202868786 0.5 p-1 -294624 257
228 158 m2 605448 -0.0518630035 0.5 p-1 -17311 10
155 159 m2 608072 -0.00410630461 0.5 p-1 -126922 8
163 160 m2 610681 -0.00116612553 0.5 p-1 -705900 34
234 162 m2 624661 -0.0156570021 0.5 p-1 -9433 4
64 163 m2 629399 -0.000889164919 0.5 p-1 -5560897 536
233 165 m2 632618 -0.000803245697 0.5 p-1 -2428 3
252 166 m2 633209 -0.00919276942 0.5 p-1 -318540 8
103 168 m2 638688 -0.00064148003 0.5 p-1 -64159 124
218 169 m2 639663 -0.000166122234 0.5 p-1 -194989 7
26 170 m2 647860 -0.00135216571 0.5 p-1 -5409471 1843
262 171 m2 648197 -0.0131080169 0.5 p-1 -4880 2
310 172 m2 648617 -8.28960474e-05 0.5 p-1 -47 2
206 173 m2 649855 -4.28618796e-06 0.5 p-1 -101374 33
130 174 m2 651760 -0.00224380218 0.5 p-1 -2416069 191
52 175 m2 653201 -0.0334673673 0.5 p-1 -3914361 920
66 176 m2 668144 -0.0116785169 0.5 p-1 -1551525 926
258 178 m2 676387 -0.00400361745 0.5 p-1 -22144 3
200 179 m2 679145 -1.47776857e-08 0.5 p-1 -23393 15
27 180 m2 681439 -0.00615669927 0.5 p-1 -1828518 1997
81 181 m2 683186 -4.01723355e-06 0.5 p-1 -5976789 163
122 182 m2 685652 -0.000282613066 0.5 p-1 -732976 98
28 183 m2 689325 -3.94434646e-05 0.5 p-1 -899619 173
210 184 m2 694315 -0.012321867 0.5 p-1 -45326 26
100 185 m2 703694 -0.0229058284 0.5 p-1 -817230 350
53 186 m2 704651 -0.00048502846 0.5 p-1 -2505901 538
29 187 m2 707851 -0.00486115366 0.5 p-1 -1904329 438
239 188 m2 710107 -0.0119945975 0.5 p-1 -4029 1
166 189 m2 712137 -0.00834114105 0.5 p-1 -199915 6
202 190 m2 712250 -0.00593736069 0.5 p-1 -28776 12
179 191 m2 718437 -0.00159772276 0.5 p-1 -151636 78
104 192 m2 718644 -0.000761255214 0.5 p-1 -195314 161
30 194 m2 751107 -0.00866438169 0.5 p-1 -345843 148
93 195 m2 752782 -0.00130927493 0.5 p-1 -303359 211
295 196 m2 759767 -0.016184248 0.5 p-1 -4935 2
127 197 m2 759881 -0.00914826337 0.5 p-1 -413700 127
86 199 m2 773199 -0.0220429935 0.5 p-1 -957400 169
82 200 m2 773498 -0.0138456021 0.5 p-1 -289513 282
105 201 m2 785428 -0.000780942675 0.5 p-1 -1842829 1121
94 203 m2 788296 -0.000188388818 0.5 p-1 -995901 144
95 204 m2 788822 -0.00121564791 0.5 p-1 -208023 96
167 205 m2 789295 -0.0126096345 0.5 p-1 -221755 86
146 206 m2 792020 -0.00748058083 0.5 p-1 -50815 30
31 207 m2 798158 -0.0145086236 0.5 p-1 -11463924 316
32 208 m2 799415 -0.000773972948 0.5 p-1 -2498066 1346
190 209 m2 801281 -0.000798758119 0.5 p-1 -50764 12
75 210 m2 801928 -0.00214487803 0.5 p-1 -1409166 322
67 212 m2 808490 -1.5967079e-07 0.5 p-1 -1824368 502
112 213 m2 809817 -0.0083765192 0.5 p-1 -807089 198
116 214 m2 810926 -0.00780294742 0.5 p-1 -1452237 362
142 215 m2 810975 -2.93583253e-05 0.5 p-1 -61089 84
232 217 m2 815206 -0.0153097259 0.5 p-1 -7915 2
54 218 m2 815885 -0.0291205272 0.5 p-1 -9698714 1135
244 220 m2 820807 -0.0381030776 0.5 p-1 -9922 1
33 221 m2 824595 -0.000272970821 0.5 p-1 -1082739 876
227 222 m2 839074 -0.00900359638 0.5 p-1 -10511 3
271 223 m2 841944 -0.00163522421 0.5 p-1 -2355 2
34 224 m2 850814 -0.0256395899 0.5 p-1 -1305357 1341
194 225 m2 854990 -0.00183345063 0.5 p-1 -33878 21
189 226 m2 861350 -0.00317994924 0.5 p-1 -174937 22
192 227 m2 870091 -0.000725123915 0.5 p-1 -307834 32
296 228 m2 878630 -1.07939322e-05 0.5 p-1 -38603 2
276 229 m2 887736 -7.64440992e-05 0.5 p-1 -5576 3
235 230 m2 895705 -0.0018519311 0.5 p-1 -9603 1
68 231 m2 896357 -0.0239208341 0.5 p-1 -1938196 405
283 232 m2 898981 -0.0275425259 0.5 p-1 -27889 2
35 233 m2 902849 -1.47731407e-06 0.5 p-1 -2105904 1093
143 234 m2 908467 -0.0673262551 0.5 p-1 -144834 38
197 237 m2 915536 -0.0010019138 0.5 p-1 -9320 2
55 238 m2 918893 -8.08182358e-06 0.5 p-1 -3955777 739
312 239 m2 923005 -6.74021949e-09 0.5 p-1 -1164 1
259 240 m2 923343 -0.00456575071 0.5 p-1 -397 5
199 242 m2 932234 -2.35157017e-06 0.5 p-1 -63198 28
70 244 m2 941069 -0.00761090824 0.5 p-1 -1845652 304
180 245 m2 947828 -0.0455232635 0.5 p-1 -17709 5
275 246 m2 950619 -0.00319999177 0.5 p-1 -16802 3
248 247 m2 953249 -1.62115384e-06 0.5 p-1 -25763 16
272 248 m2 957412 -0.0028325317 0.5 p-1 -39671 6
57 249 m2 958602 -0.000479366397 0.5 p-1 -137971 169
193 250 m2 961558 -0.0281888731 0.5 p-1 -15033 10
175 251 m2 965484 -0.00159551541 0.5 p-1 -737659 49
168 253 m2 971463 -0.000734146044 0.5 p-1 -78719 37
123 254 m2 975580 -3.58453963e-06 0.5 p-1 -208714 63
211 255 m2 987025 -0.0407646745 0.5 p-1 -212065 23
161 256 m2 987260 -0.00225311029 0.5 p-1 -124545 49
196 257 m2 994287 -0.000821921567 0.5 p-1 -13364 11
304 258 m2 370817 -0.000509924197 0.5 p0 2 1
138 259 m2 328978 -0.0202935971 0.5 p0 2 4
300 260 m2 313203 -0.000421840523 0.5 p0 2 2
292 261 m2 460866 -0.000178388858 0.5 p0 2 1
289 262 m2 714313 -9.61067371e-07 0.5 p0 2 1
301 265 m2 740040 -0.0183521844 0.5 p0 2 1
284 267 m2 56749 -0.000387499982 0.5 p0 2 1
280 269 m2 655542 -0.000470969157 0.5 p0 2 1
285 270 m2 383125 -6.44937827e-05 0.5 p0 2 2
308 273 m2 967672 -0.0139055829 0.5 p0 2 1
306 274 m2 395316 -0.0165097918 0.5 p0 2 1
156 275 m2 320961 -0.000327110145 0.5 p0 2 1
282 276 m2 906254 -0.0102806147 0.5 p0 2 1
302 277 m2 6669 -0.00195120112 0.5 p0 2 2
290 278 m2 226333 -0.00460074097 0.5 p0 2 1
278 279 m2 481984 -0.0256004296 0.5 p0 2 3
256 281 m2 436002 -0.0615603961 0.5 p0 2 1
294 282 m2 457692 -0.00501698302 0.5 p0 2 2
311 283 m2 640098 -0.0132629192 0.5 p0 2 1
260 284 m2 362111 -0.0186116993 0.5 p0 2 3
266 285 m2 993470 -0.0029851296 0.5 p0 2 2
265 286 m2 18449 -0.00050625432 0.5 p0 2 3
309 287 m2 672238 -0.00215210672 0.5 p0 2 1
287 288 m2 532599 -0.00259954832 0.5 p0 2 1
298 289 m2 112693 -0.00151419558 0.5 p0 2 1
238 292 m2 69472 -0.00752434367 0.5 p0 2 2
263 294 m2 341964 -0.000124308397 0.5 p0 2 1
268 295 m2 44438 -1.7006043e-05 0.5 p0 2 2
281 297 m2 778473 -0.0113776177 0.5 p0 2 1
286 299 m2 892669 -0.0205632709 0.5 p0 2 1
274 301 m2 197162 -0.00113087904 0.5 p0 2 2
288 302 m2 293203 -7.93698916e-07 0.5 p0 2 1
291 303 m2 379807 -3.81253049e-05 0.5 p0 2 1
299 307 m2 710060 -0.000199299335 0.5 p0 2 2
153 308 m2 289788 -0.00843631569 0.5 p0 2 1
203 309 m2 731246 -1.5104913e-06 0.5 p0 2 1
0 312 m1 632 0 0.5 p-1 -3558721 649
246 315 m1 19496 0 0.5 p-1 -8214 7
3 316 m1 21084 0 0.5 p-1 -10098016 1956
293 317 m1 87471 0 0.5 p-1 -88659 2
240 318 m1 97612 0 0.5 p-1 -65794 8
132 319 m1 111569 0 0.5 p-1 -32084 22
247 320 m1 124205 0 0.5 p-1 -21866 3
120 322 m1 137396 0 0.5 p-1 -257323 111
242 325 m1 190140 0 0.5 p-1 -2248 1
249 326 m1 200629 0 0.5 p-1 -322 2
45 327 m1 218281 0 0.5 p-1 -4692176 1679
134 328 m1 222540 0 0.5 p-1 -714297 51
89 329 m1 229906 0 0.5 p-1 -4359635 224
46 330 m1 230467 0 0.5 p-1 -1739072 862
158 331 m1 242369 0 0.5 p-1 -662 7
191 332 m1 253785 0 0.5 p-1 -148129 7
135 333 m1 272740 0 0.5 p-1 -618 4
58 334 m1 312798 0 0.5 p-1 -90357 5
136 335 m1 328002 0 0.5 p-1 -4578 2
9 336 m1 337284 0 0.5 p-1 -2489836 894
111 337 m1 348392 0 0.5 p-1 -230505 209
60 338 m1 351916 0 0.5 p-1 -1546318 686
221 339 m1 360936 0 0.5 p-1 -35271 18
91 340 m1 362671 0 0.5 p-1 -498809 148
273 341 m1 384295 0 0.5 p-1 -15836 4
162 342 m1 391918 0 0.5 p-1 -172584 60
12 343 m1 402253 0 0.5 p-1 -14414488 1262
92 345 m1 432730 0 0.5 p-1 -574110 365
164 346 m1 452140 0 0.5 p-1 -3673662 48
140 347 m1 455823 0 0.5 p-1 -1999114 326
79 348 m1 459694 0 0.5 p-1 -1462404 489
129 349 m1 460088 0 0.5 p-1 -15255 8
18 350 m1 460737 0 0.5 p-1 -316849 327
19 351 m1 462595 0 0.5 p-1 -3625836 1447
176 355 m1 494651 0 0.5 p-1 -905758 101
305 356 m1 503477 0 0.5 p-1 -19559 1
195 357 m1 517187 0 0.5 p-1 -32413 21
23 358 m1 526437 0 0.5 p-1 -10080710 762
226 361 m1 547791 0 0.5 p-1 -24100 22
80 362 m1 553456 0 0.5 p-1 -1404416 368
98 363 m1 575321 0 0.5 p-1 -48837 52
219 364 m1 588128 0 0.5 p-1 -102655 15
63 365 m1 591069 0 0.5 p-1 -1227909 250
253 366 m1 594548 0 0.5 p-1 -49584 9
277 367 m1 608059 0 0.5 p-1 -30599 3
181 368 m1 608068 0 0.5 p-1 -1281 4
231 369 m1 624720 0 0.5 p-1 -69472 11
65 372 m1 647948 0 0.5 p-1 -3335238 311
145 373 m1 690100 0 0.5 p-1 -3988591 207
201 374 m1 704594 0 0.5 p-1 -269447 17
108 376 m1 745377 0 0.5 p-1 -2006200 237
87 377 m1 782496 0 0.5 p-1 -521223 219
207 379 m1 802376 0 0.5 p-1 -105768 18
188 380 m1 808927 0 0.5 p-1 -155526 49
147 381 m1 813261 0 0.5 p-1 -28666 18
255 382 m1 842801 0 0.5 p-1 -9077 2
139 383 m1 849537 0 0.5 p-1 -95569 35
187 384 m1 851205 0 0.5 p-1 -216786 24
209 386 m1 854562 0 0.5 p-1 -57890 14
76 388 m1 889132 0 0.5 p-1 -2518753 806
56 389 m1 919912 0 0.5 p-1 -1365202 554
69 390 m1 921996 0 0.5 p-1 -973328 616
170 392 m1 941261 0 0.5 p-1 -736858 52
124 393 m1 941626 0 0.5 p-1 -115109 9
149 394 m1 943045 0 0.5 p-1 -212978 26
261 395 m1 958447 0 0.5 p-1 -59315 5
205 396 m1 976001 0 0.5 p-1 -89773 18
182 397 m1 978124 0 0.5 p-1 -656 5
Individuals:
