Mutations:
48 1 m2 16554 -0.00313826581 0.5 p-1 -1313535 621
277 2 m2 19401 -0.000410136563 0.5 p-1 -12825 1
77 3 m2 19847 -0.0108166905 0.5 p-1 -717724 305
113 4 m2 20730 -0.0238812771 0.5 p-1 -2271922 396
252 5 m2 26405 -0.00454898644 0.5 p-1 -32639 9
157 6 m2 33189 -4.30005429e-07 0.5 p-1 -296377 91
78 8 m2 41179 -0.00100680941 0.5 p-1 -391442 284
263 10 m2 45572 -0.0127473045 0.5 p-1 -161885 5
189 12 m2 49091 -5.66231211e-06 0.5 p-1 -1919 6
159 14 m2 60434 -0.00121575303 0.5 p-1 -184725 23
136 15 m2 63501 -4.19048229e-05 0.5 p-1 -50940 37
3 16 m2 73395 -0.00260783895 0.5 p-1 -2240757 1102
50 17 m2 73418 -0.0114805996 0.5 p-1 -2879818 745
51 20 m2 78780 -0.0197269693 0.5 p-1 -7881331 478
163 21 m2 87571 -0.00211810996 0.5 p-1 -436958 91
285 22 m2 88990 -0.0424577594 0.5 p-1 -5736 4
103 23 m2 89731 -0.00297558797 0.5 p-1 -512186 396
4 24 m2 92431 -0.00103566167 0.5 p-1 -5435484 446
274 25 m2 93462 -0.0301100034 0.5 p-1 -54958 34
79 27 m2 108493 -0.0255723726 0.5 p-1 -3581672 392
140 29 m2 110611 -0.0105602136 0.5 p-1 -527177 296
114 30 m2 112709 -0.0430609696 0.5 p-1 -3078411 429
88 33 m2 131486 -0.0358099155 0.5 p-1 -693172 94
217 34 m2 133119 -1.37915622e-05 0.5 p-1 -511751 31
104 35 m2 133407 -0.00558173098 0.5 p-1 -7397563 1481
249 36 m2 139767 -0.000111773108 0.5 p-1 -3624043 51
170 39 m2 146452 -0.00733464165 0.5 p-1 -830936 19
105 40 m2 146548 -1.70340518e-05 0.5 p-1 -799948 176
262 41 m2 146747 -0.0112787588 0.5 p-1 -36579 1
234 42 m2 155035 -4.61927073e-07 0.5 p-1 -99726 13
264 43 m2 156577 -0.0349771157 0.5 p-1 -12037 5
80 46 m2 170759 -1.53031121e-09 0.5 p-1 -1306369 350
191 49 m2 184404 -0.0124820285 0.5 p-1 -5147734 144
194 50 m2 185645 -0.00494311471 0.5 p-1 -459992 46
52 52 m2 192218 -0.000278888299 0.5 p-1 -3740197 870
154 53 m2 205200 -0.000226225253 0.5 p-1 -159872 69
7 54 m2 209825 -0.00638206117 0.5 p-1 -1476563 462
149 55 m2 212738 -3.24607099e-05 0.5 p-1 -886641 39
54 59 m2 221911 -0.059087906 0.5 p-1 -2153875 806
8 60 m2 223157 -0.0210617427 0.5 p-1 -404092 266
241 61 m2 232665 -0.000189518905 0.5 p-1 -121387 59
56 63 m2 267270 -0.000152234905 0.5 p-1 -3116606 879
174 64 m2 274859 -0.00287505635 0.5 p-1 -1045108 205
90 65 m2 275275 -0.000285964168 0.5 p-1 -1372769 966
57 66 m2 279904 -0.00285008689 0.5 p-1 -4270426 794
115 67 m2 283514 -0.0375057086 0.5 p-1 -465219 393
278 68 m2 284598 -0.0453892723 0.5 p-1 -63220 10
190 69 m2 284703 -0.0023969966 0.5 p-1 -38803 13
240 70 m2 290972 -9.69056657e-08 0.5 p-1 -126779 24
228 71 m2 295560 -6.03207839e-09 0.5 p-1 -345893 25
260 72 m2 297265 -0.00262585096 0.5 p-1 -154925 42
91 74 m2 298864 -0.0116248317 0.5 p-1 -100785 63
11 75 m2 308581 -3.26737936e-05 0.5 p-1 -3526374 1828
92 76 m2 309020 -3.7939426e-06 0.5 p-1 -3808227 801
155 77 m2 316684 -0.00242034369 0.5 p-1 -223510 63
208 78 m2 318523 -0.0313937403 0.5 p-1 -248 13
251 80 m2 326770 -5.49988499e-07 0.5 p-1 -16870 6
12 81 m2 327310 -0.054058671 0.5 p-1 -19789856 528
192 82 m2 332030 -0.000173198699 0.5 p-1 -17406 47
279 83 m2 335455 -2.13396197e-06 0.5 p-1 -25567 6
121 85 m2 344138 -7.70208717e-05 0.5 p-1 -1453 6
58 87 m2 347139 -0.0147207901 0.5 p-1 -1049591 485
193 88 m2 362138 -0.00932966452 0.5 p-1 -53472 74
254 89 m2 362593 -0.000935114687 0.5 p-1 -86989 24
14 91 m2 371952 -0.000385965395 0.5 p-1 -3037302 1829
93 93 m2 373780 -0.000516252127 0.5 p-1 -169707 282
236 94 m2 375787 -0.00656421063 0.5 p-1 -55232 17
59 95 m2 376171 -0.00595017755 0.5 p-1 -795201 153
16 96 m2 377060 -1.75139905e-06 0.5 p-1 -2716187 1049
17 97 m2 377831 -0.00334587321 0.5 p-1 -1759363 795
177 98 m2 380391 -0.00911491644 0.5 p-1 -558681 73
18 100 m2 383324 -0.00794204231 0.5 p-1 -1805465 670
117 101 m2 385248 -0.00277530216 0.5 p-1 -87156 89
199 102 m2 385431 -0.00215537404 0.5 p-1 -9119 10
19 104 m2 399535 -0.000220095084 0.5 p-1 -72945 10
94 105 m2 399771 -0.00981114805 0.5 p-1 -863716 1275
256 106 m2 403726 -0.00470152125 0.5 p-1 -8647 24
95 107 m2 407794 -0.000879035622 0.5 p-1 -471025 314
248 108 m2 410795 -0.000456432143 0.5 p-1 -5073 10
258 110 m2 416518 -0.00280939415 0.5 p-1 -179110 2
178 111 m2 419867 -0.0131861353 0.5 p-1 -55164 28
286 112 m2 422557 -0.038424816 0.5 p-1 -55909 9
83 114 m2 427072 -0.0055806688 0.5 p-1 -584180 382
21 115 m2 428755 -4.07709704e-05 0.5 p-1 -4176038 1473
270 118 m2 434137 -0.00320727611 0.5 p-1 -10630 11
222 119 m2 439668 -0.000364996318 0.5 p-1 -1942999 24
22 120 m2 441183 -0.000421424513 0.5 p-1 -1647931 1577
224 124 m2 443654 -5.64147813e-05 0.5 p-1 -3342 1
60 126 m2 453893 -0.000356287987 0.5 p-1 -2984012 944
23 127 m2 456591 -0.0295293331 0.5 p-1 -815750 581
195 130 m2 467207 -4.38002608e-05 0.5 p-1 -105862 15
206 135 m2 473884 -0.0128863342 0.5 p-1 -13820 15
24 137 m2 481764 -0.000607129652 0.5 p-1 -10022859 610
238 139 m2 492391 -2.27636137e-05 0.5 p-1 -544 16
225 141 m2 497144 -0.004452297 0.5 p-1 -152519 51
297 142 m2 497804 -3.87511463e-05 0.5 p-1 -103 1
25 146 m2 516779 -0.000158783689 0.5 p-1 -4970555 1097
26 147 m2 518080 -0.00035692635 0.5 p-1 -7823533 1681
218 148 m2 522536 -1.67541339e-06 0.5 p-1 -143627 16
84 150 m2 534973 -0.01026149 0.5 p-1 -1580339 504
250 151 m2 537335 -0.0356577188 0.5 p-1 -12462 7
219 152 m2 543431 -0.0064697261 0.5 p-1 -150654 32
187 153 m2 546286 -1.5009663e-05 0.5 p-1 -11349001 166
141 154 m2 546805 -3.58509993e-07 0.5 p-1 -69569 19
239 155 m2 547384 -3.55028824e-05 0.5 p-1 -8499 25
61 156 m2 548259 -0.0140319504 0.5 p-1 -328685 38
62 157 m2 549898 -0.000162076452 0.5 p-1 -133159 36
198 158 m2 551435 -0.000803822826 0.5 p-1 -532932 136
108 159 m2 561704 -0.0104260109 0.5 p-1 -1178978 103
63 160 m2 568493 -0.00111810374 0.5 p-1 -161830 113
173 161 m2 574120 -0.000321769359 0.5 p-1 -1453222 73
96 162 m2 576773 -0.00116277277 0.5 p-1 -717626 396
64 163 m2 583495 -0.0126133515 0.5 p-1 -4875153 875
164 164 m2 593929 -3.09516366e-07 0.5 p-1 -3146937 185
65 166 m2 597683 -0.00817408599 0.5 p-1 -2274770 170
204 167 m2 598633 -1.72276771e-06 0.5 p-1 -220674 36
27 168 m2 599241 -2.68532058e-05 0.5 p-1 -5997133 795
237 169 m2 602092 -0.00313061243 0.5 p-1 -468245 75
98 170 m2 602586 -0.00739395432 0.5 p-1 -822646 350
85 171 m2 605987 -0.00314184348 0.5 p-1 -3074296 937
150 172 m2 609232 -0.0387260206 0.5 p-1 -950634 189
28 173 m2 614579 -4.15332543e-05 0.5 p-1 -2562000 1918
207 174 m2 616974 -0.0338809565 0.5 p-1 -150358 19
179 175 m2 617493 -8.15663148e-10 0.5 p-1 -103377 34
214 176 m2 618010 -0.0206666794 0.5 p-1 -435826 12
165 177 m2 619175 -0.00998421758 0.5 p-1 -372525 286
227 178 m2 627846 -0.00035045165 0.5 p-1 -94265 34
29 179 m2 628472 -1.03559205e-06 0.5 p-1 -6568440 333
213 182 m2 631795 -0.0276766177 0.5 p-1 -425844 43
143 183 m2 641157 -0.000453850866 0.5 p-1 -1568426 121
171 184 m2 646401 -2.51133588e-06 0.5 p-1 -122357 62
244 185 m2 649687 -0.0078490125 0.5 p-1 -3542 5
30 186 m2 654643 -0.00163796591 0.5 p-1 -6667951 1176
200 188 m2 657376 -0.00918995962 0.5 p-1 -251664 78
183 189 m2 670204 -0.0286339633 0.5 p-1 -56201 18
124 191 m2 672591 -0.00748723792 0.5 p-1 -272665 118
31 193 m2 676620 -0.012213924 0.5 p-1 -5752896 904
99 194 m2 678521 -0.0191249102 0.5 p-1 -4775135 170
291 195 m2 681619 -0.000113693372 0.5 p-1 -253 1
162 196 m2 684793 -0.00366736832 0.5 p-1 -369627 148
32 197 m2 707560 -8.42116879e-06 0.5 p-1 -709663 344
66 198 m2 707572 -0.00224570208 0.5 p-1 -848312 336
182 200 m2 708246 -0.0106704151 0.5 p-1 -223573 30
188 201 m2 720452 -0.000200828566 0.5 p-1 -368163 82
221 202 m2 723054 -1.79408325e-05 0.5 p-1 -559303 27
158 203 m2 724802 -2.8249784e-05 0.5 p-1 -180081 153
223 204 m2 725024 -0.00560441799 0.5 p-1 -16543 21
100 205 m2 727257 -0.000156660666 0.5 p-1 -837772 127
151 206 m2 732004 -0.000428253232 0.5 p-1 -237433 82
34 207 m2 735632 -0.00223238836 0.5 p-1 -12896577 1395
176 208 m2 735679 -0.000664080435 0.5 p-1 -856971 211
35 210 m2 740382 -0.0227164309 0.5 p-1 -5441852 1924
272 211 m2 744043 -0.0019133247 0.5 p-1 -9854 10
266 212 m2 748265 -0.00816754997 0.5 p-1 -43471 8
67 213 m2 748618 -0.00473759091 0.5 p-1 -2781833 287
36 214 m2 750107 -0.00107977877 0.5 p-1 -2201742 1095
110 215 m2 759791 -0.000496900757 0.5 p-1 -2328005 551
180 216 m2 762762 -0.0181647819 0.5 p-1 -62900 4
86 217 m2 765626 -1.62656252e-05 0.5 p-1 -1428508 89
128 221 m2 772872 -0.0170404594 0.5 p-1 -1800282 190
152 222 m2 778292 -0.00816320814 0.5 p-1 -237154 110
87 224 m2 790316 -0.000435334427 0.5 p-1 -963845 884
37 225 m2 792446 -0.00307976943 0.5 p-1 -3642919 956
235 226 m2 794817 -0.00529503124 0.5 p-1 -215551 29
226 228 m2 797506 -0.000309090712 0.5 p-1 -440130 72
101 230 m2 798708 -0.00107720715 0.5 p-1 -3091014 469
38 231 m2 799496 -0.00918782689 0.5 p-1 -4374263 1178
229 232 m2 803740 -0.00978168659 0.5 p-1 -3758530 65
69 235 m2 813330 -3.77394933e-08 0.5 p-1 -211537 85
138 236 m2 823903 -0.00445837248 0.5 p-1 -1675374 83
160 237 m2 831542 -0.00241104397 0.5 p-1 -827327 111
39 238 m2 837520 -0.0274343882 0.5 p-1 -6486641 1369
185 240 m2 840630 -0.0109181255 0.5 p-1 -31932 21
40 241 m2 841645 -7.26674261e-05 0.5 p-1 -3213178 1143
230 242 m2 845988 -0.000387060601 0.5 p-1 -37257 44
153 243 m2 846021 -1.81045809e-08 0.5 p-1 -391647 267
247 244 m2 847583 -0.00107225578 0.5 p-1 -102041 4
295 245 m2 853617 -1.46160306e-11 0.5 p-1 -19478 1
284 246 m2 853699 -0.000176574089 0.5 p-1 -234929 2
255 248 m2 854155 -0.00859897863 0.5 p-1 -343798 28
268 251 m2 856011 -0.000947779743 0.5 p-1 -69368 6
211 253 m2 858615 -0.00382782123 0.5 p-1 -56788 24
253 254 m2 864161 -0.086551927 0.5 p-1 -7904 5
245 255 m2 864193 -0.00244759 0.5 p-1 -9368 4
42 256 m2 867671 -0.00870218594 0.5 p-1 -9193941 159
215 257 m2 877265 -0.000432808243 0.5 p-1 -704123 16
102 258 m2 879102 -0.00487086317 0.5 p-1 -2698566 758
125 259 m2 879184 -0.0407457426 0.5 p-1 -112588 77
129 260 m2 884155 -0.00135928451 0.5 p-1 -1727260 368
166 261 m2 886464 -0.0707808658 0.5 p-1 -622324 115
196 262 m2 886621 -0.000280112872 0.5 p-1 -6110 12
232 263 m2 887824 -0.0290576126 0.5 p-1 -136584 54
257 264 m2 890690 -0.00197028951 0.5 p-1 -21330 15
167 266 m2 895876 -0.0220501572 0.5 p-1 -883597 61
181 267 m2 897426 -0.0200714413 0.5 p-1 -218782 83
71 268 m2 899825 -0.0186455082 0.5 p-1 -359597 266
72 269 m2 900641 -0.0567586906 0.5 p-1 -2285746 794
205 270 m2 902109 -0.00205965666 0.5 p-1 -865596 22
44 271 m2 907913 -0.00133091537 0.5 p-1 -777318 595
135 275 m2 917721 -0.0222473033 0.5 p-1 -165985 98
118 276 m2 919285 -0.00653648842 0.5 p-1 -660277 426
45 277 m2 922895 -3.18569801e-05 0.5 p-1 -995805 418
287 278 m2 926407 -2.77401178e-08 0.5 p-1 -7473 1
46 279 m2 927116 -0.0824819282 0.5 p-1 -1588458 464
130 280 m2 927677 -2.71250665e-05 0.5 p-1 -4920454 319
203 281 m2 941472 -0.00844884105 0.5 p-1 -321550 40
139 282 m2 960779 -0.0294002499 0.5 p-1 -1602898 91
126 283 m2 962365 -0.00229941402 0.5 p-1 -558329 154
120 284 m2 969634 -4.75663692e-05 0.5 p-1 -841246 68
111 285 m2 970921 -0.00251782732 0.5 p-1 -155875 70
75 286 m2 976321 -0.00757070538 0.5 p-1 -314110 264
156 287 m2 980846 -0.0101347361 0.5 p-1 -795705 124
76 288 m2 981164 -0.00750922598 0.5 p-1 -247126 153
47 289 m2 981352 -0.00920283515 0.5 p-1 -1943629 1881
209 291 m2 995110 -9.64383216e-05 0.5 p-1 -303163 61
201 304 m2 904510 -0.00336909178 0.5 p0 2 8
175 307 m2 470547 -0.0111373691 0.5 p0 2 11
288 308 m2 108216 -0.000276356237 0.5 p0 2 2
276 316 m2 988521 -0.00282152207 0.5 p0 2 2
265 323 m2 968189 -0.00334686902 0.5 p0 2 5
281 328 m2 490183 -0.0013500402 0.5 p0 2 5
271 332 m2 682722 -0.0173320416 0.5 p0 2 3
259 335 m2 561709 -0.000176368951 0.5 p0 2 9
296 341 m2 160194 -0.000445368671 0.5 p0 2 1
0 348 m1 966 0 0.5 p-1 -5620549 1944
1 349 m1 1936 0 0.5 p-1 -2488059 372
273 350 m1 7038 0 0.5 p-1 -17957 3
267 351 m1 7512 0 0.5 p-1 -41041 4
169 352 m1 12999 0 0.5 p-1 -73184 23
148 354 m1 48819 0 0.5 p-1 -1395944 250
49 355 m1 56854 0 0.5 p-1 -1468017 658
269 356 m1 64703 0 0.5 p-1 -24300 2
2 357 m1 67286 0 0.5 p-1 -14706 27
127 358 m1 67822 0 0.5 p-1 -503590 139
216 359 m1 72558 0 0.5 p-1 -179053 23
231 361 m1 87414 0 0.5 p-1 -75626 38
243 362 m1 95934 0 0.5 p-1 -86174 6
5 364 m1 124341 0 0.5 p-1 -1714179 1113
233 366 m1 138621 0 0.5 p-1 -257921 22
131 367 m1 139804 0 0.5 p-1 -249004 98
294 369 m1 143477 0 0.5 p-1 -93750 3
283 372 m1 169509 0 0.5 p-1 -30276 2
89 373 m1 190730 0 0.5 p-1 -291462 300
53 374 m1 196053 0 0.5 p-1 -3387696 1748
6 375 m1 197000 0 0.5 p-1 -2270150 606
293 377 m1 217559 0 0.5 p-1 -8755 2
81 378 m1 224036 0 0.5 p-1 -7046401 392
9 379 m1 228161 0 0.5 p-1 -7583973 1208
106 380 m1 230122 0 0.5 p-1 -250657 58
10 381 m1 247079 0 0.5 p-1 -10949917 1656
55 382 m1 262201 0 0.5 p-1 -8240516 625
116 384 m1 299385 0 0.5 p-1 -135948 114
186 385 m1 332957 0 0.5 p-1 -73508 54
202 386 m1 338594 0 0.5 p-1 -81683 36
132 387 m1 339915 0 0.5 p-1 -122217 154
13 388 m1 343237 0 0.5 p-1 -8763724 1487
197 391 m1 347582 0 0.5 p-1 -134482 41
15 392 m1 372634 0 0.5 p-1 -2936999 168
145 394 m1 385740 0 0.5 p-1 -383835 170
210 395 m1 401977 0 0.5 p-1 -305042 87
82 396 m1 410719 0 0.5 p-1 -327550 207
142 399 m1 425833 0 0.5 p-1 -2602429 227
20 400 m1 426777 0 0.5 p-1 -229258 119
282 401 m1 431831 0 0.5 p-1 -74250 10
246 402 m1 433992 0 0.5 p-1 -272 13
122 403 m1 435742 0 0.5 p-1 -9724325 349
168 404 m1 436659 0 0.5 p-1 -2055817 194
123 407 m1 464308 0 0.5 p-1 -3284889 248
298 408 m1 489285 0 0.5 p-1 -24685 1
289 412 m1 508633 0 0.5 p-1 -24905 1
107 413 m1 508874 0 0.5 p-1 -947246 263
133 415 m1 540781 0 0.5 p-1 -3459758 90
184 417 m1 563055 0 0.5 p-1 -143420 64
146 418 m1 580344 0 0.5 p-1 -566308 222
137 419 m1 591373 0 0.5 p-1 -1205058 233
147 420 m1 596357 0 0.5 p-1 -982817 301
97 421 m1 599064 0 0.5 p-1 -524676 360
134 422 m1 599164 0 0.5 p-1 -513926 125
280 423 m1 599386 0 0.5 p-1 -11069 1
242 424 m1 603436 0 0.5 p-1 -511611 20
212 425 m1 611020 0 0.5 p-1 -221864 73
220 426 m1 618097 0 0.5 p-1 -53287 59
109 428 m1 681501 0 0.5 p-1 -699586 181
292 430 m1 704618 0 0.5 p-1 -4110 3
33 432 m1 719214 0 0.5 p-1 -1855563 865
68 434 m1 778993 0 0.5 p-1 -7733964 1156
290 438 m1 831315 0 0.5 p-1 -39746 1
275 439 m1 836487 0 0.5 p-1 -12481 8
172 441 m1 854390 0 0.5 p-1 -54346 48
41 442 m1 855823 0 0.5 p-1 -3707116 985
43 444 m1 882759 0 0.5 p-1 -11117448 1462
161 445 m1 883773 0 0.5 p-1 -92290 100
70 446 m1 893419 0 0.5 p-1 -337485 74
261 447 m1 896226 0 0.5 p-1 -30813 3
144 449 m1 937379 0 0.5 p-1 -17316 4
73 450 m1 944763 0 0.5 p-1 -6555081 1642
119 451 m1 955223 0 0.5 p-1 -3397902 177
74 452 m1 958095 0 0.5 p-1 -1281634 203
112 453 m1 989172 0 0.5 p-1 -121421 123
Individuals:
