Mutations:
2 1 m2 16554 -0.00313826581 0.5 p-1 -1313535 697
3 3 m2 19847 -0.0108166905 0.5 p-1 -717724 297
4 4 m2 20730 -0.0238812771 0.5 p-1 -2271922 328
136 5 m2 26405 -0.00454898644 0.5 p-1 -32639 9
195 6 m2 33189 -4.30005429e-07 0.5 p-1 -296377 68
5 8 m2 41179 -0.00100680941 0.5 p-1 -391442 276
149 10 m2 45572 -0.0127473045 0.5 p-1 -161885 7
240 14 m2 60434 -0.00121575303 0.5 p-1 -184725 47
234 15 m2 63501 -4.19048229e-05 0.5 p-1 -50940 39
8 16 m2 73395 -0.00260783895 0.5 p-1 -2240757 1093
100 17 m2 73418 -0.0114805996 0.5 p-1 -2879818 747
45 20 m2 78780 -0.0197269693 0.5 p-1 -7881331 502
129 21 m2 87571 -0.00211810996 0.5 p-1 -436958 46
115 23 m2 89731 -0.00297558797 0.5 p-1 -512186 435
78 24 m2 92431 -0.00103566167 0.5 p-1 -5435484 475
255 25 m2 93462 -0.0301100034 0.5 p-1 -54958 19
156 27 m2 108493 -0.0255723726 0.5 p-1 -3581672 332
146 29 m2 110611 -0.0105602136 0.5 p-1 -527177 242
9 30 m2 112709 -0.0430609696 0.5 p-1 -3078411 436
272 31 m2 114272 -0.0116069289 0.5 p-1 -17389 3
125 33 m2 131486 -0.0358099155 0.5 p-1 -693172 112
254 34 m2 133119 -1.37915622e-05 0.5 p-1 -511751 24
11 35 m2 133407 -0.00558173098 0.5 p-1 -7397563 1445
166 36 m2 139767 -0.000111773108 0.5 p-1 -3624043 56
219 39 m2 146452 -0.00733464165 0.5 p-1 -830936 12
130 40 m2 146548 -1.70340518e-05 0.5 p-1 -799948 248
251 41 m2 146747 -0.0112787588 0.5 p-1 -36579 2
283 42 m2 155035 -4.61927073e-07 0.5 p-1 -99726 1
111 46 m2 170759 -1.53031121e-09 0.5 p-1 -1306369 421
84 49 m2 184404 -0.0124820285 0.5 p-1 -5147734 115
257 50 m2 185645 -0.00494311471 0.5 p-1 -459992 19
263 51 m2 186234 -1.32128353e-05 0.5 p-1 -136587 2
12 52 m2 192218 -0.000278888299 0.5 p-1 -3740197 1039
181 53 m2 205200 -0.000226225253 0.5 p-1 -159872 49
101 54 m2 209825 -0.00638206117 0.5 p-1 -1476563 353
117 55 m2 212738 -3.24607099e-05 0.5 p-1 -886641 62
67 59 m2 221911 -0.059087906 0.5 p-1 -2153875 910
176 60 m2 223157 -0.0210617427 0.5 p-1 -404092 244
231 61 m2 232665 -0.000189518905 0.5 p-1 -121387 58
48 63 m2 267270 -0.000152234905 0.5 p-1 -3116606 951
68 64 m2 274859 -0.00287505635 0.5 p-1 -1045108 164
86 65 m2 275275 -0.000285964168 0.5 p-1 -1372769 951
69 66 m2 279904 -0.00285008689 0.5 p-1 -4270426 656
79 67 m2 283514 -0.0375057086 0.5 p-1 -465219 438
207 68 m2 284598 -0.0453892723 0.5 p-1 -63220 18
260 69 m2 284703 -0.0023969966 0.5 p-1 -38803 24
269 70 m2 290972 -9.69056657e-08 0.5 p-1 -126779 9
168 71 m2 295560 -6.03207839e-09 0.5 p-1 -345893 86
227 72 m2 297265 -0.00262585096 0.5 p-1 -154925 15
205 74 m2 298864 -0.0116248317 0.5 p-1 -100785 114
15 75 m2 308581 -3.26737936e-05 0.5 p-1 -3526374 1883
16 76 m2 309020 -3.7939426e-06 0.5 p-1 -3808227 939
118 77 m2 316684 -0.00242034369 0.5 p-1 -223510 113
277 80 m2 326770 -5.49988499e-07 0.5 p-1 -16870 2
70 81 m2 327310 -0.054058671 0.5 p-1 -19789856 621
92 82 m2 332030 -0.000173198699 0.5 p-1 -17406 30
220 83 m2 335455 -2.13396197e-06 0.5 p-1 -25567 17
286 85 m2 344138 -7.70208717e-05 0.5 p-1 -1453 1
18 87 m2 347139 -0.0147207901 0.5 p-1 -1049591 470
198 88 m2 362138 -0.00932966452 0.5 p-1 -53472 38
217 89 m2 362593 -0.000935114687 0.5 p-1 -86989 8
19 91 m2 371952 -0.000385965395 0.5 p-1 -3037302 1766
153 93 m2 373780 -0.000516252127 0.5 p-1 -169707 200
278 94 m2 375787 -0.00656421063 0.5 p-1 -55232 1
103 95 m2 376171 -0.00595017755 0.5 p-1 -795201 161
49 96 m2 377060 -1.75139905e-06 0.5 p-1 -2716187 1046
50 97 m2 377831 -0.00334587321 0.5 p-1 -1759363 747
212 98 m2 380391 -0.00911491644 0.5 p-1 -558681 108
20 100 m2 383324 -0.00794204231 0.5 p-1 -1805465 722
190 101 m2 385248 -0.00277530216 0.5 p-1 -87156 64
252 102 m2 385431 -0.00215537404 0.5 p-1 -9119 2
246 103 m2 389525 -0.00334588834 0.5 p-1 -35850 17
264 104 m2 399535 -0.000220095084 0.5 p-1 -72945 7
51 105 m2 399771 -0.00981114805 0.5 p-1 -863716 1222
241 106 m2 403726 -0.00470152125 0.5 p-1 -8647 4
93 107 m2 407794 -0.000879035622 0.5 p-1 -471025 335
253 110 m2 416518 -0.00280939415 0.5 p-1 -179110 38
223 111 m2 419867 -0.0131861353 0.5 p-1 -55164 36
273 112 m2 422557 -0.038424816 0.5 p-1 -55909 4
72 114 m2 427072 -0.0055806688 0.5 p-1 -584180 268
52 115 m2 428755 -4.07709704e-05 0.5 p-1 -4176038 1453
73 118 m2 434137 -0.00320727611 0.5 p-1 -10630 46
218 119 m2 439668 -0.000364996318 0.5 p-1 -1942999 37
53 120 m2 441183 -0.000421424513 0.5 p-1 -1647931 1489
119 121 m2 441417 -0.00145345263 0.5 p-1 -48209 7
120 125 m2 448043 -0.00165496441 0.5 p-1 -19444 7
54 126 m2 453893 -0.000356287987 0.5 p-1 -2984012 913
104 127 m2 456591 -0.0295293331 0.5 p-1 -815750 524
155 129 m2 461286 -0.014305965 0.5 p-1 -12137 5
280 130 m2 467207 -4.38002608e-05 0.5 p-1 -105862 3
276 134 m2 473154 -0.00101820857 0.5 p-1 -12662 5
200 135 m2 473884 -0.0128863342 0.5 p-1 -13820 8
55 137 m2 481764 -0.000607129652 0.5 p-1 -10022859 681
164 141 m2 497144 -0.004452297 0.5 p-1 -152519 55
224 144 m2 514225 -0.000109218759 0.5 p-1 -25762 3
56 146 m2 516779 -0.000158783689 0.5 p-1 -4970555 1032
22 147 m2 518080 -0.00035692635 0.5 p-1 -7823533 1639
184 148 m2 522536 -1.67541339e-06 0.5 p-1 -143627 51
105 150 m2 534973 -0.01026149 0.5 p-1 -1580339 418
228 151 m2 537335 -0.0356577188 0.5 p-1 -12462 1
221 152 m2 543431 -0.0064697261 0.5 p-1 -150654 17
106 153 m2 546286 -1.5009663e-05 0.5 p-1 -11349001 127
247 154 m2 546805 -3.58509993e-07 0.5 p-1 -69569 28
126 156 m2 548259 -0.0140319504 0.5 p-1 -328685 21
225 157 m2 549898 -0.000162076452 0.5 p-1 -133159 22
23 158 m2 551435 -0.000803822826 0.5 p-1 -532932 252
230 159 m2 561704 -0.0104260109 0.5 p-1 -1178978 63
182 160 m2 568493 -0.00111810374 0.5 p-1 -161830 83
75 161 m2 574120 -0.000321769359 0.5 p-1 -1453222 116
24 162 m2 576773 -0.00116277277 0.5 p-1 -717626 428
57 163 m2 583495 -0.0126133515 0.5 p-1 -4875153 846
80 164 m2 593929 -3.09516366e-07 0.5 p-1 -3146937 188
127 166 m2 597683 -0.00817408599 0.5 p-1 -2274770 186
25 168 m2 599241 -2.68532058e-05 0.5 p-1 -5997133 914
180 169 m2 602092 -0.00313061243 0.5 p-1 -468245 76
121 170 m2 602586 -0.00739395432 0.5 p-1 -822646 375
58 171 m2 605987 -0.00314184348 0.5 p-1 -3074296 965
179 172 m2 609232 -0.0387260206 0.5 p-1 -950634 142
26 173 m2 614579 -4.15332543e-05 0.5 p-1 -2562000 1858
194 174 m2 616974 -0.0338809565 0.5 p-1 -150358 19
165 176 m2 618010 -0.0206666794 0.5 p-1 -435826 9
27 177 m2 619175 -0.00998421758 0.5 p-1 -372525 310
239 178 m2 627846 -0.00035045165 0.5 p-1 -94265 12
28 179 m2 628472 -1.03559205e-06 0.5 p-1 -6568440 364
134 182 m2 631795 -0.0276766177 0.5 p-1 -425844 130
202 183 m2 641157 -0.000453850866 0.5 p-1 -1568426 179
128 184 m2 646401 -2.51133588e-06 0.5 p-1 -122357 127
59 186 m2 654643 -0.00163796591 0.5 p-1 -6667951 1060
87 188 m2 657376 -0.00918995962 0.5 p-1 -251664 101
211 189 m2 670204 -0.0286339633 0.5 p-1 -56201 45
183 190 m2 670822 -0.00417643832 0.5 p-1 -28334 4
151 191 m2 672591 -0.00748723792 0.5 p-1 -272665 66
29 193 m2 676620 -0.012213924 0.5 p-1 -5752896 944
113 194 m2 678521 -0.0191249102 0.5 p-1 -4775135 264
107 196 m2 684793 -0.00366736832 0.5 p-1 -369627 114
30 197 m2 707560 -8.42116879e-06 0.5 p-1 -709663 387
160 198 m2 707572 -0.00224570208 0.5 p-1 -848312 303
201 200 m2 708246 -0.0106704151 0.5 p-1 -223573 25
235 201 m2 720452 -0.000200828566 0.5 p-1 -368163 85
192 202 m2 723054 -1.79408325e-05 0.5 p-1 -559303 30
208 203 m2 724802 -2.8249784e-05 0.5 p-1 -180081 118
250 204 m2 725024 -0.00560441799 0.5 p-1 -16543 16
171 205 m2 727257 -0.000156660666 0.5 p-1 -837772 90
141 206 m2 732004 -0.000428253232 0.5 p-1 -237433 56
31 207 m2 735632 -0.00223238836 0.5 p-1 -12896577 1250
161 208 m2 735679 -0.000664080435 0.5 p-1 -856971 193
32 210 m2 740382 -0.0227164309 0.5 p-1 -5441852 1888
209 212 m2 748265 -0.00816754997 0.5 p-1 -43471 20
81 213 m2 748618 -0.00473759091 0.5 p-1 -2781833 353
33 214 m2 750107 -0.00107977877 0.5 p-1 -2201742 1071
88 215 m2 759791 -0.000496900757 0.5 p-1 -2328005 402
147 217 m2 765626 -1.62656252e-05 0.5 p-1 -1428508 113
203 218 m2 765979 -0.000627384114 0.5 p-1 -16283 17
34 221 m2 772872 -0.0170404594 0.5 p-1 -1800282 191
99 222 m2 778292 -0.00816320814 0.5 p-1 -237154 118
62 224 m2 790316 -0.000435334427 0.5 p-1 -963845 876
35 225 m2 792446 -0.00307976943 0.5 p-1 -3642919 1256
185 226 m2 794817 -0.00529503124 0.5 p-1 -215551 27
285 227 m2 796378 -7.78286121e-05 0.5 p-1 -65186 2
114 228 m2 797506 -0.000309090712 0.5 p-1 -440130 111
36 230 m2 798708 -0.00107720715 0.5 p-1 -3091014 439
63 231 m2 799496 -0.00918782689 0.5 p-1 -4374263 1265
173 232 m2 803740 -0.00978168659 0.5 p-1 -3758530 93
189 233 m2 806539 -0.0160222743 0.5 p-1 -256817 13
186 235 m2 813330 -3.77394933e-08 0.5 p-1 -211537 120
204 236 m2 823903 -0.00445837248 0.5 p-1 -1675374 90
138 237 m2 831542 -0.00241104397 0.5 p-1 -827327 132
64 238 m2 837520 -0.0274343882 0.5 p-1 -6486641 1373
139 240 m2 840630 -0.0109181255 0.5 p-1 -31932 37
37 241 m2 841645 -7.26674261e-05 0.5 p-1 -3213178 1191
265 242 m2 845988 -0.000387060601 0.5 p-1 -37257 6
76 243 m2 846021 -1.81045809e-08 0.5 p-1 -391647 299
236 245 m2 853617 -1.46160306e-11 0.5 p-1 -19478 8
174 248 m2 854155 -0.00859897863 0.5 p-1 -343798 62
245 251 m2 856011 -0.000947779743 0.5 p-1 -69368 18
214 253 m2 858615 -0.00382782123 0.5 p-1 -56788 17
122 256 m2 867671 -0.00870218594 0.5 p-1 -9193941 63
232 257 m2 877265 -0.000432808243 0.5 p-1 -704123 8
89 258 m2 879102 -0.00487086317 0.5 p-1 -2698566 774
197 259 m2 879184 -0.0407457426 0.5 p-1 -112588 37
97 260 m2 884155 -0.00135928451 0.5 p-1 -1727260 404
157 261 m2 886464 -0.0707808658 0.5 p-1 -622324 124
131 262 m2 886621 -0.000280112872 0.5 p-1 -6110 17
167 263 m2 887824 -0.0290576126 0.5 p-1 -136584 81
206 264 m2 890690 -0.00197028951 0.5 p-1 -21330 35
238 266 m2 895876 -0.0220501572 0.5 p-1 -883597 74
158 267 m2 897426 -0.0200714413 0.5 p-1 -218782 84
143 268 m2 899825 -0.0186455082 0.5 p-1 -359597 266
40 269 m2 900641 -0.0567586906 0.5 p-1 -2285746 898
259 270 m2 902109 -0.00205965666 0.5 p-1 -865596 15
65 271 m2 907913 -0.00133091537 0.5 p-1 -777318 699
108 275 m2 917721 -0.0222473033 0.5 p-1 -165985 104
77 276 m2 919285 -0.00653648842 0.5 p-1 -660277 571
41 277 m2 922895 -3.18569801e-05 0.5 p-1 -995805 504
109 279 m2 927116 -0.0824819282 0.5 p-1 -1588458 442
42 280 m2 927677 -2.71250665e-05 0.5 p-1 -4920454 278
162 282 m2 960779 -0.0294002499 0.5 p-1 -1602898 107
91 283 m2 962365 -0.00229941402 0.5 p-1 -558329 234
135 284 m2 969634 -4.75663692e-05 0.5 p-1 -841246 74
163 285 m2 970921 -0.00251782732 0.5 p-1 -155875 45
123 286 m2 976321 -0.00757070538 0.5 p-1 -314110 185
148 287 m2 980846 -0.0101347361 0.5 p-1 -795705 160
187 288 m2 981164 -0.00750922598 0.5 p-1 -247126 78
44 289 m2 981352 -0.00920283515 0.5 p-1 -1943629 1840
124 291 m2 995110 -9.64383216e-05 0.5 p-1 -303163 108
237 299 m2 935310 -0.0118758399 0.5 p0 2 2
95 300 m2 729473 -0.00418602908 0.5 p0 2 6
284 301 m2 368866 -9.77539239e-05 0.5 p0 2 3
268 302 m2 341014 -0.000590078649 0.5 p0 2 5
244 324 m2 506613 -0.0259082075 0.5 p0 2 9
258 330 m2 826778 -0.00586144021 0.5 p0 2 3
288 331 m2 205381 -0.0151678491 0.5 p0 2 1
281 338 m2 242891 -0.000298278348 0.5 p0 2 2
275 339 m2 581083 -0.000159746836 0.5 p0 2 2
287 346 m2 477415 -0.000169994441 0.5 p0 2 1
0 348 m1 966 0 0.5 p-1 -5620549 1937
1 349 m1 1936 0 0.5 p-1 -2488059 508
279 351 m1 7512 0 0.5 p-1 -41041 3
152 352 m1 12999 0 0.5 p-1 -73184 31
6 354 m1 48819 0 0.5 p-1 -1395944 318
66 355 m1 56854 0 0.5 p-1 -1468017 513
222 356 m1 64703 0 0.5 p-1 -24300 15
270 357 m1 67286 0 0.5 p-1 -14706 8
110 358 m1 67822 0 0.5 p-1 -503590 96
7 359 m1 72558 0 0.5 p-1 -179053 12
210 361 m1 87414 0 0.5 p-1 -75626 61
140 362 m1 95934 0 0.5 p-1 -86174 28
10 364 m1 124341 0 0.5 p-1 -1714179 1138
132 367 m1 139804 0 0.5 p-1 -249004 70
256 371 m1 163502 0 0.5 p-1 -2882 1
116 373 m1 190730 0 0.5 p-1 -291462 360
46 374 m1 196053 0 0.5 p-1 -3387696 1718
13 375 m1 197000 0 0.5 p-1 -2270150 633
262 377 m1 217559 0 0.5 p-1 -8755 9
102 378 m1 224036 0 0.5 p-1 -7046401 307
14 379 m1 228161 0 0.5 p-1 -7583973 1277
229 380 m1 230122 0 0.5 p-1 -250657 30
47 381 m1 247079 0 0.5 p-1 -10949917 1728
85 382 m1 262201 0 0.5 p-1 -8240516 560
159 384 m1 299385 0 0.5 p-1 -135948 146
261 385 m1 332957 0 0.5 p-1 -73508 18
249 386 m1 338594 0 0.5 p-1 -81683 8
150 387 m1 339915 0 0.5 p-1 -122217 141
17 388 m1 343237 0 0.5 p-1 -8763724 1385
242 391 m1 347582 0 0.5 p-1 -134482 16
177 392 m1 372634 0 0.5 p-1 -2936999 183
274 393 m1 384398 0 0.5 p-1 -7365 2
137 394 m1 385740 0 0.5 p-1 -383835 189
196 395 m1 401977 0 0.5 p-1 -305042 68
71 396 m1 410719 0 0.5 p-1 -327550 268
112 399 m1 425833 0 0.5 p-1 -2602429 167
21 400 m1 426777 0 0.5 p-1 -229258 174
271 401 m1 431831 0 0.5 p-1 -74250 11
154 403 m1 435742 0 0.5 p-1 -9724325 291
169 404 m1 436659 0 0.5 p-1 -2055817 177
133 407 m1 464308 0 0.5 p-1 -3284889 199
215 410 m1 501443 0 0.5 p-1 -11589 10
266 412 m1 508633 0 0.5 p-1 -24905 10
74 413 m1 508874 0 0.5 p-1 -947246 301
172 415 m1 540781 0 0.5 p-1 -3459758 67
216 417 m1 563055 0 0.5 p-1 -143420 10
144 418 m1 580344 0 0.5 p-1 -566308 218
98 419 m1 591373 0 0.5 p-1 -1205058 183
145 420 m1 596357 0 0.5 p-1 -982817 309
94 421 m1 599064 0 0.5 p-1 -524676 336
178 422 m1 599164 0 0.5 p-1 -513926 71
226 424 m1 603436 0 0.5 p-1 -511611 20
199 425 m1 611020 0 0.5 p-1 -221864 90
248 426 m1 618097 0 0.5 p-1 -53287 71
170 428 m1 681501 0 0.5 p-1 -699586 208
243 431 m1 712162 0 0.5 p-1 -231 5
60 432 m1 719214 0 0.5 p-1 -1855563 742
61 434 m1 778993 0 0.5 p-1 -7733964 1020
233 435 m1 795236 0 0.5 p-1 -536 7
213 436 m1 800593 0 0.5 p-1 -200 10
142 438 m1 831315 0 0.5 p-1 -39746 28
193 439 m1 836487 0 0.5 p-1 -12481 19
188 441 m1 854390 0 0.5 p-1 -54346 17
96 442 m1 855823 0 0.5 p-1 -3707116 941
267 443 m1 877600 0 0.5 p-1 -15465 3
38 444 m1 882759 0 0.5 p-1 -11117448 1410
90 445 m1 883773 0 0.5 p-1 -92290 117
39 446 m1 893419 0 0.5 p-1 -337485 117
175 447 m1 896226 0 0.5 p-1 -30813 21
282 449 m1 937379 0 0.5 p-1 -17316 1
43 450 m1 944763 0 0.5 p-1 -6555081 1667
82 451 m1 955223 0 0.5 p-1 -3397902 333
191 452 m1 958095 0 0.5 p-1 -1281634 113
83 453 m1 989172 0 0.5 p-1 -121421 73
Individuals:
