Mutations:
40 1 m2 16554 -0.00313826581 0.5 p-1 -1313535 689
323 2 m2 19401 -0.000410136563 0.5 p-1 -12825 3
158 3 m2 19847 -0.0108166905 0.5 p-1 -717724 282
110 4 m2 20730 -0.0238812771 0.5 p-1 -2271922 305
259 5 m2 26405 -0.00454898644 0.5 p-1 -32639 27
174 6 m2 33189 -4.30005429e-07 0.5 p-1 -296377 61
251 7 m2 40781 -0.00642583426 0.5 p-1 -18372 5
111 8 m2 41179 -0.00100680941 0.5 p-1 -391442 249
269 10 m2 45572 -0.0127473045 0.5 p-1 -161885 23
253 12 m2 49091 -5.66231211e-06 0.5 p-1 -1919 8
359 13 m2 53874 -0.0106307669 0.5 p-1 -1451 1
188 14 m2 60434 -0.00121575303 0.5 p-1 -184725 48
126 15 m2 63501 -4.19048229e-05 0.5 p-1 -50940 37
1 16 m2 73395 -0.00260783895 0.5 p-1 -2240757 1091
41 17 m2 73418 -0.0114805996 0.5 p-1 -2879818 703
72 20 m2 78780 -0.0197269693 0.5 p-1 -7881331 489
159 21 m2 87571 -0.00211810996 0.5 p-1 -436958 67
2 23 m2 89731 -0.00297558797 0.5 p-1 -512186 404
3 24 m2 92431 -0.00103566167 0.5 p-1 -5435484 386
141 25 m2 93462 -0.0301100034 0.5 p-1 -54958 24
132 27 m2 108493 -0.0255723726 0.5 p-1 -3581672 383
42 29 m2 110611 -0.0105602136 0.5 p-1 -527177 304
88 30 m2 112709 -0.0430609696 0.5 p-1 -3078411 498
124 33 m2 131486 -0.0358099155 0.5 p-1 -693172 106
189 34 m2 133119 -1.37915622e-05 0.5 p-1 -511751 48
5 35 m2 133407 -0.00558173098 0.5 p-1 -7397563 1513
200 36 m2 139767 -0.000111773108 0.5 p-1 -3624043 56
213 39 m2 146452 -0.00733464165 0.5 p-1 -830936 30
175 40 m2 146548 -1.70340518e-05 0.5 p-1 -799948 267
214 41 m2 146747 -0.0112787588 0.5 p-1 -36579 9
267 42 m2 155035 -4.61927073e-07 0.5 p-1 -99726 12
318 43 m2 156577 -0.0349771157 0.5 p-1 -12037 2
347 44 m2 164567 -0.00557445409 0.5 p-1 -5331 4
341 45 m2 169604 -3.24031644e-05 0.5 p-1 -4506 1
133 46 m2 170759 -1.53031121e-09 0.5 p-1 -1306369 354
6 49 m2 184404 -0.0124820285 0.5 p-1 -5147734 162
284 50 m2 185645 -0.00494311471 0.5 p-1 -459992 21
328 51 m2 186234 -1.32128353e-05 0.5 p-1 -136587 7
7 52 m2 192218 -0.000278888299 0.5 p-1 -3740197 969
89 53 m2 205200 -0.000226225253 0.5 p-1 -159872 46
43 54 m2 209825 -0.00638206117 0.5 p-1 -1476563 340
196 55 m2 212738 -3.24607099e-05 0.5 p-1 -886641 49
324 56 m2 214183 -0.000650374859 0.5 p-1 -8667 3
9 59 m2 221911 -0.059087906 0.5 p-1 -2153875 968
10 60 m2 223157 -0.0210617427 0.5 p-1 -404092 315
12 61 m2 232665 -0.000189518905 0.5 p-1 -121387 65
75 63 m2 267270 -0.000152234905 0.5 p-1 -3116606 850
65 64 m2 274859 -0.00287505635 0.5 p-1 -1045108 190
46 65 m2 275275 -0.000285964168 0.5 p-1 -1372769 958
47 66 m2 279904 -0.00285008689 0.5 p-1 -4270426 701
113 67 m2 283514 -0.0375057086 0.5 p-1 -465219 437
255 68 m2 284598 -0.0453892723 0.5 p-1 -63220 26
277 69 m2 284703 -0.0023969966 0.5 p-1 -38803 20
270 70 m2 290972 -9.69056657e-08 0.5 p-1 -126779 33
202 71 m2 295560 -6.03207839e-09 0.5 p-1 -345893 48
176 72 m2 297265 -0.00262585096 0.5 p-1 -154925 61
216 74 m2 298864 -0.0116248317 0.5 p-1 -100785 59
13 75 m2 308581 -3.26737936e-05 0.5 p-1 -3526374 1837
48 76 m2 309020 -3.7939426e-06 0.5 p-1 -3808227 842
134 77 m2 316684 -0.00242034369 0.5 p-1 -223510 153
333 79 m2 321014 -0.0298515093 0.5 p-1 -1151 3
220 80 m2 326770 -5.49988499e-07 0.5 p-1 -16870 3
118 81 m2 327310 -0.054058671 0.5 p-1 -19789856 692
169 82 m2 332030 -0.000173198699 0.5 p-1 -17406 20
293 83 m2 335455 -2.13396197e-06 0.5 p-1 -25567 7
283 85 m2 344138 -7.70208717e-05 0.5 p-1 -1453 9
355 86 m2 344358 -0.00442016823 0.5 p-1 -10223 1
114 87 m2 347139 -0.0147207901 0.5 p-1 -1049591 465
219 88 m2 362138 -0.00932966452 0.5 p-1 -53472 52
246 89 m2 362593 -0.000935114687 0.5 p-1 -86989 11
15 91 m2 371952 -0.000385965395 0.5 p-1 -3037302 1809
148 93 m2 373780 -0.000516252127 0.5 p-1 -169707 226
209 94 m2 375787 -0.00656421063 0.5 p-1 -55232 17
125 95 m2 376171 -0.00595017755 0.5 p-1 -795201 159
91 96 m2 377060 -1.75139905e-06 0.5 p-1 -2716187 1111
49 97 m2 377831 -0.00334587321 0.5 p-1 -1759363 870
101 98 m2 380391 -0.00911491644 0.5 p-1 -558681 77
50 100 m2 383324 -0.00794204231 0.5 p-1 -1805465 631
226 101 m2 385248 -0.00277530216 0.5 p-1 -87156 75
312 102 m2 385431 -0.00215537404 0.5 p-1 -9119 2
262 103 m2 389525 -0.00334588834 0.5 p-1 -35850 11
186 104 m2 399535 -0.000220095084 0.5 p-1 -72945 9
16 105 m2 399771 -0.00981114805 0.5 p-1 -863716 1281
268 106 m2 403726 -0.00470152125 0.5 p-1 -8647 15
103 107 m2 407794 -0.000879035622 0.5 p-1 -471025 290
319 108 m2 410795 -0.000456432143 0.5 p-1 -5073 1
212 110 m2 416518 -0.00280939415 0.5 p-1 -179110 11
210 111 m2 419867 -0.0131861353 0.5 p-1 -55164 21
235 112 m2 422557 -0.038424816 0.5 p-1 -55909 10
51 114 m2 427072 -0.0055806688 0.5 p-1 -584180 309
66 115 m2 428755 -4.07709704e-05 0.5 p-1 -4176038 1493
290 118 m2 434137 -0.00320727611 0.5 p-1 -10630 8
170 119 m2 439668 -0.000364996318 0.5 p-1 -1942999 57
17 120 m2 441183 -0.000421424513 0.5 p-1 -1647931 1558
311 122 m2 441505 -0.015098541 0.5 p-1 -39517 8
18 126 m2 453893 -0.000356287987 0.5 p-1 -2984012 892
52 127 m2 456591 -0.0295293331 0.5 p-1 -815750 581
350 129 m2 461286 -0.014305965 0.5 p-1 -12137 2
177 130 m2 467207 -4.38002608e-05 0.5 p-1 -105862 11
330 134 m2 473154 -0.00101820857 0.5 p-1 -12662 7
187 135 m2 473884 -0.0128863342 0.5 p-1 -13820 28
325 136 m2 480003 -0.0134336771 0.5 p-1 -42846 1
152 137 m2 481764 -0.000607129652 0.5 p-1 -10022859 618
139 141 m2 497144 -0.004452297 0.5 p-1 -152519 61
295 142 m2 497804 -3.87511463e-05 0.5 p-1 -103 2
340 144 m2 514225 -0.000109218759 0.5 p-1 -25762 2
344 145 m2 515232 -0.00524655636 0.5 p-1 -1221 1
104 146 m2 516779 -0.000158783689 0.5 p-1 -4970555 1165
19 147 m2 518080 -0.00035692635 0.5 p-1 -7823533 1676
178 148 m2 522536 -1.67541339e-06 0.5 p-1 -143627 29
20 150 m2 534973 -0.01026149 0.5 p-1 -1580339 470
314 151 m2 537335 -0.0356577188 0.5 p-1 -12462 6
207 152 m2 543431 -0.0064697261 0.5 p-1 -150654 31
164 153 m2 546286 -1.5009663e-05 0.5 p-1 -11349001 201
228 154 m2 546805 -3.58509993e-07 0.5 p-1 -69569 40
241 155 m2 547384 -3.55028824e-05 0.5 p-1 -8499 10
115 156 m2 548259 -0.0140319504 0.5 p-1 -328685 21
129 157 m2 549898 -0.000162076452 0.5 p-1 -133159 36
120 158 m2 551435 -0.000803822826 0.5 p-1 -532932 137
171 159 m2 561704 -0.0104260109 0.5 p-1 -1178978 80
78 160 m2 568493 -0.00111810374 0.5 p-1 -161830 109
54 161 m2 574120 -0.000321769359 0.5 p-1 -1453222 112
92 162 m2 576773 -0.00116277277 0.5 p-1 -717626 369
22 163 m2 583495 -0.0126133515 0.5 p-1 -4875153 867
136 164 m2 593929 -3.09516366e-07 0.5 p-1 -3146937 152
140 166 m2 597683 -0.00817408599 0.5 p-1 -2274770 173
249 167 m2 598633 -1.72276771e-06 0.5 p-1 -220674 11
55 168 m2 599241 -2.68532058e-05 0.5 p-1 -5997133 805
237 169 m2 602092 -0.00313061243 0.5 p-1 -468245 82
56 170 m2 602586 -0.00739395432 0.5 p-1 -822646 370
79 171 m2 605987 -0.00314184348 0.5 p-1 -3074296 913
23 172 m2 609232 -0.0387260206 0.5 p-1 -950634 179
24 173 m2 614579 -4.15332543e-05 0.5 p-1 -2562000 1876
122 174 m2 616974 -0.0338809565 0.5 p-1 -150358 47
250 175 m2 617493 -8.15663148e-10 0.5 p-1 -103377 9
232 176 m2 618010 -0.0206666794 0.5 p-1 -435826 19
80 177 m2 619175 -0.00998421758 0.5 p-1 -372525 301
204 178 m2 627846 -0.00035045165 0.5 p-1 -94265 14
94 179 m2 628472 -1.03559205e-06 0.5 p-1 -6568440 350
146 182 m2 631795 -0.0276766177 0.5 p-1 -425844 106
130 183 m2 641157 -0.000453850866 0.5 p-1 -1568426 84
165 184 m2 646401 -2.51133588e-06 0.5 p-1 -122357 96
242 185 m2 649687 -0.0078490125 0.5 p-1 -3542 8
25 186 m2 654643 -0.00163796591 0.5 p-1 -6667951 1163
153 188 m2 657376 -0.00918995962 0.5 p-1 -251664 104
261 189 m2 670204 -0.0286339633 0.5 p-1 -56201 17
256 190 m2 670822 -0.00417643832 0.5 p-1 -28334 3
142 191 m2 672591 -0.00748723792 0.5 p-1 -272665 90
57 193 m2 676620 -0.012213924 0.5 p-1 -5752896 925
106 194 m2 678521 -0.0191249102 0.5 p-1 -4775135 158
271 195 m2 681619 -0.000113693372 0.5 p-1 -253 2
166 196 m2 684793 -0.00366736832 0.5 p-1 -369627 90
26 197 m2 707560 -8.42116879e-06 0.5 p-1 -709663 426
58 198 m2 707572 -0.00224570208 0.5 p-1 -848312 320
215 200 m2 708246 -0.0106704151 0.5 p-1 -223573 31
183 201 m2 720452 -0.000200828566 0.5 p-1 -368163 102
205 202 m2 723054 -1.79408325e-05 0.5 p-1 -559303 56
107 203 m2 724802 -2.8249784e-05 0.5 p-1 -180081 127
218 204 m2 725024 -0.00560441799 0.5 p-1 -16543 31
59 205 m2 727257 -0.000156660666 0.5 p-1 -837772 115
156 206 m2 732004 -0.000428253232 0.5 p-1 -237433 70
28 207 m2 735632 -0.00223238836 0.5 p-1 -12896577 1358
29 208 m2 735679 -0.000664080435 0.5 p-1 -856971 224
30 210 m2 740382 -0.0227164309 0.5 p-1 -5441852 1908
123 211 m2 744043 -0.0019133247 0.5 p-1 -9854 10
274 212 m2 748265 -0.00816754997 0.5 p-1 -43471 15
81 213 m2 748618 -0.00473759091 0.5 p-1 -2781833 312
31 214 m2 750107 -0.00107977877 0.5 p-1 -2201742 993
82 215 m2 759791 -0.000496900757 0.5 p-1 -2328005 507
299 216 m2 762762 -0.0181647819 0.5 p-1 -62900 3
138 217 m2 765626 -1.62656252e-05 0.5 p-1 -1428508 108
224 218 m2 765979 -0.000627384114 0.5 p-1 -16283 10
108 221 m2 772872 -0.0170404594 0.5 p-1 -1800282 190
68 222 m2 778292 -0.00816320814 0.5 p-1 -237154 131
291 223 m2 782987 -0.0084320195 0.5 p-1 -52280 3
83 224 m2 790316 -0.000435334427 0.5 p-1 -963845 914
32 225 m2 792446 -0.00307976943 0.5 p-1 -3642919 1157
211 226 m2 794817 -0.00529503124 0.5 p-1 -215551 46
315 227 m2 796378 -7.78286121e-05 0.5 p-1 -65186 2
162 228 m2 797506 -0.000309090712 0.5 p-1 -440130 110
84 230 m2 798708 -0.00107720715 0.5 p-1 -3091014 454
85 231 m2 799496 -0.00918782689 0.5 p-1 -4374263 1178
191 232 m2 803740 -0.00978168659 0.5 p-1 -3758530 86
280 233 m2 806539 -0.0160222743 0.5 p-1 -256817 7
221 235 m2 813330 -3.77394933e-08 0.5 p-1 -211537 101
184 236 m2 823903 -0.00445837248 0.5 p-1 -1675374 104
172 237 m2 831542 -0.00241104397 0.5 p-1 -827327 140
33 238 m2 837520 -0.0274343882 0.5 p-1 -6486641 1397
192 240 m2 840630 -0.0109181255 0.5 p-1 -31932 18
86 241 m2 841645 -7.26674261e-05 0.5 p-1 -3213178 1272
243 242 m2 845988 -0.000387060601 0.5 p-1 -37257 7
95 243 m2 846021 -1.81045809e-08 0.5 p-1 -391647 323
245 244 m2 847583 -0.00107225578 0.5 p-1 -102041 7
304 245 m2 853617 -1.46160306e-11 0.5 p-1 -19478 7
197 246 m2 853699 -0.000176574089 0.5 p-1 -234929 3
296 247 m2 854024 -4.43649988e-05 0.5 p-1 -3405 2
194 248 m2 854155 -0.00859897863 0.5 p-1 -343798 47
193 249 m2 854688 -0.00572087429 0.5 p-1 -28359 3
222 251 m2 856011 -0.000947779743 0.5 p-1 -69368 19
229 253 m2 858615 -0.00382782123 0.5 p-1 -56788 12
321 254 m2 864161 -0.086551927 0.5 p-1 -7904 3
265 255 m2 864193 -0.00244759 0.5 p-1 -9368 8
143 256 m2 867671 -0.00870218594 0.5 p-1 -9193941 83
225 257 m2 877265 -0.000432808243 0.5 p-1 -704123 17
35 258 m2 879102 -0.00487086317 0.5 p-1 -2698566 725
147 259 m2 879184 -0.0407457426 0.5 p-1 -112588 87
36 260 m2 884155 -0.00135928451 0.5 p-1 -1727260 307
198 261 m2 886464 -0.0707808658 0.5 p-1 -622324 97
266 262 m2 886621 -0.000280112872 0.5 p-1 -6110 9
223 263 m2 887824 -0.0290576126 0.5 p-1 -136584 52
260 264 m2 890690 -0.00197028951 0.5 p-1 -21330 22
199 266 m2 895876 -0.0220501572 0.5 p-1 -883597 44
61 267 m2 897426 -0.0200714413 0.5 p-1 -218782 106
154 268 m2 899825 -0.0186455082 0.5 p-1 -359597 320
62 269 m2 900641 -0.0567586906 0.5 p-1 -2285746 987
234 270 m2 902109 -0.00205965666 0.5 p-1 -865596 31
97 271 m2 907913 -0.00133091537 0.5 p-1 -777318 619
351 273 m2 916041 -2.09030622e-05 0.5 p-1 -471 1
346 274 m2 916462 -0.0146191362 0.5 p-1 -5941 1
109 275 m2 917721 -0.0222473033 0.5 p-1 -165985 78
98 276 m2 919285 -0.00653648842 0.5 p-1 -660277 522
131 277 m2 922895 -3.18569801e-05 0.5 p-1 -995805 425
354 278 m2 926407 -2.77401178e-08 0.5 p-1 -7473 1
99 279 m2 927116 -0.0824819282 0.5 p-1 -1588458 508
117 280 m2 927677 -2.71250665e-05 0.5 p-1 -4920454 240
305 281 m2 941472 -0.00844884105 0.5 p-1 -321550 11
190 282 m2 960779 -0.0294002499 0.5 p-1 -1602898 139
157 283 m2 962365 -0.00229941402 0.5 p-1 -558329 178
167 284 m2 969634 -4.75663692e-05 0.5 p-1 -841246 64
87 285 m2 970921 -0.00251782732 0.5 p-1 -155875 56
38 286 m2 976321 -0.00757070538 0.5 p-1 -314110 178
100 287 m2 980846 -0.0101347361 0.5 p-1 -795705 159
163 288 m2 981164 -0.00750922598 0.5 p-1 -247126 124
39 289 m2 981352 -0.00920283515 0.5 p-1 -1943629 1889
201 291 m2 995110 -9.64383216e-05 0.5 p-1 -303163 54
308 292 m2 161462 -0.0184203573 0.5 p0 2 1
288 293 m2 128728 -0.01849043 0.5 p0 2 1
348 294 m2 542339 -0.0328598842 0.5 p0 2 1
244 295 m2 267042 -8.02710565e-06 0.5 p0 2 4
307 297 m2 169316 -0.0426971018 0.5 p0 2 1
285 300 m2 729473 -0.00418602908 0.5 p0 2 1
309 301 m2 368866 -9.77539239e-05 0.5 p0 2 2
356 302 m2 341014 -0.000590078649 0.5 p0 2 1
282 303 m2 857759 -0.00015741169 0.5 p0 2 1
339 304 m2 904510 -0.00336909178 0.5 p0 2 2
331 305 m2 721843 -0.00869578589 0.5 p0 2 2
302 307 m2 470547 -0.0111373691 0.5 p0 2 2
310 308 m2 108216 -0.000276356237 0.5 p0 2 1
236 311 m2 776072 -0.000317948958 0.5 p0 2 2
337 312 m2 553643 -1.57478989e-05 0.5 p0 2 3
238 313 m2 150747 -0.0046556443 0.5 p0 2 1
281 314 m2 105830 -0.00500395661 0.5 p0 2 3
316 316 m2 988521 -0.00282152207 0.5 p0 2 1
343 318 m2 396270 -2.94336623e-05 0.5 p0 2 1
181 320 m2 896902 -0.000413362577 0.5 p0 2 1
353 321 m2 81032 -0.00181907869 0.5 p0 2 1
306 323 m2 968189 -0.00334686902 0.5 p0 2 2
352 324 m2 506613 -0.0259082075 0.5 p0 2 2
332 327 m2 976437 -0.00210344605 0.5 p0 2 1
289 328 m2 490183 -0.0013500402 0.5 p0 2 1
257 330 m2 826778 -0.00586144021 0.5 p0 2 2
357 334 m2 337576 -0.00474627037 0.5 p0 2 1
358 336 m2 940085 -0.000833839644 0.5 p0 2 1
349 338 m2 242891 -0.000298278348 0.5 p0 2 1
292 339 m2 581083 -0.000159746836 0.5 p0 2 1
345 341 m2 160194 -0.000445368671 0.5 p0 2 1
317 342 m2 472255 -0.000476012356 0.5 p0 2 1
342 345 m2 498337 -0.00788801257 0.5 p0 2 1
0 348 m1 966 0 0.5 p-1 -5620549 1915
144 349 m1 1936 0 0.5 p-1 -2488059 461
297 350 m1 7038 0 0.5 p-1 -17957 3
252 351 m1 7512 0 0.5 p-1 -41041 12
179 352 m1 12999 0 0.5 p-1 -73184 48
329 353 m1 37840 0 0.5 p-1 -4824 1
168 354 m1 48819 0 0.5 p-1 -1395944 227
63 355 m1 56854 0 0.5 p-1 -1468017 487
313 356 m1 64703 0 0.5 p-1 -24300 4
264 357 m1 67286 0 0.5 p-1 -14706 7
247 358 m1 67822 0 0.5 p-1 -503590 91
272 359 m1 72558 0 0.5 p-1 -179053 26
300 360 m1 82751 0 0.5 p-1 -10221 3
227 361 m1 87414 0 0.5 p-1 -75626 60
4 362 m1 95934 0 0.5 p-1 -86174 23
278 363 m1 104365 0 0.5 p-1 -10767 1
64 364 m1 124341 0 0.5 p-1 -1714179 1113
276 365 m1 133787 0 0.5 p-1 -33060 4
231 366 m1 138621 0 0.5 p-1 -257921 36
206 367 m1 139804 0 0.5 p-1 -249004 70
275 369 m1 143477 0 0.5 p-1 -93750 6
195 371 m1 163502 0 0.5 p-1 -2882 3
254 372 m1 169509 0 0.5 p-1 -30276 5
112 373 m1 190730 0 0.5 p-1 -291462 288
8 374 m1 196053 0 0.5 p-1 -3387696 1842
73 375 m1 197000 0 0.5 p-1 -2270150 481
239 376 m1 199844 0 0.5 p-1 -6049 3
279 377 m1 217559 0 0.5 p-1 -8755 5
74 378 m1 224036 0 0.5 p-1 -7046401 339
11 379 m1 228161 0 0.5 p-1 -7583973 1196
182 380 m1 230122 0 0.5 p-1 -250657 48
44 381 m1 247079 0 0.5 p-1 -10949917 1758
45 382 m1 262201 0 0.5 p-1 -8240516 586
127 384 m1 299385 0 0.5 p-1 -135948 101
119 385 m1 332957 0 0.5 p-1 -73508 26
248 386 m1 338594 0 0.5 p-1 -81683 21
76 387 m1 339915 0 0.5 p-1 -122217 175
14 388 m1 343237 0 0.5 p-1 -8763724 1396
338 389 m1 346175 0 0.5 p-1 -758 1
263 390 m1 346720 0 0.5 p-1 -7613 1
128 391 m1 347582 0 0.5 p-1 -134482 34
90 392 m1 372634 0 0.5 p-1 -2936999 229
145 394 m1 385740 0 0.5 p-1 -383835 159
102 395 m1 401977 0 0.5 p-1 -305042 73
149 396 m1 410719 0 0.5 p-1 -327550 168
135 397 m1 412138 0 0.5 p-1 -6450 6
150 399 m1 425833 0 0.5 p-1 -2602429 277
180 400 m1 426777 0 0.5 p-1 -229258 104
233 401 m1 431831 0 0.5 p-1 -74250 6
77 403 m1 435742 0 0.5 p-1 -9724325 333
151 404 m1 436659 0 0.5 p-1 -2055817 190
53 407 m1 464308 0 0.5 p-1 -3284889 216
327 408 m1 489285 0 0.5 p-1 -24685 3
336 409 m1 497868 0 0.5 p-1 -2798 1
287 410 m1 501443 0 0.5 p-1 -11589 3
303 412 m1 508633 0 0.5 p-1 -24905 2
67 413 m1 508874 0 0.5 p-1 -947246 257
240 414 m1 532890 0 0.5 p-1 -4458 3
160 415 m1 540781 0 0.5 p-1 -3459758 111
273 416 m1 541055 0 0.5 p-1 -7267 1
286 417 m1 563055 0 0.5 p-1 -143420 11
21 418 m1 580344 0 0.5 p-1 -566308 271
105 419 m1 591373 0 0.5 p-1 -1205058 199
93 420 m1 596357 0 0.5 p-1 -982817 308
137 421 m1 599064 0 0.5 p-1 -524676 392
121 422 m1 599164 0 0.5 p-1 -513926 129
294 423 m1 599386 0 0.5 p-1 -11069 7
258 424 m1 603436 0 0.5 p-1 -511611 35
217 425 m1 611020 0 0.5 p-1 -221864 89
161 426 m1 618097 0 0.5 p-1 -53287 61
116 428 m1 681501 0 0.5 p-1 -699586 232
326 430 m1 704618 0 0.5 p-1 -4110 2
301 431 m1 712162 0 0.5 p-1 -231 1
27 432 m1 719214 0 0.5 p-1 -1855563 768
60 434 m1 778993 0 0.5 p-1 -7733964 1101
298 435 m1 795236 0 0.5 p-1 -536 1
335 436 m1 800593 0 0.5 p-1 -200 1
230 438 m1 831315 0 0.5 p-1 -39746 3
173 439 m1 836487 0 0.5 p-1 -12481 24
185 441 m1 854390 0 0.5 p-1 -54346 56
34 442 m1 855823 0 0.5 p-1 -3707116 961
334 443 m1 877600 0 0.5 p-1 -15465 5
69 444 m1 882759 0 0.5 p-1 -11117448 1469
203 445 m1 883773 0 0.5 p-1 -92290 91
96 446 m1 893419 0 0.5 p-1 -337485 141
320 447 m1 896226 0 0.5 p-1 -30813 5
322 448 m1 923841 0 0.5 p-1 -3694 3
208 449 m1 937379 0 0.5 p-1 -17316 7
37 450 m1 944763 0 0.5 p-1 -6555081 1687
70 451 m1 955223 0 0.5 p-1 -3397902 209
71 452 m1 958095 0 0.5 p-1 -1281634 210
155 453 m1 989172 0 0.5 p-1 -121421 81
Individuals:
