Mutations:
41 0 m2 1231 -0.00080172898 0.5 p-1 -7645466 1384
55 1 m2 3175 -0.0148668271 0.5 p-1 -1214930 979
0 2 m2 8961 -7.37684168e-05 0.5 p-1 -1951837 1200
1 3 m2 10089 -2.4919631e-05 0.5 p-1 -4794337 886
264 4 m2 11808 -1.27802823e-05 0.5 p-1 -613610 3
42 6 m2 14084 -0.00248933421 0.5 p-1 -263978 222
2 7 m2 19688 -0.00944394246 0.5 p-1 -4600892 1873
81 8 m2 24497 -0.000130752596 0.5 p-1 -184253 34
141 10 m2 34500 -0.0241124891 0.5 p-1 -235014 102
188 12 m2 48140 -0.0047394447 0.5 p-1 -398981 63
112 14 m2 60013 -0.132834598 0.5 p-1 -1830123 151
227 15 m2 60362 -0.00320520392 0.5 p-1 -25488 11
4 16 m2 62904 -0.000243768853 0.5 p-1 -5892079 1923
160 17 m2 68667 -0.0116940103 0.5 p-1 -35721 57
224 18 m2 71912 -4.07834023e-06 0.5 p-1 -63906 8
71 19 m2 79140 -0.00460541435 0.5 p-1 -2153139 508
43 20 m2 79863 -0.00197226251 0.5 p-1 -793918 218
152 21 m2 89770 -0.00231631682 0.5 p-1 -6703037 107
5 24 m2 103434 -3.07754308e-05 0.5 p-1 -5212896 426
72 27 m2 116362 -0.0755829588 0.5 p-1 -1648693 614
6 28 m2 118289 -0.00385948573 0.5 p-1 -4115779 852
229 29 m2 119316 -0.000200187293 0.5 p-1 -24577 6
257 32 m2 138896 -0.0317417979 0.5 p-1 -138221 2
126 36 m2 160869 -0.00572789786 0.5 p-1 -84204 28
219 37 m2 165958 -0.0404112116 0.5 p-1 -5857 5
7 39 m2 176281 -0.00240853522 0.5 p-1 -2039494 572
195 40 m2 184367 -0.00845448021 0.5 p-1 -238403 13
83 41 m2 188615 -0.013154177 0.5 p-1 -314722 350
267 42 m2 207142 -0.000537022832 0.5 p-1 -29624 1
147 43 m2 213671 -0.00488863653 0.5 p-1 -132681 16
254 45 m2 214928 -0.00155167736 0.5 p-1 -29125 4
97 46 m2 216559 -0.00452958466 0.5 p-1 -73680 25
221 49 m2 229301 -0.000128364598 0.5 p-1 -61065 5
158 51 m2 251557 -0.00892417133 0.5 p-1 -1087270 143
56 52 m2 251725 -0.00664976332 0.5 p-1 -4705947 834
213 55 m2 262163 -0.0064827092 0.5 p-1 -19464 4
45 56 m2 262521 -1.11346199e-09 0.5 p-1 -707143 329
166 59 m2 267651 -0.0162247028 0.5 p-1 -352555 96
196 61 m2 276516 -0.00622100616 0.5 p-1 -236841 16
57 63 m2 279766 -0.000441381766 0.5 p-1 -775010 671
179 64 m2 292709 -0.00147994992 0.5 p-1 -2419734 45
98 66 m2 298727 -0.00208796421 0.5 p-1 -670846 166
9 67 m2 301747 -0.00294766156 0.5 p-1 -2700600 1500
10 68 m2 302879 -0.000287182571 0.5 p-1 -80104 129
58 69 m2 305043 -0.00801861659 0.5 p-1 -289741 35
192 71 m2 314691 -0.000269928656 0.5 p-1 -48272 13
11 72 m2 315503 -0.000693023379 0.5 p-1 -4444904 357
73 73 m2 316176 -0.00198813621 0.5 p-1 -954116 292
116 74 m2 316906 -1.74336346e-05 0.5 p-1 -1033517 181
46 75 m2 317166 -0.00101102761 0.5 p-1 -4385029 1471
142 76 m2 317366 -0.0155752646 0.5 p-1 -588191 127
242 77 m2 318466 -0.000144946142 0.5 p-1 -4199 2
133 78 m2 323333 -0.000133807014 0.5 p-1 -228177 77
114 79 m2 324055 -0.0258740243 0.5 p-1 -98144 23
154 80 m2 325745 -0.000327431335 0.5 p-1 -296458 12
59 81 m2 331445 -0.00947157759 0.5 p-1 -1271778 486
256 82 m2 331810 -1.41491082e-05 0.5 p-1 -7618 3
176 84 m2 335142 -0.000756009656 0.5 p-1 -279581 23
99 85 m2 339122 -0.00112968031 0.5 p-1 -708600 521
228 86 m2 340689 -1.40473694e-05 0.5 p-1 -17599 8
117 87 m2 343196 -0.00255585299 0.5 p-1 -191277 52
246 88 m2 344144 -0.00128823158 0.5 p-1 -23647 3
118 89 m2 346140 -0.00029374435 0.5 p-1 -344953 245
12 90 m2 353029 -0.0208291709 0.5 p-1 -2989572 1967
222 92 m2 358283 -0.00041189816 0.5 p-1 -12225 1
61 93 m2 361375 -0.00745160319 0.5 p-1 -268271 104
146 94 m2 363965 -0.00113458862 0.5 p-1 -5127309 16
234 95 m2 364124 -0.0196263809 0.5 p-1 -34325 6
167 96 m2 371880 -0.0012454621 0.5 p-1 -37218 6
48 97 m2 380015 -0.000712774927 0.5 p-1 -560686 305
63 98 m2 382997 -0.00743887294 0.5 p-1 -5327129 515
138 99 m2 389870 -0.0115532726 0.5 p-1 -140935 68
74 100 m2 392734 -6.70690497e-05 0.5 p-1 -3120220 369
100 102 m2 398468 -0.00267570745 0.5 p-1 -3315971 396
245 103 m2 403454 -0.00532808155 0.5 p-1 -37104 8
205 104 m2 403780 -6.36830737e-05 0.5 p-1 -30759 3
49 105 m2 408748 -0.0134795206 0.5 p-1 -524905 234
193 108 m2 410981 -0.00362602295 0.5 p-1 -305254 37
14 109 m2 418279 -2.34172276e-07 0.5 p-1 -2145648 940
101 110 m2 420774 -6.58647477e-05 0.5 p-1 -222182 217
64 111 m2 422701 -0.00286685419 0.5 p-1 -10120 16
161 112 m2 425137 -1.67564838e-06 0.5 p-1 -1045169 92
268 114 m2 428205 -0.000630817143 0.5 p-1 -1375 2
15 115 m2 435577 -0.0109603042 0.5 p-1 -8274047 1997
16 116 m2 443441 -0.00133170863 0.5 p-1 -1145925 377
209 117 m2 453609 -0.0101756779 0.5 p-1 -25205 43
17 118 m2 459911 -0.00120039377 0.5 p-1 -2910997 1158
155 121 m2 469087 -0.00658264803 0.5 p-1 -111617 33
204 122 m2 469391 -0.0253741685 0.5 p-1 -16274 2
174 123 m2 469787 -0.014729741 0.5 p-1 -38068 5
151 125 m2 470430 -0.000782476156 0.5 p-1 -389120 49
20 126 m2 476509 -0.0372714512 0.5 p-1 -4228614 1105
66 127 m2 484732 -0.121992543 0.5 p-1 -461403 287
206 128 m2 485489 -0.00488575594 0.5 p-1 -9603 1
21 129 m2 485511 -0.0229887161 0.5 p-1 -3431673 1987
139 130 m2 487768 -0.00994762033 0.5 p-1 -217951 120
165 131 m2 495006 -0.00936124846 0.5 p-1 -165162 69
185 134 m2 510649 -0.00606248155 0.5 p-1 -10567 13
109 136 m2 521143 -0.0420481339 0.5 p-1 -4361471 433
225 137 m2 522624 -0.0811717361 0.5 p-1 -34898 8
67 138 m2 523844 -0.00100599614 0.5 p-1 -2708401 1334
75 139 m2 523901 -4.40707436e-06 0.5 p-1 -1201152 1038
144 140 m2 527159 -0.00126458553 0.5 p-1 -27407 30
203 141 m2 534084 -0.000564648537 0.5 p-1 -23820 23
102 142 m2 536768 -0.0137637947 0.5 p-1 -488210 29
103 144 m2 551086 -5.94153535e-05 0.5 p-1 -107066 42
93 147 m2 568007 -0.00943254493 0.5 p-1 -227305 74
76 148 m2 570078 -0.00617748452 0.5 p-1 -1000334 264
22 150 m2 577675 -0.00632537249 0.5 p-1 -7293467 361
212 151 m2 578807 -0.0605977699 0.5 p-1 -3599794 30
218 152 m2 585047 -0.00033918058 0.5 p-1 -17351 6
186 153 m2 590599 -0.00253749778 0.5 p-1 -18389 4
24 154 m2 594034 -0.0272596721 0.5 p-1 -5790507 1094
25 155 m2 594308 -0.0174575318 0.5 p-1 -1771925 967
68 157 m2 602177 -0.0202868786 0.5 p-1 -294624 258
198 158 m2 605448 -0.0518630035 0.5 p-1 -17311 21
175 159 m2 608072 -0.00410630461 0.5 p-1 -126922 15
145 160 m2 610681 -0.00116612553 0.5 p-1 -705900 23
266 162 m2 624661 -0.0156570021 0.5 p-1 -9433 1
26 163 m2 629399 -0.000889164919 0.5 p-1 -5560897 504
269 165 m2 632618 -0.000803245697 0.5 p-1 -2428 2
184 166 m2 633209 -0.00919276942 0.5 p-1 -318540 9
94 168 m2 638688 -0.00064148003 0.5 p-1 -64159 99
200 169 m2 639663 -0.000166122234 0.5 p-1 -194989 9
27 170 m2 647860 -0.00135216571 0.5 p-1 -5409471 1894
214 173 m2 649855 -4.28618796e-06 0.5 p-1 -101374 14
119 174 m2 651760 -0.00224380218 0.5 p-1 -2416069 161
28 175 m2 653201 -0.0334673673 0.5 p-1 -3914361 1000
29 176 m2 668144 -0.0116785169 0.5 p-1 -1551525 965
162 178 m2 676387 -0.00400361745 0.5 p-1 -22144 2
95 179 m2 679145 -1.47776857e-08 0.5 p-1 -23393 13
127 181 m2 683186 -4.01723355e-06 0.5 p-1 -5976789 217
134 182 m2 685652 -0.000282613066 0.5 p-1 -732976 145
77 183 m2 689325 -3.94434646e-05 0.5 p-1 -899619 183
120 184 m2 694315 -0.012321867 0.5 p-1 -45326 72
85 185 m2 703694 -0.0229058284 0.5 p-1 -817230 349
121 186 m2 704651 -0.00048502846 0.5 p-1 -2505901 632
86 187 m2 707851 -0.00486115366 0.5 p-1 -1904329 381
223 188 m2 710107 -0.0119945975 0.5 p-1 -4029 8
217 189 m2 712137 -0.00834114105 0.5 p-1 -199915 1
255 190 m2 712250 -0.00593736069 0.5 p-1 -28776 3
128 191 m2 718437 -0.00159772276 0.5 p-1 -151636 86
113 192 m2 718644 -0.000761255214 0.5 p-1 -195314 112
30 194 m2 751107 -0.00866438169 0.5 p-1 -345843 224
50 195 m2 752782 -0.00130927493 0.5 p-1 -303359 214
105 197 m2 759881 -0.00914826337 0.5 p-1 -413700 129
31 199 m2 773199 -0.0220429935 0.5 p-1 -957400 162
51 200 m2 773498 -0.0138456021 0.5 p-1 -289513 216
69 201 m2 785428 -0.000780942675 0.5 p-1 -1842829 1252
123 203 m2 788296 -0.000188388818 0.5 p-1 -995901 231
124 204 m2 788822 -0.00121564791 0.5 p-1 -208023 137
129 205 m2 789295 -0.0126096345 0.5 p-1 -221755 133
190 206 m2 792020 -0.00748058083 0.5 p-1 -50815 38
131 207 m2 798158 -0.0145086236 0.5 p-1 -11463924 219
33 208 m2 799415 -0.000773972948 0.5 p-1 -2498066 1269
125 209 m2 801281 -0.000798758119 0.5 p-1 -50764 62
79 210 m2 801928 -0.00214487803 0.5 p-1 -1409166 410
34 212 m2 808490 -1.5967079e-07 0.5 p-1 -1824368 506
35 213 m2 809817 -0.0083765192 0.5 p-1 -807089 180
36 214 m2 810926 -0.00780294742 0.5 p-1 -1452237 371
159 215 m2 810975 -2.93583253e-05 0.5 p-1 -61089 59
52 218 m2 815885 -0.0291205272 0.5 p-1 -9698714 1153
208 220 m2 820807 -0.0381030776 0.5 p-1 -9922 4
96 221 m2 824595 -0.000272970821 0.5 p-1 -1082739 959
215 222 m2 839074 -0.00900359638 0.5 p-1 -10511 5
53 224 m2 850814 -0.0256395899 0.5 p-1 -1305357 1364
207 225 m2 854990 -0.00183345063 0.5 p-1 -33878 10
187 226 m2 861350 -0.00317994924 0.5 p-1 -174937 17
122 227 m2 870091 -0.000725123915 0.5 p-1 -307834 40
251 228 m2 878630 -1.07939322e-05 0.5 p-1 -38603 2
87 231 m2 896357 -0.0239208341 0.5 p-1 -1938196 509
194 232 m2 898981 -0.0275425259 0.5 p-1 -27889 2
80 233 m2 902849 -1.47731407e-06 0.5 p-1 -2105904 1068
132 234 m2 908467 -0.0673262551 0.5 p-1 -144834 41
37 238 m2 918893 -8.08182358e-06 0.5 p-1 -3955777 744
252 240 m2 923343 -0.00456575071 0.5 p-1 -397 2
231 242 m2 932234 -2.35157017e-06 0.5 p-1 -63198 12
247 243 m2 935282 -0.0325468592 0.5 p-1 -7375 2
38 244 m2 941069 -0.00761090824 0.5 p-1 -1845652 262
272 245 m2 947828 -0.0455232635 0.5 p-1 -17709 1
261 246 m2 950619 -0.00319999177 0.5 p-1 -16802 3
89 247 m2 953249 -1.62115384e-06 0.5 p-1 -25763 88
181 248 m2 957412 -0.0028325317 0.5 p-1 -39671 3
111 249 m2 958602 -0.000479366397 0.5 p-1 -137971 147
171 250 m2 961558 -0.0281888731 0.5 p-1 -15033 6
148 251 m2 965484 -0.00159551541 0.5 p-1 -737659 56
90 253 m2 971463 -0.000734146044 0.5 p-1 -78719 72
149 254 m2 975580 -3.58453963e-06 0.5 p-1 -208714 118
191 255 m2 987025 -0.0407646745 0.5 p-1 -212065 8
177 256 m2 987260 -0.00225311029 0.5 p-1 -124545 98
150 257 m2 994287 -0.000821921567 0.5 p-1 -13364 18
265 259 m2 328978 -0.0202935971 0.5 p0 2 1
244 263 m2 218287 -0.000996529474 0.5 p0 2 3
274 264 m2 300724 -6.80028779e-06 0.5 p0 2 1
243 265 m2 740040 -0.0183521844 0.5 p0 2 5
259 267 m2 56749 -0.000387499982 0.5 p0 2 2
263 274 m2 395316 -0.0165097918 0.5 p0 2 2
237 277 m2 6669 -0.00195120112 0.5 p0 2 2
201 281 m2 436002 -0.0615603961 0.5 p0 2 10
238 283 m2 640098 -0.0132629192 0.5 p0 2 2
91 285 m2 993470 -0.0029851296 0.5 p0 2 37
270 290 m2 576656 -0.0359075516 0.5 p0 2 1
82 292 m2 69472 -0.00752434367 0.5 p0 2 9
275 293 m2 669393 -0.000413267466 0.5 p0 2 2
271 294 m2 341964 -0.000124308397 0.5 p0 2 2
240 297 m2 778473 -0.0113776177 0.5 p0 2 1
273 300 m2 405246 -5.40345081e-06 0.5 p0 2 1
262 305 m2 702983 -0.023210559 0.5 p0 2 3
189 306 m2 424135 -0.00100769615 0.5 p0 2 10
183 307 m2 710060 -0.000199299335 0.5 p0 2 3
40 312 m1 632 0 0.5 p-1 -3558721 664
216 315 m1 19496 0 0.5 p-1 -8214 1
3 316 m1 21084 0 0.5 p-1 -10098016 1946
239 317 m1 87471 0 0.5 p-1 -88659 4
233 318 m1 97612 0 0.5 p-1 -65794 11
202 319 m1 111569 0 0.5 p-1 -32084 23
169 320 m1 124205 0 0.5 p-1 -21866 6
115 322 m1 137396 0 0.5 p-1 -257323 138
258 324 m1 187799 0 0.5 p-1 -17054 3
172 326 m1 200629 0 0.5 p-1 -322 16
44 327 m1 218281 0 0.5 p-1 -4692176 1686
107 328 m1 222540 0 0.5 p-1 -714297 29
153 329 m1 229906 0 0.5 p-1 -4359635 238
8 330 m1 230467 0 0.5 p-1 -1739072 917
157 331 m1 242369 0 0.5 p-1 -662 32
236 332 m1 253785 0 0.5 p-1 -148129 5
260 333 m1 272740 0 0.5 p-1 -618 9
253 334 m1 312798 0 0.5 p-1 -90357 1
47 336 m1 337284 0 0.5 p-1 -2489836 799
168 337 m1 348392 0 0.5 p-1 -230505 207
60 338 m1 351916 0 0.5 p-1 -1546318 626
248 339 m1 360936 0 0.5 p-1 -35271 7
62 340 m1 362671 0 0.5 p-1 -498809 141
250 341 m1 384295 0 0.5 p-1 -15836 3
136 342 m1 391918 0 0.5 p-1 -172584 76
13 343 m1 402253 0 0.5 p-1 -14414488 1240
65 345 m1 432730 0 0.5 p-1 -574110 375
180 346 m1 452140 0 0.5 p-1 -3673662 54
108 347 m1 455823 0 0.5 p-1 -1999114 320
130 348 m1 459694 0 0.5 p-1 -1462404 542
210 349 m1 460088 0 0.5 p-1 -15255 12
18 350 m1 460737 0 0.5 p-1 -316849 368
19 351 m1 462595 0 0.5 p-1 -3625836 1393
135 355 m1 494651 0 0.5 p-1 -905758 146
199 357 m1 517187 0 0.5 p-1 -32413 8
84 358 m1 526437 0 0.5 p-1 -10080710 770
156 361 m1 547791 0 0.5 p-1 -24100 49
92 362 m1 553456 0 0.5 p-1 -1404416 420
164 363 m1 575321 0 0.5 p-1 -48837 55
178 364 m1 588128 0 0.5 p-1 -102655 4
23 365 m1 591069 0 0.5 p-1 -1227909 185
232 366 m1 594548 0 0.5 p-1 -49584 3
137 367 m1 608059 0 0.5 p-1 -30599 16
230 368 m1 608068 0 0.5 p-1 -1281 1
211 369 m1 624720 0 0.5 p-1 -69472 14
104 372 m1 647948 0 0.5 p-1 -3335238 209
110 373 m1 690100 0 0.5 p-1 -3988591 226
170 374 m1 704594 0 0.5 p-1 -269447 5
78 376 m1 745377 0 0.5 p-1 -2006200 219
32 377 m1 782496 0 0.5 p-1 -521223 220
163 379 m1 802376 0 0.5 p-1 -105768 14
70 380 m1 808927 0 0.5 p-1 -155526 71
235 381 m1 813261 0 0.5 p-1 -28666 10
241 382 m1 842801 0 0.5 p-1 -9077 2
173 383 m1 849537 0 0.5 p-1 -95569 15
226 384 m1 851205 0 0.5 p-1 -216786 18
143 386 m1 854562 0 0.5 p-1 -57890 18
54 388 m1 889132 0 0.5 p-1 -2518753 597
106 389 m1 919912 0 0.5 p-1 -1365202 555
88 390 m1 921996 0 0.5 p-1 -973328 627
39 392 m1 941261 0 0.5 p-1 -736858 53
182 393 m1 941626 0 0.5 p-1 -115109 23
140 394 m1 943045 0 0.5 p-1 -212978 29
197 395 m1 958447 0 0.5 p-1 -59315 7
220 396 m1 976001 0 0.5 p-1 -89773 5
249 397 m1 978124 0 0.5 p-1 -656 1
Individuals:
