Mutations:
0 0 m2 1231 -0.00080172898 0.5 p-1 -7645466 1419
1 1 m2 3175 -0.0148668271 0.5 p-1 -1214930 1025
2 2 m2 8961 -7.37684168e-05 0.5 p-1 -1951837 1200
64 3 m2 10089 -2.4919631e-05 0.5 p-1 -4794337 983
246 4 m2 11808 -1.27802823e-05 0.5 p-1 -613610 3
129 6 m2 14084 -0.00248933421 0.5 p-1 -263978 270
3 7 m2 19688 -0.00944394246 0.5 p-1 -4600892 1846
227 8 m2 24497 -0.000130752596 0.5 p-1 -184253 22
127 10 m2 34500 -0.0241124891 0.5 p-1 -235014 119
139 12 m2 48140 -0.0047394447 0.5 p-1 -398981 120
37 14 m2 60013 -0.132834598 0.5 p-1 -1830123 238
101 15 m2 60362 -0.00320520392 0.5 p-1 -25488 24
5 16 m2 62904 -0.000243768853 0.5 p-1 -5892079 1906
38 17 m2 68667 -0.0116940103 0.5 p-1 -35721 49
130 18 m2 71912 -4.07834023e-06 0.5 p-1 -63906 10
77 19 m2 79140 -0.00460541435 0.5 p-1 -2153139 459
39 20 m2 79863 -0.00197226251 0.5 p-1 -793918 208
143 21 m2 89770 -0.00231631682 0.5 p-1 -6703037 143
107 24 m2 103434 -3.07754308e-05 0.5 p-1 -5212896 402
6 27 m2 116362 -0.0755829588 0.5 p-1 -1648693 732
7 28 m2 118289 -0.00385948573 0.5 p-1 -4115779 928
217 29 m2 119316 -0.000200187293 0.5 p-1 -24577 10
212 33 m2 154373 -0.00249115587 0.5 p-1 -3517 9
134 35 m2 158712 -0.0031094139 0.5 p-1 -1737 10
185 36 m2 160869 -0.00572789786 0.5 p-1 -84204 21
198 37 m2 165958 -0.0404112116 0.5 p-1 -5857 6
8 39 m2 176281 -0.00240853522 0.5 p-1 -2039494 623
136 40 m2 184367 -0.00845448021 0.5 p-1 -238403 7
10 41 m2 188615 -0.013154177 0.5 p-1 -314722 227
256 42 m2 207142 -0.000537022832 0.5 p-1 -29624 1
153 43 m2 213671 -0.00488863653 0.5 p-1 -132681 44
257 44 m2 214776 -0.00444340101 0.5 p-1 -985 1
235 45 m2 214928 -0.00155167736 0.5 p-1 -29125 4
144 46 m2 216559 -0.00452958466 0.5 p-1 -73680 37
254 49 m2 229301 -0.000128364598 0.5 p-1 -61065 5
273 50 m2 244859 -0.000293761725 0.5 p-1 -4351 1
145 51 m2 251557 -0.00892417133 0.5 p-1 -1087270 161
84 52 m2 251725 -0.00664976332 0.5 p-1 -4705947 868
197 55 m2 262163 -0.0064827092 0.5 p-1 -19464 17
116 56 m2 262521 -1.11346199e-09 0.5 p-1 -707143 264
193 59 m2 267651 -0.0162247028 0.5 p-1 -352555 65
191 61 m2 276516 -0.00622100616 0.5 p-1 -236841 23
276 62 m2 276991 -0.00436046999 0.5 p-1 -10008 1
12 63 m2 279766 -0.000441381766 0.5 p-1 -775010 633
41 64 m2 292709 -0.00147994992 0.5 p-1 -2419734 80
277 65 m2 297547 -0.000335963123 0.5 p-1 -13690 1
13 66 m2 298727 -0.00208796421 0.5 p-1 -670846 206
14 67 m2 301747 -0.00294766156 0.5 p-1 -2700600 1526
121 68 m2 302879 -0.000287182571 0.5 p-1 -80104 136
131 69 m2 305043 -0.00801861659 0.5 p-1 -289741 47
188 71 m2 314691 -0.000269928656 0.5 p-1 -48272 12
15 72 m2 315503 -0.000693023379 0.5 p-1 -4444904 344
42 73 m2 316176 -0.00198813621 0.5 p-1 -954116 293
55 74 m2 316906 -1.74336346e-05 0.5 p-1 -1033517 201
43 75 m2 317166 -0.00101102761 0.5 p-1 -4385029 1411
16 76 m2 317366 -0.0155752646 0.5 p-1 -588191 117
199 77 m2 318466 -0.000144946142 0.5 p-1 -4199 5
141 78 m2 323333 -0.000133807014 0.5 p-1 -228177 57
236 79 m2 324055 -0.0258740243 0.5 p-1 -98144 7
211 80 m2 325745 -0.000327431335 0.5 p-1 -296458 17
85 81 m2 331445 -0.00947157759 0.5 p-1 -1271778 487
260 82 m2 331810 -1.41491082e-05 0.5 p-1 -7618 2
192 84 m2 335142 -0.000756009656 0.5 p-1 -279581 21
44 85 m2 339122 -0.00112968031 0.5 p-1 -708600 460
209 86 m2 340689 -1.40473694e-05 0.5 p-1 -17599 24
162 87 m2 343196 -0.00255585299 0.5 p-1 -191277 79
119 88 m2 344144 -0.00128823158 0.5 p-1 -23647 7
90 89 m2 346140 -0.00029374435 0.5 p-1 -344953 252
17 90 m2 353029 -0.0208291709 0.5 p-1 -2989572 1968
206 92 m2 358283 -0.00041189816 0.5 p-1 -12225 6
110 93 m2 361375 -0.00745160319 0.5 p-1 -268271 117
194 94 m2 363965 -0.00113458862 0.5 p-1 -5127309 14
258 95 m2 364124 -0.0196263809 0.5 p-1 -34325 1
150 96 m2 371880 -0.0012454621 0.5 p-1 -37218 9
132 97 m2 380015 -0.000712774927 0.5 p-1 -560686 392
78 98 m2 382997 -0.00743887294 0.5 p-1 -5327129 395
183 99 m2 389870 -0.0115532726 0.5 p-1 -140935 52
114 100 m2 392734 -6.70690497e-05 0.5 p-1 -3120220 350
46 102 m2 398468 -0.00267570745 0.5 p-1 -3315971 473
220 103 m2 403454 -0.00532808155 0.5 p-1 -37104 9
180 104 m2 403780 -6.36830737e-05 0.5 p-1 -30759 25
19 105 m2 408748 -0.0134795206 0.5 p-1 -524905 294
112 108 m2 410981 -0.00362602295 0.5 p-1 -305254 46
67 109 m2 418279 -2.34172276e-07 0.5 p-1 -2145648 1027
20 110 m2 420774 -6.58647477e-05 0.5 p-1 -222182 242
226 111 m2 422701 -0.00286685419 0.5 p-1 -10120 6
123 112 m2 425137 -1.67564838e-06 0.5 p-1 -1045169 109
249 114 m2 428205 -0.000630817143 0.5 p-1 -1375 3
21 115 m2 435577 -0.0109603042 0.5 p-1 -8274047 1996
91 116 m2 443441 -0.00133170863 0.5 p-1 -1145925 370
168 117 m2 453609 -0.0101756779 0.5 p-1 -25205 30
22 118 m2 459911 -0.00120039377 0.5 p-1 -2910997 1117
171 121 m2 469087 -0.00658264803 0.5 p-1 -111617 14
124 122 m2 469391 -0.0253741685 0.5 p-1 -16274 12
224 123 m2 469787 -0.014729741 0.5 p-1 -38068 11
275 124 m2 470271 -0.0132572558 0.5 p-1 -1271 1
147 125 m2 470430 -0.000782476156 0.5 p-1 -389120 97
23 126 m2 476509 -0.0372714512 0.5 p-1 -4228614 1073
122 127 m2 484732 -0.121992543 0.5 p-1 -461403 303
24 129 m2 485511 -0.0229887161 0.5 p-1 -3431673 1975
157 130 m2 487768 -0.00994762033 0.5 p-1 -217951 158
48 131 m2 495006 -0.00936124846 0.5 p-1 -165162 48
272 132 m2 498509 -0.0233227462 0.5 p-1 -3029 3
155 134 m2 510649 -0.00606248155 0.5 p-1 -10567 7
25 136 m2 521143 -0.0420481339 0.5 p-1 -4361471 483
177 137 m2 522624 -0.0811717361 0.5 p-1 -34898 12
26 138 m2 523844 -0.00100599614 0.5 p-1 -2708401 1468
27 139 m2 523901 -4.40707436e-06 0.5 p-1 -1201152 1160
142 140 m2 527159 -0.00126458553 0.5 p-1 -27407 34
93 141 m2 534084 -0.000564648537 0.5 p-1 -23820 27
79 142 m2 536768 -0.0137637947 0.5 p-1 -488210 25
207 144 m2 551086 -5.94153535e-05 0.5 p-1 -107066 22
86 147 m2 568007 -0.00943254493 0.5 p-1 -227305 68
58 148 m2 570078 -0.00617748452 0.5 p-1 -1000334 266
80 150 m2 577675 -0.00632537249 0.5 p-1 -7293467 348
167 151 m2 578807 -0.0605977699 0.5 p-1 -3599794 43
218 152 m2 585047 -0.00033918058 0.5 p-1 -17351 2
158 153 m2 590599 -0.00253749778 0.5 p-1 -18389 18
49 154 m2 594034 -0.0272596721 0.5 p-1 -5790507 1174
50 155 m2 594308 -0.0174575318 0.5 p-1 -1771925 1036
274 156 m2 598152 -0.00111067109 0.5 p-1 -32966 2
59 157 m2 602177 -0.0202868786 0.5 p-1 -294624 272
172 158 m2 605448 -0.0518630035 0.5 p-1 -17311 25
230 159 m2 608072 -0.00410630461 0.5 p-1 -126922 12
178 160 m2 610681 -0.00116612553 0.5 p-1 -705900 20
68 163 m2 629399 -0.000889164919 0.5 p-1 -5560897 566
279 165 m2 632618 -0.000803245697 0.5 p-1 -2428 3
225 166 m2 633209 -0.00919276942 0.5 p-1 -318540 6
117 168 m2 638688 -0.00064148003 0.5 p-1 -64159 100
243 169 m2 639663 -0.000166122234 0.5 p-1 -194989 5
28 170 m2 647860 -0.00135216571 0.5 p-1 -5409471 1855
282 171 m2 648197 -0.0131080169 0.5 p-1 -4880 2
187 173 m2 649855 -4.28618796e-06 0.5 p-1 -101374 20
135 174 m2 651760 -0.00224380218 0.5 p-1 -2416069 190
51 175 m2 653201 -0.0334673673 0.5 p-1 -3914361 958
60 176 m2 668144 -0.0116785169 0.5 p-1 -1551525 942
201 178 m2 676387 -0.00400361745 0.5 p-1 -22144 4
190 179 m2 679145 -1.47776857e-08 0.5 p-1 -23393 11
29 180 m2 681439 -0.00615669927 0.5 p-1 -1828518 1998
61 181 m2 683186 -4.01723355e-06 0.5 p-1 -5976789 172
87 182 m2 685652 -0.000282613066 0.5 p-1 -732976 116
94 183 m2 689325 -3.94434646e-05 0.5 p-1 -899619 205
176 184 m2 694315 -0.012321867 0.5 p-1 -45326 25
62 185 m2 703694 -0.0229058284 0.5 p-1 -817230 425
69 186 m2 704651 -0.00048502846 0.5 p-1 -2505901 498
95 187 m2 707851 -0.00486115366 0.5 p-1 -1904329 490
204 188 m2 710107 -0.0119945975 0.5 p-1 -4029 10
221 189 m2 712137 -0.00834114105 0.5 p-1 -199915 11
138 190 m2 712250 -0.00593736069 0.5 p-1 -28776 21
174 191 m2 718437 -0.00159772276 0.5 p-1 -151636 79
70 192 m2 718644 -0.000761255214 0.5 p-1 -195314 143
113 194 m2 751107 -0.00866438169 0.5 p-1 -345843 186
146 195 m2 752782 -0.00130927493 0.5 p-1 -303359 203
151 197 m2 759881 -0.00914826337 0.5 p-1 -413700 130
30 199 m2 773199 -0.0220429935 0.5 p-1 -957400 161
81 200 m2 773498 -0.0138456021 0.5 p-1 -289513 290
96 201 m2 785428 -0.000780942675 0.5 p-1 -1842829 1096
270 202 m2 785772 -1.95319062e-05 0.5 p-1 -353 2
82 203 m2 788296 -0.000188388818 0.5 p-1 -995901 169
83 204 m2 788822 -0.00121564791 0.5 p-1 -208023 108
173 205 m2 789295 -0.0126096345 0.5 p-1 -221755 106
148 206 m2 792020 -0.00748058083 0.5 p-1 -50815 43
88 207 m2 798158 -0.0145086236 0.5 p-1 -11463924 316
31 208 m2 799415 -0.000773972948 0.5 p-1 -2498066 1312
239 209 m2 801281 -0.000798758119 0.5 p-1 -50764 7
52 210 m2 801928 -0.00214487803 0.5 p-1 -1409166 325
106 212 m2 808490 -1.5967079e-07 0.5 p-1 -1824368 565
149 213 m2 809817 -0.0083765192 0.5 p-1 -807089 170
97 214 m2 810926 -0.00780294742 0.5 p-1 -1452237 320
120 215 m2 810975 -2.93583253e-05 0.5 p-1 -61089 77
242 217 m2 815206 -0.0153097259 0.5 p-1 -7915 1
32 218 m2 815885 -0.0291205272 0.5 p-1 -9698714 1100
33 221 m2 824595 -0.000272970821 0.5 p-1 -1082739 945
281 222 m2 839074 -0.00900359638 0.5 p-1 -10511 1
271 223 m2 841944 -0.00163522421 0.5 p-1 -2355 2
34 224 m2 850814 -0.0256395899 0.5 p-1 -1305357 1355
184 225 m2 854990 -0.00183345063 0.5 p-1 -33878 27
228 226 m2 861350 -0.00317994924 0.5 p-1 -174937 25
89 227 m2 870091 -0.000725123915 0.5 p-1 -307834 45
210 229 m2 887736 -7.64440992e-05 0.5 p-1 -5576 15
72 231 m2 896357 -0.0239208341 0.5 p-1 -1938196 376
35 233 m2 902849 -1.47731407e-06 0.5 p-1 -2105904 1069
175 234 m2 908467 -0.0673262551 0.5 p-1 -144834 42
54 238 m2 918893 -8.08182358e-06 0.5 p-1 -3955777 773
223 240 m2 923343 -0.00456575071 0.5 p-1 -397 2
208 242 m2 932234 -2.35157017e-06 0.5 p-1 -63198 23
98 244 m2 941069 -0.00761090824 0.5 p-1 -1845652 215
133 245 m2 947828 -0.0455232635 0.5 p-1 -17709 6
181 246 m2 950619 -0.00319999177 0.5 p-1 -16802 20
74 247 m2 953249 -1.62115384e-06 0.5 p-1 -25763 15
100 248 m2 957412 -0.0028325317 0.5 p-1 -39671 6
128 249 m2 958602 -0.000479366397 0.5 p-1 -137971 241
63 250 m2 961558 -0.0281888731 0.5 p-1 -15033 10
160 251 m2 965484 -0.00159551541 0.5 p-1 -737659 31
115 253 m2 971463 -0.000734146044 0.5 p-1 -78719 71
152 254 m2 975580 -3.58453963e-06 0.5 p-1 -208714 77
214 255 m2 987025 -0.0407646745 0.5 p-1 -212065 29
75 256 m2 987260 -0.00225311029 0.5 p-1 -124545 52
248 257 m2 994287 -0.000821921567 0.5 p-1 -13364 5
245 259 m2 328978 -0.0202935971 0.5 p0 2 1
268 269 m2 655542 -0.000470969157 0.5 p0 2 1
247 270 m2 383125 -6.44937827e-05 0.5 p0 2 4
233 272 m2 249999 -0.0259753484 0.5 p0 2 2
216 277 m2 6669 -0.00195120112 0.5 p0 2 1
264 279 m2 481984 -0.0256004296 0.5 p0 2 2
283 281 m2 436002 -0.0615603961 0.5 p0 2 1
203 285 m2 993470 -0.0029851296 0.5 p0 2 1
202 286 m2 18449 -0.00050625432 0.5 p0 2 1
231 287 m2 672238 -0.00215210672 0.5 p0 2 2
229 288 m2 532599 -0.00259954832 0.5 p0 2 2
215 290 m2 576656 -0.0359075516 0.5 p0 2 6
284 292 m2 69472 -0.00752434367 0.5 p0 2 1
166 294 m2 341964 -0.000124308397 0.5 p0 2 5
232 296 m2 925752 -5.34768842e-05 0.5 p0 2 4
261 299 m2 892669 -0.0205632709 0.5 p0 2 3
252 300 m2 405246 -5.40345081e-06 0.5 p0 2 1
240 302 m2 293203 -7.93698916e-07 0.5 p0 2 4
259 303 m2 379807 -3.81253049e-05 0.5 p0 2 5
267 306 m2 424135 -0.00100769615 0.5 p0 2 4
253 308 m2 289788 -0.00843631569 0.5 p0 2 3
265 309 m2 731246 -1.5104913e-06 0.5 p0 2 2
251 311 m2 618794 -0.00866353046 0.5 p0 2 2
76 312 m1 632 0 0.5 p-1 -3558721 617
4 316 m1 21084 0 0.5 p-1 -10098016 1950
266 317 m1 87471 0 0.5 p-1 -88659 1
250 318 m1 97612 0 0.5 p-1 -65794 6
170 319 m1 111569 0 0.5 p-1 -32084 25
263 320 m1 124205 0 0.5 p-1 -21866 1
108 322 m1 137396 0 0.5 p-1 -257323 110
9 324 m1 187799 0 0.5 p-1 -17054 5
285 325 m1 190140 0 0.5 p-1 -2248 1
182 326 m1 200629 0 0.5 p-1 -322 13
11 327 m1 218281 0 0.5 p-1 -4692176 1693
164 328 m1 222540 0 0.5 p-1 -714297 33
102 329 m1 229906 0 0.5 p-1 -4359635 206
40 330 m1 230467 0 0.5 p-1 -1739072 816
244 331 m1 242369 0 0.5 p-1 -662 5
238 332 m1 253785 0 0.5 p-1 -148129 12
269 333 m1 272740 0 0.5 p-1 -618 1
278 334 m1 312798 0 0.5 p-1 -90357 1
65 336 m1 337284 0 0.5 p-1 -2489836 905
66 337 m1 348392 0 0.5 p-1 -230505 180
45 338 m1 351916 0 0.5 p-1 -1546318 598
156 339 m1 360936 0 0.5 p-1 -35271 34
111 340 m1 362671 0 0.5 p-1 -498809 133
262 341 m1 384295 0 0.5 p-1 -15836 8
205 342 m1 391918 0 0.5 p-1 -172584 63
18 343 m1 402253 0 0.5 p-1 -14414488 1268
109 345 m1 432730 0 0.5 p-1 -574110 372
213 346 m1 452140 0 0.5 p-1 -3673662 53
47 347 m1 455823 0 0.5 p-1 -1999114 341
56 348 m1 459694 0 0.5 p-1 -1462404 519
169 349 m1 460088 0 0.5 p-1 -15255 14
103 350 m1 460737 0 0.5 p-1 -316849 380
57 351 m1 462595 0 0.5 p-1 -3625836 1482
161 355 m1 494651 0 0.5 p-1 -905758 120
219 357 m1 517187 0 0.5 p-1 -32413 13
92 358 m1 526437 0 0.5 p-1 -10080710 755
140 361 m1 547791 0 0.5 p-1 -24100 18
104 362 m1 553456 0 0.5 p-1 -1404416 384
159 363 m1 575321 0 0.5 p-1 -48837 69
195 364 m1 588128 0 0.5 p-1 -102655 17
125 365 m1 591069 0 0.5 p-1 -1227909 229
234 366 m1 594548 0 0.5 p-1 -49584 9
255 367 m1 608059 0 0.5 p-1 -30599 2
196 369 m1 624720 0 0.5 p-1 -69472 23
105 372 m1 647948 0 0.5 p-1 -3335238 290
118 373 m1 690100 0 0.5 p-1 -3988591 181
137 374 m1 704594 0 0.5 p-1 -269447 20
71 376 m1 745377 0 0.5 p-1 -2006200 198
126 377 m1 782496 0 0.5 p-1 -521223 219
222 379 m1 802376 0 0.5 p-1 -105768 19
154 380 m1 808927 0 0.5 p-1 -155526 61
179 381 m1 813261 0 0.5 p-1 -28666 25
165 383 m1 849537 0 0.5 p-1 -95569 14
186 384 m1 851205 0 0.5 p-1 -216786 21
189 386 m1 854562 0 0.5 p-1 -57890 15
53 388 m1 889132 0 0.5 p-1 -2518753 763
36 389 m1 919912 0 0.5 p-1 -1365202 557
73 390 m1 921996 0 0.5 p-1 -973328 631
99 392 m1 941261 0 0.5 p-1 -736858 33
241 393 m1 941626 0 0.5 p-1 -115109 7
163 394 m1 943045 0 0.5 p-1 -212978 13
200 395 m1 958447 0 0.5 p-1 -59315 19
237 396 m1 976001 0 0.5 p-1 -89773 22
280 397 m1 978124 0 0.5 p-1 -656 3
Individuals:
