Mutations:
162 0 m2 1784 -0.00376188429 0.5 p-1 -95444 55
124 2 m2 10504 -0.00415377738 0.5 p-1 -29201 37
41 3 m2 12000 -4.30143446e-05 0.5 p-1 -2007942 625
193 4 m2 18355 -2.25587773e-05 0.5 p-1 -63889 4
42 5 m2 18635 -0.116209738 0.5 p-1 -377518 121
62 6 m2 29027 -0.00049094815 0.5 p-1 -622852 408
1 7 m2 32431 -0.00105191988 0.5 p-1 -6633659 1857
43 8 m2 37252 -0.00722767413 0.5 p-1 -2790069 405
108 10 m2 40362 -0.0115250573 0.5 p-1 -1726216 101
217 11 m2 41506 -0.00600086758 0.5 p-1 -20733 11
141 12 m2 50330 -0.0133372582 0.5 p-1 -5635 4
163 13 m2 64386 -0.000506143086 0.5 p-1 -3146 4
2 14 m2 64920 -0.000390160887 0.5 p-1 -6113261 1368
3 15 m2 65923 -0.000621750019 0.5 p-1 -5524537 970
126 16 m2 67398 -6.41197548e-05 0.5 p-1 -371346 87
234 19 m2 76118 -0.0240226164 0.5 p-1 -3890 11
233 20 m2 89852 -0.0041346103 0.5 p-1 -16158 12
110 22 m2 106846 -0.000102107202 0.5 p-1 -726585 439
4 23 m2 128045 -1.46970513e-06 0.5 p-1 -1126670 1063
294 24 m2 129823 -0.049579192 0.5 p-1 -11520 1
149 25 m2 130099 -0.00313492119 0.5 p-1 -96128 43
5 26 m2 137024 -0.000103343256 0.5 p-1 -1559245 1398
72 27 m2 139385 -0.000703748723 0.5 p-1 -2375662 454
274 28 m2 140558 -0.000292154786 0.5 p-1 -50512 1
6 29 m2 141437 -0.0045693079 0.5 p-1 -2356738 519
7 30 m2 144612 -0.0152274566 0.5 p-1 -7106509 766
139 31 m2 147060 -0.0796695426 0.5 p-1 -1269844 229
243 32 m2 148582 -0.0124478284 0.5 p-1 -16203 8
289 33 m2 148641 -6.49559806e-05 0.5 p-1 -72445 1
152 34 m2 150805 -4.12073359e-06 0.5 p-1 -2381016 153
183 35 m2 154974 -0.0114240684 0.5 p-1 -380902 19
8 36 m2 154988 -0.0102086738 0.5 p-1 -2817187 388
191 37 m2 156988 -0.00150105334 0.5 p-1 -110882 22
9 39 m2 161521 -0.0120836366 0.5 p-1 -3692605 1407
165 40 m2 170189 -0.00507685496 0.5 p-1 -88001 40
86 41 m2 170649 -0.0484165624 0.5 p-1 -5814157 486
221 42 m2 171160 -1.17168393e-05 0.5 p-1 -1046224 3
45 43 m2 171956 -0.0209244378 0.5 p-1 -790413 182
179 44 m2 172559 -0.0108240796 0.5 p-1 -79440 17
10 47 m2 181191 -0.0145579241 0.5 p-1 -3818299 927
11 48 m2 181340 -0.00246805092 0.5 p-1 -1191793 1132
203 49 m2 184211 -0.00889651012 0.5 p-1 -105096 8
87 50 m2 198254 -4.09247405e-05 0.5 p-1 -180095 138
266 52 m2 201629 -0.000428470667 0.5 p-1 -32109 4
13 54 m2 209137 -0.00799197517 0.5 p-1 -4529082 925
287 55 m2 209266 -0.016061062 0.5 p-1 -69897 2
268 57 m2 223881 -0.00639757235 0.5 p-1 -248065 2
169 58 m2 226051 -9.12221294e-05 0.5 p-1 -25628 28
88 59 m2 227394 -0.00299290032 0.5 p-1 -312515 139
111 60 m2 231654 -0.032613758 0.5 p-1 -2055407 411
14 61 m2 232458 -0.000316065096 0.5 p-1 -1233865 1242
15 63 m2 252648 -0.0165295061 0.5 p-1 -3759737 1378
112 64 m2 254268 -0.00249786023 0.5 p-1 -3184482 324
242 68 m2 264783 -5.38105414e-05 0.5 p-1 -1781 12
16 69 m2 265834 -0.00157048646 0.5 p-1 -3544421 1296
17 70 m2 273806 -0.00154286181 0.5 p-1 -3230867 1019
142 71 m2 275093 -1.44391361e-05 0.5 p-1 -1969217 117
143 72 m2 275137 -0.0145332413 0.5 p-1 -131424 41
96 73 m2 278798 -0.00668193866 0.5 p-1 -1607281 215
47 75 m2 280069 -0.000459232542 0.5 p-1 -427569 154
102 76 m2 281062 -0.0186332017 0.5 p-1 -15600 20
166 77 m2 281965 -0.00794013776 0.5 p-1 -620861 70
48 78 m2 284355 -0.00736533012 0.5 p-1 -1258512 681
63 79 m2 287957 -0.00509102503 0.5 p-1 -1579756 918
18 80 m2 289472 -0.036242459 0.5 p-1 -737357 192
167 81 m2 293922 -0.00100406131 0.5 p-1 -17926 6
19 82 m2 293994 -0.00152931875 0.5 p-1 -3296443 1408
277 83 m2 295520 -0.02636021 0.5 p-1 -6360 1
74 84 m2 316336 -0.000415604212 0.5 p-1 -165161 47
267 85 m2 321648 -0.000226434437 0.5 p-1 -11191 2
118 86 m2 323993 -0.0147517873 0.5 p-1 -702303 418
181 87 m2 326135 -0.00039672674 0.5 p-1 -172689 13
176 88 m2 326214 -0.00152629009 0.5 p-1 -1531048 18
255 90 m2 328634 -0.00224823086 0.5 p-1 -175049 4
103 91 m2 333254 -0.00820268318 0.5 p-1 -734526 99
49 92 m2 337108 -0.0107673127 0.5 p-1 -7404197 1124
196 93 m2 337517 -0.00114168646 0.5 p-1 -4740 17
262 95 m2 342251 -0.000110024659 0.5 p-1 -4328 2
79 97 m2 348947 -0.000193689717 0.5 p-1 -7670984 329
50 98 m2 351451 -0.0134342546 0.5 p-1 -5672550 1325
215 99 m2 358126 -0.000483908545 0.5 p-1 -11589 5
75 100 m2 364063 -0.000819455425 0.5 p-1 -2768829 208
51 101 m2 365766 -0.0770608038 0.5 p-1 -1278999 437
160 102 m2 366881 -0.0123287616 0.5 p-1 -132357 125
144 103 m2 368186 -0.000131745619 0.5 p-1 -996138 23
104 105 m2 374462 -0.0216925871 0.5 p-1 -329422 118
253 107 m2 376866 -0.0150636192 0.5 p-1 -1833 2
20 108 m2 380657 -1.77282473e-05 0.5 p-1 -1288846 184
189 109 m2 385324 -0.000835285464 0.5 p-1 -61349 8
178 110 m2 385472 -0.00969035178 0.5 p-1 -21006 3
140 112 m2 396365 -0.00333755766 0.5 p-1 -2684075 61
273 114 m2 396842 -0.00486049196 0.5 p-1 -4211 1
52 115 m2 402773 -0.00204716413 0.5 p-1 -1873572 1659
128 116 m2 408260 -0.00721153431 0.5 p-1 -79279 69
200 117 m2 409599 -0.00107076124 0.5 p-1 -2009335 73
263 118 m2 410488 -0.0133841308 0.5 p-1 -1623 6
213 119 m2 410512 -0.0131890858 0.5 p-1 -88038 7
89 120 m2 411678 -0.0014885331 0.5 p-1 -2913765 634
65 121 m2 416418 -0.0355259962 0.5 p-1 -922597 294
231 122 m2 419035 -0.000685475417 0.5 p-1 -13491 1
206 124 m2 434171 -0.000734877074 0.5 p-1 -79054 4
21 125 m2 440555 -6.43496605e-05 0.5 p-1 -2008714 1350
66 126 m2 440600 -0.000762704469 0.5 p-1 -43909 66
97 127 m2 445158 -0.0040684226 0.5 p-1 -710324 218
22 128 m2 447635 -0.0106786909 0.5 p-1 -3823892 790
161 129 m2 448771 -1.31156241e-07 0.5 p-1 -78369 23
90 130 m2 449060 -0.0123414528 0.5 p-1 -43769 98
210 131 m2 465314 -0.000398047327 0.5 p-1 -23670 8
192 132 m2 468120 -9.38512585e-06 0.5 p-1 -21883 27
265 136 m2 493505 -0.00193407503 0.5 p-1 -102207 6
205 137 m2 493654 -0.0113639021 0.5 p-1 -78605 11
23 138 m2 497607 -0.00243959972 0.5 p-1 -1137881 916
24 139 m2 505971 -1.35212801e-07 0.5 p-1 -7338462 1812
105 140 m2 513950 -0.00025082659 0.5 p-1 -4000533 496
98 141 m2 518809 -0.0308463313 0.5 p-1 -561616 251
216 143 m2 522484 -0.00443725241 0.5 p-1 -14060 22
54 144 m2 528978 -0.000361010287 0.5 p-1 -4210735 711
113 146 m2 532755 -0.0125451917 0.5 p-1 -274923 142
248 148 m2 546616 -0.0102430368 0.5 p-1 -27287 8
67 149 m2 546749 -0.0224489458 0.5 p-1 -1005604 316
81 150 m2 551522 -0.0152800865 0.5 p-1 -101860 17
136 151 m2 565864 -0.021086935 0.5 p-1 -51921 9
82 153 m2 569763 -0.0564007126 0.5 p-1 -3526924 190
246 154 m2 570525 -0.00206689537 0.5 p-1 -212732 2
282 155 m2 574313 -0.00343609345 0.5 p-1 -2229 1
245 156 m2 575065 -0.000516380649 0.5 p-1 -2574 1
230 157 m2 582489 -0.000213201522 0.5 p-1 -42478 1
114 158 m2 587150 -2.69290504e-05 0.5 p-1 -30886 5
100 159 m2 596260 -0.000812625338 0.5 p-1 -371101 233
91 161 m2 596536 -0.0135053704 0.5 p-1 -241009 41
27 162 m2 598278 -0.0203983244 0.5 p-1 -4381204 1736
252 163 m2 611640 -0.0133949919 0.5 p-1 -1877 3
138 164 m2 628640 -0.0157646444 0.5 p-1 -72755 44
130 165 m2 630674 -0.000659676327 0.5 p-1 -201359 58
132 166 m2 636347 -0.00450866716 0.5 p-1 -101643 61
202 167 m2 640489 -0.00498476438 0.5 p-1 -2355 1
264 168 m2 642220 -0.000299209176 0.5 p-1 -297404 2
131 170 m2 642591 -0.0699500144 0.5 p-1 -44981 32
241 171 m2 646056 -5.02848752e-06 0.5 p-1 -90550 14
211 172 m2 646203 -0.00164985878 0.5 p-1 -2214743 21
159 173 m2 647940 -0.00074654998 0.5 p-1 -128059 68
150 175 m2 657070 -0.00358529761 0.5 p-1 -192979 125
272 177 m2 662748 -0.0288454052 0.5 p-1 -31446 1
115 178 m2 665580 -0.00390136219 0.5 p-1 -41042 71
275 179 m2 665920 -0.0170050394 0.5 p-1 -21153 3
92 180 m2 669627 -0.00279237586 0.5 p-1 -1919413 152
120 181 m2 671075 -0.00141130353 0.5 p-1 -72366 81
106 182 m2 671435 -0.00411666231 0.5 p-1 -384298 298
121 183 m2 675428 -0.0806074217 0.5 p-1 -451414 219
129 185 m2 683738 -0.0176885426 0.5 p-1 -3828701 211
147 187 m2 689082 -0.0275341589 0.5 p-1 -51960 42
151 189 m2 697194 -8.82230743e-05 0.5 p-1 -236483 45
76 190 m2 704673 -0.0114927087 0.5 p-1 -12224647 288
235 192 m2 709018 -0.00493902201 0.5 p-1 -92181 12
29 193 m2 733209 -0.0129608037 0.5 p-1 -10897878 719
237 194 m2 734075 -0.00386257493 0.5 p-1 -3763 2
184 195 m2 748863 -0.00255727326 0.5 p-1 -202076 66
30 196 m2 751635 -0.00454140967 0.5 p-1 -14648137 342
55 198 m2 757098 -1.29076852e-05 0.5 p-1 -3644542 275
177 199 m2 765133 -0.000148420484 0.5 p-1 -95290 33
93 200 m2 773893 -3.86977335e-05 0.5 p-1 -4701848 1201
122 201 m2 783108 -7.03734088e-07 0.5 p-1 -12998650 304
204 202 m2 784797 -0.000341874693 0.5 p-1 -188975 31
227 203 m2 788224 -0.0219940469 0.5 p-1 -19176 12
123 204 m2 789493 -0.00747166993 0.5 p-1 -1327016 373
157 205 m2 789698 -0.0232289825 0.5 p-1 -216508 138
101 207 m2 799143 -0.0106413886 0.5 p-1 -120910 15
31 209 m2 811041 -0.00684872409 0.5 p-1 -1293882 673
32 210 m2 811892 -5.96868313e-06 0.5 p-1 -3399639 732
261 211 m2 820005 -0.00269338954 0.5 p-1 -15547 4
33 212 m2 822507 -0.00841296464 0.5 p-1 -199939 89
35 213 m2 828029 -0.00544588966 0.5 p-1 -5034854 862
68 214 m2 836502 -0.000170152736 0.5 p-1 -11657742 1401
186 216 m2 839354 -0.0106090978 0.5 p-1 -147723 27
69 217 m2 840453 -3.98374941e-05 0.5 p-1 -164428 78
36 218 m2 841335 -0.00156968588 0.5 p-1 -1816190 371
94 221 m2 850443 -0.00820824876 0.5 p-1 -4126760 614
56 222 m2 851341 -4.83470285e-06 0.5 p-1 -1477397 1340
107 224 m2 861654 -0.00235953135 0.5 p-1 -774516 482
180 225 m2 869005 -0.00527449464 0.5 p-1 -87898 18
281 226 m2 870597 -0.00411492959 0.5 p-1 -4960 1
199 228 m2 880341 -0.0134578785 0.5 p-1 -28083 3
37 229 m2 881357 -0.00311751035 0.5 p-1 -2854064 863
70 231 m2 907201 -0.0797946826 0.5 p-1 -1304150 1285
39 232 m2 907431 -0.00181986776 0.5 p-1 -3212032 1277
171 236 m2 935938 -5.46327428e-05 0.5 p-1 -99065 119
208 237 m2 941363 -2.58799082e-06 0.5 p-1 -87071 63
40 238 m2 942380 -4.64333061e-05 0.5 p-1 -5108752 1207
127 239 m2 945934 -0.0166768525 0.5 p-1 -1336062 707
238 240 m2 959917 -0.00750246784 0.5 p-1 -1445 2
84 242 m2 965627 -0.0143688163 0.5 p-1 -342065 362
286 243 m2 966052 -0.0222477335 0.5 p-1 -1503698 1
198 244 m2 966557 -0.000633661286 0.5 p-1 -89677 5
232 245 m2 973674 -9.44171552e-05 0.5 p-1 -26951 23
59 246 m2 981248 -2.64919581e-05 0.5 p-1 -554039 216
60 247 m2 989279 -0.0517229252 0.5 p-1 -1672136 324
95 248 m2 991612 -0.00187367958 0.5 p-1 -2821580 132
116 249 m2 993448 -0.00695863506 0.5 p-1 -544783 184
61 250 m2 996852 -0.00187238329 0.5 p-1 -854663 359
285 257 m2 283170 -8.30487406e-05 0.5 p0 2 1
236 258 m2 557826 -0.00201113685 0.5 p0 2 2
257 259 m2 674295 -0.00133234612 0.5 p0 2 6
244 264 m2 711795 -0.00168623391 0.5 p0 2 3
225 266 m2 54012 -0.00394084444 0.5 p0 2 3
226 267 m2 902274 -0.00372139039 0.5 p0 2 1
269 270 m2 133432 -0.0112841856 0.5 p0 2 6
291 271 m2 695457 -0.00773805892 0.5 p0 2 1
195 273 m2 615913 -0.00247224909 0.5 p0 2 8
259 275 m2 259270 -0.0162848979 0.5 p0 2 1
293 279 m2 548670 -4.78564107e-06 0.5 p0 2 1
258 283 m2 27219 -7.67102101e-05 0.5 p0 2 1
283 284 m2 27936 -0.0178030524 0.5 p0 2 2
222 287 m2 536725 -5.49353754e-05 0.5 p0 2 5
292 292 m2 376056 -0.000363263156 0.5 p0 2 1
229 293 m2 580120 -1.43908537e-05 0.5 p0 2 2
240 299 m2 717279 -0.000197640416 0.5 p0 2 5
190 300 m2 153336 -0.0276141018 0.5 p0 2 4
288 301 m2 84070 -0.0114381528 0.5 p0 2 1
146 302 m2 72556 -0.00769237708 0.5 p0 2 13
295 303 m2 697275 -0.000314223784 0.5 p0 2 1
260 304 m2 392867 -0.0941338539 0.5 p0 2 4
0 306 m1 13544 0 0.5 p-1 -1307845 215
251 307 m1 14679 0 0.5 p-1 -12546 8
154 308 m1 15215 0 0.5 p-1 -34175 26
145 309 m1 28944 0 0.5 p-1 -163076 48
201 310 m1 51470 0 0.5 p-1 -16976 6
239 311 m1 51689 0 0.5 p-1 -8669 2
109 312 m1 63499 0 0.5 p-1 -842162 315
125 313 m1 63935 0 0.5 p-1 -65759 71
78 314 m1 67931 0 0.5 p-1 -4169247 562
185 315 m1 72689 0 0.5 p-1 -1029395 69
85 316 m1 84142 0 0.5 p-1 -875098 132
44 318 m1 127179 0 0.5 p-1 -6372235 1778
71 319 m1 133087 0 0.5 p-1 -9908909 912
223 320 m1 139510 0 0.5 p-1 -45427 12
155 322 m1 149626 0 0.5 p-1 -12785 6
73 323 m1 150600 0 0.5 p-1 -3095856 657
173 324 m1 159428 0 0.5 p-1 -302818 11
117 325 m1 163002 0 0.5 p-1 -67544 46
133 326 m1 170923 0 0.5 p-1 -8911 5
164 328 m1 203269 0 0.5 p-1 -5205 6
12 329 m1 203385 0 0.5 p-1 -8923973 1881
135 330 m1 209900 0 0.5 p-1 -1091456 236
172 331 m1 217391 0 0.5 p-1 -131021 64
256 332 m1 221220 0 0.5 p-1 -8313 6
276 333 m1 221665 0 0.5 p-1 -22149 2
254 335 m1 256251 0 0.5 p-1 -42066 19
46 336 m1 256492 0 0.5 p-1 -2680868 438
290 338 m1 269899 0 0.5 p-1 -3105 1
158 339 m1 285897 0 0.5 p-1 -2044 4
137 340 m1 293253 0 0.5 p-1 -31557 27
249 342 m1 324108 0 0.5 p-1 -110668 5
280 343 m1 355676 0 0.5 p-1 -38642 2
175 345 m1 360248 0 0.5 p-1 -20492 12
64 347 m1 394412 0 0.5 p-1 -1190916 823
271 348 m1 404213 0 0.5 p-1 -22407 6
156 349 m1 405396 0 0.5 p-1 -44442 36
53 350 m1 429927 0 0.5 p-1 -5637792 1387
148 352 m1 484761 0 0.5 p-1 -3734240 125
80 353 m1 488725 0 0.5 p-1 -1609842 483
214 355 m1 531837 0 0.5 p-1 -160838 28
209 356 m1 545518 0 0.5 p-1 -2195 5
25 357 m1 559658 0 0.5 p-1 -2160574 210
119 358 m1 562380 0 0.5 p-1 -167251 168
153 359 m1 563939 0 0.5 p-1 -222770 104
26 360 m1 565022 0 0.5 p-1 -11166704 838
99 361 m1 570545 0 0.5 p-1 -497563 246
188 363 m1 590721 0 0.5 p-1 -32526 11
270 364 m1 599426 0 0.5 p-1 -15610 3
247 365 m1 612190 0 0.5 p-1 -1993 13
207 366 m1 635574 0 0.5 p-1 -33841 16
212 367 m1 654919 0 0.5 p-1 -65699 16
28 368 m1 655069 0 0.5 p-1 -5940017 1408
197 369 m1 655874 0 0.5 p-1 -6076 2
278 370 m1 681689 0 0.5 p-1 -6680 2
170 371 m1 689198 0 0.5 p-1 -3336165 134
187 374 m1 726326 0 0.5 p-1 -4040581 8
134 375 m1 748116 0 0.5 p-1 -1660708 297
168 376 m1 753890 0 0.5 p-1 -161309 69
284 377 m1 768995 0 0.5 p-1 -1639 2
77 378 m1 781002 0 0.5 p-1 -3975919 1113
220 380 m1 791348 0 0.5 p-1 -6136 5
83 381 m1 793919 0 0.5 p-1 -1380959 126
174 382 m1 798894 0 0.5 p-1 -3218238 115
182 384 m1 826626 0 0.5 p-1 -123162 23
34 385 m1 826945 0 0.5 p-1 -5545992 1867
279 386 m1 846561 0 0.5 p-1 -33535 1
57 387 m1 870606 0 0.5 p-1 -2243607 1221
224 388 m1 876246 0 0.5 p-1 -472 5
58 390 m1 883672 0 0.5 p-1 -2995809 785
228 391 m1 889446 0 0.5 p-1 -43031 3
38 392 m1 892539 0 0.5 p-1 -6094372 895
218 394 m1 918381 0 0.5 p-1 -248286 9
250 395 m1 922625 0 0.5 p-1 -13851 1
219 396 m1 966487 0 0.5 p-1 -670 2
194 397 m1 996967 0 0.5 p-1 -126021 54
Individuals:
