Mutations:
147 0 m2 1784 -0.00376188429 0.5 p-1 -95444 64
267 1 m2 3805 -0.00123804982 0.5 p-1 -16112 3
177 2 m2 10504 -0.00415377738 0.5 p-1 -29201 19
116 3 m2 12000 -4.30143446e-05 0.5 p-1 -2007942 585
156 4 m2 18355 -2.25587773e-05 0.5 p-1 -63889 22
129 5 m2 18635 -0.116209738 0.5 p-1 -377518 110
1 6 m2 29027 -0.00049094815 0.5 p-1 -622852 394
2 7 m2 32431 -0.00105191988 0.5 p-1 -6633659 1894
117 8 m2 37252 -0.00722767413 0.5 p-1 -2790069 350
179 10 m2 40362 -0.0115250573 0.5 p-1 -1726216 133
221 11 m2 41506 -0.00600086758 0.5 p-1 -20733 13
247 12 m2 50330 -0.0133372582 0.5 p-1 -5635 8
246 13 m2 64386 -0.000506143086 0.5 p-1 -3146 4
3 14 m2 64920 -0.000390160887 0.5 p-1 -6113261 1357
4 15 m2 65923 -0.000621750019 0.5 p-1 -5524537 1012
5 16 m2 67398 -6.41197548e-05 0.5 p-1 -371346 80
242 19 m2 76118 -0.0240226164 0.5 p-1 -3890 7
269 20 m2 89852 -0.0041346103 0.5 p-1 -16158 11
97 22 m2 106846 -0.000102107202 0.5 p-1 -726585 412
69 23 m2 128045 -1.46970513e-06 0.5 p-1 -1126670 1080
194 25 m2 130099 -0.00313492119 0.5 p-1 -96128 38
50 26 m2 137024 -0.000103343256 0.5 p-1 -1559245 1379
71 27 m2 139385 -0.000703748723 0.5 p-1 -2375662 494
307 28 m2 140558 -0.000292154786 0.5 p-1 -50512 1
98 29 m2 141437 -0.0045693079 0.5 p-1 -2356738 494
8 30 m2 144612 -0.0152274566 0.5 p-1 -7106509 751
111 31 m2 147060 -0.0796695426 0.5 p-1 -1269844 261
198 32 m2 148582 -0.0124478284 0.5 p-1 -16203 6
282 33 m2 148641 -6.49559806e-05 0.5 p-1 -72445 4
132 34 m2 150805 -4.12073359e-06 0.5 p-1 -2381016 133
232 35 m2 154974 -0.0114240684 0.5 p-1 -380902 16
9 36 m2 154988 -0.0102086738 0.5 p-1 -2817187 454
73 37 m2 156988 -0.00150105334 0.5 p-1 -110882 29
10 39 m2 161521 -0.0120836366 0.5 p-1 -3692605 1400
137 40 m2 170189 -0.00507685496 0.5 p-1 -88001 41
51 41 m2 170649 -0.0484165624 0.5 p-1 -5814157 524
261 42 m2 171160 -1.17168393e-05 0.5 p-1 -1046224 3
124 43 m2 171956 -0.0209244378 0.5 p-1 -790413 229
230 44 m2 172559 -0.0108240796 0.5 p-1 -79440 10
229 45 m2 172775 -1.4902057e-05 0.5 p-1 -100636 4
11 47 m2 181191 -0.0145579241 0.5 p-1 -3818299 886
12 48 m2 181340 -0.00246805092 0.5 p-1 -1191793 1084
222 49 m2 184211 -0.00889651012 0.5 p-1 -105096 11
107 50 m2 198254 -4.09247405e-05 0.5 p-1 -180095 171
233 52 m2 201629 -0.000428470667 0.5 p-1 -32109 3
185 53 m2 202984 -6.93170841e-06 0.5 p-1 -3683 1
14 54 m2 209137 -0.00799197517 0.5 p-1 -4529082 1037
190 55 m2 209266 -0.016061062 0.5 p-1 -69897 3
285 56 m2 212751 -0.00181885529 0.5 p-1 -44911 3
298 57 m2 223881 -0.00639757235 0.5 p-1 -248065 1
244 58 m2 226051 -9.12221294e-05 0.5 p-1 -25628 15
163 59 m2 227394 -0.00299290032 0.5 p-1 -312515 132
87 60 m2 231654 -0.032613758 0.5 p-1 -2055407 371
15 61 m2 232458 -0.000316065096 0.5 p-1 -1233865 1210
16 63 m2 252648 -0.0165295061 0.5 p-1 -3759737 1422
17 64 m2 254268 -0.00249786023 0.5 p-1 -3184482 311
18 69 m2 265834 -0.00157048646 0.5 p-1 -3544421 1311
19 70 m2 273806 -0.00154286181 0.5 p-1 -3230867 955
171 71 m2 275093 -1.44391361e-05 0.5 p-1 -1969217 95
207 72 m2 275137 -0.0145332413 0.5 p-1 -131424 21
112 73 m2 278798 -0.00668193866 0.5 p-1 -1607281 247
20 75 m2 280069 -0.000459232542 0.5 p-1 -427569 155
223 76 m2 281062 -0.0186332017 0.5 p-1 -15600 8
168 77 m2 281965 -0.00794013776 0.5 p-1 -620861 69
21 78 m2 284355 -0.00736533012 0.5 p-1 -1258512 667
53 79 m2 287957 -0.00509102503 0.5 p-1 -1579756 903
133 80 m2 289472 -0.036242459 0.5 p-1 -737357 199
297 81 m2 293922 -0.00100406131 0.5 p-1 -17926 2
22 82 m2 293994 -0.00152931875 0.5 p-1 -3296443 1351
292 83 m2 295520 -0.02636021 0.5 p-1 -6360 3
54 84 m2 316336 -0.000415604212 0.5 p-1 -165161 51
248 85 m2 321648 -0.000226434437 0.5 p-1 -11191 3
99 86 m2 323993 -0.0147517873 0.5 p-1 -702303 406
130 87 m2 326135 -0.00039672674 0.5 p-1 -172689 18
139 88 m2 326214 -0.00152629009 0.5 p-1 -1531048 34
186 90 m2 328634 -0.00224823086 0.5 p-1 -175049 3
108 91 m2 333254 -0.00820268318 0.5 p-1 -734526 139
23 92 m2 337108 -0.0107673127 0.5 p-1 -7404197 1098
243 93 m2 337517 -0.00114168646 0.5 p-1 -4740 7
315 95 m2 342251 -0.000110024659 0.5 p-1 -4328 2
55 97 m2 348947 -0.000193689717 0.5 p-1 -7670984 295
24 98 m2 351451 -0.0134342546 0.5 p-1 -5672550 1349
241 99 m2 358126 -0.000483908545 0.5 p-1 -11589 7
88 100 m2 364063 -0.000819455425 0.5 p-1 -2768829 200
56 101 m2 365766 -0.0770608038 0.5 p-1 -1278999 484
162 102 m2 366881 -0.0123287616 0.5 p-1 -132357 113
146 103 m2 368186 -0.000131745619 0.5 p-1 -996138 31
140 105 m2 374462 -0.0216925871 0.5 p-1 -329422 102
167 107 m2 376866 -0.0150636192 0.5 p-1 -1833 10
103 108 m2 380657 -1.77282473e-05 0.5 p-1 -1288846 183
286 109 m2 385324 -0.000835285464 0.5 p-1 -61349 7
252 110 m2 385472 -0.00969035178 0.5 p-1 -21006 11
152 112 m2 396365 -0.00333755766 0.5 p-1 -2684075 30
157 114 m2 396842 -0.00486049196 0.5 p-1 -4211 2
57 115 m2 402773 -0.00204716413 0.5 p-1 -1873572 1614
120 116 m2 408260 -0.00721153431 0.5 p-1 -79279 94
181 117 m2 409599 -0.00107076124 0.5 p-1 -2009335 58
200 118 m2 410488 -0.0133841308 0.5 p-1 -1623 2
193 119 m2 410512 -0.0131890858 0.5 p-1 -88038 3
105 120 m2 411678 -0.0014885331 0.5 p-1 -2913765 591
148 121 m2 416418 -0.0355259962 0.5 p-1 -922597 232
182 122 m2 419035 -0.000685475417 0.5 p-1 -13491 5
299 124 m2 434171 -0.000734877074 0.5 p-1 -79054 2
27 125 m2 440555 -6.43496605e-05 0.5 p-1 -2008714 1357
121 126 m2 440600 -0.000762704469 0.5 p-1 -43909 62
138 127 m2 445158 -0.0040684226 0.5 p-1 -710324 205
28 128 m2 447635 -0.0106786909 0.5 p-1 -3823892 774
149 129 m2 448771 -1.31156241e-07 0.5 p-1 -78369 28
126 130 m2 449060 -0.0123414528 0.5 p-1 -43769 65
180 131 m2 465314 -0.000398047327 0.5 p-1 -23670 6
250 132 m2 468120 -9.38512585e-06 0.5 p-1 -21883 21
313 135 m2 491908 -0.000513100997 0.5 p-1 -6602 1
239 136 m2 493505 -0.00193407503 0.5 p-1 -102207 1
212 137 m2 493654 -0.0113639021 0.5 p-1 -78605 8
58 138 m2 497607 -0.00243959972 0.5 p-1 -1137881 820
30 139 m2 505971 -1.35212801e-07 0.5 p-1 -7338462 1796
59 140 m2 513950 -0.00025082659 0.5 p-1 -4000533 411
122 141 m2 518809 -0.0308463313 0.5 p-1 -561616 214
204 143 m2 522484 -0.00443725241 0.5 p-1 -14060 13
89 144 m2 528978 -0.000361010287 0.5 p-1 -4210735 707
153 146 m2 532755 -0.0125451917 0.5 p-1 -274923 132
281 147 m2 537490 -0.0027691992 0.5 p-1 -65158 2
191 148 m2 546616 -0.0102430368 0.5 p-1 -27287 11
60 149 m2 546749 -0.0224489458 0.5 p-1 -1005604 341
173 150 m2 551522 -0.0152800865 0.5 p-1 -101860 24
199 151 m2 565864 -0.021086935 0.5 p-1 -51921 14
136 153 m2 569763 -0.0564007126 0.5 p-1 -3526924 217
144 154 m2 570525 -0.00206689537 0.5 p-1 -212732 6
208 155 m2 574313 -0.00343609345 0.5 p-1 -2229 1
319 156 m2 575065 -0.000516380649 0.5 p-1 -2574 1
273 157 m2 582489 -0.000213201522 0.5 p-1 -42478 4
254 158 m2 587150 -2.69290504e-05 0.5 p-1 -30886 6
118 159 m2 596260 -0.000812625338 0.5 p-1 -371101 259
306 160 m2 596499 -0.00226160209 0.5 p-1 -18262 2
161 161 m2 596536 -0.0135053704 0.5 p-1 -241009 52
32 162 m2 598278 -0.0203983244 0.5 p-1 -4381204 1749
189 163 m2 611640 -0.0133949919 0.5 p-1 -1877 3
154 164 m2 628640 -0.0157646444 0.5 p-1 -72755 61
109 165 m2 630674 -0.000659676327 0.5 p-1 -201359 81
224 166 m2 636347 -0.00450866716 0.5 p-1 -101643 31
202 167 m2 640489 -0.00498476438 0.5 p-1 -2355 3
280 168 m2 642220 -0.000299209176 0.5 p-1 -297404 4
264 169 m2 642484 -0.017343659 0.5 p-1 -13283 3
96 170 m2 642591 -0.0699500144 0.5 p-1 -44981 30
271 171 m2 646056 -5.02848752e-06 0.5 p-1 -90550 3
209 172 m2 646203 -0.00164985878 0.5 p-1 -2214743 15
100 173 m2 647940 -0.00074654998 0.5 p-1 -128059 61
125 175 m2 657070 -0.00358529761 0.5 p-1 -192979 119
287 176 m2 662681 -0.0103759347 0.5 p-1 -2403 1
226 177 m2 662748 -0.0288454052 0.5 p-1 -31446 3
119 178 m2 665580 -0.00390136219 0.5 p-1 -41042 76
187 179 m2 665920 -0.0170050394 0.5 p-1 -21153 7
155 180 m2 669627 -0.00279237586 0.5 p-1 -1919413 152
127 181 m2 671075 -0.00141130353 0.5 p-1 -72366 72
74 182 m2 671435 -0.00411666231 0.5 p-1 -384298 272
34 183 m2 675428 -0.0806074217 0.5 p-1 -451414 247
302 184 m2 681445 -0.00678014616 0.5 p-1 -400844 2
141 185 m2 683738 -0.0176885426 0.5 p-1 -3828701 203
160 187 m2 689082 -0.0275341589 0.5 p-1 -51960 43
142 189 m2 697194 -8.82230743e-05 0.5 p-1 -236483 42
79 190 m2 704673 -0.0114927087 0.5 p-1 -12224647 265
231 191 m2 705940 -0.00254940195 0.5 p-1 -11234 9
158 192 m2 709018 -0.00493902201 0.5 p-1 -92181 14
36 193 m2 733209 -0.0129608037 0.5 p-1 -10897878 735
128 195 m2 748863 -0.00255727326 0.5 p-1 -202076 43
123 196 m2 751635 -0.00454140967 0.5 p-1 -14648137 332
114 198 m2 757098 -1.29076852e-05 0.5 p-1 -3644542 286
169 199 m2 765133 -0.000148420484 0.5 p-1 -95290 35
38 200 m2 773893 -3.86977335e-05 0.5 p-1 -4701848 1192
39 201 m2 783108 -7.03734088e-07 0.5 p-1 -12998650 281
227 202 m2 784797 -0.000341874693 0.5 p-1 -188975 11
165 203 m2 788224 -0.0219940469 0.5 p-1 -19176 10
40 204 m2 789493 -0.00747166993 0.5 p-1 -1327016 399
115 205 m2 789698 -0.0232289825 0.5 p-1 -216508 129
249 207 m2 799143 -0.0106413886 0.5 p-1 -120910 15
62 209 m2 811041 -0.00684872409 0.5 p-1 -1293882 649
63 210 m2 811892 -5.96868313e-06 0.5 p-1 -3399639 730
225 211 m2 820005 -0.00269338954 0.5 p-1 -15547 8
176 212 m2 822507 -0.00841296464 0.5 p-1 -199939 62
42 213 m2 828029 -0.00544588966 0.5 p-1 -5034854 811
76 214 m2 836502 -0.000170152736 0.5 p-1 -11657742 1406
64 216 m2 839354 -0.0106090978 0.5 p-1 -147723 38
205 217 m2 840453 -3.98374941e-05 0.5 p-1 -164428 60
65 218 m2 841335 -0.00156968588 0.5 p-1 -1816190 391
219 219 m2 850044 -0.000403351005 0.5 p-1 -2088 1
213 220 m2 850189 -0.0103628049 0.5 p-1 -4798 1
80 221 m2 850443 -0.00820824876 0.5 p-1 -4126760 551
43 222 m2 851341 -4.83470285e-06 0.5 p-1 -1477397 1344
81 224 m2 861654 -0.00235953135 0.5 p-1 -774516 490
183 225 m2 869005 -0.00527449464 0.5 p-1 -87898 27
272 226 m2 870597 -0.00411492959 0.5 p-1 -4960 2
288 228 m2 880341 -0.0134578785 0.5 p-1 -28083 1
44 229 m2 881357 -0.00311751035 0.5 p-1 -2854064 836
46 231 m2 907201 -0.0797946826 0.5 p-1 -1304150 1292
47 232 m2 907431 -0.00181986776 0.5 p-1 -3212032 1305
235 233 m2 907617 -0.000378680124 0.5 p-1 -29265 5
143 236 m2 935938 -5.46327428e-05 0.5 p-1 -99065 104
94 237 m2 941363 -2.58799082e-06 0.5 p-1 -87071 73
67 238 m2 942380 -4.64333061e-05 0.5 p-1 -5108752 1232
82 239 m2 945934 -0.0166768525 0.5 p-1 -1336062 685
320 240 m2 959917 -0.00750246784 0.5 p-1 -1445 1
83 242 m2 965627 -0.0143688163 0.5 p-1 -342065 342
228 243 m2 966052 -0.0222477335 0.5 p-1 -1503698 1
84 244 m2 966557 -0.000633661286 0.5 p-1 -89677 12
188 245 m2 973674 -9.44171552e-05 0.5 p-1 -26951 19
85 246 m2 981248 -2.64919581e-05 0.5 p-1 -554039 201
48 247 m2 989279 -0.0517229252 0.5 p-1 -1672136 378
101 248 m2 991612 -0.00187367958 0.5 p-1 -2821580 113
49 249 m2 993448 -0.00695863506 0.5 p-1 -544783 198
68 250 m2 996852 -0.00187238329 0.5 p-1 -854663 363
291 252 m2 117599 -0.0201024469 0.5 p0 2 1
245 253 m2 633388 -0.00011478852 0.5 p0 2 1
308 254 m2 278450 -0.000739823736 0.5 p0 2 1
159 255 m2 533981 -6.07611073e-05 0.5 p0 2 1
301 256 m2 705677 -0.0184683874 0.5 p0 2 1
323 257 m2 283170 -8.30487406e-05 0.5 p0 2 1
195 258 m2 557826 -0.00201113685 0.5 p0 2 2
321 260 m2 307346 -0.00824166462 0.5 p0 2 1
268 263 m2 135490 -0.0054963748 0.5 p0 2 1
289 264 m2 711795 -0.00168623391 0.5 p0 2 1
290 265 m2 615046 -5.04348634e-07 0.5 p0 2 1
266 266 m2 54012 -0.00394084444 0.5 p0 2 2
258 268 m2 446870 -0.0371121578 0.5 p0 2 3
259 269 m2 545836 -0.00160190975 0.5 p0 2 3
283 271 m2 695457 -0.00773805892 0.5 p0 2 1
240 273 m2 615913 -0.00247224909 0.5 p0 2 4
310 274 m2 544451 -0.00383191463 0.5 p0 2 1
255 278 m2 910936 -0.0328366011 0.5 p0 2 2
270 280 m2 637488 -0.00422363495 0.5 p0 2 2
215 281 m2 472456 -0.00259265699 0.5 p0 2 4
314 284 m2 27936 -0.0178030524 0.5 p0 2 1
318 285 m2 634913 -0.00514899893 0.5 p0 2 1
311 286 m2 229384 -0.00229963614 0.5 p0 2 1
278 287 m2 536725 -5.49353754e-05 0.5 p0 2 1
322 289 m2 135467 -0.000127262843 0.5 p0 2 1
293 290 m2 486407 -0.000141623255 0.5 p0 2 1
131 291 m2 432755 -0.0158289485 0.5 p0 2 2
275 295 m2 639282 -4.71446633e-08 0.5 p0 2 1
238 297 m2 838481 -4.79789378e-07 0.5 p0 2 2
312 299 m2 717279 -0.000197640416 0.5 p0 2 1
279 300 m2 153336 -0.0276141018 0.5 p0 2 2
294 302 m2 72556 -0.00769237708 0.5 p0 2 1
253 303 m2 697275 -0.000314223784 0.5 p0 2 2
0 306 m1 13544 0 0.5 p-1 -1307845 222
277 307 m1 14679 0 0.5 p-1 -12546 6
151 308 m1 15215 0 0.5 p-1 -34175 34
178 309 m1 28944 0 0.5 p-1 -163076 63
303 310 m1 51470 0 0.5 p-1 -16976 2
197 311 m1 51689 0 0.5 p-1 -8669 2
78 312 m1 63499 0 0.5 p-1 -842162 259
102 313 m1 63935 0 0.5 p-1 -65759 39
6 314 m1 67931 0 0.5 p-1 -4169247 591
206 315 m1 72689 0 0.5 p-1 -1029395 65
86 316 m1 84142 0 0.5 p-1 -875098 137
7 318 m1 127179 0 0.5 p-1 -6372235 1754
70 319 m1 133087 0 0.5 p-1 -9908909 888
110 320 m1 139510 0 0.5 p-1 -45427 10
251 321 m1 142727 0 0.5 p-1 -310 1
309 322 m1 149626 0 0.5 p-1 -12785 4
72 323 m1 150600 0 0.5 p-1 -3095856 665
184 324 m1 159428 0 0.5 p-1 -302818 10
166 325 m1 163002 0 0.5 p-1 -67544 49
257 326 m1 170923 0 0.5 p-1 -8911 6
236 328 m1 203269 0 0.5 p-1 -5205 2
13 329 m1 203385 0 0.5 p-1 -8923973 1932
95 330 m1 209900 0 0.5 p-1 -1091456 210
170 331 m1 217391 0 0.5 p-1 -131021 61
274 332 m1 221220 0 0.5 p-1 -8313 2
203 333 m1 221665 0 0.5 p-1 -22149 4
214 335 m1 256251 0 0.5 p-1 -42066 8
52 336 m1 256492 0 0.5 p-1 -2680868 482
220 338 m1 269899 0 0.5 p-1 -3105 12
256 339 m1 285897 0 0.5 p-1 -2044 5
217 340 m1 293253 0 0.5 p-1 -31557 21
234 341 m1 316201 0 0.5 p-1 -4395 3
276 342 m1 324108 0 0.5 p-1 -110668 3
262 343 m1 355676 0 0.5 p-1 -38642 4
192 344 m1 356970 0 0.5 p-1 -43908 1
172 345 m1 360248 0 0.5 p-1 -20492 18
317 346 m1 373163 0 0.5 p-1 -9646 1
25 347 m1 394412 0 0.5 p-1 -1190916 844
260 348 m1 404213 0 0.5 p-1 -22407 6
104 349 m1 405396 0 0.5 p-1 -44442 38
26 350 m1 429927 0 0.5 p-1 -5637792 1365
300 351 m1 446667 0 0.5 p-1 -1072 2
134 352 m1 484761 0 0.5 p-1 -3734240 120
29 353 m1 488725 0 0.5 p-1 -1609842 511
296 354 m1 495979 0 0.5 p-1 -3612 1
164 355 m1 531837 0 0.5 p-1 -160838 35
150 357 m1 559658 0 0.5 p-1 -2160574 223
90 358 m1 562380 0 0.5 p-1 -167251 168
113 359 m1 563939 0 0.5 p-1 -222770 125
31 360 m1 565022 0 0.5 p-1 -11166704 843
91 361 m1 570545 0 0.5 p-1 -497563 226
218 363 m1 590721 0 0.5 p-1 -32526 7
265 364 m1 599426 0 0.5 p-1 -15610 2
263 365 m1 612190 0 0.5 p-1 -1993 3
237 366 m1 635574 0 0.5 p-1 -33841 10
216 367 m1 654919 0 0.5 p-1 -65699 10
33 368 m1 655069 0 0.5 p-1 -5940017 1423
175 369 m1 655874 0 0.5 p-1 -6076 12
304 370 m1 681689 0 0.5 p-1 -6680 2
35 371 m1 689198 0 0.5 p-1 -3336165 130
210 374 m1 726326 0 0.5 p-1 -4040581 22
37 375 m1 748116 0 0.5 p-1 -1660708 306
61 376 m1 753890 0 0.5 p-1 -161309 78
145 377 m1 768995 0 0.5 p-1 -1639 4
75 378 m1 781002 0 0.5 p-1 -3975919 1108
211 380 m1 791348 0 0.5 p-1 -6136 7
106 381 m1 793919 0 0.5 p-1 -1380959 125
92 382 m1 798894 0 0.5 p-1 -3218238 137
135 384 m1 826626 0 0.5 p-1 -123162 20
41 385 m1 826945 0 0.5 p-1 -5545992 1894
295 386 m1 846561 0 0.5 p-1 -33535 4
66 387 m1 870606 0 0.5 p-1 -2243607 1186
305 388 m1 876246 0 0.5 p-1 -472 3
201 389 m1 879917 0 0.5 p-1 -16025 5
77 390 m1 883672 0 0.5 p-1 -2995809 822
196 391 m1 889446 0 0.5 p-1 -43031 6
45 392 m1 892539 0 0.5 p-1 -6094372 942
93 394 m1 918381 0 0.5 p-1 -248286 21
316 395 m1 922625 0 0.5 p-1 -13851 1
284 396 m1 966487 0 0.5 p-1 -670 3
174 397 m1 996967 0 0.5 p-1 -126021 66
Individuals:
