Mutations:
155 0 m2 1784 -0.00376188429 0.5 p-1 -95444 59
168 2 m2 10504 -0.00415377738 0.5 p-1 -29201 22
34 3 m2 12000 -4.30143446e-05 0.5 p-1 -2007942 546
230 4 m2 18355 -2.25587773e-05 0.5 p-1 -63889 20
124 5 m2 18635 -0.116209738 0.5 p-1 -377518 77
117 6 m2 29027 -0.00049094815 0.5 p-1 -622852 355
0 7 m2 32431 -0.00105191988 0.5 p-1 -6633659 1914
111 8 m2 37252 -0.00722767413 0.5 p-1 -2790069 421
100 10 m2 40362 -0.0115250573 0.5 p-1 -1726216 130
143 11 m2 41506 -0.00600086758 0.5 p-1 -20733 9
147 12 m2 50330 -0.0133372582 0.5 p-1 -5635 2
248 13 m2 64386 -0.000506143086 0.5 p-1 -3146 3
35 14 m2 64920 -0.000390160887 0.5 p-1 -6113261 1360
1 15 m2 65923 -0.000621750019 0.5 p-1 -5524537 1060
36 16 m2 67398 -6.41197548e-05 0.5 p-1 -371346 60
198 19 m2 76118 -0.0240226164 0.5 p-1 -3890 13
207 20 m2 89852 -0.0041346103 0.5 p-1 -16158 23
78 22 m2 106846 -0.000102107202 0.5 p-1 -726585 307
3 23 m2 128045 -1.46970513e-06 0.5 p-1 -1126670 1158
101 25 m2 130099 -0.00313492119 0.5 p-1 -96128 30
38 26 m2 137024 -0.000103343256 0.5 p-1 -1559245 1382
67 27 m2 139385 -0.000703748723 0.5 p-1 -2375662 533
255 28 m2 140558 -0.000292154786 0.5 p-1 -50512 5
102 29 m2 141437 -0.0045693079 0.5 p-1 -2356738 474
39 30 m2 144612 -0.0152274566 0.5 p-1 -7106509 695
40 31 m2 147060 -0.0796695426 0.5 p-1 -1269844 238
222 32 m2 148582 -0.0124478284 0.5 p-1 -16203 5
199 33 m2 148641 -6.49559806e-05 0.5 p-1 -72445 19
167 34 m2 150805 -4.12073359e-06 0.5 p-1 -2381016 129
205 35 m2 154974 -0.0114240684 0.5 p-1 -380902 5
42 36 m2 154988 -0.0102086738 0.5 p-1 -2817187 405
159 37 m2 156988 -0.00150105334 0.5 p-1 -110882 35
5 39 m2 161521 -0.0120836366 0.5 p-1 -3692605 1410
127 40 m2 170189 -0.00507685496 0.5 p-1 -88001 55
43 41 m2 170649 -0.0484165624 0.5 p-1 -5814157 532
162 43 m2 171956 -0.0209244378 0.5 p-1 -790413 167
87 44 m2 172559 -0.0108240796 0.5 p-1 -79440 14
288 45 m2 172775 -1.4902057e-05 0.5 p-1 -100636 2
107 47 m2 181191 -0.0145579241 0.5 p-1 -3818299 907
44 48 m2 181340 -0.00246805092 0.5 p-1 -1191793 1070
257 49 m2 184211 -0.00889651012 0.5 p-1 -105096 10
123 50 m2 198254 -4.09247405e-05 0.5 p-1 -180095 138
208 52 m2 201629 -0.000428470667 0.5 p-1 -32109 4
7 54 m2 209137 -0.00799197517 0.5 p-1 -4529082 1001
166 55 m2 209266 -0.016061062 0.5 p-1 -69897 3
253 56 m2 212751 -0.00181885529 0.5 p-1 -44911 5
136 58 m2 226051 -9.12221294e-05 0.5 p-1 -25628 14
79 59 m2 227394 -0.00299290032 0.5 p-1 -312515 138
45 60 m2 231654 -0.032613758 0.5 p-1 -2055407 385
46 61 m2 232458 -0.000316065096 0.5 p-1 -1233865 1264
8 63 m2 252648 -0.0165295061 0.5 p-1 -3759737 1425
9 64 m2 254268 -0.00249786023 0.5 p-1 -3184482 342
10 69 m2 265834 -0.00157048646 0.5 p-1 -3544421 1267
80 70 m2 273806 -0.00154286181 0.5 p-1 -3230867 946
172 71 m2 275093 -1.44391361e-05 0.5 p-1 -1969217 59
173 72 m2 275137 -0.0145332413 0.5 p-1 -131424 15
68 73 m2 278798 -0.00668193866 0.5 p-1 -1607281 273
115 75 m2 280069 -0.000459232542 0.5 p-1 -427569 124
233 76 m2 281062 -0.0186332017 0.5 p-1 -15600 18
177 77 m2 281965 -0.00794013776 0.5 p-1 -620861 95
11 78 m2 284355 -0.00736533012 0.5 p-1 -1258512 694
12 79 m2 287957 -0.00509102503 0.5 p-1 -1579756 965
103 80 m2 289472 -0.036242459 0.5 p-1 -737357 170
13 82 m2 293994 -0.00152931875 0.5 p-1 -3296443 1324
262 83 m2 295520 -0.02636021 0.5 p-1 -6360 1
148 84 m2 316336 -0.000415604212 0.5 p-1 -165161 73
209 85 m2 321648 -0.000226434437 0.5 p-1 -11191 1
118 86 m2 323993 -0.0147517873 0.5 p-1 -702303 433
216 87 m2 326135 -0.00039672674 0.5 p-1 -172689 10
252 88 m2 326214 -0.00152629009 0.5 p-1 -1531048 21
217 90 m2 328634 -0.00224823086 0.5 p-1 -175049 10
165 91 m2 333254 -0.00820268318 0.5 p-1 -734526 129
48 92 m2 337108 -0.0107673127 0.5 p-1 -7404197 1025
210 93 m2 337517 -0.00114168646 0.5 p-1 -4740 9
234 95 m2 342251 -0.000110024659 0.5 p-1 -4328 4
14 97 m2 348947 -0.000193689717 0.5 p-1 -7670984 343
81 98 m2 351451 -0.0134342546 0.5 p-1 -5672550 1385
231 99 m2 358126 -0.000483908545 0.5 p-1 -11589 8
69 100 m2 364063 -0.000819455425 0.5 p-1 -2768829 147
82 101 m2 365766 -0.0770608038 0.5 p-1 -1278999 497
70 102 m2 366881 -0.0123287616 0.5 p-1 -132357 135
200 103 m2 368186 -0.000131745619 0.5 p-1 -996138 33
174 105 m2 374462 -0.0216925871 0.5 p-1 -329422 83
113 107 m2 376866 -0.0150636192 0.5 p-1 -1833 6
83 108 m2 380657 -1.77282473e-05 0.5 p-1 -1288846 182
197 109 m2 385324 -0.000835285464 0.5 p-1 -61349 18
196 110 m2 385472 -0.00969035178 0.5 p-1 -21006 5
140 112 m2 396365 -0.00333755766 0.5 p-1 -2684075 53
277 114 m2 396842 -0.00486049196 0.5 p-1 -4211 2
15 115 m2 402773 -0.00204716413 0.5 p-1 -1873572 1554
170 116 m2 408260 -0.00721153431 0.5 p-1 -79279 68
144 117 m2 409599 -0.00107076124 0.5 p-1 -2009335 63
137 119 m2 410512 -0.0131890858 0.5 p-1 -88038 7
88 120 m2 411678 -0.0014885331 0.5 p-1 -2913765 487
89 121 m2 416418 -0.0355259962 0.5 p-1 -922597 242
265 124 m2 434171 -0.000734877074 0.5 p-1 -79054 1
17 125 m2 440555 -6.43496605e-05 0.5 p-1 -2008714 1439
145 126 m2 440600 -0.000762704469 0.5 p-1 -43909 64
18 127 m2 445158 -0.0040684226 0.5 p-1 -710324 239
90 128 m2 447635 -0.0106786909 0.5 p-1 -3823892 716
71 129 m2 448771 -1.31156241e-07 0.5 p-1 -78369 36
175 130 m2 449060 -0.0123414528 0.5 p-1 -43769 22
280 131 m2 465314 -0.000398047327 0.5 p-1 -23670 3
245 132 m2 468120 -9.38512585e-06 0.5 p-1 -21883 4
241 135 m2 491908 -0.000513100997 0.5 p-1 -6602 2
203 136 m2 493505 -0.00193407503 0.5 p-1 -102207 6
215 137 m2 493654 -0.0113639021 0.5 p-1 -78605 8
19 138 m2 497607 -0.00243959972 0.5 p-1 -1137881 827
20 139 m2 505971 -1.35212801e-07 0.5 p-1 -7338462 1795
51 140 m2 513950 -0.00025082659 0.5 p-1 -4000533 401
91 141 m2 518809 -0.0308463313 0.5 p-1 -561616 177
221 143 m2 522484 -0.00443725241 0.5 p-1 -14060 13
52 144 m2 528978 -0.000361010287 0.5 p-1 -4210735 632
108 146 m2 532755 -0.0125451917 0.5 p-1 -274923 138
254 148 m2 546616 -0.0102430368 0.5 p-1 -27287 1
92 149 m2 546749 -0.0224489458 0.5 p-1 -1005604 345
185 150 m2 551522 -0.0152800865 0.5 p-1 -101860 27
130 151 m2 565864 -0.021086935 0.5 p-1 -51921 5
119 153 m2 569763 -0.0564007126 0.5 p-1 -3526924 213
223 154 m2 570525 -0.00206689537 0.5 p-1 -212732 4
239 155 m2 574313 -0.00343609345 0.5 p-1 -2229 4
283 157 m2 582489 -0.000213201522 0.5 p-1 -42478 1
213 158 m2 587150 -2.69290504e-05 0.5 p-1 -30886 8
161 159 m2 596260 -0.000812625338 0.5 p-1 -371101 225
212 161 m2 596536 -0.0135053704 0.5 p-1 -241009 28
21 162 m2 598278 -0.0203983244 0.5 p-1 -4381204 1735
163 164 m2 628640 -0.0157646444 0.5 p-1 -72755 68
138 165 m2 630674 -0.000659676327 0.5 p-1 -201359 101
121 166 m2 636347 -0.00450866716 0.5 p-1 -101643 53
125 167 m2 640489 -0.00498476438 0.5 p-1 -2355 8
229 168 m2 642220 -0.000299209176 0.5 p-1 -297404 2
93 170 m2 642591 -0.0699500144 0.5 p-1 -44981 35
225 171 m2 646056 -5.02848752e-06 0.5 p-1 -90550 23
193 172 m2 646203 -0.00164985878 0.5 p-1 -2214743 14
160 173 m2 647940 -0.00074654998 0.5 p-1 -128059 48
126 175 m2 657070 -0.00358529761 0.5 p-1 -192979 119
211 177 m2 662748 -0.0288454052 0.5 p-1 -31446 19
141 178 m2 665580 -0.00390136219 0.5 p-1 -41042 67
285 179 m2 665920 -0.0170050394 0.5 p-1 -21153 1
122 180 m2 669627 -0.00279237586 0.5 p-1 -1919413 121
151 181 m2 671075 -0.00141130353 0.5 p-1 -72366 85
110 182 m2 671435 -0.00411666231 0.5 p-1 -384298 284
84 183 m2 675428 -0.0806074217 0.5 p-1 -451414 182
263 184 m2 681445 -0.00678014616 0.5 p-1 -400844 3
75 185 m2 683738 -0.0176885426 0.5 p-1 -3828701 253
142 187 m2 689082 -0.0275341589 0.5 p-1 -51960 28
153 189 m2 697194 -8.82230743e-05 0.5 p-1 -236483 48
23 190 m2 704673 -0.0114927087 0.5 p-1 -12224647 279
289 191 m2 705940 -0.00254940195 0.5 p-1 -11234 1
190 192 m2 709018 -0.00493902201 0.5 p-1 -92181 21
53 193 m2 733209 -0.0129608037 0.5 p-1 -10897878 667
178 195 m2 748863 -0.00255727326 0.5 p-1 -202076 64
85 196 m2 751635 -0.00454140967 0.5 p-1 -14648137 376
24 198 m2 757098 -1.29076852e-05 0.5 p-1 -3644542 243
201 199 m2 765133 -0.000148420484 0.5 p-1 -95290 27
25 200 m2 773893 -3.86977335e-05 0.5 p-1 -4701848 1101
26 201 m2 783108 -7.03734088e-07 0.5 p-1 -12998650 269
154 202 m2 784797 -0.000341874693 0.5 p-1 -188975 12
158 203 m2 788224 -0.0219940469 0.5 p-1 -19176 10
116 204 m2 789493 -0.00747166993 0.5 p-1 -1327016 431
135 205 m2 789698 -0.0232289825 0.5 p-1 -216508 119
164 207 m2 799143 -0.0106413886 0.5 p-1 -120910 23
56 209 m2 811041 -0.00684872409 0.5 p-1 -1293882 629
57 210 m2 811892 -5.96868313e-06 0.5 p-1 -3399639 679
238 211 m2 820005 -0.00269338954 0.5 p-1 -15547 12
186 212 m2 822507 -0.00841296464 0.5 p-1 -199939 71
58 213 m2 828029 -0.00544588966 0.5 p-1 -5034854 898
28 214 m2 836502 -0.000170152736 0.5 p-1 -11657742 1379
181 216 m2 839354 -0.0106090978 0.5 p-1 -147723 25
59 217 m2 840453 -3.98374941e-05 0.5 p-1 -164428 66
60 218 m2 841335 -0.00156968588 0.5 p-1 -1816190 318
61 221 m2 850443 -0.00820824876 0.5 p-1 -4126760 576
29 222 m2 851341 -4.83470285e-06 0.5 p-1 -1477397 1310
62 224 m2 861654 -0.00235953135 0.5 p-1 -774516 514
218 225 m2 869005 -0.00527449464 0.5 p-1 -87898 24
267 227 m2 875667 -0.000112134163 0.5 p-1 -40430 7
273 228 m2 880341 -0.0134578785 0.5 p-1 -28083 1
64 229 m2 881357 -0.00311751035 0.5 p-1 -2854064 799
31 231 m2 907201 -0.0797946826 0.5 p-1 -1304150 1244
32 232 m2 907431 -0.00181986776 0.5 p-1 -3212032 1226
246 233 m2 907617 -0.000378680124 0.5 p-1 -29265 9
133 236 m2 935938 -5.46327428e-05 0.5 p-1 -99065 135
134 237 m2 941363 -2.58799082e-06 0.5 p-1 -87071 58
94 238 m2 942380 -4.64333061e-05 0.5 p-1 -5108752 1204
33 239 m2 945934 -0.0166768525 0.5 p-1 -1336062 790
287 240 m2 959917 -0.00750246784 0.5 p-1 -1445 2
95 242 m2 965627 -0.0143688163 0.5 p-1 -342065 349
96 244 m2 966557 -0.000633661286 0.5 p-1 -89677 9
243 245 m2 973674 -9.44171552e-05 0.5 p-1 -26951 11
97 246 m2 981248 -2.64919581e-05 0.5 p-1 -554039 208
98 247 m2 989279 -0.0517229252 0.5 p-1 -1672136 343
65 248 m2 991612 -0.00187367958 0.5 p-1 -2821580 94
86 249 m2 993448 -0.00695863506 0.5 p-1 -544783 270
66 250 m2 996852 -0.00187238329 0.5 p-1 -854663 342
284 254 m2 278450 -0.000739823736 0.5 p0 2 1
281 255 m2 533981 -6.07611073e-05 0.5 p0 2 2
195 257 m2 283170 -8.30487406e-05 0.5 p0 2 3
224 262 m2 241538 -5.77201354e-05 0.5 p0 2 3
278 263 m2 135490 -0.0054963748 0.5 p0 2 1
132 267 m2 902274 -0.00372139039 0.5 p0 2 3
264 268 m2 446870 -0.0371121578 0.5 p0 2 3
232 269 m2 545836 -0.00160190975 0.5 p0 2 4
176 271 m2 695457 -0.00773805892 0.5 p0 2 2
220 272 m2 864290 -0.00719748996 0.5 p0 2 3
279 274 m2 544451 -0.00383191463 0.5 p0 2 1
184 277 m2 699947 -4.56157031e-05 0.5 p0 2 1
120 282 m2 576908 -0.00156376045 0.5 p0 2 5
152 283 m2 27219 -7.67102101e-05 0.5 p0 2 22
219 284 m2 27936 -0.0178030524 0.5 p0 2 3
290 285 m2 634913 -0.00514899893 0.5 p0 2 2
275 289 m2 135467 -0.000127262843 0.5 p0 2 2
244 290 m2 486407 -0.000141623255 0.5 p0 2 2
260 291 m2 432755 -0.0158289485 0.5 p0 2 1
189 292 m2 376056 -0.000363263156 0.5 p0 2 8
250 294 m2 469867 -0.0357050076 0.5 p0 2 1
226 297 m2 838481 -4.79789378e-07 0.5 p0 2 1
271 300 m2 153336 -0.0276141018 0.5 p0 2 1
269 301 m2 84070 -0.0114381528 0.5 p0 2 3
99 306 m1 13544 0 0.5 p-1 -1307845 207
131 307 m1 14679 0 0.5 p-1 -12546 17
180 308 m1 15215 0 0.5 p-1 -34175 30
179 309 m1 28944 0 0.5 p-1 -163076 96
258 310 m1 51470 0 0.5 p-1 -16976 5
105 312 m1 63499 0 0.5 p-1 -842162 203
169 313 m1 63935 0 0.5 p-1 -65759 19
37 314 m1 67931 0 0.5 p-1 -4169247 523
156 315 m1 72689 0 0.5 p-1 -1029395 82
106 316 m1 84142 0 0.5 p-1 -875098 131
2 318 m1 127179 0 0.5 p-1 -6372235 1744
4 319 m1 133087 0 0.5 p-1 -9908909 968
247 320 m1 139510 0 0.5 p-1 -45427 8
272 321 m1 142727 0 0.5 p-1 -310 2
259 322 m1 149626 0 0.5 p-1 -12785 2
41 323 m1 150600 0 0.5 p-1 -3095856 655
228 324 m1 159428 0 0.5 p-1 -302818 30
112 325 m1 163002 0 0.5 p-1 -67544 33
249 328 m1 203269 0 0.5 p-1 -5205 3
6 329 m1 203385 0 0.5 p-1 -8923973 1952
114 330 m1 209900 0 0.5 p-1 -1091456 224
128 331 m1 217391 0 0.5 p-1 -131021 65
266 332 m1 221220 0 0.5 p-1 -8313 3
182 333 m1 221665 0 0.5 p-1 -22149 11
194 335 m1 256251 0 0.5 p-1 -42066 20
47 336 m1 256492 0 0.5 p-1 -2680868 394
187 338 m1 269899 0 0.5 p-1 -3105 12
256 339 m1 285897 0 0.5 p-1 -2044 2
204 340 m1 293253 0 0.5 p-1 -31557 10
235 343 m1 355676 0 0.5 p-1 -38642 1
240 345 m1 360248 0 0.5 p-1 -20492 21
49 347 m1 394412 0 0.5 p-1 -1190916 745
282 348 m1 404213 0 0.5 p-1 -22407 5
183 349 m1 405396 0 0.5 p-1 -44442 23
16 350 m1 429927 0 0.5 p-1 -5637792 1306
171 352 m1 484761 0 0.5 p-1 -3734240 124
50 353 m1 488725 0 0.5 p-1 -1609842 537
157 355 m1 531837 0 0.5 p-1 -160838 27
191 356 m1 545518 0 0.5 p-1 -2195 5
72 357 m1 559658 0 0.5 p-1 -2160574 216
149 358 m1 562380 0 0.5 p-1 -167251 152
109 359 m1 563939 0 0.5 p-1 -222770 81
73 360 m1 565022 0 0.5 p-1 -11166704 774
74 361 m1 570545 0 0.5 p-1 -497563 269
227 363 m1 590721 0 0.5 p-1 -32526 4
192 365 m1 612190 0 0.5 p-1 -1993 2
206 366 m1 635574 0 0.5 p-1 -33841 23
274 367 m1 654919 0 0.5 p-1 -65699 1
22 368 m1 655069 0 0.5 p-1 -5940017 1416
188 369 m1 655874 0 0.5 p-1 -6076 7
237 370 m1 681689 0 0.5 p-1 -6680 2
146 371 m1 689198 0 0.5 p-1 -3336165 149
236 374 m1 726326 0 0.5 p-1 -4040581 14
104 375 m1 748116 0 0.5 p-1 -1660708 271
54 376 m1 753890 0 0.5 p-1 -161309 103
251 377 m1 768995 0 0.5 p-1 -1639 9
55 378 m1 781002 0 0.5 p-1 -3975919 1173
276 380 m1 791348 0 0.5 p-1 -6136 3
76 381 m1 793919 0 0.5 p-1 -1380959 131
129 382 m1 798894 0 0.5 p-1 -3218238 93
270 383 m1 821503 0 0.5 p-1 -37028 2
139 384 m1 826626 0 0.5 p-1 -123162 36
27 385 m1 826945 0 0.5 p-1 -5545992 1909
63 387 m1 870606 0 0.5 p-1 -2243607 1217
261 388 m1 876246 0 0.5 p-1 -472 2
202 389 m1 879917 0 0.5 p-1 -16025 6
30 390 m1 883672 0 0.5 p-1 -2995809 825
268 391 m1 889446 0 0.5 p-1 -43031 7
77 392 m1 892539 0 0.5 p-1 -6094372 927
214 394 m1 918381 0 0.5 p-1 -248286 9
286 395 m1 922625 0 0.5 p-1 -13851 2
242 396 m1 966487 0 0.5 p-1 -670 3
150 397 m1 996967 0 0.5 p-1 -126021 66
Individuals:
