Mutations:
117 0 m2 1784 -0.00376188429 0.5 p-1 -95444 84
208 2 m2 10504 -0.00415377738 0.5 p-1 -29201 14
0 3 m2 12000 -4.30143446e-05 0.5 p-1 -2007942 531
254 4 m2 18355 -2.25587773e-05 0.5 p-1 -63889 5
72 5 m2 18635 -0.116209738 0.5 p-1 -377518 92
34 6 m2 29027 -0.00049094815 0.5 p-1 -622852 460
1 7 m2 32431 -0.00105191988 0.5 p-1 -6633659 1842
35 8 m2 37252 -0.00722767413 0.5 p-1 -2790069 395
78 10 m2 40362 -0.0115250573 0.5 p-1 -1726216 143
228 11 m2 41506 -0.00600086758 0.5 p-1 -20733 4
36 14 m2 64920 -0.000390160887 0.5 p-1 -6113261 1330
2 15 m2 65923 -0.000621750019 0.5 p-1 -5524537 952
159 16 m2 67398 -6.41197548e-05 0.5 p-1 -371346 59
237 19 m2 76118 -0.0240226164 0.5 p-1 -3890 8
207 20 m2 89852 -0.0041346103 0.5 p-1 -16158 17
37 22 m2 106846 -0.000102107202 0.5 p-1 -726585 367
39 23 m2 128045 -1.46970513e-06 0.5 p-1 -1126670 1123
180 25 m2 130099 -0.00313492119 0.5 p-1 -96128 45
41 26 m2 137024 -0.000103343256 0.5 p-1 -1559245 1460
127 27 m2 139385 -0.000703748723 0.5 p-1 -2375662 480
255 28 m2 140558 -0.000292154786 0.5 p-1 -50512 6
108 29 m2 141437 -0.0045693079 0.5 p-1 -2356738 556
42 30 m2 144612 -0.0152274566 0.5 p-1 -7106509 706
143 31 m2 147060 -0.0796695426 0.5 p-1 -1269844 222
186 33 m2 148641 -6.49559806e-05 0.5 p-1 -72445 27
121 34 m2 150805 -4.12073359e-06 0.5 p-1 -2381016 134
205 35 m2 154974 -0.0114240684 0.5 p-1 -380902 9
85 36 m2 154988 -0.0102086738 0.5 p-1 -2817187 440
175 37 m2 156988 -0.00150105334 0.5 p-1 -110882 29
3 39 m2 161521 -0.0120836366 0.5 p-1 -3692605 1344
209 40 m2 170189 -0.00507685496 0.5 p-1 -88001 37
86 41 m2 170649 -0.0484165624 0.5 p-1 -5814157 502
240 42 m2 171160 -1.17168393e-05 0.5 p-1 -1046224 2
87 43 m2 171956 -0.0209244378 0.5 p-1 -790413 244
195 44 m2 172559 -0.0108240796 0.5 p-1 -79440 6
167 45 m2 172775 -1.4902057e-05 0.5 p-1 -100636 6
80 47 m2 181191 -0.0145579241 0.5 p-1 -3818299 783
81 48 m2 181340 -0.00246805092 0.5 p-1 -1191793 946
218 49 m2 184211 -0.00889651012 0.5 p-1 -105096 18
130 50 m2 198254 -4.09247405e-05 0.5 p-1 -180095 76
196 52 m2 201629 -0.000428470667 0.5 p-1 -32109 10
62 54 m2 209137 -0.00799197517 0.5 p-1 -4529082 1006
227 55 m2 209266 -0.016061062 0.5 p-1 -69897 3
223 56 m2 212751 -0.00181885529 0.5 p-1 -44911 2
177 58 m2 226051 -9.12221294e-05 0.5 p-1 -25628 12
154 59 m2 227394 -0.00299290032 0.5 p-1 -312515 158
44 60 m2 231654 -0.032613758 0.5 p-1 -2055407 370
5 61 m2 232458 -0.000316065096 0.5 p-1 -1233865 1254
6 63 m2 252648 -0.0165295061 0.5 p-1 -3759737 1397
63 64 m2 254268 -0.00249786023 0.5 p-1 -3184482 394
7 69 m2 265834 -0.00157048646 0.5 p-1 -3544421 1215
64 70 m2 273806 -0.00154286181 0.5 p-1 -3230867 1016
125 71 m2 275093 -1.44391361e-05 0.5 p-1 -1969217 106
126 72 m2 275137 -0.0145332413 0.5 p-1 -131424 50
88 73 m2 278798 -0.00668193866 0.5 p-1 -1607281 216
123 75 m2 280069 -0.000459232542 0.5 p-1 -427569 179
210 76 m2 281062 -0.0186332017 0.5 p-1 -15600 15
155 77 m2 281965 -0.00794013776 0.5 p-1 -620861 75
8 78 m2 284355 -0.00736533012 0.5 p-1 -1258512 655
46 79 m2 287957 -0.00509102503 0.5 p-1 -1579756 1022
114 80 m2 289472 -0.036242459 0.5 p-1 -737357 199
65 82 m2 293994 -0.00152931875 0.5 p-1 -3296443 1272
151 84 m2 316336 -0.000415604212 0.5 p-1 -165161 58
232 85 m2 321648 -0.000226434437 0.5 p-1 -11191 2
115 86 m2 323993 -0.0147517873 0.5 p-1 -702303 400
212 87 m2 326135 -0.00039672674 0.5 p-1 -172689 7
184 88 m2 326214 -0.00152629009 0.5 p-1 -1531048 19
257 90 m2 328634 -0.00224823086 0.5 p-1 -175049 1
103 91 m2 333254 -0.00820268318 0.5 p-1 -734526 118
9 92 m2 337108 -0.0107673127 0.5 p-1 -7404197 1095
230 93 m2 337517 -0.00114168646 0.5 p-1 -4740 1
201 95 m2 342251 -0.000110024659 0.5 p-1 -4328 4
10 97 m2 348947 -0.000193689717 0.5 p-1 -7670984 353
11 98 m2 351451 -0.0134342546 0.5 p-1 -5672550 1347
148 100 m2 364063 -0.000819455425 0.5 p-1 -2768829 119
104 101 m2 365766 -0.0770608038 0.5 p-1 -1278999 460
47 102 m2 366881 -0.0123287616 0.5 p-1 -132357 109
185 103 m2 368186 -0.000131745619 0.5 p-1 -996138 29
168 105 m2 374462 -0.0216925871 0.5 p-1 -329422 97
12 108 m2 380657 -1.77282473e-05 0.5 p-1 -1288846 288
166 109 m2 385324 -0.000835285464 0.5 p-1 -61349 1
174 112 m2 396365 -0.00333755766 0.5 p-1 -2684075 25
13 115 m2 402773 -0.00204716413 0.5 p-1 -1873572 1623
112 116 m2 408260 -0.00721153431 0.5 p-1 -79279 136
164 117 m2 409599 -0.00107076124 0.5 p-1 -2009335 54
248 118 m2 410488 -0.0133841308 0.5 p-1 -1623 1
14 120 m2 411678 -0.0014885331 0.5 p-1 -2913765 662
109 121 m2 416418 -0.0355259962 0.5 p-1 -922597 238
160 122 m2 419035 -0.000685475417 0.5 p-1 -13491 3
253 124 m2 434171 -0.000734877074 0.5 p-1 -79054 2
16 125 m2 440555 -6.43496605e-05 0.5 p-1 -2008714 1353
173 126 m2 440600 -0.000762704469 0.5 p-1 -43909 35
133 127 m2 445158 -0.0040684226 0.5 p-1 -710324 181
17 128 m2 447635 -0.0106786909 0.5 p-1 -3823892 869
157 129 m2 448771 -1.31156241e-07 0.5 p-1 -78369 16
66 130 m2 449060 -0.0123414528 0.5 p-1 -43769 30
225 131 m2 465314 -0.000398047327 0.5 p-1 -23670 4
110 132 m2 468120 -9.38512585e-06 0.5 p-1 -21883 15
249 135 m2 491908 -0.000513100997 0.5 p-1 -6602 1
204 136 m2 493505 -0.00193407503 0.5 p-1 -102207 1
241 137 m2 493654 -0.0113639021 0.5 p-1 -78605 6
50 138 m2 497607 -0.00243959972 0.5 p-1 -1137881 937
18 139 m2 505971 -1.35212801e-07 0.5 p-1 -7338462 1794
19 140 m2 513950 -0.00025082659 0.5 p-1 -4000533 309
94 141 m2 518809 -0.0308463313 0.5 p-1 -561616 187
217 143 m2 522484 -0.00443725241 0.5 p-1 -14060 9
95 144 m2 528978 -0.000361010287 0.5 p-1 -4210735 757
20 146 m2 532755 -0.0125451917 0.5 p-1 -274923 187
67 149 m2 546749 -0.0224489458 0.5 p-1 -1005604 339
171 150 m2 551522 -0.0152800865 0.5 p-1 -101860 12
247 151 m2 565864 -0.021086935 0.5 p-1 -51921 2
156 153 m2 569763 -0.0564007126 0.5 p-1 -3526924 132
162 154 m2 570525 -0.00206689537 0.5 p-1 -212732 18
246 155 m2 574313 -0.00343609345 0.5 p-1 -2229 2
199 157 m2 582489 -0.000213201522 0.5 p-1 -42478 19
140 159 m2 596260 -0.000812625338 0.5 p-1 -371101 243
134 161 m2 596536 -0.0135053704 0.5 p-1 -241009 42
22 162 m2 598278 -0.0203983244 0.5 p-1 -4381204 1758
90 164 m2 628640 -0.0157646444 0.5 p-1 -72755 63
84 165 m2 630674 -0.000659676327 0.5 p-1 -201359 59
106 166 m2 636347 -0.00450866716 0.5 p-1 -101643 53
219 168 m2 642220 -0.000299209176 0.5 p-1 -297404 7
213 170 m2 642591 -0.0699500144 0.5 p-1 -44981 24
198 171 m2 646056 -5.02848752e-06 0.5 p-1 -90550 10
231 172 m2 646203 -0.00164985878 0.5 p-1 -2214743 19
161 173 m2 647940 -0.00074654998 0.5 p-1 -128059 70
96 175 m2 657070 -0.00358529761 0.5 p-1 -192979 161
141 178 m2 665580 -0.00390136219 0.5 p-1 -41042 84
220 179 m2 665920 -0.0170050394 0.5 p-1 -21153 13
135 180 m2 669627 -0.00279237586 0.5 p-1 -1919413 132
97 181 m2 671075 -0.00141130353 0.5 p-1 -72366 98
23 182 m2 671435 -0.00411666231 0.5 p-1 -384298 212
98 183 m2 675428 -0.0806074217 0.5 p-1 -451414 275
52 185 m2 683738 -0.0176885426 0.5 p-1 -3828701 230
99 187 m2 689082 -0.0275341589 0.5 p-1 -51960 64
53 189 m2 697194 -8.82230743e-05 0.5 p-1 -236483 53
24 190 m2 704673 -0.0114927087 0.5 p-1 -12224647 291
193 192 m2 709018 -0.00493902201 0.5 p-1 -92181 28
91 193 m2 733209 -0.0129608037 0.5 p-1 -10897878 749
100 195 m2 748863 -0.00255727326 0.5 p-1 -202076 58
137 196 m2 751635 -0.00454140967 0.5 p-1 -14648137 311
25 198 m2 757098 -1.29076852e-05 0.5 p-1 -3644542 281
211 199 m2 765133 -0.000148420484 0.5 p-1 -95290 28
26 200 m2 773893 -3.86977335e-05 0.5 p-1 -4701848 1045
128 201 m2 783108 -7.03734088e-07 0.5 p-1 -12998650 333
55 202 m2 784797 -0.000341874693 0.5 p-1 -188975 37
179 203 m2 788224 -0.0219940469 0.5 p-1 -19176 34
73 204 m2 789493 -0.00747166993 0.5 p-1 -1327016 276
145 205 m2 789698 -0.0232289825 0.5 p-1 -216508 159
150 207 m2 799143 -0.0106413886 0.5 p-1 -120910 23
124 209 m2 811041 -0.00684872409 0.5 p-1 -1293882 525
119 210 m2 811892 -5.96868313e-06 0.5 p-1 -3399639 590
169 212 m2 822507 -0.00841296464 0.5 p-1 -199939 109
74 213 m2 828029 -0.00544588966 0.5 p-1 -5034854 939
28 214 m2 836502 -0.000170152736 0.5 p-1 -11657742 1346
176 216 m2 839354 -0.0106090978 0.5 p-1 -147723 32
101 217 m2 840453 -3.98374941e-05 0.5 p-1 -164428 28
56 218 m2 841335 -0.00156968588 0.5 p-1 -1816190 541
146 220 m2 850189 -0.0103628049 0.5 p-1 -4798 12
29 221 m2 850443 -0.00820824876 0.5 p-1 -4126760 563
75 222 m2 851341 -4.83470285e-06 0.5 p-1 -1477397 1370
30 224 m2 861654 -0.00235953135 0.5 p-1 -774516 523
118 225 m2 869005 -0.00527449464 0.5 p-1 -87898 9
192 226 m2 870597 -0.00411492959 0.5 p-1 -4960 17
31 229 m2 881357 -0.00311751035 0.5 p-1 -2854064 732
58 231 m2 907201 -0.0797946826 0.5 p-1 -1304150 1208
59 232 m2 907431 -0.00181986776 0.5 p-1 -3212032 1250
203 233 m2 907617 -0.000378680124 0.5 p-1 -29265 16
170 236 m2 935938 -5.46327428e-05 0.5 p-1 -99065 67
189 237 m2 941363 -2.58799082e-06 0.5 p-1 -87071 27
32 238 m2 942380 -4.64333061e-05 0.5 p-1 -5108752 1235
70 239 m2 945934 -0.0166768525 0.5 p-1 -1336062 590
200 240 m2 959917 -0.00750246784 0.5 p-1 -1445 19
138 242 m2 965627 -0.0143688163 0.5 p-1 -342065 381
251 244 m2 966557 -0.000633661286 0.5 p-1 -89677 1
214 245 m2 973674 -9.44171552e-05 0.5 p-1 -26951 16
111 246 m2 981248 -2.64919581e-05 0.5 p-1 -554039 243
102 247 m2 989279 -0.0517229252 0.5 p-1 -1672136 318
120 248 m2 991612 -0.00187367958 0.5 p-1 -2821580 134
76 249 m2 993448 -0.00695863506 0.5 p-1 -544783 203
60 250 m2 996852 -0.00187238329 0.5 p-1 -854663 381
190 252 m2 117599 -0.0201024469 0.5 p0 2 13
239 264 m2 711795 -0.00168623391 0.5 p0 2 4
250 266 m2 54012 -0.00394084444 0.5 p0 2 1
216 278 m2 910936 -0.0328366011 0.5 p0 2 1
153 279 m2 548670 -4.78564107e-06 0.5 p0 2 10
165 283 m2 27219 -7.67102101e-05 0.5 p0 2 5
191 287 m2 536725 -5.49353754e-05 0.5 p0 2 16
229 288 m2 167386 -0.0424120985 0.5 p0 2 2
149 290 m2 486407 -0.000141623255 0.5 p0 2 9
242 295 m2 639282 -4.71446633e-08 0.5 p0 2 6
181 299 m2 717279 -0.000197640416 0.5 p0 2 4
33 306 m1 13544 0 0.5 p-1 -1307845 305
61 308 m1 15215 0 0.5 p-1 -34175 47
77 309 m1 28944 0 0.5 p-1 -163076 67
256 310 m1 51470 0 0.5 p-1 -16976 1
139 312 m1 63499 0 0.5 p-1 -842162 229
182 313 m1 63935 0 0.5 p-1 -65759 23
93 314 m1 67931 0 0.5 p-1 -4169247 502
113 315 m1 72689 0 0.5 p-1 -1029395 65
147 316 m1 84142 0 0.5 p-1 -875098 104
38 318 m1 127179 0 0.5 p-1 -6372235 1773
40 319 m1 133087 0 0.5 p-1 -9908909 982
244 322 m1 149626 0 0.5 p-1 -12785 2
43 323 m1 150600 0 0.5 p-1 -3095856 706
224 324 m1 159428 0 0.5 p-1 -302818 16
79 325 m1 163002 0 0.5 p-1 -67544 35
206 326 m1 170923 0 0.5 p-1 -8911 13
152 328 m1 203269 0 0.5 p-1 -5205 5
4 329 m1 203385 0 0.5 p-1 -8923973 1930
122 330 m1 209900 0 0.5 p-1 -1091456 244
131 331 m1 217391 0 0.5 p-1 -131021 73
243 333 m1 221665 0 0.5 p-1 -22149 4
234 335 m1 256251 0 0.5 p-1 -42066 16
45 336 m1 256492 0 0.5 p-1 -2680868 483
202 338 m1 269899 0 0.5 p-1 -3105 2
258 339 m1 285897 0 0.5 p-1 -2044 1
187 340 m1 293253 0 0.5 p-1 -31557 18
245 342 m1 324108 0 0.5 p-1 -110668 1
233 344 m1 356970 0 0.5 p-1 -43908 4
132 345 m1 360248 0 0.5 p-1 -20492 16
235 346 m1 373163 0 0.5 p-1 -9646 4
48 347 m1 394412 0 0.5 p-1 -1190916 718
188 349 m1 405396 0 0.5 p-1 -44442 24
15 350 m1 429927 0 0.5 p-1 -5637792 1326
89 352 m1 484761 0 0.5 p-1 -3734240 100
49 353 m1 488725 0 0.5 p-1 -1609842 661
194 355 m1 531837 0 0.5 p-1 -160838 30
116 357 m1 559658 0 0.5 p-1 -2160574 174
82 358 m1 562380 0 0.5 p-1 -167251 126
21 359 m1 563939 0 0.5 p-1 -222770 147
83 360 m1 565022 0 0.5 p-1 -11166704 763
105 361 m1 570545 0 0.5 p-1 -497563 187
226 363 m1 590721 0 0.5 p-1 -32526 7
215 365 m1 612190 0 0.5 p-1 -1993 10
178 366 m1 635574 0 0.5 p-1 -33841 11
158 367 m1 654919 0 0.5 p-1 -65699 12
51 368 m1 655069 0 0.5 p-1 -5940017 1418
172 369 m1 655874 0 0.5 p-1 -6076 26
163 371 m1 689198 0 0.5 p-1 -3336165 151
197 374 m1 726326 0 0.5 p-1 -4040581 18
107 375 m1 748116 0 0.5 p-1 -1660708 331
92 376 m1 753890 0 0.5 p-1 -161309 69
221 377 m1 768995 0 0.5 p-1 -1639 10
54 378 m1 781002 0 0.5 p-1 -3975919 1170
236 380 m1 791348 0 0.5 p-1 -6136 2
68 381 m1 793919 0 0.5 p-1 -1380959 121
136 382 m1 798894 0 0.5 p-1 -3218238 109
144 384 m1 826626 0 0.5 p-1 -123162 16
27 385 m1 826945 0 0.5 p-1 -5545992 1908
57 387 m1 870606 0 0.5 p-1 -2243607 1146
238 389 m1 879917 0 0.5 p-1 -16025 14
129 390 m1 883672 0 0.5 p-1 -2995809 742
142 391 m1 889446 0 0.5 p-1 -43031 11
69 392 m1 892539 0 0.5 p-1 -6094372 881
183 393 m1 917885 0 0.5 p-1 -2643 2
222 394 m1 918381 0 0.5 p-1 -248286 11
252 395 m1 922625 0 0.5 p-1 -13851 2
71 397 m1 996967 0 0.5 p-1 -126021 95
Individuals:
