Mutations:
68 0 m2 1784 -0.00376188429 0.5 p-1 -95444 77
218 1 m2 3805 -0.00123804982 0.5 p-1 -16112 6
135 2 m2 10504 -0.00415377738 0.5 p-1 -29201 17
87 3 m2 12000 -4.30143446e-05 0.5 p-1 -2007942 630
158 4 m2 18355 -2.25587773e-05 0.5 p-1 -63889 19
129 5 m2 18635 -0.116209738 0.5 p-1 -377518 105
88 6 m2 29027 -0.00049094815 0.5 p-1 -622852 422
0 7 m2 32431 -0.00105191988 0.5 p-1 -6633659 1884
1 8 m2 37252 -0.00722767413 0.5 p-1 -2790069 394
98 10 m2 40362 -0.0115250573 0.5 p-1 -1726216 135
211 11 m2 41506 -0.00600086758 0.5 p-1 -20733 10
260 12 m2 50330 -0.0133372582 0.5 p-1 -5635 6
286 13 m2 64386 -0.000506143086 0.5 p-1 -3146 3
2 14 m2 64920 -0.000390160887 0.5 p-1 -6113261 1390
69 15 m2 65923 -0.000621750019 0.5 p-1 -5524537 1048
137 16 m2 67398 -6.41197548e-05 0.5 p-1 -371346 80
281 19 m2 76118 -0.0240226164 0.5 p-1 -3890 12
104 20 m2 89852 -0.0041346103 0.5 p-1 -16158 10
112 22 m2 106846 -0.000102107202 0.5 p-1 -726585 410
35 23 m2 128045 -1.46970513e-06 0.5 p-1 -1126670 1081
315 24 m2 129823 -0.049579192 0.5 p-1 -11520 1
169 25 m2 130099 -0.00313492119 0.5 p-1 -96128 39
5 26 m2 137024 -0.000103343256 0.5 p-1 -1559245 1345
72 27 m2 139385 -0.000703748723 0.5 p-1 -2375662 498
222 28 m2 140558 -0.000292154786 0.5 p-1 -50512 2
73 29 m2 141437 -0.0045693079 0.5 p-1 -2356738 494
37 30 m2 144612 -0.0152274566 0.5 p-1 -7106509 758
113 31 m2 147060 -0.0796695426 0.5 p-1 -1269844 275
279 32 m2 148582 -0.0124478284 0.5 p-1 -16203 2
235 33 m2 148641 -6.49559806e-05 0.5 p-1 -72445 7
89 34 m2 150805 -4.12073359e-06 0.5 p-1 -2381016 131
202 35 m2 154974 -0.0114240684 0.5 p-1 -380902 7
114 36 m2 154988 -0.0102086738 0.5 p-1 -2817187 447
178 37 m2 156988 -0.00150105334 0.5 p-1 -110882 36
6 39 m2 161521 -0.0120836366 0.5 p-1 -3692605 1361
133 40 m2 170189 -0.00507685496 0.5 p-1 -88001 46
7 41 m2 170649 -0.0484165624 0.5 p-1 -5814157 542
266 42 m2 171160 -1.17168393e-05 0.5 p-1 -1046224 2
107 43 m2 171956 -0.0209244378 0.5 p-1 -790413 211
192 44 m2 172559 -0.0108240796 0.5 p-1 -79440 9
258 45 m2 172775 -1.4902057e-05 0.5 p-1 -100636 3
56 47 m2 181191 -0.0145579241 0.5 p-1 -3818299 907
57 48 m2 181340 -0.00246805092 0.5 p-1 -1191793 1096
231 49 m2 184211 -0.00889651012 0.5 p-1 -105096 14
38 50 m2 198254 -4.09247405e-05 0.5 p-1 -180095 133
183 52 m2 201629 -0.000428470667 0.5 p-1 -32109 7
239 53 m2 202984 -6.93170841e-06 0.5 p-1 -3683 1
9 54 m2 209137 -0.00799197517 0.5 p-1 -4529082 983
308 55 m2 209266 -0.016061062 0.5 p-1 -69897 1
267 56 m2 212751 -0.00181885529 0.5 p-1 -44911 4
93 58 m2 226051 -9.12221294e-05 0.5 p-1 -25628 19
138 59 m2 227394 -0.00299290032 0.5 p-1 -312515 153
74 60 m2 231654 -0.032613758 0.5 p-1 -2055407 411
58 61 m2 232458 -0.000316065096 0.5 p-1 -1233865 1255
10 63 m2 252648 -0.0165295061 0.5 p-1 -3759737 1422
39 64 m2 254268 -0.00249786023 0.5 p-1 -3184482 288
190 68 m2 264783 -5.38105414e-05 0.5 p-1 -1781 2
12 69 m2 265834 -0.00157048646 0.5 p-1 -3544421 1261
59 70 m2 273806 -0.00154286181 0.5 p-1 -3230867 983
94 71 m2 275093 -1.44391361e-05 0.5 p-1 -1969217 98
140 72 m2 275137 -0.0145332413 0.5 p-1 -131424 31
13 73 m2 278798 -0.00668193866 0.5 p-1 -1607281 240
91 75 m2 280069 -0.000459232542 0.5 p-1 -427569 135
208 76 m2 281062 -0.0186332017 0.5 p-1 -15600 8
198 77 m2 281965 -0.00794013776 0.5 p-1 -620861 68
40 78 m2 284355 -0.00736533012 0.5 p-1 -1258512 684
14 79 m2 287957 -0.00509102503 0.5 p-1 -1579756 923
122 80 m2 289472 -0.036242459 0.5 p-1 -737357 226
272 81 m2 293922 -0.00100406131 0.5 p-1 -17926 3
15 82 m2 293994 -0.00152931875 0.5 p-1 -3296443 1333
290 83 m2 295520 -0.02636021 0.5 p-1 -6360 4
41 84 m2 316336 -0.000415604212 0.5 p-1 -165161 58
269 85 m2 321648 -0.000226434437 0.5 p-1 -11191 6
108 86 m2 323993 -0.0147517873 0.5 p-1 -702303 396
242 87 m2 326135 -0.00039672674 0.5 p-1 -172689 11
159 88 m2 326214 -0.00152629009 0.5 p-1 -1531048 35
131 90 m2 328634 -0.00224823086 0.5 p-1 -175049 8
139 91 m2 333254 -0.00820268318 0.5 p-1 -734526 126
16 92 m2 337108 -0.0107673127 0.5 p-1 -7404197 1085
199 93 m2 337517 -0.00114168646 0.5 p-1 -4740 13
314 95 m2 342251 -0.000110024659 0.5 p-1 -4328 1
109 97 m2 348947 -0.000193689717 0.5 p-1 -7670984 275
17 98 m2 351451 -0.0134342546 0.5 p-1 -5672550 1305
233 99 m2 358126 -0.000483908545 0.5 p-1 -11589 8
92 100 m2 364063 -0.000819455425 0.5 p-1 -2768829 225
81 101 m2 365766 -0.0770608038 0.5 p-1 -1278999 431
170 102 m2 366881 -0.0123287616 0.5 p-1 -132357 138
196 103 m2 368186 -0.000131745619 0.5 p-1 -996138 21
177 105 m2 374462 -0.0216925871 0.5 p-1 -329422 99
205 107 m2 376866 -0.0150636192 0.5 p-1 -1833 3
166 108 m2 380657 -1.77282473e-05 0.5 p-1 -1288846 185
247 109 m2 385324 -0.000835285464 0.5 p-1 -61349 7
263 110 m2 385472 -0.00969035178 0.5 p-1 -21006 12
126 112 m2 396365 -0.00333755766 0.5 p-1 -2684075 59
18 115 m2 402773 -0.00204716413 0.5 p-1 -1873572 1568
42 116 m2 408260 -0.00721153431 0.5 p-1 -79279 82
156 117 m2 409599 -0.00107076124 0.5 p-1 -2009335 50
302 118 m2 410488 -0.0133841308 0.5 p-1 -1623 4
268 119 m2 410512 -0.0131890858 0.5 p-1 -88038 4
43 120 m2 411678 -0.0014885331 0.5 p-1 -2913765 571
115 121 m2 416418 -0.0355259962 0.5 p-1 -922597 290
255 122 m2 419035 -0.000685475417 0.5 p-1 -13491 4
225 124 m2 434171 -0.000734877074 0.5 p-1 -79054 7
20 125 m2 440555 -6.43496605e-05 0.5 p-1 -2008714 1382
148 126 m2 440600 -0.000762704469 0.5 p-1 -43909 56
44 127 m2 445158 -0.0040684226 0.5 p-1 -710324 201
60 128 m2 447635 -0.0106786909 0.5 p-1 -3823892 795
171 129 m2 448771 -1.31156241e-07 0.5 p-1 -78369 25
173 130 m2 449060 -0.0123414528 0.5 p-1 -43769 55
182 131 m2 465314 -0.000398047327 0.5 p-1 -23670 8
201 132 m2 468120 -9.38512585e-06 0.5 p-1 -21883 22
209 135 m2 491908 -0.000513100997 0.5 p-1 -6602 3
219 136 m2 493505 -0.00193407503 0.5 p-1 -102207 2
188 137 m2 493654 -0.0113639021 0.5 p-1 -78605 6
45 138 m2 497607 -0.00243959972 0.5 p-1 -1137881 801
21 139 m2 505971 -1.35212801e-07 0.5 p-1 -7338462 1814
61 140 m2 513950 -0.00025082659 0.5 p-1 -4000533 399
77 141 m2 518809 -0.0308463313 0.5 p-1 -561616 206
179 143 m2 522484 -0.00443725241 0.5 p-1 -14060 20
123 144 m2 528978 -0.000361010287 0.5 p-1 -4210735 733
116 146 m2 532755 -0.0125451917 0.5 p-1 -274923 133
153 147 m2 537490 -0.0027691992 0.5 p-1 -65158 3
265 148 m2 546616 -0.0102430368 0.5 p-1 -27287 2
99 149 m2 546749 -0.0224489458 0.5 p-1 -1005604 352
234 150 m2 551522 -0.0152800865 0.5 p-1 -101860 29
187 151 m2 565864 -0.021086935 0.5 p-1 -51921 19
117 153 m2 569763 -0.0564007126 0.5 p-1 -3526924 203
160 154 m2 570525 -0.00206689537 0.5 p-1 -212732 15
278 155 m2 574313 -0.00343609345 0.5 p-1 -2229 2
217 156 m2 575065 -0.000516380649 0.5 p-1 -2574 2
249 157 m2 582489 -0.000213201522 0.5 p-1 -42478 6
230 158 m2 587150 -2.69290504e-05 0.5 p-1 -30886 6
141 159 m2 596260 -0.000812625338 0.5 p-1 -371101 227
105 161 m2 596536 -0.0135053704 0.5 p-1 -241009 48
23 162 m2 598278 -0.0203983244 0.5 p-1 -4381204 1743
248 163 m2 611640 -0.0133949919 0.5 p-1 -1877 2
154 164 m2 628640 -0.0157646444 0.5 p-1 -72755 55
181 165 m2 630674 -0.000659676327 0.5 p-1 -201359 85
215 166 m2 636347 -0.00450866716 0.5 p-1 -101643 31
146 167 m2 640489 -0.00498476438 0.5 p-1 -2355 5
240 168 m2 642220 -0.000299209176 0.5 p-1 -297404 3
216 169 m2 642484 -0.017343659 0.5 p-1 -13283 5
186 170 m2 642591 -0.0699500144 0.5 p-1 -44981 35
162 171 m2 646056 -5.02848752e-06 0.5 p-1 -90550 11
175 172 m2 646203 -0.00164985878 0.5 p-1 -2214743 16
194 173 m2 647940 -0.00074654998 0.5 p-1 -128059 73
147 175 m2 657070 -0.00358529761 0.5 p-1 -192979 113
163 178 m2 665580 -0.00390136219 0.5 p-1 -41042 64
210 179 m2 665920 -0.0170050394 0.5 p-1 -21153 10
95 180 m2 669627 -0.00279237586 0.5 p-1 -1919413 160
161 181 m2 671075 -0.00141130353 0.5 p-1 -72366 92
83 182 m2 671435 -0.00411666231 0.5 p-1 -384298 235
127 183 m2 675428 -0.0806074217 0.5 p-1 -451414 218
176 184 m2 681445 -0.00678014616 0.5 p-1 -400844 2
101 185 m2 683738 -0.0176885426 0.5 p-1 -3828701 251
197 187 m2 689082 -0.0275341589 0.5 p-1 -51960 44
151 189 m2 697194 -8.82230743e-05 0.5 p-1 -236483 58
46 190 m2 704673 -0.0114927087 0.5 p-1 -12224647 238
191 191 m2 705940 -0.00254940195 0.5 p-1 -11234 7
130 192 m2 709018 -0.00493902201 0.5 p-1 -92181 16
78 193 m2 733209 -0.0129608037 0.5 p-1 -10897878 692
287 194 m2 734075 -0.00386257493 0.5 p-1 -3763 3
134 195 m2 748863 -0.00255727326 0.5 p-1 -202076 40
63 196 m2 751635 -0.00454140967 0.5 p-1 -14648137 371
103 198 m2 757098 -1.29076852e-05 0.5 p-1 -3644542 265
167 199 m2 765133 -0.000148420484 0.5 p-1 -95290 25
25 200 m2 773893 -3.86977335e-05 0.5 p-1 -4701848 1178
84 201 m2 783108 -7.03734088e-07 0.5 p-1 -12998650 278
152 202 m2 784797 -0.000341874693 0.5 p-1 -188975 18
157 203 m2 788224 -0.0219940469 0.5 p-1 -19176 9
47 204 m2 789493 -0.00747166993 0.5 p-1 -1327016 401
120 205 m2 789698 -0.0232289825 0.5 p-1 -216508 112
189 207 m2 799143 -0.0106413886 0.5 p-1 -120910 17
223 208 m2 805307 -0.000601282227 0.5 p-1 -9912 1
48 209 m2 811041 -0.00684872409 0.5 p-1 -1293882 625
49 210 m2 811892 -5.96868313e-06 0.5 p-1 -3399639 710
271 211 m2 820005 -0.00269338954 0.5 p-1 -15547 3
85 212 m2 822507 -0.00841296464 0.5 p-1 -199939 76
64 213 m2 828029 -0.00544588966 0.5 p-1 -5034854 859
28 214 m2 836502 -0.000170152736 0.5 p-1 -11657742 1419
184 216 m2 839354 -0.0106090978 0.5 p-1 -147723 31
172 217 m2 840453 -3.98374941e-05 0.5 p-1 -164428 80
50 218 m2 841335 -0.00156968588 0.5 p-1 -1816190 393
310 220 m2 850189 -0.0103628049 0.5 p-1 -4798 2
29 221 m2 850443 -0.00820824876 0.5 p-1 -4126760 544
30 222 m2 851341 -4.83470285e-06 0.5 p-1 -1477397 1354
65 224 m2 861654 -0.00235953135 0.5 p-1 -774516 506
110 225 m2 869005 -0.00527449464 0.5 p-1 -87898 25
245 226 m2 870597 -0.00411492959 0.5 p-1 -4960 2
226 227 m2 875667 -0.000112134163 0.5 p-1 -40430 4
301 228 m2 880341 -0.0134578785 0.5 p-1 -28083 3
86 229 m2 881357 -0.00311751035 0.5 p-1 -2854064 825
33 231 m2 907201 -0.0797946826 0.5 p-1 -1304150 1274
34 232 m2 907431 -0.00181986776 0.5 p-1 -3212032 1244
277 233 m2 907617 -0.000378680124 0.5 p-1 -29265 6
124 236 m2 935938 -5.46327428e-05 0.5 p-1 -99065 124
174 237 m2 941363 -2.58799082e-06 0.5 p-1 -87071 64
51 238 m2 942380 -4.64333061e-05 0.5 p-1 -5108752 1275
67 239 m2 945934 -0.0166768525 0.5 p-1 -1336062 697
273 240 m2 959917 -0.00750246784 0.5 p-1 -1445 4
79 242 m2 965627 -0.0143688163 0.5 p-1 -342065 379
246 243 m2 966052 -0.0222477335 0.5 p-1 -1503698 3
165 244 m2 966557 -0.000633661286 0.5 p-1 -89677 17
203 245 m2 973674 -9.44171552e-05 0.5 p-1 -26951 15
125 246 m2 981248 -2.64919581e-05 0.5 p-1 -554039 204
96 247 m2 989279 -0.0517229252 0.5 p-1 -1672136 356
52 248 m2 991612 -0.00187367958 0.5 p-1 -2821580 119
150 249 m2 993448 -0.00695863506 0.5 p-1 -544783 189
53 250 m2 996852 -0.00187238329 0.5 p-1 -854663 392
214 253 m2 633388 -0.00011478852 0.5 p0 2 1
311 255 m2 533981 -6.07611073e-05 0.5 p0 2 1
299 256 m2 705677 -0.0184683874 0.5 p0 2 2
262 257 m2 283170 -8.30487406e-05 0.5 p0 2 2
309 259 m2 674295 -0.00133234612 0.5 p0 2 1
254 261 m2 548179 -0.000194148684 0.5 p0 2 2
193 262 m2 241538 -5.77201354e-05 0.5 p0 2 1
253 263 m2 135490 -0.0054963748 0.5 p0 2 3
228 266 m2 54012 -0.00394084444 0.5 p0 2 2
307 273 m2 615913 -0.00247224909 0.5 p0 2 1
293 274 m2 544451 -0.00383191463 0.5 p0 2 1
274 277 m2 699947 -4.56157031e-05 0.5 p0 2 1
292 278 m2 910936 -0.0328366011 0.5 p0 2 3
250 279 m2 548670 -4.78564107e-06 0.5 p0 2 2
306 280 m2 637488 -0.00422363495 0.5 p0 2 1
313 283 m2 27219 -7.67102101e-05 0.5 p0 2 1
264 284 m2 27936 -0.0178030524 0.5 p0 2 1
289 285 m2 634913 -0.00514899893 0.5 p0 2 1
304 286 m2 229384 -0.00229963614 0.5 p0 2 1
298 288 m2 167386 -0.0424120985 0.5 p0 2 1
295 289 m2 135467 -0.000127262843 0.5 p0 2 1
305 292 m2 376056 -0.000363263156 0.5 p0 2 1
236 294 m2 469867 -0.0357050076 0.5 p0 2 2
312 296 m2 791148 -0.00501037203 0.5 p0 2 1
294 299 m2 717279 -0.000197640416 0.5 p0 2 1
232 301 m2 84070 -0.0114381528 0.5 p0 2 2
300 302 m2 72556 -0.00769237708 0.5 p0 2 1
257 303 m2 697275 -0.000314223784 0.5 p0 2 1
142 306 m1 13544 0 0.5 p-1 -1307845 218
54 307 m1 14679 0 0.5 p-1 -12546 11
155 308 m1 15215 0 0.5 p-1 -34175 38
97 309 m1 28944 0 0.5 p-1 -163076 61
145 310 m1 51470 0 0.5 p-1 -16976 6
168 311 m1 51689 0 0.5 p-1 -8669 5
80 312 m1 63499 0 0.5 p-1 -842162 258
136 313 m1 63935 0 0.5 p-1 -65759 37
3 314 m1 67931 0 0.5 p-1 -4169247 561
70 315 m1 72689 0 0.5 p-1 -1029395 44
71 316 m1 84142 0 0.5 p-1 -875098 117
4 318 m1 127179 0 0.5 p-1 -6372235 1757
36 319 m1 133087 0 0.5 p-1 -9908909 920
224 320 m1 139510 0 0.5 p-1 -45427 14
261 321 m1 142727 0 0.5 p-1 -310 3
275 322 m1 149626 0 0.5 p-1 -12785 4
55 323 m1 150600 0 0.5 p-1 -3095856 730
180 324 m1 159428 0 0.5 p-1 -302818 9
195 325 m1 163002 0 0.5 p-1 -67544 43
256 326 m1 170923 0 0.5 p-1 -8911 2
238 328 m1 203269 0 0.5 p-1 -5205 5
8 329 m1 203385 0 0.5 p-1 -8923973 1926
90 330 m1 209900 0 0.5 p-1 -1091456 218
128 331 m1 217391 0 0.5 p-1 -131021 72
291 332 m1 221220 0 0.5 p-1 -8313 2
206 333 m1 221665 0 0.5 p-1 -22149 6
121 335 m1 256251 0 0.5 p-1 -42066 19
11 336 m1 256492 0 0.5 p-1 -2680868 441
221 338 m1 269899 0 0.5 p-1 -3105 6
207 339 m1 285897 0 0.5 p-1 -2044 4
185 340 m1 293253 0 0.5 p-1 -31557 17
285 341 m1 316201 0 0.5 p-1 -4395 1
297 342 m1 324108 0 0.5 p-1 -110668 4
220 345 m1 360248 0 0.5 p-1 -20492 9
288 346 m1 373163 0 0.5 p-1 -9646 1
75 347 m1 394412 0 0.5 p-1 -1190916 807
284 348 m1 404213 0 0.5 p-1 -22407 9
212 349 m1 405396 0 0.5 p-1 -44442 18
19 350 m1 429927 0 0.5 p-1 -5637792 1398
76 352 m1 484761 0 0.5 p-1 -3734240 126
82 353 m1 488725 0 0.5 p-1 -1609842 545
251 354 m1 495979 0 0.5 p-1 -3612 4
149 355 m1 531837 0 0.5 p-1 -160838 23
296 356 m1 545518 0 0.5 p-1 -2195 3
132 357 m1 559658 0 0.5 p-1 -2160574 205
100 358 m1 562380 0 0.5 p-1 -167251 144
118 359 m1 563939 0 0.5 p-1 -222770 97
22 360 m1 565022 0 0.5 p-1 -11166704 815
119 361 m1 570545 0 0.5 p-1 -497563 236
143 363 m1 590721 0 0.5 p-1 -32526 11
280 364 m1 599426 0 0.5 p-1 -15610 5
283 365 m1 612190 0 0.5 p-1 -1993 6
241 366 m1 635574 0 0.5 p-1 -33841 11
259 367 m1 654919 0 0.5 p-1 -65699 8
62 368 m1 655069 0 0.5 p-1 -5940017 1449
227 369 m1 655874 0 0.5 p-1 -6076 11
276 370 m1 681689 0 0.5 p-1 -6680 3
102 371 m1 689198 0 0.5 p-1 -3336165 166
200 374 m1 726326 0 0.5 p-1 -4040581 26
24 375 m1 748116 0 0.5 p-1 -1660708 274
144 376 m1 753890 0 0.5 p-1 -161309 88
237 377 m1 768995 0 0.5 p-1 -1639 10
26 378 m1 781002 0 0.5 p-1 -3975919 1149
204 380 m1 791348 0 0.5 p-1 -6136 5
106 381 m1 793919 0 0.5 p-1 -1380959 122
164 382 m1 798894 0 0.5 p-1 -3218238 118
213 384 m1 826626 0 0.5 p-1 -123162 29
27 385 m1 826945 0 0.5 p-1 -5545992 1892
252 386 m1 846561 0 0.5 p-1 -33535 5
31 387 m1 870606 0 0.5 p-1 -2243607 1160
303 389 m1 879917 0 0.5 p-1 -16025 1
32 390 m1 883672 0 0.5 p-1 -2995809 822
243 391 m1 889446 0 0.5 p-1 -43031 3
66 392 m1 892539 0 0.5 p-1 -6094372 914
282 393 m1 917885 0 0.5 p-1 -2643 2
244 394 m1 918381 0 0.5 p-1 -248286 10
270 395 m1 922625 0 0.5 p-1 -13851 1
229 396 m1 966487 0 0.5 p-1 -670 3
111 397 m1 996967 0 0.5 p-1 -126021 57
Individuals:
