Mutations:
129 0 m2 1784 -0.00376188429 0.5 p-1 -95444 61
176 1 m2 3805 -0.00123804982 0.5 p-1 -16112 5
173 2 m2 10504 -0.00415377738 0.5 p-1 -29201 18
71 3 m2 12000 -4.30143446e-05 0.5 p-1 -2007942 542
177 4 m2 18355 -2.25587773e-05 0.5 p-1 -63889 26
72 5 m2 18635 -0.116209738 0.5 p-1 -377518 110
0 6 m2 29027 -0.00049094815 0.5 p-1 -622852 435
1 7 m2 32431 -0.00105191988 0.5 p-1 -6633659 1894
43 8 m2 37252 -0.00722767413 0.5 p-1 -2790069 419
98 10 m2 40362 -0.0115250573 0.5 p-1 -1726216 140
226 11 m2 41506 -0.00600086758 0.5 p-1 -20733 11
210 12 m2 50330 -0.0133372582 0.5 p-1 -5635 5
271 13 m2 64386 -0.000506143086 0.5 p-1 -3146 1
2 14 m2 64920 -0.000390160887 0.5 p-1 -6113261 1363
3 15 m2 65923 -0.000621750019 0.5 p-1 -5524537 987
152 16 m2 67398 -6.41197548e-05 0.5 p-1 -371346 78
258 19 m2 76118 -0.0240226164 0.5 p-1 -3890 11
257 20 m2 89852 -0.0041346103 0.5 p-1 -16158 13
5 22 m2 106846 -0.000102107202 0.5 p-1 -726585 372
7 23 m2 128045 -1.46970513e-06 0.5 p-1 -1126670 1120
8 25 m2 130099 -0.00313492119 0.5 p-1 -96128 45
10 26 m2 137024 -0.000103343256 0.5 p-1 -1559245 1391
45 27 m2 139385 -0.000703748723 0.5 p-1 -2375662 494
190 28 m2 140558 -0.000292154786 0.5 p-1 -50512 4
11 29 m2 141437 -0.0045693079 0.5 p-1 -2356738 517
12 30 m2 144612 -0.0152274566 0.5 p-1 -7106509 785
59 31 m2 147060 -0.0796695426 0.5 p-1 -1269844 290
166 32 m2 148582 -0.0124478284 0.5 p-1 -16203 2
219 33 m2 148641 -6.49559806e-05 0.5 p-1 -72445 7
93 34 m2 150805 -4.12073359e-06 0.5 p-1 -2381016 106
169 35 m2 154974 -0.0114240684 0.5 p-1 -380902 13
74 36 m2 154988 -0.0102086738 0.5 p-1 -2817187 440
165 37 m2 156988 -0.00150105334 0.5 p-1 -110882 33
46 39 m2 161521 -0.0120836366 0.5 p-1 -3692605 1347
111 40 m2 170189 -0.00507685496 0.5 p-1 -88001 42
105 41 m2 170649 -0.0484165624 0.5 p-1 -5814157 567
300 42 m2 171160 -1.17168393e-05 0.5 p-1 -1046224 1
84 43 m2 171956 -0.0209244378 0.5 p-1 -790413 183
194 44 m2 172559 -0.0108240796 0.5 p-1 -79440 9
294 45 m2 172775 -1.4902057e-05 0.5 p-1 -100636 6
13 47 m2 181191 -0.0145579241 0.5 p-1 -3818299 912
14 48 m2 181340 -0.00246805092 0.5 p-1 -1191793 1083
122 49 m2 184211 -0.00889651012 0.5 p-1 -105096 12
146 50 m2 198254 -4.09247405e-05 0.5 p-1 -180095 136
225 52 m2 201629 -0.000428470667 0.5 p-1 -32109 11
296 53 m2 202984 -6.93170841e-06 0.5 p-1 -3683 1
60 54 m2 209137 -0.00799197517 0.5 p-1 -4529082 1001
183 55 m2 209266 -0.016061062 0.5 p-1 -69897 6
255 56 m2 212751 -0.00181885529 0.5 p-1 -44911 2
256 57 m2 223881 -0.00639757235 0.5 p-1 -248065 2
195 58 m2 226051 -9.12221294e-05 0.5 p-1 -25628 17
134 59 m2 227394 -0.00299290032 0.5 p-1 -312515 145
61 60 m2 231654 -0.032613758 0.5 p-1 -2055407 376
47 61 m2 232458 -0.000316065096 0.5 p-1 -1233865 1271
62 63 m2 252648 -0.0165295061 0.5 p-1 -3759737 1412
16 64 m2 254268 -0.00249786023 0.5 p-1 -3184482 288
307 68 m2 264783 -5.38105414e-05 0.5 p-1 -1781 1
17 69 m2 265834 -0.00157048646 0.5 p-1 -3544421 1271
85 70 m2 273806 -0.00154286181 0.5 p-1 -3230867 971
99 71 m2 275093 -1.44391361e-05 0.5 p-1 -1969217 91
204 72 m2 275137 -0.0145332413 0.5 p-1 -131424 20
86 73 m2 278798 -0.00668193866 0.5 p-1 -1607281 245
95 75 m2 280069 -0.000459232542 0.5 p-1 -427569 148
182 76 m2 281062 -0.0186332017 0.5 p-1 -15600 9
130 77 m2 281965 -0.00794013776 0.5 p-1 -620861 79
18 78 m2 284355 -0.00736533012 0.5 p-1 -1258512 651
48 79 m2 287957 -0.00509102503 0.5 p-1 -1579756 936
106 80 m2 289472 -0.036242459 0.5 p-1 -737357 181
244 81 m2 293922 -0.00100406131 0.5 p-1 -17926 2
19 82 m2 293994 -0.00152931875 0.5 p-1 -3296443 1359
283 83 m2 295520 -0.02636021 0.5 p-1 -6360 2
144 84 m2 316336 -0.000415604212 0.5 p-1 -165161 63
261 85 m2 321648 -0.000226434437 0.5 p-1 -11191 5
138 86 m2 323993 -0.0147517873 0.5 p-1 -702303 388
208 87 m2 326135 -0.00039672674 0.5 p-1 -172689 16
178 88 m2 326214 -0.00152629009 0.5 p-1 -1531048 31
221 90 m2 328634 -0.00224823086 0.5 p-1 -175049 4
20 91 m2 333254 -0.00820268318 0.5 p-1 -734526 125
21 92 m2 337108 -0.0107673127 0.5 p-1 -7404197 1121
254 93 m2 337517 -0.00114168646 0.5 p-1 -4740 8
319 95 m2 342251 -0.000110024659 0.5 p-1 -4328 1
141 97 m2 348947 -0.000193689717 0.5 p-1 -7670984 292
49 98 m2 351451 -0.0134342546 0.5 p-1 -5672550 1323
238 99 m2 358126 -0.000483908545 0.5 p-1 -11589 11
96 100 m2 364063 -0.000819455425 0.5 p-1 -2768829 228
63 101 m2 365766 -0.0770608038 0.5 p-1 -1278999 471
142 102 m2 366881 -0.0123287616 0.5 p-1 -132357 125
211 103 m2 368186 -0.000131745619 0.5 p-1 -996138 30
167 105 m2 374462 -0.0216925871 0.5 p-1 -329422 92
311 107 m2 376866 -0.0150636192 0.5 p-1 -1833 2
116 108 m2 380657 -1.77282473e-05 0.5 p-1 -1288846 181
160 109 m2 385324 -0.000835285464 0.5 p-1 -61349 13
274 110 m2 385472 -0.00969035178 0.5 p-1 -21006 5
131 112 m2 396365 -0.00333755766 0.5 p-1 -2684075 66
273 114 m2 396842 -0.00486049196 0.5 p-1 -4211 5
22 115 m2 402773 -0.00204716413 0.5 p-1 -1873572 1617
75 116 m2 408260 -0.00721153431 0.5 p-1 -79279 95
123 117 m2 409599 -0.00107076124 0.5 p-1 -2009335 66
217 118 m2 410488 -0.0133841308 0.5 p-1 -1623 7
196 119 m2 410512 -0.0131890858 0.5 p-1 -88038 7
23 120 m2 411678 -0.0014885331 0.5 p-1 -2913765 599
87 121 m2 416418 -0.0355259962 0.5 p-1 -922597 249
175 122 m2 419035 -0.000685475417 0.5 p-1 -13491 5
280 124 m2 434171 -0.000734877074 0.5 p-1 -79054 5
25 125 m2 440555 -6.43496605e-05 0.5 p-1 -2008714 1362
179 126 m2 440600 -0.000762704469 0.5 p-1 -43909 46
88 127 m2 445158 -0.0040684226 0.5 p-1 -710324 211
76 128 m2 447635 -0.0106786909 0.5 p-1 -3823892 777
139 129 m2 448771 -1.31156241e-07 0.5 p-1 -78369 30
147 130 m2 449060 -0.0123414528 0.5 p-1 -43769 44
213 131 m2 465314 -0.000398047327 0.5 p-1 -23670 6
188 132 m2 468120 -9.38512585e-06 0.5 p-1 -21883 9
310 135 m2 491908 -0.000513100997 0.5 p-1 -6602 3
287 136 m2 493505 -0.00193407503 0.5 p-1 -102207 2
228 137 m2 493654 -0.0113639021 0.5 p-1 -78605 12
51 138 m2 497607 -0.00243959972 0.5 p-1 -1137881 803
26 139 m2 505971 -1.35212801e-07 0.5 p-1 -7338462 1796
64 140 m2 513950 -0.00025082659 0.5 p-1 -4000533 422
124 141 m2 518809 -0.0308463313 0.5 p-1 -561616 222
197 143 m2 522484 -0.00443725241 0.5 p-1 -14060 15
77 144 m2 528978 -0.000361010287 0.5 p-1 -4210735 671
132 146 m2 532755 -0.0125451917 0.5 p-1 -274923 127
304 147 m2 537490 -0.0027691992 0.5 p-1 -65158 1
248 148 m2 546616 -0.0102430368 0.5 p-1 -27287 7
78 149 m2 546749 -0.0224489458 0.5 p-1 -1005604 352
158 150 m2 551522 -0.0152800865 0.5 p-1 -101860 15
168 151 m2 565864 -0.021086935 0.5 p-1 -51921 8
28 153 m2 569763 -0.0564007126 0.5 p-1 -3526924 215
155 154 m2 570525 -0.00206689537 0.5 p-1 -212732 11
270 155 m2 574313 -0.00343609345 0.5 p-1 -2229 3
284 156 m2 575065 -0.000516380649 0.5 p-1 -2574 1
252 157 m2 582489 -0.000213201522 0.5 p-1 -42478 4
233 158 m2 587150 -2.69290504e-05 0.5 p-1 -30886 8
104 159 m2 596260 -0.000812625338 0.5 p-1 -371101 234
143 161 m2 596536 -0.0135053704 0.5 p-1 -241009 51
29 162 m2 598278 -0.0203983244 0.5 p-1 -4381204 1750
201 163 m2 611640 -0.0133949919 0.5 p-1 -1877 5
170 164 m2 628640 -0.0157646444 0.5 p-1 -72755 48
206 165 m2 630674 -0.000659676327 0.5 p-1 -201359 67
185 166 m2 636347 -0.00450866716 0.5 p-1 -101643 38
240 167 m2 640489 -0.00498476438 0.5 p-1 -2355 5
133 168 m2 642220 -0.000299209176 0.5 p-1 -297404 7
229 169 m2 642484 -0.017343659 0.5 p-1 -13283 7
126 170 m2 642591 -0.0699500144 0.5 p-1 -44981 34
205 171 m2 646056 -5.02848752e-06 0.5 p-1 -90550 6
52 172 m2 646203 -0.00164985878 0.5 p-1 -2214743 19
159 173 m2 647940 -0.00074654998 0.5 p-1 -128059 68
135 175 m2 657070 -0.00358529761 0.5 p-1 -192979 117
262 177 m2 662748 -0.0288454052 0.5 p-1 -31446 3
187 178 m2 665580 -0.00390136219 0.5 p-1 -41042 71
246 179 m2 665920 -0.0170050394 0.5 p-1 -21153 13
192 180 m2 669627 -0.00279237586 0.5 p-1 -1919413 175
89 181 m2 671075 -0.00141130353 0.5 p-1 -72366 83
53 182 m2 671435 -0.00411666231 0.5 p-1 -384298 262
79 183 m2 675428 -0.0806074217 0.5 p-1 -451414 224
65 185 m2 683738 -0.0176885426 0.5 p-1 -3828701 256
66 187 m2 689082 -0.0275341589 0.5 p-1 -51960 56
136 189 m2 697194 -8.82230743e-05 0.5 p-1 -236483 42
127 190 m2 704673 -0.0114927087 0.5 p-1 -12224647 267
264 191 m2 705940 -0.00254940195 0.5 p-1 -11234 5
140 192 m2 709018 -0.00493902201 0.5 p-1 -92181 19
67 193 m2 733209 -0.0129608037 0.5 p-1 -10897878 743
227 194 m2 734075 -0.00386257493 0.5 p-1 -3763 1
232 195 m2 748863 -0.00255727326 0.5 p-1 -202076 27
90 196 m2 751635 -0.00454140967 0.5 p-1 -14648137 325
113 198 m2 757098 -1.29076852e-05 0.5 p-1 -3644542 239
193 199 m2 765133 -0.000148420484 0.5 p-1 -95290 26
68 200 m2 773893 -3.86977335e-05 0.5 p-1 -4701848 1102
80 201 m2 783108 -7.03734088e-07 0.5 p-1 -12998650 294
162 202 m2 784797 -0.000341874693 0.5 p-1 -188975 20
184 203 m2 788224 -0.0219940469 0.5 p-1 -19176 10
81 204 m2 789493 -0.00747166993 0.5 p-1 -1327016 391
91 205 m2 789698 -0.0232289825 0.5 p-1 -216508 116
198 207 m2 799143 -0.0106413886 0.5 p-1 -120910 9
82 209 m2 811041 -0.00684872409 0.5 p-1 -1293882 619
83 210 m2 811892 -5.96868313e-06 0.5 p-1 -3399639 715
242 211 m2 820005 -0.00269338954 0.5 p-1 -15547 9
32 212 m2 822507 -0.00841296464 0.5 p-1 -199939 80
34 213 m2 828029 -0.00544588966 0.5 p-1 -5034854 861
35 214 m2 836502 -0.000170152736 0.5 p-1 -11657742 1432
157 216 m2 839354 -0.0106090978 0.5 p-1 -147723 32
150 217 m2 840453 -3.98374941e-05 0.5 p-1 -164428 73
36 218 m2 841335 -0.00156968588 0.5 p-1 -1816190 393
306 219 m2 850044 -0.000403351005 0.5 p-1 -2088 4
55 221 m2 850443 -0.00820824876 0.5 p-1 -4126760 551
37 222 m2 851341 -4.83470285e-06 0.5 p-1 -1477397 1365
56 224 m2 861654 -0.00235953135 0.5 p-1 -774516 479
189 225 m2 869005 -0.00527449464 0.5 p-1 -87898 22
309 226 m2 870597 -0.00411492959 0.5 p-1 -4960 1
263 227 m2 875667 -0.000112134163 0.5 p-1 -40430 1
269 228 m2 880341 -0.0134578785 0.5 p-1 -28083 3
70 229 m2 881357 -0.00311751035 0.5 p-1 -2854064 793
58 231 m2 907201 -0.0797946826 0.5 p-1 -1304150 1284
39 232 m2 907431 -0.00181986776 0.5 p-1 -3212032 1268
260 233 m2 907617 -0.000378680124 0.5 p-1 -29265 5
164 236 m2 935938 -5.46327428e-05 0.5 p-1 -99065 128
171 237 m2 941363 -2.58799082e-06 0.5 p-1 -87071 74
40 238 m2 942380 -4.64333061e-05 0.5 p-1 -5108752 1267
100 239 m2 945934 -0.0166768525 0.5 p-1 -1336062 722
295 240 m2 959917 -0.00750246784 0.5 p-1 -1445 2
128 242 m2 965627 -0.0143688163 0.5 p-1 -342065 390
181 244 m2 966557 -0.000633661286 0.5 p-1 -89677 26
234 245 m2 973674 -9.44171552e-05 0.5 p-1 -26951 16
41 246 m2 981248 -2.64919581e-05 0.5 p-1 -554039 226
97 247 m2 989279 -0.0517229252 0.5 p-1 -1672136 378
101 248 m2 991612 -0.00187367958 0.5 p-1 -2821580 104
121 249 m2 993448 -0.00695863506 0.5 p-1 -544783 191
102 250 m2 996852 -0.00187238329 0.5 p-1 -854663 350
302 255 m2 533981 -6.07611073e-05 0.5 p0 2 1
267 256 m2 705677 -0.0184683874 0.5 p0 2 3
318 257 m2 283170 -8.30487406e-05 0.5 p0 2 1
312 258 m2 557826 -0.00201113685 0.5 p0 2 1
200 259 m2 674295 -0.00133234612 0.5 p0 2 2
245 262 m2 241538 -5.77201354e-05 0.5 p0 2 2
268 263 m2 135490 -0.0054963748 0.5 p0 2 1
241 264 m2 711795 -0.00168623391 0.5 p0 2 1
161 265 m2 615046 -5.04348634e-07 0.5 p0 2 2
203 266 m2 54012 -0.00394084444 0.5 p0 2 1
316 270 m2 133432 -0.0112841856 0.5 p0 2 2
112 274 m2 544451 -0.00383191463 0.5 p0 2 2
250 275 m2 259270 -0.0162848979 0.5 p0 2 2
301 277 m2 699947 -4.56157031e-05 0.5 p0 2 1
212 280 m2 637488 -0.00422363495 0.5 p0 2 1
237 281 m2 472456 -0.00259265699 0.5 p0 2 2
291 283 m2 27219 -7.67102101e-05 0.5 p0 2 1
276 284 m2 27936 -0.0178030524 0.5 p0 2 1
251 286 m2 229384 -0.00229963614 0.5 p0 2 2
285 287 m2 536725 -5.49353754e-05 0.5 p0 2 1
290 290 m2 486407 -0.000141623255 0.5 p0 2 1
266 291 m2 432755 -0.0158289485 0.5 p0 2 2
317 293 m2 580120 -1.43908537e-05 0.5 p0 2 1
279 294 m2 469867 -0.0357050076 0.5 p0 2 2
289 295 m2 639282 -4.71446633e-08 0.5 p0 2 1
220 296 m2 791148 -0.00501037203 0.5 p0 2 4
313 299 m2 717279 -0.000197640416 0.5 p0 2 1
305 300 m2 153336 -0.0276141018 0.5 p0 2 1
288 301 m2 84070 -0.0114381528 0.5 p0 2 1
293 303 m2 697275 -0.000314223784 0.5 p0 2 1
292 304 m2 392867 -0.0941338539 0.5 p0 2 1
42 306 m1 13544 0 0.5 p-1 -1307845 247
231 307 m1 14679 0 0.5 p-1 -12546 11
149 308 m1 15215 0 0.5 p-1 -34175 27
174 309 m1 28944 0 0.5 p-1 -163076 58
207 310 m1 51470 0 0.5 p-1 -16976 3
299 311 m1 51689 0 0.5 p-1 -8669 3
92 312 m1 63499 0 0.5 p-1 -842162 265
151 313 m1 63935 0 0.5 p-1 -65759 37
44 314 m1 67931 0 0.5 p-1 -4169247 586
118 315 m1 72689 0 0.5 p-1 -1029395 55
4 316 m1 84142 0 0.5 p-1 -875098 129
6 318 m1 127179 0 0.5 p-1 -6372235 1779
9 319 m1 133087 0 0.5 p-1 -9908909 948
202 320 m1 139510 0 0.5 p-1 -45427 18
222 321 m1 142727 0 0.5 p-1 -310 3
303 322 m1 149626 0 0.5 p-1 -12785 2
73 323 m1 150600 0 0.5 p-1 -3095856 667
191 324 m1 159428 0 0.5 p-1 -302818 9
214 325 m1 163002 0 0.5 p-1 -67544 34
282 326 m1 170923 0 0.5 p-1 -8911 4
236 328 m1 203269 0 0.5 p-1 -5205 7
15 329 m1 203385 0 0.5 p-1 -8923973 1920
94 330 m1 209900 0 0.5 p-1 -1091456 220
209 331 m1 217391 0 0.5 p-1 -131021 49
278 332 m1 221220 0 0.5 p-1 -8313 2
277 333 m1 221665 0 0.5 p-1 -22149 3
186 335 m1 256251 0 0.5 p-1 -42066 13
103 336 m1 256492 0 0.5 p-1 -2680868 452
249 338 m1 269899 0 0.5 p-1 -3105 5
115 339 m1 285897 0 0.5 p-1 -2044 5
247 340 m1 293253 0 0.5 p-1 -31557 24
253 341 m1 316201 0 0.5 p-1 -4395 2
154 342 m1 324108 0 0.5 p-1 -110668 4
315 343 m1 355676 0 0.5 p-1 -38642 1
259 344 m1 356970 0 0.5 p-1 -43908 2
281 345 m1 360248 0 0.5 p-1 -20492 6
107 347 m1 394412 0 0.5 p-1 -1190916 819
223 348 m1 404213 0 0.5 p-1 -22407 4
180 349 m1 405396 0 0.5 p-1 -44442 26
24 350 m1 429927 0 0.5 p-1 -5637792 1400
108 352 m1 484761 0 0.5 p-1 -3734240 125
50 353 m1 488725 0 0.5 p-1 -1609842 504
216 354 m1 495979 0 0.5 p-1 -3612 2
153 355 m1 531837 0 0.5 p-1 -160838 31
314 356 m1 545518 0 0.5 p-1 -2195 1
119 357 m1 559658 0 0.5 p-1 -2160574 202
114 358 m1 562380 0 0.5 p-1 -167251 146
148 359 m1 563939 0 0.5 p-1 -222770 106
27 360 m1 565022 0 0.5 p-1 -11166704 868
109 361 m1 570545 0 0.5 p-1 -497563 240
224 363 m1 590721 0 0.5 p-1 -32526 9
297 364 m1 599426 0 0.5 p-1 -15610 2
218 365 m1 612190 0 0.5 p-1 -1993 7
230 366 m1 635574 0 0.5 p-1 -33841 10
235 367 m1 654919 0 0.5 p-1 -65699 15
30 368 m1 655069 0 0.5 p-1 -5940017 1424
243 369 m1 655874 0 0.5 p-1 -6076 14
120 371 m1 689198 0 0.5 p-1 -3336165 158
239 374 m1 726326 0 0.5 p-1 -4040581 21
31 375 m1 748116 0 0.5 p-1 -1660708 283
137 376 m1 753890 0 0.5 p-1 -161309 84
156 377 m1 768995 0 0.5 p-1 -1639 2
54 378 m1 781002 0 0.5 p-1 -3975919 1112
272 380 m1 791348 0 0.5 p-1 -6136 4
172 381 m1 793919 0 0.5 p-1 -1380959 118
117 382 m1 798894 0 0.5 p-1 -3218238 122
145 383 m1 821503 0 0.5 p-1 -37028 4
110 384 m1 826626 0 0.5 p-1 -123162 23
33 385 m1 826945 0 0.5 p-1 -5545992 1884
265 386 m1 846561 0 0.5 p-1 -33535 2
69 387 m1 870606 0 0.5 p-1 -2243607 1111
298 388 m1 876246 0 0.5 p-1 -472 1
286 389 m1 879917 0 0.5 p-1 -16025 1
38 390 m1 883672 0 0.5 p-1 -2995809 802
308 391 m1 889446 0 0.5 p-1 -43031 1
57 392 m1 892539 0 0.5 p-1 -6094372 938
215 393 m1 917885 0 0.5 p-1 -2643 4
199 394 m1 918381 0 0.5 p-1 -248286 10
163 395 m1 922625 0 0.5 p-1 -13851 4
275 396 m1 966487 0 0.5 p-1 -670 2
125 397 m1 996967 0 0.5 p-1 -126021 79
Individuals:
