Mutations:
175 0 m2 1784 -0.00376188429 0.5 p-1 -95444 50
208 2 m2 10504 -0.00415377738 0.5 p-1 -29201 25
100 3 m2 12000 -4.30143446e-05 0.5 p-1 -2007942 551
251 4 m2 18355 -2.25587773e-05 0.5 p-1 -63889 8
157 5 m2 18635 -0.116209738 0.5 p-1 -377518 74
80 6 m2 29027 -0.00049094815 0.5 p-1 -622852 404
0 7 m2 32431 -0.00105191988 0.5 p-1 -6633659 1896
1 8 m2 37252 -0.00722767413 0.5 p-1 -2790069 413
122 10 m2 40362 -0.0115250573 0.5 p-1 -1726216 161
143 11 m2 41506 -0.00600086758 0.5 p-1 -20733 36
205 12 m2 50330 -0.0133372582 0.5 p-1 -5635 8
282 13 m2 64386 -0.000506143086 0.5 p-1 -3146 1
2 14 m2 64920 -0.000390160887 0.5 p-1 -6113261 1342
3 15 m2 65923 -0.000621750019 0.5 p-1 -5524537 1014
179 16 m2 67398 -6.41197548e-05 0.5 p-1 -371346 64
187 19 m2 76118 -0.0240226164 0.5 p-1 -3890 16
134 20 m2 89852 -0.0041346103 0.5 p-1 -16158 9
63 22 m2 106846 -0.000102107202 0.5 p-1 -726585 416
41 23 m2 128045 -1.46970513e-06 0.5 p-1 -1126670 1119
139 25 m2 130099 -0.00313492119 0.5 p-1 -96128 35
7 26 m2 137024 -0.000103343256 0.5 p-1 -1559245 1291
81 27 m2 139385 -0.000703748723 0.5 p-1 -2375662 502
146 28 m2 140558 -0.000292154786 0.5 p-1 -50512 7
43 29 m2 141437 -0.0045693079 0.5 p-1 -2356738 490
65 30 m2 144612 -0.0152274566 0.5 p-1 -7106509 763
66 31 m2 147060 -0.0796695426 0.5 p-1 -1269844 268
226 32 m2 148582 -0.0124478284 0.5 p-1 -16203 2
293 33 m2 148641 -6.49559806e-05 0.5 p-1 -72445 1
192 34 m2 150805 -4.12073359e-06 0.5 p-1 -2381016 108
159 35 m2 154974 -0.0114240684 0.5 p-1 -380902 10
128 36 m2 154988 -0.0102086738 0.5 p-1 -2817187 431
110 37 m2 156988 -0.00150105334 0.5 p-1 -110882 38
67 39 m2 161521 -0.0120836366 0.5 p-1 -3692605 1402
91 40 m2 170189 -0.00507685496 0.5 p-1 -88001 72
8 41 m2 170649 -0.0484165624 0.5 p-1 -5814157 478
243 42 m2 171160 -1.17168393e-05 0.5 p-1 -1046224 1
140 43 m2 171956 -0.0209244378 0.5 p-1 -790413 192
147 44 m2 172559 -0.0108240796 0.5 p-1 -79440 13
240 45 m2 172775 -1.4902057e-05 0.5 p-1 -100636 3
9 47 m2 181191 -0.0145579241 0.5 p-1 -3818299 923
10 48 m2 181340 -0.00246805092 0.5 p-1 -1191793 1095
82 49 m2 184211 -0.00889651012 0.5 p-1 -105096 11
44 50 m2 198254 -4.09247405e-05 0.5 p-1 -180095 136
222 52 m2 201629 -0.000428470667 0.5 p-1 -32109 26
12 54 m2 209137 -0.00799197517 0.5 p-1 -4529082 1049
236 55 m2 209266 -0.016061062 0.5 p-1 -69897 7
232 56 m2 212751 -0.00181885529 0.5 p-1 -44911 8
288 57 m2 223881 -0.00639757235 0.5 p-1 -248065 4
182 58 m2 226051 -9.12221294e-05 0.5 p-1 -25628 27
92 59 m2 227394 -0.00299290032 0.5 p-1 -312515 114
45 60 m2 231654 -0.032613758 0.5 p-1 -2055407 420
46 61 m2 232458 -0.000316065096 0.5 p-1 -1233865 1321
13 63 m2 252648 -0.0165295061 0.5 p-1 -3759737 1473
123 64 m2 254268 -0.00249786023 0.5 p-1 -3184482 277
218 68 m2 264783 -5.38105414e-05 0.5 p-1 -1781 6
14 69 m2 265834 -0.00157048646 0.5 p-1 -3544421 1290
83 70 m2 273806 -0.00154286181 0.5 p-1 -3230867 966
135 71 m2 275093 -1.44391361e-05 0.5 p-1 -1969217 93
163 72 m2 275137 -0.0145332413 0.5 p-1 -131424 34
101 73 m2 278798 -0.00668193866 0.5 p-1 -1607281 305
152 75 m2 280069 -0.000459232542 0.5 p-1 -427569 143
234 76 m2 281062 -0.0186332017 0.5 p-1 -15600 3
168 77 m2 281965 -0.00794013776 0.5 p-1 -620861 49
15 78 m2 284355 -0.00736533012 0.5 p-1 -1258512 628
16 79 m2 287957 -0.00509102503 0.5 p-1 -1579756 919
84 80 m2 289472 -0.036242459 0.5 p-1 -737357 147
292 81 m2 293922 -0.00100406131 0.5 p-1 -17926 2
17 82 m2 293994 -0.00152931875 0.5 p-1 -3296443 1368
167 84 m2 316336 -0.000415604212 0.5 p-1 -165161 43
203 85 m2 321648 -0.000226434437 0.5 p-1 -11191 2
69 86 m2 323993 -0.0147517873 0.5 p-1 -702303 422
172 87 m2 326135 -0.00039672674 0.5 p-1 -172689 14
181 88 m2 326214 -0.00152629009 0.5 p-1 -1531048 13
102 90 m2 328634 -0.00224823086 0.5 p-1 -175049 9
107 91 m2 333254 -0.00820268318 0.5 p-1 -734526 139
18 92 m2 337108 -0.0107673127 0.5 p-1 -7404197 1078
188 93 m2 337517 -0.00114168646 0.5 p-1 -4740 9
70 97 m2 348947 -0.000193689717 0.5 p-1 -7670984 264
19 98 m2 351451 -0.0134342546 0.5 p-1 -5672550 1356
252 99 m2 358126 -0.000483908545 0.5 p-1 -11589 2
111 100 m2 364063 -0.000819455425 0.5 p-1 -2768829 209
20 101 m2 365766 -0.0770608038 0.5 p-1 -1278999 398
112 102 m2 366881 -0.0123287616 0.5 p-1 -132357 91
197 103 m2 368186 -0.000131745619 0.5 p-1 -996138 28
154 105 m2 374462 -0.0216925871 0.5 p-1 -329422 87
264 107 m2 376866 -0.0150636192 0.5 p-1 -1833 2
129 108 m2 380657 -1.77282473e-05 0.5 p-1 -1288846 148
216 109 m2 385324 -0.000835285464 0.5 p-1 -61349 11
248 110 m2 385472 -0.00969035178 0.5 p-1 -21006 3
189 112 m2 396365 -0.00333755766 0.5 p-1 -2684075 52
265 114 m2 396842 -0.00486049196 0.5 p-1 -4211 6
22 115 m2 402773 -0.00204716413 0.5 p-1 -1873572 1576
142 116 m2 408260 -0.00721153431 0.5 p-1 -79279 121
169 117 m2 409599 -0.00107076124 0.5 p-1 -2009335 89
217 118 m2 410488 -0.0133841308 0.5 p-1 -1623 10
249 119 m2 410512 -0.0131890858 0.5 p-1 -88038 8
113 120 m2 411678 -0.0014885331 0.5 p-1 -2913765 615
71 121 m2 416418 -0.0355259962 0.5 p-1 -922597 306
233 122 m2 419035 -0.000685475417 0.5 p-1 -13491 4
266 124 m2 434171 -0.000734877074 0.5 p-1 -79054 2
48 125 m2 440555 -6.43496605e-05 0.5 p-1 -2008714 1337
165 126 m2 440600 -0.000762704469 0.5 p-1 -43909 61
174 127 m2 445158 -0.0040684226 0.5 p-1 -710324 183
49 128 m2 447635 -0.0106786909 0.5 p-1 -3823892 737
176 129 m2 448771 -1.31156241e-07 0.5 p-1 -78369 23
190 130 m2 449060 -0.0123414528 0.5 p-1 -43769 43
155 131 m2 465314 -0.000398047327 0.5 p-1 -23670 17
191 132 m2 468120 -9.38512585e-06 0.5 p-1 -21883 16
254 136 m2 493505 -0.00193407503 0.5 p-1 -102207 1
253 137 m2 493654 -0.0113639021 0.5 p-1 -78605 2
23 138 m2 497607 -0.00243959972 0.5 p-1 -1137881 793
24 139 m2 505971 -1.35212801e-07 0.5 p-1 -7338462 1743
96 140 m2 513950 -0.00025082659 0.5 p-1 -4000533 367
124 141 m2 518809 -0.0308463313 0.5 p-1 -561616 195
193 143 m2 522484 -0.00443725241 0.5 p-1 -14060 24
73 144 m2 528978 -0.000361010287 0.5 p-1 -4210735 713
74 146 m2 532755 -0.0125451917 0.5 p-1 -274923 152
212 148 m2 546616 -0.0102430368 0.5 p-1 -27287 11
50 149 m2 546749 -0.0224489458 0.5 p-1 -1005604 299
75 150 m2 551522 -0.0152800865 0.5 p-1 -101860 12
225 151 m2 565864 -0.021086935 0.5 p-1 -51921 6
117 153 m2 569763 -0.0564007126 0.5 p-1 -3526924 218
263 154 m2 570525 -0.00206689537 0.5 p-1 -212732 1
160 156 m2 575065 -0.000516380649 0.5 p-1 -2574 2
281 158 m2 587150 -2.69290504e-05 0.5 p-1 -30886 2
85 159 m2 596260 -0.000812625338 0.5 p-1 -371101 246
153 161 m2 596536 -0.0135053704 0.5 p-1 -241009 33
25 162 m2 598278 -0.0203983244 0.5 p-1 -4381204 1697
297 163 m2 611640 -0.0133949919 0.5 p-1 -1877 1
125 164 m2 628640 -0.0157646444 0.5 p-1 -72755 52
52 165 m2 630674 -0.000659676327 0.5 p-1 -201359 102
184 166 m2 636347 -0.00450866716 0.5 p-1 -101643 41
244 167 m2 640489 -0.00498476438 0.5 p-1 -2355 1
256 168 m2 642220 -0.000299209176 0.5 p-1 -297404 2
279 169 m2 642484 -0.017343659 0.5 p-1 -13283 4
194 170 m2 642591 -0.0699500144 0.5 p-1 -44981 20
119 171 m2 646056 -5.02848752e-06 0.5 p-1 -90550 13
241 172 m2 646203 -0.00164985878 0.5 p-1 -2214743 23
104 173 m2 647940 -0.00074654998 0.5 p-1 -128059 50
77 175 m2 657070 -0.00358529761 0.5 p-1 -192979 83
280 177 m2 662748 -0.0288454052 0.5 p-1 -31446 1
93 178 m2 665580 -0.00390136219 0.5 p-1 -41042 68
54 179 m2 665920 -0.0170050394 0.5 p-1 -21153 8
161 180 m2 669627 -0.00279237586 0.5 p-1 -1919413 131
195 181 m2 671075 -0.00141130353 0.5 p-1 -72366 61
26 182 m2 671435 -0.00411666231 0.5 p-1 -384298 300
86 183 m2 675428 -0.0806074217 0.5 p-1 -451414 223
295 184 m2 681445 -0.00678014616 0.5 p-1 -400844 2
27 185 m2 683738 -0.0176885426 0.5 p-1 -3828701 230
126 187 m2 689082 -0.0275341589 0.5 p-1 -51960 29
166 189 m2 697194 -8.82230743e-05 0.5 p-1 -236483 66
94 190 m2 704673 -0.0114927087 0.5 p-1 -12224647 263
261 191 m2 705940 -0.00254940195 0.5 p-1 -11234 8
170 192 m2 709018 -0.00493902201 0.5 p-1 -92181 33
87 193 m2 733209 -0.0129608037 0.5 p-1 -10897878 767
223 194 m2 734075 -0.00386257493 0.5 p-1 -3763 4
173 195 m2 748863 -0.00255727326 0.5 p-1 -202076 35
120 196 m2 751635 -0.00454140967 0.5 p-1 -14648137 316
108 198 m2 757098 -1.29076852e-05 0.5 p-1 -3644542 304
215 199 m2 765133 -0.000148420484 0.5 p-1 -95290 19
55 200 m2 773893 -3.86977335e-05 0.5 p-1 -4701848 1177
56 201 m2 783108 -7.03734088e-07 0.5 p-1 -12998650 285
29 202 m2 784797 -0.000341874693 0.5 p-1 -188975 10
156 203 m2 788224 -0.0219940469 0.5 p-1 -19176 6
57 204 m2 789493 -0.00747166993 0.5 p-1 -1327016 407
95 205 m2 789698 -0.0232289825 0.5 p-1 -216508 100
267 207 m2 799143 -0.0106413886 0.5 p-1 -120910 7
246 208 m2 805307 -0.000601282227 0.5 p-1 -9912 4
31 209 m2 811041 -0.00684872409 0.5 p-1 -1293882 609
32 210 m2 811892 -5.96868313e-06 0.5 p-1 -3399639 721
258 211 m2 820005 -0.00269338954 0.5 p-1 -15547 4
180 212 m2 822507 -0.00841296464 0.5 p-1 -199939 95
58 213 m2 828029 -0.00544588966 0.5 p-1 -5034854 902
34 214 m2 836502 -0.000170152736 0.5 p-1 -11657742 1393
121 216 m2 839354 -0.0106090978 0.5 p-1 -147723 45
204 217 m2 840453 -3.98374941e-05 0.5 p-1 -164428 58
78 218 m2 841335 -0.00156968588 0.5 p-1 -1816190 391
201 219 m2 850044 -0.000403351005 0.5 p-1 -2088 3
283 220 m2 850189 -0.0103628049 0.5 p-1 -4798 1
35 221 m2 850443 -0.00820824876 0.5 p-1 -4126760 594
36 222 m2 851341 -4.83470285e-06 0.5 p-1 -1477397 1387
118 224 m2 861654 -0.00235953135 0.5 p-1 -774516 511
171 225 m2 869005 -0.00527449464 0.5 p-1 -87898 27
229 227 m2 875667 -0.000112134163 0.5 p-1 -40430 6
257 228 m2 880341 -0.0134578785 0.5 p-1 -28083 4
79 229 m2 881357 -0.00311751035 0.5 p-1 -2854064 855
59 231 m2 907201 -0.0797946826 0.5 p-1 -1304150 1309
60 232 m2 907431 -0.00181986776 0.5 p-1 -3212032 1250
178 233 m2 907617 -0.000378680124 0.5 p-1 -29265 11
145 236 m2 935938 -5.46327428e-05 0.5 p-1 -99065 126
98 237 m2 941363 -2.58799082e-06 0.5 p-1 -87071 69
61 238 m2 942380 -4.64333061e-05 0.5 p-1 -5108752 1218
62 239 m2 945934 -0.0166768525 0.5 p-1 -1336062 696
242 240 m2 959917 -0.00750246784 0.5 p-1 -1445 7
39 242 m2 965627 -0.0143688163 0.5 p-1 -342065 359
296 243 m2 966052 -0.0222477335 0.5 p-1 -1503698 1
224 244 m2 966557 -0.000633661286 0.5 p-1 -89677 16
207 245 m2 973674 -9.44171552e-05 0.5 p-1 -26951 18
105 246 m2 981248 -2.64919581e-05 0.5 p-1 -554039 238
99 247 m2 989279 -0.0517229252 0.5 p-1 -1672136 341
89 248 m2 991612 -0.00187367958 0.5 p-1 -2821580 76
115 249 m2 993448 -0.00695863506 0.5 p-1 -544783 233
151 250 m2 996852 -0.00187238329 0.5 p-1 -854663 299
198 252 m2 117599 -0.0201024469 0.5 p0 2 2
273 253 m2 633388 -0.00011478852 0.5 p0 2 5
284 255 m2 533981 -6.07611073e-05 0.5 p0 2 1
247 257 m2 283170 -8.30487406e-05 0.5 p0 2 3
235 259 m2 674295 -0.00133234612 0.5 p0 2 1
239 260 m2 307346 -0.00824166462 0.5 p0 2 2
228 261 m2 548179 -0.000194148684 0.5 p0 2 1
162 266 m2 54012 -0.00394084444 0.5 p0 2 7
277 267 m2 902274 -0.00372139039 0.5 p0 2 1
231 270 m2 133432 -0.0112841856 0.5 p0 2 3
209 271 m2 695457 -0.00773805892 0.5 p0 2 1
276 273 m2 615913 -0.00247224909 0.5 p0 2 2
214 274 m2 544451 -0.00383191463 0.5 p0 2 13
183 275 m2 259270 -0.0162848979 0.5 p0 2 12
149 279 m2 548670 -4.78564107e-06 0.5 p0 2 8
285 289 m2 135467 -0.000127262843 0.5 p0 2 1
200 291 m2 432755 -0.0158289485 0.5 p0 2 4
211 296 m2 791148 -0.00501037203 0.5 p0 2 5
245 298 m2 543977 -0.000228194782 0.5 p0 2 7
250 300 m2 153336 -0.0276141018 0.5 p0 2 3
238 304 m2 392867 -0.0941338539 0.5 p0 2 6
106 306 m1 13544 0 0.5 p-1 -1307845 263
186 307 m1 14679 0 0.5 p-1 -12546 2
138 308 m1 15215 0 0.5 p-1 -34175 53
131 309 m1 28944 0 0.5 p-1 -163076 80
177 310 m1 51470 0 0.5 p-1 -16976 15
290 311 m1 51689 0 0.5 p-1 -8669 1
109 312 m1 63499 0 0.5 p-1 -842162 230
227 313 m1 63935 0 0.5 p-1 -65759 21
40 314 m1 67931 0 0.5 p-1 -4169247 561
4 315 m1 72689 0 0.5 p-1 -1029395 91
5 316 m1 84142 0 0.5 p-1 -875098 124
6 318 m1 127179 0 0.5 p-1 -6372235 1720
42 319 m1 133087 0 0.5 p-1 -9908909 946
64 320 m1 139510 0 0.5 p-1 -45427 21
262 321 m1 142727 0 0.5 p-1 -310 2
271 322 m1 149626 0 0.5 p-1 -12785 1
90 323 m1 150600 0 0.5 p-1 -3095856 654
210 324 m1 159428 0 0.5 p-1 -302818 4
114 325 m1 163002 0 0.5 p-1 -67544 23
278 328 m1 203269 0 0.5 p-1 -5205 2
11 329 m1 203385 0 0.5 p-1 -8923973 1952
141 330 m1 209900 0 0.5 p-1 -1091456 262
132 331 m1 217391 0 0.5 p-1 -131021 99
294 333 m1 221665 0 0.5 p-1 -22149 3
219 335 m1 256251 0 0.5 p-1 -42066 18
68 336 m1 256492 0 0.5 p-1 -2680868 361
237 338 m1 269899 0 0.5 p-1 -3105 2
274 339 m1 285897 0 0.5 p-1 -2044 5
202 340 m1 293253 0 0.5 p-1 -31557 10
286 341 m1 316201 0 0.5 p-1 -4395 1
255 342 m1 324108 0 0.5 p-1 -110668 5
269 344 m1 356970 0 0.5 p-1 -43908 3
144 345 m1 360248 0 0.5 p-1 -20492 17
21 347 m1 394412 0 0.5 p-1 -1190916 805
133 348 m1 404213 0 0.5 p-1 -22407 10
164 349 m1 405396 0 0.5 p-1 -44442 19
47 350 m1 429927 0 0.5 p-1 -5637792 1315
268 351 m1 446667 0 0.5 p-1 -1072 2
103 352 m1 484761 0 0.5 p-1 -3734240 160
72 353 m1 488725 0 0.5 p-1 -1609842 551
196 355 m1 531837 0 0.5 p-1 -160838 29
259 356 m1 545518 0 0.5 p-1 -2195 2
136 357 m1 559658 0 0.5 p-1 -2160574 167
116 358 m1 562380 0 0.5 p-1 -167251 129
76 359 m1 563939 0 0.5 p-1 -222770 99
51 360 m1 565022 0 0.5 p-1 -11166704 787
97 361 m1 570545 0 0.5 p-1 -497563 174
270 363 m1 590721 0 0.5 p-1 -32526 1
275 364 m1 599426 0 0.5 p-1 -15610 3
260 365 m1 612190 0 0.5 p-1 -1993 5
272 366 m1 635574 0 0.5 p-1 -33841 9
213 367 m1 654919 0 0.5 p-1 -65699 4
53 368 m1 655069 0 0.5 p-1 -5940017 1414
221 369 m1 655874 0 0.5 p-1 -6076 3
150 371 m1 689198 0 0.5 p-1 -3336165 167
206 374 m1 726326 0 0.5 p-1 -4040581 18
127 375 m1 748116 0 0.5 p-1 -1660708 250
148 376 m1 753890 0 0.5 p-1 -161309 88
220 377 m1 768995 0 0.5 p-1 -1639 7
28 378 m1 781002 0 0.5 p-1 -3975919 1108
287 380 m1 791348 0 0.5 p-1 -6136 1
137 381 m1 793919 0 0.5 p-1 -1380959 105
30 382 m1 798894 0 0.5 p-1 -3218238 136
130 384 m1 826626 0 0.5 p-1 -123162 11
33 385 m1 826945 0 0.5 p-1 -5545992 1923
289 386 m1 846561 0 0.5 p-1 -33535 1
37 387 m1 870606 0 0.5 p-1 -2243607 1114
185 388 m1 876246 0 0.5 p-1 -472 6
291 389 m1 879917 0 0.5 p-1 -16025 2
38 390 m1 883672 0 0.5 p-1 -2995809 794
230 391 m1 889446 0 0.5 p-1 -43031 11
88 392 m1 892539 0 0.5 p-1 -6094372 975
158 394 m1 918381 0 0.5 p-1 -248286 10
199 397 m1 996967 0 0.5 p-1 -126021 50
Individuals:
