Mutations:
171 0 m2 1784 -0.00376188429 0.5 p-1 -95444 92
182 2 m2 10504 -0.00415377738 0.5 p-1 -29201 45
0 3 m2 12000 -4.30143446e-05 0.5 p-1 -2007942 681
108 5 m2 18635 -0.116209738 0.5 p-1 -377518 136
101 6 m2 29027 -0.00049094815 0.5 p-1 -622852 336
1 7 m2 32431 -0.00105191988 0.5 p-1 -6633659 1891
85 8 m2 37252 -0.00722767413 0.5 p-1 -2790069 432
183 10 m2 40362 -0.0115250573 0.5 p-1 -1726216 97
125 11 m2 41506 -0.00600086758 0.5 p-1 -20733 26
219 13 m2 64386 -0.000506143086 0.5 p-1 -3146 1
38 14 m2 64920 -0.000390160887 0.5 p-1 -6113261 1386
74 15 m2 65923 -0.000621750019 0.5 p-1 -5524537 929
39 16 m2 67398 -6.41197548e-05 0.5 p-1 -371346 98
222 19 m2 76118 -0.0240226164 0.5 p-1 -3890 9
225 20 m2 89852 -0.0041346103 0.5 p-1 -16158 7
76 22 m2 106846 -0.000102107202 0.5 p-1 -726585 494
41 23 m2 128045 -1.46970513e-06 0.5 p-1 -1126670 1151
179 25 m2 130099 -0.00313492119 0.5 p-1 -96128 54
4 26 m2 137024 -0.000103343256 0.5 p-1 -1559245 1501
92 27 m2 139385 -0.000703748723 0.5 p-1 -2375662 437
252 28 m2 140558 -0.000292154786 0.5 p-1 -50512 1
77 29 m2 141437 -0.0045693079 0.5 p-1 -2356738 527
42 30 m2 144612 -0.0152274566 0.5 p-1 -7106509 778
109 31 m2 147060 -0.0796695426 0.5 p-1 -1269844 167
258 32 m2 148582 -0.0124478284 0.5 p-1 -16203 2
110 34 m2 150805 -4.12073359e-06 0.5 p-1 -2381016 159
213 35 m2 154974 -0.0114240684 0.5 p-1 -380902 19
115 36 m2 154988 -0.0102086738 0.5 p-1 -2817187 330
160 37 m2 156988 -0.00150105334 0.5 p-1 -110882 19
60 39 m2 161521 -0.0120836366 0.5 p-1 -3692605 1421
61 40 m2 170189 -0.00507685496 0.5 p-1 -88001 62
43 41 m2 170649 -0.0484165624 0.5 p-1 -5814157 482
177 42 m2 171160 -1.17168393e-05 0.5 p-1 -1046224 14
86 43 m2 171956 -0.0209244378 0.5 p-1 -790413 122
156 44 m2 172559 -0.0108240796 0.5 p-1 -79440 10
6 47 m2 181191 -0.0145579241 0.5 p-1 -3818299 850
7 48 m2 181340 -0.00246805092 0.5 p-1 -1191793 1114
173 49 m2 184211 -0.00889651012 0.5 p-1 -105096 19
62 50 m2 198254 -4.09247405e-05 0.5 p-1 -180095 148
249 52 m2 201629 -0.000428470667 0.5 p-1 -32109 3
63 54 m2 209137 -0.00799197517 0.5 p-1 -4529082 889
214 55 m2 209266 -0.016061062 0.5 p-1 -69897 18
128 57 m2 223881 -0.00639757235 0.5 p-1 -248065 7
151 58 m2 226051 -9.12221294e-05 0.5 p-1 -25628 19
142 59 m2 227394 -0.00299290032 0.5 p-1 -312515 128
102 60 m2 231654 -0.032613758 0.5 p-1 -2055407 380
8 61 m2 232458 -0.000316065096 0.5 p-1 -1233865 1256
45 63 m2 252648 -0.0165295061 0.5 p-1 -3759737 1374
78 64 m2 254268 -0.00249786023 0.5 p-1 -3184482 282
64 68 m2 264783 -5.38105414e-05 0.5 p-1 -1781 9
46 69 m2 265834 -0.00157048646 0.5 p-1 -3544421 1352
9 70 m2 273806 -0.00154286181 0.5 p-1 -3230867 1013
47 71 m2 275093 -1.44391361e-05 0.5 p-1 -1969217 163
48 72 m2 275137 -0.0145332413 0.5 p-1 -131424 59
49 73 m2 278798 -0.00668193866 0.5 p-1 -1607281 242
136 75 m2 280069 -0.000459232542 0.5 p-1 -427569 187
230 76 m2 281062 -0.0186332017 0.5 p-1 -15600 10
134 77 m2 281965 -0.00794013776 0.5 p-1 -620861 66
50 78 m2 284355 -0.00736533012 0.5 p-1 -1258512 672
79 79 m2 287957 -0.00509102503 0.5 p-1 -1579756 918
116 80 m2 289472 -0.036242459 0.5 p-1 -737357 167
192 81 m2 293922 -0.00100406131 0.5 p-1 -17926 13
10 82 m2 293994 -0.00152931875 0.5 p-1 -3296443 1333
209 84 m2 316336 -0.000415604212 0.5 p-1 -165161 38
120 86 m2 323993 -0.0147517873 0.5 p-1 -702303 395
143 88 m2 326214 -0.00152629009 0.5 p-1 -1531048 38
167 91 m2 333254 -0.00820268318 0.5 p-1 -734526 74
51 92 m2 337108 -0.0107673127 0.5 p-1 -7404197 1090
201 93 m2 337517 -0.00114168646 0.5 p-1 -4740 29
233 95 m2 342251 -0.000110024659 0.5 p-1 -4328 3
11 97 m2 348947 -0.000193689717 0.5 p-1 -7670984 361
12 98 m2 351451 -0.0134342546 0.5 p-1 -5672550 1247
137 100 m2 364063 -0.000819455425 0.5 p-1 -2768829 163
65 101 m2 365766 -0.0770608038 0.5 p-1 -1278999 411
163 102 m2 366881 -0.0123287616 0.5 p-1 -132357 118
193 103 m2 368186 -0.000131745619 0.5 p-1 -996138 29
66 105 m2 374462 -0.0216925871 0.5 p-1 -329422 145
133 108 m2 380657 -1.77282473e-05 0.5 p-1 -1288846 141
243 109 m2 385324 -0.000835285464 0.5 p-1 -61349 3
218 110 m2 385472 -0.00969035178 0.5 p-1 -21006 9
194 112 m2 396365 -0.00333755766 0.5 p-1 -2684075 61
13 115 m2 402773 -0.00204716413 0.5 p-1 -1873572 1648
131 116 m2 408260 -0.00721153431 0.5 p-1 -79279 98
145 117 m2 409599 -0.00107076124 0.5 p-1 -2009335 79
176 118 m2 410488 -0.0133841308 0.5 p-1 -1623 11
257 119 m2 410512 -0.0131890858 0.5 p-1 -88038 1
14 120 m2 411678 -0.0014885331 0.5 p-1 -2913765 648
15 121 m2 416418 -0.0355259962 0.5 p-1 -922597 258
265 122 m2 419035 -0.000685475417 0.5 p-1 -13491 1
235 124 m2 434171 -0.000734877074 0.5 p-1 -79054 2
17 125 m2 440555 -6.43496605e-05 0.5 p-1 -2008714 1387
168 126 m2 440600 -0.000762704469 0.5 p-1 -43909 75
121 127 m2 445158 -0.0040684226 0.5 p-1 -710324 188
18 128 m2 447635 -0.0106786909 0.5 p-1 -3823892 847
141 129 m2 448771 -1.31156241e-07 0.5 p-1 -78369 27
67 130 m2 449060 -0.0123414528 0.5 p-1 -43769 115
186 131 m2 465314 -0.000398047327 0.5 p-1 -23670 16
159 132 m2 468120 -9.38512585e-06 0.5 p-1 -21883 14
255 137 m2 493654 -0.0113639021 0.5 p-1 -78605 1
19 138 m2 497607 -0.00243959972 0.5 p-1 -1137881 958
20 139 m2 505971 -1.35212801e-07 0.5 p-1 -7338462 1831
80 140 m2 513950 -0.00025082659 0.5 p-1 -4000533 505
117 141 m2 518809 -0.0308463313 0.5 p-1 -561616 230
139 143 m2 522484 -0.00443725241 0.5 p-1 -14060 23
68 144 m2 528978 -0.000361010287 0.5 p-1 -4210735 748
118 146 m2 532755 -0.0125451917 0.5 p-1 -274923 119
196 148 m2 546616 -0.0102430368 0.5 p-1 -27287 12
81 149 m2 546749 -0.0224489458 0.5 p-1 -1005604 328
211 150 m2 551522 -0.0152800865 0.5 p-1 -101860 22
195 151 m2 565864 -0.021086935 0.5 p-1 -51921 11
69 153 m2 569763 -0.0564007126 0.5 p-1 -3526924 150
237 154 m2 570525 -0.00206689537 0.5 p-1 -212732 1
204 157 m2 582489 -0.000213201522 0.5 p-1 -42478 4
208 158 m2 587150 -2.69290504e-05 0.5 p-1 -30886 7
124 159 m2 596260 -0.000812625338 0.5 p-1 -371101 216
185 161 m2 596536 -0.0135053704 0.5 p-1 -241009 44
21 162 m2 598278 -0.0203983244 0.5 p-1 -4381204 1735
250 163 m2 611640 -0.0133949919 0.5 p-1 -1877 3
97 164 m2 628640 -0.0157646444 0.5 p-1 -72755 63
144 165 m2 630674 -0.000659676327 0.5 p-1 -201359 94
164 166 m2 636347 -0.00450866716 0.5 p-1 -101643 73
180 168 m2 642220 -0.000299209176 0.5 p-1 -297404 3
172 170 m2 642591 -0.0699500144 0.5 p-1 -44981 38
175 171 m2 646056 -5.02848752e-06 0.5 p-1 -90550 13
199 172 m2 646203 -0.00164985878 0.5 p-1 -2214743 11
53 173 m2 647940 -0.00074654998 0.5 p-1 -128059 69
152 175 m2 657070 -0.00358529761 0.5 p-1 -192979 130
150 177 m2 662748 -0.0288454052 0.5 p-1 -31446 6
138 178 m2 665580 -0.00390136219 0.5 p-1 -41042 58
181 179 m2 665920 -0.0170050394 0.5 p-1 -21153 3
54 180 m2 669627 -0.00279237586 0.5 p-1 -1919413 120
122 181 m2 671075 -0.00141130353 0.5 p-1 -72366 51
98 182 m2 671435 -0.00411666231 0.5 p-1 -384298 314
88 183 m2 675428 -0.0806074217 0.5 p-1 -451414 198
23 185 m2 683738 -0.0176885426 0.5 p-1 -3828701 223
24 187 m2 689082 -0.0275341589 0.5 p-1 -51960 55
153 189 m2 697194 -8.82230743e-05 0.5 p-1 -236483 58
112 190 m2 704673 -0.0114927087 0.5 p-1 -12224647 350
205 192 m2 709018 -0.00493902201 0.5 p-1 -92181 14
89 193 m2 733209 -0.0129608037 0.5 p-1 -10897878 675
169 194 m2 734075 -0.00386257493 0.5 p-1 -3763 2
105 195 m2 748863 -0.00255727326 0.5 p-1 -202076 60
99 196 m2 751635 -0.00454140967 0.5 p-1 -14648137 294
26 198 m2 757098 -1.29076852e-05 0.5 p-1 -3644542 270
132 199 m2 765133 -0.000148420484 0.5 p-1 -95290 67
27 200 m2 773893 -3.86977335e-05 0.5 p-1 -4701848 1209
106 201 m2 783108 -7.03734088e-07 0.5 p-1 -12998650 233
147 202 m2 784797 -0.000341874693 0.5 p-1 -188975 23
200 203 m2 788224 -0.0219940469 0.5 p-1 -19176 10
95 204 m2 789493 -0.00747166993 0.5 p-1 -1327016 289
82 205 m2 789698 -0.0232289825 0.5 p-1 -216508 153
162 207 m2 799143 -0.0106413886 0.5 p-1 -120910 16
55 209 m2 811041 -0.00684872409 0.5 p-1 -1293882 642
90 210 m2 811892 -5.96868313e-06 0.5 p-1 -3399639 668
223 211 m2 820005 -0.00269338954 0.5 p-1 -15547 9
158 212 m2 822507 -0.00841296464 0.5 p-1 -199939 91
30 213 m2 828029 -0.00544588966 0.5 p-1 -5034854 820
56 214 m2 836502 -0.000170152736 0.5 p-1 -11657742 1442
206 216 m2 839354 -0.0106090978 0.5 p-1 -147723 24
100 217 m2 840453 -3.98374941e-05 0.5 p-1 -164428 90
70 218 m2 841335 -0.00156968588 0.5 p-1 -1816190 391
31 221 m2 850443 -0.00820824876 0.5 p-1 -4126760 617
57 222 m2 851341 -4.83470285e-06 0.5 p-1 -1477397 1254
83 224 m2 861654 -0.00235953135 0.5 p-1 -774516 531
197 225 m2 869005 -0.00527449464 0.5 p-1 -87898 31
239 228 m2 880341 -0.0134578785 0.5 p-1 -28083 2
71 229 m2 881357 -0.00311751035 0.5 p-1 -2854064 781
34 231 m2 907201 -0.0797946826 0.5 p-1 -1304150 1271
35 232 m2 907431 -0.00181986776 0.5 p-1 -3212032 1255
178 236 m2 935938 -5.46327428e-05 0.5 p-1 -99065 157
184 237 m2 941363 -2.58799082e-06 0.5 p-1 -87071 44
91 238 m2 942380 -4.64333061e-05 0.5 p-1 -5108752 1132
113 239 m2 945934 -0.0166768525 0.5 p-1 -1336062 705
127 242 m2 965627 -0.0143688163 0.5 p-1 -342065 349
228 243 m2 966052 -0.0222477335 0.5 p-1 -1503698 2
261 244 m2 966557 -0.000633661286 0.5 p-1 -89677 1
188 245 m2 973674 -9.44171552e-05 0.5 p-1 -26951 19
149 246 m2 981248 -2.64919581e-05 0.5 p-1 -554039 171
58 247 m2 989279 -0.0517229252 0.5 p-1 -1672136 285
72 248 m2 991612 -0.00187367958 0.5 p-1 -2821580 112
140 249 m2 993448 -0.00695863506 0.5 p-1 -544783 143
73 250 m2 996852 -0.00187238329 0.5 p-1 -854663 293
251 257 m2 283170 -8.30487406e-05 0.5 p0 2 2
146 259 m2 674295 -0.00133234612 0.5 p0 2 4
262 264 m2 711795 -0.00168623391 0.5 p0 2 2
264 266 m2 54012 -0.00394084444 0.5 p0 2 1
263 267 m2 902274 -0.00372139039 0.5 p0 2 1
242 270 m2 133432 -0.0112841856 0.5 p0 2 2
212 273 m2 615913 -0.00247224909 0.5 p0 2 13
232 284 m2 27936 -0.0178030524 0.5 p0 2 3
157 287 m2 536725 -5.49353754e-05 0.5 p0 2 10
241 292 m2 376056 -0.000363263156 0.5 p0 2 1
227 299 m2 717279 -0.000197640416 0.5 p0 2 2
202 300 m2 153336 -0.0276141018 0.5 p0 2 11
2 302 m2 72556 -0.00769237708 0.5 p0 2 23
259 303 m2 697275 -0.000314223784 0.5 p0 2 2
247 304 m2 392867 -0.0941338539 0.5 p0 2 1
96 306 m1 13544 0 0.5 p-1 -1307845 213
165 307 m1 14679 0 0.5 p-1 -12546 29
187 308 m1 15215 0 0.5 p-1 -34175 40
130 309 m1 28944 0 0.5 p-1 -163076 62
236 310 m1 51470 0 0.5 p-1 -16976 1
36 312 m1 63499 0 0.5 p-1 -842162 307
37 313 m1 63935 0 0.5 p-1 -65759 88
40 314 m1 67931 0 0.5 p-1 -4169247 608
135 315 m1 72689 0 0.5 p-1 -1029395 104
75 316 m1 84142 0 0.5 p-1 -875098 177
3 318 m1 127179 0 0.5 p-1 -6372235 1778
59 319 m1 133087 0 0.5 p-1 -9908909 898
154 320 m1 139510 0 0.5 p-1 -45427 10
229 322 m1 149626 0 0.5 p-1 -12785 4
5 323 m1 150600 0 0.5 p-1 -3095856 615
216 324 m1 159428 0 0.5 p-1 -302818 4
119 325 m1 163002 0 0.5 p-1 -67544 64
253 326 m1 170923 0 0.5 p-1 -8911 2
191 328 m1 203269 0 0.5 p-1 -5205 19
44 329 m1 203385 0 0.5 p-1 -8923973 1855
114 330 m1 209900 0 0.5 p-1 -1091456 228
126 331 m1 217391 0 0.5 p-1 -131021 96
244 332 m1 221220 0 0.5 p-1 -8313 3
246 333 m1 221665 0 0.5 p-1 -22149 3
215 335 m1 256251 0 0.5 p-1 -42066 37
111 336 m1 256492 0 0.5 p-1 -2680868 433
224 340 m1 293253 0 0.5 p-1 -31557 18
174 342 m1 324108 0 0.5 p-1 -110668 3
260 343 m1 355676 0 0.5 p-1 -38642 1
238 345 m1 360248 0 0.5 p-1 -20492 7
52 347 m1 394412 0 0.5 p-1 -1190916 857
256 348 m1 404213 0 0.5 p-1 -22407 2
221 349 m1 405396 0 0.5 p-1 -44442 13
16 350 m1 429927 0 0.5 p-1 -5637792 1436
129 352 m1 484761 0 0.5 p-1 -3734240 146
103 353 m1 488725 0 0.5 p-1 -1609842 549
189 355 m1 531837 0 0.5 p-1 -160838 20
245 356 m1 545518 0 0.5 p-1 -2195 3
93 357 m1 559658 0 0.5 p-1 -2160574 215
94 358 m1 562380 0 0.5 p-1 -167251 213
123 359 m1 563939 0 0.5 p-1 -222770 88
87 360 m1 565022 0 0.5 p-1 -11166704 814
104 361 m1 570545 0 0.5 p-1 -497563 265
203 363 m1 590721 0 0.5 p-1 -32526 8
254 364 m1 599426 0 0.5 p-1 -15610 3
198 365 m1 612190 0 0.5 p-1 -1993 7
220 366 m1 635574 0 0.5 p-1 -33841 12
217 367 m1 654919 0 0.5 p-1 -65699 7
22 368 m1 655069 0 0.5 p-1 -5940017 1445
231 369 m1 655874 0 0.5 p-1 -6076 2
190 370 m1 681689 0 0.5 p-1 -6680 12
155 371 m1 689198 0 0.5 p-1 -3336165 113
234 374 m1 726326 0 0.5 p-1 -4040581 8
25 375 m1 748116 0 0.5 p-1 -1660708 328
161 376 m1 753890 0 0.5 p-1 -161309 59
28 378 m1 781002 0 0.5 p-1 -3975919 1107
226 380 m1 791348 0 0.5 p-1 -6136 6
148 381 m1 793919 0 0.5 p-1 -1380959 76
107 382 m1 798894 0 0.5 p-1 -3218238 126
207 384 m1 826626 0 0.5 p-1 -123162 16
29 385 m1 826945 0 0.5 p-1 -5545992 1885
32 387 m1 870606 0 0.5 p-1 -2243607 1161
210 388 m1 876246 0 0.5 p-1 -472 7
84 390 m1 883672 0 0.5 p-1 -2995809 797
170 391 m1 889446 0 0.5 p-1 -43031 2
33 392 m1 892539 0 0.5 p-1 -6094372 841
248 394 m1 918381 0 0.5 p-1 -248286 3
240 395 m1 922625 0 0.5 p-1 -13851 3
166 397 m1 996967 0 0.5 p-1 -126021 41
Individuals:
