Mutations:
178 0 m2 1784 -0.00376188429 0.5 p-1 -95444 55
218 2 m2 10504 -0.00415377738 0.5 p-1 -29201 13
120 3 m2 12000 -4.30143446e-05 0.5 p-1 -2007942 486
136 4 m2 18355 -2.25587773e-05 0.5 p-1 -63889 28
174 5 m2 18635 -0.116209738 0.5 p-1 -377518 92
76 6 m2 29027 -0.00049094815 0.5 p-1 -622852 434
0 7 m2 32431 -0.00105191988 0.5 p-1 -6633659 1931
104 8 m2 37252 -0.00722767413 0.5 p-1 -2790069 426
145 10 m2 40362 -0.0115250573 0.5 p-1 -1726216 132
221 11 m2 41506 -0.00600086758 0.5 p-1 -20733 6
234 12 m2 50330 -0.0133372582 0.5 p-1 -5635 1
140 13 m2 64386 -0.000506143086 0.5 p-1 -3146 18
40 14 m2 64920 -0.000390160887 0.5 p-1 -6113261 1357
1 15 m2 65923 -0.000621750019 0.5 p-1 -5524537 968
41 16 m2 67398 -6.41197548e-05 0.5 p-1 -371346 83
172 19 m2 76118 -0.0240226164 0.5 p-1 -3890 7
229 20 m2 89852 -0.0041346103 0.5 p-1 -16158 18
124 22 m2 106846 -0.000102107202 0.5 p-1 -726585 338
3 23 m2 128045 -1.46970513e-06 0.5 p-1 -1126670 1200
146 25 m2 130099 -0.00313492119 0.5 p-1 -96128 35
64 26 m2 137024 -0.000103343256 0.5 p-1 -1559245 1406
99 27 m2 139385 -0.000703748723 0.5 p-1 -2375662 416
258 28 m2 140558 -0.000292154786 0.5 p-1 -50512 1
65 29 m2 141437 -0.0045693079 0.5 p-1 -2356738 460
105 30 m2 144612 -0.0152274566 0.5 p-1 -7106509 797
100 31 m2 147060 -0.0796695426 0.5 p-1 -1269844 269
189 33 m2 148641 -6.49559806e-05 0.5 p-1 -72445 5
160 34 m2 150805 -4.12073359e-06 0.5 p-1 -2381016 98
214 35 m2 154974 -0.0114240684 0.5 p-1 -380902 8
95 36 m2 154988 -0.0102086738 0.5 p-1 -2817187 435
117 37 m2 156988 -0.00150105334 0.5 p-1 -110882 32
5 39 m2 161521 -0.0120836366 0.5 p-1 -3692605 1294
167 40 m2 170189 -0.00507685496 0.5 p-1 -88001 41
85 41 m2 170649 -0.0484165624 0.5 p-1 -5814157 499
133 43 m2 171956 -0.0209244378 0.5 p-1 -790413 167
269 44 m2 172559 -0.0108240796 0.5 p-1 -79440 6
238 45 m2 172775 -1.4902057e-05 0.5 p-1 -100636 4
44 47 m2 181191 -0.0145579241 0.5 p-1 -3818299 916
45 48 m2 181340 -0.00246805092 0.5 p-1 -1191793 1081
209 49 m2 184211 -0.00889651012 0.5 p-1 -105096 9
179 50 m2 198254 -4.09247405e-05 0.5 p-1 -180095 152
205 52 m2 201629 -0.000428470667 0.5 p-1 -32109 15
7 54 m2 209137 -0.00799197517 0.5 p-1 -4529082 1030
230 55 m2 209266 -0.016061062 0.5 p-1 -69897 6
268 56 m2 212751 -0.00181885529 0.5 p-1 -44911 2
283 57 m2 223881 -0.00639757235 0.5 p-1 -248065 1
176 58 m2 226051 -9.12221294e-05 0.5 p-1 -25628 21
141 59 m2 227394 -0.00299290032 0.5 p-1 -312515 184
87 60 m2 231654 -0.032613758 0.5 p-1 -2055407 373
46 61 m2 232458 -0.000316065096 0.5 p-1 -1233865 1284
8 63 m2 252648 -0.0165295061 0.5 p-1 -3759737 1358
9 64 m2 254268 -0.00249786023 0.5 p-1 -3184482 269
47 69 m2 265834 -0.00157048646 0.5 p-1 -3544421 1274
10 70 m2 273806 -0.00154286181 0.5 p-1 -3230867 934
101 71 m2 275093 -1.44391361e-05 0.5 p-1 -1969217 100
102 72 m2 275137 -0.0145332413 0.5 p-1 -131424 22
66 73 m2 278798 -0.00668193866 0.5 p-1 -1607281 232
137 75 m2 280069 -0.000459232542 0.5 p-1 -427569 131
210 76 m2 281062 -0.0186332017 0.5 p-1 -15600 5
161 77 m2 281965 -0.00794013776 0.5 p-1 -620861 54
48 78 m2 284355 -0.00736533012 0.5 p-1 -1258512 637
11 79 m2 287957 -0.00509102503 0.5 p-1 -1579756 903
96 80 m2 289472 -0.036242459 0.5 p-1 -737357 148
262 81 m2 293922 -0.00100406131 0.5 p-1 -17926 3
12 82 m2 293994 -0.00152931875 0.5 p-1 -3296443 1343
289 83 m2 295520 -0.02636021 0.5 p-1 -6360 2
134 84 m2 316336 -0.000415604212 0.5 p-1 -165161 69
213 85 m2 321648 -0.000226434437 0.5 p-1 -11191 7
49 86 m2 323993 -0.0147517873 0.5 p-1 -702303 378
153 87 m2 326135 -0.00039672674 0.5 p-1 -172689 14
97 88 m2 326214 -0.00152629009 0.5 p-1 -1531048 31
273 90 m2 328634 -0.00224823086 0.5 p-1 -175049 2
155 91 m2 333254 -0.00820268318 0.5 p-1 -734526 124
77 92 m2 337108 -0.0107673127 0.5 p-1 -7404197 1124
233 93 m2 337517 -0.00114168646 0.5 p-1 -4740 5
243 95 m2 342251 -0.000110024659 0.5 p-1 -4328 3
13 97 m2 348947 -0.000193689717 0.5 p-1 -7670984 301
50 98 m2 351451 -0.0134342546 0.5 p-1 -5672550 1215
235 99 m2 358126 -0.000483908545 0.5 p-1 -11589 11
51 100 m2 364063 -0.000819455425 0.5 p-1 -2768829 303
151 101 m2 365766 -0.0770608038 0.5 p-1 -1278999 413
144 102 m2 366881 -0.0123287616 0.5 p-1 -132357 139
241 103 m2 368186 -0.000131745619 0.5 p-1 -996138 25
98 105 m2 374462 -0.0216925871 0.5 p-1 -329422 74
199 107 m2 376866 -0.0150636192 0.5 p-1 -1833 3
125 108 m2 380657 -1.77282473e-05 0.5 p-1 -1288846 189
170 109 m2 385324 -0.000835285464 0.5 p-1 -61349 16
204 110 m2 385472 -0.00969035178 0.5 p-1 -21006 4
184 112 m2 396365 -0.00333755766 0.5 p-1 -2684075 61
265 114 m2 396842 -0.00486049196 0.5 p-1 -4211 1
15 115 m2 402773 -0.00204716413 0.5 p-1 -1873572 1574
126 116 m2 408260 -0.00721153431 0.5 p-1 -79279 103
52 117 m2 409599 -0.00107076124 0.5 p-1 -2009335 63
278 118 m2 410488 -0.0133841308 0.5 p-1 -1623 2
88 119 m2 410512 -0.0131890858 0.5 p-1 -88038 8
67 120 m2 411678 -0.0014885331 0.5 p-1 -2913765 525
130 121 m2 416418 -0.0355259962 0.5 p-1 -922597 265
263 122 m2 419035 -0.000685475417 0.5 p-1 -13491 7
244 124 m2 434171 -0.000734877074 0.5 p-1 -79054 7
54 125 m2 440555 -6.43496605e-05 0.5 p-1 -2008714 1393
68 126 m2 440600 -0.000762704469 0.5 p-1 -43909 56
16 127 m2 445158 -0.0040684226 0.5 p-1 -710324 201
17 128 m2 447635 -0.0106786909 0.5 p-1 -3823892 753
142 129 m2 448771 -1.31156241e-07 0.5 p-1 -78369 37
112 130 m2 449060 -0.0123414528 0.5 p-1 -43769 34
190 131 m2 465314 -0.000398047327 0.5 p-1 -23670 5
113 132 m2 468120 -9.38512585e-06 0.5 p-1 -21883 11
276 135 m2 491908 -0.000513100997 0.5 p-1 -6602 2
129 137 m2 493654 -0.0113639021 0.5 p-1 -78605 12
78 138 m2 497607 -0.00243959972 0.5 p-1 -1137881 781
18 139 m2 505971 -1.35212801e-07 0.5 p-1 -7338462 1766
55 140 m2 513950 -0.00025082659 0.5 p-1 -4000533 448
19 141 m2 518809 -0.0308463313 0.5 p-1 -561616 253
200 143 m2 522484 -0.00443725241 0.5 p-1 -14060 21
69 144 m2 528978 -0.000361010287 0.5 p-1 -4210735 670
106 146 m2 532755 -0.0125451917 0.5 p-1 -274923 137
181 148 m2 546616 -0.0102430368 0.5 p-1 -27287 9
79 149 m2 546749 -0.0224489458 0.5 p-1 -1005604 325
240 150 m2 551522 -0.0152800865 0.5 p-1 -101860 14
224 151 m2 565864 -0.021086935 0.5 p-1 -51921 19
90 153 m2 569763 -0.0564007126 0.5 p-1 -3526924 220
183 154 m2 570525 -0.00206689537 0.5 p-1 -212732 10
277 155 m2 574313 -0.00343609345 0.5 p-1 -2229 4
284 156 m2 575065 -0.000516380649 0.5 p-1 -2574 1
198 157 m2 582489 -0.000213201522 0.5 p-1 -42478 5
194 158 m2 587150 -2.69290504e-05 0.5 p-1 -30886 11
107 159 m2 596260 -0.000812625338 0.5 p-1 -371101 253
127 161 m2 596536 -0.0135053704 0.5 p-1 -241009 66
58 162 m2 598278 -0.0203983244 0.5 p-1 -4381204 1772
261 163 m2 611640 -0.0133949919 0.5 p-1 -1877 8
108 164 m2 628640 -0.0157646444 0.5 p-1 -72755 62
91 165 m2 630674 -0.000659676327 0.5 p-1 -201359 74
154 166 m2 636347 -0.00450866716 0.5 p-1 -101643 30
246 167 m2 640489 -0.00498476438 0.5 p-1 -2355 2
237 168 m2 642220 -0.000299209176 0.5 p-1 -297404 7
206 169 m2 642484 -0.017343659 0.5 p-1 -13283 7
196 170 m2 642591 -0.0699500144 0.5 p-1 -44981 24
138 171 m2 646056 -5.02848752e-06 0.5 p-1 -90550 6
164 172 m2 646203 -0.00164985878 0.5 p-1 -2214743 30
143 173 m2 647940 -0.00074654998 0.5 p-1 -128059 89
82 175 m2 657070 -0.00358529761 0.5 p-1 -192979 104
188 178 m2 665580 -0.00390136219 0.5 p-1 -41042 67
128 179 m2 665920 -0.0170050394 0.5 p-1 -21153 12
135 180 m2 669627 -0.00279237586 0.5 p-1 -1919413 165
180 181 m2 671075 -0.00141130353 0.5 p-1 -72366 78
70 182 m2 671435 -0.00411666231 0.5 p-1 -384298 268
83 183 m2 675428 -0.0806074217 0.5 p-1 -451414 179
121 185 m2 683738 -0.0176885426 0.5 p-1 -3828701 223
212 187 m2 689082 -0.0275341589 0.5 p-1 -51960 69
175 189 m2 697194 -8.82230743e-05 0.5 p-1 -236483 32
131 190 m2 704673 -0.0114927087 0.5 p-1 -12224647 258
223 191 m2 705940 -0.00254940195 0.5 p-1 -11234 7
203 192 m2 709018 -0.00493902201 0.5 p-1 -92181 26
71 193 m2 733209 -0.0129608037 0.5 p-1 -10897878 703
163 195 m2 748863 -0.00255727326 0.5 p-1 -202076 26
147 196 m2 751635 -0.00454140967 0.5 p-1 -14648137 330
93 198 m2 757098 -1.29076852e-05 0.5 p-1 -3644542 231
217 199 m2 765133 -0.000148420484 0.5 p-1 -95290 26
72 200 m2 773893 -3.86977335e-05 0.5 p-1 -4701848 1105
103 201 m2 783108 -7.03734088e-07 0.5 p-1 -12998650 300
157 202 m2 784797 -0.000341874693 0.5 p-1 -188975 21
185 203 m2 788224 -0.0219940469 0.5 p-1 -19176 15
73 204 m2 789493 -0.00747166993 0.5 p-1 -1327016 427
148 205 m2 789698 -0.0232289825 0.5 p-1 -216508 119
193 207 m2 799143 -0.0106413886 0.5 p-1 -120910 20
60 209 m2 811041 -0.00684872409 0.5 p-1 -1293882 638
61 210 m2 811892 -5.96868313e-06 0.5 p-1 -3399639 741
225 211 m2 820005 -0.00269338954 0.5 p-1 -15547 8
24 212 m2 822507 -0.00841296464 0.5 p-1 -199939 75
26 213 m2 828029 -0.00544588966 0.5 p-1 -5034854 872
27 214 m2 836502 -0.000170152736 0.5 p-1 -11657742 1401
207 216 m2 839354 -0.0106090978 0.5 p-1 -147723 30
109 217 m2 840453 -3.98374941e-05 0.5 p-1 -164428 105
74 218 m2 841335 -0.00156968588 0.5 p-1 -1816190 389
239 219 m2 850044 -0.000403351005 0.5 p-1 -2088 3
84 221 m2 850443 -0.00820824876 0.5 p-1 -4126760 546
28 222 m2 851341 -4.83470285e-06 0.5 p-1 -1477397 1352
110 224 m2 861654 -0.00235953135 0.5 p-1 -774516 449
162 225 m2 869005 -0.00527449464 0.5 p-1 -87898 21
264 226 m2 870597 -0.00411492959 0.5 p-1 -4960 3
248 227 m2 875667 -0.000112134163 0.5 p-1 -40430 2
29 229 m2 881357 -0.00311751035 0.5 p-1 -2854064 756
31 231 m2 907201 -0.0797946826 0.5 p-1 -1304150 1318
32 232 m2 907431 -0.00181986776 0.5 p-1 -3212032 1331
114 233 m2 907617 -0.000378680124 0.5 p-1 -29265 12
119 236 m2 935938 -5.46327428e-05 0.5 p-1 -99065 118
156 237 m2 941363 -2.58799082e-06 0.5 p-1 -87071 63
62 238 m2 942380 -4.64333061e-05 0.5 p-1 -5108752 1262
33 239 m2 945934 -0.0166768525 0.5 p-1 -1336062 767
236 240 m2 959917 -0.00750246784 0.5 p-1 -1445 1
34 242 m2 965627 -0.0143688163 0.5 p-1 -342065 440
177 244 m2 966557 -0.000633661286 0.5 p-1 -89677 28
220 245 m2 973674 -9.44171552e-05 0.5 p-1 -26951 10
35 246 m2 981248 -2.64919581e-05 0.5 p-1 -554039 219
36 247 m2 989279 -0.0517229252 0.5 p-1 -1672136 363
132 248 m2 991612 -0.00187367958 0.5 p-1 -2821580 108
115 249 m2 993448 -0.00695863506 0.5 p-1 -544783 234
37 250 m2 996852 -0.00187238329 0.5 p-1 -854663 379
192 255 m2 533981 -6.07611073e-05 0.5 p0 2 3
286 256 m2 705677 -0.0184683874 0.5 p0 2 1
294 257 m2 283170 -8.30487406e-05 0.5 p0 2 1
275 259 m2 674295 -0.00133234612 0.5 p0 2 3
280 262 m2 241538 -5.77201354e-05 0.5 p0 2 1
296 265 m2 615046 -5.04348634e-07 0.5 p0 2 1
252 266 m2 54012 -0.00394084444 0.5 p0 2 3
253 270 m2 133432 -0.0112841856 0.5 p0 2 1
191 274 m2 544451 -0.00383191463 0.5 p0 2 6
245 275 m2 259270 -0.0162848979 0.5 p0 2 1
282 277 m2 699947 -4.56157031e-05 0.5 p0 2 3
165 280 m2 637488 -0.00422363495 0.5 p0 2 3
288 281 m2 472456 -0.00259265699 0.5 p0 2 2
285 284 m2 27936 -0.0178030524 0.5 p0 2 1
197 286 m2 229384 -0.00229963614 0.5 p0 2 2
242 287 m2 536725 -5.49353754e-05 0.5 p0 2 3
281 290 m2 486407 -0.000141623255 0.5 p0 2 2
267 291 m2 432755 -0.0158289485 0.5 p0 2 1
272 294 m2 469867 -0.0357050076 0.5 p0 2 1
292 295 m2 639282 -4.71446633e-08 0.5 p0 2 1
228 296 m2 791148 -0.00501037203 0.5 p0 2 2
295 303 m2 697275 -0.000314223784 0.5 p0 2 1
287 304 m2 392867 -0.0941338539 0.5 p0 2 2
63 306 m1 13544 0 0.5 p-1 -1307845 265
208 307 m1 14679 0 0.5 p-1 -12546 7
216 308 m1 15215 0 0.5 p-1 -34175 31
116 309 m1 28944 0 0.5 p-1 -163076 67
279 310 m1 51470 0 0.5 p-1 -16976 2
251 311 m1 51689 0 0.5 p-1 -8669 2
38 312 m1 63499 0 0.5 p-1 -842162 254
39 313 m1 63935 0 0.5 p-1 -65759 48
42 314 m1 67931 0 0.5 p-1 -4169247 613
158 315 m1 72689 0 0.5 p-1 -1029395 64
159 316 m1 84142 0 0.5 p-1 -875098 145
2 318 m1 127179 0 0.5 p-1 -6372235 1782
4 319 m1 133087 0 0.5 p-1 -9908909 946
150 320 m1 139510 0 0.5 p-1 -45427 24
274 321 m1 142727 0 0.5 p-1 -310 3
260 322 m1 149626 0 0.5 p-1 -12785 3
43 323 m1 150600 0 0.5 p-1 -3095856 662
211 324 m1 159428 0 0.5 p-1 -302818 9
186 325 m1 163002 0 0.5 p-1 -67544 28
182 326 m1 170923 0 0.5 p-1 -8911 3
222 328 m1 203269 0 0.5 p-1 -5205 14
6 329 m1 203385 0 0.5 p-1 -8923973 1908
86 330 m1 209900 0 0.5 p-1 -1091456 242
168 331 m1 217391 0 0.5 p-1 -131021 50
271 332 m1 221220 0 0.5 p-1 -8313 2
195 335 m1 256251 0 0.5 p-1 -42066 12
111 336 m1 256492 0 0.5 p-1 -2680868 509
232 338 m1 269899 0 0.5 p-1 -3105 5
226 339 m1 285897 0 0.5 p-1 -2044 6
173 340 m1 293253 0 0.5 p-1 -31557 32
257 341 m1 316201 0 0.5 p-1 -4395 1
249 342 m1 324108 0 0.5 p-1 -110668 7
227 343 m1 355676 0 0.5 p-1 -38642 3
293 344 m1 356970 0 0.5 p-1 -43908 1
215 345 m1 360248 0 0.5 p-1 -20492 3
14 347 m1 394412 0 0.5 p-1 -1190916 843
169 348 m1 404213 0 0.5 p-1 -22407 13
201 349 m1 405396 0 0.5 p-1 -44442 17
53 350 m1 429927 0 0.5 p-1 -5637792 1376
166 352 m1 484761 0 0.5 p-1 -3734240 118
89 353 m1 488725 0 0.5 p-1 -1609842 487
247 354 m1 495979 0 0.5 p-1 -3612 3
56 355 m1 531837 0 0.5 p-1 -160838 30
57 357 m1 559658 0 0.5 p-1 -2160574 197
20 358 m1 562380 0 0.5 p-1 -167251 152
80 359 m1 563939 0 0.5 p-1 -222770 90
21 360 m1 565022 0 0.5 p-1 -11166704 872
22 361 m1 570545 0 0.5 p-1 -497563 288
202 363 m1 590721 0 0.5 p-1 -32526 4
255 365 m1 612190 0 0.5 p-1 -1993 9
266 366 m1 635574 0 0.5 p-1 -33841 4
171 367 m1 654919 0 0.5 p-1 -65699 13
59 368 m1 655069 0 0.5 p-1 -5940017 1386
81 369 m1 655874 0 0.5 p-1 -6076 7
122 371 m1 689198 0 0.5 p-1 -3336165 139
231 374 m1 726326 0 0.5 p-1 -4040581 10
92 375 m1 748116 0 0.5 p-1 -1660708 268
123 376 m1 753890 0 0.5 p-1 -161309 67
291 377 m1 768995 0 0.5 p-1 -1639 1
23 378 m1 781002 0 0.5 p-1 -3975919 1133
118 380 m1 791348 0 0.5 p-1 -6136 4
149 381 m1 793919 0 0.5 p-1 -1380959 158
152 382 m1 798894 0 0.5 p-1 -3218238 131
270 383 m1 821503 0 0.5 p-1 -37028 1
187 384 m1 826626 0 0.5 p-1 -123162 21
25 385 m1 826945 0 0.5 p-1 -5545992 1874
256 386 m1 846561 0 0.5 p-1 -33535 4
75 387 m1 870606 0 0.5 p-1 -2243607 1085
290 388 m1 876246 0 0.5 p-1 -472 3
30 390 m1 883672 0 0.5 p-1 -2995809 795
94 392 m1 892539 0 0.5 p-1 -6094372 1022
219 393 m1 917885 0 0.5 p-1 -2643 5
254 394 m1 918381 0 0.5 p-1 -248286 11
250 395 m1 922625 0 0.5 p-1 -13851 1
259 396 m1 966487 0 0.5 p-1 -670 3
139 397 m1 996967 0 0.5 p-1 -126021 75
Individuals:
