Mutations:
118 0 m2 1784 -0.00376188429 0.5 p-1 -95444 88
241 1 m2 3805 -0.00123804982 0.5 p-1 -16112 6
247 2 m2 10504 -0.00415377738 0.5 p-1 -29201 7
0 3 m2 12000 -4.30143446e-05 0.5 p-1 -2007942 574
165 4 m2 18355 -2.25587773e-05 0.5 p-1 -63889 18
1 5 m2 18635 -0.116209738 0.5 p-1 -377518 98
108 6 m2 29027 -0.00049094815 0.5 p-1 -622852 415
43 7 m2 32431 -0.00105191988 0.5 p-1 -6633659 1901
44 8 m2 37252 -0.00722767413 0.5 p-1 -2790069 418
152 10 m2 40362 -0.0115250573 0.5 p-1 -1726216 132
242 11 m2 41506 -0.00600086758 0.5 p-1 -20733 3
238 12 m2 50330 -0.0133372582 0.5 p-1 -5635 6
3 14 m2 64920 -0.000390160887 0.5 p-1 -6113261 1431
4 15 m2 65923 -0.000621750019 0.5 p-1 -5524537 1073
167 16 m2 67398 -6.41197548e-05 0.5 p-1 -371346 66
201 19 m2 76118 -0.0240226164 0.5 p-1 -3890 12
181 20 m2 89852 -0.0041346103 0.5 p-1 -16158 7
101 22 m2 106846 -0.000102107202 0.5 p-1 -726585 402
6 23 m2 128045 -1.46970513e-06 0.5 p-1 -1126670 1012
216 25 m2 130099 -0.00313492119 0.5 p-1 -96128 32
8 26 m2 137024 -0.000103343256 0.5 p-1 -1559245 1328
69 27 m2 139385 -0.000703748723 0.5 p-1 -2375662 489
75 29 m2 141437 -0.0045693079 0.5 p-1 -2356738 493
45 30 m2 144612 -0.0152274566 0.5 p-1 -7106509 718
117 31 m2 147060 -0.0796695426 0.5 p-1 -1269844 247
217 33 m2 148641 -6.49559806e-05 0.5 p-1 -72445 9
77 34 m2 150805 -4.12073359e-06 0.5 p-1 -2381016 140
155 35 m2 154974 -0.0114240684 0.5 p-1 -380902 3
112 36 m2 154988 -0.0102086738 0.5 p-1 -2817187 413
109 37 m2 156988 -0.00150105334 0.5 p-1 -110882 49
9 39 m2 161521 -0.0120836366 0.5 p-1 -3692605 1358
212 40 m2 170189 -0.00507685496 0.5 p-1 -88001 35
10 41 m2 170649 -0.0484165624 0.5 p-1 -5814157 515
94 43 m2 171956 -0.0209244378 0.5 p-1 -790413 216
225 44 m2 172559 -0.0108240796 0.5 p-1 -79440 10
251 45 m2 172775 -1.4902057e-05 0.5 p-1 -100636 3
46 47 m2 181191 -0.0145579241 0.5 p-1 -3818299 947
47 48 m2 181340 -0.00246805092 0.5 p-1 -1191793 1119
113 49 m2 184211 -0.00889651012 0.5 p-1 -105096 12
169 50 m2 198254 -4.09247405e-05 0.5 p-1 -180095 118
239 52 m2 201629 -0.000428470667 0.5 p-1 -32109 7
283 53 m2 202984 -6.93170841e-06 0.5 p-1 -3683 1
12 54 m2 209137 -0.00799197517 0.5 p-1 -4529082 993
223 55 m2 209266 -0.016061062 0.5 p-1 -69897 1
273 56 m2 212751 -0.00181885529 0.5 p-1 -44911 3
254 58 m2 226051 -9.12221294e-05 0.5 p-1 -25628 3
123 59 m2 227394 -0.00299290032 0.5 p-1 -312515 142
48 60 m2 231654 -0.032613758 0.5 p-1 -2055407 432
49 61 m2 232458 -0.000316065096 0.5 p-1 -1233865 1304
13 63 m2 252648 -0.0165295061 0.5 p-1 -3759737 1433
50 64 m2 254268 -0.00249786023 0.5 p-1 -3184482 276
14 69 m2 265834 -0.00157048646 0.5 p-1 -3544421 1289
51 70 m2 273806 -0.00154286181 0.5 p-1 -3230867 999
143 71 m2 275093 -1.44391361e-05 0.5 p-1 -1969217 99
185 72 m2 275137 -0.0145332413 0.5 p-1 -131424 33
135 73 m2 278798 -0.00668193866 0.5 p-1 -1607281 215
127 75 m2 280069 -0.000459232542 0.5 p-1 -427569 126
182 76 m2 281062 -0.0186332017 0.5 p-1 -15600 7
190 77 m2 281965 -0.00794013776 0.5 p-1 -620861 70
15 78 m2 284355 -0.00736533012 0.5 p-1 -1258512 659
79 79 m2 287957 -0.00509102503 0.5 p-1 -1579756 892
52 80 m2 289472 -0.036242459 0.5 p-1 -737357 207
16 82 m2 293994 -0.00152931875 0.5 p-1 -3296443 1283
206 83 m2 295520 -0.02636021 0.5 p-1 -6360 4
90 84 m2 316336 -0.000415604212 0.5 p-1 -165161 70
184 85 m2 321648 -0.000226434437 0.5 p-1 -11191 8
53 86 m2 323993 -0.0147517873 0.5 p-1 -702303 443
156 87 m2 326135 -0.00039672674 0.5 p-1 -172689 7
179 88 m2 326214 -0.00152629009 0.5 p-1 -1531048 50
189 90 m2 328634 -0.00224823086 0.5 p-1 -175049 11
95 91 m2 333254 -0.00820268318 0.5 p-1 -734526 120
17 92 m2 337108 -0.0107673127 0.5 p-1 -7404197 1083
202 93 m2 337517 -0.00114168646 0.5 p-1 -4740 16
18 97 m2 348947 -0.000193689717 0.5 p-1 -7670984 277
19 98 m2 351451 -0.0134342546 0.5 p-1 -5672550 1341
180 99 m2 358126 -0.000483908545 0.5 p-1 -11589 16
81 100 m2 364063 -0.000819455425 0.5 p-1 -2768829 244
20 101 m2 365766 -0.0770608038 0.5 p-1 -1278999 353
133 102 m2 366881 -0.0123287616 0.5 p-1 -132357 186
160 103 m2 368186 -0.000131745619 0.5 p-1 -996138 12
137 105 m2 374462 -0.0216925871 0.5 p-1 -329422 90
207 107 m2 376866 -0.0150636192 0.5 p-1 -1833 2
139 108 m2 380657 -1.77282473e-05 0.5 p-1 -1288846 177
197 109 m2 385324 -0.000835285464 0.5 p-1 -61349 6
227 110 m2 385472 -0.00969035178 0.5 p-1 -21006 12
150 112 m2 396365 -0.00333755766 0.5 p-1 -2684075 63
21 115 m2 402773 -0.00204716413 0.5 p-1 -1873572 1554
54 116 m2 408260 -0.00721153431 0.5 p-1 -79279 67
124 117 m2 409599 -0.00107076124 0.5 p-1 -2009335 37
188 118 m2 410488 -0.0133841308 0.5 p-1 -1623 5
237 119 m2 410512 -0.0131890858 0.5 p-1 -88038 2
55 120 m2 411678 -0.0014885331 0.5 p-1 -2913765 538
80 121 m2 416418 -0.0355259962 0.5 p-1 -922597 270
280 122 m2 419035 -0.000685475417 0.5 p-1 -13491 2
245 124 m2 434171 -0.000734877074 0.5 p-1 -79054 5
23 125 m2 440555 -6.43496605e-05 0.5 p-1 -2008714 1400
102 126 m2 440600 -0.000762704469 0.5 p-1 -43909 80
128 127 m2 445158 -0.0040684226 0.5 p-1 -710324 232
56 128 m2 447635 -0.0106786909 0.5 p-1 -3823892 827
170 129 m2 448771 -1.31156241e-07 0.5 p-1 -78369 14
163 130 m2 449060 -0.0123414528 0.5 p-1 -43769 60
110 131 m2 465314 -0.000398047327 0.5 p-1 -23670 11
164 132 m2 468120 -9.38512585e-06 0.5 p-1 -21883 26
264 135 m2 491908 -0.000513100997 0.5 p-1 -6602 4
258 136 m2 493505 -0.00193407503 0.5 p-1 -102207 2
267 137 m2 493654 -0.0113639021 0.5 p-1 -78605 6
58 138 m2 497607 -0.00243959972 0.5 p-1 -1137881 880
59 139 m2 505971 -1.35212801e-07 0.5 p-1 -7338462 1850
24 140 m2 513950 -0.00025082659 0.5 p-1 -4000533 435
60 141 m2 518809 -0.0308463313 0.5 p-1 -561616 245
140 143 m2 522484 -0.00443725241 0.5 p-1 -14060 32
25 144 m2 528978 -0.000361010287 0.5 p-1 -4210735 666
83 146 m2 532755 -0.0125451917 0.5 p-1 -274923 102
234 147 m2 537490 -0.0027691992 0.5 p-1 -65158 8
252 148 m2 546616 -0.0102430368 0.5 p-1 -27287 1
119 149 m2 546749 -0.0224489458 0.5 p-1 -1005604 337
147 150 m2 551522 -0.0152800865 0.5 p-1 -101860 40
186 151 m2 565864 -0.021086935 0.5 p-1 -51921 20
148 153 m2 569763 -0.0564007126 0.5 p-1 -3526924 194
171 154 m2 570525 -0.00206689537 0.5 p-1 -212732 21
256 155 m2 574313 -0.00343609345 0.5 p-1 -2229 1
192 157 m2 582489 -0.000213201522 0.5 p-1 -42478 8
235 158 m2 587150 -2.69290504e-05 0.5 p-1 -30886 10
130 159 m2 596260 -0.000812625338 0.5 p-1 -371101 200
70 161 m2 596536 -0.0135053704 0.5 p-1 -241009 32
28 162 m2 598278 -0.0203983244 0.5 p-1 -4381204 1740
272 163 m2 611640 -0.0133949919 0.5 p-1 -1877 2
111 164 m2 628640 -0.0157646444 0.5 p-1 -72755 53
166 165 m2 630674 -0.000659676327 0.5 p-1 -201359 82
174 166 m2 636347 -0.00450866716 0.5 p-1 -101643 35
200 167 m2 640489 -0.00498476438 0.5 p-1 -2355 3
154 169 m2 642484 -0.017343659 0.5 p-1 -13283 3
232 170 m2 642591 -0.0699500144 0.5 p-1 -44981 41
193 171 m2 646056 -5.02848752e-06 0.5 p-1 -90550 19
220 172 m2 646203 -0.00164985878 0.5 p-1 -2214743 15
104 173 m2 647940 -0.00074654998 0.5 p-1 -128059 75
105 175 m2 657070 -0.00358529761 0.5 p-1 -192979 80
195 178 m2 665580 -0.00390136219 0.5 p-1 -41042 56
230 179 m2 665920 -0.0170050394 0.5 p-1 -21153 6
85 180 m2 669627 -0.00279237586 0.5 p-1 -1919413 144
96 181 m2 671075 -0.00141130353 0.5 p-1 -72366 102
106 182 m2 671435 -0.00411666231 0.5 p-1 -384298 228
122 183 m2 675428 -0.0806074217 0.5 p-1 -451414 203
221 184 m2 681445 -0.00678014616 0.5 p-1 -400844 2
129 185 m2 683738 -0.0176885426 0.5 p-1 -3828701 246
173 187 m2 689082 -0.0275341589 0.5 p-1 -51960 52
187 189 m2 697194 -8.82230743e-05 0.5 p-1 -236483 38
29 190 m2 704673 -0.0114927087 0.5 p-1 -12224647 247
218 191 m2 705940 -0.00254940195 0.5 p-1 -11234 4
158 192 m2 709018 -0.00493902201 0.5 p-1 -92181 20
92 193 m2 733209 -0.0129608037 0.5 p-1 -10897878 662
145 194 m2 734075 -0.00386257493 0.5 p-1 -3763 3
151 195 m2 748863 -0.00255727326 0.5 p-1 -202076 35
30 196 m2 751635 -0.00454140967 0.5 p-1 -14648137 388
97 198 m2 757098 -1.29076852e-05 0.5 p-1 -3644542 259
141 199 m2 765133 -0.000148420484 0.5 p-1 -95290 56
62 200 m2 773893 -3.86977335e-05 0.5 p-1 -4701848 1176
63 201 m2 783108 -7.03734088e-07 0.5 p-1 -12998650 314
228 202 m2 784797 -0.000341874693 0.5 p-1 -188975 13
259 203 m2 788224 -0.0219940469 0.5 p-1 -19176 4
32 204 m2 789493 -0.00747166993 0.5 p-1 -1327016 400
86 205 m2 789698 -0.0232289825 0.5 p-1 -216508 109
211 207 m2 799143 -0.0106413886 0.5 p-1 -120910 19
107 209 m2 811041 -0.00684872409 0.5 p-1 -1293882 578
34 210 m2 811892 -5.96868313e-06 0.5 p-1 -3399639 665
198 211 m2 820005 -0.00269338954 0.5 p-1 -15547 4
98 212 m2 822507 -0.00841296464 0.5 p-1 -199939 89
36 213 m2 828029 -0.00544588966 0.5 p-1 -5034854 895
37 214 m2 836502 -0.000170152736 0.5 p-1 -11657742 1456
215 216 m2 839354 -0.0106090978 0.5 p-1 -147723 13
116 217 m2 840453 -3.98374941e-05 0.5 p-1 -164428 75
114 218 m2 841335 -0.00156968588 0.5 p-1 -1816190 386
274 220 m2 850189 -0.0103628049 0.5 p-1 -4798 2
87 221 m2 850443 -0.00820824876 0.5 p-1 -4126760 523
65 222 m2 851341 -4.83470285e-06 0.5 p-1 -1477397 1340
71 224 m2 861654 -0.00235953135 0.5 p-1 -774516 550
205 225 m2 869005 -0.00527449464 0.5 p-1 -87898 29
219 226 m2 870597 -0.00411492959 0.5 p-1 -4960 3
266 227 m2 875667 -0.000112134163 0.5 p-1 -40430 4
248 228 m2 880341 -0.0134578785 0.5 p-1 -28083 12
66 229 m2 881357 -0.00311751035 0.5 p-1 -2854064 872
40 231 m2 907201 -0.0797946826 0.5 p-1 -1304150 1240
73 232 m2 907431 -0.00181986776 0.5 p-1 -3212032 1213
262 233 m2 907617 -0.000378680124 0.5 p-1 -29265 4
74 236 m2 935938 -5.46327428e-05 0.5 p-1 -99065 118
134 237 m2 941363 -2.58799082e-06 0.5 p-1 -87071 74
41 238 m2 942380 -4.64333061e-05 0.5 p-1 -5108752 1257
42 239 m2 945934 -0.0166768525 0.5 p-1 -1336062 766
249 240 m2 959917 -0.00750246784 0.5 p-1 -1445 8
93 242 m2 965627 -0.0143688163 0.5 p-1 -342065 381
236 243 m2 966052 -0.0222477335 0.5 p-1 -1503698 4
159 244 m2 966557 -0.000633661286 0.5 p-1 -89677 14
209 245 m2 973674 -9.44171552e-05 0.5 p-1 -26951 6
138 246 m2 981248 -2.64919581e-05 0.5 p-1 -554039 201
120 247 m2 989279 -0.0517229252 0.5 p-1 -1672136 330
142 248 m2 991612 -0.00187367958 0.5 p-1 -2821580 139
115 249 m2 993448 -0.00695863506 0.5 p-1 -544783 179
67 250 m2 996852 -0.00187238329 0.5 p-1 -854663 434
261 255 m2 533981 -6.07611073e-05 0.5 p0 2 2
233 256 m2 705677 -0.0184683874 0.5 p0 2 4
244 257 m2 283170 -8.30487406e-05 0.5 p0 2 3
240 259 m2 674295 -0.00133234612 0.5 p0 2 3
229 261 m2 548179 -0.000194148684 0.5 p0 2 3
284 263 m2 135490 -0.0054963748 0.5 p0 2 1
279 266 m2 54012 -0.00394084444 0.5 p0 2 4
255 273 m2 615913 -0.00247224909 0.5 p0 2 2
231 274 m2 544451 -0.00383191463 0.5 p0 2 1
214 278 m2 910936 -0.0328366011 0.5 p0 2 7
183 279 m2 548670 -4.78564107e-06 0.5 p0 2 1
288 280 m2 637488 -0.00422363495 0.5 p0 2 1
282 284 m2 27936 -0.0178030524 0.5 p0 2 1
277 285 m2 634913 -0.00514899893 0.5 p0 2 1
191 286 m2 229384 -0.00229963614 0.5 p0 2 4
226 289 m2 135467 -0.000127262843 0.5 p0 2 1
285 292 m2 376056 -0.000363263156 0.5 p0 2 2
157 294 m2 469867 -0.0357050076 0.5 p0 2 8
286 301 m2 84070 -0.0114381528 0.5 p0 2 1
287 303 m2 697275 -0.000314223784 0.5 p0 2 1
99 306 m1 13544 0 0.5 p-1 -1307845 293
88 307 m1 14679 0 0.5 p-1 -12546 36
246 308 m1 15215 0 0.5 p-1 -34175 33
100 309 m1 28944 0 0.5 p-1 -163076 39
250 310 m1 51470 0 0.5 p-1 -16976 8
271 311 m1 51689 0 0.5 p-1 -8669 4
2 312 m1 63499 0 0.5 p-1 -842162 297
178 313 m1 63935 0 0.5 p-1 -65759 36
68 314 m1 67931 0 0.5 p-1 -4169247 477
153 315 m1 72689 0 0.5 p-1 -1029395 83
144 316 m1 84142 0 0.5 p-1 -875098 128
5 318 m1 127179 0 0.5 p-1 -6372235 1791
7 319 m1 133087 0 0.5 p-1 -9908909 845
253 320 m1 139510 0 0.5 p-1 -45427 8
243 321 m1 142727 0 0.5 p-1 -310 3
76 323 m1 150600 0 0.5 p-1 -3095856 741
203 324 m1 159428 0 0.5 p-1 -302818 8
162 325 m1 163002 0 0.5 p-1 -67544 38
281 328 m1 203269 0 0.5 p-1 -5205 1
11 329 m1 203385 0 0.5 p-1 -8923973 1918
78 330 m1 209900 0 0.5 p-1 -1091456 177
213 331 m1 217391 0 0.5 p-1 -131021 53
269 333 m1 221665 0 0.5 p-1 -22149 7
175 335 m1 256251 0 0.5 p-1 -42066 16
89 336 m1 256492 0 0.5 p-1 -2680868 495
268 338 m1 269899 0 0.5 p-1 -3105 1
176 340 m1 293253 0 0.5 p-1 -31557 12
263 342 m1 324108 0 0.5 p-1 -110668 2
210 345 m1 360248 0 0.5 p-1 -20492 20
276 346 m1 373163 0 0.5 p-1 -9646 1
82 347 m1 394412 0 0.5 p-1 -1190916 820
222 348 m1 404213 0 0.5 p-1 -22407 8
177 349 m1 405396 0 0.5 p-1 -44442 17
22 350 m1 429927 0 0.5 p-1 -5637792 1423
91 352 m1 484761 0 0.5 p-1 -3734240 145
57 353 m1 488725 0 0.5 p-1 -1609842 567
224 354 m1 495979 0 0.5 p-1 -3612 4
196 355 m1 531837 0 0.5 p-1 -160838 23
146 356 m1 545518 0 0.5 p-1 -2195 1
84 357 m1 559658 0 0.5 p-1 -2160574 237
125 358 m1 562380 0 0.5 p-1 -167251 144
103 359 m1 563939 0 0.5 p-1 -222770 100
26 360 m1 565022 0 0.5 p-1 -11166704 886
27 361 m1 570545 0 0.5 p-1 -497563 236
131 363 m1 590721 0 0.5 p-1 -32526 5
194 364 m1 599426 0 0.5 p-1 -15610 10
275 365 m1 612190 0 0.5 p-1 -1993 4
149 366 m1 635574 0 0.5 p-1 -33841 11
270 367 m1 654919 0 0.5 p-1 -65699 2
61 368 m1 655069 0 0.5 p-1 -5940017 1482
257 369 m1 655874 0 0.5 p-1 -6076 10
161 370 m1 681689 0 0.5 p-1 -6680 10
132 371 m1 689198 0 0.5 p-1 -3336165 146
204 374 m1 726326 0 0.5 p-1 -4040581 24
121 375 m1 748116 0 0.5 p-1 -1660708 267
136 376 m1 753890 0 0.5 p-1 -161309 70
172 377 m1 768995 0 0.5 p-1 -1639 11
31 378 m1 781002 0 0.5 p-1 -3975919 1178
260 380 m1 791348 0 0.5 p-1 -6136 4
33 381 m1 793919 0 0.5 p-1 -1380959 113
64 382 m1 798894 0 0.5 p-1 -3218238 110
126 384 m1 826626 0 0.5 p-1 -123162 27
35 385 m1 826945 0 0.5 p-1 -5545992 1873
199 386 m1 846561 0 0.5 p-1 -33535 8
72 387 m1 870606 0 0.5 p-1 -2243607 1066
38 390 m1 883672 0 0.5 p-1 -2995809 862
278 391 m1 889446 0 0.5 p-1 -43031 1
39 392 m1 892539 0 0.5 p-1 -6094372 991
265 393 m1 917885 0 0.5 p-1 -2643 2
208 394 m1 918381 0 0.5 p-1 -248286 12
168 397 m1 996967 0 0.5 p-1 -126021 59
Individuals:
