Mutations:
149 0 m2 1784 -0.00376188429 0.5 p-1 -95444 102
283 1 m2 3805 -0.00123804982 0.5 p-1 -16112 2
209 2 m2 10504 -0.00415377738 0.5 p-1 -29201 17
0 3 m2 12000 -4.30143446e-05 0.5 p-1 -2007942 571
148 4 m2 18355 -2.25587773e-05 0.5 p-1 -63889 16
162 5 m2 18635 -0.116209738 0.5 p-1 -377518 92
38 6 m2 29027 -0.00049094815 0.5 p-1 -622852 424
1 7 m2 32431 -0.00105191988 0.5 p-1 -6633659 1892
77 8 m2 37252 -0.00722767413 0.5 p-1 -2790069 341
160 10 m2 40362 -0.0115250573 0.5 p-1 -1726216 148
154 11 m2 41506 -0.00600086758 0.5 p-1 -20733 23
271 12 m2 50330 -0.0133372582 0.5 p-1 -5635 5
3 14 m2 64920 -0.000390160887 0.5 p-1 -6113261 1393
39 15 m2 65923 -0.000621750019 0.5 p-1 -5524537 992
208 16 m2 67398 -6.41197548e-05 0.5 p-1 -371346 98
169 19 m2 76118 -0.0240226164 0.5 p-1 -3890 8
220 20 m2 89852 -0.0041346103 0.5 p-1 -16158 15
6 22 m2 106846 -0.000102107202 0.5 p-1 -726585 393
8 23 m2 128045 -1.46970513e-06 0.5 p-1 -1126670 1150
181 25 m2 130099 -0.00313492119 0.5 p-1 -96128 55
9 26 m2 137024 -0.000103343256 0.5 p-1 -1559245 1447
40 27 m2 139385 -0.000703748723 0.5 p-1 -2375662 464
264 28 m2 140558 -0.000292154786 0.5 p-1 -50512 4
72 29 m2 141437 -0.0045693079 0.5 p-1 -2356738 426
62 30 m2 144612 -0.0152274566 0.5 p-1 -7106509 776
151 31 m2 147060 -0.0796695426 0.5 p-1 -1269844 223
287 33 m2 148641 -6.49559806e-05 0.5 p-1 -72445 2
127 34 m2 150805 -4.12073359e-06 0.5 p-1 -2381016 137
142 35 m2 154974 -0.0114240684 0.5 p-1 -380902 21
110 36 m2 154988 -0.0102086738 0.5 p-1 -2817187 393
42 37 m2 156988 -0.00150105334 0.5 p-1 -110882 28
10 39 m2 161521 -0.0120836366 0.5 p-1 -3692605 1350
136 40 m2 170189 -0.00507685496 0.5 p-1 -88001 34
78 41 m2 170649 -0.0484165624 0.5 p-1 -5814157 552
275 42 m2 171160 -1.17168393e-05 0.5 p-1 -1046224 3
140 43 m2 171956 -0.0209244378 0.5 p-1 -790413 193
237 44 m2 172559 -0.0108240796 0.5 p-1 -79440 10
229 45 m2 172775 -1.4902057e-05 0.5 p-1 -100636 2
79 47 m2 181191 -0.0145579241 0.5 p-1 -3818299 889
43 48 m2 181340 -0.00246805092 0.5 p-1 -1191793 1086
166 49 m2 184211 -0.00889651012 0.5 p-1 -105096 13
132 50 m2 198254 -4.09247405e-05 0.5 p-1 -180095 128
221 52 m2 201629 -0.000428470667 0.5 p-1 -32109 8
103 54 m2 209137 -0.00799197517 0.5 p-1 -4529082 930
215 55 m2 209266 -0.016061062 0.5 p-1 -69897 1
211 56 m2 212751 -0.00181885529 0.5 p-1 -44911 8
253 57 m2 223881 -0.00639757235 0.5 p-1 -248065 3
182 58 m2 226051 -9.12221294e-05 0.5 p-1 -25628 18
133 59 m2 227394 -0.00299290032 0.5 p-1 -312515 122
112 60 m2 231654 -0.032613758 0.5 p-1 -2055407 398
63 61 m2 232458 -0.000316065096 0.5 p-1 -1233865 1239
12 63 m2 252648 -0.0165295061 0.5 p-1 -3759737 1346
99 64 m2 254268 -0.00249786023 0.5 p-1 -3184482 308
64 69 m2 265834 -0.00157048646 0.5 p-1 -3544421 1278
13 70 m2 273806 -0.00154286181 0.5 p-1 -3230867 920
172 71 m2 275093 -1.44391361e-05 0.5 p-1 -1969217 92
218 72 m2 275137 -0.0145332413 0.5 p-1 -131424 17
104 73 m2 278798 -0.00668193866 0.5 p-1 -1607281 238
147 75 m2 280069 -0.000459232542 0.5 p-1 -427569 126
163 76 m2 281062 -0.0186332017 0.5 p-1 -15600 9
114 77 m2 281965 -0.00794013776 0.5 p-1 -620861 56
14 78 m2 284355 -0.00736533012 0.5 p-1 -1258512 694
15 79 m2 287957 -0.00509102503 0.5 p-1 -1579756 992
105 80 m2 289472 -0.036242459 0.5 p-1 -737357 157
274 81 m2 293922 -0.00100406131 0.5 p-1 -17926 1
65 82 m2 293994 -0.00152931875 0.5 p-1 -3296443 1343
289 83 m2 295520 -0.02636021 0.5 p-1 -6360 1
91 84 m2 316336 -0.000415604212 0.5 p-1 -165161 54
273 85 m2 321648 -0.000226434437 0.5 p-1 -11191 3
16 86 m2 323993 -0.0147517873 0.5 p-1 -702303 415
247 87 m2 326135 -0.00039672674 0.5 p-1 -172689 5
143 88 m2 326214 -0.00152629009 0.5 p-1 -1531048 25
272 90 m2 328634 -0.00224823086 0.5 p-1 -175049 1
137 91 m2 333254 -0.00820268318 0.5 p-1 -734526 119
45 92 m2 337108 -0.0107673127 0.5 p-1 -7404197 1074
257 93 m2 337517 -0.00114168646 0.5 p-1 -4740 5
282 95 m2 342251 -0.000110024659 0.5 p-1 -4328 2
100 97 m2 348947 -0.000193689717 0.5 p-1 -7670984 242
17 98 m2 351451 -0.0134342546 0.5 p-1 -5672550 1332
175 99 m2 358126 -0.000483908545 0.5 p-1 -11589 7
138 100 m2 364063 -0.000819455425 0.5 p-1 -2768829 184
80 101 m2 365766 -0.0770608038 0.5 p-1 -1278999 395
18 102 m2 366881 -0.0123287616 0.5 p-1 -132357 151
150 103 m2 368186 -0.000131745619 0.5 p-1 -996138 46
123 105 m2 374462 -0.0216925871 0.5 p-1 -329422 90
134 107 m2 376866 -0.0150636192 0.5 p-1 -1833 7
113 108 m2 380657 -1.77282473e-05 0.5 p-1 -1288846 207
255 109 m2 385324 -0.000835285464 0.5 p-1 -61349 15
232 110 m2 385472 -0.00969035178 0.5 p-1 -21006 7
19 112 m2 396365 -0.00333755766 0.5 p-1 -2684075 85
277 114 m2 396842 -0.00486049196 0.5 p-1 -4211 5
20 115 m2 402773 -0.00204716413 0.5 p-1 -1873572 1644
176 116 m2 408260 -0.00721153431 0.5 p-1 -79279 90
106 117 m2 409599 -0.00107076124 0.5 p-1 -2009335 49
239 118 m2 410488 -0.0133841308 0.5 p-1 -1623 4
248 119 m2 410512 -0.0131890858 0.5 p-1 -88038 13
95 120 m2 411678 -0.0014885331 0.5 p-1 -2913765 592
141 121 m2 416418 -0.0355259962 0.5 p-1 -922597 215
216 122 m2 419035 -0.000685475417 0.5 p-1 -13491 5
22 125 m2 440555 -6.43496605e-05 0.5 p-1 -2008714 1475
92 126 m2 440600 -0.000762704469 0.5 p-1 -43909 71
157 127 m2 445158 -0.0040684226 0.5 p-1 -710324 204
88 128 m2 447635 -0.0106786909 0.5 p-1 -3823892 785
214 129 m2 448771 -1.31156241e-07 0.5 p-1 -78369 16
191 130 m2 449060 -0.0123414528 0.5 p-1 -43769 37
187 131 m2 465314 -0.000398047327 0.5 p-1 -23670 11
199 132 m2 468120 -9.38512585e-06 0.5 p-1 -21883 9
230 135 m2 491908 -0.000513100997 0.5 p-1 -6602 2
266 136 m2 493505 -0.00193407503 0.5 p-1 -102207 7
165 137 m2 493654 -0.0113639021 0.5 p-1 -78605 18
46 138 m2 497607 -0.00243959972 0.5 p-1 -1137881 819
47 139 m2 505971 -1.35212801e-07 0.5 p-1 -7338462 1784
48 140 m2 513950 -0.00025082659 0.5 p-1 -4000533 360
81 141 m2 518809 -0.0308463313 0.5 p-1 -561616 201
144 143 m2 522484 -0.00443725241 0.5 p-1 -14060 8
24 144 m2 528978 -0.000361010287 0.5 p-1 -4210735 642
155 146 m2 532755 -0.0125451917 0.5 p-1 -274923 131
259 147 m2 537490 -0.0027691992 0.5 p-1 -65158 13
198 148 m2 546616 -0.0102430368 0.5 p-1 -27287 5
107 149 m2 546749 -0.0224489458 0.5 p-1 -1005604 344
184 150 m2 551522 -0.0152800865 0.5 p-1 -101860 22
125 151 m2 565864 -0.021086935 0.5 p-1 -51921 12
126 153 m2 569763 -0.0564007126 0.5 p-1 -3526924 233
251 154 m2 570525 -0.00206689537 0.5 p-1 -212732 5
263 155 m2 574313 -0.00343609345 0.5 p-1 -2229 1
250 157 m2 582489 -0.000213201522 0.5 p-1 -42478 1
226 158 m2 587150 -2.69290504e-05 0.5 p-1 -30886 6
115 159 m2 596260 -0.000812625338 0.5 p-1 -371101 225
67 161 m2 596536 -0.0135053704 0.5 p-1 -241009 67
27 162 m2 598278 -0.0203983244 0.5 p-1 -4381204 1766
281 163 m2 611640 -0.0133949919 0.5 p-1 -1877 1
156 164 m2 628640 -0.0157646444 0.5 p-1 -72755 57
173 165 m2 630674 -0.000659676327 0.5 p-1 -201359 92
170 166 m2 636347 -0.00450866716 0.5 p-1 -101643 42
217 167 m2 640489 -0.00498476438 0.5 p-1 -2355 5
118 168 m2 642220 -0.000299209176 0.5 p-1 -297404 11
146 169 m2 642484 -0.017343659 0.5 p-1 -13283 10
188 170 m2 642591 -0.0699500144 0.5 p-1 -44981 39
245 171 m2 646056 -5.02848752e-06 0.5 p-1 -90550 5
200 172 m2 646203 -0.00164985878 0.5 p-1 -2214743 19
153 173 m2 647940 -0.00074654998 0.5 p-1 -128059 70
119 175 m2 657070 -0.00358529761 0.5 p-1 -192979 105
260 177 m2 662748 -0.0288454052 0.5 p-1 -31446 2
139 178 m2 665580 -0.00390136219 0.5 p-1 -41042 61
120 179 m2 665920 -0.0170050394 0.5 p-1 -21153 17
83 180 m2 669627 -0.00279237586 0.5 p-1 -1919413 163
201 181 m2 671075 -0.00141130353 0.5 p-1 -72366 82
73 182 m2 671435 -0.00411666231 0.5 p-1 -384298 247
128 183 m2 675428 -0.0806074217 0.5 p-1 -451414 226
74 185 m2 683738 -0.0176885426 0.5 p-1 -3828701 223
121 187 m2 689082 -0.0275341589 0.5 p-1 -51960 47
179 189 m2 697194 -8.82230743e-05 0.5 p-1 -236483 34
51 190 m2 704673 -0.0114927087 0.5 p-1 -12224647 254
168 191 m2 705940 -0.00254940195 0.5 p-1 -11234 9
195 192 m2 709018 -0.00493902201 0.5 p-1 -92181 31
68 193 m2 733209 -0.0129608037 0.5 p-1 -10897878 692
249 194 m2 734075 -0.00386257493 0.5 p-1 -3763 2
122 195 m2 748863 -0.00255727326 0.5 p-1 -202076 42
108 196 m2 751635 -0.00454140967 0.5 p-1 -14648137 330
101 198 m2 757098 -1.29076852e-05 0.5 p-1 -3644542 243
194 199 m2 765133 -0.000148420484 0.5 p-1 -95290 32
75 200 m2 773893 -3.86977335e-05 0.5 p-1 -4701848 1209
53 201 m2 783108 -7.03734088e-07 0.5 p-1 -12998650 282
205 202 m2 784797 -0.000341874693 0.5 p-1 -188975 8
189 203 m2 788224 -0.0219940469 0.5 p-1 -19176 6
54 204 m2 789493 -0.00747166993 0.5 p-1 -1327016 415
30 205 m2 789698 -0.0232289825 0.5 p-1 -216508 110
207 207 m2 799143 -0.0106413886 0.5 p-1 -120910 17
240 208 m2 805307 -0.000601282227 0.5 p-1 -9912 1
85 209 m2 811041 -0.00684872409 0.5 p-1 -1293882 587
86 210 m2 811892 -5.96868313e-06 0.5 p-1 -3399639 695
252 211 m2 820005 -0.00269338954 0.5 p-1 -15547 2
174 212 m2 822507 -0.00841296464 0.5 p-1 -199939 51
55 213 m2 828029 -0.00544588966 0.5 p-1 -5034854 832
33 214 m2 836502 -0.000170152736 0.5 p-1 -11657742 1448
196 216 m2 839354 -0.0106090978 0.5 p-1 -147723 26
96 217 m2 840453 -3.98374941e-05 0.5 p-1 -164428 92
69 218 m2 841335 -0.00156968588 0.5 p-1 -1816190 363
279 220 m2 850189 -0.0103628049 0.5 p-1 -4798 3
56 221 m2 850443 -0.00820824876 0.5 p-1 -4126760 599
34 222 m2 851341 -4.83470285e-06 0.5 p-1 -1477397 1439
97 224 m2 861654 -0.00235953135 0.5 p-1 -774516 513
193 225 m2 869005 -0.00527449464 0.5 p-1 -87898 29
225 226 m2 870597 -0.00411492959 0.5 p-1 -4960 2
231 228 m2 880341 -0.0134578785 0.5 p-1 -28083 4
57 229 m2 881357 -0.00311751035 0.5 p-1 -2854064 852
36 231 m2 907201 -0.0797946826 0.5 p-1 -1304150 1299
71 232 m2 907431 -0.00181986776 0.5 p-1 -3212032 1286
212 233 m2 907617 -0.000378680124 0.5 p-1 -29265 6
59 236 m2 935938 -5.46327428e-05 0.5 p-1 -99065 96
161 237 m2 941363 -2.58799082e-06 0.5 p-1 -87071 65
37 238 m2 942380 -4.64333061e-05 0.5 p-1 -5108752 1229
60 239 m2 945934 -0.0166768525 0.5 p-1 -1336062 688
76 242 m2 965627 -0.0143688163 0.5 p-1 -342065 354
117 243 m2 966052 -0.0222477335 0.5 p-1 -1503698 4
202 244 m2 966557 -0.000633661286 0.5 p-1 -89677 14
183 245 m2 973674 -9.44171552e-05 0.5 p-1 -26951 21
164 246 m2 981248 -2.64919581e-05 0.5 p-1 -554039 183
109 247 m2 989279 -0.0517229252 0.5 p-1 -1672136 355
130 248 m2 991612 -0.00187367958 0.5 p-1 -2821580 104
93 249 m2 993448 -0.00695863506 0.5 p-1 -544783 225
98 250 m2 996852 -0.00187238329 0.5 p-1 -854663 346
223 253 m2 633388 -0.00011478852 0.5 p0 2 1
236 255 m2 533981 -6.07611073e-05 0.5 p0 2 4
261 259 m2 674295 -0.00133234612 0.5 p0 2 2
242 264 m2 711795 -0.00168623391 0.5 p0 2 3
224 265 m2 615046 -5.04348634e-07 0.5 p0 2 4
288 266 m2 54012 -0.00394084444 0.5 p0 2 1
158 268 m2 446870 -0.0371121578 0.5 p0 2 6
159 269 m2 545836 -0.00160190975 0.5 p0 2 6
278 273 m2 615913 -0.00247224909 0.5 p0 2 1
243 277 m2 699947 -4.56157031e-05 0.5 p0 2 4
276 280 m2 637488 -0.00422363495 0.5 p0 2 3
204 281 m2 472456 -0.00259265699 0.5 p0 2 2
285 286 m2 229384 -0.00229963614 0.5 p0 2 1
268 293 m2 580120 -1.43908537e-05 0.5 p0 2 1
269 296 m2 791148 -0.00501037203 0.5 p0 2 1
235 301 m2 84070 -0.0114381528 0.5 p0 2 5
234 302 m2 72556 -0.00769237708 0.5 p0 2 1
87 306 m1 13544 0 0.5 p-1 -1307845 273
186 307 m1 14679 0 0.5 p-1 -12546 14
180 308 m1 15215 0 0.5 p-1 -34175 27
192 309 m1 28944 0 0.5 p-1 -163076 57
244 310 m1 51470 0 0.5 p-1 -16976 5
286 311 m1 51689 0 0.5 p-1 -8669 1
2 312 m1 63499 0 0.5 p-1 -842162 265
210 313 m1 63935 0 0.5 p-1 -65759 52
4 314 m1 67931 0 0.5 p-1 -4169247 624
131 315 m1 72689 0 0.5 p-1 -1029395 66
5 316 m1 84142 0 0.5 p-1 -875098 139
7 318 m1 127179 0 0.5 p-1 -6372235 1758
61 319 m1 133087 0 0.5 p-1 -9908909 954
185 320 m1 139510 0 0.5 p-1 -45427 15
262 322 m1 149626 0 0.5 p-1 -12785 3
41 323 m1 150600 0 0.5 p-1 -3095856 630
197 324 m1 159428 0 0.5 p-1 -302818 19
129 325 m1 163002 0 0.5 p-1 -67544 39
246 326 m1 170923 0 0.5 p-1 -8911 1
177 328 m1 203269 0 0.5 p-1 -5205 2
11 329 m1 203385 0 0.5 p-1 -8923973 1902
94 330 m1 209900 0 0.5 p-1 -1091456 261
111 331 m1 217391 0 0.5 p-1 -131021 71
258 332 m1 221220 0 0.5 p-1 -8313 2
284 333 m1 221665 0 0.5 p-1 -22149 3
167 335 m1 256251 0 0.5 p-1 -42066 20
44 336 m1 256492 0 0.5 p-1 -2680868 387
227 338 m1 269899 0 0.5 p-1 -3105 4
213 340 m1 293253 0 0.5 p-1 -31557 11
280 341 m1 316201 0 0.5 p-1 -4395 4
222 342 m1 324108 0 0.5 p-1 -110668 2
178 343 m1 355676 0 0.5 p-1 -38642 3
233 345 m1 360248 0 0.5 p-1 -20492 14
66 347 m1 394412 0 0.5 p-1 -1190916 750
228 348 m1 404213 0 0.5 p-1 -22407 5
152 349 m1 405396 0 0.5 p-1 -44442 26
21 350 m1 429927 0 0.5 p-1 -5637792 1483
89 352 m1 484761 0 0.5 p-1 -3734240 134
23 353 m1 488725 0 0.5 p-1 -1609842 571
241 354 m1 495979 0 0.5 p-1 -3612 3
206 355 m1 531837 0 0.5 p-1 -160838 21
25 357 m1 559658 0 0.5 p-1 -2160574 187
124 358 m1 562380 0 0.5 p-1 -167251 179
49 359 m1 563939 0 0.5 p-1 -222770 131
26 360 m1 565022 0 0.5 p-1 -11166704 794
82 361 m1 570545 0 0.5 p-1 -497563 256
254 363 m1 590721 0 0.5 p-1 -32526 8
219 364 m1 599426 0 0.5 p-1 -15610 4
267 365 m1 612190 0 0.5 p-1 -1993 5
256 366 m1 635574 0 0.5 p-1 -33841 3
171 367 m1 654919 0 0.5 p-1 -65699 14
28 368 m1 655069 0 0.5 p-1 -5940017 1409
238 369 m1 655874 0 0.5 p-1 -6076 1
270 370 m1 681689 0 0.5 p-1 -6680 4
50 371 m1 689198 0 0.5 p-1 -3336165 161
116 374 m1 726326 0 0.5 p-1 -4040581 23
135 375 m1 748116 0 0.5 p-1 -1660708 280
52 376 m1 753890 0 0.5 p-1 -161309 84
265 377 m1 768995 0 0.5 p-1 -1639 12
29 378 m1 781002 0 0.5 p-1 -3975919 1149
102 380 m1 791348 0 0.5 p-1 -6136 5
31 381 m1 793919 0 0.5 p-1 -1380959 82
84 382 m1 798894 0 0.5 p-1 -3218238 118
145 384 m1 826626 0 0.5 p-1 -123162 18
32 385 m1 826945 0 0.5 p-1 -5545992 1889
203 386 m1 846561 0 0.5 p-1 -33535 4
70 387 m1 870606 0 0.5 p-1 -2243607 1203
58 390 m1 883672 0 0.5 p-1 -2995809 856
35 392 m1 892539 0 0.5 p-1 -6094372 905
190 394 m1 918381 0 0.5 p-1 -248286 15
90 397 m1 996967 0 0.5 p-1 -126021 51
Individuals:
