Mutations:
109 0 m2 1784 -0.00376188429 0.5 p-1 -95444 68
277 1 m2 3805 -0.00123804982 0.5 p-1 -16112 2
170 2 m2 10504 -0.00415377738 0.5 p-1 -29201 18
45 3 m2 12000 -4.30143446e-05 0.5 p-1 -2007942 561
129 4 m2 18355 -2.25587773e-05 0.5 p-1 -63889 10
166 5 m2 18635 -0.116209738 0.5 p-1 -377518 101
1 6 m2 29027 -0.00049094815 0.5 p-1 -622852 444
2 7 m2 32431 -0.00105191988 0.5 p-1 -6633659 1841
3 8 m2 37252 -0.00722767413 0.5 p-1 -2790069 358
132 10 m2 40362 -0.0115250573 0.5 p-1 -1726216 134
189 11 m2 41506 -0.00600086758 0.5 p-1 -20733 9
211 12 m2 50330 -0.0133372582 0.5 p-1 -5635 1
179 13 m2 64386 -0.000506143086 0.5 p-1 -3146 3
4 14 m2 64920 -0.000390160887 0.5 p-1 -6113261 1308
46 15 m2 65923 -0.000621750019 0.5 p-1 -5524537 1019
135 16 m2 67398 -6.41197548e-05 0.5 p-1 -371346 62
230 19 m2 76118 -0.0240226164 0.5 p-1 -3890 12
203 20 m2 89852 -0.0041346103 0.5 p-1 -16158 14
123 22 m2 106846 -0.000102107202 0.5 p-1 -726585 364
47 23 m2 128045 -1.46970513e-06 0.5 p-1 -1126670 1126
136 25 m2 130099 -0.00313492119 0.5 p-1 -96128 49
6 26 m2 137024 -0.000103343256 0.5 p-1 -1559245 1433
110 27 m2 139385 -0.000703748723 0.5 p-1 -2375662 485
251 28 m2 140558 -0.000292154786 0.5 p-1 -50512 2
79 29 m2 141437 -0.0045693079 0.5 p-1 -2356738 539
48 30 m2 144612 -0.0152274566 0.5 p-1 -7106509 807
138 31 m2 147060 -0.0796695426 0.5 p-1 -1269844 226
188 32 m2 148582 -0.0124478284 0.5 p-1 -16203 1
200 33 m2 148641 -6.49559806e-05 0.5 p-1 -72445 13
147 34 m2 150805 -4.12073359e-06 0.5 p-1 -2381016 113
94 35 m2 154974 -0.0114240684 0.5 p-1 -380902 15
107 36 m2 154988 -0.0102086738 0.5 p-1 -2817187 484
169 37 m2 156988 -0.00150105334 0.5 p-1 -110882 34
7 39 m2 161521 -0.0120836366 0.5 p-1 -3692605 1385
130 40 m2 170189 -0.00507685496 0.5 p-1 -88001 42
8 41 m2 170649 -0.0484165624 0.5 p-1 -5814157 486
254 42 m2 171160 -1.17168393e-05 0.5 p-1 -1046224 2
80 43 m2 171956 -0.0209244378 0.5 p-1 -790413 260
206 44 m2 172559 -0.0108240796 0.5 p-1 -79440 5
256 45 m2 172775 -1.4902057e-05 0.5 p-1 -100636 2
87 47 m2 181191 -0.0145579241 0.5 p-1 -3818299 848
88 48 m2 181340 -0.00246805092 0.5 p-1 -1191793 1013
144 49 m2 184211 -0.00889651012 0.5 p-1 -105096 19
193 50 m2 198254 -4.09247405e-05 0.5 p-1 -180095 110
238 52 m2 201629 -0.000428470667 0.5 p-1 -32109 4
10 54 m2 209137 -0.00799197517 0.5 p-1 -4529082 1048
201 55 m2 209266 -0.016061062 0.5 p-1 -69897 8
283 56 m2 212751 -0.00181885529 0.5 p-1 -44911 3
118 58 m2 226051 -9.12221294e-05 0.5 p-1 -25628 12
89 59 m2 227394 -0.00299290032 0.5 p-1 -312515 136
111 60 m2 231654 -0.032613758 0.5 p-1 -2055407 419
49 61 m2 232458 -0.000316065096 0.5 p-1 -1233865 1172
11 63 m2 252648 -0.0165295061 0.5 p-1 -3759737 1436
137 64 m2 254268 -0.00249786023 0.5 p-1 -3184482 363
287 68 m2 264783 -5.38105414e-05 0.5 p-1 -1781 1
12 69 m2 265834 -0.00157048646 0.5 p-1 -3544421 1242
51 70 m2 273806 -0.00154286181 0.5 p-1 -3230867 979
119 71 m2 275093 -1.44391361e-05 0.5 p-1 -1969217 86
220 72 m2 275137 -0.0145332413 0.5 p-1 -131424 26
133 73 m2 278798 -0.00668193866 0.5 p-1 -1607281 209
108 75 m2 280069 -0.000459232542 0.5 p-1 -427569 173
204 76 m2 281062 -0.0186332017 0.5 p-1 -15600 18
124 77 m2 281965 -0.00794013776 0.5 p-1 -620861 58
13 78 m2 284355 -0.00736533012 0.5 p-1 -1258512 663
52 79 m2 287957 -0.00509102503 0.5 p-1 -1579756 946
112 80 m2 289472 -0.036242459 0.5 p-1 -737357 216
53 82 m2 293994 -0.00152931875 0.5 p-1 -3296443 1296
266 83 m2 295520 -0.02636021 0.5 p-1 -6360 3
191 84 m2 316336 -0.000415604212 0.5 p-1 -165161 58
226 85 m2 321648 -0.000226434437 0.5 p-1 -11191 7
126 86 m2 323993 -0.0147517873 0.5 p-1 -702303 385
221 87 m2 326135 -0.00039672674 0.5 p-1 -172689 7
171 88 m2 326214 -0.00152629009 0.5 p-1 -1531048 39
243 90 m2 328634 -0.00224823086 0.5 p-1 -175049 2
150 91 m2 333254 -0.00820268318 0.5 p-1 -734526 127
14 92 m2 337108 -0.0107673127 0.5 p-1 -7404197 1052
231 93 m2 337517 -0.00114168646 0.5 p-1 -4740 5
249 95 m2 342251 -0.000110024659 0.5 p-1 -4328 4
120 97 m2 348947 -0.000193689717 0.5 p-1 -7670984 300
15 98 m2 351451 -0.0134342546 0.5 p-1 -5672550 1349
278 99 m2 358126 -0.000483908545 0.5 p-1 -11589 2
90 100 m2 364063 -0.000819455425 0.5 p-1 -2768829 174
102 101 m2 365766 -0.0770608038 0.5 p-1 -1278999 457
127 102 m2 366881 -0.0123287616 0.5 p-1 -132357 141
148 103 m2 368186 -0.000131745619 0.5 p-1 -996138 26
177 105 m2 374462 -0.0216925871 0.5 p-1 -329422 102
247 107 m2 376866 -0.0150636192 0.5 p-1 -1833 4
66 108 m2 380657 -1.77282473e-05 0.5 p-1 -1288846 233
195 109 m2 385324 -0.000835285464 0.5 p-1 -61349 11
260 110 m2 385472 -0.00969035178 0.5 p-1 -21006 1
183 112 m2 396365 -0.00333755766 0.5 p-1 -2684075 44
264 114 m2 396842 -0.00486049196 0.5 p-1 -4211 2
16 115 m2 402773 -0.00204716413 0.5 p-1 -1873572 1624
67 116 m2 408260 -0.00721153431 0.5 p-1 -79279 99
153 117 m2 409599 -0.00107076124 0.5 p-1 -2009335 78
173 118 m2 410488 -0.0133841308 0.5 p-1 -1623 1
253 119 m2 410512 -0.0131890858 0.5 p-1 -88038 3
68 120 m2 411678 -0.0014885331 0.5 p-1 -2913765 585
97 121 m2 416418 -0.0355259962 0.5 p-1 -922597 234
257 122 m2 419035 -0.000685475417 0.5 p-1 -13491 5
295 124 m2 434171 -0.000734877074 0.5 p-1 -79054 1
55 125 m2 440555 -6.43496605e-05 0.5 p-1 -2008714 1325
178 126 m2 440600 -0.000762704469 0.5 p-1 -43909 44
146 127 m2 445158 -0.0040684226 0.5 p-1 -710324 166
69 128 m2 447635 -0.0106786909 0.5 p-1 -3823892 819
180 129 m2 448771 -1.31156241e-07 0.5 p-1 -78369 24
158 130 m2 449060 -0.0123414528 0.5 p-1 -43769 68
95 131 m2 465314 -0.000398047327 0.5 p-1 -23670 11
167 132 m2 468120 -9.38512585e-06 0.5 p-1 -21883 21
285 135 m2 491908 -0.000513100997 0.5 p-1 -6602 4
290 136 m2 493505 -0.00193407503 0.5 p-1 -102207 2
240 137 m2 493654 -0.0113639021 0.5 p-1 -78605 4
56 138 m2 497607 -0.00243959972 0.5 p-1 -1137881 926
18 139 m2 505971 -1.35212801e-07 0.5 p-1 -7338462 1795
113 140 m2 513950 -0.00025082659 0.5 p-1 -4000533 329
82 141 m2 518809 -0.0308463313 0.5 p-1 -561616 229
159 143 m2 522484 -0.00443725241 0.5 p-1 -14060 16
19 144 m2 528978 -0.000361010287 0.5 p-1 -4210735 693
20 146 m2 532755 -0.0125451917 0.5 p-1 -274923 139
272 148 m2 546616 -0.0102430368 0.5 p-1 -27287 4
125 149 m2 546749 -0.0224489458 0.5 p-1 -1005604 358
190 150 m2 551522 -0.0152800865 0.5 p-1 -101860 25
239 151 m2 565864 -0.021086935 0.5 p-1 -51921 5
91 153 m2 569763 -0.0564007126 0.5 p-1 -3526924 194
227 154 m2 570525 -0.00206689537 0.5 p-1 -212732 14
276 155 m2 574313 -0.00343609345 0.5 p-1 -2229 2
222 157 m2 582489 -0.000213201522 0.5 p-1 -42478 10
217 158 m2 587150 -2.69290504e-05 0.5 p-1 -30886 1
71 159 m2 596260 -0.000812625338 0.5 p-1 -371101 279
213 161 m2 596536 -0.0135053704 0.5 p-1 -241009 44
21 162 m2 598278 -0.0203983244 0.5 p-1 -4381204 1742
202 163 m2 611640 -0.0133949919 0.5 p-1 -1877 5
131 164 m2 628640 -0.0157646444 0.5 p-1 -72755 35
172 165 m2 630674 -0.000659676327 0.5 p-1 -201359 74
154 166 m2 636347 -0.00450866716 0.5 p-1 -101643 36
279 167 m2 640489 -0.00498476438 0.5 p-1 -2355 2
196 168 m2 642220 -0.000299209176 0.5 p-1 -297404 16
219 169 m2 642484 -0.017343659 0.5 p-1 -13283 4
72 170 m2 642591 -0.0699500144 0.5 p-1 -44981 36
225 171 m2 646056 -5.02848752e-06 0.5 p-1 -90550 6
23 172 m2 646203 -0.00164985878 0.5 p-1 -2214743 29
165 173 m2 647940 -0.00074654998 0.5 p-1 -128059 72
134 175 m2 657070 -0.00358529761 0.5 p-1 -192979 158
121 178 m2 665580 -0.00390136219 0.5 p-1 -41042 74
250 179 m2 665920 -0.0170050394 0.5 p-1 -21153 22
151 180 m2 669627 -0.00279237586 0.5 p-1 -1919413 135
141 181 m2 671075 -0.00141130353 0.5 p-1 -72366 96
25 182 m2 671435 -0.00411666231 0.5 p-1 -384298 216
128 183 m2 675428 -0.0806074217 0.5 p-1 -451414 210
142 185 m2 683738 -0.0176885426 0.5 p-1 -3828701 241
149 187 m2 689082 -0.0275341589 0.5 p-1 -51960 47
176 189 m2 697194 -8.82230743e-05 0.5 p-1 -236483 47
73 190 m2 704673 -0.0114927087 0.5 p-1 -12224647 300
294 191 m2 705940 -0.00254940195 0.5 p-1 -11234 1
162 192 m2 709018 -0.00493902201 0.5 p-1 -92181 21
74 193 m2 733209 -0.0129608037 0.5 p-1 -10897878 730
140 195 m2 748863 -0.00255727326 0.5 p-1 -202076 41
26 196 m2 751635 -0.00454140967 0.5 p-1 -14648137 374
27 198 m2 757098 -1.29076852e-05 0.5 p-1 -3644542 299
84 199 m2 765133 -0.000148420484 0.5 p-1 -95290 21
28 200 m2 773893 -3.86977335e-05 0.5 p-1 -4701848 1131
30 201 m2 783108 -7.03734088e-07 0.5 p-1 -12998650 304
168 202 m2 784797 -0.000341874693 0.5 p-1 -188975 30
228 203 m2 788224 -0.0219940469 0.5 p-1 -19176 21
31 204 m2 789493 -0.00747166993 0.5 p-1 -1327016 393
104 205 m2 789698 -0.0232289825 0.5 p-1 -216508 125
229 207 m2 799143 -0.0106413886 0.5 p-1 -120910 19
274 208 m2 805307 -0.000601282227 0.5 p-1 -9912 1
32 209 m2 811041 -0.00684872409 0.5 p-1 -1293882 552
33 210 m2 811892 -5.96868313e-06 0.5 p-1 -3399639 636
205 211 m2 820005 -0.00269338954 0.5 p-1 -15547 14
163 212 m2 822507 -0.00841296464 0.5 p-1 -199939 84
60 213 m2 828029 -0.00544588966 0.5 p-1 -5034854 909
35 214 m2 836502 -0.000170152736 0.5 p-1 -11657742 1417
99 216 m2 839354 -0.0106090978 0.5 p-1 -147723 26
61 217 m2 840453 -3.98374941e-05 0.5 p-1 -164428 56
36 218 m2 841335 -0.00156968588 0.5 p-1 -1816190 477
271 219 m2 850044 -0.000403351005 0.5 p-1 -2088 4
246 220 m2 850189 -0.0103628049 0.5 p-1 -4798 5
37 221 m2 850443 -0.00820824876 0.5 p-1 -4126760 615
38 222 m2 851341 -4.83470285e-06 0.5 p-1 -1477397 1382
62 224 m2 861654 -0.00235953135 0.5 p-1 -774516 500
116 225 m2 869005 -0.00527449464 0.5 p-1 -87898 31
242 226 m2 870597 -0.00411492959 0.5 p-1 -4960 10
117 229 m2 881357 -0.00311751035 0.5 p-1 -2854064 755
40 231 m2 907201 -0.0797946826 0.5 p-1 -1304150 1235
41 232 m2 907431 -0.00181986776 0.5 p-1 -3212032 1226
255 233 m2 907617 -0.000378680124 0.5 p-1 -29265 8
152 236 m2 935938 -5.46327428e-05 0.5 p-1 -99065 85
174 237 m2 941363 -2.58799082e-06 0.5 p-1 -87071 38
42 238 m2 942380 -4.64333061e-05 0.5 p-1 -5108752 1311
43 239 m2 945934 -0.0166768525 0.5 p-1 -1336062 651
223 240 m2 959917 -0.00750246784 0.5 p-1 -1445 12
77 242 m2 965627 -0.0143688163 0.5 p-1 -342065 419
122 244 m2 966557 -0.000633661286 0.5 p-1 -89677 15
156 245 m2 973674 -9.44171552e-05 0.5 p-1 -26951 22
92 246 m2 981248 -2.64919581e-05 0.5 p-1 -554039 253
44 247 m2 989279 -0.0517229252 0.5 p-1 -1672136 327
63 248 m2 991612 -0.00187367958 0.5 p-1 -2821580 103
192 249 m2 993448 -0.00695863506 0.5 p-1 -544783 190
64 250 m2 996852 -0.00187238329 0.5 p-1 -854663 357
106 252 m2 117599 -0.0201024469 0.5 p0 2 9
268 253 m2 633388 -0.00011478852 0.5 p0 2 1
293 260 m2 307346 -0.00824166462 0.5 p0 2 1
269 264 m2 711795 -0.00168623391 0.5 p0 2 1
281 266 m2 54012 -0.00394084444 0.5 p0 2 1
261 271 m2 695457 -0.00773805892 0.5 p0 2 4
262 275 m2 259270 -0.0162848979 0.5 p0 2 2
273 278 m2 910936 -0.0328366011 0.5 p0 2 1
248 279 m2 548670 -4.78564107e-06 0.5 p0 2 1
289 280 m2 637488 -0.00422363495 0.5 p0 2 2
270 282 m2 576908 -0.00156376045 0.5 p0 2 1
284 283 m2 27219 -7.67102101e-05 0.5 p0 2 3
182 287 m2 536725 -5.49353754e-05 0.5 p0 2 9
282 288 m2 167386 -0.0424120985 0.5 p0 2 3
232 289 m2 135467 -0.000127262843 0.5 p0 2 2
259 290 m2 486407 -0.000141623255 0.5 p0 2 4
291 292 m2 376056 -0.000363263156 0.5 p0 2 1
186 295 m2 639282 -4.71446633e-08 0.5 p0 2 5
194 299 m2 717279 -0.000197640416 0.5 p0 2 6
0 306 m1 13544 0 0.5 p-1 -1307845 256
145 307 m1 14679 0 0.5 p-1 -12546 4
157 308 m1 15215 0 0.5 p-1 -34175 33
105 309 m1 28944 0 0.5 p-1 -163076 54
267 310 m1 51470 0 0.5 p-1 -16976 3
263 311 m1 51689 0 0.5 p-1 -8669 1
93 312 m1 63499 0 0.5 p-1 -842162 204
187 313 m1 63935 0 0.5 p-1 -65759 23
100 314 m1 67931 0 0.5 p-1 -4169247 510
78 315 m1 72689 0 0.5 p-1 -1029395 50
164 316 m1 84142 0 0.5 p-1 -875098 70
5 318 m1 127179 0 0.5 p-1 -6372235 1719
65 319 m1 133087 0 0.5 p-1 -9908909 917
234 320 m1 139510 0 0.5 p-1 -45427 4
207 321 m1 142727 0 0.5 p-1 -310 3
292 322 m1 149626 0 0.5 p-1 -12785 1
101 323 m1 150600 0 0.5 p-1 -3095856 691
208 324 m1 159428 0 0.5 p-1 -302818 11
86 325 m1 163002 0 0.5 p-1 -67544 37
245 326 m1 170923 0 0.5 p-1 -8911 6
252 328 m1 203269 0 0.5 p-1 -5205 5
9 329 m1 203385 0 0.5 p-1 -8923973 1943
81 330 m1 209900 0 0.5 p-1 -1091456 205
161 331 m1 217391 0 0.5 p-1 -131021 66
210 332 m1 221220 0 0.5 p-1 -8313 1
236 333 m1 221665 0 0.5 p-1 -22149 6
184 335 m1 256251 0 0.5 p-1 -42066 22
50 336 m1 256492 0 0.5 p-1 -2680868 439
280 338 m1 269899 0 0.5 p-1 -3105 1
197 339 m1 285897 0 0.5 p-1 -2044 2
139 340 m1 293253 0 0.5 p-1 -31557 20
214 342 m1 324108 0 0.5 p-1 -110668 2
288 344 m1 356970 0 0.5 p-1 -43908 1
212 345 m1 360248 0 0.5 p-1 -20492 20
241 346 m1 373163 0 0.5 p-1 -9646 2
54 347 m1 394412 0 0.5 p-1 -1190916 809
198 348 m1 404213 0 0.5 p-1 -22407 3
175 349 m1 405396 0 0.5 p-1 -44442 28
17 350 m1 429927 0 0.5 p-1 -5637792 1369
96 352 m1 484761 0 0.5 p-1 -3734240 115
70 353 m1 488725 0 0.5 p-1 -1609842 545
83 355 m1 531837 0 0.5 p-1 -160838 28
114 357 m1 559658 0 0.5 p-1 -2160574 171
57 358 m1 562380 0 0.5 p-1 -167251 150
103 359 m1 563939 0 0.5 p-1 -222770 119
58 360 m1 565022 0 0.5 p-1 -11166704 824
59 361 m1 570545 0 0.5 p-1 -497563 234
199 363 m1 590721 0 0.5 p-1 -32526 8
286 364 m1 599426 0 0.5 p-1 -15610 2
22 365 m1 612190 0 0.5 p-1 -1993 18
224 366 m1 635574 0 0.5 p-1 -33841 14
233 367 m1 654919 0 0.5 p-1 -65699 5
24 368 m1 655069 0 0.5 p-1 -5940017 1429
215 369 m1 655874 0 0.5 p-1 -6076 14
275 370 m1 681689 0 0.5 p-1 -6680 2
143 371 m1 689198 0 0.5 p-1 -3336165 167
216 374 m1 726326 0 0.5 p-1 -4040581 20
75 375 m1 748116 0 0.5 p-1 -1660708 259
98 376 m1 753890 0 0.5 p-1 -161309 70
244 377 m1 768995 0 0.5 p-1 -1639 5
29 378 m1 781002 0 0.5 p-1 -3975919 1106
218 380 m1 791348 0 0.5 p-1 -6136 6
115 381 m1 793919 0 0.5 p-1 -1380959 100
155 382 m1 798894 0 0.5 p-1 -3218238 119
258 383 m1 821503 0 0.5 p-1 -37028 4
181 384 m1 826626 0 0.5 p-1 -123162 34
34 385 m1 826945 0 0.5 p-1 -5545992 1886
39 387 m1 870606 0 0.5 p-1 -2243607 1131
265 389 m1 879917 0 0.5 p-1 -16025 5
76 390 m1 883672 0 0.5 p-1 -2995809 764
209 391 m1 889446 0 0.5 p-1 -43031 5
85 392 m1 892539 0 0.5 p-1 -6094372 954
237 393 m1 917885 0 0.5 p-1 -2643 2
185 394 m1 918381 0 0.5 p-1 -248286 11
235 395 m1 922625 0 0.5 p-1 -13851 5
160 397 m1 996967 0 0.5 p-1 -126021 77
Individuals:
