Mutations:
150 0 m2 1784 -0.00376188429 0.5 p-1 -95444 59
203 1 m2 3805 -0.00123804982 0.5 p-1 -16112 1
130 2 m2 10504 -0.00415377738 0.5 p-1 -29201 21
103 3 m2 12000 -4.30143446e-05 0.5 p-1 -2007942 569
204 4 m2 18355 -2.25587773e-05 0.5 p-1 -63889 15
88 5 m2 18635 -0.116209738 0.5 p-1 -377518 99
106 6 m2 29027 -0.00049094815 0.5 p-1 -622852 418
0 7 m2 32431 -0.00105191988 0.5 p-1 -6633659 1890
131 8 m2 37252 -0.00722767413 0.5 p-1 -2790069 396
132 10 m2 40362 -0.0115250573 0.5 p-1 -1726216 153
146 11 m2 41506 -0.00600086758 0.5 p-1 -20733 16
149 12 m2 50330 -0.0133372582 0.5 p-1 -5635 5
217 13 m2 64386 -0.000506143086 0.5 p-1 -3146 3
38 14 m2 64920 -0.000390160887 0.5 p-1 -6113261 1352
39 15 m2 65923 -0.000621750019 0.5 p-1 -5524537 1038
174 16 m2 67398 -6.41197548e-05 0.5 p-1 -371346 74
211 19 m2 76118 -0.0240226164 0.5 p-1 -3890 8
184 20 m2 89852 -0.0041346103 0.5 p-1 -16158 14
79 22 m2 106846 -0.000102107202 0.5 p-1 -726585 381
2 23 m2 128045 -1.46970513e-06 0.5 p-1 -1126670 1102
121 25 m2 130099 -0.00313492119 0.5 p-1 -96128 42
4 26 m2 137024 -0.000103343256 0.5 p-1 -1559245 1367
41 27 m2 139385 -0.000703748723 0.5 p-1 -2375662 472
253 28 m2 140558 -0.000292154786 0.5 p-1 -50512 4
42 29 m2 141437 -0.0045693079 0.5 p-1 -2356738 491
5 30 m2 144612 -0.0152274566 0.5 p-1 -7106509 784
6 31 m2 147060 -0.0796695426 0.5 p-1 -1269844 251
284 32 m2 148582 -0.0124478284 0.5 p-1 -16203 3
249 33 m2 148641 -6.49559806e-05 0.5 p-1 -72445 6
166 34 m2 150805 -4.12073359e-06 0.5 p-1 -2381016 118
227 35 m2 154974 -0.0114240684 0.5 p-1 -380902 12
43 36 m2 154988 -0.0102086738 0.5 p-1 -2817187 428
182 37 m2 156988 -0.00150105334 0.5 p-1 -110882 41
44 39 m2 161521 -0.0120836366 0.5 p-1 -3692605 1358
156 40 m2 170189 -0.00507685496 0.5 p-1 -88001 43
7 41 m2 170649 -0.0484165624 0.5 p-1 -5814157 542
187 42 m2 171160 -1.17168393e-05 0.5 p-1 -1046224 5
45 43 m2 171956 -0.0209244378 0.5 p-1 -790413 201
168 44 m2 172559 -0.0108240796 0.5 p-1 -79440 8
237 45 m2 172775 -1.4902057e-05 0.5 p-1 -100636 4
80 47 m2 181191 -0.0145579241 0.5 p-1 -3818299 925
46 48 m2 181340 -0.00246805092 0.5 p-1 -1191793 1123
235 49 m2 184211 -0.00889651012 0.5 p-1 -105096 18
139 50 m2 198254 -4.09247405e-05 0.5 p-1 -180095 130
239 52 m2 201629 -0.000428470667 0.5 p-1 -32109 8
71 54 m2 209137 -0.00799197517 0.5 p-1 -4529082 1000
212 55 m2 209266 -0.016061062 0.5 p-1 -69897 5
108 56 m2 212751 -0.00181885529 0.5 p-1 -44911 8
214 57 m2 223881 -0.00639757235 0.5 p-1 -248065 4
153 58 m2 226051 -9.12221294e-05 0.5 p-1 -25628 15
140 59 m2 227394 -0.00299290032 0.5 p-1 -312515 134
47 60 m2 231654 -0.032613758 0.5 p-1 -2055407 415
48 61 m2 232458 -0.000316065096 0.5 p-1 -1233865 1241
9 63 m2 252648 -0.0165295061 0.5 p-1 -3759737 1431
72 64 m2 254268 -0.00249786023 0.5 p-1 -3184482 300
277 68 m2 264783 -5.38105414e-05 0.5 p-1 -1781 3
10 69 m2 265834 -0.00157048646 0.5 p-1 -3544421 1234
49 70 m2 273806 -0.00154286181 0.5 p-1 -3230867 974
99 71 m2 275093 -1.44391361e-05 0.5 p-1 -1969217 98
215 72 m2 275137 -0.0145332413 0.5 p-1 -131424 27
73 73 m2 278798 -0.00668193866 0.5 p-1 -1607281 271
133 75 m2 280069 -0.000459232542 0.5 p-1 -427569 147
216 76 m2 281062 -0.0186332017 0.5 p-1 -15600 5
163 77 m2 281965 -0.00794013776 0.5 p-1 -620861 59
11 78 m2 284355 -0.00736533012 0.5 p-1 -1258512 649
81 79 m2 287957 -0.00509102503 0.5 p-1 -1579756 969
136 80 m2 289472 -0.036242459 0.5 p-1 -737357 173
236 81 m2 293922 -0.00100406131 0.5 p-1 -17926 3
12 82 m2 293994 -0.00152931875 0.5 p-1 -3296443 1372
287 83 m2 295520 -0.02636021 0.5 p-1 -6360 1
151 84 m2 316336 -0.000415604212 0.5 p-1 -165161 57
303 85 m2 321648 -0.000226434437 0.5 p-1 -11191 3
109 86 m2 323993 -0.0147517873 0.5 p-1 -702303 383
176 87 m2 326135 -0.00039672674 0.5 p-1 -172689 10
193 88 m2 326214 -0.00152629009 0.5 p-1 -1531048 21
259 90 m2 328634 -0.00224823086 0.5 p-1 -175049 6
100 91 m2 333254 -0.00820268318 0.5 p-1 -734526 115
50 92 m2 337108 -0.0107673127 0.5 p-1 -7404197 1135
202 93 m2 337517 -0.00114168646 0.5 p-1 -4740 6
294 95 m2 342251 -0.000110024659 0.5 p-1 -4328 1
89 97 m2 348947 -0.000193689717 0.5 p-1 -7670984 269
51 98 m2 351451 -0.0134342546 0.5 p-1 -5672550 1374
283 99 m2 358126 -0.000483908545 0.5 p-1 -11589 4
158 100 m2 364063 -0.000819455425 0.5 p-1 -2768829 187
52 101 m2 365766 -0.0770608038 0.5 p-1 -1278999 438
201 102 m2 366881 -0.0123287616 0.5 p-1 -132357 113
134 103 m2 368186 -0.000131745619 0.5 p-1 -996138 28
82 105 m2 374462 -0.0216925871 0.5 p-1 -329422 83
242 107 m2 376866 -0.0150636192 0.5 p-1 -1833 5
53 108 m2 380657 -1.77282473e-05 0.5 p-1 -1288846 176
190 109 m2 385324 -0.000835285464 0.5 p-1 -61349 8
263 110 m2 385472 -0.00969035178 0.5 p-1 -21006 6
13 112 m2 396365 -0.00333755766 0.5 p-1 -2684075 48
247 114 m2 396842 -0.00486049196 0.5 p-1 -4211 3
14 115 m2 402773 -0.00204716413 0.5 p-1 -1873572 1577
110 116 m2 408260 -0.00721153431 0.5 p-1 -79279 98
159 117 m2 409599 -0.00107076124 0.5 p-1 -2009335 50
221 118 m2 410488 -0.0133841308 0.5 p-1 -1623 4
255 119 m2 410512 -0.0131890858 0.5 p-1 -88038 9
55 120 m2 411678 -0.0014885331 0.5 p-1 -2913765 623
15 121 m2 416418 -0.0355259962 0.5 p-1 -922597 284
293 122 m2 419035 -0.000685475417 0.5 p-1 -13491 5
270 124 m2 434171 -0.000734877074 0.5 p-1 -79054 4
17 125 m2 440555 -6.43496605e-05 0.5 p-1 -2008714 1360
154 126 m2 440600 -0.000762704469 0.5 p-1 -43909 64
135 127 m2 445158 -0.0040684226 0.5 p-1 -710324 189
56 128 m2 447635 -0.0106786909 0.5 p-1 -3823892 763
218 129 m2 448771 -1.31156241e-07 0.5 p-1 -78369 21
118 130 m2 449060 -0.0123414528 0.5 p-1 -43769 53
183 131 m2 465314 -0.000398047327 0.5 p-1 -23670 12
137 132 m2 468120 -9.38512585e-06 0.5 p-1 -21883 20
223 135 m2 491908 -0.000513100997 0.5 p-1 -6602 2
229 136 m2 493505 -0.00193407503 0.5 p-1 -102207 3
231 137 m2 493654 -0.0113639021 0.5 p-1 -78605 8
74 138 m2 497607 -0.00243959972 0.5 p-1 -1137881 835
19 139 m2 505971 -1.35212801e-07 0.5 p-1 -7338462 1785
90 140 m2 513950 -0.00025082659 0.5 p-1 -4000533 413
144 141 m2 518809 -0.0308463313 0.5 p-1 -561616 201
169 143 m2 522484 -0.00443725241 0.5 p-1 -14060 14
20 144 m2 528978 -0.000361010287 0.5 p-1 -4210735 669
148 146 m2 532755 -0.0125451917 0.5 p-1 -274923 125
95 148 m2 546616 -0.0102430368 0.5 p-1 -27287 10
101 149 m2 546749 -0.0224489458 0.5 p-1 -1005604 327
75 150 m2 551522 -0.0152800865 0.5 p-1 -101860 19
195 151 m2 565864 -0.021086935 0.5 p-1 -51921 12
21 153 m2 569763 -0.0564007126 0.5 p-1 -3526924 199
292 154 m2 570525 -0.00206689537 0.5 p-1 -212732 3
233 155 m2 574313 -0.00343609345 0.5 p-1 -2229 2
275 156 m2 575065 -0.000516380649 0.5 p-1 -2574 1
271 158 m2 587150 -2.69290504e-05 0.5 p-1 -30886 2
145 159 m2 596260 -0.000812625338 0.5 p-1 -371101 257
198 160 m2 596499 -0.00226160209 0.5 p-1 -18262 1
160 161 m2 596536 -0.0135053704 0.5 p-1 -241009 58
22 162 m2 598278 -0.0203983244 0.5 p-1 -4381204 1740
309 163 m2 611640 -0.0133949919 0.5 p-1 -1877 3
124 164 m2 628640 -0.0157646444 0.5 p-1 -72755 60
83 165 m2 630674 -0.000659676327 0.5 p-1 -201359 90
111 166 m2 636347 -0.00450866716 0.5 p-1 -101643 41
245 167 m2 640489 -0.00498476438 0.5 p-1 -2355 3
254 168 m2 642220 -0.000299209176 0.5 p-1 -297404 3
181 169 m2 642484 -0.017343659 0.5 p-1 -13283 7
164 170 m2 642591 -0.0699500144 0.5 p-1 -44981 28
191 171 m2 646056 -5.02848752e-06 0.5 p-1 -90550 8
232 172 m2 646203 -0.00164985878 0.5 p-1 -2214743 21
155 173 m2 647940 -0.00074654998 0.5 p-1 -128059 47
23 175 m2 657070 -0.00358529761 0.5 p-1 -192979 106
260 177 m2 662748 -0.0288454052 0.5 p-1 -31446 2
59 178 m2 665580 -0.00390136219 0.5 p-1 -41042 79
228 179 m2 665920 -0.0170050394 0.5 p-1 -21153 9
102 180 m2 669627 -0.00279237586 0.5 p-1 -1919413 156
141 181 m2 671075 -0.00141130353 0.5 p-1 -72366 60
24 182 m2 671435 -0.00411666231 0.5 p-1 -384298 263
177 183 m2 675428 -0.0806074217 0.5 p-1 -451414 230
295 184 m2 681445 -0.00678014616 0.5 p-1 -400844 2
25 185 m2 683738 -0.0176885426 0.5 p-1 -3828701 225
189 187 m2 689082 -0.0275341589 0.5 p-1 -51960 35
26 189 m2 697194 -8.82230743e-05 0.5 p-1 -236483 40
143 190 m2 704673 -0.0114927087 0.5 p-1 -12224647 267
257 191 m2 705940 -0.00254940195 0.5 p-1 -11234 6
180 192 m2 709018 -0.00493902201 0.5 p-1 -92181 14
77 193 m2 733209 -0.0129608037 0.5 p-1 -10897878 754
266 194 m2 734075 -0.00386257493 0.5 p-1 -3763 3
185 195 m2 748863 -0.00255727326 0.5 p-1 -202076 39
78 196 m2 751635 -0.00454140967 0.5 p-1 -14648137 346
84 198 m2 757098 -1.29076852e-05 0.5 p-1 -3644542 272
230 199 m2 765133 -0.000148420484 0.5 p-1 -95290 26
27 200 m2 773893 -3.86977335e-05 0.5 p-1 -4701848 1154
61 201 m2 783108 -7.03734088e-07 0.5 p-1 -12998650 265
219 202 m2 784797 -0.000341874693 0.5 p-1 -188975 18
226 203 m2 788224 -0.0219940469 0.5 p-1 -19176 9
105 204 m2 789493 -0.00747166993 0.5 p-1 -1327016 404
62 205 m2 789698 -0.0232289825 0.5 p-1 -216508 114
186 207 m2 799143 -0.0106413886 0.5 p-1 -120910 7
320 208 m2 805307 -0.000601282227 0.5 p-1 -9912 2
92 209 m2 811041 -0.00684872409 0.5 p-1 -1293882 634
63 210 m2 811892 -5.96868313e-06 0.5 p-1 -3399639 738
170 211 m2 820005 -0.00269338954 0.5 p-1 -15547 8
197 212 m2 822507 -0.00841296464 0.5 p-1 -199939 79
64 213 m2 828029 -0.00544588966 0.5 p-1 -5034854 860
30 214 m2 836502 -0.000170152736 0.5 p-1 -11657742 1411
129 216 m2 839354 -0.0106090978 0.5 p-1 -147723 29
125 217 m2 840453 -3.98374941e-05 0.5 p-1 -164428 72
113 218 m2 841335 -0.00156968588 0.5 p-1 -1816190 368
307 219 m2 850044 -0.000403351005 0.5 p-1 -2088 2
250 220 m2 850189 -0.0103628049 0.5 p-1 -4798 2
85 221 m2 850443 -0.00820824876 0.5 p-1 -4126760 583
31 222 m2 851341 -4.83470285e-06 0.5 p-1 -1477397 1368
86 224 m2 861654 -0.00235953135 0.5 p-1 -774516 499
246 225 m2 869005 -0.00527449464 0.5 p-1 -87898 22
280 226 m2 870597 -0.00411492959 0.5 p-1 -4960 2
258 227 m2 875667 -0.000112134163 0.5 p-1 -40430 3
194 228 m2 880341 -0.0134578785 0.5 p-1 -28083 2
32 229 m2 881357 -0.00311751035 0.5 p-1 -2854064 806
33 231 m2 907201 -0.0797946826 0.5 p-1 -1304150 1348
34 232 m2 907431 -0.00181986776 0.5 p-1 -3212032 1289
210 233 m2 907617 -0.000378680124 0.5 p-1 -29265 9
97 236 m2 935938 -5.46327428e-05 0.5 p-1 -99065 145
98 237 m2 941363 -2.58799082e-06 0.5 p-1 -87071 65
35 238 m2 942380 -4.64333061e-05 0.5 p-1 -5108752 1253
67 239 m2 945934 -0.0166768525 0.5 p-1 -1336062 681
179 240 m2 959917 -0.00750246784 0.5 p-1 -1445 2
36 242 m2 965627 -0.0143688163 0.5 p-1 -342065 349
278 243 m2 966052 -0.0222477335 0.5 p-1 -1503698 2
167 244 m2 966557 -0.000633661286 0.5 p-1 -89677 14
165 245 m2 973674 -9.44171552e-05 0.5 p-1 -26951 18
93 246 m2 981248 -2.64919581e-05 0.5 p-1 -554039 228
68 247 m2 989279 -0.0517229252 0.5 p-1 -1672136 360
119 248 m2 991612 -0.00187367958 0.5 p-1 -2821580 95
37 249 m2 993448 -0.00695863506 0.5 p-1 -544783 212
120 250 m2 996852 -0.00187238329 0.5 p-1 -854663 327
208 252 m2 117599 -0.0201024469 0.5 p0 2 4
172 253 m2 633388 -0.00011478852 0.5 p0 2 3
297 254 m2 278450 -0.000739823736 0.5 p0 2 1
274 255 m2 533981 -6.07611073e-05 0.5 p0 2 2
305 256 m2 705677 -0.0184683874 0.5 p0 2 1
285 257 m2 283170 -8.30487406e-05 0.5 p0 2 3
286 259 m2 674295 -0.00133234612 0.5 p0 2 1
315 260 m2 307346 -0.00824166462 0.5 p0 2 2
312 261 m2 548179 -0.000194148684 0.5 p0 2 1
308 262 m2 241538 -5.77201354e-05 0.5 p0 2 1
296 264 m2 711795 -0.00168623391 0.5 p0 2 2
319 266 m2 54012 -0.00394084444 0.5 p0 2 1
322 267 m2 902274 -0.00372139039 0.5 p0 2 1
300 268 m2 446870 -0.0371121578 0.5 p0 2 1
301 269 m2 545836 -0.00160190975 0.5 p0 2 1
244 270 m2 133432 -0.0112841856 0.5 p0 2 1
316 271 m2 695457 -0.00773805892 0.5 p0 2 1
318 272 m2 864290 -0.00719748996 0.5 p0 2 1
220 273 m2 615913 -0.00247224909 0.5 p0 2 2
281 274 m2 544451 -0.00383191463 0.5 p0 2 1
311 275 m2 259270 -0.0162848979 0.5 p0 2 1
256 278 m2 910936 -0.0328366011 0.5 p0 2 3
252 279 m2 548670 -4.78564107e-06 0.5 p0 2 3
298 280 m2 637488 -0.00422363495 0.5 p0 2 1
304 283 m2 27219 -7.67102101e-05 0.5 p0 2 1
323 286 m2 229384 -0.00229963614 0.5 p0 2 1
321 287 m2 536725 -5.49353754e-05 0.5 p0 2 1
317 288 m2 167386 -0.0424120985 0.5 p0 2 1
302 289 m2 135467 -0.000127262843 0.5 p0 2 3
272 291 m2 432755 -0.0158289485 0.5 p0 2 1
279 292 m2 376056 -0.000363263156 0.5 p0 2 1
289 293 m2 580120 -1.43908537e-05 0.5 p0 2 2
248 296 m2 791148 -0.00501037203 0.5 p0 2 2
282 298 m2 543977 -0.000228194782 0.5 p0 2 3
205 299 m2 717279 -0.000197640416 0.5 p0 2 1
240 300 m2 153336 -0.0276141018 0.5 p0 2 1
310 304 m2 392867 -0.0941338539 0.5 p0 2 1
138 306 m1 13544 0 0.5 p-1 -1307845 232
222 307 m1 14679 0 0.5 p-1 -12546 8
142 308 m1 15215 0 0.5 p-1 -34175 29
69 309 m1 28944 0 0.5 p-1 -163076 61
243 310 m1 51470 0 0.5 p-1 -16976 13
264 311 m1 51689 0 0.5 p-1 -8669 2
70 312 m1 63499 0 0.5 p-1 -842162 245
173 313 m1 63935 0 0.5 p-1 -65759 32
40 314 m1 67931 0 0.5 p-1 -4169247 563
126 315 m1 72689 0 0.5 p-1 -1029395 64
114 316 m1 84142 0 0.5 p-1 -875098 103
1 318 m1 127179 0 0.5 p-1 -6372235 1750
3 319 m1 133087 0 0.5 p-1 -9908909 937
199 320 m1 139510 0 0.5 p-1 -45427 16
290 321 m1 142727 0 0.5 p-1 -310 2
314 322 m1 149626 0 0.5 p-1 -12785 2
107 323 m1 150600 0 0.5 p-1 -3095856 664
225 324 m1 159428 0 0.5 p-1 -302818 7
171 325 m1 163002 0 0.5 p-1 -67544 25
224 326 m1 170923 0 0.5 p-1 -8911 3
306 328 m1 203269 0 0.5 p-1 -5205 1
8 329 m1 203385 0 0.5 p-1 -8923973 1953
122 330 m1 209900 0 0.5 p-1 -1091456 244
147 331 m1 217391 0 0.5 p-1 -131021 72
157 333 m1 221665 0 0.5 p-1 -22149 5
104 335 m1 256251 0 0.5 p-1 -42066 18
117 336 m1 256492 0 0.5 p-1 -2680868 436
162 338 m1 269899 0 0.5 p-1 -3105 4
313 339 m1 285897 0 0.5 p-1 -2044 2
207 340 m1 293253 0 0.5 p-1 -31557 7
261 341 m1 316201 0 0.5 p-1 -4395 2
206 342 m1 324108 0 0.5 p-1 -110668 7
273 344 m1 356970 0 0.5 p-1 -43908 2
209 345 m1 360248 0 0.5 p-1 -20492 15
54 347 m1 394412 0 0.5 p-1 -1190916 804
238 348 m1 404213 0 0.5 p-1 -22407 7
178 349 m1 405396 0 0.5 p-1 -44442 23
16 350 m1 429927 0 0.5 p-1 -5637792 1351
299 351 m1 446667 0 0.5 p-1 -1072 1
94 352 m1 484761 0 0.5 p-1 -3734240 137
18 353 m1 488725 0 0.5 p-1 -1609842 539
123 355 m1 531837 0 0.5 p-1 -160838 35
234 356 m1 545518 0 0.5 p-1 -2195 2
115 357 m1 559658 0 0.5 p-1 -2160574 187
57 358 m1 562380 0 0.5 p-1 -167251 128
96 359 m1 563939 0 0.5 p-1 -222770 115
76 360 m1 565022 0 0.5 p-1 -11166704 824
116 361 m1 570545 0 0.5 p-1 -497563 220
188 363 m1 590721 0 0.5 p-1 -32526 8
269 364 m1 599426 0 0.5 p-1 -15610 2
241 365 m1 612190 0 0.5 p-1 -1993 4
213 366 m1 635574 0 0.5 p-1 -33841 11
175 367 m1 654919 0 0.5 p-1 -65699 13
58 368 m1 655069 0 0.5 p-1 -5940017 1452
265 369 m1 655874 0 0.5 p-1 -6076 5
288 370 m1 681689 0 0.5 p-1 -6680 1
112 371 m1 689198 0 0.5 p-1 -3336165 160
127 374 m1 726326 0 0.5 p-1 -4040581 20
60 375 m1 748116 0 0.5 p-1 -1660708 276
161 376 m1 753890 0 0.5 p-1 -161309 80
200 377 m1 768995 0 0.5 p-1 -1639 10
28 378 m1 781002 0 0.5 p-1 -3975919 1134
267 380 m1 791348 0 0.5 p-1 -6136 5
91 381 m1 793919 0 0.5 p-1 -1380959 122
128 382 m1 798894 0 0.5 p-1 -3218238 125
324 383 m1 821503 0 0.5 p-1 -37028 1
192 384 m1 826626 0 0.5 p-1 -123162 18
29 385 m1 826945 0 0.5 p-1 -5545992 1895
196 386 m1 846561 0 0.5 p-1 -33535 2
65 387 m1 870606 0 0.5 p-1 -2243607 1125
276 388 m1 876246 0 0.5 p-1 -472 3
262 389 m1 879917 0 0.5 p-1 -16025 3
87 390 m1 883672 0 0.5 p-1 -2995809 799
268 391 m1 889446 0 0.5 p-1 -43031 5
66 392 m1 892539 0 0.5 p-1 -6094372 945
251 394 m1 918381 0 0.5 p-1 -248286 15
291 395 m1 922625 0 0.5 p-1 -13851 1
152 397 m1 996967 0 0.5 p-1 -126021 54
Individuals:
