Mutations:
171 0 m2 1784 -0.00376188429 0.5 p-1 -95444 60
223 1 m2 3805 -0.00123804982 0.5 p-1 -16112 8
212 2 m2 10504 -0.00415377738 0.5 p-1 -29201 4
50 3 m2 12000 -4.30143446e-05 0.5 p-1 -2007942 575
224 4 m2 18355 -2.25587773e-05 0.5 p-1 -63889 10
148 5 m2 18635 -0.116209738 0.5 p-1 -377518 57
0 6 m2 29027 -0.00049094815 0.5 p-1 -622852 383
1 7 m2 32431 -0.00105191988 0.5 p-1 -6633659 1905
85 8 m2 37252 -0.00722767413 0.5 p-1 -2790069 388
158 10 m2 40362 -0.0115250573 0.5 p-1 -1726216 104
169 11 m2 41506 -0.00600086758 0.5 p-1 -20733 47
259 12 m2 50330 -0.0133372582 0.5 p-1 -5635 1
3 14 m2 64920 -0.000390160887 0.5 p-1 -6113261 1269
52 15 m2 65923 -0.000621750019 0.5 p-1 -5524537 975
124 16 m2 67398 -6.41197548e-05 0.5 p-1 -371346 44
239 19 m2 76118 -0.0240226164 0.5 p-1 -3890 10
186 20 m2 89852 -0.0041346103 0.5 p-1 -16158 12
53 22 m2 106846 -0.000102107202 0.5 p-1 -726585 369
5 23 m2 128045 -1.46970513e-06 0.5 p-1 -1126670 1025
244 24 m2 129823 -0.049579192 0.5 p-1 -11520 2
183 25 m2 130099 -0.00313492119 0.5 p-1 -96128 48
6 26 m2 137024 -0.000103343256 0.5 p-1 -1559245 1405
7 27 m2 139385 -0.000703748723 0.5 p-1 -2375662 443
216 28 m2 140558 -0.000292154786 0.5 p-1 -50512 6
56 29 m2 141437 -0.0045693079 0.5 p-1 -2356738 577
8 30 m2 144612 -0.0152274566 0.5 p-1 -7106509 821
106 31 m2 147060 -0.0796695426 0.5 p-1 -1269844 231
265 32 m2 148582 -0.0124478284 0.5 p-1 -16203 2
254 33 m2 148641 -6.49559806e-05 0.5 p-1 -72445 2
125 34 m2 150805 -4.12073359e-06 0.5 p-1 -2381016 89
240 35 m2 154974 -0.0114240684 0.5 p-1 -380902 8
9 36 m2 154988 -0.0102086738 0.5 p-1 -2817187 442
137 37 m2 156988 -0.00150105334 0.5 p-1 -110882 17
10 39 m2 161521 -0.0120836366 0.5 p-1 -3692605 1320
241 40 m2 170189 -0.00507685496 0.5 p-1 -88001 11
11 41 m2 170649 -0.0484165624 0.5 p-1 -5814157 541
248 42 m2 171160 -1.17168393e-05 0.5 p-1 -1046224 5
121 43 m2 171956 -0.0209244378 0.5 p-1 -790413 182
213 44 m2 172559 -0.0108240796 0.5 p-1 -79440 13
80 47 m2 181191 -0.0145579241 0.5 p-1 -3818299 867
12 48 m2 181340 -0.00246805092 0.5 p-1 -1191793 1051
173 49 m2 184211 -0.00889651012 0.5 p-1 -105096 21
90 50 m2 198254 -4.09247405e-05 0.5 p-1 -180095 82
58 54 m2 209137 -0.00799197517 0.5 p-1 -4529082 1031
142 55 m2 209266 -0.016061062 0.5 p-1 -69897 11
203 56 m2 212751 -0.00181885529 0.5 p-1 -44911 8
228 58 m2 226051 -9.12221294e-05 0.5 p-1 -25628 4
93 59 m2 227394 -0.00299290032 0.5 p-1 -312515 172
101 60 m2 231654 -0.032613758 0.5 p-1 -2055407 336
15 61 m2 232458 -0.000316065096 0.5 p-1 -1233865 1269
16 63 m2 252648 -0.0165295061 0.5 p-1 -3759737 1338
102 64 m2 254268 -0.00249786023 0.5 p-1 -3184482 326
17 69 m2 265834 -0.00157048646 0.5 p-1 -3544421 1344
71 70 m2 273806 -0.00154286181 0.5 p-1 -3230867 995
113 71 m2 275093 -1.44391361e-05 0.5 p-1 -1969217 126
150 72 m2 275137 -0.0145332413 0.5 p-1 -131424 56
133 73 m2 278798 -0.00668193866 0.5 p-1 -1607281 356
94 75 m2 280069 -0.000459232542 0.5 p-1 -427569 136
250 76 m2 281062 -0.0186332017 0.5 p-1 -15600 1
72 77 m2 281965 -0.00794013776 0.5 p-1 -620861 88
18 78 m2 284355 -0.00736533012 0.5 p-1 -1258512 703
19 79 m2 287957 -0.00509102503 0.5 p-1 -1579756 1032
81 80 m2 289472 -0.036242459 0.5 p-1 -737357 211
20 82 m2 293994 -0.00152931875 0.5 p-1 -3296443 1395
167 84 m2 316336 -0.000415604212 0.5 p-1 -165161 75
234 85 m2 321648 -0.000226434437 0.5 p-1 -11191 2
21 86 m2 323993 -0.0147517873 0.5 p-1 -702303 391
253 87 m2 326135 -0.00039672674 0.5 p-1 -172689 8
195 88 m2 326214 -0.00152629009 0.5 p-1 -1531048 36
247 90 m2 328634 -0.00224823086 0.5 p-1 -175049 4
134 91 m2 333254 -0.00820268318 0.5 p-1 -734526 120
22 92 m2 337108 -0.0107673127 0.5 p-1 -7404197 1108
249 93 m2 337517 -0.00114168646 0.5 p-1 -4740 6
205 95 m2 342251 -0.000110024659 0.5 p-1 -4328 4
60 97 m2 348947 -0.000193689717 0.5 p-1 -7670984 276
61 98 m2 351451 -0.0134342546 0.5 p-1 -5672550 1338
204 99 m2 358126 -0.000483908545 0.5 p-1 -11589 10
82 100 m2 364063 -0.000819455425 0.5 p-1 -2768829 241
95 101 m2 365766 -0.0770608038 0.5 p-1 -1278999 405
136 102 m2 366881 -0.0123287616 0.5 p-1 -132357 143
214 103 m2 368186 -0.000131745619 0.5 p-1 -996138 20
126 105 m2 374462 -0.0216925871 0.5 p-1 -329422 122
200 107 m2 376866 -0.0150636192 0.5 p-1 -1833 2
139 108 m2 380657 -1.77282473e-05 0.5 p-1 -1288846 160
220 110 m2 385472 -0.00969035178 0.5 p-1 -21006 3
86 112 m2 396365 -0.00333755766 0.5 p-1 -2684075 69
23 115 m2 402773 -0.00204716413 0.5 p-1 -1873572 1577
24 116 m2 408260 -0.00721153431 0.5 p-1 -79279 76
163 117 m2 409599 -0.00107076124 0.5 p-1 -2009335 53
272 118 m2 410488 -0.0133841308 0.5 p-1 -1623 2
251 119 m2 410512 -0.0131890858 0.5 p-1 -88038 2
25 120 m2 411678 -0.0014885331 0.5 p-1 -2913765 598
87 121 m2 416418 -0.0355259962 0.5 p-1 -922597 241
209 122 m2 419035 -0.000685475417 0.5 p-1 -13491 5
225 124 m2 434171 -0.000734877074 0.5 p-1 -79054 6
27 125 m2 440555 -6.43496605e-05 0.5 p-1 -2008714 1354
119 126 m2 440600 -0.000762704469 0.5 p-1 -43909 42
96 127 m2 445158 -0.0040684226 0.5 p-1 -710324 211
28 128 m2 447635 -0.0106786909 0.5 p-1 -3823892 837
128 129 m2 448771 -1.31156241e-07 0.5 p-1 -78369 54
185 130 m2 449060 -0.0123414528 0.5 p-1 -43769 78
107 131 m2 465314 -0.000398047327 0.5 p-1 -23670 17
202 132 m2 468120 -9.38512585e-06 0.5 p-1 -21883 23
226 136 m2 493505 -0.00193407503 0.5 p-1 -102207 1
246 137 m2 493654 -0.0113639021 0.5 p-1 -78605 13
30 138 m2 497607 -0.00243959972 0.5 p-1 -1137881 794
31 139 m2 505971 -1.35212801e-07 0.5 p-1 -7338462 1836
32 140 m2 513950 -0.00025082659 0.5 p-1 -4000533 374
33 141 m2 518809 -0.0308463313 0.5 p-1 -561616 158
143 143 m2 522484 -0.00443725241 0.5 p-1 -14060 36
63 144 m2 528978 -0.000361010287 0.5 p-1 -4210735 693
146 146 m2 532755 -0.0125451917 0.5 p-1 -274923 135
221 147 m2 537490 -0.0027691992 0.5 p-1 -65158 11
230 148 m2 546616 -0.0102430368 0.5 p-1 -27287 12
83 149 m2 546749 -0.0224489458 0.5 p-1 -1005604 360
217 150 m2 551522 -0.0152800865 0.5 p-1 -101860 14
210 151 m2 565864 -0.021086935 0.5 p-1 -51921 13
97 153 m2 569763 -0.0564007126 0.5 p-1 -3526924 264
261 154 m2 570525 -0.00206689537 0.5 p-1 -212732 6
238 155 m2 574313 -0.00343609345 0.5 p-1 -2229 2
255 156 m2 575065 -0.000516380649 0.5 p-1 -2574 2
129 157 m2 582489 -0.000213201522 0.5 p-1 -42478 26
258 158 m2 587150 -2.69290504e-05 0.5 p-1 -30886 2
130 159 m2 596260 -0.000812625338 0.5 p-1 -371101 246
273 160 m2 596499 -0.00226160209 0.5 p-1 -18262 2
164 161 m2 596536 -0.0135053704 0.5 p-1 -241009 32
35 162 m2 598278 -0.0203983244 0.5 p-1 -4381204 1663
274 163 m2 611640 -0.0133949919 0.5 p-1 -1877 1
147 164 m2 628640 -0.0157646444 0.5 p-1 -72755 72
132 165 m2 630674 -0.000659676327 0.5 p-1 -201359 70
131 166 m2 636347 -0.00450866716 0.5 p-1 -101643 53
184 167 m2 640489 -0.00498476438 0.5 p-1 -2355 6
141 170 m2 642591 -0.0699500144 0.5 p-1 -44981 20
168 171 m2 646056 -5.02848752e-06 0.5 p-1 -90550 15
207 172 m2 646203 -0.00164985878 0.5 p-1 -2214743 25
73 173 m2 647940 -0.00074654998 0.5 p-1 -128059 78
178 175 m2 657070 -0.00358529761 0.5 p-1 -192979 105
270 177 m2 662748 -0.0288454052 0.5 p-1 -31446 1
177 178 m2 665580 -0.00390136219 0.5 p-1 -41042 57
266 179 m2 665920 -0.0170050394 0.5 p-1 -21153 2
74 180 m2 669627 -0.00279237586 0.5 p-1 -1919413 175
149 181 m2 671075 -0.00141130353 0.5 p-1 -72366 89
115 182 m2 671435 -0.00411666231 0.5 p-1 -384298 303
98 183 m2 675428 -0.0806074217 0.5 p-1 -451414 159
75 185 m2 683738 -0.0176885426 0.5 p-1 -3828701 217
88 187 m2 689082 -0.0275341589 0.5 p-1 -51960 62
182 189 m2 697194 -8.82230743e-05 0.5 p-1 -236483 56
37 190 m2 704673 -0.0114927087 0.5 p-1 -12224647 263
166 191 m2 705940 -0.00254940195 0.5 p-1 -11234 25
227 192 m2 709018 -0.00493902201 0.5 p-1 -92181 5
77 193 m2 733209 -0.0129608037 0.5 p-1 -10897878 644
189 195 m2 748863 -0.00255727326 0.5 p-1 -202076 32
110 196 m2 751635 -0.00454140967 0.5 p-1 -14648137 323
117 198 m2 757098 -1.29076852e-05 0.5 p-1 -3644542 355
154 199 m2 765133 -0.000148420484 0.5 p-1 -95290 38
65 200 m2 773893 -3.86977335e-05 0.5 p-1 -4701848 1165
78 201 m2 783108 -7.03734088e-07 0.5 p-1 -12998650 321
215 202 m2 784797 -0.000341874693 0.5 p-1 -188975 26
172 203 m2 788224 -0.0219940469 0.5 p-1 -19176 5
84 204 m2 789493 -0.00747166993 0.5 p-1 -1327016 486
99 205 m2 789698 -0.0232289825 0.5 p-1 -216508 94
218 207 m2 799143 -0.0106413886 0.5 p-1 -120910 1
100 209 m2 811041 -0.00684872409 0.5 p-1 -1293882 595
79 210 m2 811892 -5.96868313e-06 0.5 p-1 -3399639 738
242 211 m2 820005 -0.00269338954 0.5 p-1 -15547 13
174 212 m2 822507 -0.00841296464 0.5 p-1 -199939 62
40 213 m2 828029 -0.00544588966 0.5 p-1 -5034854 835
41 214 m2 836502 -0.000170152736 0.5 p-1 -11657742 1376
196 216 m2 839354 -0.0106090978 0.5 p-1 -147723 26
111 217 m2 840453 -3.98374941e-05 0.5 p-1 -164428 73
112 218 m2 841335 -0.00156968588 0.5 p-1 -1816190 297
243 220 m2 850189 -0.0103628049 0.5 p-1 -4798 2
42 221 m2 850443 -0.00820824876 0.5 p-1 -4126760 520
43 222 m2 851341 -4.83470285e-06 0.5 p-1 -1477397 1404
89 224 m2 861654 -0.00235953135 0.5 p-1 -774516 483
145 225 m2 869005 -0.00527449464 0.5 p-1 -87898 37
276 227 m2 875667 -0.000112134163 0.5 p-1 -40430 2
268 228 m2 880341 -0.0134578785 0.5 p-1 -28083 2
45 229 m2 881357 -0.00311751035 0.5 p-1 -2854064 781
68 231 m2 907201 -0.0797946826 0.5 p-1 -1304150 1121
69 232 m2 907431 -0.00181986776 0.5 p-1 -3212032 1193
236 233 m2 907617 -0.000378680124 0.5 p-1 -29265 1
135 236 m2 935938 -5.46327428e-05 0.5 p-1 -99065 143
104 237 m2 941363 -2.58799082e-06 0.5 p-1 -87071 100
47 238 m2 942380 -4.64333061e-05 0.5 p-1 -5108752 1341
48 239 m2 945934 -0.0166768525 0.5 p-1 -1336062 798
70 242 m2 965627 -0.0143688163 0.5 p-1 -342065 364
193 243 m2 966052 -0.0222477335 0.5 p-1 -1503698 1
190 244 m2 966557 -0.000633661286 0.5 p-1 -89677 13
211 245 m2 973674 -9.44171552e-05 0.5 p-1 -26951 9
138 246 m2 981248 -2.64919581e-05 0.5 p-1 -554039 183
122 247 m2 989279 -0.0517229252 0.5 p-1 -1672136 397
49 248 m2 991612 -0.00187367958 0.5 p-1 -2821580 100
91 249 m2 993448 -0.00695863506 0.5 p-1 -544783 210
156 250 m2 996852 -0.00187238329 0.5 p-1 -854663 306
153 252 m2 117599 -0.0201024469 0.5 p0 2 7
181 269 m2 545836 -0.00160190975 0.5 p0 2 2
269 272 m2 864290 -0.00719748996 0.5 p0 2 1
278 273 m2 615913 -0.00247224909 0.5 p0 2 1
161 277 m2 699947 -4.56157031e-05 0.5 p0 2 7
237 280 m2 637488 -0.00422363495 0.5 p0 2 6
208 283 m2 27219 -7.67102101e-05 0.5 p0 2 4
252 287 m2 536725 -5.49353754e-05 0.5 p0 2 1
118 292 m2 376056 -0.000363263156 0.5 p0 2 5
198 295 m2 639282 -4.71446633e-08 0.5 p0 2 1
179 303 m2 697275 -0.000314223784 0.5 p0 2 4
92 306 m1 13544 0 0.5 p-1 -1307845 228
222 307 m1 14679 0 0.5 p-1 -12546 13
51 308 m1 15215 0 0.5 p-1 -34175 39
152 309 m1 28944 0 0.5 p-1 -163076 56
194 310 m1 51470 0 0.5 p-1 -16976 12
105 311 m1 51689 0 0.5 p-1 -8669 6
2 312 m1 63499 0 0.5 p-1 -842162 189
123 313 m1 63935 0 0.5 p-1 -65759 16
4 314 m1 67931 0 0.5 p-1 -4169247 583
175 315 m1 72689 0 0.5 p-1 -1029395 54
127 316 m1 84142 0 0.5 p-1 -875098 90
54 318 m1 127179 0 0.5 p-1 -6372235 1768
55 319 m1 133087 0 0.5 p-1 -9908909 886
180 320 m1 139510 0 0.5 p-1 -45427 21
233 321 m1 142727 0 0.5 p-1 -310 5
201 322 m1 149626 0 0.5 p-1 -12785 8
57 323 m1 150600 0 0.5 p-1 -3095856 637
191 324 m1 159428 0 0.5 p-1 -302818 17
159 325 m1 163002 0 0.5 p-1 -67544 53
187 326 m1 170923 0 0.5 p-1 -8911 6
176 328 m1 203269 0 0.5 p-1 -5205 15
13 329 m1 203385 0 0.5 p-1 -8923973 1936
14 330 m1 209900 0 0.5 p-1 -1091456 207
157 331 m1 217391 0 0.5 p-1 -131021 32
257 332 m1 221220 0 0.5 p-1 -8313 2
271 333 m1 221665 0 0.5 p-1 -22149 1
162 335 m1 256251 0 0.5 p-1 -42066 10
59 336 m1 256492 0 0.5 p-1 -2680868 448
232 338 m1 269899 0 0.5 p-1 -3105 1
267 339 m1 285897 0 0.5 p-1 -2044 4
170 340 m1 293253 0 0.5 p-1 -31557 11
275 342 m1 324108 0 0.5 p-1 -110668 1
235 344 m1 356970 0 0.5 p-1 -43908 6
188 345 m1 360248 0 0.5 p-1 -20492 12
277 346 m1 373163 0 0.5 p-1 -9646 1
62 347 m1 394412 0 0.5 p-1 -1190916 837
231 348 m1 404213 0 0.5 p-1 -22407 3
160 349 m1 405396 0 0.5 p-1 -44442 40
26 350 m1 429927 0 0.5 p-1 -5637792 1397
229 351 m1 446667 0 0.5 p-1 -1072 7
108 352 m1 484761 0 0.5 p-1 -3734240 164
29 353 m1 488725 0 0.5 p-1 -1609842 609
199 355 m1 531837 0 0.5 p-1 -160838 7
114 357 m1 559658 0 0.5 p-1 -2160574 218
109 358 m1 562380 0 0.5 p-1 -167251 213
140 359 m1 563939 0 0.5 p-1 -222770 105
34 360 m1 565022 0 0.5 p-1 -11166704 837
103 361 m1 570545 0 0.5 p-1 -497563 282
206 363 m1 590721 0 0.5 p-1 -32526 15
262 364 m1 599426 0 0.5 p-1 -15610 5
264 365 m1 612190 0 0.5 p-1 -1993 1
219 366 m1 635574 0 0.5 p-1 -33841 5
245 367 m1 654919 0 0.5 p-1 -65699 9
36 368 m1 655069 0 0.5 p-1 -5940017 1347
263 369 m1 655874 0 0.5 p-1 -6076 2
76 371 m1 689198 0 0.5 p-1 -3336165 175
116 374 m1 726326 0 0.5 p-1 -4040581 35
38 375 m1 748116 0 0.5 p-1 -1660708 272
64 376 m1 753890 0 0.5 p-1 -161309 66
165 377 m1 768995 0 0.5 p-1 -1639 8
66 378 m1 781002 0 0.5 p-1 -3975919 1217
192 380 m1 791348 0 0.5 p-1 -6136 8
144 381 m1 793919 0 0.5 p-1 -1380959 98
120 382 m1 798894 0 0.5 p-1 -3218238 92
155 384 m1 826626 0 0.5 p-1 -123162 17
39 385 m1 826945 0 0.5 p-1 -5545992 1816
44 387 m1 870606 0 0.5 p-1 -2243607 1165
256 389 m1 879917 0 0.5 p-1 -16025 3
46 390 m1 883672 0 0.5 p-1 -2995809 735
67 392 m1 892539 0 0.5 p-1 -6094372 973
260 393 m1 917885 0 0.5 p-1 -2643 2
197 394 m1 918381 0 0.5 p-1 -248286 16
151 397 m1 996967 0 0.5 p-1 -126021 86
Individuals:
