Mutations:
190 0 m2 1784 -0.00376188429 0.5 p-1 -95444 44
286 1 m2 3805 -0.00123804982 0.5 p-1 -16112 3
156 2 m2 10504 -0.00415377738 0.5 p-1 -29201 11
74 3 m2 12000 -4.30143446e-05 0.5 p-1 -2007942 628
194 4 m2 18355 -2.25587773e-05 0.5 p-1 -63889 19
111 5 m2 18635 -0.116209738 0.5 p-1 -377518 94
1 6 m2 29027 -0.00049094815 0.5 p-1 -622852 426
2 7 m2 32431 -0.00105191988 0.5 p-1 -6633659 1896
3 8 m2 37252 -0.00722767413 0.5 p-1 -2790069 360
85 10 m2 40362 -0.0115250573 0.5 p-1 -1726216 141
226 11 m2 41506 -0.00600086758 0.5 p-1 -20733 18
260 12 m2 50330 -0.0133372582 0.5 p-1 -5635 5
264 13 m2 64386 -0.000506143086 0.5 p-1 -3146 4
4 14 m2 64920 -0.000390160887 0.5 p-1 -6113261 1346
63 15 m2 65923 -0.000621750019 0.5 p-1 -5524537 1017
158 16 m2 67398 -6.41197548e-05 0.5 p-1 -371346 85
259 19 m2 76118 -0.0240226164 0.5 p-1 -3890 4
144 20 m2 89852 -0.0041346103 0.5 p-1 -16158 20
108 22 m2 106846 -0.000102107202 0.5 p-1 -726585 365
6 23 m2 128045 -1.46970513e-06 0.5 p-1 -1126670 1075
147 25 m2 130099 -0.00313492119 0.5 p-1 -96128 47
64 26 m2 137024 -0.000103343256 0.5 p-1 -1559245 1376
8 27 m2 139385 -0.000703748723 0.5 p-1 -2375662 464
221 28 m2 140558 -0.000292154786 0.5 p-1 -50512 4
75 29 m2 141437 -0.0045693079 0.5 p-1 -2356738 499
65 30 m2 144612 -0.0152274566 0.5 p-1 -7106509 788
9 31 m2 147060 -0.0796695426 0.5 p-1 -1269844 279
272 32 m2 148582 -0.0124478284 0.5 p-1 -16203 4
293 33 m2 148641 -6.49559806e-05 0.5 p-1 -72445 2
91 34 m2 150805 -4.12073359e-06 0.5 p-1 -2381016 111
234 35 m2 154974 -0.0114240684 0.5 p-1 -380902 14
11 36 m2 154988 -0.0102086738 0.5 p-1 -2817187 442
179 37 m2 156988 -0.00150105334 0.5 p-1 -110882 25
12 39 m2 161521 -0.0120836366 0.5 p-1 -3692605 1376
184 40 m2 170189 -0.00507685496 0.5 p-1 -88001 47
13 41 m2 170649 -0.0484165624 0.5 p-1 -5814157 562
287 42 m2 171160 -1.17168393e-05 0.5 p-1 -1046224 4
131 43 m2 171956 -0.0209244378 0.5 p-1 -790413 221
201 44 m2 172559 -0.0108240796 0.5 p-1 -79440 8
229 45 m2 172775 -1.4902057e-05 0.5 p-1 -100636 4
48 47 m2 181191 -0.0145579241 0.5 p-1 -3818299 885
49 48 m2 181340 -0.00246805092 0.5 p-1 -1191793 1076
66 49 m2 184211 -0.00889651012 0.5 p-1 -105096 17
151 50 m2 198254 -4.09247405e-05 0.5 p-1 -180095 133
249 52 m2 201629 -0.000428470667 0.5 p-1 -32109 9
320 53 m2 202984 -6.93170841e-06 0.5 p-1 -3683 1
50 54 m2 209137 -0.00799197517 0.5 p-1 -4529082 998
214 55 m2 209266 -0.016061062 0.5 p-1 -69897 4
235 56 m2 212751 -0.00181885529 0.5 p-1 -44911 3
268 57 m2 223881 -0.00639757235 0.5 p-1 -248065 1
181 58 m2 226051 -9.12221294e-05 0.5 p-1 -25628 15
148 59 m2 227394 -0.00299290032 0.5 p-1 -312515 136
51 60 m2 231654 -0.032613758 0.5 p-1 -2055407 388
15 61 m2 232458 -0.000316065096 0.5 p-1 -1233865 1228
16 63 m2 252648 -0.0165295061 0.5 p-1 -3759737 1418
109 64 m2 254268 -0.00249786023 0.5 p-1 -3184482 303
313 68 m2 264783 -5.38105414e-05 0.5 p-1 -1781 1
17 69 m2 265834 -0.00157048646 0.5 p-1 -3544421 1288
67 70 m2 273806 -0.00154286181 0.5 p-1 -3230867 1002
171 71 m2 275093 -1.44391361e-05 0.5 p-1 -1969217 95
185 72 m2 275137 -0.0145332413 0.5 p-1 -131424 20
52 73 m2 278798 -0.00668193866 0.5 p-1 -1607281 244
76 75 m2 280069 -0.000459232542 0.5 p-1 -427569 167
218 76 m2 281062 -0.0186332017 0.5 p-1 -15600 7
160 77 m2 281965 -0.00794013776 0.5 p-1 -620861 72
18 78 m2 284355 -0.00736533012 0.5 p-1 -1258512 655
53 79 m2 287957 -0.00509102503 0.5 p-1 -1579756 963
68 80 m2 289472 -0.036242459 0.5 p-1 -737357 205
228 81 m2 293922 -0.00100406131 0.5 p-1 -17926 5
19 82 m2 293994 -0.00152931875 0.5 p-1 -3296443 1359
263 83 m2 295520 -0.02636021 0.5 p-1 -6360 4
113 84 m2 316336 -0.000415604212 0.5 p-1 -165161 59
238 85 m2 321648 -0.000226434437 0.5 p-1 -11191 2
87 86 m2 323993 -0.0147517873 0.5 p-1 -702303 411
93 87 m2 326135 -0.00039672674 0.5 p-1 -172689 12
118 88 m2 326214 -0.00152629009 0.5 p-1 -1531048 27
188 90 m2 328634 -0.00224823086 0.5 p-1 -175049 9
142 91 m2 333254 -0.00820268318 0.5 p-1 -734526 136
20 92 m2 337108 -0.0107673127 0.5 p-1 -7404197 1089
161 93 m2 337517 -0.00114168646 0.5 p-1 -4740 4
246 95 m2 342251 -0.000110024659 0.5 p-1 -4328 4
88 97 m2 348947 -0.000193689717 0.5 p-1 -7670984 292
21 98 m2 351451 -0.0134342546 0.5 p-1 -5672550 1326
119 99 m2 358126 -0.000483908545 0.5 p-1 -11589 8
135 100 m2 364063 -0.000819455425 0.5 p-1 -2768829 221
69 101 m2 365766 -0.0770608038 0.5 p-1 -1278999 435
120 102 m2 366881 -0.0123287616 0.5 p-1 -132357 146
202 103 m2 368186 -0.000131745619 0.5 p-1 -996138 31
149 105 m2 374462 -0.0216925871 0.5 p-1 -329422 85
180 107 m2 376866 -0.0150636192 0.5 p-1 -1833 10
81 108 m2 380657 -1.77282473e-05 0.5 p-1 -1288846 186
215 109 m2 385324 -0.000835285464 0.5 p-1 -61349 11
170 110 m2 385472 -0.00969035178 0.5 p-1 -21006 6
162 112 m2 396365 -0.00333755766 0.5 p-1 -2684075 48
316 114 m2 396842 -0.00486049196 0.5 p-1 -4211 2
23 115 m2 402773 -0.00204716413 0.5 p-1 -1873572 1604
77 116 m2 408260 -0.00721153431 0.5 p-1 -79279 84
153 117 m2 409599 -0.00107076124 0.5 p-1 -2009335 61
233 118 m2 410488 -0.0133841308 0.5 p-1 -1623 6
166 119 m2 410512 -0.0131890858 0.5 p-1 -88038 12
70 120 m2 411678 -0.0014885331 0.5 p-1 -2913765 619
94 121 m2 416418 -0.0355259962 0.5 p-1 -922597 262
231 122 m2 419035 -0.000685475417 0.5 p-1 -13491 4
208 124 m2 434171 -0.000734877074 0.5 p-1 -79054 2
24 125 m2 440555 -6.43496605e-05 0.5 p-1 -2008714 1397
150 126 m2 440600 -0.000762704469 0.5 p-1 -43909 54
152 127 m2 445158 -0.0040684226 0.5 p-1 -710324 199
25 128 m2 447635 -0.0106786909 0.5 p-1 -3823892 763
242 129 m2 448771 -1.31156241e-07 0.5 p-1 -78369 36
197 130 m2 449060 -0.0123414528 0.5 p-1 -43769 49
195 131 m2 465314 -0.000398047327 0.5 p-1 -23670 6
125 132 m2 468120 -9.38512585e-06 0.5 p-1 -21883 17
279 135 m2 491908 -0.000513100997 0.5 p-1 -6602 2
282 136 m2 493505 -0.00193407503 0.5 p-1 -102207 4
193 137 m2 493654 -0.0113639021 0.5 p-1 -78605 12
27 138 m2 497607 -0.00243959972 0.5 p-1 -1137881 820
28 139 m2 505971 -1.35212801e-07 0.5 p-1 -7338462 1805
95 140 m2 513950 -0.00025082659 0.5 p-1 -4000533 416
127 141 m2 518809 -0.0308463313 0.5 p-1 -561616 208
189 143 m2 522484 -0.00443725241 0.5 p-1 -14060 18
29 144 m2 528978 -0.000361010287 0.5 p-1 -4210735 692
126 146 m2 532755 -0.0125451917 0.5 p-1 -274923 125
251 147 m2 537490 -0.0027691992 0.5 p-1 -65158 1
227 148 m2 546616 -0.0102430368 0.5 p-1 -27287 7
121 149 m2 546749 -0.0224489458 0.5 p-1 -1005604 357
178 150 m2 551522 -0.0152800865 0.5 p-1 -101860 16
207 151 m2 565864 -0.021086935 0.5 p-1 -51921 10
96 153 m2 569763 -0.0564007126 0.5 p-1 -3526924 204
278 154 m2 570525 -0.00206689537 0.5 p-1 -212732 5
256 155 m2 574313 -0.00343609345 0.5 p-1 -2229 1
275 157 m2 582489 -0.000213201522 0.5 p-1 -42478 3
276 158 m2 587150 -2.69290504e-05 0.5 p-1 -30886 7
82 159 m2 596260 -0.000812625338 0.5 p-1 -371101 234
302 160 m2 596499 -0.00226160209 0.5 p-1 -18262 1
209 161 m2 596536 -0.0135053704 0.5 p-1 -241009 57
33 162 m2 598278 -0.0203983244 0.5 p-1 -4381204 1734
257 163 m2 611640 -0.0133949919 0.5 p-1 -1877 1
104 164 m2 628640 -0.0157646444 0.5 p-1 -72755 61
167 165 m2 630674 -0.000659676327 0.5 p-1 -201359 69
163 166 m2 636347 -0.00450866716 0.5 p-1 -101643 22
248 167 m2 640489 -0.00498476438 0.5 p-1 -2355 3
274 168 m2 642220 -0.000299209176 0.5 p-1 -297404 5
133 169 m2 642484 -0.017343659 0.5 p-1 -13283 6
223 170 m2 642591 -0.0699500144 0.5 p-1 -44981 31
183 171 m2 646056 -5.02848752e-06 0.5 p-1 -90550 6
250 172 m2 646203 -0.00164985878 0.5 p-1 -2214743 15
55 173 m2 647940 -0.00074654998 0.5 p-1 -128059 64
143 175 m2 657070 -0.00358529761 0.5 p-1 -192979 118
288 176 m2 662681 -0.0103759347 0.5 p-1 -2403 2
203 177 m2 662748 -0.0288454052 0.5 p-1 -31446 4
78 178 m2 665580 -0.00390136219 0.5 p-1 -41042 72
216 179 m2 665920 -0.0170050394 0.5 p-1 -21153 7
105 180 m2 669627 -0.00279237586 0.5 p-1 -1919413 170
136 181 m2 671075 -0.00141130353 0.5 p-1 -72366 77
97 182 m2 671435 -0.00411666231 0.5 p-1 -384298 228
83 183 m2 675428 -0.0806074217 0.5 p-1 -451414 222
128 185 m2 683738 -0.0176885426 0.5 p-1 -3828701 240
200 187 m2 689082 -0.0275341589 0.5 p-1 -51960 55
164 189 m2 697194 -8.82230743e-05 0.5 p-1 -236483 30
35 190 m2 704673 -0.0114927087 0.5 p-1 -12224647 262
273 191 m2 705940 -0.00254940195 0.5 p-1 -11234 7
255 192 m2 709018 -0.00493902201 0.5 p-1 -92181 13
36 193 m2 733209 -0.0129608037 0.5 p-1 -10897878 753
145 195 m2 748863 -0.00255727326 0.5 p-1 -202076 46
89 196 m2 751635 -0.00454140967 0.5 p-1 -14648137 367
98 198 m2 757098 -1.29076852e-05 0.5 p-1 -3644542 263
139 199 m2 765133 -0.000148420484 0.5 p-1 -95290 43
84 200 m2 773893 -3.86977335e-05 0.5 p-1 -4701848 1120
79 201 m2 783108 -7.03734088e-07 0.5 p-1 -12998650 287
115 202 m2 784797 -0.000341874693 0.5 p-1 -188975 14
252 203 m2 788224 -0.0219940469 0.5 p-1 -19176 8
106 204 m2 789493 -0.00747166993 0.5 p-1 -1327016 425
80 205 m2 789698 -0.0232289825 0.5 p-1 -216508 138
58 207 m2 799143 -0.0106413886 0.5 p-1 -120910 19
285 208 m2 805307 -0.000601282227 0.5 p-1 -9912 3
37 209 m2 811041 -0.00684872409 0.5 p-1 -1293882 606
38 210 m2 811892 -5.96868313e-06 0.5 p-1 -3399639 715
267 211 m2 820005 -0.00269338954 0.5 p-1 -15547 8
159 212 m2 822507 -0.00841296464 0.5 p-1 -199939 69
40 213 m2 828029 -0.00544588966 0.5 p-1 -5034854 824
41 214 m2 836502 -0.000170152736 0.5 p-1 -11657742 1419
146 216 m2 839354 -0.0106090978 0.5 p-1 -147723 29
174 217 m2 840453 -3.98374941e-05 0.5 p-1 -164428 68
99 218 m2 841335 -0.00156968588 0.5 p-1 -1816190 381
239 220 m2 850189 -0.0103628049 0.5 p-1 -4798 2
59 221 m2 850443 -0.00820824876 0.5 p-1 -4126760 559
60 222 m2 851341 -4.83470285e-06 0.5 p-1 -1477397 1405
90 224 m2 861654 -0.00235953135 0.5 p-1 -774516 481
219 225 m2 869005 -0.00527449464 0.5 p-1 -87898 23
232 226 m2 870597 -0.00411492959 0.5 p-1 -4960 1
300 227 m2 875667 -0.000112134163 0.5 p-1 -40430 1
280 228 m2 880341 -0.0134578785 0.5 p-1 -28083 3
62 229 m2 881357 -0.00311751035 0.5 p-1 -2854064 811
72 231 m2 907201 -0.0797946826 0.5 p-1 -1304150 1305
73 232 m2 907431 -0.00181986776 0.5 p-1 -3212032 1293
191 233 m2 907617 -0.000378680124 0.5 p-1 -29265 6
43 236 m2 935938 -5.46327428e-05 0.5 p-1 -99065 99
44 237 m2 941363 -2.58799082e-06 0.5 p-1 -87071 62
45 238 m2 942380 -4.64333061e-05 0.5 p-1 -5108752 1270
46 239 m2 945934 -0.0166768525 0.5 p-1 -1336062 730
289 240 m2 959917 -0.00750246784 0.5 p-1 -1445 2
101 242 m2 965627 -0.0143688163 0.5 p-1 -342065 374
186 243 m2 966052 -0.0222477335 0.5 p-1 -1503698 1
206 244 m2 966557 -0.000633661286 0.5 p-1 -89677 12
240 245 m2 973674 -9.44171552e-05 0.5 p-1 -26951 17
102 246 m2 981248 -2.64919581e-05 0.5 p-1 -554039 212
134 247 m2 989279 -0.0517229252 0.5 p-1 -1672136 378
192 248 m2 991612 -0.00187367958 0.5 p-1 -2821580 98
103 249 m2 993448 -0.00695863506 0.5 p-1 -544783 198
123 250 m2 996852 -0.00187238329 0.5 p-1 -854663 362
294 252 m2 117599 -0.0201024469 0.5 p0 2 4
296 254 m2 278450 -0.000739823736 0.5 p0 2 1
319 255 m2 533981 -6.07611073e-05 0.5 p0 2 1
225 256 m2 705677 -0.0184683874 0.5 p0 2 2
169 257 m2 283170 -8.30487406e-05 0.5 p0 2 2
204 258 m2 557826 -0.00201113685 0.5 p0 2 1
311 259 m2 674295 -0.00133234612 0.5 p0 2 1
243 260 m2 307346 -0.00824166462 0.5 p0 2 1
271 262 m2 241538 -5.77201354e-05 0.5 p0 2 1
298 265 m2 615046 -5.04348634e-07 0.5 p0 2 1
324 266 m2 54012 -0.00394084444 0.5 p0 2 1
312 267 m2 902274 -0.00372139039 0.5 p0 2 1
283 268 m2 446870 -0.0371121578 0.5 p0 2 1
284 269 m2 545836 -0.00160190975 0.5 p0 2 1
245 270 m2 133432 -0.0112841856 0.5 p0 2 3
314 274 m2 544451 -0.00383191463 0.5 p0 2 1
309 275 m2 259270 -0.0162848979 0.5 p0 2 1
299 276 m2 675713 -0.000201999545 0.5 p0 2 1
270 277 m2 699947 -4.56157031e-05 0.5 p0 2 1
321 278 m2 910936 -0.0328366011 0.5 p0 2 1
261 280 m2 637488 -0.00422363495 0.5 p0 2 1
301 284 m2 27936 -0.0178030524 0.5 p0 2 1
322 285 m2 634913 -0.00514899893 0.5 p0 2 1
292 286 m2 229384 -0.00229963614 0.5 p0 2 1
92 288 m2 167386 -0.0424120985 0.5 p0 2 1
281 290 m2 486407 -0.000141623255 0.5 p0 2 1
306 293 m2 580120 -1.43908537e-05 0.5 p0 2 1
244 297 m2 838481 -4.79789378e-07 0.5 p0 2 1
262 298 m2 543977 -0.000228194782 0.5 p0 2 2
224 299 m2 717279 -0.000197640416 0.5 p0 2 1
310 302 m2 72556 -0.00769237708 0.5 p0 2 2
323 303 m2 697275 -0.000314223784 0.5 p0 2 1
308 304 m2 392867 -0.0941338539 0.5 p0 2 1
0 306 m1 13544 0 0.5 p-1 -1307845 234
253 307 m1 14679 0 0.5 p-1 -12546 9
130 308 m1 15215 0 0.5 p-1 -34175 32
138 309 m1 28944 0 0.5 p-1 -163076 61
172 310 m1 51470 0 0.5 p-1 -16976 5
237 311 m1 51689 0 0.5 p-1 -8669 6
47 312 m1 63499 0 0.5 p-1 -842162 251
157 313 m1 63935 0 0.5 p-1 -65759 40
124 314 m1 67931 0 0.5 p-1 -4169247 587
117 315 m1 72689 0 0.5 p-1 -1029395 55
112 316 m1 84142 0 0.5 p-1 -875098 103
5 318 m1 127179 0 0.5 p-1 -6372235 1773
7 319 m1 133087 0 0.5 p-1 -9908909 958
173 320 m1 139510 0 0.5 p-1 -45427 14
247 321 m1 142727 0 0.5 p-1 -310 1
176 322 m1 149626 0 0.5 p-1 -12785 4
10 323 m1 150600 0 0.5 p-1 -3095856 685
222 324 m1 159428 0 0.5 p-1 -302818 11
154 325 m1 163002 0 0.5 p-1 -67544 35
269 326 m1 170923 0 0.5 p-1 -8911 2
291 328 m1 203269 0 0.5 p-1 -5205 4
14 329 m1 203385 0 0.5 p-1 -8923973 1939
132 330 m1 209900 0 0.5 p-1 -1091456 237
177 331 m1 217391 0 0.5 p-1 -131021 79
305 332 m1 221220 0 0.5 p-1 -8313 2
220 333 m1 221665 0 0.5 p-1 -22149 9
168 335 m1 256251 0 0.5 p-1 -42066 15
86 336 m1 256492 0 0.5 p-1 -2680868 431
254 338 m1 269899 0 0.5 p-1 -3105 6
213 339 m1 285897 0 0.5 p-1 -2044 1
198 340 m1 293253 0 0.5 p-1 -31557 19
318 341 m1 316201 0 0.5 p-1 -4395 1
182 342 m1 324108 0 0.5 p-1 -110668 6
315 343 m1 355676 0 0.5 p-1 -38642 1
290 344 m1 356970 0 0.5 p-1 -43908 1
114 345 m1 360248 0 0.5 p-1 -20492 13
22 347 m1 394412 0 0.5 p-1 -1190916 810
266 348 m1 404213 0 0.5 p-1 -22407 5
205 349 m1 405396 0 0.5 p-1 -44442 30
54 350 m1 429927 0 0.5 p-1 -5637792 1371
297 351 m1 446667 0 0.5 p-1 -1072 2
155 352 m1 484761 0 0.5 p-1 -3734240 120
26 353 m1 488725 0 0.5 p-1 -1609842 540
265 354 m1 495979 0 0.5 p-1 -3612 1
141 355 m1 531837 0 0.5 p-1 -160838 31
30 357 m1 559658 0 0.5 p-1 -2160574 216
110 358 m1 562380 0 0.5 p-1 -167251 156
175 359 m1 563939 0 0.5 p-1 -222770 87
31 360 m1 565022 0 0.5 p-1 -11166704 839
32 361 m1 570545 0 0.5 p-1 -497563 222
212 363 m1 590721 0 0.5 p-1 -32526 12
211 364 m1 599426 0 0.5 p-1 -15610 3
304 365 m1 612190 0 0.5 p-1 -1993 2
241 366 m1 635574 0 0.5 p-1 -33841 9
199 367 m1 654919 0 0.5 p-1 -65699 19
34 368 m1 655069 0 0.5 p-1 -5940017 1413
187 369 m1 655874 0 0.5 p-1 -6076 7
258 370 m1 681689 0 0.5 p-1 -6680 2
129 371 m1 689198 0 0.5 p-1 -3336165 151
196 374 m1 726326 0 0.5 p-1 -4040581 19
140 375 m1 748116 0 0.5 p-1 -1660708 264
56 376 m1 753890 0 0.5 p-1 -161309 88
236 377 m1 768995 0 0.5 p-1 -1639 6
57 378 m1 781002 0 0.5 p-1 -3975919 1165
303 380 m1 791348 0 0.5 p-1 -6136 2
122 381 m1 793919 0 0.5 p-1 -1380959 117
107 382 m1 798894 0 0.5 p-1 -3218238 121
307 383 m1 821503 0 0.5 p-1 -37028 1
217 384 m1 826626 0 0.5 p-1 -123162 15
39 385 m1 826945 0 0.5 p-1 -5545992 1914
100 386 m1 846561 0 0.5 p-1 -33535 1
61 387 m1 870606 0 0.5 p-1 -2243607 1163
317 388 m1 876246 0 0.5 p-1 -472 1
295 389 m1 879917 0 0.5 p-1 -16025 4
42 390 m1 883672 0 0.5 p-1 -2995809 836
137 391 m1 889446 0 0.5 p-1 -43031 3
71 392 m1 892539 0 0.5 p-1 -6094372 965
277 393 m1 917885 0 0.5 p-1 -2643 2
210 394 m1 918381 0 0.5 p-1 -248286 16
116 395 m1 922625 0 0.5 p-1 -13851 2
230 396 m1 966487 0 0.5 p-1 -670 3
165 397 m1 996967 0 0.5 p-1 -126021 60
Individuals:
