Mutations:
172 0 m2 1784 -0.00376188429 0.5 p-1 -95444 61
266 1 m2 3805 -0.00123804982 0.5 p-1 -16112 2
162 2 m2 10504 -0.00415377738 0.5 p-1 -29201 16
0 3 m2 12000 -4.30143446e-05 0.5 p-1 -2007942 572
153 4 m2 18355 -2.25587773e-05 0.5 p-1 -63889 26
81 5 m2 18635 -0.116209738 0.5 p-1 -377518 131
35 6 m2 29027 -0.00049094815 0.5 p-1 -622852 408
1 7 m2 32431 -0.00105191988 0.5 p-1 -6633659 1887
114 8 m2 37252 -0.00722767413 0.5 p-1 -2790069 296
57 10 m2 40362 -0.0115250573 0.5 p-1 -1726216 129
244 11 m2 41506 -0.00600086758 0.5 p-1 -20733 6
260 12 m2 50330 -0.0133372582 0.5 p-1 -5635 1
156 13 m2 64386 -0.000506143086 0.5 p-1 -3146 6
2 14 m2 64920 -0.000390160887 0.5 p-1 -6113261 1372
67 15 m2 65923 -0.000621750019 0.5 p-1 -5524537 1008
131 16 m2 67398 -6.41197548e-05 0.5 p-1 -371346 96
250 19 m2 76118 -0.0240226164 0.5 p-1 -3890 5
238 20 m2 89852 -0.0041346103 0.5 p-1 -16158 15
59 22 m2 106846 -0.000102107202 0.5 p-1 -726585 447
4 23 m2 128045 -1.46970513e-06 0.5 p-1 -1126670 1071
177 25 m2 130099 -0.00313492119 0.5 p-1 -96128 27
61 26 m2 137024 -0.000103343256 0.5 p-1 -1559245 1323
82 27 m2 139385 -0.000703748723 0.5 p-1 -2375662 511
90 29 m2 141437 -0.0045693079 0.5 p-1 -2356738 484
5 30 m2 144612 -0.0152274566 0.5 p-1 -7106509 767
83 31 m2 147060 -0.0796695426 0.5 p-1 -1269844 287
176 32 m2 148582 -0.0124478284 0.5 p-1 -16203 2
275 33 m2 148641 -6.49559806e-05 0.5 p-1 -72445 1
134 34 m2 150805 -4.12073359e-06 0.5 p-1 -2381016 111
216 35 m2 154974 -0.0114240684 0.5 p-1 -380902 9
62 36 m2 154988 -0.0102086738 0.5 p-1 -2817187 566
149 37 m2 156988 -0.00150105334 0.5 p-1 -110882 28
6 39 m2 161521 -0.0120836366 0.5 p-1 -3692605 1386
209 40 m2 170189 -0.00507685496 0.5 p-1 -88001 43
7 41 m2 170649 -0.0484165624 0.5 p-1 -5814157 496
63 42 m2 171160 -1.17168393e-05 0.5 p-1 -1046224 4
117 43 m2 171956 -0.0209244378 0.5 p-1 -790413 274
264 44 m2 172559 -0.0108240796 0.5 p-1 -79440 2
205 45 m2 172775 -1.4902057e-05 0.5 p-1 -100636 2
37 47 m2 181191 -0.0145579241 0.5 p-1 -3818299 884
38 48 m2 181340 -0.00246805092 0.5 p-1 -1191793 1080
236 49 m2 184211 -0.00889651012 0.5 p-1 -105096 8
111 50 m2 198254 -4.09247405e-05 0.5 p-1 -180095 172
211 52 m2 201629 -0.000428470667 0.5 p-1 -32109 3
239 53 m2 202984 -6.93170841e-06 0.5 p-1 -3683 5
39 54 m2 209137 -0.00799197517 0.5 p-1 -4529082 990
201 55 m2 209266 -0.016061062 0.5 p-1 -69897 3
258 56 m2 212751 -0.00181885529 0.5 p-1 -44911 2
248 57 m2 223881 -0.00639757235 0.5 p-1 -248065 3
174 58 m2 226051 -9.12221294e-05 0.5 p-1 -25628 19
68 59 m2 227394 -0.00299290032 0.5 p-1 -312515 117
40 60 m2 231654 -0.032613758 0.5 p-1 -2055407 283
41 61 m2 232458 -0.000316065096 0.5 p-1 -1233865 1113
42 63 m2 252648 -0.0165295061 0.5 p-1 -3759737 1453
84 64 m2 254268 -0.00249786023 0.5 p-1 -3184482 263
9 69 m2 265834 -0.00157048646 0.5 p-1 -3544421 1286
10 70 m2 273806 -0.00154286181 0.5 p-1 -3230867 1035
140 71 m2 275093 -1.44391361e-05 0.5 p-1 -1969217 110
141 72 m2 275137 -0.0145332413 0.5 p-1 -131424 25
115 73 m2 278798 -0.00668193866 0.5 p-1 -1607281 267
92 75 m2 280069 -0.000459232542 0.5 p-1 -427569 186
167 76 m2 281062 -0.0186332017 0.5 p-1 -15600 9
171 77 m2 281965 -0.00794013776 0.5 p-1 -620861 53
43 78 m2 284355 -0.00736533012 0.5 p-1 -1258512 630
44 79 m2 287957 -0.00509102503 0.5 p-1 -1579756 981
85 80 m2 289472 -0.036242459 0.5 p-1 -737357 162
45 82 m2 293994 -0.00152931875 0.5 p-1 -3296443 1345
272 83 m2 295520 -0.02636021 0.5 p-1 -6360 2
11 84 m2 316336 -0.000415604212 0.5 p-1 -165161 69
64 86 m2 323993 -0.0147517873 0.5 p-1 -702303 337
187 87 m2 326135 -0.00039672674 0.5 p-1 -172689 8
223 88 m2 326214 -0.00152629009 0.5 p-1 -1531048 16
200 90 m2 328634 -0.00224823086 0.5 p-1 -175049 6
161 91 m2 333254 -0.00820268318 0.5 p-1 -734526 128
12 92 m2 337108 -0.0107673127 0.5 p-1 -7404197 1035
251 93 m2 337517 -0.00114168646 0.5 p-1 -4740 3
261 95 m2 342251 -0.000110024659 0.5 p-1 -4328 3
86 97 m2 348947 -0.000193689717 0.5 p-1 -7670984 309
13 98 m2 351451 -0.0134342546 0.5 p-1 -5672550 1358
224 99 m2 358126 -0.000483908545 0.5 p-1 -11589 2
87 100 m2 364063 -0.000819455425 0.5 p-1 -2768829 195
46 101 m2 365766 -0.0770608038 0.5 p-1 -1278999 493
14 102 m2 366881 -0.0123287616 0.5 p-1 -132357 150
178 103 m2 368186 -0.000131745619 0.5 p-1 -996138 26
88 105 m2 374462 -0.0216925871 0.5 p-1 -329422 78
235 107 m2 376866 -0.0150636192 0.5 p-1 -1833 7
112 108 m2 380657 -1.77282473e-05 0.5 p-1 -1288846 219
124 109 m2 385324 -0.000835285464 0.5 p-1 -61349 15
154 110 m2 385472 -0.00969035178 0.5 p-1 -21006 8
191 112 m2 396365 -0.00333755766 0.5 p-1 -2684075 31
16 115 m2 402773 -0.00204716413 0.5 p-1 -1873572 1570
113 116 m2 408260 -0.00721153431 0.5 p-1 -79279 115
69 117 m2 409599 -0.00107076124 0.5 p-1 -2009335 42
232 118 m2 410488 -0.0133841308 0.5 p-1 -1623 2
65 120 m2 411678 -0.0014885331 0.5 p-1 -2913765 611
105 121 m2 416418 -0.0355259962 0.5 p-1 -922597 255
169 122 m2 419035 -0.000685475417 0.5 p-1 -13491 6
47 125 m2 440555 -6.43496605e-05 0.5 p-1 -2008714 1367
144 126 m2 440600 -0.000762704469 0.5 p-1 -43909 54
70 127 m2 445158 -0.0040684226 0.5 p-1 -710324 184
71 128 m2 447635 -0.0106786909 0.5 p-1 -3823892 742
48 129 m2 448771 -1.31156241e-07 0.5 p-1 -78369 20
179 130 m2 449060 -0.0123414528 0.5 p-1 -43769 82
180 132 m2 468120 -9.38512585e-06 0.5 p-1 -21883 36
229 135 m2 491908 -0.000513100997 0.5 p-1 -6602 4
270 136 m2 493505 -0.00193407503 0.5 p-1 -102207 1
276 137 m2 493654 -0.0113639021 0.5 p-1 -78605 3
18 138 m2 497607 -0.00243959972 0.5 p-1 -1137881 786
19 139 m2 505971 -1.35212801e-07 0.5 p-1 -7338462 1780
94 140 m2 513950 -0.00025082659 0.5 p-1 -4000533 441
101 141 m2 518809 -0.0308463313 0.5 p-1 -561616 219
72 143 m2 522484 -0.00443725241 0.5 p-1 -14060 9
20 144 m2 528978 -0.000361010287 0.5 p-1 -4210735 779
21 146 m2 532755 -0.0125451917 0.5 p-1 -274923 133
220 147 m2 537490 -0.0027691992 0.5 p-1 -65158 2
202 148 m2 546616 -0.0102430368 0.5 p-1 -27287 42
73 149 m2 546749 -0.0224489458 0.5 p-1 -1005604 305
145 150 m2 551522 -0.0152800865 0.5 p-1 -101860 22
221 151 m2 565864 -0.021086935 0.5 p-1 -51921 12
22 153 m2 569763 -0.0564007126 0.5 p-1 -3526924 202
217 154 m2 570525 -0.00206689537 0.5 p-1 -212732 3
227 157 m2 582489 -0.000213201522 0.5 p-1 -42478 8
226 158 m2 587150 -2.69290504e-05 0.5 p-1 -30886 2
136 159 m2 596260 -0.000812625338 0.5 p-1 -371101 251
158 161 m2 596536 -0.0135053704 0.5 p-1 -241009 65
50 162 m2 598278 -0.0203983244 0.5 p-1 -4381204 1757
274 163 m2 611640 -0.0133949919 0.5 p-1 -1877 1
106 164 m2 628640 -0.0157646444 0.5 p-1 -72755 51
150 165 m2 630674 -0.000659676327 0.5 p-1 -201359 66
146 166 m2 636347 -0.00450866716 0.5 p-1 -101643 42
268 167 m2 640489 -0.00498476438 0.5 p-1 -2355 1
263 168 m2 642220 -0.000299209176 0.5 p-1 -297404 1
245 169 m2 642484 -0.017343659 0.5 p-1 -13283 3
151 170 m2 642591 -0.0699500144 0.5 p-1 -44981 29
249 171 m2 646056 -5.02848752e-06 0.5 p-1 -90550 4
213 172 m2 646203 -0.00164985878 0.5 p-1 -2214743 28
190 173 m2 647940 -0.00074654998 0.5 p-1 -128059 78
159 175 m2 657070 -0.00358529761 0.5 p-1 -192979 99
254 177 m2 662748 -0.0288454052 0.5 p-1 -31446 5
181 178 m2 665580 -0.00390136219 0.5 p-1 -41042 63
160 179 m2 665920 -0.0170050394 0.5 p-1 -21153 7
138 180 m2 669627 -0.00279237586 0.5 p-1 -1919413 175
125 181 m2 671075 -0.00141130353 0.5 p-1 -72366 78
102 182 m2 671435 -0.00411666231 0.5 p-1 -384298 239
97 183 m2 675428 -0.0806074217 0.5 p-1 -451414 241
214 184 m2 681445 -0.00678014616 0.5 p-1 -400844 2
74 185 m2 683738 -0.0176885426 0.5 p-1 -3828701 218
203 187 m2 689082 -0.0275341589 0.5 p-1 -51960 43
75 189 m2 697194 -8.82230743e-05 0.5 p-1 -236483 66
51 190 m2 704673 -0.0114927087 0.5 p-1 -12224647 239
166 191 m2 705940 -0.00254940195 0.5 p-1 -11234 2
241 192 m2 709018 -0.00493902201 0.5 p-1 -92181 13
107 193 m2 733209 -0.0129608037 0.5 p-1 -10897878 665
122 195 m2 748863 -0.00255727326 0.5 p-1 -202076 55
103 196 m2 751635 -0.00454140967 0.5 p-1 -14648137 310
24 198 m2 757098 -1.29076852e-05 0.5 p-1 -3644542 267
168 199 m2 765133 -0.000148420484 0.5 p-1 -95290 40
25 200 m2 773893 -3.86977335e-05 0.5 p-1 -4701848 1151
52 201 m2 783108 -7.03734088e-07 0.5 p-1 -12998650 266
76 202 m2 784797 -0.000341874693 0.5 p-1 -188975 5
198 203 m2 788224 -0.0219940469 0.5 p-1 -19176 10
98 204 m2 789493 -0.00747166993 0.5 p-1 -1327016 332
139 205 m2 789698 -0.0232289825 0.5 p-1 -216508 100
192 207 m2 799143 -0.0106413886 0.5 p-1 -120910 17
27 209 m2 811041 -0.00684872409 0.5 p-1 -1293882 665
28 210 m2 811892 -5.96868313e-06 0.5 p-1 -3399639 739
237 211 m2 820005 -0.00269338954 0.5 p-1 -15547 10
119 212 m2 822507 -0.00841296464 0.5 p-1 -199939 73
120 213 m2 828029 -0.00544588966 0.5 p-1 -5034854 730
77 214 m2 836502 -0.000170152736 0.5 p-1 -11657742 1385
193 216 m2 839354 -0.0106090978 0.5 p-1 -147723 44
142 217 m2 840453 -3.98374941e-05 0.5 p-1 -164428 39
99 218 m2 841335 -0.00156968588 0.5 p-1 -1816190 418
53 221 m2 850443 -0.00820824876 0.5 p-1 -4126760 528
30 222 m2 851341 -4.83470285e-06 0.5 p-1 -1477397 1323
31 224 m2 861654 -0.00235953135 0.5 p-1 -774516 529
196 225 m2 869005 -0.00527449464 0.5 p-1 -87898 45
257 226 m2 870597 -0.00411492959 0.5 p-1 -4960 1
273 228 m2 880341 -0.0134578785 0.5 p-1 -28083 2
54 229 m2 881357 -0.00311751035 0.5 p-1 -2854064 826
79 231 m2 907201 -0.0797946826 0.5 p-1 -1304150 1207
55 232 m2 907431 -0.00181986776 0.5 p-1 -3212032 1200
278 233 m2 907617 -0.000378680124 0.5 p-1 -29265 1
143 236 m2 935938 -5.46327428e-05 0.5 p-1 -99065 106
152 237 m2 941363 -2.58799082e-06 0.5 p-1 -87071 97
80 238 m2 942380 -4.64333061e-05 0.5 p-1 -5108752 1305
66 239 m2 945934 -0.0166768525 0.5 p-1 -1336062 635
34 242 m2 965627 -0.0143688163 0.5 p-1 -342065 452
186 243 m2 966052 -0.0222477335 0.5 p-1 -1503698 3
210 244 m2 966557 -0.000633661286 0.5 p-1 -89677 2
195 245 m2 973674 -9.44171552e-05 0.5 p-1 -26951 15
128 246 m2 981248 -2.64919581e-05 0.5 p-1 -554039 177
100 247 m2 989279 -0.0517229252 0.5 p-1 -1672136 347
109 248 m2 991612 -0.00187367958 0.5 p-1 -2821580 148
116 249 m2 993448 -0.00695863506 0.5 p-1 -544783 181
110 250 m2 996852 -0.00187238329 0.5 p-1 -854663 392
269 254 m2 278450 -0.000739823736 0.5 p0 2 2
240 255 m2 533981 -6.07611073e-05 0.5 p0 2 2
253 257 m2 283170 -8.30487406e-05 0.5 p0 2 4
165 258 m2 557826 -0.00201113685 0.5 p0 2 5
118 264 m2 711795 -0.00168623391 0.5 p0 2 5
271 266 m2 54012 -0.00394084444 0.5 p0 2 3
199 273 m2 615913 -0.00247224909 0.5 p0 2 5
259 278 m2 910936 -0.0328366011 0.5 p0 2 1
247 280 m2 637488 -0.00422363495 0.5 p0 2 1
218 281 m2 472456 -0.00259265699 0.5 p0 2 4
267 284 m2 27936 -0.0178030524 0.5 p0 2 2
242 291 m2 432755 -0.0158289485 0.5 p0 2 3
246 295 m2 639282 -4.71446633e-08 0.5 p0 2 5
255 297 m2 838481 -4.79789378e-07 0.5 p0 2 4
277 299 m2 717279 -0.000197640416 0.5 p0 2 1
56 306 m1 13544 0 0.5 p-1 -1307845 246
256 307 m1 14679 0 0.5 p-1 -12546 2
133 308 m1 15215 0 0.5 p-1 -34175 26
163 309 m1 28944 0 0.5 p-1 -163076 59
129 312 m1 63499 0 0.5 p-1 -842162 274
130 313 m1 63935 0 0.5 p-1 -65759 62
58 314 m1 67931 0 0.5 p-1 -4169247 596
148 315 m1 72689 0 0.5 p-1 -1029395 52
121 316 m1 84142 0 0.5 p-1 -875098 134
3 318 m1 127179 0 0.5 p-1 -6372235 1776
60 319 m1 133087 0 0.5 p-1 -9908909 939
222 320 m1 139510 0 0.5 p-1 -45427 9
262 322 m1 149626 0 0.5 p-1 -12785 2
36 323 m1 150600 0 0.5 p-1 -3095856 703
123 324 m1 159428 0 0.5 p-1 -302818 12
183 325 m1 163002 0 0.5 p-1 -67544 52
147 326 m1 170923 0 0.5 p-1 -8911 20
8 329 m1 203385 0 0.5 p-1 -8923973 1932
104 330 m1 209900 0 0.5 p-1 -1091456 220
157 331 m1 217391 0 0.5 p-1 -131021 49
252 335 m1 256251 0 0.5 p-1 -42066 8
91 336 m1 256492 0 0.5 p-1 -2680868 432
170 338 m1 269899 0 0.5 p-1 -3105 28
233 339 m1 285897 0 0.5 p-1 -2044 2
230 340 m1 293253 0 0.5 p-1 -31557 11
265 341 m1 316201 0 0.5 p-1 -4395 4
225 342 m1 324108 0 0.5 p-1 -110668 2
215 343 m1 355676 0 0.5 p-1 -38642 1
173 345 m1 360248 0 0.5 p-1 -20492 29
15 347 m1 394412 0 0.5 p-1 -1190916 885
234 348 m1 404213 0 0.5 p-1 -22407 4
132 349 m1 405396 0 0.5 p-1 -44442 62
17 350 m1 429927 0 0.5 p-1 -5637792 1380
135 352 m1 484761 0 0.5 p-1 -3734240 133
93 353 m1 488725 0 0.5 p-1 -1609842 496
184 355 m1 531837 0 0.5 p-1 -160838 36
95 357 m1 559658 0 0.5 p-1 -2160574 228
189 358 m1 562380 0 0.5 p-1 -167251 158
49 359 m1 563939 0 0.5 p-1 -222770 195
89 360 m1 565022 0 0.5 p-1 -11166704 797
96 361 m1 570545 0 0.5 p-1 -497563 208
212 363 m1 590721 0 0.5 p-1 -32526 19
188 365 m1 612190 0 0.5 p-1 -1993 18
175 366 m1 635574 0 0.5 p-1 -33841 10
219 367 m1 654919 0 0.5 p-1 -65699 9
23 368 m1 655069 0 0.5 p-1 -5940017 1421
182 369 m1 655874 0 0.5 p-1 -6076 16
126 371 m1 689198 0 0.5 p-1 -3336165 133
197 374 m1 726326 0 0.5 p-1 -4040581 24
108 375 m1 748116 0 0.5 p-1 -1660708 263
137 376 m1 753890 0 0.5 p-1 -161309 75
208 377 m1 768995 0 0.5 p-1 -1639 9
26 378 m1 781002 0 0.5 p-1 -3975919 1090
206 380 m1 791348 0 0.5 p-1 -6136 9
164 381 m1 793919 0 0.5 p-1 -1380959 102
127 382 m1 798894 0 0.5 p-1 -3218238 125
231 384 m1 826626 0 0.5 p-1 -123162 25
29 385 m1 826945 0 0.5 p-1 -5545992 1893
243 386 m1 846561 0 0.5 p-1 -33535 7
32 387 m1 870606 0 0.5 p-1 -2243607 1157
228 388 m1 876246 0 0.5 p-1 -472 3
185 389 m1 879917 0 0.5 p-1 -16025 4
78 390 m1 883672 0 0.5 p-1 -2995809 879
194 391 m1 889446 0 0.5 p-1 -43031 10
33 392 m1 892539 0 0.5 p-1 -6094372 923
207 394 m1 918381 0 0.5 p-1 -248286 17
204 396 m1 966487 0 0.5 p-1 -670 5
155 397 m1 996967 0 0.5 p-1 -126021 51
Individuals:
