Mutations:
178 0 m2 1784 -0.00376188429 0.5 p-1 -95444 57
137 2 m2 10504 -0.00415377738 0.5 p-1 -29201 18
32 3 m2 12000 -4.30143446e-05 0.5 p-1 -2007942 572
227 4 m2 18355 -2.25587773e-05 0.5 p-1 -63889 19
175 5 m2 18635 -0.116209738 0.5 p-1 -377518 85
85 6 m2 29027 -0.00049094815 0.5 p-1 -622852 363
0 7 m2 32431 -0.00105191988 0.5 p-1 -6633659 1916
56 8 m2 37252 -0.00722767413 0.5 p-1 -2790069 406
114 10 m2 40362 -0.0115250573 0.5 p-1 -1726216 140
204 11 m2 41506 -0.00600086758 0.5 p-1 -20733 10
187 12 m2 50330 -0.0133372582 0.5 p-1 -5635 1
197 13 m2 64386 -0.000506143086 0.5 p-1 -3146 3
1 14 m2 64920 -0.000390160887 0.5 p-1 -6113261 1392
2 15 m2 65923 -0.000621750019 0.5 p-1 -5524537 1097
143 16 m2 67398 -6.41197548e-05 0.5 p-1 -371346 47
216 19 m2 76118 -0.0240226164 0.5 p-1 -3890 23
156 20 m2 89852 -0.0041346103 0.5 p-1 -16158 18
57 22 m2 106846 -0.000102107202 0.5 p-1 -726585 328
4 23 m2 128045 -1.46970513e-06 0.5 p-1 -1126670 1164
186 25 m2 130099 -0.00313492119 0.5 p-1 -96128 37
6 26 m2 137024 -0.000103343256 0.5 p-1 -1559245 1368
117 27 m2 139385 -0.000703748723 0.5 p-1 -2375662 474
93 29 m2 141437 -0.0045693079 0.5 p-1 -2356738 440
7 30 m2 144612 -0.0152274566 0.5 p-1 -7106509 674
146 31 m2 147060 -0.0796695426 0.5 p-1 -1269844 185
252 32 m2 148582 -0.0124478284 0.5 p-1 -16203 3
199 33 m2 148641 -6.49559806e-05 0.5 p-1 -72445 19
9 34 m2 150805 -4.12073359e-06 0.5 p-1 -2381016 148
213 35 m2 154974 -0.0114240684 0.5 p-1 -380902 1
94 36 m2 154988 -0.0102086738 0.5 p-1 -2817187 367
118 37 m2 156988 -0.00150105334 0.5 p-1 -110882 49
10 39 m2 161521 -0.0120836366 0.5 p-1 -3692605 1412
58 40 m2 170189 -0.00507685496 0.5 p-1 -88001 79
86 41 m2 170649 -0.0484165624 0.5 p-1 -5814157 529
95 43 m2 171956 -0.0209244378 0.5 p-1 -790413 144
123 44 m2 172559 -0.0108240796 0.5 p-1 -79440 14
229 45 m2 172775 -1.4902057e-05 0.5 p-1 -100636 5
33 47 m2 181191 -0.0145579241 0.5 p-1 -3818299 868
11 48 m2 181340 -0.00246805092 0.5 p-1 -1191793 1101
222 49 m2 184211 -0.00889651012 0.5 p-1 -105096 10
74 50 m2 198254 -4.09247405e-05 0.5 p-1 -180095 129
191 52 m2 201629 -0.000428470667 0.5 p-1 -32109 7
13 54 m2 209137 -0.00799197517 0.5 p-1 -4529082 980
262 55 m2 209266 -0.016061062 0.5 p-1 -69897 2
254 56 m2 212751 -0.00181885529 0.5 p-1 -44911 1
215 58 m2 226051 -9.12221294e-05 0.5 p-1 -25628 15
87 59 m2 227394 -0.00299290032 0.5 p-1 -312515 122
68 60 m2 231654 -0.032613758 0.5 p-1 -2055407 369
34 61 m2 232458 -0.000316065096 0.5 p-1 -1233865 1231
35 63 m2 252648 -0.0165295061 0.5 p-1 -3759737 1416
69 64 m2 254268 -0.00249786023 0.5 p-1 -3184482 366
14 69 m2 265834 -0.00157048646 0.5 p-1 -3544421 1306
36 70 m2 273806 -0.00154286181 0.5 p-1 -3230867 950
160 71 m2 275093 -1.44391361e-05 0.5 p-1 -1969217 56
161 72 m2 275137 -0.0145332413 0.5 p-1 -131424 23
149 73 m2 278798 -0.00668193866 0.5 p-1 -1607281 306
75 75 m2 280069 -0.000459232542 0.5 p-1 -427569 124
182 76 m2 281062 -0.0186332017 0.5 p-1 -15600 32
132 77 m2 281965 -0.00794013776 0.5 p-1 -620861 88
15 78 m2 284355 -0.00736533012 0.5 p-1 -1258512 739
37 79 m2 287957 -0.00509102503 0.5 p-1 -1579756 918
96 80 m2 289472 -0.036242459 0.5 p-1 -737357 188
59 82 m2 293994 -0.00152931875 0.5 p-1 -3296443 1331
97 83 m2 295520 -0.02636021 0.5 p-1 -6360 9
140 84 m2 316336 -0.000415604212 0.5 p-1 -165161 83
89 86 m2 323993 -0.0147517873 0.5 p-1 -702303 370
210 87 m2 326135 -0.00039672674 0.5 p-1 -172689 15
154 88 m2 326214 -0.00152629009 0.5 p-1 -1531048 22
172 90 m2 328634 -0.00224823086 0.5 p-1 -175049 11
102 91 m2 333254 -0.00820268318 0.5 p-1 -734526 110
38 92 m2 337108 -0.0107673127 0.5 p-1 -7404197 998
243 93 m2 337517 -0.00114168646 0.5 p-1 -4740 9
170 95 m2 342251 -0.000110024659 0.5 p-1 -4328 12
111 97 m2 348947 -0.000193689717 0.5 p-1 -7670984 376
16 98 m2 351451 -0.0134342546 0.5 p-1 -5672550 1382
155 99 m2 358126 -0.000483908545 0.5 p-1 -11589 6
124 100 m2 364063 -0.000819455425 0.5 p-1 -2768829 133
98 101 m2 365766 -0.0770608038 0.5 p-1 -1278999 443
90 102 m2 366881 -0.0123287616 0.5 p-1 -132357 129
162 103 m2 368186 -0.000131745619 0.5 p-1 -996138 27
164 105 m2 374462 -0.0216925871 0.5 p-1 -329422 75
220 107 m2 376866 -0.0150636192 0.5 p-1 -1833 11
76 108 m2 380657 -1.77282473e-05 0.5 p-1 -1288846 160
235 109 m2 385324 -0.000835285464 0.5 p-1 -61349 5
212 110 m2 385472 -0.00969035178 0.5 p-1 -21006 3
151 112 m2 396365 -0.00333755766 0.5 p-1 -2684075 49
228 114 m2 396842 -0.00486049196 0.5 p-1 -4211 2
40 115 m2 402773 -0.00204716413 0.5 p-1 -1873572 1569
150 116 m2 408260 -0.00721153431 0.5 p-1 -79279 78
77 117 m2 409599 -0.00107076124 0.5 p-1 -2009335 73
264 119 m2 410512 -0.0131890858 0.5 p-1 -88038 4
61 120 m2 411678 -0.0014885331 0.5 p-1 -2913765 457
171 121 m2 416418 -0.0355259962 0.5 p-1 -922597 259
272 124 m2 434171 -0.000734877074 0.5 p-1 -79054 1
17 125 m2 440555 -6.43496605e-05 0.5 p-1 -2008714 1446
168 126 m2 440600 -0.000762704469 0.5 p-1 -43909 49
62 127 m2 445158 -0.0040684226 0.5 p-1 -710324 217
78 128 m2 447635 -0.0106786909 0.5 p-1 -3823892 741
173 129 m2 448771 -1.31156241e-07 0.5 p-1 -78369 36
221 130 m2 449060 -0.0123414528 0.5 p-1 -43769 30
239 131 m2 465314 -0.000398047327 0.5 p-1 -23670 5
223 132 m2 468120 -9.38512585e-06 0.5 p-1 -21883 4
251 136 m2 493505 -0.00193407503 0.5 p-1 -102207 4
242 137 m2 493654 -0.0113639021 0.5 p-1 -78605 5
43 138 m2 497607 -0.00243959972 0.5 p-1 -1137881 857
18 139 m2 505971 -1.35212801e-07 0.5 p-1 -7338462 1811
99 140 m2 513950 -0.00025082659 0.5 p-1 -4000533 376
44 141 m2 518809 -0.0308463313 0.5 p-1 -561616 177
231 143 m2 522484 -0.00443725241 0.5 p-1 -14060 7
45 144 m2 528978 -0.000361010287 0.5 p-1 -4210735 568
46 146 m2 532755 -0.0125451917 0.5 p-1 -274923 114
240 148 m2 546616 -0.0102430368 0.5 p-1 -27287 2
103 149 m2 546749 -0.0224489458 0.5 p-1 -1005604 369
174 150 m2 551522 -0.0152800865 0.5 p-1 -101860 20
147 151 m2 565864 -0.021086935 0.5 p-1 -51921 8
47 153 m2 569763 -0.0564007126 0.5 p-1 -3526924 197
265 154 m2 570525 -0.00206689537 0.5 p-1 -212732 1
255 155 m2 574313 -0.00343609345 0.5 p-1 -2229 5
274 157 m2 582489 -0.000213201522 0.5 p-1 -42478 2
269 158 m2 587150 -2.69290504e-05 0.5 p-1 -30886 3
91 159 m2 596260 -0.000812625338 0.5 p-1 -371101 235
181 161 m2 596536 -0.0135053704 0.5 p-1 -241009 18
20 162 m2 598278 -0.0203983244 0.5 p-1 -4381204 1707
201 164 m2 628640 -0.0157646444 0.5 p-1 -72755 62
72 165 m2 630674 -0.000659676327 0.5 p-1 -201359 92
108 166 m2 636347 -0.00450866716 0.5 p-1 -101643 60
253 167 m2 640489 -0.00498476438 0.5 p-1 -2355 6
233 168 m2 642220 -0.000299209176 0.5 p-1 -297404 2
179 170 m2 642591 -0.0699500144 0.5 p-1 -44981 28
158 171 m2 646056 -5.02848752e-06 0.5 p-1 -90550 27
208 172 m2 646203 -0.00164985878 0.5 p-1 -2214743 14
128 173 m2 647940 -0.00074654998 0.5 p-1 -128059 59
135 175 m2 657070 -0.00358529761 0.5 p-1 -192979 92
203 177 m2 662748 -0.0288454052 0.5 p-1 -31446 14
129 178 m2 665580 -0.00390136219 0.5 p-1 -41042 66
275 179 m2 665920 -0.0170050394 0.5 p-1 -21153 2
79 180 m2 669627 -0.00279237586 0.5 p-1 -1919413 92
145 181 m2 671075 -0.00141130353 0.5 p-1 -72366 95
130 182 m2 671435 -0.00411666231 0.5 p-1 -384298 288
126 183 m2 675428 -0.0806074217 0.5 p-1 -451414 169
263 184 m2 681445 -0.00678014616 0.5 p-1 -400844 1
109 185 m2 683738 -0.0176885426 0.5 p-1 -3828701 236
230 187 m2 689082 -0.0275341589 0.5 p-1 -51960 22
183 189 m2 697194 -8.82230743e-05 0.5 p-1 -236483 58
127 190 m2 704673 -0.0114927087 0.5 p-1 -12224647 240
196 191 m2 705940 -0.00254940195 0.5 p-1 -11234 3
167 192 m2 709018 -0.00493902201 0.5 p-1 -92181 13
49 193 m2 733209 -0.0129608037 0.5 p-1 -10897878 644
104 195 m2 748863 -0.00255727326 0.5 p-1 -202076 50
101 196 m2 751635 -0.00454140967 0.5 p-1 -14648137 340
63 198 m2 757098 -1.29076852e-05 0.5 p-1 -3644542 236
21 199 m2 765133 -0.000148420484 0.5 p-1 -95290 26
22 200 m2 773893 -3.86977335e-05 0.5 p-1 -4701848 1056
148 201 m2 783108 -7.03734088e-07 0.5 p-1 -12998650 273
224 202 m2 784797 -0.000341874693 0.5 p-1 -188975 10
248 203 m2 788224 -0.0219940469 0.5 p-1 -19176 5
50 204 m2 789493 -0.00747166993 0.5 p-1 -1327016 399
105 205 m2 789698 -0.0232289825 0.5 p-1 -216508 125
194 207 m2 799143 -0.0106413886 0.5 p-1 -120910 25
23 209 m2 811041 -0.00684872409 0.5 p-1 -1293882 605
73 210 m2 811892 -5.96868313e-06 0.5 p-1 -3399639 649
185 211 m2 820005 -0.00269338954 0.5 p-1 -15547 3
180 212 m2 822507 -0.00841296464 0.5 p-1 -199939 60
51 213 m2 828029 -0.00544588966 0.5 p-1 -5034854 884
25 214 m2 836502 -0.000170152736 0.5 p-1 -11657742 1398
209 216 m2 839354 -0.0106090978 0.5 p-1 -147723 29
121 217 m2 840453 -3.98374941e-05 0.5 p-1 -164428 65
113 218 m2 841335 -0.00156968588 0.5 p-1 -1816190 332
52 221 m2 850443 -0.00820824876 0.5 p-1 -4126760 608
53 222 m2 851341 -4.83470285e-06 0.5 p-1 -1477397 1287
82 224 m2 861654 -0.00235953135 0.5 p-1 -774516 557
141 225 m2 869005 -0.00527449464 0.5 p-1 -87898 36
163 227 m2 875667 -0.000112134163 0.5 p-1 -40430 11
83 229 m2 881357 -0.00311751035 0.5 p-1 -2854064 785
64 231 m2 907201 -0.0797946826 0.5 p-1 -1304150 1196
54 232 m2 907431 -0.00181986776 0.5 p-1 -3212032 1173
232 233 m2 907617 -0.000378680124 0.5 p-1 -29265 5
28 236 m2 935938 -5.46327428e-05 0.5 p-1 -99065 116
190 237 m2 941363 -2.58799082e-06 0.5 p-1 -87071 49
29 238 m2 942380 -4.64333061e-05 0.5 p-1 -5108752 1207
30 239 m2 945934 -0.0166768525 0.5 p-1 -1336062 734
267 240 m2 959917 -0.00750246784 0.5 p-1 -1445 2
55 242 m2 965627 -0.0143688163 0.5 p-1 -342065 310
271 244 m2 966557 -0.000633661286 0.5 p-1 -89677 2
198 245 m2 973674 -9.44171552e-05 0.5 p-1 -26951 16
65 246 m2 981248 -2.64919581e-05 0.5 p-1 -554039 188
66 247 m2 989279 -0.0517229252 0.5 p-1 -1672136 389
84 248 m2 991612 -0.00187367958 0.5 p-1 -2821580 87
31 249 m2 993448 -0.00695863506 0.5 p-1 -544783 234
67 250 m2 996852 -0.00187238329 0.5 p-1 -854663 344
157 255 m2 533981 -6.07611073e-05 0.5 p0 2 3
211 257 m2 283170 -8.30487406e-05 0.5 p0 2 2
247 262 m2 241538 -5.77201354e-05 0.5 p0 2 6
257 263 m2 135490 -0.0054963748 0.5 p0 2 5
268 267 m2 902274 -0.00372139039 0.5 p0 2 1
236 268 m2 446870 -0.0371121578 0.5 p0 2 4
237 269 m2 545836 -0.00160190975 0.5 p0 2 4
238 271 m2 695457 -0.00773805892 0.5 p0 2 1
195 272 m2 864290 -0.00719748996 0.5 p0 2 7
245 274 m2 544451 -0.00383191463 0.5 p0 2 1
266 277 m2 699947 -4.56157031e-05 0.5 p0 2 1
244 282 m2 576908 -0.00156376045 0.5 p0 2 2
219 283 m2 27219 -7.67102101e-05 0.5 p0 2 15
176 284 m2 27936 -0.0178030524 0.5 p0 2 7
250 285 m2 634913 -0.00514899893 0.5 p0 2 1
276 290 m2 486407 -0.000141623255 0.5 p0 2 1
259 292 m2 376056 -0.000363263156 0.5 p0 2 9
205 294 m2 469867 -0.0357050076 0.5 p0 2 2
258 297 m2 838481 -4.79789378e-07 0.5 p0 2 2
134 301 m2 84070 -0.0114381528 0.5 p0 2 8
133 306 m1 13544 0 0.5 p-1 -1307845 207
153 307 m1 14679 0 0.5 p-1 -12546 17
159 308 m1 15215 0 0.5 p-1 -34175 36
138 309 m1 28944 0 0.5 p-1 -163076 106
177 310 m1 51470 0 0.5 p-1 -16976 12
115 312 m1 63499 0 0.5 p-1 -842162 186
142 313 m1 63935 0 0.5 p-1 -65759 17
122 314 m1 67931 0 0.5 p-1 -4169247 503
116 315 m1 72689 0 0.5 p-1 -1029395 93
120 316 m1 84142 0 0.5 p-1 -875098 148
3 318 m1 127179 0 0.5 p-1 -6372235 1747
5 319 m1 133087 0 0.5 p-1 -9908909 924
256 320 m1 139510 0 0.5 p-1 -45427 3
273 321 m1 142727 0 0.5 p-1 -310 2
8 323 m1 150600 0 0.5 p-1 -3095856 653
217 324 m1 159428 0 0.5 p-1 -302818 9
200 325 m1 163002 0 0.5 p-1 -67544 43
193 328 m1 203269 0 0.5 p-1 -5205 5
12 329 m1 203385 0 0.5 p-1 -8923973 1953
125 330 m1 209900 0 0.5 p-1 -1091456 228
192 331 m1 217391 0 0.5 p-1 -131021 63
277 332 m1 221220 0 0.5 p-1 -8313 1
207 333 m1 221665 0 0.5 p-1 -22149 9
144 335 m1 256251 0 0.5 p-1 -42066 19
88 336 m1 256492 0 0.5 p-1 -2680868 396
131 338 m1 269899 0 0.5 p-1 -3105 20
226 339 m1 285897 0 0.5 p-1 -2044 1
218 340 m1 293253 0 0.5 p-1 -31557 12
202 345 m1 360248 0 0.5 p-1 -20492 25
39 347 m1 394412 0 0.5 p-1 -1190916 720
60 349 m1 405396 0 0.5 p-1 -44442 28
41 350 m1 429927 0 0.5 p-1 -5637792 1326
70 352 m1 484761 0 0.5 p-1 -3734240 136
42 353 m1 488725 0 0.5 p-1 -1609842 490
169 355 m1 531837 0 0.5 p-1 -160838 14
260 356 m1 545518 0 0.5 p-1 -2195 2
152 357 m1 559658 0 0.5 p-1 -2160574 215
107 358 m1 562380 0 0.5 p-1 -167251 162
19 359 m1 563939 0 0.5 p-1 -222770 69
71 360 m1 565022 0 0.5 p-1 -11166704 791
100 361 m1 570545 0 0.5 p-1 -497563 283
206 363 m1 590721 0 0.5 p-1 -32526 6
225 365 m1 612190 0 0.5 p-1 -1993 3
214 366 m1 635574 0 0.5 p-1 -33841 14
48 368 m1 655069 0 0.5 p-1 -5940017 1332
261 369 m1 655874 0 0.5 p-1 -6076 3
165 370 m1 681689 0 0.5 p-1 -6680 3
110 371 m1 689198 0 0.5 p-1 -3336165 168
189 374 m1 726326 0 0.5 p-1 -4040581 7
80 375 m1 748116 0 0.5 p-1 -1660708 274
112 376 m1 753890 0 0.5 p-1 -161309 128
246 377 m1 768995 0 0.5 p-1 -1639 9
81 378 m1 781002 0 0.5 p-1 -3975919 1195
234 380 m1 791348 0 0.5 p-1 -6136 2
106 381 m1 793919 0 0.5 p-1 -1380959 139
119 382 m1 798894 0 0.5 p-1 -3218238 101
136 383 m1 821503 0 0.5 p-1 -37028 5
184 384 m1 826626 0 0.5 p-1 -123162 36
24 385 m1 826945 0 0.5 p-1 -5545992 1912
26 387 m1 870606 0 0.5 p-1 -2243607 1169
270 389 m1 879917 0 0.5 p-1 -16025 3
92 390 m1 883672 0 0.5 p-1 -2995809 818
166 391 m1 889446 0 0.5 p-1 -43031 8
27 392 m1 892539 0 0.5 p-1 -6094372 941
249 394 m1 918381 0 0.5 p-1 -248286 5
139 395 m1 922625 0 0.5 p-1 -13851 1
241 396 m1 966487 0 0.5 p-1 -670 2
188 397 m1 996967 0 0.5 p-1 -126021 62
Individuals:
