Mutations:
197 0 m2 1784 -0.00376188429 0.5 p-1 -95444 77
198 2 m2 10504 -0.00415377738 0.5 p-1 -29201 23
105 3 m2 12000 -4.30143446e-05 0.5 p-1 -2007942 536
228 4 m2 18355 -2.25587773e-05 0.5 p-1 -63889 17
135 5 m2 18635 -0.116209738 0.5 p-1 -377518 70
0 6 m2 29027 -0.00049094815 0.5 p-1 -622852 376
1 7 m2 32431 -0.00105191988 0.5 p-1 -6633659 1895
37 8 m2 37252 -0.00722767413 0.5 p-1 -2790069 402
133 10 m2 40362 -0.0115250573 0.5 p-1 -1726216 138
213 11 m2 41506 -0.00600086758 0.5 p-1 -20733 23
161 12 m2 50330 -0.0133372582 0.5 p-1 -5635 24
2 14 m2 64920 -0.000390160887 0.5 p-1 -6113261 1357
38 15 m2 65923 -0.000621750019 0.5 p-1 -5524537 954
153 16 m2 67398 -6.41197548e-05 0.5 p-1 -371346 35
236 19 m2 76118 -0.0240226164 0.5 p-1 -3890 6
195 20 m2 89852 -0.0041346103 0.5 p-1 -16158 5
68 22 m2 106846 -0.000102107202 0.5 p-1 -726585 421
4 23 m2 128045 -1.46970513e-06 0.5 p-1 -1126670 1130
180 25 m2 130099 -0.00313492119 0.5 p-1 -96128 43
41 26 m2 137024 -0.000103343256 0.5 p-1 -1559245 1281
69 27 m2 139385 -0.000703748723 0.5 p-1 -2375662 540
222 28 m2 140558 -0.000292154786 0.5 p-1 -50512 7
42 29 m2 141437 -0.0045693079 0.5 p-1 -2356738 489
70 30 m2 144612 -0.0152274566 0.5 p-1 -7106509 719
71 31 m2 147060 -0.0796695426 0.5 p-1 -1269844 257
81 34 m2 150805 -4.12073359e-06 0.5 p-1 -2381016 143
142 35 m2 154974 -0.0114240684 0.5 p-1 -380902 13
73 36 m2 154988 -0.0102086738 0.5 p-1 -2817187 410
178 37 m2 156988 -0.00150105334 0.5 p-1 -110882 59
6 39 m2 161521 -0.0120836366 0.5 p-1 -3692605 1458
74 40 m2 170189 -0.00507685496 0.5 p-1 -88001 114
89 41 m2 170649 -0.0484165624 0.5 p-1 -5814157 332
60 43 m2 171956 -0.0209244378 0.5 p-1 -790413 188
243 44 m2 172559 -0.0108240796 0.5 p-1 -79440 8
43 47 m2 181191 -0.0145579241 0.5 p-1 -3818299 878
44 48 m2 181340 -0.00246805092 0.5 p-1 -1191793 1083
235 49 m2 184211 -0.00889651012 0.5 p-1 -105096 19
45 50 m2 198254 -4.09247405e-05 0.5 p-1 -180095 175
61 52 m2 201629 -0.000428470667 0.5 p-1 -32109 23
8 54 m2 209137 -0.00799197517 0.5 p-1 -4529082 1065
201 55 m2 209266 -0.016061062 0.5 p-1 -69897 6
204 56 m2 212751 -0.00181885529 0.5 p-1 -44911 9
109 58 m2 226051 -9.12221294e-05 0.5 p-1 -25628 29
128 59 m2 227394 -0.00299290032 0.5 p-1 -312515 93
46 60 m2 231654 -0.032613758 0.5 p-1 -2055407 337
47 61 m2 232458 -0.000316065096 0.5 p-1 -1233865 1234
9 63 m2 252648 -0.0165295061 0.5 p-1 -3759737 1542
10 64 m2 254268 -0.00249786023 0.5 p-1 -3184482 244
48 69 m2 265834 -0.00157048646 0.5 p-1 -3544421 1312
11 70 m2 273806 -0.00154286181 0.5 p-1 -3230867 945
172 71 m2 275093 -1.44391361e-05 0.5 p-1 -1969217 64
186 72 m2 275137 -0.0145332413 0.5 p-1 -131424 11
91 73 m2 278798 -0.00668193866 0.5 p-1 -1607281 192
173 75 m2 280069 -0.000459232542 0.5 p-1 -427569 181
217 76 m2 281062 -0.0186332017 0.5 p-1 -15600 10
131 77 m2 281965 -0.00794013776 0.5 p-1 -620861 36
63 78 m2 284355 -0.00736533012 0.5 p-1 -1258512 668
12 79 m2 287957 -0.00509102503 0.5 p-1 -1579756 997
113 80 m2 289472 -0.036242459 0.5 p-1 -737357 172
251 81 m2 293922 -0.00100406131 0.5 p-1 -17926 4
49 82 m2 293994 -0.00152931875 0.5 p-1 -3296443 1406
199 84 m2 316336 -0.000415604212 0.5 p-1 -165161 31
75 86 m2 323993 -0.0147517873 0.5 p-1 -702303 412
207 87 m2 326135 -0.00039672674 0.5 p-1 -172689 17
211 88 m2 326214 -0.00152629009 0.5 p-1 -1531048 22
196 90 m2 328634 -0.00224823086 0.5 p-1 -175049 8
188 91 m2 333254 -0.00820268318 0.5 p-1 -734526 189
13 92 m2 337108 -0.0107673127 0.5 p-1 -7404197 1051
241 93 m2 337517 -0.00114168646 0.5 p-1 -4740 3
126 97 m2 348947 -0.000193689717 0.5 p-1 -7670984 256
50 98 m2 351451 -0.0134342546 0.5 p-1 -5672550 1276
123 100 m2 364063 -0.000819455425 0.5 p-1 -2768829 235
114 101 m2 365766 -0.0770608038 0.5 p-1 -1278999 312
76 102 m2 366881 -0.0123287616 0.5 p-1 -132357 87
137 103 m2 368186 -0.000131745619 0.5 p-1 -996138 27
117 105 m2 374462 -0.0216925871 0.5 p-1 -329422 81
82 108 m2 380657 -1.77282473e-05 0.5 p-1 -1288846 180
233 109 m2 385324 -0.000835285464 0.5 p-1 -61349 5
220 110 m2 385472 -0.00969035178 0.5 p-1 -21006 7
106 112 m2 396365 -0.00333755766 0.5 p-1 -2684075 36
14 115 m2 402773 -0.00204716413 0.5 p-1 -1873572 1548
118 116 m2 408260 -0.00721153431 0.5 p-1 -79279 138
141 117 m2 409599 -0.00107076124 0.5 p-1 -2009335 129
189 118 m2 410488 -0.0133841308 0.5 p-1 -1623 29
174 119 m2 410512 -0.0131890858 0.5 p-1 -88038 4
77 120 m2 411678 -0.0014885331 0.5 p-1 -2913765 629
83 121 m2 416418 -0.0355259962 0.5 p-1 -922597 289
240 124 m2 434171 -0.000734877074 0.5 p-1 -79054 1
16 125 m2 440555 -6.43496605e-05 0.5 p-1 -2008714 1292
154 126 m2 440600 -0.000762704469 0.5 p-1 -43909 65
147 127 m2 445158 -0.0040684226 0.5 p-1 -710324 132
17 128 m2 447635 -0.0106786909 0.5 p-1 -3823892 725
206 129 m2 448771 -1.31156241e-07 0.5 p-1 -78369 16
155 130 m2 449060 -0.0123414528 0.5 p-1 -43769 39
212 131 m2 465314 -0.000398047327 0.5 p-1 -23670 6
231 132 m2 468120 -9.38512585e-06 0.5 p-1 -21883 16
218 137 m2 493654 -0.0113639021 0.5 p-1 -78605 2
18 138 m2 497607 -0.00243959972 0.5 p-1 -1137881 678
19 139 m2 505971 -1.35212801e-07 0.5 p-1 -7338462 1700
20 140 m2 513950 -0.00025082659 0.5 p-1 -4000533 364
21 141 m2 518809 -0.0308463313 0.5 p-1 -561616 169
157 143 m2 522484 -0.00443725241 0.5 p-1 -14060 21
22 144 m2 528978 -0.000361010287 0.5 p-1 -4210735 662
65 146 m2 532755 -0.0125451917 0.5 p-1 -274923 131
192 148 m2 546616 -0.0102430368 0.5 p-1 -27287 20
101 149 m2 546749 -0.0224489458 0.5 p-1 -1005604 304
191 150 m2 551522 -0.0152800865 0.5 p-1 -101860 20
209 151 m2 565864 -0.021086935 0.5 p-1 -51921 11
66 153 m2 569763 -0.0564007126 0.5 p-1 -3526924 192
234 156 m2 575065 -0.000516380649 0.5 p-1 -2574 12
245 158 m2 587150 -2.69290504e-05 0.5 p-1 -30886 2
52 159 m2 596260 -0.000812625338 0.5 p-1 -371101 289
177 161 m2 596536 -0.0135053704 0.5 p-1 -241009 16
23 162 m2 598278 -0.0203983244 0.5 p-1 -4381204 1670
115 164 m2 628640 -0.0157646444 0.5 p-1 -72755 41
119 165 m2 630674 -0.000659676327 0.5 p-1 -201359 124
166 166 m2 636347 -0.00450866716 0.5 p-1 -101643 43
239 168 m2 642220 -0.000299209176 0.5 p-1 -297404 4
250 169 m2 642484 -0.017343659 0.5 p-1 -13283 3
244 170 m2 642591 -0.0699500144 0.5 p-1 -44981 12
120 171 m2 646056 -5.02848752e-06 0.5 p-1 -90550 20
144 172 m2 646203 -0.00164985878 0.5 p-1 -2214743 16
185 173 m2 647940 -0.00074654998 0.5 p-1 -128059 85
132 175 m2 657070 -0.00358529761 0.5 p-1 -192979 102
246 177 m2 662748 -0.0288454052 0.5 p-1 -31446 3
163 178 m2 665580 -0.00390136219 0.5 p-1 -41042 76
193 179 m2 665920 -0.0170050394 0.5 p-1 -21153 6
130 180 m2 669627 -0.00279237586 0.5 p-1 -1919413 105
150 181 m2 671075 -0.00141130353 0.5 p-1 -72366 43
107 182 m2 671435 -0.00411666231 0.5 p-1 -384298 289
116 183 m2 675428 -0.0806074217 0.5 p-1 -451414 205
145 184 m2 681445 -0.00678014616 0.5 p-1 -400844 1
124 185 m2 683738 -0.0176885426 0.5 p-1 -3828701 211
229 187 m2 689082 -0.0275341589 0.5 p-1 -51960 15
162 189 m2 697194 -8.82230743e-05 0.5 p-1 -236483 72
53 190 m2 704673 -0.0114927087 0.5 p-1 -12224647 287
237 191 m2 705940 -0.00254940195 0.5 p-1 -11234 19
111 192 m2 709018 -0.00493902201 0.5 p-1 -92181 16
108 193 m2 733209 -0.0129608037 0.5 p-1 -10897878 778
184 194 m2 734075 -0.00386257493 0.5 p-1 -3763 4
210 195 m2 748863 -0.00255727326 0.5 p-1 -202076 23
84 196 m2 751635 -0.00454140967 0.5 p-1 -14648137 383
98 198 m2 757098 -1.29076852e-05 0.5 p-1 -3644542 281
179 199 m2 765133 -0.000148420484 0.5 p-1 -95290 28
25 200 m2 773893 -3.86977335e-05 0.5 p-1 -4701848 1133
95 201 m2 783108 -7.03734088e-07 0.5 p-1 -12998650 326
54 202 m2 784797 -0.000341874693 0.5 p-1 -188975 18
125 203 m2 788224 -0.0219940469 0.5 p-1 -19176 10
27 204 m2 789493 -0.00747166993 0.5 p-1 -1327016 440
164 205 m2 789698 -0.0232289825 0.5 p-1 -216508 153
205 208 m2 805307 -0.000601282227 0.5 p-1 -9912 13
56 209 m2 811041 -0.00684872409 0.5 p-1 -1293882 625
57 210 m2 811892 -5.96868313e-06 0.5 p-1 -3399639 727
103 212 m2 822507 -0.00841296464 0.5 p-1 -199939 74
96 213 m2 828029 -0.00544588966 0.5 p-1 -5034854 824
29 214 m2 836502 -0.000170152736 0.5 p-1 -11657742 1370
181 216 m2 839354 -0.0106090978 0.5 p-1 -147723 35
99 217 m2 840453 -3.98374941e-05 0.5 p-1 -164428 57
85 218 m2 841335 -0.00156968588 0.5 p-1 -1816190 401
200 219 m2 850044 -0.000403351005 0.5 p-1 -2088 7
58 221 m2 850443 -0.00820824876 0.5 p-1 -4126760 605
30 222 m2 851341 -4.83470285e-06 0.5 p-1 -1477397 1409
31 224 m2 861654 -0.00235953135 0.5 p-1 -774516 387
148 225 m2 869005 -0.00527449464 0.5 p-1 -87898 17
252 227 m2 875667 -0.000112134163 0.5 p-1 -40430 3
33 229 m2 881357 -0.00311751035 0.5 p-1 -2854064 839
35 231 m2 907201 -0.0797946826 0.5 p-1 -1304150 1196
36 232 m2 907431 -0.00181986776 0.5 p-1 -3212032 1205
230 233 m2 907617 -0.000378680124 0.5 p-1 -29265 17
139 236 m2 935938 -5.46327428e-05 0.5 p-1 -99065 89
170 237 m2 941363 -2.58799082e-06 0.5 p-1 -87071 72
87 238 m2 942380 -4.64333061e-05 0.5 p-1 -5108752 1205
78 239 m2 945934 -0.0166768525 0.5 p-1 -1336062 692
59 242 m2 965627 -0.0143688163 0.5 p-1 -342065 418
165 244 m2 966557 -0.000633661286 0.5 p-1 -89677 27
104 245 m2 973674 -9.44171552e-05 0.5 p-1 -26951 33
79 246 m2 981248 -2.64919581e-05 0.5 p-1 -554039 250
97 247 m2 989279 -0.0517229252 0.5 p-1 -1672136 379
67 248 m2 991612 -0.00187367958 0.5 p-1 -2821580 62
149 249 m2 993448 -0.00695863506 0.5 p-1 -544783 280
112 250 m2 996852 -0.00187238329 0.5 p-1 -854663 237
256 252 m2 117599 -0.0201024469 0.5 p0 2 1
219 257 m2 283170 -8.30487406e-05 0.5 p0 2 10
247 259 m2 674295 -0.00133234612 0.5 p0 2 3
238 260 m2 307346 -0.00824166462 0.5 p0 2 3
224 266 m2 54012 -0.00394084444 0.5 p0 2 2
232 271 m2 695457 -0.00773805892 0.5 p0 2 1
221 273 m2 615913 -0.00247224909 0.5 p0 2 8
225 274 m2 544451 -0.00383191463 0.5 p0 2 16
110 275 m2 259270 -0.0162848979 0.5 p0 2 11
249 289 m2 135467 -0.000127262843 0.5 p0 2 2
208 291 m2 432755 -0.0158289485 0.5 p0 2 10
223 298 m2 543977 -0.000228194782 0.5 p0 2 6
176 300 m2 153336 -0.0276141018 0.5 p0 2 4
171 304 m2 392867 -0.0941338539 0.5 p0 2 2
80 306 m1 13544 0 0.5 p-1 -1307845 303
253 307 m1 14679 0 0.5 p-1 -12546 1
140 308 m1 15215 0 0.5 p-1 -34175 79
122 309 m1 28944 0 0.5 p-1 -163076 83
127 310 m1 51470 0 0.5 p-1 -16976 18
88 312 m1 63499 0 0.5 p-1 -842162 231
169 313 m1 63935 0 0.5 p-1 -65759 16
100 314 m1 67931 0 0.5 p-1 -4169247 610
39 315 m1 72689 0 0.5 p-1 -1029395 186
40 316 m1 84142 0 0.5 p-1 -875098 179
3 318 m1 127179 0 0.5 p-1 -6372235 1726
5 319 m1 133087 0 0.5 p-1 -9908909 967
159 320 m1 139510 0 0.5 p-1 -45427 22
72 323 m1 150600 0 0.5 p-1 -3095856 681
260 324 m1 159428 0 0.5 p-1 -302818 1
146 325 m1 163002 0 0.5 p-1 -67544 16
258 328 m1 203269 0 0.5 p-1 -5205 2
7 329 m1 203385 0 0.5 p-1 -8923973 1947
152 330 m1 209900 0 0.5 p-1 -1091456 218
156 331 m1 217391 0 0.5 p-1 -131021 91
202 333 m1 221665 0 0.5 p-1 -22149 5
90 335 m1 256251 0 0.5 p-1 -42066 41
62 336 m1 256492 0 0.5 p-1 -2680868 320
183 338 m1 269899 0 0.5 p-1 -3105 6
182 339 m1 285897 0 0.5 p-1 -2044 7
254 341 m1 316201 0 0.5 p-1 -4395 1
227 342 m1 324108 0 0.5 p-1 -110668 8
255 344 m1 356970 0 0.5 p-1 -43908 2
158 345 m1 360248 0 0.5 p-1 -20492 19
51 347 m1 394412 0 0.5 p-1 -1190916 802
242 348 m1 404213 0 0.5 p-1 -22407 5
187 349 m1 405396 0 0.5 p-1 -44442 35
15 350 m1 429927 0 0.5 p-1 -5637792 1314
215 351 m1 446667 0 0.5 p-1 -1072 6
129 352 m1 484761 0 0.5 p-1 -3734240 148
64 353 m1 488725 0 0.5 p-1 -1609842 590
143 355 m1 531837 0 0.5 p-1 -160838 30
257 356 m1 545518 0 0.5 p-1 -2195 1
102 357 m1 559658 0 0.5 p-1 -2160574 132
134 358 m1 562380 0 0.5 p-1 -167251 105
136 359 m1 563939 0 0.5 p-1 -222770 96
92 360 m1 565022 0 0.5 p-1 -11166704 784
93 361 m1 570545 0 0.5 p-1 -497563 161
259 365 m1 612190 0 0.5 p-1 -1993 1
214 366 m1 635574 0 0.5 p-1 -33841 13
167 367 m1 654919 0 0.5 p-1 -65699 14
24 368 m1 655069 0 0.5 p-1 -5940017 1405
261 369 m1 655874 0 0.5 p-1 -6076 1
151 371 m1 689198 0 0.5 p-1 -3336165 151
160 374 m1 726326 0 0.5 p-1 -4040581 27
94 375 m1 748116 0 0.5 p-1 -1660708 232
175 376 m1 753890 0 0.5 p-1 -161309 111
203 377 m1 768995 0 0.5 p-1 -1639 11
26 378 m1 781002 0 0.5 p-1 -3975919 1087
138 381 m1 793919 0 0.5 p-1 -1380959 131
55 382 m1 798894 0 0.5 p-1 -3218238 94
121 384 m1 826626 0 0.5 p-1 -123162 6
28 385 m1 826945 0 0.5 p-1 -5545992 1921
248 386 m1 846561 0 0.5 p-1 -33535 2
32 387 m1 870606 0 0.5 p-1 -2243607 1136
168 388 m1 876246 0 0.5 p-1 -472 2
216 389 m1 879917 0 0.5 p-1 -16025 1
34 390 m1 883672 0 0.5 p-1 -2995809 802
226 391 m1 889446 0 0.5 p-1 -43031 6
86 392 m1 892539 0 0.5 p-1 -6094372 908
194 394 m1 918381 0 0.5 p-1 -248286 19
190 397 m1 996967 0 0.5 p-1 -126021 28
Individuals:
