Mutations:
71 0 m2 1784 -0.00376188429 0.5 p-1 -95444 62
256 1 m2 3805 -0.00123804982 0.5 p-1 -16112 4
198 2 m2 10504 -0.00415377738 0.5 p-1 -29201 10
0 3 m2 12000 -4.30143446e-05 0.5 p-1 -2007942 563
132 4 m2 18355 -2.25587773e-05 0.5 p-1 -63889 10
151 5 m2 18635 -0.116209738 0.5 p-1 -377518 62
103 6 m2 29027 -0.00049094815 0.5 p-1 -622852 427
1 7 m2 32431 -0.00105191988 0.5 p-1 -6633659 1903
91 8 m2 37252 -0.00722767413 0.5 p-1 -2790069 360
145 10 m2 40362 -0.0115250573 0.5 p-1 -1726216 87
189 11 m2 41506 -0.00600086758 0.5 p-1 -20733 35
255 12 m2 50330 -0.0133372582 0.5 p-1 -5635 1
41 14 m2 64920 -0.000390160887 0.5 p-1 -6113261 1263
2 15 m2 65923 -0.000621750019 0.5 p-1 -5524537 1022
143 16 m2 67398 -6.41197548e-05 0.5 p-1 -371346 50
213 19 m2 76118 -0.0240226164 0.5 p-1 -3890 7
224 20 m2 89852 -0.0041346103 0.5 p-1 -16158 11
85 22 m2 106846 -0.000102107202 0.5 p-1 -726585 359
56 23 m2 128045 -1.46970513e-06 0.5 p-1 -1126670 1023
169 25 m2 130099 -0.00313492119 0.5 p-1 -96128 47
4 26 m2 137024 -0.000103343256 0.5 p-1 -1559245 1395
72 27 m2 139385 -0.000703748723 0.5 p-1 -2375662 433
248 28 m2 140558 -0.000292154786 0.5 p-1 -50512 4
57 29 m2 141437 -0.0045693079 0.5 p-1 -2356738 546
5 30 m2 144612 -0.0152274566 0.5 p-1 -7106509 789
116 31 m2 147060 -0.0796695426 0.5 p-1 -1269844 225
144 34 m2 150805 -4.12073359e-06 0.5 p-1 -2381016 112
203 35 m2 154974 -0.0114240684 0.5 p-1 -380902 5
104 36 m2 154988 -0.0102086738 0.5 p-1 -2817187 453
182 37 m2 156988 -0.00150105334 0.5 p-1 -110882 19
6 39 m2 161521 -0.0120836366 0.5 p-1 -3692605 1351
204 40 m2 170189 -0.00507685496 0.5 p-1 -88001 5
122 41 m2 170649 -0.0484165624 0.5 p-1 -5814157 508
251 42 m2 171160 -1.17168393e-05 0.5 p-1 -1046224 1
126 43 m2 171956 -0.0209244378 0.5 p-1 -790413 204
158 44 m2 172559 -0.0108240796 0.5 p-1 -79440 25
7 47 m2 181191 -0.0145579241 0.5 p-1 -3818299 839
8 48 m2 181340 -0.00246805092 0.5 p-1 -1191793 1021
139 49 m2 184211 -0.00889651012 0.5 p-1 -105096 18
171 50 m2 198254 -4.09247405e-05 0.5 p-1 -180095 74
10 54 m2 209137 -0.00799197517 0.5 p-1 -4529082 1001
172 55 m2 209266 -0.016061062 0.5 p-1 -69897 8
234 56 m2 212751 -0.00181885529 0.5 p-1 -44911 8
153 58 m2 226051 -9.12221294e-05 0.5 p-1 -25628 11
73 59 m2 227394 -0.00299290032 0.5 p-1 -312515 170
101 60 m2 231654 -0.032613758 0.5 p-1 -2055407 316
11 61 m2 232458 -0.000316065096 0.5 p-1 -1233865 1218
12 63 m2 252648 -0.0165295061 0.5 p-1 -3759737 1331
13 64 m2 254268 -0.00249786023 0.5 p-1 -3184482 337
74 69 m2 265834 -0.00157048646 0.5 p-1 -3544421 1319
15 70 m2 273806 -0.00154286181 0.5 p-1 -3230867 949
43 71 m2 275093 -1.44391361e-05 0.5 p-1 -1969217 157
93 72 m2 275137 -0.0145332413 0.5 p-1 -131424 61
94 73 m2 278798 -0.00668193866 0.5 p-1 -1607281 353
152 75 m2 280069 -0.000459232542 0.5 p-1 -427569 120
58 77 m2 281965 -0.00794013776 0.5 p-1 -620861 109
16 78 m2 284355 -0.00736533012 0.5 p-1 -1258512 663
17 79 m2 287957 -0.00509102503 0.5 p-1 -1579756 1052
117 80 m2 289472 -0.036242459 0.5 p-1 -737357 196
44 82 m2 293994 -0.00152931875 0.5 p-1 -3296443 1349
133 84 m2 316336 -0.000415604212 0.5 p-1 -165161 82
123 86 m2 323993 -0.0147517873 0.5 p-1 -702303 374
219 87 m2 326135 -0.00039672674 0.5 p-1 -172689 13
118 88 m2 326214 -0.00152629009 0.5 p-1 -1531048 32
262 90 m2 328634 -0.00224823086 0.5 p-1 -175049 2
18 91 m2 333254 -0.00820268318 0.5 p-1 -734526 115
19 92 m2 337108 -0.0107673127 0.5 p-1 -7404197 1129
75 93 m2 337517 -0.00114168646 0.5 p-1 -4740 5
162 95 m2 342251 -0.000110024659 0.5 p-1 -4328 10
87 97 m2 348947 -0.000193689717 0.5 p-1 -7670984 261
20 98 m2 351451 -0.0134342546 0.5 p-1 -5672550 1356
165 99 m2 358126 -0.000483908545 0.5 p-1 -11589 7
146 100 m2 364063 -0.000819455425 0.5 p-1 -2768829 220
59 101 m2 365766 -0.0770608038 0.5 p-1 -1278999 387
76 102 m2 366881 -0.0123287616 0.5 p-1 -132357 156
235 103 m2 368186 -0.000131745619 0.5 p-1 -996138 6
82 105 m2 374462 -0.0216925871 0.5 p-1 -329422 140
222 107 m2 376866 -0.0150636192 0.5 p-1 -1833 4
95 108 m2 380657 -1.77282473e-05 0.5 p-1 -1288846 150
127 110 m2 385472 -0.00969035178 0.5 p-1 -21006 5
150 112 m2 396365 -0.00333755766 0.5 p-1 -2684075 71
22 115 m2 402773 -0.00204716413 0.5 p-1 -1873572 1578
173 116 m2 408260 -0.00721153431 0.5 p-1 -79279 48
177 117 m2 409599 -0.00107076124 0.5 p-1 -2009335 57
240 118 m2 410488 -0.0133841308 0.5 p-1 -1623 1
249 119 m2 410512 -0.0131890858 0.5 p-1 -88038 1
88 120 m2 411678 -0.0014885331 0.5 p-1 -2913765 586
124 121 m2 416418 -0.0355259962 0.5 p-1 -922597 242
185 122 m2 419035 -0.000685475417 0.5 p-1 -13491 3
210 124 m2 434171 -0.000734877074 0.5 p-1 -79054 5
24 125 m2 440555 -6.43496605e-05 0.5 p-1 -2008714 1391
187 126 m2 440600 -0.000762704469 0.5 p-1 -43909 41
45 127 m2 445158 -0.0040684226 0.5 p-1 -710324 214
25 128 m2 447635 -0.0106786909 0.5 p-1 -3823892 791
119 129 m2 448771 -1.31156241e-07 0.5 p-1 -78369 40
128 130 m2 449060 -0.0123414528 0.5 p-1 -43769 51
186 131 m2 465314 -0.000398047327 0.5 p-1 -23670 25
192 132 m2 468120 -9.38512585e-06 0.5 p-1 -21883 13
230 137 m2 493654 -0.0113639021 0.5 p-1 -78605 12
46 138 m2 497607 -0.00243959972 0.5 p-1 -1137881 780
26 139 m2 505971 -1.35212801e-07 0.5 p-1 -7338462 1847
27 140 m2 513950 -0.00025082659 0.5 p-1 -4000533 397
148 141 m2 518809 -0.0308463313 0.5 p-1 -561616 160
191 143 m2 522484 -0.00443725241 0.5 p-1 -14060 41
47 144 m2 528978 -0.000361010287 0.5 p-1 -4210735 735
168 146 m2 532755 -0.0125451917 0.5 p-1 -274923 159
48 147 m2 537490 -0.0027691992 0.5 p-1 -65158 20
250 148 m2 546616 -0.0102430368 0.5 p-1 -27287 6
120 149 m2 546749 -0.0224489458 0.5 p-1 -1005604 366
105 150 m2 551522 -0.0152800865 0.5 p-1 -101860 15
183 151 m2 565864 -0.021086935 0.5 p-1 -51921 16
106 153 m2 569763 -0.0564007126 0.5 p-1 -3526924 250
200 154 m2 570525 -0.00206689537 0.5 p-1 -212732 6
239 155 m2 574313 -0.00343609345 0.5 p-1 -2229 7
201 156 m2 575065 -0.000516380649 0.5 p-1 -2574 5
199 157 m2 582489 -0.000213201522 0.5 p-1 -42478 33
241 158 m2 587150 -2.69290504e-05 0.5 p-1 -30886 4
149 159 m2 596260 -0.000812625338 0.5 p-1 -371101 237
238 160 m2 596499 -0.00226160209 0.5 p-1 -18262 1
220 161 m2 596536 -0.0135053704 0.5 p-1 -241009 21
29 162 m2 598278 -0.0203983244 0.5 p-1 -4381204 1644
244 163 m2 611640 -0.0133949919 0.5 p-1 -1877 3
110 164 m2 628640 -0.0157646444 0.5 p-1 -72755 64
167 165 m2 630674 -0.000659676327 0.5 p-1 -201359 71
155 166 m2 636347 -0.00450866716 0.5 p-1 -101643 53
243 167 m2 640489 -0.00498476438 0.5 p-1 -2355 1
217 170 m2 642591 -0.0699500144 0.5 p-1 -44981 11
170 171 m2 646056 -5.02848752e-06 0.5 p-1 -90550 25
195 172 m2 646203 -0.00164985878 0.5 p-1 -2214743 24
136 173 m2 647940 -0.00074654998 0.5 p-1 -128059 88
125 175 m2 657070 -0.00358529761 0.5 p-1 -192979 113
111 177 m2 662748 -0.0288454052 0.5 p-1 -31446 8
193 178 m2 665580 -0.00390136219 0.5 p-1 -41042 63
159 180 m2 669627 -0.00279237586 0.5 p-1 -1919413 182
163 181 m2 671075 -0.00141130353 0.5 p-1 -72366 111
61 182 m2 671435 -0.00411666231 0.5 p-1 -384298 305
134 183 m2 675428 -0.0806074217 0.5 p-1 -451414 156
62 185 m2 683738 -0.0176885426 0.5 p-1 -3828701 240
174 187 m2 689082 -0.0275341589 0.5 p-1 -51960 58
107 189 m2 697194 -8.82230743e-05 0.5 p-1 -236483 56
112 190 m2 704673 -0.0114927087 0.5 p-1 -12224647 285
221 191 m2 705940 -0.00254940195 0.5 p-1 -11234 25
226 192 m2 709018 -0.00493902201 0.5 p-1 -92181 7
63 193 m2 733209 -0.0129608037 0.5 p-1 -10897878 611
175 195 m2 748863 -0.00255727326 0.5 p-1 -202076 36
49 196 m2 751635 -0.00454140967 0.5 p-1 -14648137 344
96 198 m2 757098 -1.29076852e-05 0.5 p-1 -3644542 378
178 199 m2 765133 -0.000148420484 0.5 p-1 -95290 30
50 200 m2 773893 -3.86977335e-05 0.5 p-1 -4701848 1201
79 201 m2 783108 -7.03734088e-07 0.5 p-1 -12998650 309
164 202 m2 784797 -0.000341874693 0.5 p-1 -188975 24
259 203 m2 788224 -0.0219940469 0.5 p-1 -19176 2
32 204 m2 789493 -0.00747166993 0.5 p-1 -1327016 428
80 205 m2 789698 -0.0232289825 0.5 p-1 -216508 91
51 209 m2 811041 -0.00684872409 0.5 p-1 -1293882 606
52 210 m2 811892 -5.96868313e-06 0.5 p-1 -3399639 781
102 211 m2 820005 -0.00269338954 0.5 p-1 -15547 12
131 212 m2 822507 -0.00841296464 0.5 p-1 -199939 59
65 213 m2 828029 -0.00544588966 0.5 p-1 -5034854 764
34 214 m2 836502 -0.000170152736 0.5 p-1 -11657742 1286
147 216 m2 839354 -0.0106090978 0.5 p-1 -147723 44
113 217 m2 840453 -3.98374941e-05 0.5 p-1 -164428 42
114 218 m2 841335 -0.00156968588 0.5 p-1 -1816190 258
236 220 m2 850189 -0.0103628049 0.5 p-1 -4798 2
90 221 m2 850443 -0.00820824876 0.5 p-1 -4126760 494
35 222 m2 851341 -4.83470285e-06 0.5 p-1 -1477397 1358
53 224 m2 861654 -0.00235953135 0.5 p-1 -774516 481
166 225 m2 869005 -0.00527449464 0.5 p-1 -87898 53
160 227 m2 875667 -0.000112134163 0.5 p-1 -40430 3
245 228 m2 880341 -0.0134578785 0.5 p-1 -28083 1
66 229 m2 881357 -0.00311751035 0.5 p-1 -2854064 760
38 231 m2 907201 -0.0797946826 0.5 p-1 -1304150 1081
54 232 m2 907431 -0.00181986776 0.5 p-1 -3212032 1180
233 233 m2 907617 -0.000378680124 0.5 p-1 -29265 2
98 236 m2 935938 -5.46327428e-05 0.5 p-1 -99065 141
157 237 m2 941363 -2.58799082e-06 0.5 p-1 -87071 114
39 238 m2 942380 -4.64333061e-05 0.5 p-1 -5108752 1356
40 239 m2 945934 -0.0166768525 0.5 p-1 -1336062 790
68 242 m2 965627 -0.0143688163 0.5 p-1 -342065 335
253 243 m2 966052 -0.0222477335 0.5 p-1 -1503698 2
227 244 m2 966557 -0.000633661286 0.5 p-1 -89677 7
206 245 m2 973674 -9.44171552e-05 0.5 p-1 -26951 17
130 246 m2 981248 -2.64919581e-05 0.5 p-1 -554039 177
135 247 m2 989279 -0.0517229252 0.5 p-1 -1672136 382
69 248 m2 991612 -0.00187367958 0.5 p-1 -2821580 103
121 249 m2 993448 -0.00695863506 0.5 p-1 -544783 228
70 250 m2 996852 -0.00187238329 0.5 p-1 -854663 266
197 252 m2 117599 -0.0201024469 0.5 p0 2 11
216 272 m2 864290 -0.00719748996 0.5 p0 2 2
260 273 m2 615913 -0.00247224909 0.5 p0 2 1
218 277 m2 699947 -4.56157031e-05 0.5 p0 2 10
180 280 m2 637488 -0.00422363495 0.5 p0 2 4
261 283 m2 27219 -7.67102101e-05 0.5 p0 2 1
242 292 m2 376056 -0.000363263156 0.5 p0 2 6
252 295 m2 639282 -4.71446633e-08 0.5 p0 2 1
232 303 m2 697275 -0.000314223784 0.5 p0 2 1
55 306 m1 13544 0 0.5 p-1 -1307845 216
223 307 m1 14679 0 0.5 p-1 -12546 16
84 308 m1 15215 0 0.5 p-1 -34175 48
108 309 m1 28944 0 0.5 p-1 -163076 74
115 310 m1 51470 0 0.5 p-1 -16976 16
190 311 m1 51689 0 0.5 p-1 -8669 1
137 312 m1 63499 0 0.5 p-1 -842162 187
142 313 m1 63935 0 0.5 p-1 -65759 20
92 314 m1 67931 0 0.5 p-1 -4169247 562
181 315 m1 72689 0 0.5 p-1 -1029395 64
99 316 m1 84142 0 0.5 p-1 -875098 96
3 318 m1 127179 0 0.5 p-1 -6372235 1767
42 319 m1 133087 0 0.5 p-1 -9908909 897
205 320 m1 139510 0 0.5 p-1 -45427 15
179 321 m1 142727 0 0.5 p-1 -310 10
196 322 m1 149626 0 0.5 p-1 -12785 10
86 323 m1 150600 0 0.5 p-1 -3095856 672
212 324 m1 159428 0 0.5 p-1 -302818 12
138 325 m1 163002 0 0.5 p-1 -67544 38
209 326 m1 170923 0 0.5 p-1 -8911 8
229 328 m1 203269 0 0.5 p-1 -5205 14
9 329 m1 203385 0 0.5 p-1 -8923973 1939
100 330 m1 209900 0 0.5 p-1 -1091456 201
194 331 m1 217391 0 0.5 p-1 -131021 41
231 335 m1 256251 0 0.5 p-1 -42066 5
14 336 m1 256492 0 0.5 p-1 -2680868 471
225 339 m1 285897 0 0.5 p-1 -2044 5
246 340 m1 293253 0 0.5 p-1 -31557 7
161 344 m1 356970 0 0.5 p-1 -43908 11
154 345 m1 360248 0 0.5 p-1 -20492 17
263 346 m1 373163 0 0.5 p-1 -9646 1
21 347 m1 394412 0 0.5 p-1 -1190916 808
237 348 m1 404213 0 0.5 p-1 -22407 4
184 349 m1 405396 0 0.5 p-1 -44442 53
23 350 m1 429927 0 0.5 p-1 -5637792 1420
247 351 m1 446667 0 0.5 p-1 -1072 2
141 352 m1 484761 0 0.5 p-1 -3734240 142
77 353 m1 488725 0 0.5 p-1 -1609842 629
207 355 m1 531837 0 0.5 p-1 -160838 9
83 357 m1 559658 0 0.5 p-1 -2160574 238
109 358 m1 562380 0 0.5 p-1 -167251 240
60 359 m1 563939 0 0.5 p-1 -222770 113
28 360 m1 565022 0 0.5 p-1 -11166704 836
78 361 m1 570545 0 0.5 p-1 -497563 277
176 363 m1 590721 0 0.5 p-1 -32526 13
202 364 m1 599426 0 0.5 p-1 -15610 3
254 366 m1 635574 0 0.5 p-1 -33841 4
214 367 m1 654919 0 0.5 p-1 -65699 12
30 368 m1 655069 0 0.5 p-1 -5940017 1378
257 369 m1 655874 0 0.5 p-1 -6076 2
129 371 m1 689198 0 0.5 p-1 -3336165 177
140 374 m1 726326 0 0.5 p-1 -4040581 35
64 375 m1 748116 0 0.5 p-1 -1660708 265
89 376 m1 753890 0 0.5 p-1 -161309 67
211 377 m1 768995 0 0.5 p-1 -1639 15
31 378 m1 781002 0 0.5 p-1 -3975919 1251
215 380 m1 791348 0 0.5 p-1 -6136 7
81 381 m1 793919 0 0.5 p-1 -1380959 89
97 382 m1 798894 0 0.5 p-1 -3218238 89
188 384 m1 826626 0 0.5 p-1 -123162 16
33 385 m1 826945 0 0.5 p-1 -5545992 1825
36 387 m1 870606 0 0.5 p-1 -2243607 1165
228 389 m1 879917 0 0.5 p-1 -16025 6
67 390 m1 883672 0 0.5 p-1 -2995809 684
37 392 m1 892539 0 0.5 p-1 -6094372 1050
258 393 m1 917885 0 0.5 p-1 -2643 2
208 394 m1 918381 0 0.5 p-1 -248286 21
156 397 m1 996967 0 0.5 p-1 -126021 79
Individuals:
