Mutations:
108 0 m2 1784 -0.00376188429 0.5 p-1 -95444 59
156 2 m2 10504 -0.00415377738 0.5 p-1 -29201 22
109 3 m2 12000 -4.30143446e-05 0.5 p-1 -2007942 498
236 4 m2 18355 -2.25587773e-05 0.5 p-1 -63889 7
182 5 m2 18635 -0.116209738 0.5 p-1 -377518 67
100 6 m2 29027 -0.00049094815 0.5 p-1 -622852 402
0 7 m2 32431 -0.00105191988 0.5 p-1 -6633659 1894
1 8 m2 37252 -0.00722767413 0.5 p-1 -2790069 380
158 10 m2 40362 -0.0115250573 0.5 p-1 -1726216 143
214 11 m2 41506 -0.00600086758 0.5 p-1 -20733 32
200 12 m2 50330 -0.0133372582 0.5 p-1 -5635 22
2 14 m2 64920 -0.000390160887 0.5 p-1 -6113261 1363
3 15 m2 65923 -0.000621750019 0.5 p-1 -5524537 954
161 16 m2 67398 -6.41197548e-05 0.5 p-1 -371346 51
207 19 m2 76118 -0.0240226164 0.5 p-1 -3890 11
239 20 m2 89852 -0.0041346103 0.5 p-1 -16158 9
101 22 m2 106846 -0.000102107202 0.5 p-1 -726585 398
43 23 m2 128045 -1.46970513e-06 0.5 p-1 -1126670 1127
169 25 m2 130099 -0.00313492119 0.5 p-1 -96128 36
8 26 m2 137024 -0.000103343256 0.5 p-1 -1559245 1261
102 27 m2 139385 -0.000703748723 0.5 p-1 -2375662 518
231 28 m2 140558 -0.000292154786 0.5 p-1 -50512 8
9 29 m2 141437 -0.0045693079 0.5 p-1 -2356738 486
110 30 m2 144612 -0.0152274566 0.5 p-1 -7106509 752
111 31 m2 147060 -0.0796695426 0.5 p-1 -1269844 287
187 32 m2 148582 -0.0124478284 0.5 p-1 -16203 5
80 34 m2 150805 -4.12073359e-06 0.5 p-1 -2381016 120
215 35 m2 154974 -0.0114240684 0.5 p-1 -380902 9
112 36 m2 154988 -0.0102086738 0.5 p-1 -2817187 415
164 37 m2 156988 -0.00150105334 0.5 p-1 -110882 47
73 39 m2 161521 -0.0120836366 0.5 p-1 -3692605 1392
180 40 m2 170189 -0.00507685496 0.5 p-1 -88001 70
74 41 m2 170649 -0.0484165624 0.5 p-1 -5814157 398
60 43 m2 171956 -0.0209244378 0.5 p-1 -790413 179
232 44 m2 172559 -0.0108240796 0.5 p-1 -79440 10
10 47 m2 181191 -0.0145579241 0.5 p-1 -3818299 853
11 48 m2 181340 -0.00246805092 0.5 p-1 -1191793 1062
146 49 m2 184211 -0.00889651012 0.5 p-1 -105096 22
12 50 m2 198254 -4.09247405e-05 0.5 p-1 -180095 170
119 52 m2 201629 -0.000428470667 0.5 p-1 -32109 24
14 54 m2 209137 -0.00799197517 0.5 p-1 -4529082 1103
126 55 m2 209266 -0.016061062 0.5 p-1 -69897 5
229 56 m2 212751 -0.00181885529 0.5 p-1 -44911 4
279 57 m2 223881 -0.00639757235 0.5 p-1 -248065 1
144 58 m2 226051 -9.12221294e-05 0.5 p-1 -25628 32
131 59 m2 227394 -0.00299290032 0.5 p-1 -312515 114
15 60 m2 231654 -0.032613758 0.5 p-1 -2055407 369
16 61 m2 232458 -0.000316065096 0.5 p-1 -1233865 1276
17 63 m2 252648 -0.0165295061 0.5 p-1 -3759737 1500
122 64 m2 254268 -0.00249786023 0.5 p-1 -3184482 269
267 68 m2 264783 -5.38105414e-05 0.5 p-1 -1781 2
18 69 m2 265834 -0.00157048646 0.5 p-1 -3544421 1272
61 70 m2 273806 -0.00154286181 0.5 p-1 -3230867 955
103 71 m2 275093 -1.44391361e-05 0.5 p-1 -1969217 66
190 72 m2 275137 -0.0145332413 0.5 p-1 -131424 16
75 73 m2 278798 -0.00668193866 0.5 p-1 -1607281 268
82 75 m2 280069 -0.000459232542 0.5 p-1 -427569 144
221 76 m2 281062 -0.0186332017 0.5 p-1 -15600 4
138 77 m2 281965 -0.00794013776 0.5 p-1 -620861 42
44 78 m2 284355 -0.00736533012 0.5 p-1 -1258512 641
45 79 m2 287957 -0.00509102503 0.5 p-1 -1579756 963
150 80 m2 289472 -0.036242459 0.5 p-1 -737357 168
189 81 m2 293922 -0.00100406131 0.5 p-1 -17926 1
19 82 m2 293994 -0.00152931875 0.5 p-1 -3296443 1409
147 84 m2 316336 -0.000415604212 0.5 p-1 -165161 32
127 86 m2 323993 -0.0147517873 0.5 p-1 -702303 409
191 87 m2 326135 -0.00039672674 0.5 p-1 -172689 10
167 88 m2 326214 -0.00152629009 0.5 p-1 -1531048 22
153 90 m2 328634 -0.00224823086 0.5 p-1 -175049 9
143 91 m2 333254 -0.00820268318 0.5 p-1 -734526 187
46 92 m2 337108 -0.0107673127 0.5 p-1 -7404197 1037
199 93 m2 337517 -0.00114168646 0.5 p-1 -4740 9
123 97 m2 348947 -0.000193689717 0.5 p-1 -7670984 261
20 98 m2 351451 -0.0134342546 0.5 p-1 -5672550 1266
277 99 m2 358126 -0.000483908545 0.5 p-1 -11589 1
83 100 m2 364063 -0.000819455425 0.5 p-1 -2768829 220
62 101 m2 365766 -0.0770608038 0.5 p-1 -1278999 355
154 102 m2 366881 -0.0123287616 0.5 p-1 -132357 89
175 103 m2 368186 -0.000131745619 0.5 p-1 -996138 35
168 105 m2 374462 -0.0216925871 0.5 p-1 -329422 90
254 107 m2 376866 -0.0150636192 0.5 p-1 -1833 2
104 108 m2 380657 -1.77282473e-05 0.5 p-1 -1288846 171
120 109 m2 385324 -0.000835285464 0.5 p-1 -61349 13
256 110 m2 385472 -0.00969035178 0.5 p-1 -21006 5
163 112 m2 396365 -0.00333755766 0.5 p-1 -2684075 44
235 114 m2 396842 -0.00486049196 0.5 p-1 -4211 2
22 115 m2 402773 -0.00204716413 0.5 p-1 -1873572 1581
132 116 m2 408260 -0.00721153431 0.5 p-1 -79279 126
137 117 m2 409599 -0.00107076124 0.5 p-1 -2009335 120
197 118 m2 410488 -0.0133841308 0.5 p-1 -1623 18
263 119 m2 410512 -0.0131890858 0.5 p-1 -88038 3
63 120 m2 411678 -0.0014885331 0.5 p-1 -2913765 611
64 121 m2 416418 -0.0355259962 0.5 p-1 -922597 296
260 122 m2 419035 -0.000685475417 0.5 p-1 -13491 2
253 124 m2 434171 -0.000734877074 0.5 p-1 -79054 1
24 125 m2 440555 -6.43496605e-05 0.5 p-1 -2008714 1352
140 126 m2 440600 -0.000762704469 0.5 p-1 -43909 68
76 127 m2 445158 -0.0040684226 0.5 p-1 -710324 155
25 128 m2 447635 -0.0106786909 0.5 p-1 -3823892 733
247 129 m2 448771 -1.31156241e-07 0.5 p-1 -78369 12
65 130 m2 449060 -0.0123414528 0.5 p-1 -43769 35
225 131 m2 465314 -0.000398047327 0.5 p-1 -23670 13
177 132 m2 468120 -9.38512585e-06 0.5 p-1 -21883 16
273 136 m2 493505 -0.00193407503 0.5 p-1 -102207 3
248 137 m2 493654 -0.0113639021 0.5 p-1 -78605 2
48 138 m2 497607 -0.00243959972 0.5 p-1 -1137881 761
26 139 m2 505971 -1.35212801e-07 0.5 p-1 -7338462 1700
105 140 m2 513950 -0.00025082659 0.5 p-1 -4000533 346
113 141 m2 518809 -0.0308463313 0.5 p-1 -561616 195
155 143 m2 522484 -0.00443725241 0.5 p-1 -14060 22
92 144 m2 528978 -0.000361010287 0.5 p-1 -4210735 673
114 146 m2 532755 -0.0125451917 0.5 p-1 -274923 160
220 148 m2 546616 -0.0102430368 0.5 p-1 -27287 12
66 149 m2 546749 -0.0224489458 0.5 p-1 -1005604 330
49 150 m2 551522 -0.0152800865 0.5 p-1 -101860 10
223 151 m2 565864 -0.021086935 0.5 p-1 -51921 3
115 153 m2 569763 -0.0564007126 0.5 p-1 -3526924 223
210 156 m2 575065 -0.000516380649 0.5 p-1 -2574 13
275 158 m2 587150 -2.69290504e-05 0.5 p-1 -30886 3
50 159 m2 596260 -0.000812625338 0.5 p-1 -371101 272
159 161 m2 596536 -0.0135053704 0.5 p-1 -241009 20
27 162 m2 598278 -0.0203983244 0.5 p-1 -4381204 1702
276 163 m2 611640 -0.0133949919 0.5 p-1 -1877 1
183 164 m2 628640 -0.0157646444 0.5 p-1 -72755 54
145 165 m2 630674 -0.000659676327 0.5 p-1 -201359 111
178 166 m2 636347 -0.00450866716 0.5 p-1 -101643 20
165 168 m2 642220 -0.000299209176 0.5 p-1 -297404 4
219 169 m2 642484 -0.017343659 0.5 p-1 -13283 3
204 170 m2 642591 -0.0699500144 0.5 p-1 -44981 19
188 171 m2 646056 -5.02848752e-06 0.5 p-1 -90550 19
139 172 m2 646203 -0.00164985878 0.5 p-1 -2214743 26
96 173 m2 647940 -0.00074654998 0.5 p-1 -128059 67
129 175 m2 657070 -0.00358529761 0.5 p-1 -192979 90
228 177 m2 662748 -0.0288454052 0.5 p-1 -31446 3
68 178 m2 665580 -0.00390136219 0.5 p-1 -41042 61
208 179 m2 665920 -0.0170050394 0.5 p-1 -21153 8
162 180 m2 669627 -0.00279237586 0.5 p-1 -1919413 117
121 181 m2 671075 -0.00141130353 0.5 p-1 -72366 46
28 182 m2 671435 -0.00411666231 0.5 p-1 -384298 314
106 183 m2 675428 -0.0806074217 0.5 p-1 -451414 203
234 184 m2 681445 -0.00678014616 0.5 p-1 -400844 3
29 185 m2 683738 -0.0176885426 0.5 p-1 -3828701 226
184 187 m2 689082 -0.0275341589 0.5 p-1 -51960 20
160 189 m2 697194 -8.82230743e-05 0.5 p-1 -236483 62
51 190 m2 704673 -0.0114927087 0.5 p-1 -12224647 275
79 191 m2 705940 -0.00254940195 0.5 p-1 -11234 25
173 192 m2 709018 -0.00493902201 0.5 p-1 -92181 19
89 193 m2 733209 -0.0129608037 0.5 p-1 -10897878 764
181 194 m2 734075 -0.00386257493 0.5 p-1 -3763 8
192 195 m2 748863 -0.00255727326 0.5 p-1 -202076 33
93 196 m2 751635 -0.00454140967 0.5 p-1 -14648137 350
97 198 m2 757098 -1.29076852e-05 0.5 p-1 -3644542 307
195 199 m2 765133 -0.000148420484 0.5 p-1 -95290 20
69 200 m2 773893 -3.86977335e-05 0.5 p-1 -4701848 1183
53 201 m2 783108 -7.03734088e-07 0.5 p-1 -12998650 322
31 202 m2 784797 -0.000341874693 0.5 p-1 -188975 11
196 203 m2 788224 -0.0219940469 0.5 p-1 -19176 10
54 204 m2 789493 -0.00747166993 0.5 p-1 -1327016 466
133 205 m2 789698 -0.0232289825 0.5 p-1 -216508 114
171 207 m2 799143 -0.0106413886 0.5 p-1 -120910 2
224 208 m2 805307 -0.000601282227 0.5 p-1 -9912 5
33 209 m2 811041 -0.00684872409 0.5 p-1 -1293882 615
34 210 m2 811892 -5.96868313e-06 0.5 p-1 -3399639 729
257 211 m2 820005 -0.00269338954 0.5 p-1 -15547 4
125 212 m2 822507 -0.00841296464 0.5 p-1 -199939 86
55 213 m2 828029 -0.00544588966 0.5 p-1 -5034854 855
36 214 m2 836502 -0.000170152736 0.5 p-1 -11657742 1350
206 216 m2 839354 -0.0106090978 0.5 p-1 -147723 50
98 217 m2 840453 -3.98374941e-05 0.5 p-1 -164428 57
117 218 m2 841335 -0.00156968588 0.5 p-1 -1816190 367
266 219 m2 850044 -0.000403351005 0.5 p-1 -2088 3
37 221 m2 850443 -0.00820824876 0.5 p-1 -4126760 597
38 222 m2 851341 -4.83470285e-06 0.5 p-1 -1477397 1402
118 224 m2 861654 -0.00235953135 0.5 p-1 -774516 479
230 225 m2 869005 -0.00527449464 0.5 p-1 -87898 23
240 227 m2 875667 -0.000112134163 0.5 p-1 -40430 5
238 228 m2 880341 -0.0134578785 0.5 p-1 -28083 2
56 229 m2 881357 -0.00311751035 0.5 p-1 -2854064 896
86 231 m2 907201 -0.0797946826 0.5 p-1 -1304150 1211
57 232 m2 907431 -0.00181986776 0.5 p-1 -3212032 1206
246 233 m2 907617 -0.000378680124 0.5 p-1 -29265 17
90 236 m2 935938 -5.46327428e-05 0.5 p-1 -99065 120
99 237 m2 941363 -2.58799082e-06 0.5 p-1 -87071 85
87 238 m2 942380 -4.64333061e-05 0.5 p-1 -5108752 1220
70 239 m2 945934 -0.0166768525 0.5 p-1 -1336062 693
249 240 m2 959917 -0.00750246784 0.5 p-1 -1445 4
41 242 m2 965627 -0.0143688163 0.5 p-1 -342065 364
134 244 m2 966557 -0.000633661286 0.5 p-1 -89677 19
148 245 m2 973674 -9.44171552e-05 0.5 p-1 -26951 28
71 246 m2 981248 -2.64919581e-05 0.5 p-1 -554039 241
58 247 m2 989279 -0.0517229252 0.5 p-1 -1672136 359
151 248 m2 991612 -0.00187367958 0.5 p-1 -2821580 66
107 249 m2 993448 -0.00695863506 0.5 p-1 -544783 282
91 250 m2 996852 -0.00187238329 0.5 p-1 -854663 263
262 252 m2 117599 -0.0201024469 0.5 p0 2 2
255 257 m2 283170 -8.30487406e-05 0.5 p0 2 7
217 259 m2 674295 -0.00133234612 0.5 p0 2 2
251 260 m2 307346 -0.00824166462 0.5 p0 2 6
261 266 m2 54012 -0.00394084444 0.5 p0 2 1
268 267 m2 902274 -0.00372139039 0.5 p0 2 1
237 271 m2 695457 -0.00773805892 0.5 p0 2 2
212 273 m2 615913 -0.00247224909 0.5 p0 2 4
244 274 m2 544451 -0.00383191463 0.5 p0 2 9
218 275 m2 259270 -0.0162848979 0.5 p0 2 13
278 279 m2 548670 -4.78564107e-06 0.5 p0 2 1
227 289 m2 135467 -0.000127262843 0.5 p0 2 5
245 291 m2 432755 -0.0158289485 0.5 p0 2 2
213 296 m2 791148 -0.00501037203 0.5 p0 2 2
243 298 m2 543977 -0.000228194782 0.5 p0 2 7
269 300 m2 153336 -0.0276141018 0.5 p0 2 4
174 304 m2 392867 -0.0941338539 0.5 p0 2 9
128 306 m1 13544 0 0.5 p-1 -1307845 273
272 307 m1 14679 0 0.5 p-1 -12546 2
142 308 m1 15215 0 0.5 p-1 -34175 48
157 309 m1 28944 0 0.5 p-1 -163076 79
216 310 m1 51470 0 0.5 p-1 -16976 14
72 312 m1 63499 0 0.5 p-1 -842162 278
203 313 m1 63935 0 0.5 p-1 -65759 16
42 314 m1 67931 0 0.5 p-1 -4169247 575
4 315 m1 72689 0 0.5 p-1 -1029395 112
5 316 m1 84142 0 0.5 p-1 -875098 135
6 318 m1 127179 0 0.5 p-1 -6372235 1752
7 319 m1 133087 0 0.5 p-1 -9908909 993
205 320 m1 139510 0 0.5 p-1 -45427 25
59 323 m1 150600 0 0.5 p-1 -3095856 674
259 324 m1 159428 0 0.5 p-1 -302818 1
185 325 m1 163002 0 0.5 p-1 -67544 20
270 328 m1 203269 0 0.5 p-1 -5205 2
13 329 m1 203385 0 0.5 p-1 -8923973 1958
81 330 m1 209900 0 0.5 p-1 -1091456 224
141 331 m1 217391 0 0.5 p-1 -131021 94
265 333 m1 221665 0 0.5 p-1 -22149 4
136 335 m1 256251 0 0.5 p-1 -42066 37
95 336 m1 256492 0 0.5 p-1 -2680868 362
241 338 m1 269899 0 0.5 p-1 -3105 4
149 339 m1 285897 0 0.5 p-1 -2044 8
264 340 m1 293253 0 0.5 p-1 -31557 1
172 341 m1 316201 0 0.5 p-1 -4395 3
211 342 m1 324108 0 0.5 p-1 -110668 4
274 344 m1 356970 0 0.5 p-1 -43908 1
170 345 m1 360248 0 0.5 p-1 -20492 23
21 347 m1 394412 0 0.5 p-1 -1190916 833
226 348 m1 404213 0 0.5 p-1 -22407 11
194 349 m1 405396 0 0.5 p-1 -44442 25
23 350 m1 429927 0 0.5 p-1 -5637792 1314
250 351 m1 446667 0 0.5 p-1 -1072 2
77 352 m1 484761 0 0.5 p-1 -3734240 172
47 353 m1 488725 0 0.5 p-1 -1609842 610
193 355 m1 531837 0 0.5 p-1 -160838 35
258 356 m1 545518 0 0.5 p-1 -2195 1
124 357 m1 559658 0 0.5 p-1 -2160574 162
78 358 m1 562380 0 0.5 p-1 -167251 137
135 359 m1 563939 0 0.5 p-1 -222770 87
84 360 m1 565022 0 0.5 p-1 -11166704 823
88 361 m1 570545 0 0.5 p-1 -497563 159
209 364 m1 599426 0 0.5 p-1 -15610 5
201 365 m1 612190 0 0.5 p-1 -1993 7
198 366 m1 635574 0 0.5 p-1 -33841 9
252 367 m1 654919 0 0.5 p-1 -65699 5
67 368 m1 655069 0 0.5 p-1 -5940017 1423
271 369 m1 655874 0 0.5 p-1 -6076 2
116 371 m1 689198 0 0.5 p-1 -3336165 119
176 374 m1 726326 0 0.5 p-1 -4040581 38
130 375 m1 748116 0 0.5 p-1 -1660708 236
52 376 m1 753890 0 0.5 p-1 -161309 105
222 377 m1 768995 0 0.5 p-1 -1639 8
30 378 m1 781002 0 0.5 p-1 -3975919 1102
94 381 m1 793919 0 0.5 p-1 -1380959 109
32 382 m1 798894 0 0.5 p-1 -3218238 101
152 384 m1 826626 0 0.5 p-1 -123162 7
35 385 m1 826945 0 0.5 p-1 -5545992 1904
186 386 m1 846561 0 0.5 p-1 -33535 3
39 387 m1 870606 0 0.5 p-1 -2243607 1143
233 388 m1 876246 0 0.5 p-1 -472 4
242 389 m1 879917 0 0.5 p-1 -16025 1
40 390 m1 883672 0 0.5 p-1 -2995809 795
166 391 m1 889446 0 0.5 p-1 -43031 6
85 392 m1 892539 0 0.5 p-1 -6094372 955
202 394 m1 918381 0 0.5 p-1 -248286 17
179 397 m1 996967 0 0.5 p-1 -126021 31
Individuals:
