Mutations:
103 0 m2 1784 -0.00376188429 0.5 p-1 -95444 89
219 2 m2 10504 -0.00415377738 0.5 p-1 -29201 11
112 3 m2 12000 -4.30143446e-05 0.5 p-1 -2007942 527
109 4 m2 18355 -2.25587773e-05 0.5 p-1 -63889 31
181 5 m2 18635 -0.116209738 0.5 p-1 -377518 74
87 6 m2 29027 -0.00049094815 0.5 p-1 -622852 437
0 7 m2 32431 -0.00105191988 0.5 p-1 -6633659 1892
72 8 m2 37252 -0.00722767413 0.5 p-1 -2790069 314
104 10 m2 40362 -0.0115250573 0.5 p-1 -1726216 177
157 11 m2 41506 -0.00600086758 0.5 p-1 -20733 38
251 12 m2 50330 -0.0133372582 0.5 p-1 -5635 2
1 14 m2 64920 -0.000390160887 0.5 p-1 -6113261 1362
2 15 m2 65923 -0.000621750019 0.5 p-1 -5524537 1024
174 16 m2 67398 -6.41197548e-05 0.5 p-1 -371346 92
196 19 m2 76118 -0.0240226164 0.5 p-1 -3890 3
149 20 m2 89852 -0.0041346103 0.5 p-1 -16158 42
88 22 m2 106846 -0.000102107202 0.5 p-1 -726585 404
43 23 m2 128045 -1.46970513e-06 0.5 p-1 -1126670 1071
182 25 m2 130099 -0.00313492119 0.5 p-1 -96128 56
4 26 m2 137024 -0.000103343256 0.5 p-1 -1559245 1449
5 27 m2 139385 -0.000703748723 0.5 p-1 -2375662 466
6 29 m2 141437 -0.0045693079 0.5 p-1 -2356738 476
7 30 m2 144612 -0.0152274566 0.5 p-1 -7106509 752
8 31 m2 147060 -0.0796695426 0.5 p-1 -1269844 190
192 33 m2 148641 -6.49559806e-05 0.5 p-1 -72445 9
45 34 m2 150805 -4.12073359e-06 0.5 p-1 -2381016 131
233 35 m2 154974 -0.0114240684 0.5 p-1 -380902 10
10 36 m2 154988 -0.0102086738 0.5 p-1 -2817187 390
193 37 m2 156988 -0.00150105334 0.5 p-1 -110882 25
11 39 m2 161521 -0.0120836366 0.5 p-1 -3692605 1341
80 40 m2 170189 -0.00507685496 0.5 p-1 -88001 29
118 41 m2 170649 -0.0484165624 0.5 p-1 -5814157 567
250 42 m2 171160 -1.17168393e-05 0.5 p-1 -1046224 1
130 43 m2 171956 -0.0209244378 0.5 p-1 -790413 198
247 44 m2 172559 -0.0108240796 0.5 p-1 -79440 8
61 47 m2 181191 -0.0145579241 0.5 p-1 -3818299 970
62 48 m2 181340 -0.00246805092 0.5 p-1 -1191793 1142
228 49 m2 184211 -0.00889651012 0.5 p-1 -105096 17
194 50 m2 198254 -4.09247405e-05 0.5 p-1 -180095 114
246 52 m2 201629 -0.000428470667 0.5 p-1 -32109 5
13 54 m2 209137 -0.00799197517 0.5 p-1 -4529082 943
222 55 m2 209266 -0.016061062 0.5 p-1 -69897 6
212 56 m2 212751 -0.00181885529 0.5 p-1 -44911 10
191 57 m2 223881 -0.00639757235 0.5 p-1 -248065 6
235 58 m2 226051 -9.12221294e-05 0.5 p-1 -25628 11
167 59 m2 227394 -0.00299290032 0.5 p-1 -312515 114
90 60 m2 231654 -0.032613758 0.5 p-1 -2055407 403
46 61 m2 232458 -0.000316065096 0.5 p-1 -1233865 1222
14 63 m2 252648 -0.0165295061 0.5 p-1 -3759737 1332
128 64 m2 254268 -0.00249786023 0.5 p-1 -3184482 241
15 69 m2 265834 -0.00157048646 0.5 p-1 -3544421 1264
16 70 m2 273806 -0.00154286181 0.5 p-1 -3230867 880
178 71 m2 275093 -1.44391361e-05 0.5 p-1 -1969217 93
226 72 m2 275137 -0.0145332413 0.5 p-1 -131424 11
115 73 m2 278798 -0.00668193866 0.5 p-1 -1607281 223
113 75 m2 280069 -0.000459232542 0.5 p-1 -427569 124
214 76 m2 281062 -0.0186332017 0.5 p-1 -15600 5
154 77 m2 281965 -0.00794013776 0.5 p-1 -620861 43
91 78 m2 284355 -0.00736533012 0.5 p-1 -1258512 705
17 79 m2 287957 -0.00509102503 0.5 p-1 -1579756 1015
82 80 m2 289472 -0.036242459 0.5 p-1 -737357 192
63 82 m2 293994 -0.00152931875 0.5 p-1 -3296443 1353
129 84 m2 316336 -0.000415604212 0.5 p-1 -165161 63
253 85 m2 321648 -0.000226434437 0.5 p-1 -11191 2
92 86 m2 323993 -0.0147517873 0.5 p-1 -702303 401
252 87 m2 326135 -0.00039672674 0.5 p-1 -172689 5
163 88 m2 326214 -0.00152629009 0.5 p-1 -1531048 19
264 90 m2 328634 -0.00224823086 0.5 p-1 -175049 2
136 91 m2 333254 -0.00820268318 0.5 p-1 -734526 114
47 92 m2 337108 -0.0107673127 0.5 p-1 -7404197 1112
266 93 m2 337517 -0.00114168646 0.5 p-1 -4740 2
227 95 m2 342251 -0.000110024659 0.5 p-1 -4328 2
64 97 m2 348947 -0.000193689717 0.5 p-1 -7670984 233
18 98 m2 351451 -0.0134342546 0.5 p-1 -5672550 1356
248 99 m2 358126 -0.000483908545 0.5 p-1 -11589 10
121 100 m2 364063 -0.000819455425 0.5 p-1 -2768829 160
19 101 m2 365766 -0.0770608038 0.5 p-1 -1278999 373
175 102 m2 366881 -0.0123287616 0.5 p-1 -132357 129
134 103 m2 368186 -0.000131745619 0.5 p-1 -996138 43
135 105 m2 374462 -0.0216925871 0.5 p-1 -329422 80
218 107 m2 376866 -0.0150636192 0.5 p-1 -1833 4
105 108 m2 380657 -1.77282473e-05 0.5 p-1 -1288846 239
241 109 m2 385324 -0.000835285464 0.5 p-1 -61349 10
210 110 m2 385472 -0.00969035178 0.5 p-1 -21006 6
137 112 m2 396365 -0.00333755766 0.5 p-1 -2684075 81
21 115 m2 402773 -0.00204716413 0.5 p-1 -1873572 1613
150 116 m2 408260 -0.00721153431 0.5 p-1 -79279 81
122 117 m2 409599 -0.00107076124 0.5 p-1 -2009335 56
261 118 m2 410488 -0.0133841308 0.5 p-1 -1623 1
201 119 m2 410512 -0.0131890858 0.5 p-1 -88038 17
48 120 m2 411678 -0.0014885331 0.5 p-1 -2913765 569
65 121 m2 416418 -0.0355259962 0.5 p-1 -922597 227
236 122 m2 419035 -0.000685475417 0.5 p-1 -13491 3
23 125 m2 440555 -6.43496605e-05 0.5 p-1 -2008714 1482
152 126 m2 440600 -0.000762704469 0.5 p-1 -43909 79
74 127 m2 445158 -0.0040684226 0.5 p-1 -710324 213
66 128 m2 447635 -0.0106786909 0.5 p-1 -3823892 742
199 129 m2 448771 -1.31156241e-07 0.5 p-1 -78369 8
165 130 m2 449060 -0.0123414528 0.5 p-1 -43769 50
160 131 m2 465314 -0.000398047327 0.5 p-1 -23670 9
195 132 m2 468120 -9.38512585e-06 0.5 p-1 -21883 17
256 135 m2 491908 -0.000513100997 0.5 p-1 -6602 4
234 136 m2 493505 -0.00193407503 0.5 p-1 -102207 3
223 137 m2 493654 -0.0113639021 0.5 p-1 -78605 10
49 138 m2 497607 -0.00243959972 0.5 p-1 -1137881 826
24 139 m2 505971 -1.35212801e-07 0.5 p-1 -7338462 1799
50 140 m2 513950 -0.00025082659 0.5 p-1 -4000533 332
99 141 m2 518809 -0.0308463313 0.5 p-1 -561616 199
207 143 m2 522484 -0.00443725241 0.5 p-1 -14060 6
93 144 m2 528978 -0.000361010287 0.5 p-1 -4210735 638
139 146 m2 532755 -0.0125451917 0.5 p-1 -274923 148
189 147 m2 537490 -0.0027691992 0.5 p-1 -65158 24
217 148 m2 546616 -0.0102430368 0.5 p-1 -27287 3
94 149 m2 546749 -0.0224489458 0.5 p-1 -1005604 348
173 150 m2 551522 -0.0152800865 0.5 p-1 -101860 35
172 151 m2 565864 -0.021086935 0.5 p-1 -51921 14
95 153 m2 569763 -0.0564007126 0.5 p-1 -3526924 251
208 154 m2 570525 -0.00206689537 0.5 p-1 -212732 7
237 155 m2 574313 -0.00343609345 0.5 p-1 -2229 1
144 158 m2 587150 -2.69290504e-05 0.5 p-1 -30886 4
116 159 m2 596260 -0.000812625338 0.5 p-1 -371101 168
76 161 m2 596536 -0.0135053704 0.5 p-1 -241009 92
25 162 m2 598278 -0.0203983244 0.5 p-1 -4381204 1764
265 163 m2 611640 -0.0133949919 0.5 p-1 -1877 1
132 164 m2 628640 -0.0157646444 0.5 p-1 -72755 56
162 165 m2 630674 -0.000659676327 0.5 p-1 -201359 102
197 166 m2 636347 -0.00450866716 0.5 p-1 -101643 52
67 167 m2 640489 -0.00498476438 0.5 p-1 -2355 2
255 168 m2 642220 -0.000299209176 0.5 p-1 -297404 13
202 169 m2 642484 -0.017343659 0.5 p-1 -13283 11
51 170 m2 642591 -0.0699500144 0.5 p-1 -44981 39
187 171 m2 646056 -5.02848752e-06 0.5 p-1 -90550 4
148 172 m2 646203 -0.00164985878 0.5 p-1 -2214743 20
158 173 m2 647940 -0.00074654998 0.5 p-1 -128059 45
68 175 m2 657070 -0.00358529761 0.5 p-1 -192979 120
231 177 m2 662748 -0.0288454052 0.5 p-1 -31446 2
145 178 m2 665580 -0.00390136219 0.5 p-1 -41042 55
77 179 m2 665920 -0.0170050394 0.5 p-1 -21153 22
123 180 m2 669627 -0.00279237586 0.5 p-1 -1919413 182
169 181 m2 671075 -0.00141130353 0.5 p-1 -72366 51
26 182 m2 671435 -0.00411666231 0.5 p-1 -384298 238
133 183 m2 675428 -0.0806074217 0.5 p-1 -451414 249
124 185 m2 683738 -0.0176885426 0.5 p-1 -3828701 202
125 187 m2 689082 -0.0275341589 0.5 p-1 -51960 60
27 189 m2 697194 -8.82230743e-05 0.5 p-1 -236483 42
107 190 m2 704673 -0.0114927087 0.5 p-1 -12224647 239
263 191 m2 705940 -0.00254940195 0.5 p-1 -11234 4
190 192 m2 709018 -0.00493902201 0.5 p-1 -92181 28
53 193 m2 733209 -0.0129608037 0.5 p-1 -10897878 711
171 195 m2 748863 -0.00255727326 0.5 p-1 -202076 40
69 196 m2 751635 -0.00454140967 0.5 p-1 -14648137 346
54 198 m2 757098 -1.29076852e-05 0.5 p-1 -3644542 199
184 199 m2 765133 -0.000148420484 0.5 p-1 -95290 42
28 200 m2 773893 -3.86977335e-05 0.5 p-1 -4701848 1255
70 201 m2 783108 -7.03734088e-07 0.5 p-1 -12998650 357
213 202 m2 784797 -0.000341874693 0.5 p-1 -188975 5
155 203 m2 788224 -0.0219940469 0.5 p-1 -19176 6
85 204 m2 789493 -0.00747166993 0.5 p-1 -1327016 436
71 205 m2 789698 -0.0232289825 0.5 p-1 -216508 85
161 207 m2 799143 -0.0106413886 0.5 p-1 -120910 19
230 208 m2 805307 -0.000601282227 0.5 p-1 -9912 1
31 209 m2 811041 -0.00684872409 0.5 p-1 -1293882 587
32 210 m2 811892 -5.96868313e-06 0.5 p-1 -3399639 654
239 211 m2 820005 -0.00269338954 0.5 p-1 -15547 5
151 212 m2 822507 -0.00841296464 0.5 p-1 -199939 39
78 213 m2 828029 -0.00544588966 0.5 p-1 -5034854 814
34 214 m2 836502 -0.000170152736 0.5 p-1 -11657742 1463
35 216 m2 839354 -0.0106090978 0.5 p-1 -147723 26
164 217 m2 840453 -3.98374941e-05 0.5 p-1 -164428 86
147 218 m2 841335 -0.00156968588 0.5 p-1 -1816190 343
238 220 m2 850189 -0.0103628049 0.5 p-1 -4798 2
36 221 m2 850443 -0.00820824876 0.5 p-1 -4126760 628
37 222 m2 851341 -4.83470285e-06 0.5 p-1 -1477397 1451
117 224 m2 861654 -0.00235953135 0.5 p-1 -774516 449
142 225 m2 869005 -0.00527449464 0.5 p-1 -87898 39
260 226 m2 870597 -0.00411492959 0.5 p-1 -4960 2
262 228 m2 880341 -0.0134578785 0.5 p-1 -28083 4
55 229 m2 881357 -0.00311751035 0.5 p-1 -2854064 917
40 231 m2 907201 -0.0797946826 0.5 p-1 -1304150 1321
41 232 m2 907431 -0.00181986776 0.5 p-1 -3212032 1264
206 233 m2 907617 -0.000378680124 0.5 p-1 -29265 2
102 236 m2 935938 -5.46327428e-05 0.5 p-1 -99065 97
143 237 m2 941363 -2.58799082e-06 0.5 p-1 -87071 47
57 238 m2 942380 -4.64333061e-05 0.5 p-1 -5108752 1191
79 239 m2 945934 -0.0166768525 0.5 p-1 -1336062 694
58 242 m2 965627 -0.0143688163 0.5 p-1 -342065 331
243 243 m2 966052 -0.0222477335 0.5 p-1 -1503698 1
153 244 m2 966557 -0.000633661286 0.5 p-1 -89677 13
156 245 m2 973674 -9.44171552e-05 0.5 p-1 -26951 25
108 246 m2 981248 -2.64919581e-05 0.5 p-1 -554039 167
42 247 m2 989279 -0.0517229252 0.5 p-1 -1672136 328
86 248 m2 991612 -0.00187367958 0.5 p-1 -2821580 115
96 249 m2 993448 -0.00695863506 0.5 p-1 -544783 202
59 250 m2 996852 -0.00187238329 0.5 p-1 -854663 313
242 255 m2 533981 -6.07611073e-05 0.5 p0 2 4
269 264 m2 711795 -0.00168623391 0.5 p0 2 3
244 265 m2 615046 -5.04348634e-07 0.5 p0 2 5
270 268 m2 446870 -0.0371121578 0.5 p0 2 1
271 269 m2 545836 -0.00160190975 0.5 p0 2 1
224 273 m2 615913 -0.00247224909 0.5 p0 2 1
229 277 m2 699947 -4.56157031e-05 0.5 p0 2 3
259 280 m2 637488 -0.00422363495 0.5 p0 2 1
272 281 m2 472456 -0.00259265699 0.5 p0 2 1
209 286 m2 229384 -0.00229963614 0.5 p0 2 2
267 293 m2 580120 -1.43908537e-05 0.5 p0 2 1
268 296 m2 791148 -0.00501037203 0.5 p0 2 1
114 301 m2 84070 -0.0114381528 0.5 p0 2 6
60 302 m2 72556 -0.00769237708 0.5 p0 2 1
97 306 m1 13544 0 0.5 p-1 -1307845 255
146 307 m1 14679 0 0.5 p-1 -12546 16
185 308 m1 15215 0 0.5 p-1 -34175 19
200 309 m1 28944 0 0.5 p-1 -163076 53
211 310 m1 51470 0 0.5 p-1 -16976 3
73 312 m1 63499 0 0.5 p-1 -842162 217
203 313 m1 63935 0 0.5 p-1 -65759 41
98 314 m1 67931 0 0.5 p-1 -4169247 650
159 315 m1 72689 0 0.5 p-1 -1029395 61
140 316 m1 84142 0 0.5 p-1 -875098 129
3 318 m1 127179 0 0.5 p-1 -6372235 1735
44 319 m1 133087 0 0.5 p-1 -9908909 906
177 320 m1 139510 0 0.5 p-1 -45427 14
9 323 m1 150600 0 0.5 p-1 -3095856 630
166 324 m1 159428 0 0.5 p-1 -302818 13
89 325 m1 163002 0 0.5 p-1 -67544 49
245 326 m1 170923 0 0.5 p-1 -8911 1
12 329 m1 203385 0 0.5 p-1 -8923973 1888
127 330 m1 209900 0 0.5 p-1 -1091456 240
119 331 m1 217391 0 0.5 p-1 -131021 88
220 332 m1 221220 0 0.5 p-1 -8313 2
120 333 m1 221665 0 0.5 p-1 -22149 4
180 335 m1 256251 0 0.5 p-1 -42066 16
81 336 m1 256492 0 0.5 p-1 -2680868 400
249 338 m1 269899 0 0.5 p-1 -3105 3
240 340 m1 293253 0 0.5 p-1 -31557 13
258 342 m1 324108 0 0.5 p-1 -110668 3
216 343 m1 355676 0 0.5 p-1 -38642 5
188 345 m1 360248 0 0.5 p-1 -20492 33
20 347 m1 394412 0 0.5 p-1 -1190916 783
215 348 m1 404213 0 0.5 p-1 -22407 3
225 349 m1 405396 0 0.5 p-1 -44442 18
22 350 m1 429927 0 0.5 p-1 -5637792 1472
83 352 m1 484761 0 0.5 p-1 -3734240 134
84 353 m1 488725 0 0.5 p-1 -1609842 589
257 354 m1 495979 0 0.5 p-1 -3612 1
204 355 m1 531837 0 0.5 p-1 -160838 22
110 357 m1 559658 0 0.5 p-1 -2160574 218
100 358 m1 562380 0 0.5 p-1 -167251 163
75 359 m1 563939 0 0.5 p-1 -222770 125
106 360 m1 565022 0 0.5 p-1 -11166704 786
131 361 m1 570545 0 0.5 p-1 -497563 243
179 363 m1 590721 0 0.5 p-1 -32526 13
205 364 m1 599426 0 0.5 p-1 -15610 10
221 365 m1 612190 0 0.5 p-1 -1993 5
183 366 m1 635574 0 0.5 p-1 -33841 2
198 367 m1 654919 0 0.5 p-1 -65699 10
52 368 m1 655069 0 0.5 p-1 -5940017 1332
168 370 m1 681689 0 0.5 p-1 -6680 6
141 371 m1 689198 0 0.5 p-1 -3336165 153
170 374 m1 726326 0 0.5 p-1 -4040581 24
138 375 m1 748116 0 0.5 p-1 -1660708 270
111 376 m1 753890 0 0.5 p-1 -161309 122
232 377 m1 768995 0 0.5 p-1 -1639 6
29 378 m1 781002 0 0.5 p-1 -3975919 1197
254 380 m1 791348 0 0.5 p-1 -6136 4
101 381 m1 793919 0 0.5 p-1 -1380959 82
30 382 m1 798894 0 0.5 p-1 -3218238 136
176 384 m1 826626 0 0.5 p-1 -123162 18
33 385 m1 826945 0 0.5 p-1 -5545992 1895
38 387 m1 870606 0 0.5 p-1 -2243607 1222
39 390 m1 883672 0 0.5 p-1 -2995809 824
56 392 m1 892539 0 0.5 p-1 -6094372 893
186 394 m1 918381 0 0.5 p-1 -248286 4
126 397 m1 996967 0 0.5 p-1 -126021 79
Individuals:
