Mutations:
118 0 m2 1784 -0.00376188429 0.5 p-1 -95444 54
158 2 m2 10504 -0.00415377738 0.5 p-1 -29201 18
81 3 m2 12000 -4.30143446e-05 0.5 p-1 -2007942 540
172 4 m2 18355 -2.25587773e-05 0.5 p-1 -63889 38
110 5 m2 18635 -0.116209738 0.5 p-1 -377518 87
111 6 m2 29027 -0.00049094815 0.5 p-1 -622852 327
0 7 m2 32431 -0.00105191988 0.5 p-1 -6633659 1903
66 8 m2 37252 -0.00722767413 0.5 p-1 -2790069 363
138 10 m2 40362 -0.0115250573 0.5 p-1 -1726216 155
195 11 m2 41506 -0.00600086758 0.5 p-1 -20733 7
238 12 m2 50330 -0.0133372582 0.5 p-1 -5635 2
41 14 m2 64920 -0.000390160887 0.5 p-1 -6113261 1405
1 15 m2 65923 -0.000621750019 0.5 p-1 -5524537 1153
176 16 m2 67398 -6.41197548e-05 0.5 p-1 -371346 29
205 19 m2 76118 -0.0240226164 0.5 p-1 -3890 24
211 20 m2 89852 -0.0041346103 0.5 p-1 -16158 10
89 22 m2 106846 -0.000102107202 0.5 p-1 -726585 339
42 23 m2 128045 -1.46970513e-06 0.5 p-1 -1126670 1266
185 25 m2 130099 -0.00313492119 0.5 p-1 -96128 35
3 26 m2 137024 -0.000103343256 0.5 p-1 -1559245 1369
4 27 m2 139385 -0.000703748723 0.5 p-1 -2375662 445
90 29 m2 141437 -0.0045693079 0.5 p-1 -2356738 411
5 30 m2 144612 -0.0152274566 0.5 p-1 -7106509 609
43 31 m2 147060 -0.0796695426 0.5 p-1 -1269844 172
214 32 m2 148582 -0.0124478284 0.5 p-1 -16203 4
202 33 m2 148641 -6.49559806e-05 0.5 p-1 -72445 9
91 34 m2 150805 -4.12073359e-06 0.5 p-1 -2381016 190
45 36 m2 154988 -0.0102086738 0.5 p-1 -2817187 358
119 37 m2 156988 -0.00150105334 0.5 p-1 -110882 45
46 39 m2 161521 -0.0120836366 0.5 p-1 -3692605 1483
190 40 m2 170189 -0.00507685496 0.5 p-1 -88001 63
47 41 m2 170649 -0.0484165624 0.5 p-1 -5814157 486
82 43 m2 171956 -0.0209244378 0.5 p-1 -790413 193
240 44 m2 172559 -0.0108240796 0.5 p-1 -79440 17
160 45 m2 172775 -1.4902057e-05 0.5 p-1 -100636 3
83 47 m2 181191 -0.0145579241 0.5 p-1 -3818299 842
48 48 m2 181340 -0.00246805092 0.5 p-1 -1191793 1091
6 49 m2 184211 -0.00889651012 0.5 p-1 -105096 13
104 50 m2 198254 -4.09247405e-05 0.5 p-1 -180095 141
221 52 m2 201629 -0.000428470667 0.5 p-1 -32109 3
49 54 m2 209137 -0.00799197517 0.5 p-1 -4529082 939
225 55 m2 209266 -0.016061062 0.5 p-1 -69897 3
137 58 m2 226051 -9.12221294e-05 0.5 p-1 -25628 14
120 59 m2 227394 -0.00299290032 0.5 p-1 -312515 112
125 60 m2 231654 -0.032613758 0.5 p-1 -2055407 335
50 61 m2 232458 -0.000316065096 0.5 p-1 -1233865 1208
8 63 m2 252648 -0.0165295061 0.5 p-1 -3759737 1416
126 64 m2 254268 -0.00249786023 0.5 p-1 -3184482 363
51 69 m2 265834 -0.00157048646 0.5 p-1 -3544421 1259
70 70 m2 273806 -0.00154286181 0.5 p-1 -3230867 942
144 71 m2 275093 -1.44391361e-05 0.5 p-1 -1969217 66
223 72 m2 275137 -0.0145332413 0.5 p-1 -131424 25
122 73 m2 278798 -0.00668193866 0.5 p-1 -1607281 278
10 75 m2 280069 -0.000459232542 0.5 p-1 -427569 115
99 76 m2 281062 -0.0186332017 0.5 p-1 -15600 35
92 77 m2 281965 -0.00794013776 0.5 p-1 -620861 127
52 78 m2 284355 -0.00736533012 0.5 p-1 -1258512 706
11 79 m2 287957 -0.00509102503 0.5 p-1 -1579756 917
12 80 m2 289472 -0.036242459 0.5 p-1 -737357 156
13 82 m2 293994 -0.00152931875 0.5 p-1 -3296443 1277
193 83 m2 295520 -0.02636021 0.5 p-1 -6360 8
166 84 m2 316336 -0.000415604212 0.5 p-1 -165161 79
71 86 m2 323993 -0.0147517873 0.5 p-1 -702303 359
200 87 m2 326135 -0.00039672674 0.5 p-1 -172689 17
14 88 m2 326214 -0.00152629009 0.5 p-1 -1531048 27
246 90 m2 328634 -0.00224823086 0.5 p-1 -175049 7
113 91 m2 333254 -0.00820268318 0.5 p-1 -734526 105
53 92 m2 337108 -0.0107673127 0.5 p-1 -7404197 1059
241 93 m2 337517 -0.00114168646 0.5 p-1 -4740 5
233 95 m2 342251 -0.000110024659 0.5 p-1 -4328 9
54 97 m2 348947 -0.000193689717 0.5 p-1 -7670984 368
15 98 m2 351451 -0.0134342546 0.5 p-1 -5672550 1364
218 99 m2 358126 -0.000483908545 0.5 p-1 -11589 4
163 100 m2 364063 -0.000819455425 0.5 p-1 -2768829 136
55 101 m2 365766 -0.0770608038 0.5 p-1 -1278999 401
115 102 m2 366881 -0.0123287616 0.5 p-1 -132357 134
196 103 m2 368186 -0.000131745619 0.5 p-1 -996138 28
173 105 m2 374462 -0.0216925871 0.5 p-1 -329422 85
236 107 m2 376866 -0.0150636192 0.5 p-1 -1833 4
124 108 m2 380657 -1.77282473e-05 0.5 p-1 -1288846 134
230 109 m2 385324 -0.000835285464 0.5 p-1 -61349 6
255 110 m2 385472 -0.00969035178 0.5 p-1 -21006 2
178 112 m2 396365 -0.00333755766 0.5 p-1 -2684075 43
17 115 m2 402773 -0.00204716413 0.5 p-1 -1873572 1636
183 116 m2 408260 -0.00721153431 0.5 p-1 -79279 68
105 117 m2 409599 -0.00107076124 0.5 p-1 -2009335 63
155 119 m2 410512 -0.0131890858 0.5 p-1 -88038 9
106 120 m2 411678 -0.0014885331 0.5 p-1 -2913765 464
146 121 m2 416418 -0.0355259962 0.5 p-1 -922597 247
237 124 m2 434171 -0.000734877074 0.5 p-1 -79054 2
19 125 m2 440555 -6.43496605e-05 0.5 p-1 -2008714 1461
107 126 m2 440600 -0.000762704469 0.5 p-1 -43909 35
84 127 m2 445158 -0.0040684226 0.5 p-1 -710324 208
20 128 m2 447635 -0.0106786909 0.5 p-1 -3823892 711
169 129 m2 448771 -1.31156241e-07 0.5 p-1 -78369 31
156 130 m2 449060 -0.0123414528 0.5 p-1 -43769 36
248 131 m2 465314 -0.000398047327 0.5 p-1 -23670 2
226 132 m2 468120 -9.38512585e-06 0.5 p-1 -21883 3
149 136 m2 493505 -0.00193407503 0.5 p-1 -102207 4
171 137 m2 493654 -0.0113639021 0.5 p-1 -78605 2
56 138 m2 497607 -0.00243959972 0.5 p-1 -1137881 854
22 139 m2 505971 -1.35212801e-07 0.5 p-1 -7338462 1826
93 140 m2 513950 -0.00025082659 0.5 p-1 -4000533 381
164 141 m2 518809 -0.0308463313 0.5 p-1 -561616 158
114 143 m2 522484 -0.00443725241 0.5 p-1 -14060 6
73 144 m2 528978 -0.000361010287 0.5 p-1 -4210735 555
165 146 m2 532755 -0.0125451917 0.5 p-1 -274923 100
201 148 m2 546616 -0.0102430368 0.5 p-1 -27287 3
94 149 m2 546749 -0.0224489458 0.5 p-1 -1005604 360
186 150 m2 551522 -0.0152800865 0.5 p-1 -101860 25
258 151 m2 565864 -0.021086935 0.5 p-1 -51921 2
74 153 m2 569763 -0.0564007126 0.5 p-1 -3526924 174
157 154 m2 570525 -0.00206689537 0.5 p-1 -212732 5
251 155 m2 574313 -0.00343609345 0.5 p-1 -2229 3
108 157 m2 582489 -0.000213201522 0.5 p-1 -42478 9
250 158 m2 587150 -2.69290504e-05 0.5 p-1 -30886 4
25 159 m2 596260 -0.000812625338 0.5 p-1 -371101 230
184 161 m2 596536 -0.0135053704 0.5 p-1 -241009 19
26 162 m2 598278 -0.0203983244 0.5 p-1 -4381204 1721
95 164 m2 628640 -0.0157646444 0.5 p-1 -72755 56
132 165 m2 630674 -0.000659676327 0.5 p-1 -201359 105
189 166 m2 636347 -0.00450866716 0.5 p-1 -101643 59
232 167 m2 640489 -0.00498476438 0.5 p-1 -2355 7
167 168 m2 642220 -0.000299209176 0.5 p-1 -297404 4
75 170 m2 642591 -0.0699500144 0.5 p-1 -44981 22
133 171 m2 646056 -5.02848752e-06 0.5 p-1 -90550 31
148 172 m2 646203 -0.00164985878 0.5 p-1 -2214743 17
117 173 m2 647940 -0.00074654998 0.5 p-1 -128059 58
191 175 m2 657070 -0.00358529761 0.5 p-1 -192979 86
235 177 m2 662748 -0.0288454052 0.5 p-1 -31446 9
145 178 m2 665580 -0.00390136219 0.5 p-1 -41042 83
168 180 m2 669627 -0.00279237586 0.5 p-1 -1919413 85
139 181 m2 671075 -0.00141130353 0.5 p-1 -72366 118
96 182 m2 671435 -0.00411666231 0.5 p-1 -384298 282
187 183 m2 675428 -0.0806074217 0.5 p-1 -451414 165
97 185 m2 683738 -0.0176885426 0.5 p-1 -3828701 221
174 187 m2 689082 -0.0275341589 0.5 p-1 -51960 18
123 189 m2 697194 -8.82230743e-05 0.5 p-1 -236483 65
77 190 m2 704673 -0.0114927087 0.5 p-1 -12224647 254
199 191 m2 705940 -0.00254940195 0.5 p-1 -11234 4
245 192 m2 709018 -0.00493902201 0.5 p-1 -92181 1
27 193 m2 733209 -0.0129608037 0.5 p-1 -10897878 603
170 195 m2 748863 -0.00255727326 0.5 p-1 -202076 53
28 196 m2 751635 -0.00454140967 0.5 p-1 -14648137 330
58 198 m2 757098 -1.29076852e-05 0.5 p-1 -3644542 215
192 199 m2 765133 -0.000148420484 0.5 p-1 -95290 27
29 200 m2 773893 -3.86977335e-05 0.5 p-1 -4701848 1029
131 201 m2 783108 -7.03734088e-07 0.5 p-1 -12998650 206
209 202 m2 784797 -0.000341874693 0.5 p-1 -188975 13
206 203 m2 788224 -0.0219940469 0.5 p-1 -19176 6
85 204 m2 789493 -0.00747166993 0.5 p-1 -1327016 381
101 205 m2 789698 -0.0232289825 0.5 p-1 -216508 146
203 207 m2 799143 -0.0106413886 0.5 p-1 -120910 19
60 209 m2 811041 -0.00684872409 0.5 p-1 -1293882 558
61 210 m2 811892 -5.96868313e-06 0.5 p-1 -3399639 646
247 211 m2 820005 -0.00269338954 0.5 p-1 -15547 2
109 212 m2 822507 -0.00841296464 0.5 p-1 -199939 52
62 213 m2 828029 -0.00544588966 0.5 p-1 -5034854 975
32 214 m2 836502 -0.000170152736 0.5 p-1 -11657742 1386
150 216 m2 839354 -0.0106090978 0.5 p-1 -147723 31
102 217 m2 840453 -3.98374941e-05 0.5 p-1 -164428 53
98 218 m2 841335 -0.00156968588 0.5 p-1 -1816190 337
33 221 m2 850443 -0.00820824876 0.5 p-1 -4126760 577
34 222 m2 851341 -4.83470285e-06 0.5 p-1 -1477397 1278
63 224 m2 861654 -0.00235953135 0.5 p-1 -774516 553
204 225 m2 869005 -0.00527449464 0.5 p-1 -87898 38
224 227 m2 875667 -0.000112134163 0.5 p-1 -40430 7
86 229 m2 881357 -0.00311751035 0.5 p-1 -2854064 801
64 231 m2 907201 -0.0797946826 0.5 p-1 -1304150 1149
37 232 m2 907431 -0.00181986776 0.5 p-1 -3212032 1129
151 233 m2 907617 -0.000378680124 0.5 p-1 -29265 7
181 236 m2 935938 -5.46327428e-05 0.5 p-1 -99065 122
179 237 m2 941363 -2.58799082e-06 0.5 p-1 -87071 27
38 238 m2 942380 -4.64333061e-05 0.5 p-1 -5108752 1165
39 239 m2 945934 -0.0166768525 0.5 p-1 -1336062 710
253 240 m2 959917 -0.00750246784 0.5 p-1 -1445 1
128 242 m2 965627 -0.0143688163 0.5 p-1 -342065 356
188 245 m2 973674 -9.44171552e-05 0.5 p-1 -26951 9
65 246 m2 981248 -2.64919581e-05 0.5 p-1 -554039 190
87 247 m2 989279 -0.0517229252 0.5 p-1 -1672136 377
162 248 m2 991612 -0.00187367958 0.5 p-1 -2821580 90
80 249 m2 993448 -0.00695863506 0.5 p-1 -544783 224
40 250 m2 996852 -0.00187238329 0.5 p-1 -854663 332
244 255 m2 533981 -6.07611073e-05 0.5 p0 2 2
254 257 m2 283170 -8.30487406e-05 0.5 p0 2 1
242 262 m2 241538 -5.77201354e-05 0.5 p0 2 4
197 263 m2 135490 -0.0054963748 0.5 p0 2 8
256 268 m2 446870 -0.0371121578 0.5 p0 2 1
249 271 m2 695457 -0.00773805892 0.5 p0 2 1
161 272 m2 864290 -0.00719748996 0.5 p0 2 3
177 283 m2 27219 -7.67102101e-05 0.5 p0 2 15
229 284 m2 27936 -0.0178030524 0.5 p0 2 9
208 292 m2 376056 -0.000363263156 0.5 p0 2 11
261 294 m2 469867 -0.0357050076 0.5 p0 2 1
222 297 m2 838481 -4.79789378e-07 0.5 p0 2 5
213 301 m2 84070 -0.0114381528 0.5 p0 2 5
103 306 m1 13544 0 0.5 p-1 -1307845 213
215 307 m1 14679 0 0.5 p-1 -12546 14
140 308 m1 15215 0 0.5 p-1 -34175 38
159 309 m1 28944 0 0.5 p-1 -163076 107
219 310 m1 51470 0 0.5 p-1 -16976 9
141 312 m1 63499 0 0.5 p-1 -842162 181
175 313 m1 63935 0 0.5 p-1 -65759 5
67 314 m1 67931 0 0.5 p-1 -4169247 487
129 315 m1 72689 0 0.5 p-1 -1029395 124
88 316 m1 84142 0 0.5 p-1 -875098 175
2 318 m1 127179 0 0.5 p-1 -6372235 1747
68 319 m1 133087 0 0.5 p-1 -9908909 913
217 320 m1 139510 0 0.5 p-1 -45427 1
260 321 m1 142727 0 0.5 p-1 -310 4
44 323 m1 150600 0 0.5 p-1 -3095856 641
234 324 m1 159428 0 0.5 p-1 -302818 7
112 325 m1 163002 0 0.5 p-1 -67544 48
243 328 m1 203269 0 0.5 p-1 -5205 3
7 329 m1 203385 0 0.5 p-1 -8923973 1941
69 330 m1 209900 0 0.5 p-1 -1091456 216
143 331 m1 217391 0 0.5 p-1 -131021 64
182 333 m1 221665 0 0.5 p-1 -22149 4
9 335 m1 256251 0 0.5 p-1 -42066 19
121 336 m1 256492 0 0.5 p-1 -2680868 363
180 338 m1 269899 0 0.5 p-1 -3105 33
259 339 m1 285897 0 0.5 p-1 -2044 2
212 340 m1 293253 0 0.5 p-1 -31557 11
136 345 m1 360248 0 0.5 p-1 -20492 30
16 347 m1 394412 0 0.5 p-1 -1190916 768
154 349 m1 405396 0 0.5 p-1 -44442 28
18 350 m1 429927 0 0.5 p-1 -5637792 1356
21 352 m1 484761 0 0.5 p-1 -3734240 93
72 353 m1 488725 0 0.5 p-1 -1609842 465
216 355 m1 531837 0 0.5 p-1 -160838 20
210 356 m1 545518 0 0.5 p-1 -2195 3
57 357 m1 559658 0 0.5 p-1 -2160574 246
152 358 m1 562380 0 0.5 p-1 -167251 120
130 359 m1 563939 0 0.5 p-1 -222770 76
23 360 m1 565022 0 0.5 p-1 -11166704 792
24 361 m1 570545 0 0.5 p-1 -497563 274
227 363 m1 590721 0 0.5 p-1 -32526 6
147 365 m1 612190 0 0.5 p-1 -1993 4
116 366 m1 635574 0 0.5 p-1 -33841 9
76 368 m1 655069 0 0.5 p-1 -5940017 1306
207 369 m1 655874 0 0.5 p-1 -6076 5
228 370 m1 681689 0 0.5 p-1 -6680 5
100 371 m1 689198 0 0.5 p-1 -3336165 190
194 374 m1 726326 0 0.5 p-1 -4040581 9
78 375 m1 748116 0 0.5 p-1 -1660708 273
142 376 m1 753890 0 0.5 p-1 -161309 124
127 377 m1 768995 0 0.5 p-1 -1639 9
30 378 m1 781002 0 0.5 p-1 -3975919 1196
252 380 m1 791348 0 0.5 p-1 -6136 2
153 381 m1 793919 0 0.5 p-1 -1380959 196
59 382 m1 798894 0 0.5 p-1 -3218238 112
220 383 m1 821503 0 0.5 p-1 -37028 2
134 384 m1 826626 0 0.5 p-1 -123162 51
31 385 m1 826945 0 0.5 p-1 -5545992 1909
79 387 m1 870606 0 0.5 p-1 -2243607 1074
239 389 m1 879917 0 0.5 p-1 -16025 5
35 390 m1 883672 0 0.5 p-1 -2995809 856
231 391 m1 889446 0 0.5 p-1 -43031 4
36 392 m1 892539 0 0.5 p-1 -6094372 994
198 394 m1 918381 0 0.5 p-1 -248286 4
257 396 m1 966487 0 0.5 p-1 -670 1
135 397 m1 996967 0 0.5 p-1 -126021 65
Individuals:
