Mutations:
107 0 m2 1784 -0.00376188429 0.5 p-1 -95444 84
257 1 m2 3805 -0.00123804982 0.5 p-1 -16112 1
217 2 m2 10504 -0.00415377738 0.5 p-1 -29201 19
0 3 m2 12000 -4.30143446e-05 0.5 p-1 -2007942 526
206 4 m2 18355 -2.25587773e-05 0.5 p-1 -63889 8
172 5 m2 18635 -0.116209738 0.5 p-1 -377518 102
55 6 m2 29027 -0.00049094815 0.5 p-1 -622852 448
1 7 m2 32431 -0.00105191988 0.5 p-1 -6633659 1834
41 8 m2 37252 -0.00722767413 0.5 p-1 -2790069 394
126 10 m2 40362 -0.0115250573 0.5 p-1 -1726216 129
227 11 m2 41506 -0.00600086758 0.5 p-1 -20733 5
56 12 m2 50330 -0.0133372582 0.5 p-1 -5635 1
2 14 m2 64920 -0.000390160887 0.5 p-1 -6113261 1325
42 15 m2 65923 -0.000621750019 0.5 p-1 -5524537 985
211 16 m2 67398 -6.41197548e-05 0.5 p-1 -371346 57
173 19 m2 76118 -0.0240226164 0.5 p-1 -3890 14
244 20 m2 89852 -0.0041346103 0.5 p-1 -16158 16
3 22 m2 106846 -0.000102107202 0.5 p-1 -726585 377
5 23 m2 128045 -1.46970513e-06 0.5 p-1 -1126670 1145
120 25 m2 130099 -0.00313492119 0.5 p-1 -96128 42
7 26 m2 137024 -0.000103343256 0.5 p-1 -1559245 1461
43 27 m2 139385 -0.000703748723 0.5 p-1 -2375662 493
247 28 m2 140558 -0.000292154786 0.5 p-1 -50512 9
58 29 m2 141437 -0.0045693079 0.5 p-1 -2356738 590
8 30 m2 144612 -0.0152274566 0.5 p-1 -7106509 740
59 31 m2 147060 -0.0796695426 0.5 p-1 -1269844 211
229 33 m2 148641 -6.49559806e-05 0.5 p-1 -72445 19
45 34 m2 150805 -4.12073359e-06 0.5 p-1 -2381016 124
96 35 m2 154974 -0.0114240684 0.5 p-1 -380902 10
9 36 m2 154988 -0.0102086738 0.5 p-1 -2817187 457
159 37 m2 156988 -0.00150105334 0.5 p-1 -110882 25
10 39 m2 161521 -0.0120836366 0.5 p-1 -3692605 1362
129 40 m2 170189 -0.00507685496 0.5 p-1 -88001 50
100 41 m2 170649 -0.0484165624 0.5 p-1 -5814157 516
265 42 m2 171160 -1.17168393e-05 0.5 p-1 -1046224 2
101 43 m2 171956 -0.0209244378 0.5 p-1 -790413 262
202 44 m2 172559 -0.0108240796 0.5 p-1 -79440 5
236 45 m2 172775 -1.4902057e-05 0.5 p-1 -100636 4
11 47 m2 181191 -0.0145579241 0.5 p-1 -3818299 796
12 48 m2 181340 -0.00246805092 0.5 p-1 -1191793 996
170 49 m2 184211 -0.00889651012 0.5 p-1 -105096 15
60 50 m2 198254 -4.09247405e-05 0.5 p-1 -180095 97
198 52 m2 201629 -0.000428470667 0.5 p-1 -32109 7
46 54 m2 209137 -0.00799197517 0.5 p-1 -4529082 1009
230 55 m2 209266 -0.016061062 0.5 p-1 -69897 5
207 56 m2 212751 -0.00181885529 0.5 p-1 -44911 9
179 58 m2 226051 -9.12221294e-05 0.5 p-1 -25628 18
151 59 m2 227394 -0.00299290032 0.5 p-1 -312515 156
77 60 m2 231654 -0.032613758 0.5 p-1 -2055407 389
15 61 m2 232458 -0.000316065096 0.5 p-1 -1233865 1221
61 63 m2 252648 -0.0165295061 0.5 p-1 -3759737 1401
47 64 m2 254268 -0.00249786023 0.5 p-1 -3184482 388
48 69 m2 265834 -0.00157048646 0.5 p-1 -3544421 1247
62 70 m2 273806 -0.00154286181 0.5 p-1 -3230867 1025
78 71 m2 275093 -1.44391361e-05 0.5 p-1 -1969217 102
79 72 m2 275137 -0.0145332413 0.5 p-1 -131424 50
80 73 m2 278798 -0.00668193866 0.5 p-1 -1607281 229
142 75 m2 280069 -0.000459232542 0.5 p-1 -427569 160
49 76 m2 281062 -0.0186332017 0.5 p-1 -15600 15
187 77 m2 281965 -0.00794013776 0.5 p-1 -620861 63
63 78 m2 284355 -0.00736533012 0.5 p-1 -1258512 599
64 79 m2 287957 -0.00509102503 0.5 p-1 -1579756 1003
118 80 m2 289472 -0.036242459 0.5 p-1 -737357 202
17 82 m2 293994 -0.00152931875 0.5 p-1 -3296443 1218
162 84 m2 316336 -0.000415604212 0.5 p-1 -165161 61
272 85 m2 321648 -0.000226434437 0.5 p-1 -11191 1
92 86 m2 323993 -0.0147517873 0.5 p-1 -702303 417
174 87 m2 326135 -0.00039672674 0.5 p-1 -172689 5
195 88 m2 326214 -0.00152629009 0.5 p-1 -1531048 24
245 90 m2 328634 -0.00224823086 0.5 p-1 -175049 3
121 91 m2 333254 -0.00820268318 0.5 p-1 -734526 106
18 92 m2 337108 -0.0107673127 0.5 p-1 -7404197 1031
242 93 m2 337517 -0.00114168646 0.5 p-1 -4740 3
184 95 m2 342251 -0.000110024659 0.5 p-1 -4328 4
97 97 m2 348947 -0.000193689717 0.5 p-1 -7670984 344
19 98 m2 351451 -0.0134342546 0.5 p-1 -5672550 1313
112 100 m2 364063 -0.000819455425 0.5 p-1 -2768829 155
65 101 m2 365766 -0.0770608038 0.5 p-1 -1278999 485
98 102 m2 366881 -0.0123287616 0.5 p-1 -132357 117
147 103 m2 368186 -0.000131745619 0.5 p-1 -996138 27
165 105 m2 374462 -0.0216925871 0.5 p-1 -329422 91
273 107 m2 376866 -0.0150636192 0.5 p-1 -1833 1
50 108 m2 380657 -1.77282473e-05 0.5 p-1 -1288846 258
220 109 m2 385324 -0.000835285464 0.5 p-1 -61349 3
124 112 m2 396365 -0.00333755766 0.5 p-1 -2684075 34
181 114 m2 396842 -0.00486049196 0.5 p-1 -4211 3
21 115 m2 402773 -0.00204716413 0.5 p-1 -1873572 1647
22 116 m2 408260 -0.00721153431 0.5 p-1 -79279 143
113 117 m2 409599 -0.00107076124 0.5 p-1 -2009335 70
218 118 m2 410488 -0.0133841308 0.5 p-1 -1623 1
23 120 m2 411678 -0.0014885331 0.5 p-1 -2913765 626
51 121 m2 416418 -0.0355259962 0.5 p-1 -922597 231
258 122 m2 419035 -0.000685475417 0.5 p-1 -13491 2
271 124 m2 434171 -0.000734877074 0.5 p-1 -79054 1
25 125 m2 440555 -6.43496605e-05 0.5 p-1 -2008714 1377
201 126 m2 440600 -0.000762704469 0.5 p-1 -43909 34
114 127 m2 445158 -0.0040684226 0.5 p-1 -710324 198
26 128 m2 447635 -0.0106786909 0.5 p-1 -3823892 845
177 129 m2 448771 -1.31156241e-07 0.5 p-1 -78369 14
152 130 m2 449060 -0.0123414528 0.5 p-1 -43769 57
222 131 m2 465314 -0.000398047327 0.5 p-1 -23670 8
224 132 m2 468120 -9.38512585e-06 0.5 p-1 -21883 21
250 135 m2 491908 -0.000513100997 0.5 p-1 -6602 3
108 136 m2 493505 -0.00193407503 0.5 p-1 -102207 2
189 137 m2 493654 -0.0113639021 0.5 p-1 -78605 8
66 138 m2 497607 -0.00243959972 0.5 p-1 -1137881 938
27 139 m2 505971 -1.35212801e-07 0.5 p-1 -7338462 1784
52 140 m2 513950 -0.00025082659 0.5 p-1 -4000533 311
99 141 m2 518809 -0.0308463313 0.5 p-1 -561616 186
188 143 m2 522484 -0.00443725241 0.5 p-1 -14060 7
67 144 m2 528978 -0.000361010287 0.5 p-1 -4210735 704
81 146 m2 532755 -0.0125451917 0.5 p-1 -274923 183
260 148 m2 546616 -0.0102430368 0.5 p-1 -27287 5
82 149 m2 546749 -0.0224489458 0.5 p-1 -1005604 320
164 150 m2 551522 -0.0152800865 0.5 p-1 -101860 21
249 151 m2 565864 -0.021086935 0.5 p-1 -51921 5
130 153 m2 569763 -0.0564007126 0.5 p-1 -3526924 173
205 154 m2 570525 -0.00206689537 0.5 p-1 -212732 13
259 155 m2 574313 -0.00343609345 0.5 p-1 -2229 2
190 157 m2 582489 -0.000213201522 0.5 p-1 -42478 11
274 158 m2 587150 -2.69290504e-05 0.5 p-1 -30886 1
127 159 m2 596260 -0.000812625338 0.5 p-1 -371101 249
191 161 m2 596536 -0.0135053704 0.5 p-1 -241009 43
28 162 m2 598278 -0.0203983244 0.5 p-1 -4381204 1760
269 163 m2 611640 -0.0133949919 0.5 p-1 -1877 1
103 164 m2 628640 -0.0157646444 0.5 p-1 -72755 68
140 165 m2 630674 -0.000659676327 0.5 p-1 -201359 56
169 166 m2 636347 -0.00450866716 0.5 p-1 -101643 51
248 167 m2 640489 -0.00498476438 0.5 p-1 -2355 1
240 168 m2 642220 -0.000299209176 0.5 p-1 -297404 11
163 170 m2 642591 -0.0699500144 0.5 p-1 -44981 28
166 171 m2 646056 -5.02848752e-06 0.5 p-1 -90550 9
161 172 m2 646203 -0.00164985878 0.5 p-1 -2214743 17
143 173 m2 647940 -0.00074654998 0.5 p-1 -128059 69
71 175 m2 657070 -0.00358529761 0.5 p-1 -192979 186
83 178 m2 665580 -0.00390136219 0.5 p-1 -41042 101
226 179 m2 665920 -0.0170050394 0.5 p-1 -21153 17
134 180 m2 669627 -0.00279237586 0.5 p-1 -1919413 138
131 181 m2 671075 -0.00141130353 0.5 p-1 -72366 87
30 182 m2 671435 -0.00411666231 0.5 p-1 -384298 220
53 183 m2 675428 -0.0806074217 0.5 p-1 -451414 249
115 185 m2 683738 -0.0176885426 0.5 p-1 -3828701 241
194 187 m2 689082 -0.0275341589 0.5 p-1 -51960 58
154 189 m2 697194 -8.82230743e-05 0.5 p-1 -236483 46
84 190 m2 704673 -0.0114927087 0.5 p-1 -12224647 278
178 192 m2 709018 -0.00493902201 0.5 p-1 -92181 23
94 193 m2 733209 -0.0129608037 0.5 p-1 -10897878 751
122 195 m2 748863 -0.00255727326 0.5 p-1 -202076 55
135 196 m2 751635 -0.00454140967 0.5 p-1 -14648137 346
117 198 m2 757098 -1.29076852e-05 0.5 p-1 -3644542 269
54 199 m2 765133 -0.000148420484 0.5 p-1 -95290 21
31 200 m2 773893 -3.86977335e-05 0.5 p-1 -4701848 1049
109 201 m2 783108 -7.03734088e-07 0.5 p-1 -12998650 326
155 202 m2 784797 -0.000341874693 0.5 p-1 -188975 31
216 203 m2 788224 -0.0219940469 0.5 p-1 -19176 19
105 204 m2 789493 -0.00747166993 0.5 p-1 -1327016 316
123 205 m2 789698 -0.0232289825 0.5 p-1 -216508 142
186 207 m2 799143 -0.0106413886 0.5 p-1 -120910 18
110 209 m2 811041 -0.00684872409 0.5 p-1 -1293882 524
86 210 m2 811892 -5.96868313e-06 0.5 p-1 -3399639 631
167 211 m2 820005 -0.00269338954 0.5 p-1 -15547 5
132 212 m2 822507 -0.00841296464 0.5 p-1 -199939 106
87 213 m2 828029 -0.00544588966 0.5 p-1 -5034854 926
34 214 m2 836502 -0.000170152736 0.5 p-1 -11657742 1416
200 216 m2 839354 -0.0106090978 0.5 p-1 -147723 32
148 217 m2 840453 -3.98374941e-05 0.5 p-1 -164428 44
111 218 m2 841335 -0.00156968588 0.5 p-1 -1816190 479
238 220 m2 850189 -0.0103628049 0.5 p-1 -4798 17
72 221 m2 850443 -0.00820824876 0.5 p-1 -4126760 621
35 222 m2 851341 -4.83470285e-06 0.5 p-1 -1477397 1374
36 224 m2 861654 -0.00235953135 0.5 p-1 -774516 548
204 225 m2 869005 -0.00527449464 0.5 p-1 -87898 14
175 226 m2 870597 -0.00411492959 0.5 p-1 -4960 6
106 229 m2 881357 -0.00311751035 0.5 p-1 -2854064 728
73 231 m2 907201 -0.0797946826 0.5 p-1 -1304150 1243
74 232 m2 907431 -0.00181986776 0.5 p-1 -3212032 1271
215 233 m2 907617 -0.000378680124 0.5 p-1 -29265 12
141 236 m2 935938 -5.46327428e-05 0.5 p-1 -99065 88
193 237 m2 941363 -2.58799082e-06 0.5 p-1 -87071 35
39 238 m2 942380 -4.64333061e-05 0.5 p-1 -5108752 1283
40 239 m2 945934 -0.0166768525 0.5 p-1 -1336062 621
158 240 m2 959917 -0.00750246784 0.5 p-1 -1445 16
125 242 m2 965627 -0.0143688163 0.5 p-1 -342065 392
267 244 m2 966557 -0.000633661286 0.5 p-1 -89677 2
208 245 m2 973674 -9.44171552e-05 0.5 p-1 -26951 22
95 246 m2 981248 -2.64919581e-05 0.5 p-1 -554039 223
75 247 m2 989279 -0.0517229252 0.5 p-1 -1672136 337
89 248 m2 991612 -0.00187367958 0.5 p-1 -2821580 121
119 249 m2 993448 -0.00695863506 0.5 p-1 -544783 178
90 250 m2 996852 -0.00187238329 0.5 p-1 -854663 364
180 252 m2 117599 -0.0201024469 0.5 p0 2 7
246 264 m2 711795 -0.00168623391 0.5 p0 2 7
270 266 m2 54012 -0.00394084444 0.5 p0 2 1
146 271 m2 695457 -0.00773805892 0.5 p0 2 1
266 275 m2 259270 -0.0162848979 0.5 p0 2 1
275 278 m2 910936 -0.0328366011 0.5 p0 2 1
223 279 m2 548670 -4.78564107e-06 0.5 p0 2 12
263 280 m2 637488 -0.00422363495 0.5 p0 2 1
239 282 m2 576908 -0.00156376045 0.5 p0 2 1
219 283 m2 27219 -7.67102101e-05 0.5 p0 2 2
241 287 m2 536725 -5.49353754e-05 0.5 p0 2 8
203 288 m2 167386 -0.0424120985 0.5 p0 2 4
234 290 m2 486407 -0.000141623255 0.5 p0 2 4
213 295 m2 639282 -4.71446633e-08 0.5 p0 2 1
171 299 m2 717279 -0.000197640416 0.5 p0 2 5
76 306 m1 13544 0 0.5 p-1 -1307845 288
253 307 m1 14679 0 0.5 p-1 -12546 2
150 308 m1 15215 0 0.5 p-1 -34175 35
149 309 m1 28944 0 0.5 p-1 -163076 61
196 310 m1 51470 0 0.5 p-1 -16976 1
256 311 m1 51689 0 0.5 p-1 -8669 1
133 312 m1 63499 0 0.5 p-1 -842162 231
210 313 m1 63935 0 0.5 p-1 -65759 30
57 314 m1 67931 0 0.5 p-1 -4169247 459
144 315 m1 72689 0 0.5 p-1 -1029395 47
145 316 m1 84142 0 0.5 p-1 -875098 100
4 318 m1 127179 0 0.5 p-1 -6372235 1743
6 319 m1 133087 0 0.5 p-1 -9908909 1008
136 320 m1 139510 0 0.5 p-1 -45427 7
262 322 m1 149626 0 0.5 p-1 -12785 1
44 323 m1 150600 0 0.5 p-1 -3095856 699
231 324 m1 159428 0 0.5 p-1 -302818 13
183 325 m1 163002 0 0.5 p-1 -67544 32
214 326 m1 170923 0 0.5 p-1 -8911 9
261 328 m1 203269 0 0.5 p-1 -5205 3
13 329 m1 203385 0 0.5 p-1 -8923973 1943
14 330 m1 209900 0 0.5 p-1 -1091456 264
91 331 m1 217391 0 0.5 p-1 -131021 84
237 333 m1 221665 0 0.5 p-1 -22149 6
225 335 m1 256251 0 0.5 p-1 -42066 18
16 336 m1 256492 0 0.5 p-1 -2680868 437
252 338 m1 269899 0 0.5 p-1 -3105 2
251 339 m1 285897 0 0.5 p-1 -2044 2
235 340 m1 293253 0 0.5 p-1 -31557 17
268 342 m1 324108 0 0.5 p-1 -110668 1
243 344 m1 356970 0 0.5 p-1 -43908 4
221 345 m1 360248 0 0.5 p-1 -20492 12
264 346 m1 373163 0 0.5 p-1 -9646 4
20 347 m1 394412 0 0.5 p-1 -1190916 781
156 349 m1 405396 0 0.5 p-1 -44442 23
24 350 m1 429927 0 0.5 p-1 -5637792 1335
102 352 m1 484761 0 0.5 p-1 -3734240 96
93 353 m1 488725 0 0.5 p-1 -1609842 564
199 355 m1 531837 0 0.5 p-1 -160838 23
68 357 m1 559658 0 0.5 p-1 -2160574 182
138 358 m1 562380 0 0.5 p-1 -167251 101
137 359 m1 563939 0 0.5 p-1 -222770 132
69 360 m1 565022 0 0.5 p-1 -11166704 801
70 361 m1 570545 0 0.5 p-1 -497563 203
254 363 m1 590721 0 0.5 p-1 -32526 9
255 364 m1 599426 0 0.5 p-1 -15610 1
160 365 m1 612190 0 0.5 p-1 -1993 9
128 366 m1 635574 0 0.5 p-1 -33841 13
212 367 m1 654919 0 0.5 p-1 -65699 8
29 368 m1 655069 0 0.5 p-1 -5940017 1398
185 369 m1 655874 0 0.5 p-1 -6076 19
116 371 m1 689198 0 0.5 p-1 -3336165 154
197 374 m1 726326 0 0.5 p-1 -4040581 24
85 375 m1 748116 0 0.5 p-1 -1660708 299
104 376 m1 753890 0 0.5 p-1 -161309 79
182 377 m1 768995 0 0.5 p-1 -1639 3
32 378 m1 781002 0 0.5 p-1 -3975919 1210
157 380 m1 791348 0 0.5 p-1 -6136 2
168 381 m1 793919 0 0.5 p-1 -1380959 114
139 382 m1 798894 0 0.5 p-1 -3218238 104
176 384 m1 826626 0 0.5 p-1 -123162 20
33 385 m1 826945 0 0.5 p-1 -5545992 1909
37 387 m1 870606 0 0.5 p-1 -2243607 1125
228 389 m1 879917 0 0.5 p-1 -16025 9
38 390 m1 883672 0 0.5 p-1 -2995809 742
233 391 m1 889446 0 0.5 p-1 -43031 7
88 392 m1 892539 0 0.5 p-1 -6094372 932
209 393 m1 917885 0 0.5 p-1 -2643 2
192 394 m1 918381 0 0.5 p-1 -248286 8
232 395 m1 922625 0 0.5 p-1 -13851 4
153 397 m1 996967 0 0.5 p-1 -126021 86
Individuals:
