Mutations:
58 0 m2 1784 -0.00376188429 0.5 p-1 -95444 57
174 1 m2 3805 -0.00123804982 0.5 p-1 -16112 6
194 2 m2 10504 -0.00415377738 0.5 p-1 -29201 23
74 3 m2 12000 -4.30143446e-05 0.5 p-1 -2007942 635
175 4 m2 18355 -2.25587773e-05 0.5 p-1 -63889 16
75 5 m2 18635 -0.116209738 0.5 p-1 -377518 76
76 6 m2 29027 -0.00049094815 0.5 p-1 -622852 444
0 7 m2 32431 -0.00105191988 0.5 p-1 -6633659 1913
59 8 m2 37252 -0.00722767413 0.5 p-1 -2790069 361
143 10 m2 40362 -0.0115250573 0.5 p-1 -1726216 131
162 11 m2 41506 -0.00600086758 0.5 p-1 -20733 12
206 12 m2 50330 -0.0133372582 0.5 p-1 -5635 2
209 13 m2 64386 -0.000506143086 0.5 p-1 -3146 4
1 14 m2 64920 -0.000390160887 0.5 p-1 -6113261 1314
2 15 m2 65923 -0.000621750019 0.5 p-1 -5524537 1008
135 16 m2 67398 -6.41197548e-05 0.5 p-1 -371346 74
144 19 m2 76118 -0.0240226164 0.5 p-1 -3890 3
176 20 m2 89852 -0.0041346103 0.5 p-1 -16158 15
105 22 m2 106846 -0.000102107202 0.5 p-1 -726585 339
5 23 m2 128045 -1.46970513e-06 0.5 p-1 -1126670 1096
201 25 m2 130099 -0.00313492119 0.5 p-1 -96128 40
6 26 m2 137024 -0.000103343256 0.5 p-1 -1559245 1345
60 27 m2 139385 -0.000703748723 0.5 p-1 -2375662 449
77 28 m2 140558 -0.000292154786 0.5 p-1 -50512 6
78 29 m2 141437 -0.0045693079 0.5 p-1 -2356738 532
37 30 m2 144612 -0.0152274566 0.5 p-1 -7106509 767
38 31 m2 147060 -0.0796695426 0.5 p-1 -1269844 282
185 32 m2 148582 -0.0124478284 0.5 p-1 -16203 3
257 33 m2 148641 -6.49559806e-05 0.5 p-1 -72445 2
90 34 m2 150805 -4.12073359e-06 0.5 p-1 -2381016 110
197 35 m2 154974 -0.0114240684 0.5 p-1 -380902 19
100 36 m2 154988 -0.0102086738 0.5 p-1 -2817187 368
187 37 m2 156988 -0.00150105334 0.5 p-1 -110882 22
8 39 m2 161521 -0.0120836366 0.5 p-1 -3692605 1376
127 40 m2 170189 -0.00507685496 0.5 p-1 -88001 59
39 41 m2 170649 -0.0484165624 0.5 p-1 -5814157 516
252 42 m2 171160 -1.17168393e-05 0.5 p-1 -1046224 3
106 43 m2 171956 -0.0209244378 0.5 p-1 -790413 177
188 44 m2 172559 -0.0108240796 0.5 p-1 -79440 6
190 45 m2 172775 -1.4902057e-05 0.5 p-1 -100636 14
91 47 m2 181191 -0.0145579241 0.5 p-1 -3818299 880
92 48 m2 181340 -0.00246805092 0.5 p-1 -1191793 1054
216 49 m2 184211 -0.00889651012 0.5 p-1 -105096 23
139 50 m2 198254 -4.09247405e-05 0.5 p-1 -180095 117
227 52 m2 201629 -0.000428470667 0.5 p-1 -32109 3
62 53 m2 202984 -6.93170841e-06 0.5 p-1 -3683 1
40 54 m2 209137 -0.00799197517 0.5 p-1 -4529082 1033
251 55 m2 209266 -0.016061062 0.5 p-1 -69897 3
283 56 m2 212751 -0.00181885529 0.5 p-1 -44911 2
195 58 m2 226051 -9.12221294e-05 0.5 p-1 -25628 10
63 59 m2 227394 -0.00299290032 0.5 p-1 -312515 138
125 60 m2 231654 -0.032613758 0.5 p-1 -2055407 361
10 61 m2 232458 -0.000316065096 0.5 p-1 -1233865 1264
93 63 m2 252648 -0.0165295061 0.5 p-1 -3759737 1373
11 64 m2 254268 -0.00249786023 0.5 p-1 -3184482 291
12 69 m2 265834 -0.00157048646 0.5 p-1 -3544421 1249
79 70 m2 273806 -0.00154286181 0.5 p-1 -3230867 1013
111 71 m2 275093 -1.44391361e-05 0.5 p-1 -1969217 79
192 72 m2 275137 -0.0145332413 0.5 p-1 -131424 20
108 73 m2 278798 -0.00668193866 0.5 p-1 -1607281 254
80 75 m2 280069 -0.000459232542 0.5 p-1 -427569 199
248 76 m2 281062 -0.0186332017 0.5 p-1 -15600 7
177 77 m2 281965 -0.00794013776 0.5 p-1 -620861 58
94 78 m2 284355 -0.00736533012 0.5 p-1 -1258512 697
13 79 m2 287957 -0.00509102503 0.5 p-1 -1579756 966
64 80 m2 289472 -0.036242459 0.5 p-1 -737357 204
200 81 m2 293922 -0.00100406131 0.5 p-1 -17926 5
42 82 m2 293994 -0.00152931875 0.5 p-1 -3296443 1379
276 83 m2 295520 -0.02636021 0.5 p-1 -6360 1
211 84 m2 316336 -0.000415604212 0.5 p-1 -165161 49
241 85 m2 321648 -0.000226434437 0.5 p-1 -11191 3
81 86 m2 323993 -0.0147517873 0.5 p-1 -702303 437
166 87 m2 326135 -0.00039672674 0.5 p-1 -172689 8
204 88 m2 326214 -0.00152629009 0.5 p-1 -1531048 25
198 90 m2 328634 -0.00224823086 0.5 p-1 -175049 5
65 91 m2 333254 -0.00820268318 0.5 p-1 -734526 119
43 92 m2 337108 -0.0107673127 0.5 p-1 -7404197 1107
215 93 m2 337517 -0.00114168646 0.5 p-1 -4740 8
212 95 m2 342251 -0.000110024659 0.5 p-1 -4328 3
14 97 m2 348947 -0.000193689717 0.5 p-1 -7670984 288
44 98 m2 351451 -0.0134342546 0.5 p-1 -5672550 1352
218 99 m2 358126 -0.000483908545 0.5 p-1 -11589 8
112 100 m2 364063 -0.000819455425 0.5 p-1 -2768829 186
45 101 m2 365766 -0.0770608038 0.5 p-1 -1278999 423
128 102 m2 366881 -0.0123287616 0.5 p-1 -132357 161
213 103 m2 368186 -0.000131745619 0.5 p-1 -996138 19
147 105 m2 374462 -0.0216925871 0.5 p-1 -329422 72
256 107 m2 376866 -0.0150636192 0.5 p-1 -1833 5
95 108 m2 380657 -1.77282473e-05 0.5 p-1 -1288846 149
119 109 m2 385324 -0.000835285464 0.5 p-1 -61349 22
246 110 m2 385472 -0.00969035178 0.5 p-1 -21006 4
159 112 m2 396365 -0.00333755766 0.5 p-1 -2684075 50
15 115 m2 402773 -0.00204716413 0.5 p-1 -1873572 1590
150 116 m2 408260 -0.00721153431 0.5 p-1 -79279 96
109 117 m2 409599 -0.00107076124 0.5 p-1 -2009335 77
239 118 m2 410488 -0.0133841308 0.5 p-1 -1623 4
255 119 m2 410512 -0.0131890858 0.5 p-1 -88038 14
66 120 m2 411678 -0.0014885331 0.5 p-1 -2913765 605
113 121 m2 416418 -0.0355259962 0.5 p-1 -922597 252
291 122 m2 419035 -0.000685475417 0.5 p-1 -13491 1
240 124 m2 434171 -0.000734877074 0.5 p-1 -79054 2
16 125 m2 440555 -6.43496605e-05 0.5 p-1 -2008714 1386
110 126 m2 440600 -0.000762704469 0.5 p-1 -43909 43
167 127 m2 445158 -0.0040684226 0.5 p-1 -710324 169
46 128 m2 447635 -0.0106786909 0.5 p-1 -3823892 723
207 129 m2 448771 -1.31156241e-07 0.5 p-1 -78369 36
102 130 m2 449060 -0.0123414528 0.5 p-1 -43769 50
244 131 m2 465314 -0.000398047327 0.5 p-1 -23670 8
133 132 m2 468120 -9.38512585e-06 0.5 p-1 -21883 15
214 136 m2 493505 -0.00193407503 0.5 p-1 -102207 5
181 137 m2 493654 -0.0113639021 0.5 p-1 -78605 15
101 138 m2 497607 -0.00243959972 0.5 p-1 -1137881 870
17 139 m2 505971 -1.35212801e-07 0.5 p-1 -7338462 1821
114 140 m2 513950 -0.00025082659 0.5 p-1 -4000533 433
103 141 m2 518809 -0.0308463313 0.5 p-1 -561616 228
184 143 m2 522484 -0.00443725241 0.5 p-1 -14060 12
68 144 m2 528978 -0.000361010287 0.5 p-1 -4210735 680
137 146 m2 532755 -0.0125451917 0.5 p-1 -274923 119
235 148 m2 546616 -0.0102430368 0.5 p-1 -27287 1
47 149 m2 546749 -0.0224489458 0.5 p-1 -1005604 387
82 150 m2 551522 -0.0152800865 0.5 p-1 -101860 29
186 151 m2 565864 -0.021086935 0.5 p-1 -51921 7
49 153 m2 569763 -0.0564007126 0.5 p-1 -3526924 204
265 154 m2 570525 -0.00206689537 0.5 p-1 -212732 4
254 157 m2 582489 -0.000213201522 0.5 p-1 -42478 2
245 158 m2 587150 -2.69290504e-05 0.5 p-1 -30886 8
50 159 m2 596260 -0.000812625338 0.5 p-1 -371101 240
129 161 m2 596536 -0.0135053704 0.5 p-1 -241009 59
18 162 m2 598278 -0.0203983244 0.5 p-1 -4381204 1756
237 163 m2 611640 -0.0133949919 0.5 p-1 -1877 4
122 164 m2 628640 -0.0157646444 0.5 p-1 -72755 73
153 165 m2 630674 -0.000659676327 0.5 p-1 -201359 59
191 166 m2 636347 -0.00450866716 0.5 p-1 -101643 43
280 167 m2 640489 -0.00498476438 0.5 p-1 -2355 2
178 168 m2 642220 -0.000299209176 0.5 p-1 -297404 5
223 169 m2 642484 -0.017343659 0.5 p-1 -13283 4
84 170 m2 642591 -0.0699500144 0.5 p-1 -44981 23
247 171 m2 646056 -5.02848752e-06 0.5 p-1 -90550 5
224 172 m2 646203 -0.00164985878 0.5 p-1 -2214743 11
140 173 m2 647940 -0.00074654998 0.5 p-1 -128059 63
126 175 m2 657070 -0.00358529761 0.5 p-1 -192979 97
286 176 m2 662681 -0.0103759347 0.5 p-1 -2403 2
282 177 m2 662748 -0.0288454052 0.5 p-1 -31446 5
145 178 m2 665580 -0.00390136219 0.5 p-1 -41042 68
179 179 m2 665920 -0.0170050394 0.5 p-1 -21153 6
171 180 m2 669627 -0.00279237586 0.5 p-1 -1919413 169
98 181 m2 671075 -0.00141130353 0.5 p-1 -72366 82
69 182 m2 671435 -0.00411666231 0.5 p-1 -384298 210
131 183 m2 675428 -0.0806074217 0.5 p-1 -451414 215
20 185 m2 683738 -0.0176885426 0.5 p-1 -3828701 226
123 187 m2 689082 -0.0275341589 0.5 p-1 -51960 53
164 189 m2 697194 -8.82230743e-05 0.5 p-1 -236483 24
85 190 m2 704673 -0.0114927087 0.5 p-1 -12224647 296
231 191 m2 705940 -0.00254940195 0.5 p-1 -11234 3
154 192 m2 709018 -0.00493902201 0.5 p-1 -92181 10
22 193 m2 733209 -0.0129608037 0.5 p-1 -10897878 757
165 195 m2 748863 -0.00255727326 0.5 p-1 -202076 25
116 196 m2 751635 -0.00454140967 0.5 p-1 -14648137 414
87 198 m2 757098 -1.29076852e-05 0.5 p-1 -3644542 267
172 199 m2 765133 -0.000148420484 0.5 p-1 -95290 21
52 200 m2 773893 -3.86977335e-05 0.5 p-1 -4701848 1121
141 201 m2 783108 -7.03734088e-07 0.5 p-1 -12998650 231
219 202 m2 784797 -0.000341874693 0.5 p-1 -188975 22
250 203 m2 788224 -0.0219940469 0.5 p-1 -19176 6
24 204 m2 789493 -0.00747166993 0.5 p-1 -1327016 398
117 205 m2 789698 -0.0232289825 0.5 p-1 -216508 153
233 207 m2 799143 -0.0106413886 0.5 p-1 -120910 40
189 208 m2 805307 -0.000601282227 0.5 p-1 -9912 4
70 209 m2 811041 -0.00684872409 0.5 p-1 -1293882 622
71 210 m2 811892 -5.96868313e-06 0.5 p-1 -3399639 706
168 211 m2 820005 -0.00269338954 0.5 p-1 -15547 10
196 212 m2 822507 -0.00841296464 0.5 p-1 -199939 70
72 213 m2 828029 -0.00544588966 0.5 p-1 -5034854 888
27 214 m2 836502 -0.000170152736 0.5 p-1 -11657742 1391
151 216 m2 839354 -0.0106090978 0.5 p-1 -147723 9
160 217 m2 840453 -3.98374941e-05 0.5 p-1 -164428 75
53 218 m2 841335 -0.00156968588 0.5 p-1 -1816190 396
263 220 m2 850189 -0.0103628049 0.5 p-1 -4798 2
54 221 m2 850443 -0.00820824876 0.5 p-1 -4126760 579
55 222 m2 851341 -4.83470285e-06 0.5 p-1 -1477397 1454
28 224 m2 861654 -0.00235953135 0.5 p-1 -774516 468
121 225 m2 869005 -0.00527449464 0.5 p-1 -87898 17
30 229 m2 881357 -0.00311751035 0.5 p-1 -2854064 823
31 231 m2 907201 -0.0797946826 0.5 p-1 -1304150 1245
32 232 m2 907431 -0.00181986776 0.5 p-1 -3212032 1241
242 233 m2 907617 -0.000378680124 0.5 p-1 -29265 6
155 236 m2 935938 -5.46327428e-05 0.5 p-1 -99065 82
173 237 m2 941363 -2.58799082e-06 0.5 p-1 -87071 50
73 238 m2 942380 -4.64333061e-05 0.5 p-1 -5108752 1248
88 239 m2 945934 -0.0166768525 0.5 p-1 -1336062 704
232 240 m2 959917 -0.00750246784 0.5 p-1 -1445 1
99 242 m2 965627 -0.0143688163 0.5 p-1 -342065 340
274 243 m2 966052 -0.0222477335 0.5 p-1 -1503698 1
203 244 m2 966557 -0.000633661286 0.5 p-1 -89677 5
161 245 m2 973674 -9.44171552e-05 0.5 p-1 -26951 13
134 246 m2 981248 -2.64919581e-05 0.5 p-1 -554039 221
33 247 m2 989279 -0.0517229252 0.5 p-1 -1672136 330
138 248 m2 991612 -0.00187367958 0.5 p-1 -2821580 108
89 249 m2 993448 -0.00695863506 0.5 p-1 -544783 171
130 250 m2 996852 -0.00187238329 0.5 p-1 -854663 365
35 252 m2 117599 -0.0201024469 0.5 p0 2 6
193 255 m2 533981 -6.07611073e-05 0.5 p0 2 2
293 257 m2 283170 -8.30487406e-05 0.5 p0 2 1
210 258 m2 557826 -0.00201113685 0.5 p0 2 6
261 260 m2 307346 -0.00824166462 0.5 p0 2 2
287 265 m2 615046 -5.04348634e-07 0.5 p0 2 2
268 266 m2 54012 -0.00394084444 0.5 p0 2 2
284 268 m2 446870 -0.0371121578 0.5 p0 2 1
285 269 m2 545836 -0.00160190975 0.5 p0 2 1
243 270 m2 133432 -0.0112841856 0.5 p0 2 4
273 274 m2 544451 -0.00383191463 0.5 p0 2 1
272 276 m2 675713 -0.000201999545 0.5 p0 2 1
294 277 m2 699947 -4.56157031e-05 0.5 p0 2 1
270 278 m2 910936 -0.0328366011 0.5 p0 2 2
253 286 m2 229384 -0.00229963614 0.5 p0 2 1
266 288 m2 167386 -0.0424120985 0.5 p0 2 1
262 290 m2 486407 -0.000141623255 0.5 p0 2 2
238 299 m2 717279 -0.000197640416 0.5 p0 2 2
279 302 m2 72556 -0.00769237708 0.5 p0 2 2
278 304 m2 392867 -0.0941338539 0.5 p0 2 2
107 306 m1 13544 0 0.5 p-1 -1307845 250
169 307 m1 14679 0 0.5 p-1 -12546 6
229 308 m1 15215 0 0.5 p-1 -34175 27
34 309 m1 28944 0 0.5 p-1 -163076 81
205 310 m1 51470 0 0.5 p-1 -16976 6
124 311 m1 51689 0 0.5 p-1 -8669 7
104 312 m1 63499 0 0.5 p-1 -842162 204
183 313 m1 63935 0 0.5 p-1 -65759 26
3 314 m1 67931 0 0.5 p-1 -4169247 549
182 315 m1 72689 0 0.5 p-1 -1029395 70
149 316 m1 84142 0 0.5 p-1 -875098 122
4 318 m1 127179 0 0.5 p-1 -6372235 1806
36 319 m1 133087 0 0.5 p-1 -9908909 908
230 320 m1 139510 0 0.5 p-1 -45427 24
295 321 m1 142727 0 0.5 p-1 -310 1
269 322 m1 149626 0 0.5 p-1 -12785 2
7 323 m1 150600 0 0.5 p-1 -3095856 650
61 324 m1 159428 0 0.5 p-1 -302818 12
146 325 m1 163002 0 0.5 p-1 -67544 34
277 326 m1 170923 0 0.5 p-1 -8911 1
158 328 m1 203269 0 0.5 p-1 -5205 3
9 329 m1 203385 0 0.5 p-1 -8923973 1948
142 330 m1 209900 0 0.5 p-1 -1091456 243
163 331 m1 217391 0 0.5 p-1 -131021 61
271 332 m1 221220 0 0.5 p-1 -8313 1
281 333 m1 221665 0 0.5 p-1 -22149 3
199 335 m1 256251 0 0.5 p-1 -42066 8
41 336 m1 256492 0 0.5 p-1 -2680868 478
249 338 m1 269899 0 0.5 p-1 -3105 4
136 340 m1 293253 0 0.5 p-1 -31557 22
288 341 m1 316201 0 0.5 p-1 -4395 1
222 342 m1 324108 0 0.5 p-1 -110668 5
275 343 m1 355676 0 0.5 p-1 -38642 1
260 344 m1 356970 0 0.5 p-1 -43908 2
220 345 m1 360248 0 0.5 p-1 -20492 14
96 347 m1 394412 0 0.5 p-1 -1190916 816
225 348 m1 404213 0 0.5 p-1 -22407 3
202 349 m1 405396 0 0.5 p-1 -44442 18
67 350 m1 429927 0 0.5 p-1 -5637792 1341
152 352 m1 484761 0 0.5 p-1 -3734240 117
120 353 m1 488725 0 0.5 p-1 -1609842 549
236 355 m1 531837 0 0.5 p-1 -160838 22
132 357 m1 559658 0 0.5 p-1 -2160574 209
97 358 m1 562380 0 0.5 p-1 -167251 134
148 359 m1 563939 0 0.5 p-1 -222770 104
48 360 m1 565022 0 0.5 p-1 -11166704 889
83 361 m1 570545 0 0.5 p-1 -497563 206
115 363 m1 590721 0 0.5 p-1 -32526 13
264 364 m1 599426 0 0.5 p-1 -15610 6
290 365 m1 612190 0 0.5 p-1 -1993 1
208 366 m1 635574 0 0.5 p-1 -33841 18
217 367 m1 654919 0 0.5 p-1 -65699 16
19 368 m1 655069 0 0.5 p-1 -5940017 1441
228 369 m1 655874 0 0.5 p-1 -6076 8
292 370 m1 681689 0 0.5 p-1 -6680 1
21 371 m1 689198 0 0.5 p-1 -3336165 159
156 374 m1 726326 0 0.5 p-1 -4040581 11
86 375 m1 748116 0 0.5 p-1 -1660708 259
51 376 m1 753890 0 0.5 p-1 -161309 110
259 377 m1 768995 0 0.5 p-1 -1639 5
23 378 m1 781002 0 0.5 p-1 -3975919 1161
226 380 m1 791348 0 0.5 p-1 -6136 1
118 381 m1 793919 0 0.5 p-1 -1380959 134
25 382 m1 798894 0 0.5 p-1 -3218238 106
289 383 m1 821503 0 0.5 p-1 -37028 1
180 384 m1 826626 0 0.5 p-1 -123162 21
26 385 m1 826945 0 0.5 p-1 -5545992 1912
267 386 m1 846561 0 0.5 p-1 -33535 1
29 387 m1 870606 0 0.5 p-1 -2243607 1156
157 389 m1 879917 0 0.5 p-1 -16025 1
56 390 m1 883672 0 0.5 p-1 -2995809 848
57 392 m1 892539 0 0.5 p-1 -6094372 978
258 393 m1 917885 0 0.5 p-1 -2643 1
234 394 m1 918381 0 0.5 p-1 -248286 18
221 395 m1 922625 0 0.5 p-1 -13851 7
170 397 m1 996967 0 0.5 p-1 -126021 60
Individuals:
