Mutations:
85 0 m2 1784 -0.00376188429 0.5 p-1 -95444 59
223 1 m2 3805 -0.00123804982 0.5 p-1 -16112 6
175 2 m2 10504 -0.00415377738 0.5 p-1 -29201 16
62 3 m2 12000 -4.30143446e-05 0.5 p-1 -2007942 577
121 4 m2 18355 -2.25587773e-05 0.5 p-1 -63889 20
39 5 m2 18635 -0.116209738 0.5 p-1 -377518 110
117 6 m2 29027 -0.00049094815 0.5 p-1 -622852 394
0 7 m2 32431 -0.00105191988 0.5 p-1 -6633659 1897
93 8 m2 37252 -0.00722767413 0.5 p-1 -2790069 374
144 10 m2 40362 -0.0115250573 0.5 p-1 -1726216 152
177 11 m2 41506 -0.00600086758 0.5 p-1 -20733 17
321 12 m2 50330 -0.0133372582 0.5 p-1 -5635 1
172 13 m2 64386 -0.000506143086 0.5 p-1 -3146 5
40 14 m2 64920 -0.000390160887 0.5 p-1 -6113261 1340
1 15 m2 65923 -0.000621750019 0.5 p-1 -5524537 1067
63 16 m2 67398 -6.41197548e-05 0.5 p-1 -371346 93
214 19 m2 76118 -0.0240226164 0.5 p-1 -3890 12
197 20 m2 89852 -0.0041346103 0.5 p-1 -16158 17
86 22 m2 106846 -0.000102107202 0.5 p-1 -726585 390
2 23 m2 128045 -1.46970513e-06 0.5 p-1 -1126670 1114
131 25 m2 130099 -0.00313492119 0.5 p-1 -96128 40
4 26 m2 137024 -0.000103343256 0.5 p-1 -1559245 1370
5 27 m2 139385 -0.000703748723 0.5 p-1 -2375662 487
249 28 m2 140558 -0.000292154786 0.5 p-1 -50512 6
103 29 m2 141437 -0.0045693079 0.5 p-1 -2356738 473
64 30 m2 144612 -0.0152274566 0.5 p-1 -7106509 711
77 31 m2 147060 -0.0796695426 0.5 p-1 -1269844 265
240 32 m2 148582 -0.0124478284 0.5 p-1 -16203 3
279 33 m2 148641 -6.49559806e-05 0.5 p-1 -72445 7
137 34 m2 150805 -4.12073359e-06 0.5 p-1 -2381016 128
253 35 m2 154974 -0.0114240684 0.5 p-1 -380902 9
94 36 m2 154988 -0.0102086738 0.5 p-1 -2817187 441
166 37 m2 156988 -0.00150105334 0.5 p-1 -110882 37
78 39 m2 161521 -0.0120836366 0.5 p-1 -3692605 1373
220 40 m2 170189 -0.00507685496 0.5 p-1 -88001 45
7 41 m2 170649 -0.0484165624 0.5 p-1 -5814157 581
185 42 m2 171160 -1.17168393e-05 0.5 p-1 -1046224 2
122 43 m2 171956 -0.0209244378 0.5 p-1 -790413 197
112 44 m2 172559 -0.0108240796 0.5 p-1 -79440 9
248 45 m2 172775 -1.4902057e-05 0.5 p-1 -100636 4
8 47 m2 181191 -0.0145579241 0.5 p-1 -3818299 896
9 48 m2 181340 -0.00246805092 0.5 p-1 -1191793 1074
127 49 m2 184211 -0.00889651012 0.5 p-1 -105096 13
87 50 m2 198254 -4.09247405e-05 0.5 p-1 -180095 112
266 52 m2 201629 -0.000428470667 0.5 p-1 -32109 5
202 53 m2 202984 -6.93170841e-06 0.5 p-1 -3683 1
11 54 m2 209137 -0.00799197517 0.5 p-1 -4529082 972
100 55 m2 209266 -0.016061062 0.5 p-1 -69897 6
275 56 m2 212751 -0.00181885529 0.5 p-1 -44911 5
307 57 m2 223881 -0.00639757235 0.5 p-1 -248065 2
184 58 m2 226051 -9.12221294e-05 0.5 p-1 -25628 21
104 59 m2 227394 -0.00299290032 0.5 p-1 -312515 135
95 60 m2 231654 -0.032613758 0.5 p-1 -2055407 391
12 61 m2 232458 -0.000316065096 0.5 p-1 -1233865 1222
43 63 m2 252648 -0.0165295061 0.5 p-1 -3759737 1400
96 64 m2 254268 -0.00249786023 0.5 p-1 -3184482 333
237 68 m2 264783 -5.38105414e-05 0.5 p-1 -1781 2
44 69 m2 265834 -0.00157048646 0.5 p-1 -3544421 1265
88 70 m2 273806 -0.00154286181 0.5 p-1 -3230867 953
142 71 m2 275093 -1.44391361e-05 0.5 p-1 -1969217 75
188 72 m2 275137 -0.0145332413 0.5 p-1 -131424 23
66 73 m2 278798 -0.00668193866 0.5 p-1 -1607281 266
148 75 m2 280069 -0.000459232542 0.5 p-1 -427569 131
187 76 m2 281062 -0.0186332017 0.5 p-1 -15600 10
169 77 m2 281965 -0.00794013776 0.5 p-1 -620861 67
45 78 m2 284355 -0.00736533012 0.5 p-1 -1258512 676
67 79 m2 287957 -0.00509102503 0.5 p-1 -1579756 960
14 80 m2 289472 -0.036242459 0.5 p-1 -737357 191
138 81 m2 293922 -0.00100406131 0.5 p-1 -17926 3
46 82 m2 293994 -0.00152931875 0.5 p-1 -3296443 1329
231 83 m2 295520 -0.02636021 0.5 p-1 -6360 3
154 84 m2 316336 -0.000415604212 0.5 p-1 -165161 68
219 85 m2 321648 -0.000226434437 0.5 p-1 -11191 2
68 86 m2 323993 -0.0147517873 0.5 p-1 -702303 402
176 87 m2 326135 -0.00039672674 0.5 p-1 -172689 6
161 88 m2 326214 -0.00152629009 0.5 p-1 -1531048 32
212 90 m2 328634 -0.00224823086 0.5 p-1 -175049 12
118 91 m2 333254 -0.00820268318 0.5 p-1 -734526 135
79 92 m2 337108 -0.0107673127 0.5 p-1 -7404197 1093
209 93 m2 337517 -0.00114168646 0.5 p-1 -4740 8
189 95 m2 342251 -0.000110024659 0.5 p-1 -4328 2
47 97 m2 348947 -0.000193689717 0.5 p-1 -7670984 290
15 98 m2 351451 -0.0134342546 0.5 p-1 -5672550 1352
228 99 m2 358126 -0.000483908545 0.5 p-1 -11589 8
89 100 m2 364063 -0.000819455425 0.5 p-1 -2768829 192
80 101 m2 365766 -0.0770608038 0.5 p-1 -1278999 467
108 102 m2 366881 -0.0123287616 0.5 p-1 -132357 131
204 103 m2 368186 -0.000131745619 0.5 p-1 -996138 27
133 105 m2 374462 -0.0216925871 0.5 p-1 -329422 98
232 107 m2 376866 -0.0150636192 0.5 p-1 -1833 6
69 108 m2 380657 -1.77282473e-05 0.5 p-1 -1288846 174
238 109 m2 385324 -0.000835285464 0.5 p-1 -61349 8
281 110 m2 385472 -0.00969035178 0.5 p-1 -21006 3
167 112 m2 396365 -0.00333755766 0.5 p-1 -2684075 62
261 114 m2 396842 -0.00486049196 0.5 p-1 -4211 2
16 115 m2 402773 -0.00204716413 0.5 p-1 -1873572 1562
146 116 m2 408260 -0.00721153431 0.5 p-1 -79279 74
157 117 m2 409599 -0.00107076124 0.5 p-1 -2009335 57
252 118 m2 410488 -0.0133841308 0.5 p-1 -1623 5
262 119 m2 410512 -0.0131890858 0.5 p-1 -88038 9
17 120 m2 411678 -0.0014885331 0.5 p-1 -2913765 558
49 121 m2 416418 -0.0355259962 0.5 p-1 -922597 255
196 122 m2 419035 -0.000685475417 0.5 p-1 -13491 3
283 124 m2 434171 -0.000734877074 0.5 p-1 -79054 5
19 125 m2 440555 -6.43496605e-05 0.5 p-1 -2008714 1417
206 126 m2 440600 -0.000762704469 0.5 p-1 -43909 57
113 127 m2 445158 -0.0040684226 0.5 p-1 -710324 225
97 128 m2 447635 -0.0106786909 0.5 p-1 -3823892 742
50 129 m2 448771 -1.31156241e-07 0.5 p-1 -78369 42
145 130 m2 449060 -0.0123414528 0.5 p-1 -43769 39
243 131 m2 465314 -0.000398047327 0.5 p-1 -23670 8
259 132 m2 468120 -9.38512585e-06 0.5 p-1 -21883 10
298 135 m2 491908 -0.000513100997 0.5 p-1 -6602 2
268 136 m2 493505 -0.00193407503 0.5 p-1 -102207 6
251 137 m2 493654 -0.0113639021 0.5 p-1 -78605 9
81 138 m2 497607 -0.00243959972 0.5 p-1 -1137881 815
20 139 m2 505971 -1.35212801e-07 0.5 p-1 -7338462 1796
91 140 m2 513950 -0.00025082659 0.5 p-1 -4000533 410
164 141 m2 518809 -0.0308463313 0.5 p-1 -561616 205
263 143 m2 522484 -0.00443725241 0.5 p-1 -14060 16
70 144 m2 528978 -0.000361010287 0.5 p-1 -4210735 695
71 146 m2 532755 -0.0125451917 0.5 p-1 -274923 125
309 147 m2 537490 -0.0027691992 0.5 p-1 -65158 1
300 148 m2 546616 -0.0102430368 0.5 p-1 -27287 8
123 149 m2 546749 -0.0224489458 0.5 p-1 -1005604 351
160 150 m2 551522 -0.0152800865 0.5 p-1 -101860 27
179 151 m2 565864 -0.021086935 0.5 p-1 -51921 9
72 153 m2 569763 -0.0564007126 0.5 p-1 -3526924 204
191 154 m2 570525 -0.00206689537 0.5 p-1 -212732 7
224 155 m2 574313 -0.00343609345 0.5 p-1 -2229 4
293 156 m2 575065 -0.000516380649 0.5 p-1 -2574 1
162 157 m2 582489 -0.000213201522 0.5 p-1 -42478 3
221 158 m2 587150 -2.69290504e-05 0.5 p-1 -30886 7
52 159 m2 596260 -0.000812625338 0.5 p-1 -371101 267
276 160 m2 596499 -0.00226160209 0.5 p-1 -18262 1
207 161 m2 596536 -0.0135053704 0.5 p-1 -241009 41
22 162 m2 598278 -0.0203983244 0.5 p-1 -4381204 1730
129 164 m2 628640 -0.0157646444 0.5 p-1 -72755 52
152 165 m2 630674 -0.000659676327 0.5 p-1 -201359 85
163 166 m2 636347 -0.00450866716 0.5 p-1 -101643 43
149 167 m2 640489 -0.00498476438 0.5 p-1 -2355 11
313 168 m2 642220 -0.000299209176 0.5 p-1 -297404 2
289 169 m2 642484 -0.017343659 0.5 p-1 -13283 1
195 170 m2 642591 -0.0699500144 0.5 p-1 -44981 38
235 171 m2 646056 -5.02848752e-06 0.5 p-1 -90550 10
183 172 m2 646203 -0.00164985878 0.5 p-1 -2214743 15
155 173 m2 647940 -0.00074654998 0.5 p-1 -128059 64
150 175 m2 657070 -0.00358529761 0.5 p-1 -192979 126
170 177 m2 662748 -0.0288454052 0.5 p-1 -31446 9
194 178 m2 665580 -0.00390136219 0.5 p-1 -41042 64
260 179 m2 665920 -0.0170050394 0.5 p-1 -21153 8
135 180 m2 669627 -0.00279237586 0.5 p-1 -1919413 140
24 181 m2 671075 -0.00141130353 0.5 p-1 -72366 90
92 182 m2 671435 -0.00411666231 0.5 p-1 -384298 262
109 183 m2 675428 -0.0806074217 0.5 p-1 -451414 206
295 184 m2 681445 -0.00678014616 0.5 p-1 -400844 1
126 185 m2 683738 -0.0176885426 0.5 p-1 -3828701 260
143 187 m2 689082 -0.0275341589 0.5 p-1 -51960 54
54 189 m2 697194 -8.82230743e-05 0.5 p-1 -236483 55
147 190 m2 704673 -0.0114927087 0.5 p-1 -12224647 260
250 191 m2 705940 -0.00254940195 0.5 p-1 -11234 4
193 192 m2 709018 -0.00493902201 0.5 p-1 -92181 18
55 193 m2 733209 -0.0129608037 0.5 p-1 -10897878 703
136 195 m2 748863 -0.00255727326 0.5 p-1 -202076 42
25 196 m2 751635 -0.00454140967 0.5 p-1 -14648137 355
82 198 m2 757098 -1.29076852e-05 0.5 p-1 -3644542 254
114 199 m2 765133 -0.000148420484 0.5 p-1 -95290 35
26 200 m2 773893 -3.86977335e-05 0.5 p-1 -4701848 1141
102 201 m2 783108 -7.03734088e-07 0.5 p-1 -12998650 279
171 202 m2 784797 -0.000341874693 0.5 p-1 -188975 15
258 203 m2 788224 -0.0219940469 0.5 p-1 -19176 6
27 204 m2 789493 -0.00747166993 0.5 p-1 -1327016 394
120 205 m2 789698 -0.0232289825 0.5 p-1 -216508 129
173 207 m2 799143 -0.0106413886 0.5 p-1 -120910 16
311 208 m2 805307 -0.000601282227 0.5 p-1 -9912 1
73 209 m2 811041 -0.00684872409 0.5 p-1 -1293882 660
74 210 m2 811892 -5.96868313e-06 0.5 p-1 -3399639 724
216 211 m2 820005 -0.00269338954 0.5 p-1 -15547 7
153 212 m2 822507 -0.00841296464 0.5 p-1 -199939 73
29 213 m2 828029 -0.00544588966 0.5 p-1 -5034854 852
30 214 m2 836502 -0.000170152736 0.5 p-1 -11657742 1387
213 216 m2 839354 -0.0106090978 0.5 p-1 -147723 33
57 217 m2 840453 -3.98374941e-05 0.5 p-1 -164428 71
58 218 m2 841335 -0.00156968588 0.5 p-1 -1816190 376
294 219 m2 850044 -0.000403351005 0.5 p-1 -2088 1
310 220 m2 850189 -0.0103628049 0.5 p-1 -4798 1
59 221 m2 850443 -0.00820824876 0.5 p-1 -4126760 593
31 222 m2 851341 -4.83470285e-06 0.5 p-1 -1477397 1353
84 224 m2 861654 -0.00235953135 0.5 p-1 -774516 500
256 225 m2 869005 -0.00527449464 0.5 p-1 -87898 22
246 227 m2 875667 -0.000112134163 0.5 p-1 -40430 6
292 228 m2 880341 -0.0134578785 0.5 p-1 -28083 2
60 229 m2 881357 -0.00311751035 0.5 p-1 -2854064 844
34 231 m2 907201 -0.0797946826 0.5 p-1 -1304150 1274
61 232 m2 907431 -0.00181986776 0.5 p-1 -3212032 1246
165 233 m2 907617 -0.000378680124 0.5 p-1 -29265 6
130 236 m2 935938 -5.46327428e-05 0.5 p-1 -99065 130
98 237 m2 941363 -2.58799082e-06 0.5 p-1 -87071 78
35 238 m2 942380 -4.64333061e-05 0.5 p-1 -5108752 1253
36 239 m2 945934 -0.0166768525 0.5 p-1 -1336062 750
242 240 m2 959917 -0.00750246784 0.5 p-1 -1445 6
124 242 m2 965627 -0.0143688163 0.5 p-1 -342065 371
125 244 m2 966557 -0.000633661286 0.5 p-1 -89677 11
180 245 m2 973674 -9.44171552e-05 0.5 p-1 -26951 17
37 246 m2 981248 -2.64919581e-05 0.5 p-1 -554039 204
99 247 m2 989279 -0.0517229252 0.5 p-1 -1672136 359
106 248 m2 991612 -0.00187367958 0.5 p-1 -2821580 106
111 249 m2 993448 -0.00695863506 0.5 p-1 -544783 193
38 250 m2 996852 -0.00187238329 0.5 p-1 -854663 358
132 254 m2 278450 -0.000739823736 0.5 p0 2 2
229 255 m2 533981 -6.07611073e-05 0.5 p0 2 1
280 257 m2 283170 -8.30487406e-05 0.5 p0 2 2
319 258 m2 557826 -0.00201113685 0.5 p0 2 1
315 260 m2 307346 -0.00824166462 0.5 p0 2 2
304 261 m2 548179 -0.000194148684 0.5 p0 2 2
284 262 m2 241538 -5.77201354e-05 0.5 p0 2 2
239 263 m2 135490 -0.0054963748 0.5 p0 2 3
320 265 m2 615046 -5.04348634e-07 0.5 p0 2 1
234 266 m2 54012 -0.00394084444 0.5 p0 2 1
318 267 m2 902274 -0.00372139039 0.5 p0 2 1
301 268 m2 446870 -0.0371121578 0.5 p0 2 2
302 269 m2 545836 -0.00160190975 0.5 p0 2 2
308 270 m2 133432 -0.0112841856 0.5 p0 2 1
303 271 m2 695457 -0.00773805892 0.5 p0 2 1
247 272 m2 864290 -0.00719748996 0.5 p0 2 1
291 273 m2 615913 -0.00247224909 0.5 p0 2 2
236 274 m2 544451 -0.00383191463 0.5 p0 2 2
316 277 m2 699947 -4.56157031e-05 0.5 p0 2 1
305 282 m2 576908 -0.00156376045 0.5 p0 2 1
264 283 m2 27219 -7.67102101e-05 0.5 p0 2 2
290 284 m2 27936 -0.0178030524 0.5 p0 2 1
317 285 m2 634913 -0.00514899893 0.5 p0 2 1
282 289 m2 135467 -0.000127262843 0.5 p0 2 2
296 290 m2 486407 -0.000141623255 0.5 p0 2 1
314 291 m2 432755 -0.0158289485 0.5 p0 2 1
255 292 m2 376056 -0.000363263156 0.5 p0 2 2
267 294 m2 469867 -0.0357050076 0.5 p0 2 1
222 297 m2 838481 -4.79789378e-07 0.5 p0 2 2
288 300 m2 153336 -0.0276141018 0.5 p0 2 1
277 301 m2 84070 -0.0114381528 0.5 p0 2 2
306 304 m2 392867 -0.0941338539 0.5 p0 2 1
116 306 m1 13544 0 0.5 p-1 -1307845 225
190 307 m1 14679 0 0.5 p-1 -12546 11
215 308 m1 15215 0 0.5 p-1 -34175 30
156 309 m1 28944 0 0.5 p-1 -163076 58
205 310 m1 51470 0 0.5 p-1 -16976 5
299 311 m1 51689 0 0.5 p-1 -8669 1
76 312 m1 63499 0 0.5 p-1 -842162 262
151 313 m1 63935 0 0.5 p-1 -65759 47
41 314 m1 67931 0 0.5 p-1 -4169247 565
186 315 m1 72689 0 0.5 p-1 -1029395 83
199 316 m1 84142 0 0.5 p-1 -875098 111
42 318 m1 127179 0 0.5 p-1 -6372235 1750
3 319 m1 133087 0 0.5 p-1 -9908909 957
227 320 m1 139510 0 0.5 p-1 -45427 12
272 321 m1 142727 0 0.5 p-1 -310 3
278 322 m1 149626 0 0.5 p-1 -12785 4
6 323 m1 150600 0 0.5 p-1 -3095856 677
174 324 m1 159428 0 0.5 p-1 -302818 16
198 325 m1 163002 0 0.5 p-1 -67544 42
201 326 m1 170923 0 0.5 p-1 -8911 2
217 328 m1 203269 0 0.5 p-1 -5205 3
10 329 m1 203385 0 0.5 p-1 -8923973 1935
107 330 m1 209900 0 0.5 p-1 -1091456 235
178 331 m1 217391 0 0.5 p-1 -131021 70
254 332 m1 221220 0 0.5 p-1 -8313 5
182 333 m1 221665 0 0.5 p-1 -22149 6
65 335 m1 256251 0 0.5 p-1 -42066 14
13 336 m1 256492 0 0.5 p-1 -2680868 435
200 338 m1 269899 0 0.5 p-1 -3105 5
230 339 m1 285897 0 0.5 p-1 -2044 3
271 340 m1 293253 0 0.5 p-1 -31557 14
225 342 m1 324108 0 0.5 p-1 -110668 3
140 343 m1 355676 0 0.5 p-1 -38642 2
312 344 m1 356970 0 0.5 p-1 -43908 1
159 345 m1 360248 0 0.5 p-1 -20492 11
297 346 m1 373163 0 0.5 p-1 -9646 1
48 347 m1 394412 0 0.5 p-1 -1190916 834
210 348 m1 404213 0 0.5 p-1 -22407 8
119 349 m1 405396 0 0.5 p-1 -44442 19
18 350 m1 429927 0 0.5 p-1 -5637792 1377
141 352 m1 484761 0 0.5 p-1 -3734240 147
90 353 m1 488725 0 0.5 p-1 -1609842 547
203 355 m1 531837 0 0.5 p-1 -160838 40
226 356 m1 545518 0 0.5 p-1 -2195 4
128 357 m1 559658 0 0.5 p-1 -2160574 210
105 358 m1 562380 0 0.5 p-1 -167251 168
101 359 m1 563939 0 0.5 p-1 -222770 106
51 360 m1 565022 0 0.5 p-1 -11166704 809
21 361 m1 570545 0 0.5 p-1 -497563 251
218 363 m1 590721 0 0.5 p-1 -32526 11
287 364 m1 599426 0 0.5 p-1 -15610 3
241 365 m1 612190 0 0.5 p-1 -1993 4
257 366 m1 635574 0 0.5 p-1 -33841 19
134 367 m1 654919 0 0.5 p-1 -65699 7
23 368 m1 655069 0 0.5 p-1 -5940017 1420
245 369 m1 655874 0 0.5 p-1 -6076 11
285 370 m1 681689 0 0.5 p-1 -6680 3
53 371 m1 689198 0 0.5 p-1 -3336165 168
168 374 m1 726326 0 0.5 p-1 -4040581 22
110 375 m1 748116 0 0.5 p-1 -1660708 280
139 376 m1 753890 0 0.5 p-1 -161309 92
192 377 m1 768995 0 0.5 p-1 -1639 10
56 378 m1 781002 0 0.5 p-1 -3975919 1160
270 380 m1 791348 0 0.5 p-1 -6136 4
158 381 m1 793919 0 0.5 p-1 -1380959 144
115 382 m1 798894 0 0.5 p-1 -3218238 101
286 383 m1 821503 0 0.5 p-1 -37028 1
83 384 m1 826626 0 0.5 p-1 -123162 29
28 385 m1 826945 0 0.5 p-1 -5545992 1898
211 386 m1 846561 0 0.5 p-1 -33535 1
32 387 m1 870606 0 0.5 p-1 -2243607 1185
265 388 m1 876246 0 0.5 p-1 -472 4
269 389 m1 879917 0 0.5 p-1 -16025 4
33 390 m1 883672 0 0.5 p-1 -2995809 802
274 391 m1 889446 0 0.5 p-1 -43031 4
75 392 m1 892539 0 0.5 p-1 -6094372 920
233 393 m1 917885 0 0.5 p-1 -2643 1
208 394 m1 918381 0 0.5 p-1 -248286 16
273 395 m1 922625 0 0.5 p-1 -13851 4
244 396 m1 966487 0 0.5 p-1 -670 5
181 397 m1 996967 0 0.5 p-1 -126021 62
Individuals:
