Mutations:
0 0 m2 1784 -0.00376188429 0.5 p-1 -95444 66
67 2 m2 10504 -0.00415377738 0.5 p-1 -29201 17
1 3 m2 12000 -4.30143446e-05 0.5 p-1 -2007942 504
153 4 m2 18355 -2.25587773e-05 0.5 p-1 -63889 36
2 5 m2 18635 -0.116209738 0.5 p-1 -377518 121
68 6 m2 29027 -0.00049094815 0.5 p-1 -622852 410
3 7 m2 32431 -0.00105191988 0.5 p-1 -6633659 1959
52 8 m2 37252 -0.00722767413 0.5 p-1 -2790069 346
53 10 m2 40362 -0.0115250573 0.5 p-1 -1726216 129
164 11 m2 41506 -0.00600086758 0.5 p-1 -20733 10
86 13 m2 64386 -0.000506143086 0.5 p-1 -3146 20
5 14 m2 64920 -0.000390160887 0.5 p-1 -6113261 1446
6 15 m2 65923 -0.000621750019 0.5 p-1 -5524537 1011
141 16 m2 67398 -6.41197548e-05 0.5 p-1 -371346 62
203 19 m2 76118 -0.0240226164 0.5 p-1 -3890 3
195 20 m2 89852 -0.0041346103 0.5 p-1 -16158 12
135 22 m2 106846 -0.000102107202 0.5 p-1 -726585 345
8 23 m2 128045 -1.46970513e-06 0.5 p-1 -1126670 1232
107 25 m2 130099 -0.00313492119 0.5 p-1 -96128 49
69 26 m2 137024 -0.000103343256 0.5 p-1 -1559245 1413
87 27 m2 139385 -0.000703748723 0.5 p-1 -2375662 403
112 29 m2 141437 -0.0045693079 0.5 p-1 -2356738 507
10 30 m2 144612 -0.0152274566 0.5 p-1 -7106509 725
96 31 m2 147060 -0.0796695426 0.5 p-1 -1269844 250
207 33 m2 148641 -6.49559806e-05 0.5 p-1 -72445 6
122 34 m2 150805 -4.12073359e-06 0.5 p-1 -2381016 99
241 35 m2 154974 -0.0114240684 0.5 p-1 -380902 7
12 36 m2 154988 -0.0102086738 0.5 p-1 -2817187 420
131 37 m2 156988 -0.00150105334 0.5 p-1 -110882 44
13 39 m2 161521 -0.0120836366 0.5 p-1 -3692605 1220
185 40 m2 170189 -0.00507685496 0.5 p-1 -88001 31
54 41 m2 170649 -0.0484165624 0.5 p-1 -5814157 459
118 43 m2 171956 -0.0209244378 0.5 p-1 -790413 154
177 44 m2 172559 -0.0108240796 0.5 p-1 -79440 9
193 45 m2 172775 -1.4902057e-05 0.5 p-1 -100636 10
14 47 m2 181191 -0.0145579241 0.5 p-1 -3818299 955
15 48 m2 181340 -0.00246805092 0.5 p-1 -1191793 1151
202 49 m2 184211 -0.00889651012 0.5 p-1 -105096 8
70 50 m2 198254 -4.09247405e-05 0.5 p-1 -180095 168
160 52 m2 201629 -0.000428470667 0.5 p-1 -32109 7
71 54 m2 209137 -0.00799197517 0.5 p-1 -4529082 986
181 55 m2 209266 -0.016061062 0.5 p-1 -69897 3
218 56 m2 212751 -0.00181885529 0.5 p-1 -44911 4
216 58 m2 226051 -9.12221294e-05 0.5 p-1 -25628 22
88 59 m2 227394 -0.00299290032 0.5 p-1 -312515 202
56 60 m2 231654 -0.032613758 0.5 p-1 -2055407 352
17 61 m2 232458 -0.000316065096 0.5 p-1 -1233865 1317
18 63 m2 252648 -0.0165295061 0.5 p-1 -3759737 1366
97 64 m2 254268 -0.00249786023 0.5 p-1 -3184482 279
19 69 m2 265834 -0.00157048646 0.5 p-1 -3544421 1266
20 70 m2 273806 -0.00154286181 0.5 p-1 -3230867 1011
126 71 m2 275093 -1.44391361e-05 0.5 p-1 -1969217 111
180 72 m2 275137 -0.0145332413 0.5 p-1 -131424 22
57 73 m2 278798 -0.00668193866 0.5 p-1 -1607281 245
113 75 m2 280069 -0.000459232542 0.5 p-1 -427569 127
204 77 m2 281965 -0.00794013776 0.5 p-1 -620861 51
73 78 m2 284355 -0.00736533012 0.5 p-1 -1258512 577
58 79 m2 287957 -0.00509102503 0.5 p-1 -1579756 917
148 80 m2 289472 -0.036242459 0.5 p-1 -737357 118
21 82 m2 293994 -0.00152931875 0.5 p-1 -3296443 1369
120 84 m2 316336 -0.000415604212 0.5 p-1 -165161 62
210 85 m2 321648 -0.000226434437 0.5 p-1 -11191 22
22 86 m2 323993 -0.0147517873 0.5 p-1 -702303 402
157 87 m2 326135 -0.00039672674 0.5 p-1 -172689 22
138 88 m2 326214 -0.00152629009 0.5 p-1 -1531048 34
114 91 m2 333254 -0.00820268318 0.5 p-1 -734526 89
23 92 m2 337108 -0.0107673127 0.5 p-1 -7404197 1186
238 93 m2 337517 -0.00114168646 0.5 p-1 -4740 3
224 95 m2 342251 -0.000110024659 0.5 p-1 -4328 6
74 97 m2 348947 -0.000193689717 0.5 p-1 -7670984 370
59 98 m2 351451 -0.0134342546 0.5 p-1 -5672550 1218
189 99 m2 358126 -0.000483908545 0.5 p-1 -11589 7
108 100 m2 364063 -0.000819455425 0.5 p-1 -2768829 299
75 101 m2 365766 -0.0770608038 0.5 p-1 -1278999 391
109 102 m2 366881 -0.0123287616 0.5 p-1 -132357 200
198 103 m2 368186 -0.000131745619 0.5 p-1 -996138 18
169 105 m2 374462 -0.0216925871 0.5 p-1 -329422 63
250 107 m2 376866 -0.0150636192 0.5 p-1 -1833 6
154 108 m2 380657 -1.77282473e-05 0.5 p-1 -1288846 179
234 109 m2 385324 -0.000835285464 0.5 p-1 -61349 6
83 112 m2 396365 -0.00333755766 0.5 p-1 -2684075 45
25 115 m2 402773 -0.00204716413 0.5 p-1 -1873572 1517
176 116 m2 408260 -0.00721153431 0.5 p-1 -79279 75
147 117 m2 409599 -0.00107076124 0.5 p-1 -2009335 28
236 118 m2 410488 -0.0133841308 0.5 p-1 -1623 4
208 119 m2 410512 -0.0131890858 0.5 p-1 -88038 5
110 120 m2 411678 -0.0014885331 0.5 p-1 -2913765 474
140 121 m2 416418 -0.0355259962 0.5 p-1 -922597 224
257 122 m2 419035 -0.000685475417 0.5 p-1 -13491 2
28 125 m2 440555 -6.43496605e-05 0.5 p-1 -2008714 1415
98 126 m2 440600 -0.000762704469 0.5 p-1 -43909 49
76 127 m2 445158 -0.0040684226 0.5 p-1 -710324 181
60 128 m2 447635 -0.0106786909 0.5 p-1 -3823892 822
89 129 m2 448771 -1.31156241e-07 0.5 p-1 -78369 30
132 130 m2 449060 -0.0123414528 0.5 p-1 -43769 42
212 131 m2 465314 -0.000398047327 0.5 p-1 -23670 8
201 132 m2 468120 -9.38512585e-06 0.5 p-1 -21883 7
232 137 m2 493654 -0.0113639021 0.5 p-1 -78605 7
29 138 m2 497607 -0.00243959972 0.5 p-1 -1137881 821
30 139 m2 505971 -1.35212801e-07 0.5 p-1 -7338462 1774
84 140 m2 513950 -0.00025082659 0.5 p-1 -4000533 416
144 141 m2 518809 -0.0308463313 0.5 p-1 -561616 269
194 143 m2 522484 -0.00443725241 0.5 p-1 -14060 32
31 144 m2 528978 -0.000361010287 0.5 p-1 -4210735 662
115 146 m2 532755 -0.0125451917 0.5 p-1 -274923 107
184 148 m2 546616 -0.0102430368 0.5 p-1 -27287 7
77 149 m2 546749 -0.0224489458 0.5 p-1 -1005604 281
191 150 m2 551522 -0.0152800865 0.5 p-1 -101860 12
253 151 m2 565864 -0.021086935 0.5 p-1 -51921 4
91 153 m2 569763 -0.0564007126 0.5 p-1 -3526924 162
211 154 m2 570525 -0.00206689537 0.5 p-1 -212732 25
252 155 m2 574313 -0.00343609345 0.5 p-1 -2229 5
127 157 m2 582489 -0.000213201522 0.5 p-1 -42478 4
149 158 m2 587150 -2.69290504e-05 0.5 p-1 -30886 6
100 159 m2 596260 -0.000812625338 0.5 p-1 -371101 226
161 161 m2 596536 -0.0135053704 0.5 p-1 -241009 45
61 162 m2 598278 -0.0203983244 0.5 p-1 -4381204 1785
199 163 m2 611640 -0.0133949919 0.5 p-1 -1877 9
145 164 m2 628640 -0.0157646444 0.5 p-1 -72755 60
182 165 m2 630674 -0.000659676327 0.5 p-1 -201359 70
146 166 m2 636347 -0.00450866716 0.5 p-1 -101643 18
237 167 m2 640489 -0.00498476438 0.5 p-1 -2355 3
220 168 m2 642220 -0.000299209176 0.5 p-1 -297404 1
227 169 m2 642484 -0.017343659 0.5 p-1 -13283 6
168 170 m2 642591 -0.0699500144 0.5 p-1 -44981 19
197 171 m2 646056 -5.02848752e-06 0.5 p-1 -90550 9
163 172 m2 646203 -0.00164985878 0.5 p-1 -2214743 42
101 173 m2 647940 -0.00074654998 0.5 p-1 -128059 109
116 175 m2 657070 -0.00358529761 0.5 p-1 -192979 74
123 178 m2 665580 -0.00390136219 0.5 p-1 -41042 64
240 179 m2 665920 -0.0170050394 0.5 p-1 -21153 3
166 180 m2 669627 -0.00279237586 0.5 p-1 -1919413 105
170 181 m2 671075 -0.00141130353 0.5 p-1 -72366 84
36 182 m2 671435 -0.00411666231 0.5 p-1 -384298 303
117 183 m2 675428 -0.0806074217 0.5 p-1 -451414 173
128 185 m2 683738 -0.0176885426 0.5 p-1 -3828701 205
150 187 m2 689082 -0.0275341589 0.5 p-1 -51960 79
162 189 m2 697194 -8.82230743e-05 0.5 p-1 -236483 34
62 190 m2 704673 -0.0114927087 0.5 p-1 -12224647 231
229 191 m2 705940 -0.00254940195 0.5 p-1 -11234 2
173 192 m2 709018 -0.00493902201 0.5 p-1 -92181 17
37 193 m2 733209 -0.0129608037 0.5 p-1 -10897878 683
223 195 m2 748863 -0.00255727326 0.5 p-1 -202076 9
38 196 m2 751635 -0.00454140967 0.5 p-1 -14648137 407
134 198 m2 757098 -1.29076852e-05 0.5 p-1 -3644542 233
192 199 m2 765133 -0.000148420484 0.5 p-1 -95290 22
39 200 m2 773893 -3.86977335e-05 0.5 p-1 -4701848 1217
119 201 m2 783108 -7.03734088e-07 0.5 p-1 -12998650 261
125 202 m2 784797 -0.000341874693 0.5 p-1 -188975 13
200 203 m2 788224 -0.0219940469 0.5 p-1 -19176 8
79 204 m2 789493 -0.00747166993 0.5 p-1 -1327016 371
151 205 m2 789698 -0.0232289825 0.5 p-1 -216508 115
188 207 m2 799143 -0.0106413886 0.5 p-1 -120910 17
92 209 m2 811041 -0.00684872409 0.5 p-1 -1293882 737
41 210 m2 811892 -5.96868313e-06 0.5 p-1 -3399639 873
63 212 m2 822507 -0.00841296464 0.5 p-1 -199939 50
64 213 m2 828029 -0.00544588966 0.5 p-1 -5034854 891
43 214 m2 836502 -0.000170152736 0.5 p-1 -11657742 1379
178 216 m2 839354 -0.0106090978 0.5 p-1 -147723 23
44 217 m2 840453 -3.98374941e-05 0.5 p-1 -164428 131
85 218 m2 841335 -0.00156968588 0.5 p-1 -1816190 386
102 221 m2 850443 -0.00820824876 0.5 p-1 -4126760 453
45 222 m2 851341 -4.83470285e-06 0.5 p-1 -1477397 1385
111 224 m2 861654 -0.00235953135 0.5 p-1 -774516 478
222 225 m2 869005 -0.00527449464 0.5 p-1 -87898 11
258 226 m2 870597 -0.00411492959 0.5 p-1 -4960 1
226 227 m2 875667 -0.000112134163 0.5 p-1 -40430 1
65 229 m2 881357 -0.00311751035 0.5 p-1 -2854064 824
47 231 m2 907201 -0.0797946826 0.5 p-1 -1304150 1333
48 232 m2 907431 -0.00181986776 0.5 p-1 -3212032 1354
231 233 m2 907617 -0.000378680124 0.5 p-1 -29265 6
105 236 m2 935938 -5.46327428e-05 0.5 p-1 -99065 112
136 237 m2 941363 -2.58799082e-06 0.5 p-1 -87071 61
80 238 m2 942380 -4.64333061e-05 0.5 p-1 -5108752 1143
49 239 m2 945934 -0.0166768525 0.5 p-1 -1336062 735
50 242 m2 965627 -0.0143688163 0.5 p-1 -342065 460
190 244 m2 966557 -0.000633661286 0.5 p-1 -89677 16
205 245 m2 973674 -9.44171552e-05 0.5 p-1 -26951 10
94 246 m2 981248 -2.64919581e-05 0.5 p-1 -554039 257
130 247 m2 989279 -0.0517229252 0.5 p-1 -1672136 297
152 248 m2 991612 -0.00187367958 0.5 p-1 -2821580 103
51 249 m2 993448 -0.00695863506 0.5 p-1 -544783 286
139 250 m2 996852 -0.00187238329 0.5 p-1 -854663 366
183 256 m2 705677 -0.0184683874 0.5 p0 2 2
124 259 m2 674295 -0.00133234612 0.5 p0 2 6
196 266 m2 54012 -0.00394084444 0.5 p0 2 6
142 274 m2 544451 -0.00383191463 0.5 p0 2 7
255 280 m2 637488 -0.00422363495 0.5 p0 2 1
217 286 m2 229384 -0.00229963614 0.5 p0 2 5
187 290 m2 486407 -0.000141623255 0.5 p0 2 3
254 295 m2 639282 -4.71446633e-08 0.5 p0 2 2
221 303 m2 697275 -0.000314223784 0.5 p0 2 1
95 306 m1 13544 0 0.5 p-1 -1307845 260
171 307 m1 14679 0 0.5 p-1 -12546 10
81 308 m1 15215 0 0.5 p-1 -34175 35
206 309 m1 28944 0 0.5 p-1 -163076 44
213 310 m1 51470 0 0.5 p-1 -16976 1
225 311 m1 51689 0 0.5 p-1 -8669 5
4 312 m1 63499 0 0.5 p-1 -842162 279
143 313 m1 63935 0 0.5 p-1 -65759 33
82 314 m1 67931 0 0.5 p-1 -4169247 629
137 315 m1 72689 0 0.5 p-1 -1029395 55
106 316 m1 84142 0 0.5 p-1 -875098 157
7 318 m1 127179 0 0.5 p-1 -6372235 1760
9 319 m1 133087 0 0.5 p-1 -9908909 896
172 320 m1 139510 0 0.5 p-1 -45427 16
243 321 m1 142727 0 0.5 p-1 -310 3
235 322 m1 149626 0 0.5 p-1 -12785 13
11 323 m1 150600 0 0.5 p-1 -3095856 797
248 324 m1 159428 0 0.5 p-1 -302818 3
219 325 m1 163002 0 0.5 p-1 -67544 29
165 328 m1 203269 0 0.5 p-1 -5205 19
16 329 m1 203385 0 0.5 p-1 -8923973 1885
55 330 m1 209900 0 0.5 p-1 -1091456 244
167 331 m1 217391 0 0.5 p-1 -131021 45
244 332 m1 221220 0 0.5 p-1 -8313 7
242 335 m1 256251 0 0.5 p-1 -42066 6
72 336 m1 256492 0 0.5 p-1 -2680868 543
246 338 m1 269899 0 0.5 p-1 -3105 1
239 339 m1 285897 0 0.5 p-1 -2044 4
214 340 m1 293253 0 0.5 p-1 -31557 6
186 342 m1 324108 0 0.5 p-1 -110668 7
230 344 m1 356970 0 0.5 p-1 -43908 12
175 345 m1 360248 0 0.5 p-1 -20492 5
24 347 m1 394412 0 0.5 p-1 -1190916 865
26 348 m1 404213 0 0.5 p-1 -22407 38
156 349 m1 405396 0 0.5 p-1 -44442 25
27 350 m1 429927 0 0.5 p-1 -5637792 1370
99 352 m1 484761 0 0.5 p-1 -3734240 112
103 353 m1 488725 0 0.5 p-1 -1609842 528
174 355 m1 531837 0 0.5 p-1 -160838 31
32 357 m1 559658 0 0.5 p-1 -2160574 199
90 358 m1 562380 0 0.5 p-1 -167251 155
133 359 m1 563939 0 0.5 p-1 -222770 89
33 360 m1 565022 0 0.5 p-1 -11166704 811
34 361 m1 570545 0 0.5 p-1 -497563 252
256 363 m1 590721 0 0.5 p-1 -32526 1
247 365 m1 612190 0 0.5 p-1 -1993 3
228 367 m1 654919 0 0.5 p-1 -65699 8
35 368 m1 655069 0 0.5 p-1 -5940017 1308
251 369 m1 655874 0 0.5 p-1 -6076 1
129 371 m1 689198 0 0.5 p-1 -3336165 129
179 374 m1 726326 0 0.5 p-1 -4040581 29
104 375 m1 748116 0 0.5 p-1 -1660708 218
78 376 m1 753890 0 0.5 p-1 -161309 65
40 378 m1 781002 0 0.5 p-1 -3975919 1177
215 380 m1 791348 0 0.5 p-1 -6136 3
158 381 m1 793919 0 0.5 p-1 -1380959 165
121 382 m1 798894 0 0.5 p-1 -3218238 166
155 384 m1 826626 0 0.5 p-1 -123162 27
42 385 m1 826945 0 0.5 p-1 -5545992 1867
209 386 m1 846561 0 0.5 p-1 -33535 15
46 387 m1 870606 0 0.5 p-1 -2243607 1064
245 388 m1 876246 0 0.5 p-1 -472 1
66 390 m1 883672 0 0.5 p-1 -2995809 870
93 392 m1 892539 0 0.5 p-1 -6094372 1100
233 393 m1 917885 0 0.5 p-1 -2643 9
249 394 m1 918381 0 0.5 p-1 -248286 2
159 397 m1 996967 0 0.5 p-1 -126021 66
Individuals:
