Mutations:
0 0 m2 1784 -0.00376188429 0.5 p-1 -95444 65
244 1 m2 3805 -0.00123804982 0.5 p-1 -16112 5
194 2 m2 10504 -0.00415377738 0.5 p-1 -29201 10
74 3 m2 12000 -4.30143446e-05 0.5 p-1 -2007942 627
162 4 m2 18355 -2.25587773e-05 0.5 p-1 -63889 15
1 5 m2 18635 -0.116209738 0.5 p-1 -377518 54
87 6 m2 29027 -0.00049094815 0.5 p-1 -622852 417
2 7 m2 32431 -0.00105191988 0.5 p-1 -6633659 1901
111 8 m2 37252 -0.00722767413 0.5 p-1 -2790069 323
94 10 m2 40362 -0.0115250573 0.5 p-1 -1726216 115
234 11 m2 41506 -0.00600086758 0.5 p-1 -20733 14
229 12 m2 50330 -0.0133372582 0.5 p-1 -5635 1
195 13 m2 64386 -0.000506143086 0.5 p-1 -3146 3
3 14 m2 64920 -0.000390160887 0.5 p-1 -6113261 1246
4 15 m2 65923 -0.000621750019 0.5 p-1 -5524537 1047
152 16 m2 67398 -6.41197548e-05 0.5 p-1 -371346 69
123 20 m2 89852 -0.0041346103 0.5 p-1 -16158 11
88 22 m2 106846 -0.000102107202 0.5 p-1 -726585 298
6 23 m2 128045 -1.46970513e-06 0.5 p-1 -1126670 1149
113 25 m2 130099 -0.00313492119 0.5 p-1 -96128 34
8 26 m2 137024 -0.000103343256 0.5 p-1 -1559245 1363
89 27 m2 139385 -0.000703748723 0.5 p-1 -2375662 434
225 28 m2 140558 -0.000292154786 0.5 p-1 -50512 1
9 29 m2 141437 -0.0045693079 0.5 p-1 -2356738 521
10 30 m2 144612 -0.0152274566 0.5 p-1 -7106509 695
99 31 m2 147060 -0.0796695426 0.5 p-1 -1269844 219
177 32 m2 148582 -0.0124478284 0.5 p-1 -16203 4
277 33 m2 148641 -6.49559806e-05 0.5 p-1 -72445 1
143 34 m2 150805 -4.12073359e-06 0.5 p-1 -2381016 86
78 35 m2 154974 -0.0114240684 0.5 p-1 -380902 30
11 36 m2 154988 -0.0102086738 0.5 p-1 -2817187 329
176 37 m2 156988 -0.00150105334 0.5 p-1 -110882 24
12 39 m2 161521 -0.0120836366 0.5 p-1 -3692605 1369
100 40 m2 170189 -0.00507685496 0.5 p-1 -88001 46
46 41 m2 170649 -0.0484165624 0.5 p-1 -5814157 467
13 43 m2 171956 -0.0209244378 0.5 p-1 -790413 199
184 44 m2 172559 -0.0108240796 0.5 p-1 -79440 11
129 45 m2 172775 -1.4902057e-05 0.5 p-1 -100636 19
47 47 m2 181191 -0.0145579241 0.5 p-1 -3818299 847
14 48 m2 181340 -0.00246805092 0.5 p-1 -1191793 1024
112 49 m2 184211 -0.00889651012 0.5 p-1 -105096 29
101 50 m2 198254 -4.09247405e-05 0.5 p-1 -180095 136
253 52 m2 201629 -0.000428470667 0.5 p-1 -32109 5
272 53 m2 202984 -6.93170841e-06 0.5 p-1 -3683 2
48 54 m2 209137 -0.00799197517 0.5 p-1 -4529082 1049
239 55 m2 209266 -0.016061062 0.5 p-1 -69897 6
228 58 m2 226051 -9.12221294e-05 0.5 p-1 -25628 8
116 59 m2 227394 -0.00299290032 0.5 p-1 -312515 124
62 60 m2 231654 -0.032613758 0.5 p-1 -2055407 341
16 61 m2 232458 -0.000316065096 0.5 p-1 -1233865 1227
17 63 m2 252648 -0.0165295061 0.5 p-1 -3759737 1406
117 64 m2 254268 -0.00249786023 0.5 p-1 -3184482 265
49 69 m2 265834 -0.00157048646 0.5 p-1 -3544421 1265
19 70 m2 273806 -0.00154286181 0.5 p-1 -3230867 991
136 71 m2 275093 -1.44391361e-05 0.5 p-1 -1969217 83
137 72 m2 275137 -0.0145332413 0.5 p-1 -131424 27
102 73 m2 278798 -0.00668193866 0.5 p-1 -1607281 223
96 75 m2 280069 -0.000459232542 0.5 p-1 -427569 182
230 76 m2 281062 -0.0186332017 0.5 p-1 -15600 3
181 77 m2 281965 -0.00794013776 0.5 p-1 -620861 65
20 78 m2 284355 -0.00736533012 0.5 p-1 -1258512 629
50 79 m2 287957 -0.00509102503 0.5 p-1 -1579756 991
90 80 m2 289472 -0.036242459 0.5 p-1 -737357 186
267 81 m2 293922 -0.00100406131 0.5 p-1 -17926 4
21 82 m2 293994 -0.00152931875 0.5 p-1 -3296443 1366
166 84 m2 316336 -0.000415604212 0.5 p-1 -165161 49
254 85 m2 321648 -0.000226434437 0.5 p-1 -11191 3
22 86 m2 323993 -0.0147517873 0.5 p-1 -702303 435
259 87 m2 326135 -0.00039672674 0.5 p-1 -172689 3
215 88 m2 326214 -0.00152629009 0.5 p-1 -1531048 20
252 90 m2 328634 -0.00224823086 0.5 p-1 -175049 2
182 91 m2 333254 -0.00820268318 0.5 p-1 -734526 116
79 92 m2 337108 -0.0107673127 0.5 p-1 -7404197 1080
251 93 m2 337517 -0.00114168646 0.5 p-1 -4740 5
232 95 m2 342251 -0.000110024659 0.5 p-1 -4328 5
103 97 m2 348947 -0.000193689717 0.5 p-1 -7670984 276
23 98 m2 351451 -0.0134342546 0.5 p-1 -5672550 1327
216 99 m2 358126 -0.000483908545 0.5 p-1 -11589 5
107 100 m2 364063 -0.000819455425 0.5 p-1 -2768829 223
118 101 m2 365766 -0.0770608038 0.5 p-1 -1278999 389
91 102 m2 366881 -0.0123287616 0.5 p-1 -132357 190
170 103 m2 368186 -0.000131745619 0.5 p-1 -996138 19
63 105 m2 374462 -0.0216925871 0.5 p-1 -329422 65
238 107 m2 376866 -0.0150636192 0.5 p-1 -1833 7
146 108 m2 380657 -1.77282473e-05 0.5 p-1 -1288846 143
197 109 m2 385324 -0.000835285464 0.5 p-1 -61349 18
207 110 m2 385472 -0.00969035178 0.5 p-1 -21006 4
174 112 m2 396365 -0.00333755766 0.5 p-1 -2684075 64
24 115 m2 402773 -0.00204716413 0.5 p-1 -1873572 1659
124 116 m2 408260 -0.00721153431 0.5 p-1 -79279 97
80 117 m2 409599 -0.00107076124 0.5 p-1 -2009335 88
191 118 m2 410488 -0.0133841308 0.5 p-1 -1623 13
154 119 m2 410512 -0.0131890858 0.5 p-1 -88038 11
92 120 m2 411678 -0.0014885331 0.5 p-1 -2913765 605
163 121 m2 416418 -0.0355259962 0.5 p-1 -922597 252
218 122 m2 419035 -0.000685475417 0.5 p-1 -13491 1
271 124 m2 434171 -0.000734877074 0.5 p-1 -79054 2
52 125 m2 440555 -6.43496605e-05 0.5 p-1 -2008714 1380
144 126 m2 440600 -0.000762704469 0.5 p-1 -43909 60
145 127 m2 445158 -0.0040684226 0.5 p-1 -710324 154
26 128 m2 447635 -0.0106786909 0.5 p-1 -3823892 693
196 129 m2 448771 -1.31156241e-07 0.5 p-1 -78369 49
27 130 m2 449060 -0.0123414528 0.5 p-1 -43769 49
119 131 m2 465314 -0.000398047327 0.5 p-1 -23670 10
28 132 m2 468120 -9.38512585e-06 0.5 p-1 -21883 14
261 136 m2 493505 -0.00193407503 0.5 p-1 -102207 3
198 137 m2 493654 -0.0113639021 0.5 p-1 -78605 19
64 138 m2 497607 -0.00243959972 0.5 p-1 -1137881 898
29 139 m2 505971 -1.35212801e-07 0.5 p-1 -7338462 1841
81 140 m2 513950 -0.00025082659 0.5 p-1 -4000533 430
138 141 m2 518809 -0.0308463313 0.5 p-1 -561616 227
193 143 m2 522484 -0.00443725241 0.5 p-1 -14060 12
30 144 m2 528978 -0.000361010287 0.5 p-1 -4210735 624
160 146 m2 532755 -0.0125451917 0.5 p-1 -274923 116
266 148 m2 546616 -0.0102430368 0.5 p-1 -27287 2
82 149 m2 546749 -0.0224489458 0.5 p-1 -1005604 385
180 150 m2 551522 -0.0152800865 0.5 p-1 -101860 22
178 151 m2 565864 -0.021086935 0.5 p-1 -51921 4
122 153 m2 569763 -0.0564007126 0.5 p-1 -3526924 212
269 154 m2 570525 -0.00206689537 0.5 p-1 -212732 1
237 157 m2 582489 -0.000213201522 0.5 p-1 -42478 1
209 158 m2 587150 -2.69290504e-05 0.5 p-1 -30886 9
127 159 m2 596260 -0.000812625338 0.5 p-1 -371101 207
172 161 m2 596536 -0.0135053704 0.5 p-1 -241009 48
31 162 m2 598278 -0.0203983244 0.5 p-1 -4381204 1793
246 163 m2 611640 -0.0133949919 0.5 p-1 -1877 6
165 164 m2 628640 -0.0157646444 0.5 p-1 -72755 64
150 165 m2 630674 -0.000659676327 0.5 p-1 -201359 57
168 166 m2 636347 -0.00450866716 0.5 p-1 -101643 39
245 167 m2 640489 -0.00498476438 0.5 p-1 -2355 1
247 168 m2 642220 -0.000299209176 0.5 p-1 -297404 4
223 169 m2 642484 -0.017343659 0.5 p-1 -13283 5
108 170 m2 642591 -0.0699500144 0.5 p-1 -44981 30
97 171 m2 646056 -5.02848752e-06 0.5 p-1 -90550 12
217 172 m2 646203 -0.00164985878 0.5 p-1 -2214743 10
171 173 m2 647940 -0.00074654998 0.5 p-1 -128059 63
32 175 m2 657070 -0.00358529761 0.5 p-1 -192979 113
210 176 m2 662681 -0.0103759347 0.5 p-1 -2403 4
227 177 m2 662748 -0.0288454052 0.5 p-1 -31446 5
125 178 m2 665580 -0.00390136219 0.5 p-1 -41042 70
248 179 m2 665920 -0.0170050394 0.5 p-1 -21153 6
164 180 m2 669627 -0.00279237586 0.5 p-1 -1919413 155
76 181 m2 671075 -0.00141130353 0.5 p-1 -72366 86
33 182 m2 671435 -0.00411666231 0.5 p-1 -384298 190
93 183 m2 675428 -0.0806074217 0.5 p-1 -451414 219
34 185 m2 683738 -0.0176885426 0.5 p-1 -3828701 194
158 187 m2 689082 -0.0275341589 0.5 p-1 -51960 58
35 189 m2 697194 -8.82230743e-05 0.5 p-1 -236483 19
109 190 m2 704673 -0.0114927087 0.5 p-1 -12224647 275
235 191 m2 705940 -0.00254940195 0.5 p-1 -11234 4
199 192 m2 709018 -0.00493902201 0.5 p-1 -92181 6
105 193 m2 733209 -0.0129608037 0.5 p-1 -10897878 774
167 195 m2 748863 -0.00255727326 0.5 p-1 -202076 17
55 196 m2 751635 -0.00454140967 0.5 p-1 -14648137 470
159 198 m2 757098 -1.29076852e-05 0.5 p-1 -3644542 299
130 199 m2 765133 -0.000148420484 0.5 p-1 -95290 29
36 200 m2 773893 -3.86977335e-05 0.5 p-1 -4701848 1170
126 201 m2 783108 -7.03734088e-07 0.5 p-1 -12998650 249
148 202 m2 784797 -0.000341874693 0.5 p-1 -188975 16
226 203 m2 788224 -0.0219940469 0.5 p-1 -19176 5
131 204 m2 789493 -0.00747166993 0.5 p-1 -1327016 404
68 205 m2 789698 -0.0232289825 0.5 p-1 -216508 165
84 207 m2 799143 -0.0106413886 0.5 p-1 -120910 55
233 208 m2 805307 -0.000601282227 0.5 p-1 -9912 1
38 209 m2 811041 -0.00684872409 0.5 p-1 -1293882 632
39 210 m2 811892 -5.96868313e-06 0.5 p-1 -3399639 696
212 211 m2 820005 -0.00269338954 0.5 p-1 -15547 8
185 212 m2 822507 -0.00841296464 0.5 p-1 -199939 66
56 213 m2 828029 -0.00544588966 0.5 p-1 -5034854 929
57 214 m2 836502 -0.000170152736 0.5 p-1 -11657742 1363
240 216 m2 839354 -0.0106090978 0.5 p-1 -147723 6
205 217 m2 840453 -3.98374941e-05 0.5 p-1 -164428 65
41 218 m2 841335 -0.00156968588 0.5 p-1 -1816190 335
262 220 m2 850189 -0.0103628049 0.5 p-1 -4798 1
85 221 m2 850443 -0.00820824876 0.5 p-1 -4126760 585
70 222 m2 851341 -4.83470285e-06 0.5 p-1 -1477397 1452
58 224 m2 861654 -0.00235953135 0.5 p-1 -774516 430
189 225 m2 869005 -0.00527449464 0.5 p-1 -87898 15
71 229 m2 881357 -0.00311751035 0.5 p-1 -2854064 835
59 231 m2 907201 -0.0797946826 0.5 p-1 -1304150 1287
60 232 m2 907431 -0.00181986776 0.5 p-1 -3212032 1259
213 233 m2 907617 -0.000378680124 0.5 p-1 -29265 12
175 236 m2 935938 -5.46327428e-05 0.5 p-1 -99065 66
132 237 m2 941363 -2.58799082e-06 0.5 p-1 -87071 39
43 238 m2 942380 -4.64333061e-05 0.5 p-1 -5108752 1237
61 239 m2 945934 -0.0166768525 0.5 p-1 -1336062 713
258 240 m2 959917 -0.00750246784 0.5 p-1 -1445 2
110 242 m2 965627 -0.0143688163 0.5 p-1 -342065 352
224 244 m2 966557 -0.000633661286 0.5 p-1 -89677 4
206 245 m2 973674 -9.44171552e-05 0.5 p-1 -26951 25
133 246 m2 981248 -2.64919581e-05 0.5 p-1 -554039 226
134 247 m2 989279 -0.0517229252 0.5 p-1 -1672136 307
44 248 m2 991612 -0.00187367958 0.5 p-1 -2821580 83
135 249 m2 993448 -0.00695863506 0.5 p-1 -544783 147
45 250 m2 996852 -0.00187238329 0.5 p-1 -854663 369
222 252 m2 117599 -0.0201024469 0.5 p0 2 7
186 255 m2 533981 -6.07611073e-05 0.5 p0 2 1
276 257 m2 283170 -8.30487406e-05 0.5 p0 2 1
220 258 m2 557826 -0.00201113685 0.5 p0 2 5
274 260 m2 307346 -0.00824166462 0.5 p0 2 1
257 266 m2 54012 -0.00394084444 0.5 p0 2 1
264 270 m2 133432 -0.0112841856 0.5 p0 2 3
249 274 m2 544451 -0.00383191463 0.5 p0 2 3
278 278 m2 910936 -0.0328366011 0.5 p0 2 1
208 290 m2 486407 -0.000141623255 0.5 p0 2 2
263 299 m2 717279 -0.000197640416 0.5 p0 2 1
192 302 m2 72556 -0.00769237708 0.5 p0 2 3
173 304 m2 392867 -0.0941338539 0.5 p0 2 8
86 306 m1 13544 0 0.5 p-1 -1307845 267
243 307 m1 14679 0 0.5 p-1 -12546 10
201 308 m1 15215 0 0.5 p-1 -34175 21
155 309 m1 28944 0 0.5 p-1 -163076 81
203 310 m1 51470 0 0.5 p-1 -16976 8
231 311 m1 51689 0 0.5 p-1 -8669 7
106 312 m1 63499 0 0.5 p-1 -842162 217
151 313 m1 63935 0 0.5 p-1 -65759 26
75 314 m1 67931 0 0.5 p-1 -4169247 587
156 315 m1 72689 0 0.5 p-1 -1029395 73
142 316 m1 84142 0 0.5 p-1 -875098 113
5 318 m1 127179 0 0.5 p-1 -6372235 1838
7 319 m1 133087 0 0.5 p-1 -9908909 902
157 320 m1 139510 0 0.5 p-1 -45427 18
242 321 m1 142727 0 0.5 p-1 -310 1
114 322 m1 149626 0 0.5 p-1 -12785 3
95 323 m1 150600 0 0.5 p-1 -3095856 566
219 324 m1 159428 0 0.5 p-1 -302818 9
141 325 m1 163002 0 0.5 p-1 -67544 34
273 326 m1 170923 0 0.5 p-1 -8911 1
255 328 m1 203269 0 0.5 p-1 -5205 5
15 329 m1 203385 0 0.5 p-1 -8923973 1956
153 330 m1 209900 0 0.5 p-1 -1091456 268
115 331 m1 217391 0 0.5 p-1 -131021 80
270 332 m1 221220 0 0.5 p-1 -8313 1
250 333 m1 221665 0 0.5 p-1 -22149 2
275 335 m1 256251 0 0.5 p-1 -42066 1
18 336 m1 256492 0 0.5 p-1 -2680868 463
221 338 m1 269899 0 0.5 p-1 -3105 10
204 340 m1 293253 0 0.5 p-1 -31557 17
161 342 m1 324108 0 0.5 p-1 -110668 8
187 344 m1 356970 0 0.5 p-1 -43908 2
211 345 m1 360248 0 0.5 p-1 -20492 6
51 347 m1 394412 0 0.5 p-1 -1190916 845
214 348 m1 404213 0 0.5 p-1 -22407 3
183 349 m1 405396 0 0.5 p-1 -44442 19
25 350 m1 429927 0 0.5 p-1 -5637792 1321
120 352 m1 484761 0 0.5 p-1 -3734240 144
53 353 m1 488725 0 0.5 p-1 -1609842 547
202 355 m1 531837 0 0.5 p-1 -160838 18
147 357 m1 559658 0 0.5 p-1 -2160574 182
121 358 m1 562380 0 0.5 p-1 -167251 144
65 359 m1 563939 0 0.5 p-1 -222770 94
104 360 m1 565022 0 0.5 p-1 -11166704 818
139 361 m1 570545 0 0.5 p-1 -497563 200
200 363 m1 590721 0 0.5 p-1 -32526 23
241 364 m1 599426 0 0.5 p-1 -15610 7
260 365 m1 612190 0 0.5 p-1 -1993 4
188 366 m1 635574 0 0.5 p-1 -33841 18
169 367 m1 654919 0 0.5 p-1 -65699 27
54 368 m1 655069 0 0.5 p-1 -5940017 1399
190 369 m1 655874 0 0.5 p-1 -6076 8
66 371 m1 689198 0 0.5 p-1 -3336165 154
67 374 m1 726326 0 0.5 p-1 -4040581 15
98 375 m1 748116 0 0.5 p-1 -1660708 242
83 376 m1 753890 0 0.5 p-1 -161309 105
236 377 m1 768995 0 0.5 p-1 -1639 1
37 378 m1 781002 0 0.5 p-1 -3975919 1187
69 381 m1 793919 0 0.5 p-1 -1380959 124
140 382 m1 798894 0 0.5 p-1 -3218238 96
265 383 m1 821503 0 0.5 p-1 -37028 1
179 384 m1 826626 0 0.5 p-1 -123162 12
40 385 m1 826945 0 0.5 p-1 -5545992 1905
42 387 m1 870606 0 0.5 p-1 -2243607 1135
256 389 m1 879917 0 0.5 p-1 -16025 2
72 390 m1 883672 0 0.5 p-1 -2995809 795
73 392 m1 892539 0 0.5 p-1 -6094372 949
268 393 m1 917885 0 0.5 p-1 -2643 1
128 394 m1 918381 0 0.5 p-1 -248286 24
149 395 m1 922625 0 0.5 p-1 -13851 9
77 397 m1 996967 0 0.5 p-1 -126021 77
Individuals:
