Mutations:
98 0 m2 1784 -0.00376188429 0.5 p-1 -95444 83
205 2 m2 10504 -0.00415377738 0.5 p-1 -29201 9
0 3 m2 12000 -4.30143446e-05 0.5 p-1 -2007942 551
89 4 m2 18355 -2.25587773e-05 0.5 p-1 -63889 70
1 5 m2 18635 -0.116209738 0.5 p-1 -377518 97
2 6 m2 29027 -0.00049094815 0.5 p-1 -622852 421
44 7 m2 32431 -0.00105191988 0.5 p-1 -6633659 1893
83 8 m2 37252 -0.00722767413 0.5 p-1 -2790069 290
139 10 m2 40362 -0.0115250573 0.5 p-1 -1726216 158
182 11 m2 41506 -0.00600086758 0.5 p-1 -20733 23
213 12 m2 50330 -0.0133372582 0.5 p-1 -5635 2
68 14 m2 64920 -0.000390160887 0.5 p-1 -6113261 1305
84 15 m2 65923 -0.000621750019 0.5 p-1 -5524537 1031
137 16 m2 67398 -6.41197548e-05 0.5 p-1 -371346 90
227 19 m2 76118 -0.0240226164 0.5 p-1 -3890 2
144 20 m2 89852 -0.0041346103 0.5 p-1 -16158 38
3 22 m2 106846 -0.000102107202 0.5 p-1 -726585 493
85 23 m2 128045 -1.46970513e-06 0.5 p-1 -1126670 1034
188 25 m2 130099 -0.00313492119 0.5 p-1 -96128 64
4 26 m2 137024 -0.000103343256 0.5 p-1 -1559245 1422
101 27 m2 139385 -0.000703748723 0.5 p-1 -2375662 497
46 29 m2 141437 -0.0045693079 0.5 p-1 -2356738 495
47 30 m2 144612 -0.0152274566 0.5 p-1 -7106509 715
71 31 m2 147060 -0.0796695426 0.5 p-1 -1269844 183
204 33 m2 148641 -6.49559806e-05 0.5 p-1 -72445 7
140 34 m2 150805 -4.12073359e-06 0.5 p-1 -2381016 173
234 35 m2 154974 -0.0114240684 0.5 p-1 -380902 9
105 36 m2 154988 -0.0102086738 0.5 p-1 -2817187 380
173 37 m2 156988 -0.00150105334 0.5 p-1 -110882 26
5 39 m2 161521 -0.0120836366 0.5 p-1 -3692605 1290
160 40 m2 170189 -0.00507685496 0.5 p-1 -88001 28
49 41 m2 170649 -0.0484165624 0.5 p-1 -5814157 575
131 43 m2 171956 -0.0209244378 0.5 p-1 -790413 198
147 44 m2 172559 -0.0108240796 0.5 p-1 -79440 5
6 47 m2 181191 -0.0145579241 0.5 p-1 -3818299 947
7 48 m2 181340 -0.00246805092 0.5 p-1 -1191793 1127
221 49 m2 184211 -0.00889651012 0.5 p-1 -105096 15
118 50 m2 198254 -4.09247405e-05 0.5 p-1 -180095 68
253 52 m2 201629 -0.000428470667 0.5 p-1 -32109 2
9 54 m2 209137 -0.00799197517 0.5 p-1 -4529082 973
211 55 m2 209266 -0.016061062 0.5 p-1 -69897 6
184 56 m2 212751 -0.00181885529 0.5 p-1 -44911 7
235 57 m2 223881 -0.00639757235 0.5 p-1 -248065 6
224 58 m2 226051 -9.12221294e-05 0.5 p-1 -25628 14
119 59 m2 227394 -0.00299290032 0.5 p-1 -312515 83
10 60 m2 231654 -0.032613758 0.5 p-1 -2055407 373
11 61 m2 232458 -0.000316065096 0.5 p-1 -1233865 1204
12 63 m2 252648 -0.0165295061 0.5 p-1 -3759737 1308
13 64 m2 254268 -0.00249786023 0.5 p-1 -3184482 237
14 69 m2 265834 -0.00157048646 0.5 p-1 -3544421 1283
51 70 m2 273806 -0.00154286181 0.5 p-1 -3230867 838
124 71 m2 275093 -1.44391361e-05 0.5 p-1 -1969217 87
209 72 m2 275137 -0.0145332413 0.5 p-1 -131424 8
112 73 m2 278798 -0.00668193866 0.5 p-1 -1607281 184
125 75 m2 280069 -0.000459232542 0.5 p-1 -427569 133
134 76 m2 281062 -0.0186332017 0.5 p-1 -15600 12
200 77 m2 281965 -0.00794013776 0.5 p-1 -620861 32
73 78 m2 284355 -0.00736533012 0.5 p-1 -1258512 676
15 79 m2 287957 -0.00509102503 0.5 p-1 -1579756 1051
106 80 m2 289472 -0.036242459 0.5 p-1 -737357 178
74 82 m2 293994 -0.00152931875 0.5 p-1 -3296443 1250
52 84 m2 316336 -0.000415604212 0.5 p-1 -165161 74
243 85 m2 321648 -0.000226434437 0.5 p-1 -11191 2
75 86 m2 323993 -0.0147517873 0.5 p-1 -702303 358
247 87 m2 326135 -0.00039672674 0.5 p-1 -172689 3
196 88 m2 326214 -0.00152629009 0.5 p-1 -1531048 10
230 90 m2 328634 -0.00224823086 0.5 p-1 -175049 4
164 91 m2 333254 -0.00820268318 0.5 p-1 -734526 123
16 92 m2 337108 -0.0107673127 0.5 p-1 -7404197 1085
244 95 m2 342251 -0.000110024659 0.5 p-1 -4328 2
107 97 m2 348947 -0.000193689717 0.5 p-1 -7670984 253
53 98 m2 351451 -0.0134342546 0.5 p-1 -5672550 1333
206 99 m2 358126 -0.000483908545 0.5 p-1 -11589 6
108 100 m2 364063 -0.000819455425 0.5 p-1 -2768829 184
54 101 m2 365766 -0.0770608038 0.5 p-1 -1278999 332
116 102 m2 366881 -0.0123287616 0.5 p-1 -132357 110
183 103 m2 368186 -0.000131745619 0.5 p-1 -996138 45
145 105 m2 374462 -0.0216925871 0.5 p-1 -329422 78
120 107 m2 376866 -0.0150636192 0.5 p-1 -1833 1
126 108 m2 380657 -1.77282473e-05 0.5 p-1 -1288846 253
201 109 m2 385324 -0.000835285464 0.5 p-1 -61349 7
199 110 m2 385472 -0.00969035178 0.5 p-1 -21006 5
109 112 m2 396365 -0.00333755766 0.5 p-1 -2684075 105
55 115 m2 402773 -0.00204716413 0.5 p-1 -1873572 1626
208 116 m2 408260 -0.00721153431 0.5 p-1 -79279 64
113 117 m2 409599 -0.00107076124 0.5 p-1 -2009335 47
246 118 m2 410488 -0.0133841308 0.5 p-1 -1623 1
223 119 m2 410512 -0.0131890858 0.5 p-1 -88038 8
56 120 m2 411678 -0.0014885331 0.5 p-1 -2913765 526
128 121 m2 416418 -0.0355259962 0.5 p-1 -922597 209
236 122 m2 419035 -0.000685475417 0.5 p-1 -13491 3
19 125 m2 440555 -6.43496605e-05 0.5 p-1 -2008714 1542
90 126 m2 440600 -0.000762704469 0.5 p-1 -43909 70
20 127 m2 445158 -0.0040684226 0.5 p-1 -710324 194
21 128 m2 447635 -0.0106786909 0.5 p-1 -3823892 665
174 129 m2 448771 -1.31156241e-07 0.5 p-1 -78369 7
218 130 m2 449060 -0.0123414528 0.5 p-1 -43769 50
197 131 m2 465314 -0.000398047327 0.5 p-1 -23670 11
229 132 m2 468120 -9.38512585e-06 0.5 p-1 -21883 17
225 135 m2 491908 -0.000513100997 0.5 p-1 -6602 6
186 136 m2 493505 -0.00193407503 0.5 p-1 -102207 9
167 137 m2 493654 -0.0113639021 0.5 p-1 -78605 7
23 138 m2 497607 -0.00243959972 0.5 p-1 -1137881 779
24 139 m2 505971 -1.35212801e-07 0.5 p-1 -7338462 1760
129 140 m2 513950 -0.00025082659 0.5 p-1 -4000533 270
158 141 m2 518809 -0.0308463313 0.5 p-1 -561616 149
203 143 m2 522484 -0.00443725241 0.5 p-1 -14060 7
25 144 m2 528978 -0.000361010287 0.5 p-1 -4210735 643
57 146 m2 532755 -0.0125451917 0.5 p-1 -274923 157
189 147 m2 537490 -0.0027691992 0.5 p-1 -65158 34
202 148 m2 546616 -0.0102430368 0.5 p-1 -27287 2
92 149 m2 546749 -0.0224489458 0.5 p-1 -1005604 395
141 150 m2 551522 -0.0152800865 0.5 p-1 -101860 22
239 151 m2 565864 -0.021086935 0.5 p-1 -51921 8
86 153 m2 569763 -0.0564007126 0.5 p-1 -3526924 275
181 154 m2 570525 -0.00206689537 0.5 p-1 -212732 5
190 158 m2 587150 -2.69290504e-05 0.5 p-1 -30886 5
152 159 m2 596260 -0.000812625338 0.5 p-1 -371101 187
102 161 m2 596536 -0.0135053704 0.5 p-1 -241009 111
27 162 m2 598278 -0.0203983244 0.5 p-1 -4381204 1748
110 164 m2 628640 -0.0157646444 0.5 p-1 -72755 50
172 165 m2 630674 -0.000659676327 0.5 p-1 -201359 93
87 166 m2 636347 -0.00450866716 0.5 p-1 -101643 61
241 167 m2 640489 -0.00498476438 0.5 p-1 -2355 2
231 168 m2 642220 -0.000299209176 0.5 p-1 -297404 12
185 169 m2 642484 -0.017343659 0.5 p-1 -13283 10
163 170 m2 642591 -0.0699500144 0.5 p-1 -44981 35
226 171 m2 646056 -5.02848752e-06 0.5 p-1 -90550 7
114 172 m2 646203 -0.00164985878 0.5 p-1 -2214743 23
76 173 m2 647940 -0.00074654998 0.5 p-1 -128059 54
153 175 m2 657070 -0.00358529761 0.5 p-1 -192979 120
191 177 m2 662748 -0.0288454052 0.5 p-1 -31446 6
187 178 m2 665580 -0.00390136219 0.5 p-1 -41042 47
195 179 m2 665920 -0.0170050394 0.5 p-1 -21153 23
60 180 m2 669627 -0.00279237586 0.5 p-1 -1919413 199
127 181 m2 671075 -0.00141130353 0.5 p-1 -72366 99
103 182 m2 671435 -0.00411666231 0.5 p-1 -384298 247
121 183 m2 675428 -0.0806074217 0.5 p-1 -451414 219
61 185 m2 683738 -0.0176885426 0.5 p-1 -3828701 273
135 187 m2 689082 -0.0275341589 0.5 p-1 -51960 57
175 189 m2 697194 -8.82230743e-05 0.5 p-1 -236483 40
63 190 m2 704673 -0.0114927087 0.5 p-1 -12224647 245
249 191 m2 705940 -0.00254940195 0.5 p-1 -11234 1
168 192 m2 709018 -0.00493902201 0.5 p-1 -92181 26
29 193 m2 733209 -0.0129608037 0.5 p-1 -10897878 663
159 195 m2 748863 -0.00255727326 0.5 p-1 -202076 46
88 196 m2 751635 -0.00454140967 0.5 p-1 -14648137 363
132 198 m2 757098 -1.29076852e-05 0.5 p-1 -3644542 201
30 199 m2 765133 -0.000148420484 0.5 p-1 -95290 44
31 200 m2 773893 -3.86977335e-05 0.5 p-1 -4701848 1233
64 201 m2 783108 -7.03734088e-07 0.5 p-1 -12998650 374
233 202 m2 784797 -0.000341874693 0.5 p-1 -188975 4
177 203 m2 788224 -0.0219940469 0.5 p-1 -19176 11
33 204 m2 789493 -0.00747166993 0.5 p-1 -1327016 446
94 205 m2 789698 -0.0232289825 0.5 p-1 -216508 82
157 207 m2 799143 -0.0106413886 0.5 p-1 -120910 21
77 209 m2 811041 -0.00684872409 0.5 p-1 -1293882 579
78 210 m2 811892 -5.96868313e-06 0.5 p-1 -3399639 620
217 211 m2 820005 -0.00269338954 0.5 p-1 -15547 12
210 212 m2 822507 -0.00841296464 0.5 p-1 -199939 25
35 213 m2 828029 -0.00544588966 0.5 p-1 -5034854 768
36 214 m2 836502 -0.000170152736 0.5 p-1 -11657742 1403
165 216 m2 839354 -0.0106090978 0.5 p-1 -147723 22
150 217 m2 840453 -3.98374941e-05 0.5 p-1 -164428 90
37 218 m2 841335 -0.00156968588 0.5 p-1 -1816190 330
252 220 m2 850189 -0.0103628049 0.5 p-1 -4798 1
79 221 m2 850443 -0.00820824876 0.5 p-1 -4126760 544
38 222 m2 851341 -4.83470285e-06 0.5 p-1 -1477397 1454
96 224 m2 861654 -0.00235953135 0.5 p-1 -774516 505
176 225 m2 869005 -0.00527449464 0.5 p-1 -87898 29
242 228 m2 880341 -0.0134578785 0.5 p-1 -28083 4
40 229 m2 881357 -0.00311751035 0.5 p-1 -2854064 907
66 231 m2 907201 -0.0797946826 0.5 p-1 -1304150 1267
67 232 m2 907431 -0.00181986776 0.5 p-1 -3212032 1246
245 233 m2 907617 -0.000378680124 0.5 p-1 -29265 2
148 236 m2 935938 -5.46327428e-05 0.5 p-1 -99065 83
149 237 m2 941363 -2.58799082e-06 0.5 p-1 -87071 33
42 238 m2 942380 -4.64333061e-05 0.5 p-1 -5108752 1181
43 239 m2 945934 -0.0166768525 0.5 p-1 -1336062 702
80 242 m2 965627 -0.0143688163 0.5 p-1 -342065 348
248 243 m2 966052 -0.0222477335 0.5 p-1 -1503698 2
178 244 m2 966557 -0.000633661286 0.5 p-1 -89677 17
207 245 m2 973674 -9.44171552e-05 0.5 p-1 -26951 25
123 246 m2 981248 -2.64919581e-05 0.5 p-1 -554039 165
115 247 m2 989279 -0.0517229252 0.5 p-1 -1672136 312
171 248 m2 991612 -0.00187367958 0.5 p-1 -2821580 116
97 249 m2 993448 -0.00695863506 0.5 p-1 -544783 184
104 250 m2 996852 -0.00187238329 0.5 p-1 -854663 340
232 255 m2 533981 -6.07611073e-05 0.5 p0 2 3
219 264 m2 711795 -0.00168623391 0.5 p0 2 2
237 265 m2 615046 -5.04348634e-07 0.5 p0 2 4
146 277 m2 699947 -4.56157031e-05 0.5 p0 2 1
255 281 m2 472456 -0.00259265699 0.5 p0 2 2
194 286 m2 229384 -0.00229963614 0.5 p0 2 6
151 301 m2 84070 -0.0114381528 0.5 p0 2 9
82 306 m1 13544 0 0.5 p-1 -1307845 213
111 307 m1 14679 0 0.5 p-1 -12546 6
215 308 m1 15215 0 0.5 p-1 -34175 14
156 309 m1 28944 0 0.5 p-1 -163076 39
212 310 m1 51470 0 0.5 p-1 -16976 9
130 312 m1 63499 0 0.5 p-1 -842162 178
136 313 m1 63935 0 0.5 p-1 -65759 39
69 314 m1 67931 0 0.5 p-1 -4169247 665
99 315 m1 72689 0 0.5 p-1 -1029395 76
100 316 m1 84142 0 0.5 p-1 -875098 106
45 318 m1 127179 0 0.5 p-1 -6372235 1728
70 319 m1 133087 0 0.5 p-1 -9908909 868
161 320 m1 139510 0 0.5 p-1 -45427 20
48 323 m1 150600 0 0.5 p-1 -3095856 652
138 324 m1 159428 0 0.5 p-1 -302818 13
198 325 m1 163002 0 0.5 p-1 -67544 50
256 326 m1 170923 0 0.5 p-1 -8911 1
8 329 m1 203385 0 0.5 p-1 -8923973 1887
50 330 m1 209900 0 0.5 p-1 -1091456 246
162 331 m1 217391 0 0.5 p-1 -131021 60
222 333 m1 221665 0 0.5 p-1 -22149 2
179 335 m1 256251 0 0.5 p-1 -42066 15
72 336 m1 256492 0 0.5 p-1 -2680868 394
238 338 m1 269899 0 0.5 p-1 -3105 1
228 340 m1 293253 0 0.5 p-1 -31557 13
250 342 m1 324108 0 0.5 p-1 -110668 1
170 343 m1 355676 0 0.5 p-1 -38642 4
169 345 m1 360248 0 0.5 p-1 -20492 31
17 347 m1 394412 0 0.5 p-1 -1190916 790
254 348 m1 404213 0 0.5 p-1 -22407 1
192 349 m1 405396 0 0.5 p-1 -44442 9
18 350 m1 429927 0 0.5 p-1 -5637792 1474
91 352 m1 484761 0 0.5 p-1 -3734240 169
22 353 m1 488725 0 0.5 p-1 -1609842 607
155 355 m1 531837 0 0.5 p-1 -160838 20
26 357 m1 559658 0 0.5 p-1 -2160574 215
117 358 m1 562380 0 0.5 p-1 -167251 189
154 359 m1 563939 0 0.5 p-1 -222770 125
58 360 m1 565022 0 0.5 p-1 -11166704 823
59 361 m1 570545 0 0.5 p-1 -497563 232
180 363 m1 590721 0 0.5 p-1 -32526 17
142 364 m1 599426 0 0.5 p-1 -15610 6
216 365 m1 612190 0 0.5 p-1 -1993 10
251 366 m1 635574 0 0.5 p-1 -33841 2
220 367 m1 654919 0 0.5 p-1 -65699 9
28 368 m1 655069 0 0.5 p-1 -5940017 1379
166 370 m1 681689 0 0.5 p-1 -6680 6
62 371 m1 689198 0 0.5 p-1 -3336165 219
93 374 m1 726326 0 0.5 p-1 -4040581 22
122 375 m1 748116 0 0.5 p-1 -1660708 219
133 376 m1 753890 0 0.5 p-1 -161309 154
214 377 m1 768995 0 0.5 p-1 -1639 3
32 378 m1 781002 0 0.5 p-1 -3975919 1225
240 380 m1 791348 0 0.5 p-1 -6136 4
95 381 m1 793919 0 0.5 p-1 -1380959 78
143 382 m1 798894 0 0.5 p-1 -3218238 144
193 384 m1 826626 0 0.5 p-1 -123162 8
34 385 m1 826945 0 0.5 p-1 -5545992 1870
39 387 m1 870606 0 0.5 p-1 -2243607 1210
65 390 m1 883672 0 0.5 p-1 -2995809 841
41 392 m1 892539 0 0.5 p-1 -6094372 952
81 397 m1 996967 0 0.5 p-1 -126021 59
Individuals:
