Mutations:
118 0 m2 1784 -0.00376188429 0.5 p-1 -95444 84
211 1 m2 3805 -0.00123804982 0.5 p-1 -16112 11
247 2 m2 10504 -0.00415377738 0.5 p-1 -29201 5
86 3 m2 12000 -4.30143446e-05 0.5 p-1 -2007942 555
168 4 m2 18355 -2.25587773e-05 0.5 p-1 -63889 22
170 5 m2 18635 -0.116209738 0.5 p-1 -377518 72
77 6 m2 29027 -0.00049094815 0.5 p-1 -622852 437
1 7 m2 32431 -0.00105191988 0.5 p-1 -6633659 1920
2 8 m2 37252 -0.00722767413 0.5 p-1 -2790069 343
180 10 m2 40362 -0.0115250573 0.5 p-1 -1726216 134
94 11 m2 41506 -0.00600086758 0.5 p-1 -20733 2
163 12 m2 50330 -0.0133372582 0.5 p-1 -5635 4
3 14 m2 64920 -0.000390160887 0.5 p-1 -6113261 1474
4 15 m2 65923 -0.000621750019 0.5 p-1 -5524537 1094
111 16 m2 67398 -6.41197548e-05 0.5 p-1 -371346 62
87 19 m2 76118 -0.0240226164 0.5 p-1 -3890 7
190 20 m2 89852 -0.0041346103 0.5 p-1 -16158 22
100 22 m2 106846 -0.000102107202 0.5 p-1 -726585 350
53 23 m2 128045 -1.46970513e-06 0.5 p-1 -1126670 1028
182 25 m2 130099 -0.00313492119 0.5 p-1 -96128 26
8 26 m2 137024 -0.000103343256 0.5 p-1 -1559245 1411
9 27 m2 139385 -0.000703748723 0.5 p-1 -2375662 461
10 29 m2 141437 -0.0045693079 0.5 p-1 -2356738 477
11 30 m2 144612 -0.0152274566 0.5 p-1 -7106509 660
155 31 m2 147060 -0.0796695426 0.5 p-1 -1269844 242
263 33 m2 148641 -6.49559806e-05 0.5 p-1 -72445 4
127 34 m2 150805 -4.12073359e-06 0.5 p-1 -2381016 126
251 35 m2 154974 -0.0114240684 0.5 p-1 -380902 5
88 36 m2 154988 -0.0102086738 0.5 p-1 -2817187 423
137 37 m2 156988 -0.00150105334 0.5 p-1 -110882 65
12 39 m2 161521 -0.0120836366 0.5 p-1 -3692605 1341
221 40 m2 170189 -0.00507685496 0.5 p-1 -88001 40
13 41 m2 170649 -0.0484165624 0.5 p-1 -5814157 513
104 43 m2 171956 -0.0209244378 0.5 p-1 -790413 177
193 44 m2 172559 -0.0108240796 0.5 p-1 -79440 11
236 45 m2 172775 -1.4902057e-05 0.5 p-1 -100636 5
54 47 m2 181191 -0.0145579241 0.5 p-1 -3818299 972
55 48 m2 181340 -0.00246805092 0.5 p-1 -1191793 1171
197 49 m2 184211 -0.00889651012 0.5 p-1 -105096 14
56 50 m2 198254 -4.09247405e-05 0.5 p-1 -180095 98
271 52 m2 201629 -0.000428470667 0.5 p-1 -32109 1
15 54 m2 209137 -0.00799197517 0.5 p-1 -4529082 939
248 55 m2 209266 -0.016061062 0.5 p-1 -69897 1
80 56 m2 212751 -0.00181885529 0.5 p-1 -44911 7
234 58 m2 226051 -9.12221294e-05 0.5 p-1 -25628 4
69 59 m2 227394 -0.00299290032 0.5 p-1 -312515 137
16 60 m2 231654 -0.032613758 0.5 p-1 -2055407 420
17 61 m2 232458 -0.000316065096 0.5 p-1 -1233865 1310
18 63 m2 252648 -0.0165295061 0.5 p-1 -3759737 1456
141 64 m2 254268 -0.00249786023 0.5 p-1 -3184482 276
19 69 m2 265834 -0.00157048646 0.5 p-1 -3544421 1341
70 70 m2 273806 -0.00154286181 0.5 p-1 -3230867 991
179 71 m2 275093 -1.44391361e-05 0.5 p-1 -1969217 101
192 72 m2 275137 -0.0145332413 0.5 p-1 -131424 34
95 73 m2 278798 -0.00668193866 0.5 p-1 -1607281 183
183 75 m2 280069 -0.000459232542 0.5 p-1 -427569 118
177 76 m2 281062 -0.0186332017 0.5 p-1 -15600 2
89 77 m2 281965 -0.00794013776 0.5 p-1 -620861 45
58 78 m2 284355 -0.00736533012 0.5 p-1 -1258512 656
20 79 m2 287957 -0.00509102503 0.5 p-1 -1579756 929
119 80 m2 289472 -0.036242459 0.5 p-1 -737357 206
21 82 m2 293994 -0.00152931875 0.5 p-1 -3296443 1264
254 83 m2 295520 -0.02636021 0.5 p-1 -6360 2
22 84 m2 316336 -0.000415604212 0.5 p-1 -165161 77
220 85 m2 321648 -0.000226434437 0.5 p-1 -11191 3
59 86 m2 323993 -0.0147517873 0.5 p-1 -702303 459
162 87 m2 326135 -0.00039672674 0.5 p-1 -172689 8
101 88 m2 326214 -0.00152629009 0.5 p-1 -1531048 52
132 90 m2 328634 -0.00224823086 0.5 p-1 -175049 15
176 91 m2 333254 -0.00820268318 0.5 p-1 -734526 122
23 92 m2 337108 -0.0107673127 0.5 p-1 -7404197 1068
166 93 m2 337517 -0.00114168646 0.5 p-1 -4740 13
96 97 m2 348947 -0.000193689717 0.5 p-1 -7670984 315
90 98 m2 351451 -0.0134342546 0.5 p-1 -5672550 1300
150 99 m2 358126 -0.000483908545 0.5 p-1 -11589 27
71 100 m2 364063 -0.000819455425 0.5 p-1 -2768829 257
97 101 m2 365766 -0.0770608038 0.5 p-1 -1278999 317
105 102 m2 366881 -0.0123287616 0.5 p-1 -132357 191
225 103 m2 368186 -0.000131745619 0.5 p-1 -996138 9
158 105 m2 374462 -0.0216925871 0.5 p-1 -329422 100
138 108 m2 380657 -1.77282473e-05 0.5 p-1 -1288846 154
231 109 m2 385324 -0.000835285464 0.5 p-1 -61349 5
200 110 m2 385472 -0.00969035178 0.5 p-1 -21006 13
145 112 m2 396365 -0.00333755766 0.5 p-1 -2684075 50
25 115 m2 402773 -0.00204716413 0.5 p-1 -1873572 1513
81 116 m2 408260 -0.00721153431 0.5 p-1 -79279 63
198 117 m2 409599 -0.00107076124 0.5 p-1 -2009335 51
160 118 m2 410488 -0.0133841308 0.5 p-1 -1623 7
82 120 m2 411678 -0.0014885331 0.5 p-1 -2913765 529
133 121 m2 416418 -0.0355259962 0.5 p-1 -922597 249
241 122 m2 419035 -0.000685475417 0.5 p-1 -13491 2
202 124 m2 434171 -0.000734877074 0.5 p-1 -79054 5
27 125 m2 440555 -6.43496605e-05 0.5 p-1 -2008714 1415
128 126 m2 440600 -0.000762704469 0.5 p-1 -43909 72
60 127 m2 445158 -0.0040684226 0.5 p-1 -710324 241
28 128 m2 447635 -0.0106786909 0.5 p-1 -3823892 863
249 129 m2 448771 -1.31156241e-07 0.5 p-1 -78369 11
139 130 m2 449060 -0.0123414528 0.5 p-1 -43769 54
207 131 m2 465314 -0.000398047327 0.5 p-1 -23670 8
169 132 m2 468120 -9.38512585e-06 0.5 p-1 -21883 29
239 135 m2 491908 -0.000513100997 0.5 p-1 -6602 9
260 136 m2 493505 -0.00193407503 0.5 p-1 -102207 9
228 137 m2 493654 -0.0113639021 0.5 p-1 -78605 5
30 138 m2 497607 -0.00243959972 0.5 p-1 -1137881 880
31 139 m2 505971 -1.35212801e-07 0.5 p-1 -7338462 1861
83 140 m2 513950 -0.00025082659 0.5 p-1 -4000533 468
32 141 m2 518809 -0.0308463313 0.5 p-1 -561616 256
134 143 m2 522484 -0.00443725241 0.5 p-1 -14060 29
84 144 m2 528978 -0.000361010287 0.5 p-1 -4210735 685
194 146 m2 532755 -0.0125451917 0.5 p-1 -274923 105
229 147 m2 537490 -0.0027691992 0.5 p-1 -65158 14
72 149 m2 546749 -0.0224489458 0.5 p-1 -1005604 354
120 150 m2 551522 -0.0152800865 0.5 p-1 -101860 56
184 151 m2 565864 -0.021086935 0.5 p-1 -51921 12
114 153 m2 569763 -0.0564007126 0.5 p-1 -3526924 171
124 154 m2 570525 -0.00206689537 0.5 p-1 -212732 23
213 155 m2 574313 -0.00343609345 0.5 p-1 -2229 2
215 157 m2 582489 -0.000213201522 0.5 p-1 -42478 6
258 158 m2 587150 -2.69290504e-05 0.5 p-1 -30886 3
106 159 m2 596260 -0.000812625338 0.5 p-1 -371101 204
212 161 m2 596536 -0.0135053704 0.5 p-1 -241009 21
34 162 m2 598278 -0.0203983244 0.5 p-1 -4381204 1769
238 163 m2 611640 -0.0133949919 0.5 p-1 -1877 5
159 164 m2 628640 -0.0157646444 0.5 p-1 -72755 43
153 165 m2 630674 -0.000659676327 0.5 p-1 -201359 74
196 166 m2 636347 -0.00450866716 0.5 p-1 -101643 46
199 167 m2 640489 -0.00498476438 0.5 p-1 -2355 12
151 170 m2 642591 -0.0699500144 0.5 p-1 -44981 54
230 171 m2 646056 -5.02848752e-06 0.5 p-1 -90550 23
259 172 m2 646203 -0.00164985878 0.5 p-1 -2214743 9
107 173 m2 647940 -0.00074654998 0.5 p-1 -128059 71
91 175 m2 657070 -0.00358529761 0.5 p-1 -192979 73
171 178 m2 665580 -0.00390136219 0.5 p-1 -41042 58
204 179 m2 665920 -0.0170050394 0.5 p-1 -21153 14
152 180 m2 669627 -0.00279237586 0.5 p-1 -1919413 159
115 181 m2 671075 -0.00141130353 0.5 p-1 -72366 96
167 182 m2 671435 -0.00411666231 0.5 p-1 -384298 212
130 183 m2 675428 -0.0806074217 0.5 p-1 -451414 196
102 185 m2 683738 -0.0176885426 0.5 p-1 -3828701 247
103 187 m2 689082 -0.0275341589 0.5 p-1 -51960 59
195 189 m2 697194 -8.82230743e-05 0.5 p-1 -236483 53
122 190 m2 704673 -0.0114927087 0.5 p-1 -12224647 250
203 191 m2 705940 -0.00254940195 0.5 p-1 -11234 4
174 192 m2 709018 -0.00493902201 0.5 p-1 -92181 8
36 193 m2 733209 -0.0129608037 0.5 p-1 -10897878 662
242 194 m2 734075 -0.00386257493 0.5 p-1 -3763 4
147 195 m2 748863 -0.00255727326 0.5 p-1 -202076 26
92 196 m2 751635 -0.00454140967 0.5 p-1 -14648137 394
154 198 m2 757098 -1.29076852e-05 0.5 p-1 -3644542 270
85 199 m2 765133 -0.000148420484 0.5 p-1 -95290 65
63 200 m2 773893 -3.86977335e-05 0.5 p-1 -4701848 1166
37 201 m2 783108 -7.03734088e-07 0.5 p-1 -12998650 306
210 202 m2 784797 -0.000341874693 0.5 p-1 -188975 9
38 204 m2 789493 -0.00747166993 0.5 p-1 -1327016 436
64 205 m2 789698 -0.0232289825 0.5 p-1 -216508 118
156 207 m2 799143 -0.0106413886 0.5 p-1 -120910 43
39 209 m2 811041 -0.00684872409 0.5 p-1 -1293882 610
40 210 m2 811892 -5.96868313e-06 0.5 p-1 -3399639 684
209 211 m2 820005 -0.00269338954 0.5 p-1 -15547 7
189 212 m2 822507 -0.00841296464 0.5 p-1 -199939 81
93 213 m2 828029 -0.00544588966 0.5 p-1 -5034854 871
42 214 m2 836502 -0.000170152736 0.5 p-1 -11657742 1449
157 216 m2 839354 -0.0106090978 0.5 p-1 -147723 36
161 217 m2 840453 -3.98374941e-05 0.5 p-1 -164428 69
117 218 m2 841335 -0.00156968588 0.5 p-1 -1816190 378
268 220 m2 850189 -0.0103628049 0.5 p-1 -4798 1
65 221 m2 850443 -0.00820824876 0.5 p-1 -4126760 545
66 222 m2 851341 -4.83470285e-06 0.5 p-1 -1477397 1341
43 224 m2 861654 -0.00235953135 0.5 p-1 -774516 593
142 225 m2 869005 -0.00527449464 0.5 p-1 -87898 21
256 226 m2 870597 -0.00411492959 0.5 p-1 -4960 4
233 227 m2 875667 -0.000112134163 0.5 p-1 -40430 6
255 228 m2 880341 -0.0134578785 0.5 p-1 -28083 10
45 229 m2 881357 -0.00311751035 0.5 p-1 -2854064 850
48 231 m2 907201 -0.0797946826 0.5 p-1 -1304150 1235
49 232 m2 907431 -0.00181986776 0.5 p-1 -3212032 1228
131 236 m2 935938 -5.46327428e-05 0.5 p-1 -99065 96
187 237 m2 941363 -2.58799082e-06 0.5 p-1 -87071 74
67 238 m2 942380 -4.64333061e-05 0.5 p-1 -5108752 1218
50 239 m2 945934 -0.0166768525 0.5 p-1 -1336062 792
172 240 m2 959917 -0.00750246784 0.5 p-1 -1445 10
135 242 m2 965627 -0.0143688163 0.5 p-1 -342065 331
206 243 m2 966052 -0.0222477335 0.5 p-1 -1503698 6
175 244 m2 966557 -0.000633661286 0.5 p-1 -89677 10
219 245 m2 973674 -9.44171552e-05 0.5 p-1 -26951 7
136 246 m2 981248 -2.64919581e-05 0.5 p-1 -554039 177
98 247 m2 989279 -0.0517229252 0.5 p-1 -1672136 301
125 248 m2 991612 -0.00187367958 0.5 p-1 -2821580 155
188 249 m2 993448 -0.00695863506 0.5 p-1 -544783 171
99 250 m2 996852 -0.00187238329 0.5 p-1 -854663 411
240 256 m2 705677 -0.0184683874 0.5 p0 2 1
250 257 m2 283170 -8.30487406e-05 0.5 p0 2 4
267 259 m2 674295 -0.00133234612 0.5 p0 2 1
232 261 m2 548179 -0.000194148684 0.5 p0 2 7
191 266 m2 54012 -0.00394084444 0.5 p0 2 7
173 273 m2 615913 -0.00247224909 0.5 p0 2 4
273 274 m2 544451 -0.00383191463 0.5 p0 2 1
224 278 m2 910936 -0.0328366011 0.5 p0 2 5
270 280 m2 637488 -0.00422363495 0.5 p0 2 1
214 286 m2 229384 -0.00229963614 0.5 p0 2 3
262 289 m2 135467 -0.000127262843 0.5 p0 2 2
261 292 m2 376056 -0.000363263156 0.5 p0 2 2
217 294 m2 469867 -0.0357050076 0.5 p0 2 4
269 301 m2 84070 -0.0114381528 0.5 p0 2 1
264 303 m2 697275 -0.000314223784 0.5 p0 2 1
51 306 m1 13544 0 0.5 p-1 -1307845 355
0 307 m1 14679 0 0.5 p-1 -12546 55
126 308 m1 15215 0 0.5 p-1 -34175 33
52 309 m1 28944 0 0.5 p-1 -163076 52
223 310 m1 51470 0 0.5 p-1 -16976 8
235 311 m1 51689 0 0.5 p-1 -8669 3
109 312 m1 63499 0 0.5 p-1 -842162 286
110 313 m1 63935 0 0.5 p-1 -65759 34
112 314 m1 67931 0 0.5 p-1 -4169247 409
5 315 m1 72689 0 0.5 p-1 -1029395 72
6 316 m1 84142 0 0.5 p-1 -875098 118
7 318 m1 127179 0 0.5 p-1 -6372235 1769
78 319 m1 133087 0 0.5 p-1 -9908909 821
201 320 m1 139510 0 0.5 p-1 -45427 7
253 321 m1 142727 0 0.5 p-1 -310 3
79 323 m1 150600 0 0.5 p-1 -3095856 724
245 324 m1 159428 0 0.5 p-1 -302818 4
68 325 m1 163002 0 0.5 p-1 -67544 68
208 328 m1 203269 0 0.5 p-1 -5205 8
14 329 m1 203385 0 0.5 p-1 -8923973 1903
57 330 m1 209900 0 0.5 p-1 -1091456 175
178 331 m1 217391 0 0.5 p-1 -131021 54
218 333 m1 221665 0 0.5 p-1 -22149 9
144 335 m1 256251 0 0.5 p-1 -42066 14
113 336 m1 256492 0 0.5 p-1 -2680868 489
243 338 m1 269899 0 0.5 p-1 -3105 2
227 340 m1 293253 0 0.5 p-1 -31557 10
272 342 m1 324108 0 0.5 p-1 -110668 1
205 345 m1 360248 0 0.5 p-1 -20492 15
24 347 m1 394412 0 0.5 p-1 -1190916 838
222 348 m1 404213 0 0.5 p-1 -22407 7
216 349 m1 405396 0 0.5 p-1 -44442 23
26 350 m1 429927 0 0.5 p-1 -5637792 1441
29 352 m1 484761 0 0.5 p-1 -3734240 130
61 353 m1 488725 0 0.5 p-1 -1609842 549
265 354 m1 495979 0 0.5 p-1 -3612 4
129 355 m1 531837 0 0.5 p-1 -160838 29
73 357 m1 559658 0 0.5 p-1 -2160574 248
62 358 m1 562380 0 0.5 p-1 -167251 112
185 359 m1 563939 0 0.5 p-1 -222770 88
33 360 m1 565022 0 0.5 p-1 -11166704 874
74 361 m1 570545 0 0.5 p-1 -497563 289
252 363 m1 590721 0 0.5 p-1 -32526 5
121 364 m1 599426 0 0.5 p-1 -15610 5
266 365 m1 612190 0 0.5 p-1 -1993 3
75 366 m1 635574 0 0.5 p-1 -33841 19
164 367 m1 654919 0 0.5 p-1 -65699 7
35 368 m1 655069 0 0.5 p-1 -5940017 1485
186 369 m1 655874 0 0.5 p-1 -6076 8
226 370 m1 681689 0 0.5 p-1 -6680 9
116 371 m1 689198 0 0.5 p-1 -3336165 150
181 374 m1 726326 0 0.5 p-1 -4040581 17
146 375 m1 748116 0 0.5 p-1 -1660708 242
123 376 m1 753890 0 0.5 p-1 -161309 59
140 377 m1 768995 0 0.5 p-1 -1639 11
76 378 m1 781002 0 0.5 p-1 -3975919 1170
246 380 m1 791348 0 0.5 p-1 -6136 6
149 381 m1 793919 0 0.5 p-1 -1380959 102
148 382 m1 798894 0 0.5 p-1 -3218238 106
108 384 m1 826626 0 0.5 p-1 -123162 21
41 385 m1 826945 0 0.5 p-1 -5545992 1860
244 386 m1 846561 0 0.5 p-1 -33535 6
44 387 m1 870606 0 0.5 p-1 -2243607 1018
46 390 m1 883672 0 0.5 p-1 -2995809 882
257 391 m1 889446 0 0.5 p-1 -43031 2
47 392 m1 892539 0 0.5 p-1 -6094372 1024
165 393 m1 917885 0 0.5 p-1 -2643 2
237 394 m1 918381 0 0.5 p-1 -248286 19
143 397 m1 996967 0 0.5 p-1 -126021 62
Individuals:
